0 0 0 0 1 1 1 1 1 1 1 1 1 1 1 1 1 1 1 1 1 1 1 1 1 1 1 1 1 1 1 1 1 1 1 1 1 1 1 1 1 1 1 1 1 1 1 1 1 1 1 1 0 0 0 
0 0 0 0 1 1 1 1 1 0.999999 1 1 1 1 0.999999 1 1 0.999999 1 1 1 1 0.999999 1 1 0.999999 1 1 1 1 0.999999 1 1 0.999999 1 1 1 1 0.999999 1 1 0.999999 1 1 1 1 0.999999 1 1 1 1 1 0 0 0 
0 0 0 0 1 1 1 1 1 1 1 1 1 1 0.999999 1 1 0.999999 1 1 1 1 0.999999 1 1 0.999999 1 1 1 1 0.999999 1 1 0.999999 1 1 1 1 0.999999 1 1 0.999999 1 1 1 1 1 1 1 1 1 1 0 0 0 
0 0 0 0 1 1 1 1 1 1 1 1 1 1 0.999999 1 1 0.999999 1 1 1 1 0.999999 1 1 0.999999 1 1 1 1 0.999999 1 1 0.999999 1 1 1 1 0.999999 1 1 0.999999 1 1 1 1 1 1 1 1 1 1 0 0 0 
1 1 1 1 1 1 1 1 1 0.999999 1 1 1 1 0.999999 1 1 0.999999 1 1 1 1 0.999999 1 1 0.999999 1 1 1 1 0.999999 1 1 0.999999 1 1 1 1 0.999999 1 1 1 1 1 1 1 0.999999 1 1 1 1 1 1 1 1 
1 1 1 1 1 1 1 1 1 0.999999 1 1 1 1 0.999999 1 1 0.999999 1 1 1 1 0.999999 1 1 0.999999 1 1 1 1 0.999999 1 1 0.999999 1 1 1 1 0.999999 1 1 1 1 1 1 1 0.999999 1 1 1 1 1 1 1 1 
1 1 1 1 1 1 1 1 1 0.999999 1 1 1 1 0.999999 1 1 0.999999 1 1 1 1 0.999999 1 1 0.999999 1 1 1 1 0.999999 1 1 0.999999 1 1 1 1 0.999999 1 1 0.999999 1 1 1 1 0.999999 1 1 1 1 1 1 1 1 
1 1 1 1 1 1 1 1 1 1 1 1 1 1 1 1 1 1 1 1 1 1 1 1 1 1 1 1 1 1 1 1 1 1 1 1 1 1 1 1 1 1 1 1 1 1 1 1 1 1 1 1 1 1 1 
1 1 1 1 1 1 1 1 1 0.999999 1 1 1 1 0.999999 1 1 0.999999 1 1 1 1 0.999999 1 1 0.999999 1 1 1.00035 1.00035 1.00035 1.00035 1 0.999999 1 1 1.00035 1.00035 1.00035 1.00035 1 1 1 1 1 1 1 1 1 1 1 1 1 1 1 
1 0.999999 1 1 0.999999 0.999999 0.999999 1 1 0.999999 1 1 1 1 0.999999 1 1 0.999999 1 1 1 1 0.999999 1 1 0.999999 1 1 1 1 0.999999 1 1 0.999999 1 1 1 1 0.999999 1 1 0.999999 1 1 0.999999 1 0.999999 0.999999 1 0.999999 0.999999 0.999999 1 1 0.999999 
1 1 1 1 1 1 1 1 1 0.999999 1 1 1 1 0.999999 1 1 0.999999 1 1 1 1 0.999999 1 1 0.999999 1 1 1 1 0.999999 1 1 0.999999 1 1 1 1 0.999999 1 1 1 1 1 1 1 1 1 1 1 1 1 1 1 1 
1 1 1 1 1 1 1 1 1 0.999999 1 1 1 1 0.999999 1 1 0.999999 1 1 1 1 0.999999 1 1 0.999999 1 1 1 1 0.999999 1 1 0.999999 1 1 1 1 0.999999 1 1 1 1 1 1 1 1 1 1 1 1 1 1 1 1 
1 1 1 1 1 1 1 1 1 1 1 1 1 1 0.999999 1 1 0.999999 1 1 1 1 0.999999 1 1 0.999999 1 1 1 1 0.999999 1 1 0.999999 1 1 1 1 0.999999 1 1 1 1 1 1 1 0.999999 1 1 1 1 1 1 1 1 
1 1 1 1 1 1 1 1 1 1 1 1 1 1 0.999999 1 1 0.999999 1 1 1 1 0.999999 1 1 0.999999 1 1 1 1 0.999999 1 1 0.999999 1 1 1 1 0.999999 1 1 1 1 1 1 1 0.999999 1 1 1 1 1 1 1 1 
1 0.999999 0.999999 0.999999 0.999999 0.999999 0.999999 1 0.999999 0.999999 1 0.999999 1 1 0.999999 1 1 0.999999 1 1 1 1 0.999999 1 1 0.999999 1 1 1 1 0.999999 1 1 0.999999 1 1 1 1 0.999999 1 0.999999 0.999999 1 0.999999 1 1 0.999999 1 1 0.999999 1 1 0.999999 0.999999 0.999999 
1 1 1 1 1 1 1 1 1 1 1 1 1 1 0.999999 1 1 0.999999 1 1 1 1 0.999999 1 1.00035 1.00035 1.00035 1.00035 1.00035 1.00035 1.00035 1.00035 1.00035 1.00035 1.00035 1.00035 1.00035 1.00035 1.00035 1.00035 1 1 1 1 1 1 1.00035 1.00035 1 1 1 1 1 1 1 
1 1 1 1 1 1 1 1 1 1 1 1 1 1 1 1 35.0001 35 35.0004 35.0004 35.0004 35.0004 35.0001 35.0006 1.00021 1.00021 1.00021 1.00021 35.0004 35.0004 1.00021 1.00021 1.00021 1.00021 1.00021 1.00021 1.00021 1.00021 35 35.0004 1 1 1 1 1 1 1.00021 1.00021 1 1 1 1 1 1 1 
1 0.999999 0.999999 0.999999 0.999999 0.999999 0.999999 1 0.999999 0.999999 1 0.999999 0.999999 0.999999 0.999999 0.999999 34.9998 34.9996 35 35 35 35 34.9998 35.0002 0.998805 0.998804 0.998805 0.998805 35 35 0.998804 0.998805 0.998805 0.998804 0.998805 0.998805 0.998805 0.998805 34.9996 35 0.999999 0.999999 1 0.999999 0.999999 1 0.998804 0.998805 1 0.999999 0.999999 0.999999 0.999999 0.999999 0.999999 
1 1 1 1 1 1 1 1 1 1 1 1 1 1 1 1 34.7634 34.7633 34.7637 34.7637 34.7637 34.7637 34.7634 34.7639 0.99979 0.999789 0.999789 0.999789 34.7637 34.7637 0.999789 0.99979 0.99979 0.999789 0.999789 0.999789 0.999789 0.999789 34.7633 34.7637 1 1 1 1 1 1 0.999789 0.99979 1 1 1 1 1 1 1 
1 1 1 1 1 1 1 1 1 1 1 1 1 1 1 1 1.23698 1.23698 1.23698 1.23698 1.23698 1.23698 1.23698 1.23698 1.00021 1.00021 1.00021 1.00021 1.23698 1.23698 1.00021 1.00021 1.00021 1.00021 1.00021 1.00021 1.00021 1.00021 1.23698 1.23698 1 1 1 1 1 1 1.00021 1.00021 1 1 1 1 1 1 1 
1 1 1 1 1 1 1 1 1.23698 0.999999 1 1 1 1 0.999999 1.23698 1.23698 1.23698 1.23698 1.23698 1.23698 1.23698 1.23698 1.23698 1.23698 1.23698 1.23698 1.23698 1.00021 1.00021 1.00021 1.00021 1.23698 1.23698 1.23698 1.23698 1.23698 1.23698 1.23698 1.23698 1.00021 1.00021 1 1 1 1 1 1 1 1 1 1 1 1 1 
1 1 1 1 1 1 1 1 34.5283 1.23592 1 1 1 1 1.23592 34.5283 34.7639 34.7634 34.7637 34.7637 34.7637 34.7637 34.7634 34.7639 34.7639 34.7634 34.7637 34.7637 0.999789 0.999789 0.999789 0.99979 34.7637 34.7633 34.7637 34.7637 34.7637 34.7637 34.7633 34.7637 0.99979 0.999789 1.00042 1.00042 1 1 1 1 1 1 1 1 1 1 1 
1 0.999999 0.999999 0.999999 0.999999 0.999999 0.999999 1 34.7646 1.23592 0.999999 0.999999 0.999999 0.999999 1.23592 34.7646 35.0002 34.9998 35 35 35 35 34.9998 35.0002 35.0002 34.9998 35 35 0.998805 0.998805 0.998804 0.998805 35 34.9996 35 35 35 35 34.9996 35 0.998805 0.998804 1.00042 1.00042 0.999999 1 0.999999 0.999999 1 0.999999 0.999999 0.999999 0.999999 0.999999 0.999999 
1 1 1 1 1 1 1 1 34.765 1.23592 1 1 1 1 1.23592 34.765 35.0006 35.0001 35.0004 35.0004 35.0004 35.0004 35.0001 35.0006 35.0006 35.0001 35.0004 35.0004 1.00021 1.00021 1.00021 1.00021 35.0004 35 35.0004 35.0004 35.0004 35.0004 35 35.0004 1.00021 1.00021 1.00042 1.00042 1 1 1 1 1 1 1 1 1 1 1 
1 1 1 1 1 1 1 1 0.999649 1 1 1 1 1 1.23592 34.7646 35.0002 34.9998 35 35 35 35 34.9998 35.0002 35.0002 34.9998 35 35 35.0002 35.0002 35 35.0005 35 34.9996 35 35 35 35 34.9996 35 35.0004 34.7639 1.00042 1.00042 1.00042 1.00042 34.7639 35.0004 1.00023 1 1 1 1 1 1 
1 0.999999 0.999999 0.999999 0.999999 0.999999 0.999999 1 0.999648 0.999999 0.999999 0.999999 0.999999 0.999999 1.23592 34.7643 34.9999 34.9994 34.9996 34.9996 34.9996 34.9996 34.9994 34.9999 34.9999 34.9994 34.9996 34.9996 34.9998 34.9998 34.9995 35 34.9996 34.9993 34.9996 34.9996 34.9996 34.9996 34.9993 34.9996 35 34.7635 1.00042 1.00042 1.00042 1.00042 34.7635 35 1.00023 0.999999 0.999999 0.999999 0.999999 0.999999 0.999999 
1 1 1 1 1 1 1 1 0.999649 1 1 1 1 1 1.23592 34.7646 35.0002 34.9998 35 35 35 35 34.9998 35.0002 35.0002 34.9998 35 35 35 35 34.9998 35.0002 35 34.9996 35 35 35 35 34.9996 35 35.0004 34.7639 1.00042 1.00042 1.00042 1.00042 34.7639 35.0004 1.00023 1 1 1 1 1 1 
1 1 1 1 1 1 1 1 0.999649 1 1 1 1 1 1.23592 34.7646 35.0002 34.9998 35 35 35 35 34.9998 35.0002 35.0002 34.9998 35 35 35 35 34.9998 35.0002 35 34.9996 35 35 35 35 34.9996 35 35.0004 34.7639 1.00042 1.00042 1.00042 1.00042 34.7639 35.0004 1.00023 1 1 1 1 1 1 
1 1 1 1 1 1 1 1 0.999649 1 1.00035 1 1 1.00035 1 0.999649 35.0002 34.9998 35 35 35 35 34.9998 35.0002 35.0002 34.9998 35 35 35 35 34.9998 35.0002 35.0002 34.9998 35 35 35 35 34.9996 35 35.0004 34.7639 1.00042 1.00042 1.00042 1.00042 34.7639 35.0004 1.00023 1 1 1 1 1 1 
1 1 1 1 1 1 1 1 0.999649 1 1.00035 1 1 1.00035 1 0.999649 35.0002 34.9998 35 35 35 35 34.9998 35.0002 35.0002 34.9998 35 35 35 35 34.9998 35.0002 35.0002 34.9998 35 35 35 35 34.9996 35 35.0004 34.7639 1.00042 1.00042 1.00042 1.00042 34.7639 35.0004 1.00023 1 1 1 1 1 1 
1 0.999999 0.999999 0.999999 0.999999 0.999999 0.999999 1 0.999648 0.999999 1.00035 0.999999 0.999999 1.00035 0.999999 0.999648 35 34.9995 34.9996 34.9996 34.9996 34.9996 34.9994 34.9999 35 34.9995 34.9998 34.9998 34.9996 34.9996 34.9995 35 34.9999 34.9994 34.9998 34.9998 34.9996 34.9996 34.9993 34.9996 35 34.7635 1.00042 1.00042 1.00042 1.00042 34.7636 35.0001 1.00023 0.999999 0.999999 0.999999 0.999999 0.999999 0.999999 
1 1 1 1 1 1 1 1 0.999649 1 1.00035 1 1 1.00035 1 0.999649 35.0005 35 35 35 35 35 34.9998 35.0002 35.0005 35 35.0002 35.0002 35 35 35 35.0005 35.0002 34.9998 35.0002 35.0002 35 35 34.9996 35 35.0004 34.7639 1.00042 1.00042 1.00042 1.00042 34.7641 35.0006 1.00023 1 1 1 1 1 1 
1 1 1 1 1 1 1 1 0.999649 1 1.00035 1 1 1.00035 1 0.999649 35.0005 35 35.0002 35.0002 35.0002 35.0002 35 35.0005 35.0005 35 35.0002 35.0002 35.0002 35.0002 35 35.0005 35.0005 35 35.0002 35.0002 35.0002 35.0002 35 35.0005 35.0006 34.7641 1.00042 1.00042 1.00042 1.00042 34.7641 35.0006 1.00023 1 1 1 1 1 1 
1 0.999999 0.999999 0.999999 0.999999 0.999999 0.999999 1 0.999648 0.999999 1.00035 0.999999 0.999999 1.00035 0.999999 0.999648 35 34.9995 34.9998 34.9998 34.9998 34.9998 34.9995 35 35 34.9995 34.9998 34.9998 34.9998 34.9998 34.9995 35 35 34.9995 34.9998 34.9998 34.9998 34.9998 34.9995 35 35.0001 34.7636 1.00042 1.00042 1.00042 1.00042 34.7636 35.0001 1.00023 0.999999 0.999999 0.999999 0.999999 0.999999 0.999999 
1 1 1 1 1 1 1 1 0.999649 1 1.00035 1 1 1.00035 1 0.999649 35.0002 34.9998 35 35 35 35 34.9998 35.0002 35.0002 34.9998 35 35 35 35 34.9998 35.0002 35.0002 34.9998 35 35 35 35 34.9998 35.0002 35.0004 34.7639 1.00042 1.00042 1.00042 1.00042 34.7639 35.0004 1.00023 1 1 1 1 1 1 
1 1 1 1 1 1 1 1 0.999649 1 1.00035 1 1 1.00035 1 0.999649 35.0002 34.9998 35 35 35 35 34.9998 35.0002 35.0002 34.9998 35 35 35 35 34.9998 35.0002 35.0002 34.9998 35 35 35 35 34.9998 35.0002 35.0004 34.7639 1.00042 1.00042 1.00042 1.00042 34.7639 35.0004 1.00023 1 1 1 1 1 1 
1 1 1 1 1 1 1 1 0.999649 1 1.00035 1 1 1 1.23592 34.7646 35.0002 34.9998 35 35 35 35 34.9998 35.0002 35.0002 34.9998 35 35 35 35 34.9998 35.0002 35.0002 34.9998 35 35 35 35 34.9998 35.0002 35.0004 34.7639 1.00042 1.00042 1.00042 1.00042 34.7639 35.0004 1.00023 1 1 1 1 1 1 
1 1 1 1 1 1 1 1 0.999649 1 1.00035 1 1 1 1.23592 34.7646 35.0002 34.9998 35 35 35 35 34.9998 35.0002 35.0002 34.9998 35 35 35 35 34.9998 35.0002 35.0002 34.9998 35 35 35 35 34.9998 35.0002 35.0004 34.7639 1.00042 1.00042 1.00042 1.00042 34.7639 35.0004 1.00023 1 1 1 1 1 1 
1 0.999999 0.999999 0.999999 0.999999 0.999999 0.999999 1 0.999648 0.999999 1.00035 0.999999 0.999999 0.999999 1.23592 34.7644 35 34.9995 34.9998 34.9998 34.9998 34.9998 34.9995 35 35 34.9995 34.9998 34.9998 34.9998 34.9998 34.9995 35 35 34.9995 34.9998 34.9998 34.9998 34.9998 34.9995 35 35.0001 34.7636 1.00042 1.00042 1.00042 1.00042 34.7636 35.0001 1.00023 0.999999 0.999999 0.999999 0.999999 0.999999 0.999999 
1 1 1 1 1 1 1 1 0.999649 1 1.00035 1 1 1 1.23592 34.7649 35.0005 35 35.0002 35.0002 35.0002 35.0002 35 35.0005 35.0005 35 35.0002 35.0002 35.0002 35.0002 35 35.0005 35.0005 35 35.0002 35.0002 35.0002 35.0002 35 35.0005 35.0006 34.7641 1.00042 1.00042 1.00042 1.00042 34.7641 35.0006 1.00023 1 1 1 1 1 1 
1 1 1 1 1 1 1 1 34.7649 1.23592 1 1 1 1 1.23592 34.7649 35.0005 35 35.0002 35.0002 35.0002 35.0002 35 35.0005 35.0005 35 35.0002 35.0002 35.0002 35.0002 35 35.0005 35.0005 35 35.0002 35.0002 35.0002 35.0002 35 35.0005 35.0006 34.7641 1.00042 1.00042 1.00042 1.00042 34.7641 35.0006 1.00023 1 1 1 1 1 1 
1 0.999999 0.999999 0.999999 0.999999 0.999999 0.999999 1 34.7644 1.23592 0.999999 0.999999 0.999999 0.999999 1.23592 34.7644 35 34.9995 34.9998 34.9998 34.9998 34.9998 34.9995 35 35 34.9995 34.9998 34.9998 34.9998 34.9998 34.9995 35 35 34.9995 34.9998 34.9998 34.9998 34.9998 34.9995 35 35.0001 34.7636 1.00042 1.00042 1.00042 1.00042 34.7636 35.0001 1.00023 0.999999 0.999999 0.999999 0.999999 0.999999 0.999999 
1 1 1 1 1 1 1 1 34.7646 1.23592 1 1 1 1 1.23592 34.7646 35.0002 34.9998 35 35 35 35 34.9998 35.0002 35.0002 34.9998 35 35 35 35 34.9998 35.0002 35.0002 34.9998 35 35 35 35 34.9998 35.0002 35.0004 34.7639 1.00042 1.00042 1.00042 1.00042 34.7639 35.0004 1.00023 1 1 1 1 1 1 
1 1 1 1 1 1 1 1 34.7646 1.23592 1 1 1 1 1.23592 34.7646 35.0002 34.9998 35 35 35 35 34.9998 35.0002 35.0002 34.9998 35 35 35 35 34.9998 35.0002 35.0002 34.9998 35 35 35 35 34.9998 35.0002 35.0004 34.7639 1.00042 1.00042 1.00042 1.00042 34.7639 35.0004 1.00023 1 1 1 1 1 1 
1 1 1 1 1 1 1 1 34.7646 1.23592 1 1 1 1 1.23592 34.7646 35.0002 34.9998 35 35 35 35 34.9998 35.0002 35.0002 34.9998 35 35 35 35 34.9998 35.0002 35.0002 34.9998 35 35 35 35 34.9998 35.0002 35.0004 34.7639 1.00042 1.00042 1.00042 1.00042 34.7639 35.0004 1.00023 1 1 1 1 1 1 
1 1 1 1 1 1 1 1 34.7646 1.23592 1 1 1 1 1.23592 34.7646 35.0002 34.9998 35 35 35 35 34.9998 35.0002 35.0002 34.9998 35 35 35 35 34.9998 35.0002 35.0002 34.9998 35 35 35 35 34.9998 35.0002 35.0004 34.7639 1.00042 1.00042 1.00042 1.00042 34.7639 35.0004 1.00023 1 1 1 1 1 1 
1 0.999999 0.999999 0.999999 0.999999 0.999999 0.999999 1 34.7644 1.23592 0.999999 0.999999 0.999999 0.999999 1.23592 34.7644 35 34.9995 34.9998 34.9998 34.9998 34.9998 34.9995 35 35 34.9995 34.9998 34.9998 34.9998 34.9998 34.9995 35 35 34.9995 34.9998 34.9998 34.9998 34.9998 34.9995 35 35.0001 34.7636 1.00042 1.00042 1.00042 1.00042 34.7636 35.0001 1.00023 0.999999 0.999999 0.999999 0.999999 0.999999 0.999999 
1 1 1 1 1 1 1 1 34.7649 1.23592 1 1 1 1 1.23592 34.7649 35.0005 35 35.0002 35.0002 35.0002 35.0002 35 35.0005 35.0005 35 35.0002 35.0002 35.0002 35.0002 35 35.0005 35.0005 35 35.0002 35.0002 35.0002 35.0002 35 35.0005 35.0006 34.7641 1.00042 1.00042 1.00042 1.00042 34.7641 35.0006 1.00023 1 1 1 1 1 1 
1 1 1 1 1 1 1 1 0.999649 1 1.00035 1 1 1 1.23592 34.7649 34.9998 34.9996 35.0002 35.0002 35.0002 35.0002 34.9998 35.0002 35.0005 35 35.0002 35.0002 35 35 34.9998 35.0002 35.0002 34.9998 35.0002 35.0002 35 35 34.9996 35 35.0004 34.7639 1.00042 1.00042 1.00042 1.00042 0.999016 0.999911 1.00023 1 1 1 1 1 1 
1 0.999999 0.999999 0.999999 0.999999 0.999999 0.999999 1 0.999648 0.999999 1.00035 0.999999 0.999999 0.999999 1.23592 34.7644 34.9994 34.9993 34.9998 34.9998 34.9998 34.9998 34.9994 34.9999 35 34.9995 34.9998 34.9998 34.9996 34.9996 34.9994 34.9999 34.9999 34.9994 34.9998 34.9998 34.9996 34.9996 34.9993 34.9996 35 34.7635 1.00042 1.00042 1.00042 1.00042 0.999015 0.99991 1.00023 0.999999 0.999999 0.999999 0.999999 0.999999 0.999999 
1 1 1 1 1 1 1 1 0.999649 1 1.00035 1 1 1 1.23592 34.7646 34.9998 34.9996 35 35 35 35 34.9998 35.0002 35.0002 34.9998 35 35 35 35 34.9998 35.0002 35.0002 34.9998 35 35 35 35 34.9996 35 35.0004 34.7639 1.00042 1.00042 1.00042 1.00042 0.999016 0.999911 1.00023 1 1 1 1 1 1 
1 1 1 1 1 1 1 1 0.999649 1 1.00035 1 1 1 1.23592 34.7646 34.9998 34.9996 35 35 35 35 34.9998 35.0002 35.0002 34.9998 35 35 35 35 34.9998 35.0002 35.0002 34.9998 35 35 35 35 34.9996 35 35.0004 34.7639 1.00042 1.00042 1.00042 1.00042 0.999016 0.999911 1.00023 1 1 1 1 1 1 
1 1 1 1 1 1 1 1 0.999649 1 1.00035 1 1 1.00035 1 0.999649 34.9998 34.9996 35 35 35 35 34.9996 34.9998 35.0002 34.9998 35 35 35 35 34.9998 35.0002 35 34.9996 35 35 35 35 34.9996 35 0.999911 0.999016 1.00042 1.00042 1.00042 1.00042 0.999016 0.999911 1.00023 1 1 1 1 1 1 
1 1 1 1 1 1 1 1 0.999649 1 1.00035 1 1 1.00035 1 0.999649 34.9998 34.9996 35 35 35 35 34.9996 34.9998 35.0002 34.9998 35 35 35 35 34.9998 35.0002 35 34.9996 35 35 35 35 34.9996 35 0.999911 0.999016 1.00042 1.00042 1.00042 1.00042 0.999016 0.999911 1.00023 1 1 1 1 1 1 
1 0.999999 0.999999 0.999999 0.999999 0.999999 0.999999 1 0.999648 0.999999 1.00035 0.999999 0.999999 1.00035 0.999999 0.999648 34.9994 34.9993 34.9998 34.9998 34.9996 34.9996 34.9993 34.9994 34.9999 34.9994 34.9996 34.9996 34.9998 34.9998 34.9995 35 34.9996 34.9993 34.9996 34.9996 34.9996 34.9996 34.9993 34.9996 0.99991 0.999015 1.00042 1.00042 1.00042 1.00042 0.999015 0.99991 1.00023 0.999999 0.999999 0.999999 0.999999 0.999999 0.999999 
1 1 1 1 1 1 1 1 0.999649 1 1.00035 1 1 1.00035 1 0.999649 34.9998 34.9996 35.0002 35.0002 35 35 34.9996 34.9998 35.0002 34.9998 35 35 35.0002 35.0002 35 35.0005 35 34.9996 35 35 35 35 34.9996 35 0.999911 0.999016 1.00042 1.00042 1.00042 1.00042 0.999016 0.999911 1.00023 1 1 1 1 1 1 
1 1 1 1 1 1 1 1 1 1 1.00035 1 1 1.00035 1 0.999649 35.0001 35 35.0004 35.0004 1 1 35 35.0001 35.0006 35.0001 35.0004 35.0004 1 1 1 1 1 1 35.0004 35.0004 35.0004 35.0004 35 35.0004 0.999911 0.999016 1.00042 1.00042 1 1.23613 0.999016 0.999911 1.00023 1 1 1 1 1 1 
1 0.999999 0.999999 0.999999 0.999999 0.999999 0.999999 1 0.999999 0.999999 1.00035 0.999999 0.999999 1.00035 0.999999 0.999648 34.9998 34.9996 35 35 0.999649 0.999649 34.9996 34.9998 35.0002 34.9998 35 35 0.999649 0.999649 0.999648 0.999649 0.999649 0.999648 35 35 35 35 34.9996 35 0.99991 0.999015 1.00042 1.00042 0.999999 1.23613 0.999015 0.99991 1.00023 0.999999 0.999999 0.999999 0.999999 0.999999 0.999999 
1 1 1 1 1 1 1 1 1 1 1.00035 1 1 1.00035 1 0.999649 35 34.9999 35.0002 35.0002 0.999789 0.999789 34.9999 35 35.0004 35 35.0002 35.0002 0.999789 0.999789 0.999789 0.99979 0.99979 0.999789 35.0002 35.0002 35.0002 35.0002 34.9999 35.0002 0.999911 0.999016 1.00042 1.00042 1 1.23613 0.999016 0.999911 1.00023 1 1 1 1 1 1 
1 1 1 1 1 1 1 1 1 1 1.00035 1 1 1.00035 1 0.999649 34.7647 34.7646 34.7649 34.7649 1.23508 1.23508 34.7646 34.7647 34.7651 34.7647 34.7649 34.7649 1.23508 1.23508 1.23508 1.23508 1.23508 1.23508 34.7649 34.7649 34.7649 34.7649 34.7646 34.7649 0.999911 0.999016 1.00042 1.00042 1 1.23613 0.999016 0.999911 1.00023 1 1 1 1 1 1 
1 1 1 1 1 1 1 1 1 1 1.00035 1 1 1 1 1 34.7647 34.7646 1.23508 1.23508 1.23508 1.23508 34.7647 34.7651 1.23508 1.23508 1.23508 1.23508 1.23508 1.23508 1.23508 1.23508 1.23508 1.23508 1.23508 1.23508 1.23508 1.23508 1.23508 1.23508 1 1 1 1 1.00042 1.00042 0.999016 0.999911 1.00023 1 1 1 1 1 1 
1 1 1 1 1 1 1 1 1 1 1.00035 1 1 1 1 1 35 34.9999 0.999789 0.999789 0.999789 0.999789 35 35.0004 0.99979 0.999789 0.999789 0.999789 0.999789 0.999789 0.999789 0.99979 0.99979 0.999789 0.999789 0.999789 0.999789 0.999789 0.999789 0.99979 1 1 1 1 1.00042 1.00042 0.999016 0.999911 1.00023 1 1 1 1 1 1 
1 0.999999 0.999999 0.999999 0.999999 0.999999 0.999999 1 0.999999 0.999999 1.00035 0.999999 0.999999 1 0.999999 0.999999 34.9998 34.9996 0.999649 0.999649 0.999649 0.999649 34.9998 35.0002 0.999649 0.999648 0.999649 0.999649 0.999649 0.999649 0.999648 0.999649 0.999649 0.999648 0.999649 0.999649 0.999649 0.999649 0.999648 0.999649 0.999999 0.999999 1 0.999999 1.00042 1.00042 0.999015 0.99991 1.00023 0.999999 0.999999 0.999999 0.999999 0.999999 0.999999 
1 1 1 1 1 1 1 1 1 1 1.00035 1 1 1 1 1 35.0001 35 1 1 1 1 35.0001 35.0006 1 1 1 1 1 1 1 1 1 1 1 1 1 1 1 1 1 1 1 1 1.00042 1.00042 0.999016 0.999911 1.00023 1 1 1 1 1 1 
1 1 1 1 1 1 1 1 1 1 1 1 1 1 1 1 1.00035 1.00035 1.00035 1.00035 1.00035 1.00035 1.00035 1.00035 1.00035 1.00035 1.00035 1.00035 1.00035 1.00035 1.00035 1.00035 1.00035 1.00035 1.00035 1.00035 1.00035 1.00035 1.00035 1.00035 1 1 1 1 1 1 1 1 1 1 1 1 1 1 1 
1 0.999999 0.999999 0.999999 1 1 0.999999 1 0.999999 0.999999 1 1 0.999999 1 0.999999 0.999999 1 0.999999 1 1 1 1 0.999999 1 1 0.999999 1 1 1 1 0.999999 1 1 0.999999 1 1 1 1 0.999999 1 0.999999 0.999999 1 0.999999 1 1 0.999999 1 1 0.999999 1 1 0.999999 0.999999 0.999999 
1 1 1 1 1 1 1 1 1 1 1 1 1 1 1 1 1 0.999999 1 1 1 1 0.999999 1 1 0.999999 1 1 1 1 0.999999 1 1 0.999999 1 1 1 1 0.999999 1 1 1 1 1 1 1 1 1 1 1 1 1 1 1 1 
1 1 1 1 1 1 1 1 1 1 1 1 1 1 1 1 1 0.999999 1 1 1 1 0.999999 1 1 0.999999 1 1 1 1 0.999999 1 1 0.999999 1 1 1 1 0.999999 1 1 1 1 1 1 1 1 1 1 1 1 1 1 1 1 
1 1 1 1 1 1 1 1 1 1 1 1 1 1 1 1 1 0.999999 1 1 1 1 0.999999 1 1 0.999999 1 1 1 1 0.999999 1 1 0.999999 1 1 1 1 0.999999 1 1 1 1 1 1 1 1 1 1 1 1 1 1 1 1 
1 1 1 1 1 1 1 1 1 1 1 1 1 1 1 1 1 0.999999 1 1 1 1 0.999999 1 1 0.999999 1 1 1 1 0.999999 1 1 0.999999 1 1 1 1 0.999999 1 1 1 1 1 1 1 1 1 1 1 1 1 1 1 1 
1 0.999999 1 1 1 1 0.999999 1 0.999999 0.999999 1 1 1 1 0.999999 1 1 0.999999 1 1 1 1 0.999999 1 1 0.999999 1 1 1 1 0.999999 1 1 0.999999 1 1 1 1 0.999999 1 1 0.999999 1 1 1 1 0.999999 1 1 0.999999 1 1 1 1 0.999999 
1 1 1 1 1 1 1 1 1 1 1 1 1 1 1 1 1 0.999999 1 1 1.00035 1.00035 1.00035 1.00035 1 0.999999 1 1 1.00035 1.00035 1.00035 1.00035 1.00035 1.00035 1.00035 1.00035 1 1 0.999999 1 1 1 1 1 1 1 1 1 1 1 1 1 1 1 1 
1 1 1 1 1 1 1 1 1 1 1 1 1 1 1 1 1 1 1 1 1 1 1 1 1 1 1 1 1 1 1 1 1 1 1 1 1 1 1 1 1 1 1 1 1 1 1 1 1 1 1 1 1 1 1 
1 1 1 1 1 1 1 1 1 0.999999 1 1 1 1 0.999999 1 1 0.999999 1 1 1 1 0.999999 1 1 0.999999 1 1 1 1 0.999999 1 1 0.999999 1 1 1 1 0.999999 1 1 0.999999 1 1 1 1 0.999999 1 1 1 1 1 1 1 1 
1 1 1 1 1 1 1 1 1 0.999999 1 1 1 1 1 1 1 0.999999 1 1 1 1 0.999999 1 1 0.999999 1 1 1 1 0.999999 1 1 0.999999 1 1 1 1 0.999999 1 1 1 1 1 1 1 1 1 1 1 1 1 1 1 1 
1 1 1 1 1 1 1 1 1 0.999999 1 1 1 1 1 1 1 0.999999 1 1 1 1 0.999999 1 1 0.999999 1 1 1 1 0.999999 1 1 0.999999 1 1 1 1 0.999999 1 1 1 1 1 1 1 1 1 1 1 1 1 1 1 1 
0 0 0 0 1 1 1 1 1 1 1 1 1 1 0.999999 1 1 0.999999 1 1 1 1 0.999999 1 1 0.999999 1 1 1 1 0.999999 1 1 0.999999 1 1 1 1 0.999999 1 1 0.999999 1 1 1 1 1 1 1 1 1 1 0 0 0 
0 0 0 0 1 1 1 1 1 1 1 1 1 1 0.999999 1 1 0.999999 1 1 1 1 0.999999 1 1 0.999999 1 1 1 1 0.999999 1 1 0.999999 1 1 1 1 0.999999 1 1 0.999999 1 1 1 1 1 1 1 1 1 1 0 0 0 
0 0 0 0 1 1 1 1 1 0.999999 1 1 1 1 0.999999 1 1 0.999999 1 1 1 1 0.999999 1 1 0.999999 1 1 1 1 0.999999 1 1 0.999999 1 1 1 1 0.999999 1 1 0.999999 1 1 1 1 0.999999 1 1 1 1 1 0 0 0 
