0 0 0 0 1.00004 1.00001 1.00099 1.03378 1.38298 1.05334 1.00333 1.00011 1.00011 1.00336 1.05384 1.38631 1.70171 1.87166 2.0753 2.09599 2.08988 2.06815 1.86453 1.6969 1.46236 2.09671 4.87418 5.69668 5.62449 4.80587 2.07399 1.45648 1.66129 1.70324 1.16211 1.02576 1.0253 1.15825 1.69222 1.65077 1.06435 1.02107 1.00183 1.00005 1.00005 1.00184 1.02124 1.06497 1.00705 1.00028 1.00002 1.00005 0 0 0 
0 0 0 0 0.999997 0.999985 0.999986 1.00128 1.01987 1.00163 0.999998 0.99997 0.99997 0.999997 1.00162 1.01987 1.03897 1.04979 1.06948 1.07046 1.07061 1.0696 1.04985 1.03893 1.03002 1.1284 1.76148 1.88454 1.86353 1.74096 1.12441 1.02925 1.04631 1.0481 1.00643 1.00056 1.00058 1.00653 1.04841 1.04661 1.00191 1.00063 1.00005 0.999988 0.999987 1.00005 1.00063 1.00192 1.00026 0.999977 0.999992 0.999996 0 0 0 
0 0 0 0 1 1 0.999991 1.00004 1.00033 0.999936 0.999982 0.999999 0.999999 0.999982 0.999935 1.00032 1.00076 1.00089 1.00152 1.00153 1.00154 1.00153 1.0009 1.00075 1.00113 1.00877 1.09 1.10009 1.09687 1.08689 1.00842 1.00109 1.00109 1.00088 1.0001 0.999984 0.999986 1.00011 1.00091 1.00112 1.00001 0.999942 0.999991 1 1 0.999991 0.999942 1.00001 1.00002 0.999992 1 1 0 0 0 
0 0 0 0 1 1 0.999996 1.00004 0.999972 0.999942 1 1 1 1 0.999942 0.999972 1.00001 0.999912 0.999979 0.999976 0.999978 0.999981 0.999912 1.00001 1.00002 1.00021 1.00475 1.00518 1.00497 1.00451 1.00019 1.00002 1.00004 0.999943 0.999979 0.999994 0.999994 0.999979 0.999945 1.00004 1.00001 0.999945 1 1 1 1 0.999945 1.00001 1.00005 0.999996 1 1 0 0 0 
1.00004 0.999996 1 1 1 1 0.999996 1.00004 0.999972 0.999942 1 1 1 1 0.999942 0.999972 1.00001 0.999912 0.999981 0.999978 0.999976 0.999979 0.999912 1.00001 1.00002 1.00021 1.00475 1.00518 1.00518 1.00475 1.00021 1.00002 1.00004 0.999945 0.999979 0.999994 0.999994 0.999979 0.999945 1.00004 1.00001 0.999945 1 1 1 1 0.999945 1.00001 1.00005 0.999996 1 1 1 1 0.999996 
1.00004 0.999991 1 1 1 1 0.999991 1.00004 1.00032 0.999935 0.999982 0.999999 0.999999 0.999982 0.999935 1.00032 1.00075 1.0009 1.00153 1.00154 1.00153 1.00152 1.0009 1.00075 1.00113 1.00877 1.09 1.10009 1.10009 1.09 1.00877 1.00113 1.00112 1.00091 1.00011 0.999986 0.999986 1.00011 1.00091 1.00112 1.00001 0.999942 0.999991 1 1 0.999991 0.999942 1.00001 1.00002 0.999992 1 1 1 1 0.999992 
1.00128 0.999986 0.999985 0.999997 0.999997 0.999985 0.999986 1.00128 1.01987 1.00162 0.999997 0.99997 0.99997 0.999997 1.00162 1.01987 1.03893 1.04985 1.0696 1.07061 1.07046 1.06948 1.04985 1.03893 1.03002 1.1284 1.76148 1.88454 1.88454 1.76148 1.1284 1.03002 1.04661 1.04841 1.00653 1.00058 1.00058 1.00653 1.04841 1.04661 1.00192 1.00063 1.00005 0.999987 0.999987 1.00005 1.00063 1.00192 1.00026 0.999977 0.999992 0.999996 0.999996 0.999992 0.999977 
1.03378 1.00099 1.00001 1.00004 1.00004 1.00001 1.00099 1.03378 1.38631 1.05384 1.00336 1.00011 1.00011 1.00336 1.05384 1.38631 1.6969 1.86453 2.06815 2.08988 2.09599 2.0753 1.86453 1.6969 1.46236 2.09671 4.87418 5.69668 5.69668 4.87418 2.09671 1.46236 1.65077 1.69222 1.15825 1.0253 1.0253 1.15825 1.69222 1.65077 1.06497 1.02124 1.00184 1.00005 1.00005 1.00184 1.02124 1.06497 1.00705 1.00028 1.00002 1.00005 1.00005 1.00002 1.00028 
1.65941 1.05332 1.00199 1 1 1.00209 1.05528 1.67781 4.07911 1.76317 1.06915 1.00328 1.00343 1.07107 1.76317 4.07911 6.3646 7.48105 8.06484 8.17783 8.51434 8.40389 7.60603 6.46151 4.71222 6.00293 10.7605 13.4475 13.4844 10.7643 5.97572 4.68506 6.30952 6.56981 3.66585 1.79254 1.81458 3.7133 6.5904 6.34362 2.05904 1.34762 1.03605 1.00197 1.00182 1.03858 1.31426 1.96657 1.11504 1.00325 0.999991 1.00001 1.00001 0.999991 1.00335 
1.08034 1.00472 1.00008 0.999928 0.999928 1.00008 1.00468 1.08026 1.43599 1.06312 1.00312 0.999967 0.999966 1.0031 1.06312 1.43599 1.77595 1.95872 2.1729 2.19054 2.17951 2.15972 1.95715 1.77491 1.49828 1.98545 3.8682 4.47722 4.54111 3.93077 2.00439 1.50258 1.83903 1.88885 1.28852 1.04512 1.04529 1.28667 1.87376 1.82651 1.07971 1.01546 1.00054 0.999949 0.999942 1.00062 1.01402 1.07397 1.00487 0.999979 0.999934 0.99995 0.99995 0.999934 0.99999 
1.0041 1.00013 0.999971 0.999999 0.999999 0.999971 1.00013 1.0041 1.02502 1.0021 0.999972 0.999978 0.999978 0.999969 1.0021 1.02502 1.04683 1.05863 1.08079 1.08197 1.08029 1.07901 1.05862 1.04681 1.03267 1.12419 1.5747 1.64518 1.66207 1.59351 1.12859 1.03331 1.07043 1.07754 1.01517 1.00108 1.00107 1.01489 1.07566 1.06891 1.00263 1.00006 0.999996 0.999997 0.999999 0.999995 1.00002 1.00235 1.00012 0.999984 0.999999 1 1 0.999999 0.999983 
1.00015 0.999963 0.999997 1 1 0.999997 0.999963 1.00015 1.00056 0.999944 0.999984 1 1 0.999985 0.999944 1.00056 1.00112 1.0013 1.00209 1.00214 1.00204 1.00199 1.0013 1.00112 1.00116 1.00862 1.0747 1.07603 1.07862 1.07763 1.009 1.0012 1.00271 1.0032 1.00033 0.999963 0.999962 1.00032 1.00304 1.00259 1.00001 0.999962 1 1 1 1 0.999963 1 1.00003 0.999995 1 1 1 1 0.999995 
1.00015 0.999963 0.999997 1 1 0.999997 0.999963 1.00015 1.00056 0.999944 0.999985 1 1 0.999985 0.999944 1.00056 1.00112 1.0013 1.00199 1.00204 1.00204 1.00199 1.0013 1.00112 1.0012 1.009 1.07763 1.07862 1.07862 1.07763 1.009 1.0012 1.00259 1.00304 1.00032 0.999962 0.999962 1.00032 1.00304 1.00259 1 0.999963 1 1 1 1 0.999962 1.00001 1.00003 0.999995 1 1 1 1 0.999995 
1.0041 1.00013 0.999971 0.999999 0.999999 0.999971 1.00013 1.0041 1.02502 1.0021 0.999969 0.999978 0.999978 0.999969 1.0021 1.02502 1.04681 1.05862 1.07901 1.08029 1.08029 1.07901 1.05862 1.04681 1.03331 1.12859 1.59351 1.66207 1.66207 1.59351 1.12859 1.03331 1.06891 1.07566 1.01489 1.00107 1.00107 1.01492 1.07571 1.06894 1.00235 1.00002 0.999995 0.999999 0.999997 0.999996 1.00006 1.00263 1.00013 0.999983 0.999999 1 1 0.999999 0.999984 
1.08026 1.00468 1.00008 0.999928 0.999928 1.00008 1.00468 1.08026 1.43655 1.06342 1.0031 0.999966 0.999966 1.0031 1.06312 1.43599 1.77491 1.95715 2.15972 2.17951 2.17951 2.15972 1.95715 1.77491 1.50258 2.00439 3.93077 4.54111 4.54111 3.93077 2.00439 1.50258 1.82651 1.87376 1.28667 1.04529 1.04531 1.28674 1.87385 1.82648 1.07397 1.01402 1.00062 0.999942 0.999949 1.00054 1.01546 1.07971 1.005 0.99999 0.999934 0.99995 0.99995 0.999934 0.999979 
1.67781 1.05528 1.00209 1 1 1.00209 1.05528 1.67781 4.18991 1.79854 1.07107 1.00343 1.00343 1.07107 1.76317 4.07911 6.46151 7.60603 8.40389 8.51434 8.51434 8.40389 7.60603 6.46151 4.68506 5.97572 10.7643 13.4844 13.4844 10.7643 5.97572 4.68506 6.34362 6.5904 3.7133 1.81458 1.81297 3.71167 6.58977 6.34233 1.96657 1.31426 1.03858 1.00182 1.00197 1.03605 1.34762 2.05904 1.11553 1.00335 0.999991 1.00001 1.00001 0.999983 1.00325 
7.15105 2.01364 1.07614 1.00233 1.00228 1.07566 2.01399 7.19463 16.5875 7.3866 2.14739 1.12111 1.12123 2.14802 7.37571 16.4865 23.0851 26.9151 27.5741 27.7056 27.7056 27.5741 26.9151 23.0851 14.2843 15.0716 21.0068 24.9884 24.9884 21.0068 15.1828 14.4242 15.6274 16.4328 11.2662 6.2082 6.20679 11.2656 16.4317 15.6267 6.12787 3.5515 1.55039 1.05699 1.05984 1.62441 3.46051 6.18537 2.79941 1.17885 1.0083 1.0001 1.0001 1.00805 1.17885 
8.55035 2.25794 1.09881 1.00308 1.003 1.09787 2.25438 8.57469 19.4744 9.01532 2.4478 1.16065 1.16084 2.44903 9.00484 19.5199 25.5178 30.9019 31.8376 31.9434 31.9434 31.8376 30.9019 25.5178 13.4176 13.2979 21.2757 27.571 27.571 21.2757 13.2092 13.3571 17.1395 18.9753 10.9834 3.9296 3.92831 10.9838 18.9747 17.1429 5.05181 2.35945 1.21291 1.01643 1.01613 1.20244 2.36099 5.27204 1.89744 1.07312 1.00295 0.999969 0.999959 1.00274 1.07312 
6.60628 1.89571 1.06647 1.00197 1.00193 1.06586 1.89335 6.62476 15.5575 7.11184 2.05719 1.10892 1.10904 2.05792 7.10614 15.5723 19.8548 23.8822 24.7256 24.8099 24.8099 24.7256 23.8822 19.8548 9.42865 9.31505 16.6643 21.3423 21.3423 16.6643 9.2514 9.36929 13.6502 15.1922 8.48967 2.89853 2.89757 8.48777 15.192 13.6541 3.86049 1.81569 1.11347 1.00779 1.0075 1.10458 1.82421 4.03409 1.54548 1.03902 1.00141 1.00001 1.00001 1.00127 1.03902 
3.18657 1.21745 1.00946 1.00008 1.00008 1.00936 1.21678 3.19032 8.40331 3.19561 1.2234 1.012 1.01202 1.22364 3.19433 8.41785 11.0674 13.6071 13.7185 13.8206 13.8206 13.7185 13.6071 11.0674 4.45053 5.68754 12.8394 16.1008 16.1008 12.8394 5.66137 4.43026 7.87422 8.40755 3.86848 1.38603 1.3859 3.86908 8.40777 7.87469 1.86181 1.13937 1.01094 1.00037 1.00035 1.00989 1.14335 1.93494 1.07478 1.00239 1.00004 0.999994 0.999996 1.00002 1.00239 
3.19032 1.21678 1.00936 1.00008 1.00008 1.00936 1.21678 3.19032 8.41785 3.19433 1.22364 1.01202 1.01202 1.22364 3.19433 8.41785 11.0586 13.5275 13.6626 13.7839 13.8206 13.7185 13.6071 11.0674 4.43026 5.66137 12.8548 16.1104 16.1008 12.8394 5.66137 4.43026 7.87469 8.40777 3.86908 1.3859 1.38603 3.86848 8.40755 7.87422 1.89818 1.13945 1.00989 1.00031 1.00037 1.01094 1.13937 1.86181 1.07062 1.00239 1.00002 0.999996 0.999994 1.00004 1.0024 
6.62476 1.89335 1.06586 1.00193 1.00193 1.06586 1.89335 6.62476 15.5723 7.10614 2.05792 1.10904 1.10904 2.05792 7.10614 15.5723 20.0096 23.9662 24.7741 24.8416 24.8099 24.7256 23.8822 19.8548 9.36929 9.2514 16.6955 21.3697 21.3423 16.6643 9.2514 9.36929 13.6541 15.192 8.48777 2.89757 2.89853 8.48967 15.1922 13.6502 3.94761 1.81062 1.10458 1.00687 1.00779 1.11347 1.81569 3.86049 1.52518 1.03902 1.00127 1.00001 1.00001 1.00141 1.03911 
8.57469 2.25438 1.09787 1.003 1.003 1.09787 2.25438 8.57469 19.5199 9.00484 2.44903 1.16084 1.16084 2.44903 9.00484 19.5199 25.675 30.9208 31.8382 31.9428 31.9434 31.8376 30.9019 25.5178 13.3571 13.2092 21.3069 27.6156 27.571 21.2757 13.2092 13.3571 17.1429 18.9747 10.9838 3.92831 3.9296 10.9834 18.9753 17.1395 5.16203 2.3477 1.20244 1.01505 1.01643 1.21291 2.35945 5.05181 1.86986 1.07312 1.00274 0.999959 0.999969 1.00295 1.07326 
7.19463 2.01399 1.07566 1.00228 1.00228 1.07566 2.01399 7.19463 16.4865 7.37571 2.14802 1.12123 1.12123 2.14802 7.37571 16.4865 23.4709 27.2573 27.7378 27.8627 27.7056 27.5741 26.9151 23.0851 14.4242 15.1828 21.2024 25.1683 24.9884 21.0068 15.1828 14.4242 15.6267 16.4317 11.2656 6.20679 6.2082 11.2662 16.4328 15.6274 6.21273 3.54813 1.62441 1.06439 1.05699 1.55039 3.5515 6.12787 2.74264 1.17885 1.00805 1.0001 1.0001 1.0083 1.1791 
8.62596 2.26524 1.09856 1.00321 1.00321 1.09856 2.2557 8.58353 20.1215 8.2625 2.26433 1.10944 1.10944 2.26433 8.2625 20.1215 31.2686 33.6862 34.3088 34.3813 34.2759 34.208 33.6437 31.2552 27.7336 28.4344 31.5912 33.2749 33.3281 31.6804 28.4344 27.7336 28.6872 29.8307 28.369 26.9587 27.1133 28.3694 30.0642 28.9022 21.3053 19.0259 9.08848 2.68401 2.69901 9.15384 19.0259 21.3887 10.0641 2.43141 1.11192 1.00336 1.0033 1.11108 2.42513 
9.7994 2.47399 1.1185 1.00388 1.00388 1.1185 2.46408 9.76164 22.7256 9.56089 2.50407 1.1361 1.1361 2.50407 9.56089 22.7256 33.1288 34.4892 34.8284 34.8762 34.8776 34.8332 34.4945 33.2456 32.316 32.4756 33.6281 34.4103 34.4112 33.6304 32.4756 32.316 32.3874 33.7429 33.6023 33.3839 33.3661 33.6028 33.7501 32.3737 23.5256 21.961 10.4391 2.98304 2.99226 10.4651 21.961 23.5004 11.2404 2.65006 1.13053 1.00378 1.00374 1.13007 2.64874 
9.95696 2.49903 1.1204 1.00398 1.00398 1.1204 2.48887 9.91872 23.2443 9.80884 2.54338 1.14039 1.14039 2.54338 9.80884 23.2443 33.6056 34.7141 34.9499 34.9834 34.9839 34.9532 34.7172 33.7127 34.0985 34.2646 34.6268 34.8505 34.8512 34.6286 34.2646 34.0985 33.0732 34.5359 34.7953 34.8037 34.8031 34.7956 34.5521 33.078 24.2413 22.8752 10.8303 3.05073 3.05984 10.8568 22.8752 24.2184 11.5494 2.69997 1.13457 1.00395 1.0039 1.13412 2.69877 
9.88446 2.47231 1.11544 1.00364 1.00364 1.11544 2.46445 9.85676 23.3026 9.78512 2.52982 1.13681 1.13681 2.52982 9.78512 23.3026 33.6809 34.7575 34.9672 34.995 34.9954 34.9693 34.7577 33.7786 34.5636 34.7933 34.9088 34.9671 34.9672 34.909 34.7933 34.5636 33.1807 34.6612 34.9437 34.9748 34.9749 34.9436 34.6713 33.1849 24.461 23.0764 10.8421 3.03255 3.03875 10.8593 23.0764 24.4461 11.5935 2.70841 1.13479 1.00385 1.00382 1.13449 2.70788 
9.85676 2.46445 1.11428 1.00355 1.00364 1.11544 2.46445 9.85676 23.2127 9.73133 2.53565 1.13766 1.13681 2.52982 9.78512 23.3026 33.6809 34.7575 34.9672 34.995 34.995 34.9672 34.7575 33.6809 34.5577 34.7934 34.909 34.9672 34.9671 34.9088 34.7933 34.5636 33.1849 34.6713 34.9463 34.9751 34.975 34.9462 34.6674 33.2428 24.4461 23.0647 10.8593 3.03875 3.0388 10.8598 23.0764 24.461 11.5911 2.70788 1.13449 1.00382 1.00385 1.13479 2.70841 
9.91872 2.48887 1.11892 1.00386 1.00398 1.1204 2.48887 9.91872 23.1578 9.72328 2.55146 1.14149 1.14039 2.54338 9.80884 23.2443 33.6056 34.7141 34.9499 34.9834 34.9834 34.9499 34.7141 33.6056 34.091 34.262 34.6286 34.8512 34.8505 34.6268 34.2646 34.0985 33.078 34.5521 34.7993 34.804 34.8033 34.7981 34.5467 33.1318 24.2184 22.8565 10.8568 3.05984 3.06002 10.859 22.8752 24.2413 11.545 2.69877 1.13412 1.0039 1.00395 1.13457 2.69997 
9.76164 2.46408 1.11704 1.00375 1.00388 1.1185 2.46408 9.76164 22.6489 9.48128 2.5129 1.13721 1.1361 2.50407 9.56089 22.7256 33.1288 34.4892 34.8284 34.8762 34.8762 34.8284 34.4892 33.1288 32.3026 32.465 33.6304 34.4112 34.4103 33.6281 32.4756 32.316 32.3737 33.7501 33.5919 33.3572 33.3508 33.5824 33.7436 32.4114 23.5004 21.9366 10.4651 2.99226 2.99317 10.4727 21.961 23.5256 11.2362 2.64874 1.13007 1.00374 1.00378 1.13053 2.65006 
8.58353 2.2557 1.09732 1.00311 1.00321 1.09856 2.2557 8.58353 20.0468 8.22553 2.26915 1.11015 1.10944 2.26433 8.2625 20.1215 31.2686 33.6862 34.3088 34.3813 34.3813 34.3088 33.6862 31.2686 27.8872 28.5744 31.6804 33.3281 33.2749 31.5912 28.4344 27.7336 28.9022 30.0642 28.6634 27.2802 27.2798 28.6629 30.0639 28.9303 21.3887 19.1081 9.15384 2.69901 2.69891 9.1526 19.0259 21.3053 10.0167 2.42513 1.11108 1.0033 1.00336 1.11192 2.43141 
4.10861 1.33695 1.01728 1.00033 1.00035 1.01765 1.33695 4.10861 12.9242 3.89417 1.33133 1.01583 1.01588 1.33133 3.89417 12.9242 30.3793 33.8833 34.798 34.9136 34.9136 34.798 33.8833 30.3793 34.2092 34.6345 34.8775 34.9145 34.9168 34.8804 34.6475 34.2317 32.7109 34.0379 33.8835 33.6708 33.7383 33.9248 34.0923 32.609 24.371 21.5228 10.6242 3.17322 3.2371 10.6148 21.6253 24.4327 12.292 2.95482 1.20096 1.00934 1.00968 1.20437 2.97469 
2.60481 1.12913 1.00482 0.999986 0.999996 1.00499 1.12913 2.60481 9.52728 2.46161 1.11916 1.00412 1.00413 1.11916 2.46161 9.52728 29.2878 33.703 34.8184 34.9605 34.9605 34.8184 33.703 29.2878 34.553 34.8506 34.9465 34.964 34.9635 34.9463 34.8519 34.5619 33.4342 34.6618 34.8067 34.7891 34.7772 34.7957 34.636 33.2731 25.3265 22.1978 10.9272 3.25518 3.327 10.9273 22.388 25.4063 12.7488 3.03573 1.21075 1.00977 1.01015 1.21462 3.05844 
2.41838 1.10933 1.00394 1.00004 1.00005 1.00409 1.10933 2.41838 8.99676 2.29007 1.10042 1.00342 1.00343 1.10042 2.29007 8.99676 29.107 33.6785 34.8324 34.9809 34.9809 34.8324 33.6785 29.107 34.6664 34.9275 34.9836 34.9932 34.9932 34.9838 34.929 34.6766 33.5443 34.7625 34.9576 34.9755 34.9742 34.9537 34.7421 33.3879 25.5265 22.3463 10.9493 3.25507 3.32574 10.9496 22.5306 25.6042 12.8239 3.04369 1.21107 1.00981 1.01019 1.21491 3.06618 
2.40016 1.10551 1.00366 1.00002 1.00003 1.00378 1.10551 2.40016 9.03609 2.30133 1.09976 1.00337 1.00338 1.09976 2.30133 9.03609 29.1365 33.6981 34.8399 34.9841 34.9841 34.8399 33.6981 29.1365 34.7037 34.9491 34.9921 34.9981 34.9981 34.9922 34.95 34.7103 33.5801 34.7753 34.9746 34.9954 34.9952 34.9728 34.7638 33.4625 25.7283 22.6166 10.851 3.18734 3.23694 10.8509 22.7313 25.7868 12.807 3.01228 1.19977 1.00868 1.00896 1.20273 3.02935 
2.40991 1.10724 1.00378 1.00003 1.00002 1.00366 1.10551 2.40016 8.73666 2.28023 1.09976 1.00338 1.00337 1.09957 2.30133 9.03609 29.1365 33.6981 34.8399 34.9841 34.9841 34.8404 33.6554 28.9971 34.7103 34.95 34.9922 34.9981 34.9981 34.9921 34.9491 34.7037 33.4625 34.7638 34.9728 34.9952 34.9952 34.9728 34.7638 33.4625 25.7868 22.7313 10.803 3.20916 3.18734 10.7628 22.7303 26.0209 12.8343 3.01228 1.19977 1.00896 1.00868 1.19977 3.01228 
2.43137 1.11148 1.00409 1.00005 1.00004 1.00394 1.10933 2.41838 8.67518 2.26197 1.10042 1.00343 1.00342 1.10018 2.29007 8.99676 29.107 33.6785 34.8324 34.9809 34.9809 34.8328 33.6217 28.95 34.6766 34.929 34.9838 34.9932 34.9932 34.9836 34.9275 34.6664 33.3879 34.7421 34.9537 34.9742 34.9742 34.9537 34.7421 33.3879 25.6042 22.5306 10.8726 3.28671 3.25507 10.8021 22.529 25.8664 12.8598 3.04369 1.21107 1.01019 1.00981 1.21107 3.04369 
2.61796 1.13145 1.00499 0.999996 0.999986 1.00482 1.12913 2.60481 9.19435 2.42967 1.11916 1.00413 1.00412 1.11868 2.46161 9.52728 29.2878 33.703 34.8184 34.9605 34.9606 34.819 33.6488 29.1361 34.5619 34.8519 34.9463 34.9635 34.964 34.9465 34.8506 34.553 33.2731 34.636 34.7957 34.7772 34.7772 34.7957 34.636 33.2731 25.4063 22.388 10.8488 3.28739 3.25518 10.7761 22.3862 25.6742 12.7852 3.03573 1.21075 1.01015 1.00977 1.21075 3.03573 
4.11926 1.34038 1.01765 1.00035 1.00033 1.01728 1.33695 4.10861 12.5507 3.8432 1.33133 1.01588 1.01583 1.33014 3.89417 12.9242 30.3793 33.8833 34.798 34.9136 34.9146 34.7999 33.8319 30.2365 34.2317 34.6475 34.8804 34.9168 34.9145 34.8775 34.6345 34.2092 32.609 34.0923 33.9248 33.7383 33.7383 33.9248 34.0923 32.609 24.4327 21.6253 10.5532 3.20333 3.17322 10.4699 21.5929 24.6053 12.3209 2.95482 1.20096 1.00968 1.00934 1.20096 2.95482 
7.45486 2.01582 1.07582 1.00228 1.00228 1.07582 2.01582 7.45486 18.8985 7.2032 2.01549 1.08646 1.08646 2.01549 7.2032 18.8985 32.652 34.2122 34.8141 34.8917 34.8917 34.8141 34.1896 32.6423 33.7057 34.478 34.5865 34.4762 34.458 34.5747 34.4624 33.684 30.9937 33.6419 33.313 33.1725 33.2069 33.4432 33.6419 30.9937 19.0242 16.0353 8.78765 3.21353 3.1272 8.71555 15.8475 18.8715 9.82188 2.72359 1.21405 1.01363 1.01308 1.20958 2.70334 
9.09498 2.32945 1.10409 1.00319 1.00319 1.10409 2.32945 9.09498 22.1387 8.96402 2.35173 1.1245 1.1245 2.35173 8.96402 22.1387 33.8629 34.6724 34.9301 34.9671 34.9671 34.9301 34.669 33.8673 34.4851 34.8072 34.8616 34.8518 34.8524 34.8617 34.8064 34.4893 32.8792 34.5706 34.7289 34.7215 34.7242 34.7333 34.5706 32.8792 23.1668 19.9663 11.1119 4.00985 3.87637 10.9437 19.835 23.0923 12.2094 3.27017 1.29448 1.02013 1.01928 1.2874 3.23368 
9.33445 2.3694 1.1074 1.00335 1.00335 1.1074 2.3694 9.33445 22.662 9.22025 2.39183 1.12853 1.12853 2.39183 9.22025 22.662 34.0412 34.7643 34.9683 34.9932 34.9932 34.9683 34.7603 34.0441 34.703 34.9234 34.9645 34.9696 34.9696 34.9643 34.9222 34.7042 33.3135 34.7747 34.9498 34.9708 34.9709 34.9528 34.7747 33.3135 24.2308 20.9206 11.5598 4.11965 3.98097 11.3817 20.7769 24.1469 12.7958 3.3842 1.30802 1.02101 1.02013 1.30077 3.34688 
9.35217 2.36635 1.10614 1.00323 1.00323 1.10614 2.36635 9.35217 22.733 9.24555 2.39588 1.12621 1.12621 2.39588 9.24555 22.733 34.058 34.7804 34.974 34.9968 34.9968 34.974 34.7771 34.0598 34.7492 34.9508 34.9885 34.9941 34.9941 34.9883 34.95 34.7509 33.4157 34.7966 34.9713 34.9946 34.9946 34.9731 34.7966 33.4157 24.5815 21.4495 11.4049 3.88672 3.78596 11.2698 21.3462 24.5103 12.9118 3.29348 1.28109 1.01741 1.01679 1.27569 3.2659 
9.36227 2.36286 1.10525 1.00316 1.00323 1.10614 2.36635 9.35217 22.733 9.24555 2.39588 1.12621 1.12528 2.39065 9.24285 22.7362 34.0598 34.7771 34.9729 34.9966 34.9968 34.974 34.7804 34.058 34.7509 34.95 34.9883 34.9941 34.9941 34.9883 34.95 34.7509 33.5314 34.7925 34.9713 34.9946 34.9946 34.9713 34.7905 33.5663 24.5103 21.3462 11.471 3.9386 3.93848 11.4716 21.3496 24.5103 12.9118 3.29348 1.28109 1.01741 1.01741 1.28109 3.29348 
9.3488 2.36513 1.10632 1.00327 1.00335 1.1074 2.3694 9.33445 22.662 9.22025 2.39183 1.12853 1.12732 2.38476 9.2152 22.6665 34.0441 34.7603 34.9668 34.993 34.9932 34.9683 34.7643 34.0412 34.7042 34.9222 34.9643 34.9696 34.9696 34.9643 34.9222 34.7042 33.4559 34.7713 34.95 34.9709 34.9708 34.9498 34.7697 33.4874 24.1469 20.7769 11.6469 4.19239 4.19285 11.6481 20.7836 24.1469 12.7958 3.3842 1.30802 1.02101 1.02101 1.30802 3.3842 
9.10865 2.32525 1.10303 1.00311 1.00319 1.10409 2.32945 9.09498 22.1387 8.96402 2.35173 1.1245 1.12334 2.34489 8.95934 22.143 33.8673 34.669 34.9293 34.9672 34.9671 34.9301 34.6724 33.8629 34.4893 34.8064 34.8617 34.8524 34.8524 34.8617 34.8064 34.4893 33.0307 34.5694 34.7331 34.7242 34.7215 34.7289 34.5665 33.0677 23.0923 19.835 11.1992 4.08178 4.08287 11.2079 19.855 23.0923 12.2094 3.27017 1.29448 1.02013 1.02013 1.29448 3.27017 
7.45834 2.01214 1.07503 1.00222 1.00228 1.07582 2.01582 7.45486 18.8985 7.2032 2.01549 1.08646 1.08574 2.01086 7.19907 18.8806 32.6423 34.1896 34.8054 34.8874 34.8917 34.8141 34.2122 32.652 33.684 34.4624 34.5747 34.458 34.458 34.5747 34.4624 33.684 31.0205 33.5559 33.3613 33.2069 33.1725 33.313 33.5237 31.0779 18.8715 15.8475 8.81283 3.25591 3.25702 8.82421 15.8838 18.8715 9.82188 2.72359 1.21405 1.01363 1.01363 1.21405 2.72359 
3.5992 1.27692 1.01257 1.00017 1.00017 1.01271 1.27807 3.5998 10.7565 3.37401 1.28395 1.01483 1.01482 1.2838 3.37401 10.7565 29.0369 32.8164 34.1354 34.241 34.2137 34.1138 32.7958 28.9344 28.7759 29.4542 29.5556 29.5557 29.5557 29.5556 29.4542 28.7759 24.0682 29.2406 27.6842 26.7099 26.7089 27.6817 29.0243 23.9827 8.01432 5.42251 2.24809 1.1567 1.17162 2.36543 5.37538 8.01432 3.16643 1.2313 1.01389 1.00041 1.00041 1.01389 1.2313 
2.85807 1.17714 1.00692 0.999965 0.999972 1.0071 1.17957 2.8752 9.23422 2.65212 1.16741 1.00769 1.00769 1.16728 2.65212 9.23422 29.5029 33.4532 34.6932 34.8483 34.8504 34.6977 33.4631 29.4747 30.7582 32.5096 32.7164 32.9414 32.9414 32.7164 32.5096 30.7582 24.1545 31.6218 32.8068 32.843 32.8703 32.8441 31.5389 24.2901 4.87185 2.18535 1.17168 1.02298 1.0277 1.17511 2.17098 4.87185 1.75417 1.05263 1.00168 0.999939 0.999939 1.00168 1.05263 
2.7666 1.16726 1.00649 1.00002 1.00002 1.00665 1.16961 2.78372 8.96736 2.55757 1.15557 1.00713 1.00713 1.15545 2.55757 8.96736 29.5394 33.5675 34.7969 34.9632 34.9642 34.7999 33.5676 29.5211 31.6721 33.9837 34.317 34.446 34.446 34.317 33.9837 31.6721 24.1429 32.3417 34.3546 34.6292 34.6378 34.365 32.2337 24.3061 4.03747 1.4256 1.01873 1.0116 1.01714 1.02137 1.42406 4.03747 1.416 1.02487 1.0006 1.00001 1.00001 1.0006 1.02487 
2.74824 1.16203 1.00612 1.00001 1.00002 1.00625 1.16382 2.76081 9.04509 2.56638 1.15 1.00655 1.00654 1.14987 2.56638 9.04509 29.5402 33.5661 34.811 34.9757 34.9763 34.8127 33.561 29.5317 31.9892 34.4419 34.8014 34.8747 34.8747 34.8014 34.4419 31.9892 24.2273 32.5522 34.633 34.9082 34.9101 34.6326 32.4595 24.3904 3.93152 1.33344 1.00783 1.00643 1.01089 1.01028 1.33456 3.93152 1.36173 1.02007 1.00046 0.999997 0.999997 1.00046 1.02007 
2.76081 1.16382 1.00625 1.00002 1.00002 1.00625 1.16382 2.76081 9.04509 2.56638 1.15 1.00655 1.00655 1.15 2.55403 9.0449 29.5317 33.561 34.8127 34.9763 34.9763 34.8127 33.561 29.5317 32.0215 34.4494 34.8026 34.8749 34.8747 34.8014 34.4419 31.9892 24.2379 32.4495 34.5745 34.9101 34.898 34.5745 32.4495 24.2379 3.88875 1.33456 1.00713 1.0042 1.0042 1.00713 1.35108 3.93152 1.36173 1.02007 1.00046 0.999997 0.999997 1.00046 1.02004 
2.78372 1.16961 1.00665 1.00002 1.00002 1.00665 1.16961 2.78372 8.96736 2.55757 1.15557 1.00713 1.00713 1.15557 2.54071 8.96715 29.5211 33.5676 34.7999 34.9642 34.9642 34.7999 33.5676 29.5211 31.7157 33.9948 34.3189 34.4463 34.446 34.317 33.9837 31.6721 24.1526 32.2076 34.2779 34.6378 34.6166 34.2779 32.2076 24.1526 3.98051 1.42406 1.01742 1.00881 1.00881 1.01742 1.44227 4.03747 1.416 1.02487 1.0006 1.00001 1.00001 1.0006 1.02483 
2.8752 1.17957 1.0071 0.999972 0.999972 1.0071 1.17957 2.8752 9.23422 2.65212 1.16741 1.00769 1.00769 1.16741 2.63471 9.23323 29.4747 33.4631 34.6977 34.8504 34.8504 34.6977 33.4631 29.4747 30.7981 32.5209 32.7213 32.9431 32.9414 32.7164 32.5096 30.7582 24.1404 31.5038 32.7976 32.8703 32.8921 32.7976 31.5038 24.1404 4.81254 2.17098 1.16538 1.0202 1.0202 1.16538 2.18133 4.87185 1.75417 1.05263 1.00168 0.999939 0.999939 1.00168 1.05256 
3.5998 1.27807 1.01271 1.00017 1.00017 1.01271 1.27807 3.5998 10.7565 3.37401 1.28395 1.01483 1.01483 1.28395 3.34923 10.7134 28.9344 32.7958 34.1138 34.2137 34.2137 34.1138 32.7958 28.9344 28.6366 29.267 29.3619 29.3731 29.5557 29.5556 29.4542 28.7759 23.791 28.9377 27.1126 26.7089 26.0592 27.1126 28.9377 23.791 7.99584 5.37538 2.20422 1.14791 1.14791 2.20422 5.30606 8.01432 3.16643 1.2313 1.01389 1.00041 1.00041 1.01389 1.2311 
2.20586 1.10273 1.00434 1.00012 1.00011 1.00407 1.10273 2.20586 6.73467 2.11948 1.09531 1.00358 1.00357 1.09494 2.10145 6.90244 21.7072 27.5472 28.8298 28.9398 29.0623 28.9569 27.4144 21.6119 13.7604 9.55584 8.90047 8.66392 8.66392 8.90047 9.55584 13.7604 18.7307 21.4719 13.8844 8.51876 8.51876 13.8844 21.4719 18.7307 5.31974 2.22468 1.2728 1.02918 1.02918 1.2728 2.22468 5.31974 1.61058 1.04527 1.00224 1.00012 1.00013 1.00229 1.04521 
2.265 1.11087 1.00482 1.00005 1.00003 1.00451 1.11087 2.265 6.97164 2.18237 1.10572 1.00408 1.00408 1.10549 2.15142 7.08572 23.9028 31.7007 33.1977 33.3178 33.2966 33.1783 31.6773 23.905 11.1645 4.51539 3.39985 3.08932 3.08932 3.39985 4.51539 11.1645 20.3814 22.5849 11.8005 4.31684 4.31684 11.8005 22.5849 20.3814 5.38057 1.89146 1.23134 1.03025 1.03025 1.23134 1.89146 5.38057 1.60691 1.051 1.00257 1.00004 1.00005 1.00265 1.05102 
2.27626 1.11141 1.00488 1.0001 1.00008 1.00457 1.11141 2.27626 7.05365 2.19763 1.10686 1.00418 1.00418 1.10664 2.16701 7.16908 24.3644 32.6737 34.2276 34.3179 34.3136 34.2288 32.6438 24.3641 10.1995 2.79826 1.49463 1.32747 1.32747 1.49463 2.79826 10.1995 20.765 22.8064 11.2491 3.33875 3.33875 11.2491 22.8064 20.765 5.4369 1.88081 1.23044 1.03033 1.03033 1.23044 1.88081 5.4369 1.61347 1.05158 1.00262 1.0001 1.0001 1.0027 1.0516 
2.21558 1.09923 1.00401 1.00007 1.00005 1.00379 1.09923 2.21558 7.11013 2.16816 1.09661 1.00342 1.00341 1.09646 2.14813 7.23661 24.4098 32.7285 34.2585 34.3347 34.3352 34.2637 32.7089 24.4091 10.0695 2.71827 1.4191 1.301 1.301 1.4191 2.71827 10.0695 20.6692 22.7064 11.2265 3.4586 3.4586 11.2265 22.7064 20.6692 5.40467 1.84007 1.22653 1.02894 1.02894 1.22653 1.84007 5.40467 1.59767 1.04853 1.00242 1.00008 1.00009 1.00248 1.04861 
2.20651 1.09724 1.00379 1.00005 1.00005 1.00379 1.09923 2.21558 7.23661 2.14813 1.09646 1.00341 1.00342 1.09661 2.14813 7.23661 24.4091 32.7089 34.2637 34.3352 34.3347 34.2585 32.7089 24.4091 10.0774 2.71735 1.41909 1.30101 1.301 1.4191 2.71827 10.0695 20.7589 22.6787 11.2483 3.46674 3.4586 11.2265 22.7064 20.6692 5.32236 1.82578 1.22516 1.02894 1.02854 1.22378 1.82578 5.32236 1.59767 1.04853 1.00242 1.00008 1.00008 1.00242 1.04853 
2.26223 1.10855 1.00457 1.00008 1.00008 1.00457 1.11141 2.27626 7.16908 2.16701 1.10664 1.00418 1.00418 1.10686 2.16701 7.16908 24.3641 32.6438 34.2288 34.3136 34.3179 34.2276 32.6438 24.3641 10.2091 2.7975 1.49469 1.32749 1.32747 1.49463 2.79826 10.1995 20.8618 22.7664 11.2737 3.34425 3.33875 11.2491 22.8064 20.765 5.35292 1.86277 1.22861 1.03033 1.02982 1.22682 1.86277 5.35292 1.61347 1.05158 1.00262 1.0001 1.0001 1.00262 1.05158 
2.25096 1.10801 1.00451 1.00003 1.00003 1.00451 1.11087 2.265 7.08572 2.15142 1.10549 1.00408 1.00408 1.10572 2.15142 7.08572 23.905 31.6773 33.1783 33.2966 33.3178 33.1977 31.6773 23.905 11.1739 4.51914 3.40648 3.0945 3.08932 3.39985 4.51539 11.1645 20.5109 22.5595 11.7929 4.28969 4.31684 11.8005 22.5849 20.3814 5.29891 1.87298 1.22938 1.03025 1.02976 1.22764 1.87298 5.29891 1.60691 1.051 1.00257 1.00004 1.00004 1.00257 1.051 
2.18813 1.09995 1.00407 1.00011 1.00011 1.00407 1.10273 2.20586 6.90244 2.10145 1.09494 1.00357 1.00358 1.09531 2.10145 6.90244 21.6119 27.4144 28.9569 29.0623 28.9398 28.8298 27.4144 21.6119 13.5946 9.34647 8.69435 8.47822 8.66392 8.90047 9.55584 13.7604 18.6328 21.1245 13.4831 8.13179 8.51876 13.8844 21.4719 18.7307 5.21825 2.18139 1.26688 1.02918 1.02868 1.2614 2.18139 5.21825 1.61058 1.04527 1.00224 1.00012 1.00012 1.00224 1.04527 
1.04263 1.00183 1.00004 0.999995 0.999993 1.00004 1.00178 1.04153 1.5035 1.03347 1.00118 0.999998 0.999997 1.00116 1.0366 1.55919 8.06674 10.6625 10.96 10.9022 10.8774 10.9296 10.6625 8.06674 3.26623 1.77704 1.55275 1.53818 1.52038 1.53462 1.75295 3.22361 7.38982 8.1337 4.37753 2.35556 2.39714 4.45247 8.19832 7.43381 1.62389 1.08927 1.01813 1.00131 1.00118 1.0168 1.08899 1.57273 1.03849 1.00159 1.00007 0.999998 0.999999 1.00006 1.00162 
1.00224 1 0.999937 0.999951 0.999951 0.999937 1.00001 1.00229 1.03838 1.00145 0.999926 0.99994 0.99994 0.999927 1.00147 1.04166 2.13222 2.63083 2.71258 2.70743 2.70937 2.71352 2.63083 2.13222 1.25842 1.0751 1.05123 1.05139 1.0506 1.05025 1.07376 1.2554 2.23866 2.31626 1.38199 1.08761 1.08859 1.38548 2.31137 2.23483 1.04602 1.00381 1.0006 0.999947 0.999949 1.00063 1.00381 1.04241 1.00214 1.00002 0.999939 0.99995 0.99995 0.999939 1.00002 
1.0001 0.999985 0.999999 1 1 0.999999 0.999985 1.0001 1.00134 0.999948 0.999994 1 1 0.999994 0.999945 1.00146 1.07995 1.12541 1.13156 1.13125 1.13218 1.1323 1.12541 1.07995 1.01454 1.0064 1.00665 1.00501 1.00501 1.00665 1.00639 1.01446 1.13359 1.13269 1.01812 1.00047 1.0005 1.01822 1.13236 1.13346 1.00191 0.999983 0.999933 0.999992 0.999993 0.999936 0.999984 1.00164 1.00006 0.999979 0.999999 1 1 0.999999 0.99998 
1.00003 0.999996 1 1 1 1 0.999996 1.00003 0.99999 0.999939 1 1 1 1 0.999939 0.99999 1.00219 1.00378 1.00364 1.00384 1.00391 1.00369 1.00378 1.00219 1.00038 1.00028 1.00038 1.00029 1.00029 1.00038 1.00028 1.00037 1.00736 1.00658 1.00034 0.999898 0.999896 1.00034 1.00658 1.00736 1.00001 0.999927 0.999995 1 1 0.999995 0.999926 1 1.00005 0.999994 1 1 1 1 0.999994 
1.00003 0.999996 1 1 1 1 0.999996 1.00003 0.99999 0.999939 1 1 1 1 0.999939 0.99999 1.00222 1.00386 1.00369 1.00391 1.00384 1.00364 1.00378 1.00219 1.00037 1.00028 1.00038 1.00029 1.00029 1.00038 1.00028 1.00038 1.00736 1.00658 1.00034 0.999896 0.999898 1.00034 1.00658 1.00736 1 0.999926 0.999995 1 1 0.999995 0.999926 1 1.00005 0.999994 1 1 1 1 0.999994 
1.0001 0.999985 0.999999 1 1 0.999999 0.999985 1.0001 1.00134 0.999948 0.999994 1 1 0.999994 0.999948 1.00134 1.08044 1.12645 1.1323 1.13218 1.13125 1.13156 1.12541 1.07995 1.01446 1.00639 1.00665 1.00501 1.00501 1.00665 1.0064 1.01454 1.13346 1.13236 1.01822 1.0005 1.00047 1.01812 1.13269 1.13359 1.00164 0.999984 0.999936 0.999993 0.999992 0.999933 0.999984 1.00164 1.00006 0.99998 0.999999 1 1 0.999999 0.999979 
1.00229 1.00001 0.999937 0.999951 0.999951 0.999937 1.00001 1.00229 1.03838 1.00145 0.999927 0.99994 0.99994 0.999926 1.00145 1.03838 2.13346 2.63386 2.71352 2.70937 2.70743 2.71258 2.63083 2.13222 1.2554 1.07376 1.05025 1.0506 1.05139 1.05123 1.0751 1.25842 2.23483 2.31137 1.38548 1.08859 1.08761 1.38199 2.31626 2.23866 1.04241 1.00381 1.00063 0.999949 0.999947 1.0006 1.00381 1.04241 1.00211 1.00002 0.999939 0.99995 0.99995 0.999939 1.00002 
1.04153 1.00178 1.00004 0.999993 0.999993 1.00004 1.00178 1.04153 1.5035 1.03347 1.00116 0.999997 0.999998 1.00118 1.03347 1.5035 8.04374 10.6444 10.9296 10.8774 10.9022 10.96 10.6625 8.06674 3.22361 1.75295 1.53462 1.52038 1.53818 1.55275 1.77704 3.26623 7.43381 8.19832 4.45247 2.39714 2.35556 4.37753 8.1337 7.38982 1.57273 1.08899 1.0168 1.00118 1.00131 1.01813 1.08899 1.57273 1.03952 1.00162 1.00007 0.999999 0.999998 1.00007 1.00159 
1.00111 1.00007 1.00004 1.00005 1.00005 1.00004 1.00007 1.00111 1.02645 1.00112 1.00001 1.00005 1.00005 1.00001 1.00112 1.02645 2.15066 2.64926 2.83179 2.7508 2.7508 2.83179 2.64926 2.15066 1.21768 1.02098 1.01411 1.00619 1.00619 1.01411 1.02098 1.21768 2.19448 2.29377 1.31219 1.10202 1.09955 1.31304 2.29377 2.19448 1.05864 1.00388 1.00083 1.00007 1.00007 1.00083 1.00388 1.05864 1.00265 1.0001 1.00003 1.00005 1.00005 1.00003 1.0001 
1.00002 0.999987 0.999997 0.999996 0.999996 0.999997 0.999987 1.00002 1.00074 0.99995 0.999993 0.999996 0.999996 0.999993 0.99995 1.00074 1.11605 1.17109 1.19755 1.17721 1.17721 1.19755 1.17109 1.11605 1.01094 0.998022 0.997839 0.99792 0.99792 0.997839 0.998022 1.01094 1.09251 1.09824 1.01296 1.00386 1.0037 1.01298 1.09824 1.09251 1.00253 1.00005 0.999935 0.999988 0.999988 0.999935 1.00005 1.00253 1.00012 0.999985 0.999995 0.999996 0.999996 0.999995 0.999985 
1.00004 0.999996 1 1 1 1 0.999996 1.00004 0.999978 0.999943 1 1 1 1 0.999943 0.999978 1.00643 1.00957 1.012 1.00979 1.00979 1.012 1.00957 1.00643 1.00035 0.999758 0.999811 0.999835 0.999835 0.999811 0.999758 1.00035 1.00252 1.00264 1.00018 1.00009 1.00008 1.00018 1.00264 1.00252 1.00008 0.999932 0.999993 1 1 0.999993 0.999932 1.00008 1.00003 0.999993 1 1 1 1 0.999993 
1.00005 0.999996 1 1 1 1 0.999996 1.00005 1.00001 0.999951 1 1 1 1 0.999951 1.00001 1.00021 1.00019 1.00033 1.00024 1.00024 1.00033 1.00019 1.00021 1.00004 0.999982 1.00004 1.00003 1.00003 1.00004 0.999982 1.00004 1.00006 0.99992 0.999965 0.999982 0.999983 0.999965 0.99992 1.00006 0.999992 0.99995 1 1 1 1 0.99995 0.999992 1.00005 0.999996 1 1 1 1 0.999996 
0 0 0 0 1 1 0.999996 1.00005 1.00001 0.999951 1 1 1 1 0.999951 1.00001 1.00021 1.00019 1.00033 1.00024 1.00022 1.00031 1.00017 1.0002 1.00004 0.999982 1.00004 1.00003 1.00003 1.00004 0.999982 1.00004 1.00007 0.999926 0.999965 0.999983 0.999982 0.999965 0.99992 1.00006 0.999993 0.99995 1 1 1 1 0.99995 0.999992 1.00005 0.999996 1 1 0 0 0 
0 0 0 0 1 1 0.999996 1.00004 0.999978 0.999943 1 1 1 1 0.999942 0.999983 1.00643 1.00957 1.012 1.00979 1.00947 1.0116 1.00925 1.00623 1.00033 0.999762 0.999817 0.999841 0.999835 0.999811 0.999758 1.00035 1.00269 1.00276 1.00018 1.00008 1.00009 1.00018 1.00264 1.00252 1.00007 0.999932 0.999993 1 1 0.999993 0.999932 1.00008 1.00003 0.999993 1 1 0 0 0 
0 0 0 0 0.999996 0.999997 0.999987 1.00002 1.00074 0.99995 0.999993 0.999996 0.999996 0.999993 0.99995 1.00082 1.11605 1.17109 1.19755 1.17721 1.17369 1.19329 1.16762 1.11376 1.01056 0.998008 0.997825 0.997912 0.99792 0.997839 0.998022 1.01094 1.0949 1.1002 1.01298 1.0037 1.00386 1.01296 1.09824 1.09251 1.00255 1.00004 0.999935 0.999988 0.999988 0.999935 1.00005 1.00253 1.00012 0.999985 0.999995 0.999996 0 0 0 
