0 0 0 0 0.999995 1.00033 1.00803 1.14088 1.78243 1.18893 1.02049 1.00129 1.00129 1.02049 1.18983 1.78781 2.58683 2.96794 3.18946 3.20957 3.20324 3.17952 2.95331 2.57799 2.73107 4.25215 7.12918 8.57835 8.54207 7.09992 4.21263 2.71429 2.15774 2.24798 1.5363 1.19338 1.19113 1.52855 2.23562 2.14365 1.23134 1.07695 1.0125 1.00084 1.00089 1.01299 1.07814 1.23208 1.0554 1.00387 1.00023 1.00004 0 0 0 
0 0 0 0 0.999986 0.999972 1.00061 1.01119 1.07235 1.01177 1.00075 0.999896 0.999896 1.00075 1.01181 1.07278 1.17852 1.23569 1.27064 1.27065 1.27036 1.26987 1.23461 1.17798 1.25738 1.83681 3.46204 3.70495 3.66558 3.41351 1.8194 1.25317 1.17632 1.19049 1.05202 1.01137 1.01158 1.05254 1.19164 1.17709 1.01572 1.00441 1.00056 0.999987 0.99999 1.00058 1.00453 1.01584 1.00348 1.00014 0.999964 0.999994 0 0 0 
0 0 0 0 1 0.999989 0.999978 1.0005 1.00293 1.00017 0.999926 0.999981 0.999981 0.999926 1.00017 1.00295 1.00848 1.01166 1.01428 1.01407 1.01407 1.01425 1.01161 1.00846 1.02423 1.14854 1.60577 1.61962 1.6079 1.59051 1.14468 1.02368 1.01235 1.01307 1.0026 1.00042 1.00043 1.00267 1.01328 1.01252 1.0005 1.00006 0.999996 0.99999 0.99999 0.999997 1.00007 1.0005 1.0002 0.999963 0.999996 1 0 0 0 
0 0 0 0 1 1 0.999985 1.00003 1 0.999851 0.999991 1 1 0.999991 0.999851 1 1.0001 1.00001 1.00017 1.00017 1.00017 1.00017 1.00001 1.0001 1.00127 1.01468 1.10022 1.09405 1.09186 1.09736 1.01422 1.00123 1.00059 1.00045 1.00007 0.999952 0.999952 1.00008 1.00047 1.00061 0.999975 0.999883 0.999994 1 1 0.999993 0.999883 0.999976 1.00005 0.999994 1 1 0 0 0 
1.00003 0.999985 1 1 1 1 0.999985 1.00003 1 0.999851 0.999991 1 1 0.999991 0.999851 1 1.0001 1.00001 1.00017 1.00017 1.00017 1.00017 1.00001 1.0001 1.00127 1.01468 1.10022 1.09405 1.09405 1.10022 1.01468 1.00127 1.00061 1.00047 1.00008 0.999952 0.999952 1.00008 1.00047 1.00061 0.999976 0.999883 0.999993 1 1 0.999994 0.999883 0.999976 1.00005 0.999994 1 1 1 1 0.999994 
1.0005 0.999978 0.999989 1 1 0.999989 0.999978 1.0005 1.00295 1.00017 0.999926 0.999981 0.999981 0.999926 1.00017 1.00295 1.00846 1.01161 1.01428 1.01407 1.01407 1.01428 1.01161 1.00846 1.02423 1.14854 1.60577 1.61962 1.61962 1.60577 1.14854 1.02423 1.01252 1.01328 1.00267 1.00043 1.00043 1.00267 1.01328 1.01252 1.0005 1.00007 0.999997 0.99999 0.99999 0.999996 1.00007 1.0005 1.0002 0.999963 0.999996 1 1 0.999996 0.999963 
1.01119 1.00061 0.999972 0.999986 0.999986 0.999972 1.00061 1.01119 1.07278 1.01181 1.00075 0.999896 0.999896 1.00075 1.01181 1.07278 1.17798 1.23461 1.27064 1.27065 1.27065 1.27064 1.23461 1.17798 1.25738 1.83681 3.46204 3.70495 3.70495 3.46204 1.83681 1.25738 1.17709 1.19164 1.05254 1.01158 1.01158 1.05254 1.19164 1.17709 1.01584 1.00453 1.00058 0.99999 0.99999 1.00056 1.00453 1.01584 1.00348 1.00014 0.999964 0.999994 0.999994 0.999964 1.00014 
1.14088 1.00803 1.00033 0.999995 0.999995 1.00033 1.00803 1.14088 1.78781 1.18983 1.02049 1.00129 1.00129 1.02049 1.18983 1.78781 2.57799 2.95331 3.18946 3.20957 3.20957 3.18946 2.95331 2.57799 2.73107 4.25215 7.12918 8.57835 8.57835 7.12918 4.25215 2.73107 2.14365 2.23562 1.52855 1.19113 1.19113 1.52855 2.23562 2.14365 1.23208 1.07814 1.01299 1.00089 1.00089 1.0125 1.07814 1.23208 1.0554 1.00387 1.00023 1.00004 1.00004 1.00023 1.00387 
2.41919 1.23628 1.01805 1.00053 1.00053 1.01805 1.23628 2.41919 4.80242 2.43582 1.2258 1.02335 1.02269 1.22147 2.47868 4.86408 7.09043 8.27841 9.12494 9.204 8.81384 8.72609 8.49808 7.26656 7.16551 8.53977 10.9735 13.72 13.6984 10.9102 8.44477 7.12127 6.25006 6.52619 5.20773 3.55044 3.59328 5.25622 6.56042 6.27165 2.51166 1.65025 1.10695 1.01491 1.01745 1.12382 1.68933 2.62223 1.40724 1.02992 1.00083 0.999983 0.999987 1.00087 1.0302 
1.28453 1.03469 1.00195 0.999888 0.999888 1.00195 1.03469 1.28453 1.79274 1.20173 1.02043 1.00099 1.00099 1.02037 1.2054 1.79673 2.62784 3.03562 3.22113 3.22853 3.24579 3.24277 3.03852 2.63177 2.74377 4.49717 6.02461 7.10504 7.17482 6.07459 4.53261 2.75714 2.3685 2.40408 1.81593 1.30639 1.30774 1.81629 2.39718 2.35963 1.22932 1.06688 1.00495 1.00022 1.00035 1.00618 1.06897 1.24038 1.04079 1.00192 0.999936 0.999907 0.999907 0.999941 1.00197 
1.02911 1.00238 1 0.999974 0.999974 1 1.00238 1.02911 1.07878 1.0132 1.00064 0.999881 0.99988 1.00063 1.01359 1.07993 1.19847 1.26334 1.29313 1.28933 1.29106 1.29544 1.2661 1.20032 1.28359 2.05548 2.97025 2.9812 3.03706 3.05873 2.07925 1.28786 1.21626 1.22262 1.09163 1.0186 1.01875 1.09208 1.22219 1.2157 1.01617 1.00268 0.999865 0.999974 0.999975 0.99993 1.00276 1.01717 1.00208 0.999994 0.99998 1 1 0.99998 0.999998 
1.00174 1.00004 0.99996 0.999999 0.999999 0.99996 1.00004 1.00174 1.00382 1.00018 0.999915 0.999988 0.999988 0.999915 1.0002 1.00395 1.01216 1.01721 1.01967 1.01892 1.01916 1.01997 1.01755 1.01239 1.02939 1.21916 1.60205 1.55019 1.56991 1.637 1.22503 1.03001 1.02036 1.02169 1.00539 1.0004 1.00041 1.00542 1.02166 1.02033 1.0004 0.999891 1.00002 1 1 1.00001 0.999896 1.00047 1.00009 0.999977 0.999999 1 1 0.999999 0.999977 
1.00174 1.00004 0.99996 0.999999 0.999999 0.99996 1.00004 1.00174 1.00395 1.0002 0.999915 0.999988 0.999988 0.999915 1.0002 1.00395 1.01239 1.01755 1.01996 1.01915 1.01892 1.01967 1.01689 1.01194 1.03001 1.22503 1.637 1.56991 1.56991 1.637 1.22503 1.03001 1.02033 1.02166 1.00542 1.00041 1.0004 1.00527 1.02113 1.0199 1.00047 0.999896 1.00001 1 1 1.00001 0.999898 1.0005 1.00009 0.999977 0.999999 1 1 0.999999 0.999977 
1.02909 1.00238 1 0.999974 0.999974 1 1.00238 1.02911 1.07993 1.01359 1.00064 0.999881 0.999881 1.00064 1.01359 1.07993 1.20032 1.2661 1.29543 1.29103 1.28933 1.29313 1.26073 1.19655 1.28786 2.07925 3.05873 3.03706 3.03706 3.05873 2.07925 1.28786 1.2157 1.22219 1.09208 1.01875 1.01854 1.09082 1.21908 1.21349 1.01717 1.00276 0.99993 0.999975 0.999976 0.999931 1.0028 1.01763 1.00211 0.999998 0.99998 1 1 0.99998 0.999994 
1.28359 1.03452 1.00194 0.999886 0.999888 1.00195 1.03469 1.28453 1.79673 1.2054 1.02043 1.00099 1.00099 1.02043 1.2054 1.79673 2.63177 3.03852 3.23026 3.23489 3.22853 3.22113 3.01969 2.61554 2.75714 4.53261 6.07459 7.17482 7.17482 6.07459 4.53261 2.75714 2.35963 2.39718 1.81629 1.30774 1.30616 1.81055 2.38646 2.35417 1.24038 1.06897 1.00618 1.00035 1.00035 1.00618 1.06962 1.24495 1.04109 1.00197 0.999941 0.999907 0.999907 0.999936 1.00192 
2.43588 1.24038 1.01844 1.00055 1.00053 1.01805 1.23628 2.41919 4.86408 2.47868 1.2258 1.02335 1.02335 1.2258 2.47868 4.86408 7.26656 8.49808 9.144 9.21719 9.204 9.12494 8.37284 7.15054 7.12127 8.44477 10.9102 13.6984 13.6984 10.9102 8.44477 7.12127 6.27165 6.56042 5.25622 3.59328 3.58443 5.23806 6.53809 6.27072 2.62223 1.68933 1.12382 1.01745 1.01746 1.12393 1.70421 2.65872 1.40539 1.0302 1.00087 0.999987 0.999983 1.00083 1.02992 
7.16155 2.54233 1.20419 1.01456 1.01441 1.20371 2.54233 7.16155 13.5418 7.42342 2.72768 1.34938 1.34982 2.7299 7.41798 13.6578 21.5144 25.3928 26.3513 26.4102 26.2872 26.2298 25.1333 21.2341 15.9509 17.1681 19.9149 22.6496 22.8056 20.073 17.2895 16.0638 12.9218 13.5852 11.4763 8.67266 8.67644 11.4901 13.5981 12.9933 6.84694 4.41496 2.23598 1.28735 1.28735 2.23586 4.41027 6.88989 4.17803 1.59874 1.05677 1.00221 1.00221 1.05578 1.59884 
8.7674 2.99056 1.2762 1.02104 1.02075 1.27457 2.99056 8.7674 16.1509 9.25642 3.29332 1.48942 1.48948 3.29294 9.22043 16.1906 23.0156 27.9021 29.2324 29.5083 29.509 29.2311 27.8288 22.7727 13.9923 14.147 18.1089 22.6537 22.7002 18.1065 14.0982 13.9555 13.3002 14.4243 10.6122 6.40443 6.4113 10.6289 14.412 13.3871 5.99581 3.42196 1.64546 1.1126 1.1126 1.64538 3.40604 6.04589 2.93761 1.30112 1.02616 1.00084 1.00084 1.02532 1.30098 
6.72691 2.37368 1.17667 1.01257 1.01239 1.17562 2.37368 6.72691 12.903 7.26482 2.6336 1.3206 1.32052 2.63272 7.24087 12.9443 18.3044 22.5498 23.5958 23.8987 23.8991 23.5928 22.4184 18.0715 10.2336 11.2685 16.5295 20.4988 20.5296 16.5467 11.211 10.2084 10.5803 11.7149 8.11189 4.35454 4.35567 8.11384 11.7087 10.6444 4.35465 2.47627 1.34507 1.05066 1.05066 1.34509 2.47047 4.40319 2.11385 1.14939 1.01169 1.00034 1.00034 1.01111 1.14929 
4.59272 1.68119 1.06323 1.00266 1.00262 1.0629 1.68119 4.59272 8.74382 4.39485 1.61756 1.07315 1.07343 1.61931 4.38267 8.75669 12.5913 15.8032 16.7516 16.7805 16.779 16.7518 16.0218 12.6549 7.01652 9.47508 15.9303 18.9957 19.0089 15.9456 9.44016 7.00782 7.39599 8.2584 5.05979 2.24905 2.2479 5.0525 8.23813 7.41046 2.56649 1.47974 1.07519 1.00636 1.00636 1.0752 1.47924 2.59822 1.32709 1.02591 1.00105 1.00002 1.00002 1.00097 1.02589 
4.6032 1.68033 1.0629 1.00262 1.00266 1.06323 1.68119 4.59272 8.75669 4.38267 1.61931 1.07343 1.07343 1.61931 4.38267 8.75669 12.5913 15.8032 16.7516 16.7805 16.7805 16.7516 15.8032 12.5913 7.00782 9.44016 15.9456 19.0089 19.0089 15.9456 9.44016 7.00782 7.43065 8.27723 5.04854 2.23513 2.21914 5.02211 8.27907 7.44463 2.50398 1.45376 1.06943 1.00567 1.00636 1.07519 1.47974 2.56649 1.32709 1.02589 1.00097 1.00002 1.00003 1.00105 1.02591 
6.75997 2.37216 1.17562 1.01239 1.01257 1.17667 2.37368 6.72691 12.9443 7.24087 2.63272 1.32052 1.32052 2.63272 7.24087 12.9443 18.3044 22.5498 23.5958 23.8987 23.8987 23.5958 22.5498 18.3044 10.2084 11.211 16.5467 20.5296 20.5296 16.5467 11.211 10.2084 10.6647 11.7531 8.09854 4.31026 4.26967 8.0881 11.8324 10.7632 4.25705 2.4048 1.32212 1.04599 1.05066 1.34507 2.47627 4.35465 2.11385 1.14929 1.01111 1.00034 1.00038 1.01169 1.14939 
8.81293 2.98747 1.27457 1.02075 1.02104 1.2762 2.99056 8.7674 16.1906 9.22043 3.29294 1.48948 1.48948 3.29294 9.22043 16.1906 23.0156 27.9021 29.2324 29.5083 29.5083 29.2324 27.9021 23.0156 13.9555 14.0982 18.1065 22.7002 22.7002 18.1065 14.0982 13.9555 13.4059 14.4732 10.5996 6.34368 6.2967 10.619 14.5698 13.5363 5.89654 3.34784 1.61774 1.10508 1.1126 1.64546 3.42196 5.99581 2.93761 1.30098 1.02532 1.00084 1.0009 1.02616 1.30112 
7.22033 2.54647 1.20371 1.01441 1.01456 1.20419 2.54233 7.16155 13.6578 7.41798 2.7299 1.34982 1.34982 2.7299 7.41798 13.6578 21.5144 25.3928 26.3513 26.4102 26.4102 26.3513 25.3928 21.5144 16.0638 17.2895 20.073 22.8056 22.8056 20.073 17.2895 16.0638 13.0805 13.705 11.5521 8.71172 8.78497 11.6774 13.8763 13.3271 7.10094 4.68329 2.33721 1.30496 1.28735 2.23598 4.41496 6.84694 4.17803 1.59884 1.05578 1.00221 1.00226 1.05677 1.59874 
9.36091 3.0875 1.29537 1.02016 1.02016 1.29537 3.0875 9.36091 18.6508 8.87999 2.99512 1.3541 1.3541 2.99512 8.87999 18.6508 28.9898 32.0493 32.7723 32.9096 32.9096 32.7723 32.0493 28.9898 26.2534 27.4243 29.8092 31.371 31.371 29.8092 27.4243 26.2534 25.1514 26.1871 25.5829 24.3818 24.9863 26.2086 26.1695 25.1721 18.5015 16.1625 9.66059 4.0151 4.01462 9.39272 16.1625 18.5015 11.0387 3.45562 1.35308 1.02438 1.02438 1.35308 3.45562 
10.8778 3.4939 1.36744 1.02644 1.02644 1.36744 3.4939 10.8778 21.2753 10.301 3.4009 1.44974 1.44974 3.4009 10.301 21.2753 31.2594 33.5982 34.3874 34.5244 34.5244 34.3874 33.5982 31.2594 29.9373 30.3086 31.7438 33.0756 33.0756 31.7438 30.3086 29.9373 30.0513 31.8564 32.2568 32.0659 31.9983 32.2248 31.8373 30.1008 20.6864 18.5864 11.0717 4.5969 4.59901 10.9689 18.5864 20.6864 12.3248 3.77972 1.40595 1.02731 1.02731 1.40595 3.77972 
11.2694 3.59053 1.38107 1.0274 1.0274 1.38107 3.59053 11.2694 22.2568 10.8158 3.53255 1.47587 1.47587 3.53255 10.8158 22.2568 32.4358 34.2262 34.8192 34.9162 34.9162 34.8192 34.2262 32.4358 32.3272 32.6145 33.394 34.1367 34.1367 33.394 32.6145 32.3272 31.4098 33.498 34.2907 34.3956 34.3978 34.3223 33.4875 31.4715 21.7892 19.8319 11.7638 4.81625 4.81656 11.6478 19.8319 21.7892 12.9613 3.94331 1.43118 1.02905 1.02905 1.43118 3.94331 
11.2991 3.56713 1.36636 1.02492 1.02492 1.36636 3.56713 11.2991 22.5273 10.799 3.518 1.45548 1.45548 3.518 10.799 22.5273 32.7475 34.3618 34.8844 34.9713 34.9713 34.8844 34.3618 32.7475 33.3957 33.8519 34.2948 34.6584 34.6584 34.2948 33.8519 33.3957 31.7281 33.9181 34.7044 34.8457 34.8495 34.7278 33.9121 31.7912 22.2575 20.2903 11.8512 4.79917 4.79934 11.7802 20.2903 22.2575 13.1613 3.98006 1.43454 1.02876 1.02876 1.43454 3.98006 
11.2635 3.56194 1.36506 1.02471 1.02492 1.36636 3.56713 11.2991 22.5104 10.8406 3.52805 1.4575 1.45548 3.518 10.799 22.5273 32.7475 34.3618 34.8844 34.9713 34.971 34.8823 34.3521 32.7229 33.3839 33.8497 34.2968 34.6603 34.6584 34.2948 33.8519 33.3957 31.7151 33.9552 34.7278 34.8495 34.8495 34.7278 33.9181 31.7281 22.258 20.2692 11.7802 4.79934 4.87655 11.8707 20.2577 22.3229 13.1613 3.98006 1.43454 1.02876 1.02888 1.43531 3.98484 
11.2176 3.58058 1.37873 1.02703 1.0274 1.38107 3.59053 11.2694 22.234 10.8758 3.54797 1.47919 1.47587 3.53255 10.8158 22.2568 32.4358 34.2262 34.8192 34.9162 34.9155 34.8156 34.2114 32.3989 32.3119 32.6052 33.398 34.1438 34.1367 33.394 32.6145 32.3272 31.3848 33.5613 34.3223 34.3978 34.3978 34.3223 33.498 31.4098 21.7895 19.7968 11.6478 4.81656 4.93897 11.7992 19.7807 21.8474 12.9613 3.94331 1.43118 1.02905 1.02922 1.43227 3.95012 
10.8279 3.48447 1.36516 1.02608 1.02644 1.36744 3.4939 10.8778 21.2573 10.3611 3.41661 1.45306 1.44974 3.4009 10.301 21.2753 31.2594 33.5982 34.3874 34.5244 34.5207 34.3802 33.5773 31.2125 29.9182 30.2921 31.7491 33.0878 33.0756 31.7438 30.3086 29.9373 30.0035 31.9004 32.2248 31.9983 31.9983 32.2248 31.8564 30.0513 20.6866 18.5461 10.9689 4.59901 4.72137 11.1152 18.5377 20.7443 12.3248 3.77972 1.40595 1.02731 1.02748 1.40704 3.78639 
9.31521 3.0771 1.29336 1.01989 1.02016 1.29537 3.0875 9.36091 18.6643 8.91339 3.00448 1.35611 1.3541 2.99512 8.87999 18.6508 28.9898 32.0493 32.7723 32.9096 32.9709 32.8287 32.0931 29.0259 26.3641 27.5435 29.9259 31.4514 31.371 29.8092 27.4243 26.2534 25.4408 26.5177 26.2086 24.9863 24.9863 26.2086 26.1871 25.1514 18.5028 16.1975 9.39272 4.01462 4.1998 9.73075 16.2212 18.5964 11.0387 3.45562 1.35308 1.02438 1.02468 1.3555 3.47206 
6.24597 2.03234 1.10991 1.0055 1.00563 1.11136 2.04109 6.2867 14.6049 6.0294 2.00576 1.1151 1.1151 2.00576 6.0294 14.6049 29.4204 32.9265 34.3272 34.6 34.602 34.3295 32.9265 29.4204 33.2365 34.3721 34.725 34.7135 34.7135 34.725 34.3721 33.2365 30.326 32.5698 32.6997 32.5237 32.5237 32.6997 32.5698 30.326 21.0608 17.7832 11.7138 5.69606 5.69606 11.7138 17.7529 21.0654 13.0637 4.5152 1.61828 1.06728 1.06727 1.61821 4.51514 
4.54381 1.5607 1.04618 1.00154 1.00161 1.04712 1.56787 4.58226 12.1112 4.41664 1.54625 1.04693 1.04693 1.54625 4.41664 12.1112 28.684 32.8294 34.4852 34.8295 34.8293 34.4848 32.8294 28.684 33.7978 34.633 34.8404 34.8627 34.8627 34.8404 34.633 33.7978 31.5749 33.7775 34.3186 34.3282 34.3282 34.3186 33.7775 31.5749 22.0545 18.599 12.3733 6.05299 6.05299 12.3733 18.6001 22.1043 13.5768 4.68483 1.65535 1.07292 1.07292 1.65528 4.68493 
4.15383 1.46874 1.036 1.00115 1.00121 1.03683 1.47513 4.19013 11.4706 4.04745 1.46247 1.03786 1.03786 1.46247 4.04745 11.4706 28.4891 32.8056 34.5269 34.8905 34.8905 34.5269 32.8056 28.4891 34.0582 34.7558 34.9184 34.9546 34.9546 34.9184 34.7558 34.0582 31.9331 34.1871 34.8011 34.8776 34.8776 34.8011 34.1871 31.9331 22.5235 18.9662 12.4195 6.02172 6.02172 12.4195 18.9684 22.5734 13.845 4.72901 1.65906 1.07279 1.07279 1.65898 4.72892 
4.02246 1.43082 1.03077 1.00089 1.00093 1.03131 1.43516 4.04827 11.3364 3.91408 1.42384 1.03234 1.03234 1.42384 3.91408 11.3364 28.5268 32.8607 34.5469 34.9022 34.9022 34.5469 32.8607 28.5268 34.153 34.8119 34.952 34.9822 34.9822 34.952 34.8119 34.153 32.065 34.2879 34.8807 34.9649 34.9649 34.8807 34.2879 32.065 22.9702 19.4651 12.1019 5.63722 5.63722 12.1019 19.4688 23.0297 14.1696 4.65141 1.62278 1.06204 1.06203 1.62269 4.65109 
4.04827 1.43516 1.03131 1.00093 1.00093 1.03131 1.43516 4.04827 11.1703 3.88043 1.41888 1.03163 1.03234 1.42384 3.91408 11.3364 28.5268 32.8607 34.5469 34.9022 34.9022 34.5469 32.856 28.6662 34.1624 34.8131 34.9521 34.9822 34.9822 34.952 34.8119 34.153 32.0362 34.2868 34.8778 34.9642 34.9649 34.8807 34.2879 32.065 23.0024 19.5373 12.1019 5.63722 5.49815 12.0089 19.6706 23.255 14.1694 4.65109 1.62269 1.06203 1.06204 1.62278 4.65141 
4.19013 1.47513 1.03683 1.00121 1.00121 1.03683 1.47513 4.19013 11.2782 3.99751 1.45535 1.03679 1.03786 1.46247 4.04745 11.4706 28.4891 32.8056 34.5269 34.8905 34.8905 34.5269 32.8009 28.6347 34.0746 34.7583 34.9186 34.9546 34.9546 34.9184 34.7558 34.0582 31.8875 34.1859 34.7951 34.876 34.8776 34.8011 34.1871 31.9331 22.567 19.0751 12.4195 6.02172 5.81607 12.2927 19.2591 22.8812 13.844 4.72892 1.65898 1.07279 1.07279 1.65906 4.72901 
4.58226 1.56787 1.04712 1.00161 1.00161 1.04712 1.56787 4.58226 11.9142 4.36096 1.53861 1.04577 1.04693 1.54625 4.41664 12.1112 28.684 32.8294 34.4848 34.8293 34.8295 34.4852 32.8249 28.8234 33.8138 34.6356 34.8403 34.8615 34.8627 34.8404 34.633 33.7978 31.5289 33.7766 34.3023 34.318 34.3282 34.3186 33.7775 31.5749 22.1012 18.7083 12.3733 6.05299 5.84267 12.2469 18.8878 22.4205 13.5756 4.68493 1.65528 1.07292 1.07292 1.65535 4.68483 
6.2867 2.04109 1.11136 1.00563 1.00563 1.11136 2.04109 6.2867 14.398 5.95462 1.99446 1.11327 1.1151 2.00576 6.0294 14.6049 29.4204 32.9265 34.3295 34.602 34.6 34.3272 32.9189 29.5274 33.2672 34.3874 34.7281 34.7201 34.7135 34.725 34.3721 33.2365 30.3117 32.5686 32.7257 32.5624 32.5237 32.6997 32.5698 30.326 21.0733 17.8553 11.7138 5.69606 5.51816 11.5742 17.9097 21.204 13.063 4.51514 1.61821 1.06727 1.06728 1.61828 4.5152 
8.41152 2.73178 1.23443 1.01639 1.01614 1.23261 2.72358 8.37698 17.2197 8.22015 2.68759 1.25475 1.25475 2.68759 8.19108 17.2361 31.2763 33.4836 34.448 34.6789 34.6949 34.4726 33.4757 31.3612 32.2547 33.9775 34.3438 34.1558 34.1326 34.3301 33.9535 32.2251 28.3262 31.8232 32.4963 32.3734 32.3434 32.4742 31.7911 28.3058 14.1296 11.3808 8.91887 5.88216 5.76274 8.95614 11.3571 14.344 9.00072 4.22189 1.72041 1.11703 1.11451 1.70924 4.19094 
10.0972 3.24772 1.32613 1.02447 1.02411 1.32389 3.2399 10.0727 19.9199 9.93942 3.20813 1.3658 1.3658 3.20813 9.90249 19.9193 32.8857 34.2149 34.7562 34.8804 34.8802 34.7597 34.2051 32.9593 33.3465 34.3483 34.5996 34.6086 34.6087 34.5983 34.3441 33.3509 30.6882 33.5782 34.1298 34.1649 34.1704 34.1318 33.5819 30.7366 17.5193 14.7051 11.9441 8.37567 8.15027 11.9175 14.6792 17.6665 11.3367 5.41309 2.04162 1.18711 1.18263 2.02141 5.34856 
10.548 3.37469 1.34692 1.02623 1.02586 1.34458 3.36656 10.5225 20.5739 10.3271 3.30904 1.38561 1.38561 3.30904 10.2899 20.5757 33.3578 34.4796 34.8789 34.9629 34.9642 34.8828 34.4741 33.4325 33.9201 34.6307 34.8088 34.8538 34.8535 34.8078 34.6276 33.9215 31.6029 34.1988 34.7788 34.857 34.8561 34.7765 34.1989 31.6544 19.138 16.0409 12.8846 8.83 8.59648 12.8638 16.026 19.2995 12.4834 5.88316 2.14534 1.20324 1.19843 2.12397 5.81379 
10.6295 3.38592 1.34373 1.02497 1.0247 1.34201 3.38001 10.6085 20.6819 10.3738 3.32183 1.38622 1.38622 3.32183 10.3452 20.6835 33.4583 34.5205 34.9062 34.9795 34.9801 34.9079 34.5165 33.5276 34.1302 34.7675 34.913 34.9486 34.9484 34.9125 34.7658 34.1322 31.9204 34.3148 34.8774 34.9624 34.9617 34.8758 34.3142 31.9545 20.6021 16.9244 12.7311 7.95487 7.79964 12.7038 16.9173 20.6981 13.1234 5.54646 1.98738 1.15183 1.14887 1.97409 5.4992 
10.6085 3.38001 1.34201 1.0247 1.0247 1.34201 3.38001 10.6085 20.6819 10.3738 3.3283 1.3845 1.38622 3.32183 10.3738 20.6819 33.5276 34.5165 34.9079 34.9801 34.9801 34.9079 34.5165 33.5276 34.1322 34.7658 34.9125 34.9484 34.9484 34.9125 34.7658 34.1322 31.9545 34.3142 34.8758 34.9617 34.9617 34.8758 34.3142 31.9545 20.519 16.9173 12.7272 7.95487 7.95487 12.7311 16.9244 20.6021 13.1234 5.4992 1.97409 1.14887 1.15183 1.98738 5.54646 
10.5225 3.36656 1.34458 1.02586 1.02586 1.34458 3.36656 10.5225 20.5739 10.3271 3.31505 1.38279 1.38561 3.30904 10.3271 20.5739 33.4325 34.4741 34.8828 34.9642 34.9642 34.8828 34.4741 33.4325 33.9215 34.6276 34.8078 34.8535 34.8535 34.8078 34.6276 33.9215 31.6544 34.1989 34.7765 34.8561 34.8561 34.7765 34.1989 31.6544 19.0348 16.026 12.8784 8.83 8.83 12.8846 16.0409 19.138 12.4834 5.81379 2.12397 1.19843 1.20324 2.14534 5.88316 
10.0727 3.2399 1.32389 1.02411 1.02411 1.32389 3.2399 10.0727 19.9199 9.93942 3.21452 1.36316 1.3658 3.20813 9.93942 19.9199 32.9593 34.2051 34.7597 34.8802 34.8802 34.7597 34.2051 32.9593 33.3509 34.3441 34.5983 34.6087 34.6087 34.5983 34.3441 33.3509 30.7366 33.5819 34.1318 34.1704 34.1704 34.1318 33.5819 30.7366 17.4036 14.6792 11.9227 8.37567 8.37567 11.9441 14.7051 17.5193 11.3367 5.34856 2.02141 1.18263 1.18711 2.04162 5.41309 
8.37698 2.72358 1.23261 1.01614 1.01614 1.23261 2.72358 8.37698 17.2197 8.22015 2.6978 1.25388 1.25475 2.68759 8.22015 17.2197 31.3612 33.4757 34.4726 34.6949 34.6949 34.4726 33.4757 31.3612 32.2251 33.9535 34.3301 34.1326 34.1326 34.3301 33.9535 32.2251 28.3058 31.7911 32.4742 32.3434 32.3434 32.4742 31.7911 28.3058 14.0167 11.3571 8.90825 5.88216 5.88216 8.91887 11.3808 14.1296 9.00072 4.19094 1.70924 1.11451 1.11703 1.72041 4.22189 
5.16924 1.75577 1.06932 1.00275 1.00275 1.06932 1.75577 5.16924 12.9703 5.12456 1.77875 1.08763 1.08627 1.76979 5.12456 12.9703 27.4448 31.4884 33.3585 33.7433 33.7433 33.3585 31.4884 27.4448 26.4023 28.0556 28.5012 28.5666 28.4032 28.3228 27.8876 26.2845 21.3424 26.1094 26.0031 25.3776 25.2628 25.8899 26.0085 21.257 8.76991 5.98501 3.33519 1.48875 1.52612 3.35185 5.94279 8.76528 4.66166 1.80899 1.10295 1.00757 1.00794 1.10634 1.82754 
4.27084 1.52176 1.04124 1.00113 1.00113 1.04124 1.52176 4.27084 11.9102 4.3767 1.57691 1.05998 1.05878 1.56967 4.3767 11.9102 27.9976 32.28 34.1124 34.5488 34.5488 34.1124 32.28 27.9976 27.7975 30.1704 30.9642 31.4539 31.4558 30.9698 30.188 27.8528 21.6154 28.6843 31.0768 31.5444 31.5514 31.0658 28.6356 21.6042 6.11496 3.36363 1.67977 1.06599 1.07069 1.67081 3.3432 6.13402 2.93966 1.29547 1.02348 1.00082 1.00084 1.02384 1.29795 
4.09559 1.48194 1.03714 1.00103 1.00103 1.03714 1.48194 4.09559 11.6466 4.19782 1.53418 1.05458 1.05343 1.52665 4.19782 11.6466 28.1431 32.5203 34.3701 34.8133 34.8133 34.3701 32.5203 28.1431 28.8431 31.8322 32.7131 33.2433 33.2451 32.719 31.8522 28.9057 21.6502 29.86 33.1364 33.9599 33.9526 33.1115 29.8039 21.6522 4.69111 2.09452 1.16474 1.01302 1.01708 1.16275 2.08929 4.73164 2.06055 1.13131 1.0077 1.00014 1.00015 1.00792 1.13313 
4.0672 1.46702 1.034 1.00091 1.00091 1.034 1.46702 4.0672 11.6 4.08619 1.49314 1.04611 1.04527 1.48753 4.08619 11.6 28.1457 32.4976 34.4339 34.8617 34.8617 34.4339 32.4976 28.1457 29.5817 32.9888 33.8755 34.2558 34.2568 33.8788 33.001 29.626 21.7746 30.43 33.794 34.5548 34.5502 33.7783 30.3906 21.7747 4.33595 1.78154 1.07288 1.00548 1.00838 1.07279 1.78175 4.39315 1.82003 1.09023 1.00458 1.00003 1.00004 1.00469 1.09123 
4.08831 1.46896 1.03427 1.00093 1.00091 1.034 1.46702 4.0672 11.6 4.08619 1.48753 1.04527 1.04527 1.48753 4.03013 11.7846 28.1222 32.5078 34.4402 34.8647 34.8617 34.4339 32.4976 28.1457 29.626 33.001 33.8788 34.2568 34.2558 33.8755 32.9888 29.5817 21.7747 30.3906 33.7783 34.5502 34.5548 33.794 30.43 21.7746 4.60009 1.78175 1.07279 1.00838 1.00548 1.07237 1.79997 4.44613 1.82003 1.09023 1.00469 1.00004 1.00003 1.00458 1.09023 
4.12668 1.48562 1.03765 1.00106 1.00103 1.03714 1.48194 4.09559 11.6466 4.19782 1.52665 1.05343 1.05343 1.52665 4.12262 11.8297 28.09 32.5454 34.3812 34.8173 34.8133 34.3701 32.5203 28.1431 28.9057 31.8522 32.719 33.2451 33.2433 32.7131 31.8322 28.8431 21.6522 29.8039 33.1115 33.9526 33.9599 33.1364 29.86 21.6502 4.98958 2.08929 1.16275 1.01708 1.01302 1.16229 2.11702 4.80752 2.06055 1.13131 1.00792 1.00015 1.00014 1.0077 1.13131 
4.30246 1.52555 1.04177 1.00117 1.00113 1.04124 1.52176 4.27084 11.9102 4.3767 1.56967 1.05878 1.05878 1.56967 4.30182 12.0916 27.9316 32.3156 34.1251 34.5539 34.5488 34.1124 32.28 27.9976 27.8528 30.188 30.9698 31.4558 31.4539 30.9642 30.1704 27.7975 21.6042 28.6356 31.0658 31.5514 31.5444 31.0768 28.6843 21.6154 6.38855 3.3432 1.67081 1.07069 1.06599 1.66842 3.38128 6.21688 2.93966 1.29547 1.02384 1.00084 1.00082 1.02348 1.29547 
5.17994 1.75615 1.06956 1.00278 1.00275 1.06932 1.75577 5.16924 12.9703 5.12456 1.76979 1.08627 1.08627 1.76979 5.02445 13.0551 27.3191 31.4858 33.337 33.711 33.7433 33.3585 31.4884 27.4448 26.2845 27.8876 28.3228 28.4032 28.5666 28.5012 28.0556 26.4023 21.257 26.0085 25.8899 25.2628 25.3776 26.0031 26.1094 21.3424 8.84141 5.94279 3.35185 1.52612 1.48875 3.28704 5.93595 8.77995 4.66166 1.80899 1.10634 1.00794 1.00757 1.10295 1.80899 
3.13336 1.29925 1.02169 1.00074 1.00074 1.02169 1.29925 3.13336 8.25348 2.98739 1.28249 1.02169 1.02169 1.28249 2.98739 8.25348 20.9101 26.764 28.4775 28.835 28.8347 28.476 26.764 20.9101 15.1094 12.7656 11.8396 11.4535 11.2805 11.6408 12.561 14.9627 16.1134 19.9483 15.7282 11.4989 11.2807 15.5114 19.8374 16.0432 6.17947 3.19439 1.55865 1.07897 1.07989 1.57156 3.05523 6.14517 2.31732 1.14639 1.00833 1.00023 1.00023 1.00833 1.14639 
3.16381 1.3063 1.02299 1.00065 1.00065 1.02299 1.3063 3.16381 8.60002 2.99829 1.2843 1.02231 1.02231 1.2843 2.99829 8.60002 22.2259 29.9518 32.1665 32.5646 32.5693 32.1787 29.9518 22.2259 12.8253 8.13432 6.36805 5.4745 5.47769 6.37023 8.12956 12.8305 16.4313 19.7728 13.401 6.86348 6.84487 13.391 19.7728 16.4401 5.84215 2.67469 1.37023 1.06334 1.0639 1.37342 2.5973 5.94995 2.19068 1.14831 1.00999 1.00035 1.00035 1.00999 1.14831 
3.18166 1.30646 1.02288 1.00073 1.00073 1.02288 1.30646 3.18166 8.70343 3.02401 1.28728 1.02252 1.02252 1.28728 3.02401 8.70343 22.7504 31.2185 33.5526 33.9724 33.9739 33.5576 31.2185 22.7504 11.1153 5.01208 3.04758 2.3825 2.38232 3.0466 5.00664 11.1202 16.7652 19.8129 12.5665 5.37418 5.3698 12.5727 19.8125 16.7744 5.89295 2.63928 1.35734 1.06365 1.06431 1.36072 2.55887 6.0094 2.1962 1.15135 1.01032 1.00044 1.00044 1.01032 1.15135 
3.13565 1.28442 1.01914 1.00057 1.00057 1.01914 1.28442 3.13565 8.7599 3.00086 1.27038 1.01901 1.01901 1.27038 3.00086 8.7599 22.8796 31.4504 33.7952 34.2205 34.2207 33.7962 31.4504 22.8796 10.5354 3.95533 1.9713 1.54415 1.54405 1.97055 3.95084 10.5365 16.8154 19.7816 12.404 5.17045 5.16731 12.4102 19.7837 16.8245 5.92307 2.55774 1.33552 1.05732 1.05779 1.33787 2.49808 6.02664 2.19115 1.14655 1.00939 1.00036 1.00036 1.00939 1.14655 
3.12833 1.28257 1.01878 1.00053 1.00057 1.01914 1.28442 3.13565 8.69867 3.00445 1.27036 1.01901 1.01901 1.27038 3.00086 8.7599 22.8792 31.4506 33.7962 34.2207 34.2205 33.7952 31.4504 22.8796 10.5365 3.95084 1.97055 1.54405 1.54405 1.97055 3.95084 10.5365 16.8245 19.7837 12.4102 5.16731 5.17045 12.404 19.7837 16.8245 6.02664 2.49808 1.33787 1.05779 1.05732 1.33552 2.49033 6.02435 2.19115 1.14655 1.00939 1.00036 1.00036 1.00939 1.14692 
3.1688 1.30311 1.02225 1.00066 1.00073 1.02288 1.30646 3.18166 8.64386 3.02795 1.28728 1.02253 1.02252 1.28728 3.02401 8.70343 22.7503 31.2188 33.5576 33.9739 33.9724 33.5526 31.2185 22.7504 11.1202 5.00664 3.0466 2.38232 2.38232 3.0466 5.00664 11.1202 16.7744 19.8125 12.5727 5.3698 5.37418 12.5665 19.8125 16.7744 6.0094 2.55887 1.36072 1.06431 1.06365 1.35734 2.54809 6.00959 2.1962 1.15135 1.01032 1.00044 1.00044 1.01032 1.15214 
3.15042 1.30288 1.02235 1.00058 1.00065 1.02299 1.3063 3.16381 8.54142 3.00226 1.28433 1.02231 1.02231 1.2843 2.99829 8.60002 22.2258 29.9527 32.1787 32.5693 32.5646 32.1665 29.9518 22.2259 12.8305 8.12956 6.37023 5.47769 5.47769 6.37023 8.12956 12.8305 16.4401 19.7728 13.391 6.84487 6.86348 13.401 19.7728 16.4401 5.94995 2.5973 1.37342 1.0639 1.06334 1.37023 2.5865 5.94909 2.19068 1.14831 1.00999 1.00035 1.00035 1.00999 1.14908 
3.11104 1.29529 1.02111 1.00068 1.00074 1.02169 1.29925 3.13336 8.20296 2.99407 1.2832 1.02175 1.02169 1.28249 2.98739 8.25348 20.9086 26.764 28.476 28.8347 28.835 28.4775 26.764 20.9101 14.9627 12.561 11.6408 11.2805 11.2805 11.6408 12.561 14.9627 16.0432 19.8374 15.5114 11.2807 11.4989 15.7282 19.8374 16.0432 6.14517 3.05523 1.57156 1.07989 1.07897 1.55865 3.01676 6.09881 2.31732 1.14639 1.00833 1.00023 1.00023 1.00833 1.14699 
1.16672 1.01421 1.00077 0.999991 0.999992 1.00077 1.01409 1.16368 1.98153 1.13326 1.00996 1.00021 1.00021 1.00996 1.13325 1.9822 8.67223 11.8514 12.8995 13.1208 13.2077 12.976 11.9119 8.72989 4.39725 2.80281 2.37231 2.33726 2.33726 2.37231 2.80281 4.39725 7.23936 8.61736 6.25207 3.90842 3.82462 6.14261 8.61736 7.23936 2.05874 1.31964 1.05926 1.00482 1.00482 1.05926 1.31964 2.05874 1.1556 1.01095 1.00046 0.999967 0.999967 1.00047 1.01115 
1.01955 1.00128 0.999934 0.999904 0.999904 0.999938 1.0013 1.01971 1.13867 1.01203 1.00034 0.999843 0.999843 1.00034 1.01202 1.13866 2.87685 3.812 4.10477 4.15494 4.15098 4.10111 3.80706 2.8773 1.68616 1.23456 1.14598 1.15509 1.15509 1.14598 1.23456 1.68616 2.98809 3.30423 2.12311 1.40549 1.40024 2.12336 3.30423 2.98809 1.15455 1.02801 1.00347 1.00004 1.00004 1.00347 1.02801 1.15455 1.01592 1.00079 0.999904 0.999908 0.999908 0.999901 1.00077 
1.00119 0.999968 0.999979 0.999999 0.999999 0.999979 0.999969 1.0012 1.00896 1.00032 0.999911 0.999994 0.999994 0.99991 1.00032 1.00896 1.24841 1.40523 1.45225 1.45261 1.45259 1.45215 1.4048 1.24858 1.06829 1.02083 1.01362 1.01322 1.01322 1.01362 1.02083 1.06829 1.39544 1.41856 1.12744 1.02269 1.02235 1.12786 1.41856 1.39544 1.01204 1.001 0.999974 0.999953 0.999953 0.999974 1.001 1.01204 1.00081 0.99994 0.999984 1 1 0.999984 0.999938 
1.00006 0.999975 0.999999 1 1 0.999999 0.999975 1.00006 1.00018 0.999846 0.999994 1 1 0.999994 0.999846 1.00018 1.01629 1.02992 1.03095 1.03202 1.03202 1.03094 1.0299 1.0163 1.00375 1.00142 1.00133 1.00114 1.00114 1.00133 1.00142 1.00375 1.05321 1.0515 1.00877 1.0002 1.00018 1.00887 1.0515 1.05321 1.00052 0.999856 0.999961 0.999998 0.999998 0.999961 0.999856 1.00052 1.00004 0.999979 0.999999 1 1 0.999999 0.99998 
1.00006 0.999975 0.999999 1 1 0.999999 0.999975 1.00006 1.00018 0.999846 0.999994 1 1 0.999994 0.999846 1.00018 1.01629 1.02992 1.03095 1.03202 1.03202 1.03095 1.02992 1.01629 1.00371 1.00142 1.00133 1.00114 1.00114 1.00133 1.00142 1.00375 1.05178 1.05033 1.00887 1.00018 1.0002 1.00877 1.0515 1.05321 1.00067 0.999851 0.999962 0.999998 0.999998 0.999962 0.999851 1.00067 1.00004 0.999979 0.999999 1 1 0.999999 0.999979 
1.0012 0.999969 0.999979 0.999999 0.999999 0.999979 0.999969 1.0012 1.00896 1.00032 0.99991 0.999994 0.999994 0.99991 1.00032 1.00896 1.24841 1.40523 1.45225 1.45261 1.45261 1.45225 1.40523 1.24841 1.06782 1.02081 1.01362 1.01322 1.01322 1.01362 1.02083 1.06829 1.38818 1.41239 1.12786 1.02235 1.02269 1.12744 1.41856 1.39544 1.01372 1.00098 0.999985 0.999953 0.999954 0.999985 1.00098 1.01372 1.00081 0.99994 0.999984 1 1 0.999984 0.99994 
1.01971 1.0013 0.999938 0.999904 0.999904 0.999938 1.0013 1.01971 1.13866 1.01202 1.00034 0.999843 0.999843 1.00034 1.01202 1.13866 2.87685 3.812 4.10477 4.15494 4.15494 4.10477 3.812 2.87685 1.68119 1.23188 1.14392 1.15342 1.15509 1.14598 1.23456 1.68616 2.96847 3.28606 2.12336 1.40024 1.40549 2.12311 3.30423 2.98809 1.16658 1.02808 1.0035 1.00004 1.00007 1.0035 1.02808 1.16658 1.01592 1.00079 0.999904 0.999908 0.999908 0.999904 1.00079 
1.16368 1.01409 1.00077 0.999992 0.999992 1.00077 1.01409 1.16368 1.9822 1.13325 1.00996 1.00021 1.00021 1.00996 1.13325 1.9822 8.67223 11.8514 12.8995 13.1208 13.1208 12.8995 11.8514 8.67223 4.35237 2.76941 2.34538 2.31035 2.33726 2.37231 2.80281 4.39725 7.23642 8.62194 6.14261 3.82462 3.90842 6.25207 8.61736 7.23936 2.15928 1.31645 1.04958 1.00482 1.00437 1.04958 1.31645 2.15928 1.1556 1.01095 1.00046 0.999967 0.999967 1.00046 1.01095 
1.01169 1.00092 1.00007 1.00007 1.00007 1.00007 1.00092 1.01169 1.12409 1.0104 1.00046 1.00003 1.00003 1.00046 1.0104 1.12409 3.12292 4.33309 4.73197 4.61958 4.61958 4.73197 4.33309 3.12292 1.77837 1.29064 1.22867 1.15317 1.15317 1.22867 1.29064 1.77837 2.8749 3.19322 2.0125 1.40983 1.4093 2.01824 3.21605 2.9028 1.18537 1.02505 1.00372 1.00027 1.00027 1.00372 1.02505 1.18537 1.01811 1.00104 1.00007 1.00006 1.00006 1.00007 1.00104 
1.00042 0.999981 0.999985 0.999996 0.999996 0.999985 0.999981 1.00042 1.00837 1.00039 0.999923 0.999988 0.999988 0.999923 1.00039 1.00837 1.41068 1.68827 1.79381 1.71919 1.71919 1.79381 1.68827 1.41068 1.10017 1.02175 1.0158 1.00757 1.00757 1.0158 1.02175 1.10017 1.26716 1.29846 1.09036 1.02834 1.02803 1.09063 1.30161 1.27132 1.01738 1.00153 0.99999 0.999942 0.999942 0.99999 1.00153 1.01738 1.00154 1 0.999975 0.999995 0.999995 0.999975 1 
1.00001 0.999988 1 1 1 1 0.999988 1.00001 1.00036 0.999886 0.999992 1 1 0.999992 0.999886 1.00036 1.05171 1.09398 1.11365 1.09378 1.09378 1.11365 1.09398 1.05171 1.00733 1.00055 1.00026 0.999991 0.999991 1.00026 1.00055 1.00733 1.01755 1.01891 1.0034 1.00093 1.0009 1.00342 1.01928 1.01809 1.00098 0.999944 0.999955 0.999994 0.999994 0.999955 0.999944 1.00098 1.00012 0.999976 0.999998 1 1 0.999998 0.999976 
1.00007 0.999996 1 1 1 1 0.999996 1.00007 1 0.999912 1 1 1 1 0.999912 1 1.0034 1.00661 1.00862 1.00643 1.00643 1.00862 1.00661 1.0034 1.00037 0.999923 0.999996 0.999993 0.999993 0.999996 0.999923 1.00037 1.00043 1.00022 0.999978 0.999967 0.999965 0.999979 1.00024 1.00047 1 0.9999 0.999998 1 1 0.999998 0.9999 1 1.00006 0.999995 1 1 1 1 0.999995 
0 0 0 0 1 1 0.999996 1.00007 1 0.999912 1 1 1 1 0.999912 1 1.0034 1.00661 1.00862 1.00643 1.00626 1.00837 1.00642 1.00331 1.00036 0.999922 0.999996 0.999994 0.999993 0.999996 0.999923 1.00037 1.00047 1.00024 0.999979 0.999965 0.999967 0.999978 1.00022 1.00043 1 0.9999 0.999998 1 1 0.999998 0.9999 1 1.00006 0.999995 1 1 0 0 0 
0 0 0 0 1 1 0.999988 1.00001 1.00036 0.999886 0.999992 1 1 0.999992 0.999886 1.00036 1.05171 1.09398 1.11365 1.09378 1.0921 1.11138 1.09214 1.05075 1.00717 1.00052 1.00024 0.999978 0.999991 1.00026 1.00055 1.00733 1.01809 1.01928 1.00342 1.0009 1.00093 1.0034 1.01891 1.01755 1.00097 0.999939 0.999955 0.999994 0.999994 0.999955 0.999944 1.00098 1.00012 0.999976 0.999998 1 0 0 0 
0 0 0 0 0.999996 0.999985 0.999981 1.00042 1.00836 1.00039 0.999924 0.999988 0.999988 0.999923 1.00039 1.00837 1.41068 1.68827 1.79381 1.71919 1.70997 1.78194 1.67834 1.40522 1.09857 1.02126 1.01535 1.00735 1.00757 1.0158 1.02175 1.10017 1.27132 1.30161 1.09063 1.02803 1.02834 1.09036 1.29846 1.26716 1.01739 1.00151 0.999991 0.999942 0.999942 0.99999 1.00153 1.01738 1.00154 1 0.999975 0.999995 0 0 0 
