0 0 0 0 0.999995 1.00033 1.00817 1.14262 1.78953 1.19138 1.02073 1.00131 1.00132 1.02087 1.19254 1.79568 2.59255 2.97294 3.20774 3.22581 3.21733 3.19551 2.95838 2.58372 2.74961 4.27686 7.1434 8.597 8.56146 7.11493 4.23689 2.73246 2.16275 2.25347 1.54132 1.19681 1.19468 1.53383 2.24098 2.14853 1.2335 1.07816 1.01283 1.00088 1.00093 1.01287 1.07947 1.23458 1.05626 1.00396 1.00024 1.00004 0 0 0 
0 0 0 0 0.999986 0.999973 1.00062 1.01139 1.07338 1.012 1.00077 0.999896 0.999896 1.00077 1.01205 1.07387 1.18042 1.23795 1.27406 1.27379 1.27343 1.27322 1.23701 1.17999 1.26218 1.84991 3.48597 3.72939 3.68983 3.43716 1.83228 1.25791 1.17817 1.19257 1.05292 1.01167 1.01189 1.05344 1.19372 1.17895 1.016 1.00453 1.00058 0.999989 0.999991 1.00058 1.00465 1.01614 1.00356 1.00015 0.999963 0.999993 0 0 0 
0 0 0 0 1 0.999989 0.999979 1.00051 1.003 1.00018 0.999926 0.999981 0.999981 0.999927 1.00018 1.00302 1.00864 1.01187 1.01457 1.01433 1.01433 1.01454 1.01182 1.00863 1.02492 1.15214 1.6155 1.62878 1.61693 1.60004 1.1482 1.02435 1.01259 1.01334 1.00268 1.00043 1.00045 1.00274 1.01355 1.01276 1.00051 1.00007 0.999997 0.99999 0.999989 0.999997 1.00008 1.00052 1.0002 0.999963 0.999995 1 0 0 0 
0 0 0 0 1 1 0.999985 1.00003 1 0.99985 0.99999 1 1 0.99999 0.99985 1 1.0001 1.00002 1.00018 1.00017 1.00018 1.00018 1.00002 1.0001 1.00131 1.01522 1.10289 1.09635 1.09411 1.09997 1.01474 1.00127 1.00061 1.00047 1.00007 0.999952 0.999953 1.00008 1.00049 1.00063 0.999975 0.999882 0.999993 1 1 0.999993 0.999882 0.999976 1.00004 0.999994 1 1 0 0 0 
1.00003 0.999985 1 1 1 1 0.999985 1.00003 1 0.99985 0.99999 1 1 0.99999 0.99985 1 1.0001 1.00002 1.00018 1.00017 1.00017 1.00018 1.00002 1.0001 1.00131 1.01522 1.10289 1.09635 1.09635 1.10289 1.01522 1.00131 1.00063 1.00049 1.00008 0.999953 0.999953 1.00008 1.00049 1.00063 0.999976 0.999882 0.999993 1 1 0.999993 0.999882 0.999976 1.00004 0.999994 1 1 1 1 0.999994 
1.00051 0.999979 0.999989 1 1 0.999989 0.999979 1.00051 1.00302 1.00018 0.999927 0.999981 0.999981 0.999927 1.00018 1.00302 1.00864 1.01187 1.01457 1.01433 1.01433 1.01457 1.01187 1.00864 1.02492 1.15214 1.6155 1.62878 1.62878 1.6155 1.15214 1.02492 1.01276 1.01355 1.00274 1.00045 1.00045 1.00274 1.01355 1.01276 1.00052 1.00008 0.999997 0.999989 0.999989 0.999997 1.00008 1.00052 1.0002 0.999963 0.999995 1 1 0.999995 0.999963 
1.01139 1.00062 0.999973 0.999986 0.999986 0.999973 1.00062 1.01139 1.07387 1.01205 1.00077 0.999896 0.999896 1.00077 1.01205 1.07387 1.18042 1.23795 1.27406 1.27379 1.27379 1.27406 1.23795 1.18042 1.26218 1.84991 3.48597 3.72939 3.72939 3.48597 1.84991 1.26218 1.17895 1.19372 1.05344 1.01189 1.01189 1.05344 1.19372 1.17895 1.01614 1.00465 1.00058 0.999991 0.999991 1.00058 1.00465 1.01614 1.00356 1.00015 0.999963 0.999993 0.999993 0.999963 1.00015 
1.14262 1.00817 1.00033 0.999995 0.999995 1.00033 1.00817 1.14262 1.79568 1.19254 1.02087 1.00132 1.00132 1.02087 1.19254 1.79568 2.59255 2.97294 3.20774 3.22581 3.22581 3.20774 2.97294 2.59255 2.74961 4.27686 7.1434 8.597 8.597 7.1434 4.27686 2.74961 2.14853 2.24098 1.53383 1.19468 1.19468 1.53383 2.24098 2.14853 1.23458 1.07947 1.01287 1.00093 1.00093 1.01287 1.07947 1.23458 1.05626 1.00396 1.00024 1.00004 1.00004 1.00024 1.00396 
2.4194 1.23707 1.01821 1.00054 1.00054 1.01821 1.23707 2.4194 4.85198 2.47252 1.2216 1.02275 1.02275 1.2216 2.47252 4.85198 7.06869 8.25089 9.092 9.17201 9.2788 9.20382 8.45174 7.21783 7.18972 8.55396 10.9857 13.7227 13.6917 10.9061 8.45692 7.14394 6.27486 6.55109 5.26342 3.61346 3.61356 5.26376 6.55135 6.2752 2.66157 1.70807 1.13157 1.01854 1.01739 1.12358 1.68644 2.6141 1.41031 1.03053 1.00087 0.999984 0.999984 1.00087 1.03053 
1.28805 1.03541 1.00201 0.99989 0.99989 1.00201 1.03541 1.28805 1.80046 1.20669 1.02057 1.00101 1.00101 1.02057 1.20669 1.80046 2.63174 3.03951 3.22806 3.23714 3.24043 3.23395 3.03233 2.62672 2.76389 4.52388 6.05317 7.14026 7.19099 6.08924 4.55897 2.77757 2.35872 2.39375 1.81911 1.31176 1.31191 1.81937 2.39416 2.35903 1.24623 1.07054 1.00657 1.00038 1.00033 1.00606 1.06905 1.24117 1.04156 1.002 0.999939 0.999906 0.999906 0.999939 1.002 
1.02963 1.00245 1.00001 0.999973 0.999973 1.00001 1.00245 1.02963 1.08051 1.01372 1.00065 0.999879 0.999879 1.00065 1.01372 1.08051 1.19966 1.26476 1.2949 1.29134 1.29304 1.29721 1.26498 1.1997 1.28939 2.07373 3.03288 3.02395 3.05382 3.07921 2.09809 1.29382 1.21587 1.22186 1.09267 1.01909 1.01911 1.0927 1.22194 1.21592 1.01781 1.00286 0.999951 0.999976 0.999974 0.999921 1.00279 1.01732 1.00214 0.999998 0.99998 1 1 0.99998 0.999998 
1.00179 1.00005 0.999959 0.999999 0.999999 0.999959 1.00005 1.00179 1.00398 1.0002 0.999913 0.999988 0.999988 0.999913 1.0002 1.00398 1.01228 1.01738 1.01988 1.01915 1.01938 1.02018 1.01739 1.01229 1.03032 1.2249 1.63089 1.56824 1.57857 1.64877 1.23103 1.03098 1.02035 1.02162 1.00546 1.00042 1.00042 1.00546 1.02164 1.02036 1.00051 0.999898 1.00001 1 1 1.00001 0.999895 1.00048 1.0001 0.999976 0.999999 1 1 0.999999 0.999976 
1.00178 1.00005 0.999959 0.999999 0.999999 0.999959 1.00005 1.00179 1.00393 1.00019 0.999913 0.999988 0.999988 0.999913 1.0002 1.00398 1.01229 1.01739 1.02018 1.01938 1.01938 1.02018 1.01739 1.01229 1.03098 1.23103 1.64877 1.57857 1.57857 1.64877 1.23103 1.03098 1.02036 1.02164 1.00546 1.00042 1.00042 1.00546 1.02162 1.02035 1.00051 0.999898 1.00001 1 1 1.00001 0.999898 1.00051 1.0001 0.999976 0.999999 1 1 0.999999 0.999976 
1.02961 1.00244 1.00001 0.999973 0.999973 1.00001 1.00245 1.02963 1.07986 1.01349 1.00065 0.99988 0.999879 1.00065 1.01372 1.08051 1.1997 1.26498 1.29721 1.29304 1.29304 1.29721 1.26498 1.1997 1.29382 2.09809 3.07921 3.05382 3.05382 3.07921 2.09809 1.29382 1.21592 1.22194 1.0927 1.01911 1.01909 1.09267 1.22186 1.21587 1.01781 1.00286 0.999951 0.999976 0.999976 0.999951 1.00286 1.01781 1.00214 0.999998 0.99998 1 1 0.99998 0.999998 
1.28712 1.03523 1.00199 0.999888 0.99989 1.00201 1.03541 1.28805 1.79888 1.20441 1.02073 1.00102 1.00101 1.02057 1.20669 1.80046 2.62672 3.03233 3.23395 3.24043 3.24043 3.23395 3.03233 2.62672 2.77757 4.55897 6.08924 7.19099 7.19099 6.08924 4.55897 2.77757 2.35903 2.39416 1.81937 1.31191 1.31176 1.81911 2.39375 2.35872 1.24623 1.07054 1.00657 1.00038 1.00038 1.00657 1.07054 1.24623 1.04156 1.002 0.999939 0.999906 0.999906 0.999939 1.00199 
2.43617 1.24118 1.0186 1.00056 1.00054 1.01821 1.23707 2.4194 4.78234 2.4325 1.22971 1.02402 1.02275 1.2216 2.47252 4.85198 7.21783 8.45174 9.20382 9.2788 9.2788 9.20382 8.45174 7.21783 7.14394 8.45692 10.9061 13.6917 13.6917 10.9061 8.45692 7.14394 6.2752 6.55135 5.26376 3.61356 3.61346 5.26342 6.55109 6.27486 2.66157 1.70807 1.13157 1.01854 1.01854 1.13157 1.70807 2.66157 1.41031 1.03053 1.00087 0.999984 0.999984 1.00087 1.03052 
7.13595 2.54533 1.20554 1.01468 1.01468 1.20554 2.54533 7.13595 13.6459 7.41667 2.72825 1.35082 1.35111 2.72971 7.41252 13.7124 21.1364 25.0228 26.1265 26.1969 26.1969 26.1265 25.0228 21.1364 16.0105 17.2363 19.9848 22.707 22.707 19.9848 17.2363 16.0105 12.9087 13.542 11.462 8.68311 8.68357 11.4625 13.5431 12.9095 6.86717 4.40899 2.2368 1.29 1.29 2.2368 4.40899 6.86717 4.22535 1.60939 1.05721 1.00229 1.00224 1.05719 1.60051 
8.7451 2.99784 1.27738 1.02118 1.02118 1.27738 2.99784 8.7451 16.1735 9.22238 3.28744 1.49064 1.49058 3.28778 9.1915 16.1885 22.7044 27.7883 29.1996 29.4829 29.4829 29.1996 27.7883 22.7044 13.9757 14.1313 18.0906 22.635 22.635 18.0906 14.1313 13.9757 13.3032 14.3612 10.6181 6.44683 6.44674 10.6184 14.3605 13.3033 6.03576 3.42595 1.64999 1.11454 1.11454 1.64999 3.42595 6.03576 2.96309 1.30765 1.02624 1.0009 1.00083 1.02622 1.30178 
6.71406 2.37926 1.17746 1.01265 1.01265 1.17746 2.37926 6.71406 12.9374 7.2445 2.62969 1.32134 1.32128 2.62945 7.22092 12.9484 18.0185 22.3858 23.5677 23.8822 23.8822 23.5677 22.3858 18.0185 10.2342 11.2648 16.543 20.5092 20.5092 16.543 11.2648 10.2342 10.5806 11.6691 8.11259 4.3814 4.38113 8.11248 11.6689 10.5815 4.39233 2.48299 1.34869 1.0517 1.0517 1.34869 2.48299 4.39233 2.13116 1.15338 1.01162 1.00037 1.00033 1.01161 1.14886 
4.60119 1.68768 1.06399 1.0027 1.0027 1.06399 1.68768 4.60119 8.76263 4.39434 1.6215 1.07403 1.07413 1.62215 4.38381 8.76722 12.6724 16.0691 16.8022 16.8187 16.8187 16.8022 16.0691 12.6724 7.04 9.5014 15.9716 19.0268 19.0268 15.9716 9.5014 7.04 7.39466 8.23708 5.06667 2.26448 2.26452 5.06676 8.23706 7.39508 2.5951 1.48526 1.07682 1.00657 1.00657 1.07682 1.48526 2.5951 1.33434 1.0269 1.00104 1.00003 1.00002 1.00104 1.02596 
4.61154 1.68674 1.06399 1.0027 1.0027 1.06399 1.68768 4.60119 8.76722 4.38381 1.62215 1.07413 1.07413 1.62215 4.38381 8.76722 12.5986 15.7956 16.749 16.7939 16.8187 16.8022 16.0691 12.6724 7.03118 9.46763 15.9861 19.0398 19.0268 15.9716 9.5014 7.04 7.39508 8.23706 5.06676 2.26452 2.26448 5.06667 8.23708 7.39466 2.56365 1.48526 1.07682 1.00657 1.00569 1.07529 1.47908 2.56365 1.33434 1.0269 1.00104 1.00003 1.00003 1.00104 1.0269 
6.74696 2.37759 1.17744 1.01265 1.01265 1.17746 2.37926 6.71406 12.9484 7.22092 2.62945 1.32128 1.32128 2.62945 7.22092 12.9484 18.3286 22.5586 23.6044 23.9016 23.8822 23.5677 22.3858 18.0185 10.2094 11.2084 16.5591 20.5395 20.5092 16.543 11.2648 10.2342 10.5815 11.6689 8.11248 4.38113 4.3814 8.11259 11.6691 10.5806 4.34371 2.48299 1.34869 1.0517 1.04571 1.34379 2.46797 4.34371 2.13116 1.15338 1.01162 1.00037 1.00037 1.01162 1.15338 
8.79018 2.99449 1.27735 1.02118 1.02118 1.27738 2.99784 8.7451 16.1885 9.1915 3.28778 1.49058 1.49058 3.28778 9.1915 16.1885 23.0298 27.8859 29.213 29.4864 29.4829 29.1996 27.7883 22.7044 13.9397 14.083 18.0893 22.6812 22.635 18.0906 14.1313 13.9757 13.3033 14.3605 10.6184 6.44674 6.44683 10.6181 14.3612 13.3032 5.98735 3.42595 1.64999 1.11454 1.10476 1.64542 3.41627 5.98735 2.96309 1.30765 1.02624 1.0009 1.0009 1.02624 1.30765 
7.19502 2.54934 1.20553 1.01468 1.01468 1.20554 2.54533 7.13595 13.7124 7.41252 2.72971 1.35111 1.35111 2.72971 7.41252 13.7124 21.5853 25.4526 26.409 26.466 26.1969 26.1265 25.0228 21.1364 16.1228 17.3581 20.1424 22.8623 22.707 19.9848 17.2363 16.0105 12.9095 13.5431 11.4625 8.68357 8.68311 11.462 13.542 12.9087 6.90994 4.40899 2.2368 1.29 1.30965 2.26548 4.47944 6.90994 4.22535 1.60939 1.05721 1.00229 1.00229 1.05721 1.60939 
9.39089 3.10218 1.29919 1.02063 1.02036 1.29713 3.09128 9.34642 18.6503 8.86047 2.99827 1.35679 1.35679 2.99827 8.86047 18.6503 28.9443 32.0073 32.7294 32.8648 32.8648 32.7294 32.0073 28.9443 26.2096 27.3887 29.759 31.3256 31.3256 29.759 27.3887 26.2096 25.1055 26.1212 26.1458 24.9345 24.3329 25.5107 26.1203 25.099 18.4328 16.1146 9.35128 4.00943 4.01141 9.35128 16.1146 18.4328 11.0224 3.45832 1.35522 1.02465 1.02465 1.35522 3.45832 
10.9119 3.51 1.37211 1.02708 1.02671 1.36975 3.49992 10.8634 21.2847 10.2625 3.4014 1.45262 1.45262 3.4014 10.2625 21.2847 31.2456 33.5979 34.3828 34.5196 34.5196 34.3828 33.5979 31.2456 29.9198 30.2934 31.72 33.0516 33.0516 31.72 30.2934 29.9198 30.0557 31.8194 32.2177 31.9954 32.0494 32.2343 31.8189 30.0565 20.6602 18.5739 10.9462 4.60222 4.60359 10.9462 18.5739 20.6602 12.33 3.78843 1.40913 1.02769 1.02769 1.40913 3.78843 
11.3074 3.6081 1.38602 1.02806 1.02768 1.38359 3.59744 11.2569 22.2782 10.7827 3.53504 1.47926 1.47926 3.53504 10.7827 22.2782 32.4207 34.2276 34.8177 34.9147 34.9147 34.8177 34.2276 32.4207 32.3082 32.5933 33.3729 34.1206 34.1206 33.3729 32.5933 32.3082 31.4265 33.474 34.314 34.3935 34.3876 34.2781 33.4725 31.4274 21.7661 19.8212 11.6304 4.82231 4.82397 11.6304 19.8212 21.7661 12.9694 3.95355 1.43475 1.02947 1.02947 1.43475 3.95355 
11.3294 3.58227 1.37064 1.02546 1.02524 1.36926 3.5764 11.2953 22.5493 10.7778 3.52326 1.45923 1.45923 3.52326 10.7778 22.5493 32.7311 34.3627 34.8837 34.9708 34.9708 34.8837 34.3627 32.7311 33.3812 33.8354 34.2816 34.6505 34.6505 34.2816 33.8354 33.3812 31.7466 33.9019 34.7222 34.8476 34.8426 34.6981 33.9008 31.7484 22.232 20.2768 11.7725 4.81007 4.81141 11.7725 20.2768 22.232 13.1718 3.9919 1.43835 1.02921 1.02921 1.43835 3.9919 
11.2953 3.5764 1.36926 1.02524 1.02524 1.36926 3.5764 11.2953 22.4439 10.8792 3.54386 1.46334 1.46334 3.54386 10.8792 22.4439 32.7311 34.3627 34.8837 34.9708 34.9704 34.8801 34.3534 32.7043 33.3701 33.833 34.2836 34.6525 34.6505 34.2816 33.8354 33.3812 31.6819 33.9008 34.6981 34.8426 34.8476 34.7222 33.9019 31.7466 22.2782 20.2257 11.879 4.81141 4.81007 11.7725 20.2768 22.232 13.1718 3.9919 1.43835 1.02921 1.02932 1.43905 3.99568 
11.2569 3.59744 1.38359 1.02768 1.02768 1.38359 3.59744 11.2569 22.1693 10.9208 3.56682 1.48599 1.48599 3.56682 10.9208 22.1693 32.4207 34.2276 34.8177 34.9147 34.9143 34.8121 34.2131 32.3815 32.2932 32.5839 33.3768 34.128 34.1206 33.3729 32.5933 32.3082 31.3612 33.4725 34.2781 34.3876 34.3935 34.314 33.474 31.4265 21.7942 19.7387 11.8105 4.82397 4.82231 11.6304 19.8212 21.7661 12.9694 3.95355 1.43475 1.02947 1.02964 1.43577 3.95939 
10.8634 3.49992 1.36975 1.02671 1.02671 1.36975 3.49992 10.8634 21.2021 10.4096 3.43517 1.45958 1.45958 3.43517 10.4096 21.2021 31.2456 33.5979 34.3828 34.5196 34.5151 34.3713 33.5772 31.1961 29.901 30.2766 31.725 33.0641 33.0516 31.72 30.2934 29.9198 29.9976 31.8189 32.2343 32.0494 31.9954 32.2177 31.8194 30.0557 20.687 18.4884 11.1222 4.60359 4.60222 10.9462 18.5739 20.6602 12.33 3.78843 1.40913 1.02769 1.02786 1.41017 3.79424 
9.34642 3.09128 1.29713 1.02036 1.02036 1.29713 3.09128 9.34642 18.6085 8.95192 3.01874 1.36101 1.36101 3.01874 8.95192 18.6085 28.9443 32.0073 32.7294 32.8648 32.9863 32.8404 32.0515 28.9786 26.3217 27.507 29.8757 31.4063 31.3256 29.759 27.3887 26.2096 25.1705 26.1203 25.5107 24.3329 24.9345 26.1458 26.1212 25.1055 18.5821 16.2142 9.75603 4.01141 4.00943 9.35128 16.1146 18.4328 11.0224 3.45832 1.35522 1.02465 1.02496 1.3576 3.47392 
6.28457 2.04536 1.11231 1.00569 1.00569 1.11231 2.04536 6.28457 14.5371 6.0658 2.01681 1.1177 1.1177 2.01681 6.0658 14.5371 29.4487 32.8976 34.3126 34.5899 34.6028 34.3319 32.9253 29.5653 33.2095 34.3606 34.7211 34.707 34.7137 34.7243 34.3762 33.2385 30.2747 32.5312 32.6617 32.4843 32.5334 32.7025 32.5617 30.2639 21.0258 17.7104 11.7392 5.74277 5.73899 11.7196 17.7092 21.0261 13.0717 4.51478 1.62037 1.06765 1.06889 1.62647 4.54085 
4.58298 1.57067 1.04755 1.00162 1.00162 1.04755 1.57067 4.58298 12.0575 4.45795 1.55582 1.04847 1.04847 1.55582 4.45795 12.0575 28.7362 32.8043 34.4754 34.8262 34.8287 34.4871 32.83 28.8666 33.7794 34.6283 34.8391 34.8617 34.8605 34.8391 34.6312 33.7939 31.5541 33.7724 34.312 34.3242 34.3166 34.3028 33.755 31.5076 22.042 18.5411 12.3987 6.10634 6.10631 12.3979 18.5406 22.0455 13.5863 4.68147 1.65677 1.0732 1.07475 1.66441 4.71283 
4.1901 1.47729 1.0371 1.00121 1.00121 1.0371 1.47729 4.1901 11.4191 4.08713 1.47119 1.03918 1.03918 1.47119 4.08713 11.4191 28.5453 32.7807 34.5178 34.8876 34.8906 34.5291 32.8072 28.6821 34.0412 34.7515 34.9171 34.9538 34.9538 34.9173 34.7541 34.0562 31.9176 34.1861 34.7986 34.8759 34.8753 34.7956 34.174 31.8718 22.5157 18.9094 12.4449 6.07439 6.07439 12.4452 18.9097 22.5192 13.8561 4.72653 1.66061 1.07308 1.0746 1.66814 4.75728 
4.05263 1.43783 1.03161 1.00093 1.00093 1.03161 1.43783 4.05263 11.287 3.94744 1.43107 1.03336 1.03336 1.43107 3.94744 11.287 28.582 32.839 34.5397 34.8999 34.9018 34.5471 32.8582 28.7132 34.1408 34.8086 34.9511 34.9818 34.9818 34.9512 34.81 34.1488 32.0433 34.2857 34.8793 34.9643 34.9639 34.8776 34.2788 32.0142 22.9806 19.4189 12.1203 5.68124 5.68128 12.1205 19.418 22.9807 14.1818 4.65494 1.62547 1.06247 1.06346 1.63062 4.67622 
4.07853 1.44224 1.03216 1.00097 1.00093 1.03161 1.43783 4.05263 11.287 3.94744 1.43107 1.03336 1.03189 1.42075 3.88627 11.125 28.7132 32.8582 34.5471 34.9018 34.9018 34.5471 32.8582 28.7132 34.1488 34.81 34.9512 34.9818 34.9818 34.9512 34.81 34.1488 32.0142 34.2788 34.8776 34.9639 34.9643 34.8793 34.2857 32.0433 23.2383 19.6941 11.9831 5.49651 5.63443 12.0769 19.5525 23.078 14.1687 4.67622 1.62547 1.06346 1.06247 1.62547 4.65494 
4.22651 1.4838 1.03795 1.00128 1.00121 1.0371 1.47729 4.1901 11.4191 4.08713 1.47119 1.03918 1.03702 1.45644 3.99904 11.2295 28.6821 32.8072 34.5291 34.8906 34.8906 34.5291 32.8072 28.6821 34.0562 34.7541 34.9173 34.9538 34.9538 34.9173 34.7541 34.0562 31.8718 34.174 34.7956 34.8753 34.8759 34.7986 34.1861 31.9176 22.8676 19.308 12.2563 5.80157 6.00251 12.3852 19.1064 22.6663 13.8391 4.75728 1.66061 1.0746 1.07308 1.66061 4.72653 
4.62153 1.57798 1.04852 1.0017 1.00162 1.04755 1.57067 4.58298 12.0575 4.45795 1.55582 1.04847 1.0461 1.53986 4.36139 11.8626 28.8666 32.83 34.4871 34.8287 34.8287 34.4871 32.83 28.8666 33.7939 34.6312 34.8391 34.8605 34.8605 34.8391 34.6312 33.7939 31.5076 33.755 34.3028 34.3166 34.3242 34.312 33.7724 31.5541 22.4062 18.937 12.2113 5.82761 6.03252 12.3386 18.736 22.1991 13.5682 4.71283 1.65677 1.07475 1.0732 1.65677 4.68147 
6.32552 2.05426 1.11379 1.00584 1.00569 1.11231 2.04536 6.28457 14.5371 6.0658 2.01681 1.1177 1.11416 1.99568 5.95234 14.3442 29.5653 32.9253 34.3319 34.6028 34.6028 34.3319 32.9253 29.5653 33.2385 34.3762 34.7243 34.7137 34.7137 34.7243 34.3762 33.2385 30.2639 32.5617 32.7025 32.5334 32.4843 32.6617 32.5312 30.2747 21.1781 17.9386 11.5469 5.50941 5.6793 11.6621 17.8222 21.0959 13.058 4.54085 1.62037 1.06889 1.06765 1.62037 4.51478 
8.4041 2.73555 1.23562 1.01652 1.01652 1.23562 2.73555 8.4041 17.1828 8.22104 2.69516 1.25791 1.25717 2.69667 8.22505 17.2746 31.2749 33.4556 34.4604 34.6875 34.6962 34.4762 33.4849 31.3674 32.2256 33.9625 34.3348 34.1422 34.118 34.3202 33.9372 32.196 28.3021 31.7247 32.4076 32.2934 32.3259 32.4603 31.7667 28.2248 14.3848 11.4499 8.97451 5.74297 5.91447 8.91009 11.3375 14.0612 8.97404 4.21254 1.71834 1.11714 1.11714 1.71833 4.21249 
10.0919 3.25289 1.32781 1.02467 1.02467 1.32781 3.25289 10.0919 19.8609 9.93309 3.21704 1.37022 1.36888 3.21883 9.94606 19.9689 32.8941 34.2004 34.7581 34.8796 34.8784 34.7565 34.2027 32.9522 33.3313 34.3405 34.5958 34.6056 34.6056 34.5944 34.3361 33.3367 30.7584 33.5651 34.1229 34.1663 34.1696 34.1315 33.5738 30.6941 17.6388 14.7235 11.8964 8.09136 8.42878 11.9351 14.653 17.4363 11.308 5.38032 2.03507 1.18693 1.18695 2.03509 5.38018 
10.5449 3.381 1.34885 1.02646 1.02646 1.34885 3.381 10.5449 20.5197 10.3217 3.3185 1.39032 1.38895 3.32069 10.3353 20.6214 33.3679 34.4691 34.8812 34.9636 34.9638 34.8823 34.4753 33.4336 33.9076 34.6244 34.8056 34.8517 34.8514 34.8045 34.6211 33.9099 31.6773 34.1872 34.7713 34.8535 34.8539 34.7729 34.1917 31.6194 19.2825 16.0888 12.8536 8.543 8.88986 12.8845 15.9939 19.0616 12.4583 5.85152 2.13952 1.2032 1.20322 2.13957 5.85152 
10.6289 3.39348 1.34596 1.02523 1.02523 1.34596 3.39348 10.6289 20.6299 10.3732 3.33093 1.39067 1.38986 3.33347 10.3796 20.7257 33.4673 34.5131 34.9066 34.9797 34.9799 34.9075 34.5153 33.5329 34.1205 34.7635 34.9111 34.9475 34.9474 34.9105 34.7617 34.1234 31.9759 34.3036 34.873 34.9607 34.9607 34.8732 34.308 31.9188 20.6706 16.9602 12.6952 7.77221 8.0025 12.7359 16.8863 20.5445 13.1061 5.53 1.98617 1.15222 1.15224 1.98625 5.53037 
10.6073 3.38801 1.34431 1.02496 1.02523 1.34596 3.39348 10.6289 20.7257 10.3796 3.33347 1.38986 1.38986 3.33347 10.3796 20.7257 33.4673 34.5131 34.9066 34.9797 34.9797 34.9066 34.5131 33.4673 34.1234 34.7617 34.9105 34.9474 34.9474 34.9105 34.7617 34.1234 31.9188 34.308 34.8732 34.9607 34.9607 34.873 34.3036 31.9759 20.5445 16.8863 12.7359 8.0025 8.0025 12.7359 16.8863 20.5445 13.1061 5.53 1.98617 1.15222 1.15222 1.98617 5.53 
10.5185 3.37328 1.34657 1.02609 1.02646 1.34885 3.381 10.5449 20.6214 10.3353 3.32069 1.38895 1.38895 3.32069 10.3353 20.6214 33.3679 34.4691 34.8812 34.9636 34.9636 34.8812 34.4691 33.3679 33.9099 34.6211 34.8045 34.8514 34.8514 34.8045 34.6211 33.9099 31.6194 34.1917 34.7729 34.8539 34.8535 34.7713 34.1872 31.6773 19.0616 15.9939 12.8845 8.88986 8.88986 12.8845 15.9939 19.0616 12.4583 5.85152 2.13952 1.2032 1.2032 2.13952 5.85152 
10.0668 3.24545 1.32562 1.02431 1.02467 1.32781 3.25289 10.0919 19.9689 9.94606 3.21883 1.36888 1.36888 3.21883 9.94606 19.9689 32.8941 34.2004 34.7581 34.8796 34.8796 34.7581 34.2004 32.8941 33.3367 34.3361 34.5944 34.6056 34.6056 34.5944 34.3361 33.3367 30.6941 33.5738 34.1315 34.1696 34.1663 34.1229 33.5651 30.7584 17.4363 14.653 11.9351 8.42878 8.42878 11.9351 14.653 17.4363 11.308 5.38032 2.03507 1.18693 1.18693 2.03507 5.38032 
8.36874 2.72757 1.23383 1.01627 1.01652 1.23562 2.73555 8.4041 17.2746 8.22505 2.69667 1.25717 1.25717 2.69667 8.22505 17.2746 31.2749 33.4556 34.4604 34.6875 34.6875 34.4604 33.4556 31.2749 32.196 33.9372 34.3202 34.118 34.118 34.3202 33.9372 32.196 28.2248 31.7667 32.4603 32.3259 32.2934 32.4076 31.7247 28.3021 14.0612 11.3375 8.91009 5.91447 5.91447 8.91009 11.3375 14.0612 8.97404 4.21254 1.71834 1.11714 1.11714 1.71834 4.21254 
5.18199 1.76223 1.07021 1.0028 1.0028 1.07021 1.76257 5.19285 13.0338 5.15021 1.7806 1.0883 1.0883 1.7806 5.15021 13.0338 27.4072 31.489 33.3577 33.7493 33.7493 33.3577 31.489 27.4072 26.3161 27.9516 28.3923 28.4652 28.4652 28.3923 27.9516 26.3161 21.2668 26.0566 25.9505 25.3282 25.3245 25.9462 26.0532 21.2687 8.77929 5.96216 3.38407 1.547 1.547 3.38407 5.96216 8.77929 4.69216 1.82476 1.10622 1.00794 1.00794 1.10622 1.82476 
4.27657 1.5254 1.04164 1.00115 1.00115 1.04164 1.52916 4.30804 11.9793 4.40037 1.57897 1.06043 1.06043 1.57897 4.40037 11.9793 27.9216 32.2644 34.0994 34.5427 34.5427 34.0994 32.2644 27.9216 27.7931 30.1558 30.9469 31.4371 31.4371 30.9469 30.1558 27.7931 21.5481 28.6356 31.0379 31.5233 31.5229 31.0366 28.6341 21.5554 6.1335 3.3489 1.68 1.07354 1.07354 1.68 3.3489 6.1335 2.95687 1.30066 1.02417 1.00086 1.00086 1.02417 1.30066 
4.10053 1.48515 1.03748 1.00104 1.00104 1.03748 1.4888 4.13145 11.716 4.2202 1.53531 1.05495 1.05495 1.53531 4.2202 11.716 28.0651 32.5073 34.3604 34.8094 34.8094 34.3604 32.5073 28.0651 28.841 31.8156 32.6952 33.2278 33.2278 32.6952 31.8156 28.841 21.5842 29.818 33.1057 33.9437 33.9436 33.1034 29.8157 21.5931 4.72534 2.09161 1.16592 1.01837 1.01837 1.16592 2.09161 4.72534 2.07367 1.13396 1.00797 1.00015 1.00015 1.00797 1.13396 
4.07514 1.47074 1.03437 1.00093 1.00093 1.03437 1.47265 4.09599 11.6635 4.1051 1.49468 1.04642 1.04642 1.49468 4.1051 11.6635 28.0717 32.4909 34.4266 34.8586 34.8586 34.4266 32.4909 28.0717 29.5733 32.9727 33.8607 34.2449 34.2449 33.8607 32.9727 29.5733 21.7095 30.3981 33.7752 34.5457 34.5452 33.7735 30.3969 21.7175 4.38327 1.78281 1.07411 1.00919 1.00919 1.07411 1.78281 4.38327 1.82853 1.09178 1.00472 1.00003 1.00003 1.00472 1.09178 
4.09599 1.47265 1.03465 1.00095 1.00093 1.03437 1.47265 4.09599 11.553 4.09625 1.48953 1.04561 1.04642 1.49468 4.1051 11.6635 28.0717 32.4909 34.4266 34.8586 34.8585 34.4266 32.4734 28.1863 29.5732 32.9725 33.8605 34.2448 34.2449 33.8607 32.9727 29.5733 21.7175 30.3969 33.7735 34.5452 34.5452 33.7735 30.3969 21.7175 4.43535 1.81094 1.07352 1.00486 1.00771 1.07411 1.78281 4.38327 1.82853 1.09178 1.00472 1.00003 1.00003 1.00472 1.09074 
4.13145 1.4888 1.03798 1.00108 1.00104 1.03748 1.4888 4.13145 11.5963 4.20325 1.52775 1.05369 1.05495 1.53531 4.2202 11.716 28.0651 32.5073 34.3604 34.8094 34.8092 34.3604 32.4923 28.1969 28.8414 31.8155 32.695 33.2277 33.2278 32.6952 31.8156 28.841 21.5931 29.8157 33.1034 33.9436 33.9436 33.1034 29.8157 21.5931 4.79971 2.1345 1.16532 1.0123 1.01612 1.16592 2.09161 4.72534 2.07367 1.13396 1.00797 1.00015 1.00015 1.00797 1.13208 
4.30804 1.52916 1.04217 1.00119 1.00115 1.04164 1.52916 4.30804 11.8595 4.38176 1.57088 1.0591 1.06043 1.57897 4.40037 11.9793 27.9216 32.2644 34.0994 34.5427 34.5433 34.1015 32.2466 28.0541 27.7938 30.1561 30.947 31.4372 31.4371 30.9469 30.1558 27.7931 21.5554 28.6341 31.0366 31.5229 31.5229 31.0366 28.6341 21.5554 6.22026 3.40886 1.6776 1.06666 1.06978 1.68 3.3489 6.1335 2.95687 1.30066 1.02417 1.00086 1.00086 1.02417 1.29808 
5.19285 1.76257 1.07044 1.00283 1.0028 1.07021 1.76257 5.19285 12.8969 5.1221 1.77079 1.08685 1.0883 1.7806 5.15021 13.0338 27.4072 31.489 33.3577 33.7493 33.7494 33.359 31.4761 27.5181 26.3138 27.9484 28.3885 28.4617 28.4652 28.3923 27.9516 26.3161 21.2687 26.0532 25.9462 25.3245 25.3245 25.9462 26.0532 21.2687 8.74784 5.93393 3.27244 1.48598 1.52303 3.38407 5.96216 8.77929 4.69216 1.82476 1.10622 1.00794 1.00794 1.10619 1.80624 
3.15528 1.30423 1.02233 1.00078 1.00078 1.02233 1.30423 3.15528 8.25181 3.00131 1.28504 1.02196 1.02196 1.28504 3.00131 8.25181 20.8327 26.6978 28.418 28.7802 28.879 28.5209 26.8037 20.9442 15.0329 12.6731 11.7485 11.3796 11.2057 11.5488 12.4678 14.8864 16.0471 19.8777 15.5786 11.3606 11.3606 15.5786 19.8777 16.0471 6.12451 3.06028 1.57166 1.08002 1.08076 1.57175 3.22304 6.24241 2.32358 1.14765 1.00842 1.00023 1.00023 1.00842 1.14765 
3.18148 1.31094 1.02366 1.00071 1.00071 1.02366 1.31094 3.18148 8.56833 3.00457 1.28548 1.02242 1.02242 1.28548 3.00457 8.56833 22.2071 29.9405 32.1731 32.5659 32.5581 32.1627 29.933 22.2063 12.8425 8.17402 6.40536 5.50548 5.50844 6.40735 8.16921 12.8481 16.3936 19.7505 13.4058 6.87714 6.87714 13.4058 19.7505 16.3936 5.93211 2.60716 1.37577 1.06453 1.06409 1.3739 2.68457 5.87805 2.19408 1.14938 1.01013 1.00036 1.00036 1.01013 1.14938 
3.19904 1.31105 1.02355 1.00079 1.00079 1.02355 1.31105 3.19904 8.67216 3.03051 1.28847 1.02264 1.02264 1.28847 3.03051 8.67216 22.7301 31.2011 33.5492 33.9696 33.9689 33.5494 31.2042 22.7328 11.1258 5.03884 3.07134 2.39886 2.3987 3.07042 5.03377 11.1315 16.7268 19.7863 12.5808 5.39375 5.39375 12.5808 19.7863 16.7268 5.99098 2.56935 1.36342 1.06503 1.06438 1.36033 2.64717 5.92868 2.19938 1.15243 1.01047 1.00045 1.00045 1.01047 1.15243 
3.15018 1.28815 1.01962 1.0006 1.0006 1.01962 1.28815 3.15018 8.7303 3.00965 1.27212 1.01918 1.01918 1.27212 3.00965 8.7303 22.8596 31.4359 33.7895 34.2182 34.2185 33.7908 31.4365 22.8658 10.5367 3.96847 1.98106 1.54941 1.54932 1.98038 3.96438 10.5388 16.7795 19.7565 12.4163 5.18729 5.18729 12.4163 19.7565 16.7795 6.00914 2.50745 1.3401 1.05836 1.05789 1.33783 2.56445 5.95945 2.19558 1.14778 1.00953 1.00037 1.00037 1.00953 1.14778 
3.14301 1.28622 1.01925 1.00056 1.0006 1.01962 1.28815 3.15018 8.7303 3.00965 1.27212 1.01918 1.01945 1.27373 3.01201 8.78887 22.8596 31.4359 33.7895 34.2182 34.2182 33.7895 31.4359 22.8596 10.5388 3.96438 1.98038 1.54932 1.54932 1.98038 3.96438 10.5388 16.8172 19.7576 12.419 5.18645 5.18729 12.4163 19.7565 16.7795 6.00752 2.56445 1.33783 1.05789 1.05836 1.3401 2.50745 6.00914 2.19558 1.14778 1.00953 1.00037 1.00036 1.00949 1.14822 
3.18627 1.30759 1.02291 1.00072 1.00079 1.02355 1.31105 3.19904 8.67216 3.03051 1.28847 1.02264 1.02313 1.29136 3.03687 8.73749 22.7301 31.2011 33.5492 33.9696 33.9696 33.5492 31.2011 22.7301 11.1315 5.03377 3.07042 2.3987 2.3987 3.07042 5.03377 11.1315 16.7691 19.7853 12.5806 5.38983 5.39375 12.5808 19.7863 16.7268 5.99188 2.64717 1.36033 1.06438 1.06503 1.36342 2.56935 5.99098 2.19938 1.15243 1.01047 1.00045 1.00044 1.01044 1.1533 
3.16817 1.30742 1.02302 1.00064 1.00071 1.02366 1.31094 3.18148 8.56833 3.00457 1.28548 1.02242 1.02292 1.2884 3.01129 8.63541 22.2071 29.9405 32.1731 32.5659 32.5659 32.1731 29.9405 22.2071 12.8481 8.16921 6.40735 5.50844 5.50844 6.40735 8.16921 12.8481 16.4456 19.748 13.3893 6.85931 6.87714 13.4058 19.7505 16.3936 5.93187 2.68457 1.3739 1.06409 1.06453 1.37577 2.60716 5.93211 2.19408 1.14938 1.01013 1.00036 1.00035 1.0101 1.15022 
3.1332 1.30018 1.02174 1.00073 1.00078 1.02233 1.30423 3.15528 8.25181 3.00131 1.28504 1.02196 1.02223 1.28598 2.99515 8.27106 20.8327 26.6978 28.418 28.7802 28.7802 28.418 26.6978 20.8327 14.8864 12.4678 11.5488 11.2057 11.2057 11.5488 12.4678 14.8864 16.0377 19.779 15.4672 11.2517 11.3606 15.5786 19.8777 16.0471 6.06999 3.22304 1.57175 1.08076 1.08002 1.57166 3.06028 6.12451 2.32358 1.14765 1.00842 1.00023 1.00023 1.0085 1.14835 
1.16795 1.01443 1.00079 0.999992 0.999993 1.00079 1.0143 1.16483 1.97745 1.13362 1.01 1.00021 1.00024 1.01048 1.13844 2.02479 8.62554 11.8073 12.9249 13.1549 13.1549 12.9249 11.8693 8.68337 4.42869 2.83041 2.3943 2.35979 2.35979 2.3943 2.83041 4.42869 7.24967 8.64901 6.30429 3.95483 3.95483 6.30429 8.64901 7.24967 2.06875 1.32814 1.0615 1.00506 1.00486 1.05922 1.32814 2.06875 1.15941 1.01128 1.00047 0.999967 0.999967 1.00047 1.01128 
1.01992 1.00131 0.999937 0.999903 0.999903 0.999941 1.00134 1.02008 1.13975 1.01223 1.00035 0.999842 0.999842 1.00035 1.01228 1.14456 2.88349 3.82794 4.11852 4.17044 4.17044 4.11852 3.82324 2.884 1.69381 1.23863 1.14872 1.15786 1.15786 1.14872 1.23863 1.69381 2.97695 3.29658 2.12973 1.41175 1.41175 2.12973 3.29658 2.97695 1.15478 1.0287 1.00355 1.00005 1.00004 1.00353 1.0287 1.15478 1.01606 1.0008 0.999902 0.999907 0.999907 0.999902 1.0008 
1.00122 0.99997 0.999979 0.999999 0.999999 0.999979 0.999971 1.00123 1.00908 1.00033 0.999909 0.999993 0.999994 0.999908 1.00033 1.00948 1.25091 1.41001 1.45716 1.45781 1.45781 1.45716 1.40959 1.25108 1.06942 1.02112 1.01375 1.01337 1.01337 1.01375 1.02112 1.06942 1.39341 1.41765 1.12849 1.02326 1.02326 1.12849 1.41765 1.39341 1.01202 1.00105 0.999979 0.999952 0.999952 0.999974 1.00105 1.01202 1.00081 0.99994 0.999984 1 1 0.999984 0.99994 
1.00006 0.999975 0.999999 1 1 0.999999 0.999975 1.00006 1.00019 0.999846 0.999994 1 1 0.999994 0.999844 1.0002 1.01663 1.03059 1.03164 1.03273 1.03273 1.03164 1.03057 1.01664 1.00384 1.00144 1.00134 1.00116 1.00116 1.00134 1.00144 1.00384 1.05303 1.05148 1.00887 1.00022 1.00022 1.00887 1.05148 1.05303 1.00051 0.999858 0.99996 0.999998 0.999998 0.999961 0.999858 1.00051 1.00004 0.999979 0.999999 1 1 0.999999 0.999979 
1.00006 0.999975 0.999999 1 1 0.999999 0.999975 1.00006 1.00019 0.999846 0.999994 1 1 0.999994 0.999846 1.00019 1.01663 1.03059 1.03164 1.03273 1.03273 1.03164 1.03059 1.01663 1.0038 1.00144 1.00134 1.00116 1.00116 1.00134 1.00144 1.00384 1.0545 1.05271 1.00887 1.00022 1.00021 1.00902 1.05271 1.0545 1.00066 0.99985 0.999962 0.999998 0.999998 0.999962 0.99985 1.00075 1.00004 0.999979 0.999999 1 1 0.999999 0.999979 
1.00123 0.999971 0.999979 0.999999 0.999999 0.999979 0.999971 1.00123 1.00908 1.00033 0.999909 0.999993 0.999993 0.999909 1.00033 1.00908 1.25091 1.41001 1.45716 1.45781 1.45783 1.45726 1.41001 1.25091 1.06892 1.02109 1.01374 1.01337 1.01337 1.01375 1.02112 1.06942 1.40117 1.42447 1.12849 1.02326 1.02312 1.12947 1.42447 1.40117 1.01368 1.00099 0.999989 0.999952 0.999952 0.999984 1.00099 1.01429 1.00081 0.99994 0.999984 1 1 0.999983 0.999941 
1.02008 1.00134 0.999941 0.999903 0.999903 0.999941 1.00134 1.02008 1.13975 1.01223 1.00035 0.999842 0.999842 1.00035 1.01223 1.13975 2.88349 3.82794 4.11852 4.17044 4.17417 4.12199 3.82794 2.88349 1.68876 1.23593 1.14665 1.15619 1.15786 1.14872 1.23863 1.69381 3.00788 3.32637 2.12973 1.41175 1.40921 2.13273 3.32637 3.00788 1.16682 1.02853 1.00359 1.00004 1.00004 1.00352 1.02831 1.17083 1.01606 1.0008 0.999902 0.999907 0.999907 0.999905 1.00082 
1.16483 1.0143 1.00079 0.999993 0.999993 1.00079 1.0143 1.16483 1.97745 1.13362 1.01 1.00021 1.00021 1.01 1.13362 1.97745 8.62554 11.8073 12.9249 13.1549 13.0671 12.8471 11.8073 8.62554 4.38458 2.79785 2.36807 2.33345 2.35979 2.3943 2.83041 4.42869 7.20594 8.58076 6.30429 3.95483 3.90076 6.23174 8.58076 7.20594 2.15377 1.3163 1.04969 1.00484 1.00484 1.04969 1.31655 2.16554 1.15941 1.01128 1.00047 0.999967 0.999967 1.00047 1.01108 
1.01191 1.00094 1.00008 1.00007 1.00007 1.00008 1.00094 1.01191 1.12467 1.01057 1.00047 1.00003 1.00003 1.00047 1.01057 1.12467 3.13254 4.35044 4.75044 4.6382 4.6382 4.75044 4.35044 3.13254 1.78542 1.29521 1.23219 1.15551 1.15551 1.23219 1.29521 1.78542 2.8969 3.21539 2.02547 1.4144 1.4144 2.02547 3.21539 2.8969 1.18717 1.0254 1.00375 1.00028 1.00028 1.00382 1.02569 1.18854 1.01839 1.00106 1.00007 1.00006 1.00006 1.00007 1.00106 
1.00043 0.999981 0.999985 0.999996 0.999996 0.999985 0.999981 1.00043 1.00842 1.00041 0.999923 0.999988 0.999988 0.999923 1.00041 1.00842 1.41509 1.69634 1.80307 1.72762 1.72762 1.80307 1.69634 1.41509 1.10184 1.02238 1.01627 1.00782 1.00782 1.01627 1.02238 1.10184 1.2718 1.30302 1.09197 1.02864 1.02864 1.09197 1.30302 1.2718 1.01765 1.00158 0.999993 0.999941 0.999941 0.999993 1.00155 1.01766 1.00157 1 0.999975 0.999995 0.999995 0.999975 1 
1.00001 0.999988 1 1 1 1 0.999988 1.00001 1.00036 0.999886 0.999991 1 1 0.999991 0.999886 1.00036 1.05265 1.09582 1.11587 1.0956 1.0956 1.11587 1.09582 1.05265 1.00752 1.00058 1.00028 1 1 1.00028 1.00058 1.00752 1.01815 1.01944 1.0035 1.00094 1.00094 1.0035 1.01944 1.01815 1.001 0.999948 0.999954 0.999994 0.999994 0.999954 0.999942 1.00099 1.00013 0.999976 0.999998 1 1 0.999998 0.999976 
1.00007 0.999996 1 1 1 1 0.999996 1.00007 1 0.999911 1 1 1 1 0.999911 1 1.00349 1.00681 1.00888 1.00662 1.00662 1.00888 1.00681 1.00349 1.00038 0.999924 0.999996 0.999992 0.999992 0.999996 0.999924 1.00038 1.00046 1.00025 0.999979 0.999966 0.999966 0.999979 1.00025 1.00046 1 0.999899 0.999998 1 1 0.999998 0.9999 1 1.00006 0.999995 1 1 1 1 0.999995 
0 0 0 0 1 1 0.999996 1.00007 1 0.999911 1 1 1 1 0.999911 1 1.00349 1.00681 1.00888 1.00662 1.00644 1.00863 1.00661 1.0034 1.00037 0.999923 0.999996 0.999993 0.999992 0.999996 0.999924 1.00038 1.00046 1.00025 0.99998 0.999966 0.999966 0.999979 1.00025 1.00046 1 0.9999 0.999998 1 1 0.999998 0.999899 1 1.00006 0.999995 1 1 0 0 0 
0 0 0 0 1 1 0.999988 1.00001 1.00036 0.999886 0.999991 1 1 0.999991 0.999886 1.0004 1.05265 1.09582 1.11587 1.0956 1.0939 1.11357 1.09395 1.05168 1.00736 1.00055 1.00026 0.999989 1 1.00028 1.00058 1.00752 1.01814 1.01943 1.0035 1.00094 1.00094 1.0035 1.01944 1.01815 1.00099 0.999942 0.999954 0.999994 0.999994 0.999954 0.999948 1.001 1.00013 0.999976 0.999998 1 0 0 0 
0 0 0 0 0.999996 0.999985 0.999981 1.00043 1.00842 1.00041 0.999923 0.999988 0.999988 0.999923 1.0004 1.00883 1.41509 1.69634 1.80307 1.72762 1.71834 1.7911 1.68632 1.40959 1.10023 1.02187 1.01582 1.0076 1.00782 1.01627 1.02238 1.10184 1.2718 1.30299 1.09199 1.02863 1.02864 1.09197 1.30302 1.2718 1.01766 1.00155 0.999993 0.999941 0.999942 0.999993 1.00158 1.01765 1.00157 1 0.999975 0.999995 0 0 0 
