0 0 0 0 0.999993 1.00037 1.00874 1.14974 1.81528 1.20133 1.022 1.00144 1.00145 1.02215 1.20139 1.81546 2.63217 3.02089 3.2692 3.28287 3.27526 3.25777 3.00376 2.6214 2.82346 4.37242 7.19842 8.66878 8.6357 7.17226 4.33287 2.80565 2.18209 2.27418 1.56209 1.21107 1.20885 1.55436 2.26149 2.16773 1.24257 1.0822 1.01338 1.001 1.001 1.0134 1.08217 1.24271 1.05975 1.00435 1.00026 1.00004 0 0 0 
0 0 0 0 0.999984 0.999978 1.00069 1.01225 1.07734 1.01291 1.00085 0.999897 0.999898 1.00085 1.01291 1.07733 1.1893 1.24937 1.28728 1.28629 1.2858 1.28629 1.24816 1.18869 1.28193 1.9034 3.58149 3.82715 3.78695 3.53179 1.88488 1.27739 1.18561 1.20086 1.05657 1.01296 1.01319 1.05712 1.20204 1.18639 1.01709 1.00489 1.00061 0.999993 0.999993 1.00061 1.00489 1.01709 1.0039 1.00018 0.999961 0.999993 0 0 0 
0 0 0 0 1 0.999988 0.999981 1.00055 1.00325 1.00021 0.999926 0.999979 0.999979 0.999927 1.00021 1.00325 1.00937 1.01288 1.01576 1.01544 1.01543 1.01571 1.01282 1.00936 1.02783 1.16718 1.65524 1.66602 1.65368 1.63899 1.16289 1.02722 1.01356 1.01443 1.00298 1.00049 1.00051 1.00305 1.01466 1.01374 1.00057 1.00008 1 0.999989 0.999989 1 1.00008 1.00057 1.00022 0.999961 0.999995 1 0 0 0 
0 0 0 0 1 1 0.999984 1.00003 1.00001 0.999846 0.999989 1 1 0.999989 0.999846 1.00001 1.00012 1.00004 1.00021 1.0002 1.00021 1.00021 1.00004 1.00012 1.00152 1.01755 1.11407 1.10595 1.10354 1.11089 1.01701 1.00148 1.00067 1.00053 1.00009 0.999953 0.999954 1.0001 1.00055 1.00069 0.999975 0.999879 0.999993 1 1 0.999993 0.999879 0.999975 1.00004 0.999993 1 1 0 0 0 
1.00003 0.999984 1 1 1 1 0.999984 1.00003 1.00001 0.999846 0.999989 1 1 0.999989 0.999846 1.00001 1.00012 1.00004 1.00021 1.00021 1.00021 1.00021 1.00004 1.00012 1.00152 1.01755 1.11407 1.10595 1.10595 1.11407 1.01755 1.00152 1.00069 1.00055 1.0001 0.999954 0.999954 1.0001 1.00055 1.00069 0.999975 0.999879 0.999993 1 1 0.999993 0.999879 0.999975 1.00004 0.999993 1 1 1 1 0.999993 
1.00055 0.999981 0.999988 1 1 0.999988 0.999981 1.00055 1.00325 1.00021 0.999927 0.999979 0.999979 0.999927 1.00021 1.00325 1.00936 1.01282 1.01571 1.01543 1.01543 1.01571 1.01282 1.00936 1.02783 1.16718 1.65524 1.66602 1.66602 1.65524 1.16718 1.02783 1.01374 1.01466 1.00305 1.00051 1.00051 1.00305 1.01466 1.01374 1.00057 1.00008 1 0.999989 0.999989 1 1.00008 1.00057 1.00022 0.999961 0.999995 1 1 0.999995 0.999961 
1.01225 1.00069 0.999978 0.999984 0.999984 0.999978 1.00069 1.01225 1.07733 1.01291 1.00085 0.999898 0.999898 1.00085 1.01291 1.07733 1.18869 1.24816 1.28629 1.2858 1.2858 1.28629 1.24816 1.18869 1.28193 1.9034 3.58149 3.82715 3.82715 3.58149 1.9034 1.28193 1.18639 1.20204 1.05712 1.01319 1.01319 1.05712 1.20204 1.18639 1.01709 1.00489 1.00061 0.999993 0.999993 1.00061 1.00489 1.01709 1.0039 1.00018 0.999961 0.999993 0.999993 0.999961 1.00018 
1.14974 1.00874 1.00037 0.999993 0.999993 1.00037 1.00874 1.14974 1.81546 1.20139 1.02215 1.00145 1.00145 1.02215 1.20139 1.81546 2.6214 3.00376 3.25777 3.27526 3.27526 3.25777 3.00376 2.6214 2.82346 4.37242 7.19842 8.66878 8.66878 7.19842 4.37242 2.82346 2.16773 2.26149 1.55436 1.20885 1.20885 1.55436 2.26149 2.16773 1.24271 1.08217 1.0134 1.001 1.001 1.01338 1.0822 1.24257 1.05975 1.00435 1.00026 1.00004 1.00004 1.00026 1.00435 
2.46964 1.25262 1.01926 1.0006 1.00062 1.01967 1.25686 2.4859 4.92445 2.52696 1.24692 1.02634 1.02562 1.23852 2.50421 4.89343 7.07632 8.24599 9.37335 9.44545 9.44545 9.37335 8.24599 7.07632 7.23459 8.55025 10.9345 13.673 13.6598 10.886 8.50384 7.23345 6.269 6.54652 5.2951 3.67446 3.67446 5.2951 6.54652 6.269 2.59466 1.67449 1.13019 1.01823 1.01708 1.13926 1.67462 2.59495 1.42487 1.03276 1.001 0.999985 0.999985 1.001 1.03276 
1.29956 1.03784 1.00223 0.999897 0.999895 1.00221 1.03765 1.29852 1.81562 1.21565 1.02231 1.00117 1.00115 1.02213 1.21396 1.81456 2.67351 3.08907 3.28249 3.28678 3.28678 3.28249 3.08907 2.67351 2.82725 4.58244 6.09019 7.17316 7.25368 6.14702 4.66152 2.86011 2.38128 2.42026 1.84802 1.33207 1.33207 1.84802 2.42026 2.38128 1.24888 1.07194 1.00712 1.00043 1.00037 1.00738 1.07191 1.24898 1.04442 1.00224 0.999948 0.999903 0.999903 0.999948 1.00224 
1.03171 1.00271 1.00003 0.999971 0.999971 1.00002 1.0027 1.03168 1.08399 1.0147 1.00074 0.999882 0.99988 1.00073 1.01449 1.08346 1.21031 1.27864 1.31148 1.3064 1.3064 1.31148 1.27864 1.21031 1.30734 2.11616 3.02904 3.03868 3.12061 3.16109 2.17472 1.31862 1.22391 1.23062 1.09858 1.02107 1.02107 1.09858 1.23062 1.22391 1.01823 1.00301 0.999965 0.999976 0.999975 0.999977 1.00301 1.01825 1.00237 1.00001 0.999978 0.999999 0.999999 0.999978 1.00001 
1.00196 1.00006 0.999955 0.999998 0.999998 0.999955 1.00006 1.00196 1.00427 1.00024 0.999912 0.999986 0.999986 0.999912 1.00022 1.0042 1.01345 1.01908 1.02197 1.021 1.021 1.02197 1.01908 1.01345 1.03345 1.24167 1.64147 1.5833 1.61364 1.69721 1.25623 1.03512 1.02179 1.02321 1.00607 1.0005 1.0005 1.00607 1.02321 1.02179 1.00053 0.999893 1.00001 1 1 1.00001 0.999893 1.00053 1.00011 0.999974 0.999998 1 1 0.999998 0.999974 
1.00196 1.00006 0.999955 0.999998 0.999998 0.999955 1.00006 1.00196 1.00427 1.00024 0.999912 0.999986 0.999986 0.999912 1.00024 1.00427 1.013 1.01842 1.02166 1.02076 1.021 1.02197 1.01908 1.01345 1.03512 1.25623 1.69721 1.61364 1.61364 1.69721 1.25623 1.03512 1.02229 1.02381 1.0062 1.00051 1.0005 1.00594 1.02259 1.0213 1.00061 0.999904 1.00001 1 1 1.00001 0.999893 1.00053 1.00011 0.999974 0.999998 1 1 0.999998 0.999974 
1.03168 1.0027 1.00002 0.999971 0.999971 1.00002 1.0027 1.03168 1.08399 1.0147 1.00074 0.999882 0.999882 1.00074 1.0147 1.08399 1.20659 1.27383 1.30909 1.30466 1.3064 1.31148 1.27864 1.21031 1.31862 2.17472 3.16109 3.12061 3.12061 3.16109 2.17472 1.31862 1.22679 1.23422 1.09944 1.02113 1.02099 1.09766 1.2269 1.22096 1.0195 1.00322 0.999989 0.999975 0.999976 0.999965 1.00301 1.01823 1.00237 1.00001 0.999978 0.999999 1 0.999978 1.00001 
1.29852 1.03765 1.00221 0.999895 0.999895 1.00221 1.03765 1.29852 1.81562 1.21565 1.02231 1.00117 1.00117 1.02231 1.21565 1.81562 2.64662 3.05448 3.27615 3.28321 3.28678 3.28249 3.08907 2.67351 2.86011 4.66152 6.14702 7.25368 7.25368 6.14702 4.66152 2.86011 2.39547 2.43747 1.85332 1.33217 1.33162 1.84205 2.40232 2.36639 1.26066 1.07582 1.00764 1.00049 1.00043 1.00712 1.07194 1.24888 1.04442 1.00224 0.999948 0.999903 0.999904 0.999942 1.00219 
2.4859 1.25686 1.01967 1.00062 1.00062 1.01967 1.25686 2.4859 4.92445 2.52696 1.24692 1.02634 1.02634 1.24692 2.52696 4.92445 7.33332 8.6113 9.26731 9.34532 9.44545 9.37335 8.24599 7.07632 7.23345 8.50384 10.886 13.6598 13.6598 10.886 8.50384 7.23345 6.25089 6.53613 5.26578 3.64027 3.71017 5.32375 6.55872 6.28908 2.73771 1.74929 1.14842 1.02131 1.01823 1.13019 1.67449 2.59466 1.42487 1.03276 1.001 0.999985 0.99998 1.00096 1.03249 
7.09821 2.5606 1.21179 1.0155 1.0155 1.21179 2.5606 7.09821 13.5594 7.41891 2.75619 1.36597 1.36597 2.75619 7.41891 13.5594 21.0049 24.8677 26.0705 26.1561 26.0096 25.911 25.2074 20.9247 16.0223 17.2676 19.9506 22.6289 22.7836 20.1062 17.3905 16.1353 13.1329 13.722 11.5839 8.89794 8.77847 11.3854 13.491 12.9204 6.97447 4.39735 2.27981 1.30758 1.30969 2.29076 4.49417 7.01364 4.34152 1.64359 1.0621 1.0026 1.00254 1.06103 1.63488 
8.70397 3.02251 1.28518 1.02236 1.02236 1.28518 3.02251 8.70397 16.0323 9.19638 3.3324 1.51372 1.51372 3.3324 9.19638 16.0323 22.6313 27.6625 29.0911 29.3841 29.3818 29.0813 27.6804 22.5238 13.982 14.1673 18.0289 22.4731 22.5178 18.0265 14.1203 13.947 13.307 14.3491 10.6061 6.43093 6.54819 10.6093 14.2076 13.2616 6.05226 3.47594 1.65867 1.11922 1.11625 1.64477 3.42591 6.00535 3.03658 1.32872 1.02917 1.00108 1.00101 1.02826 1.32253 
6.69855 2.39953 1.18265 1.01335 1.01335 1.18265 2.39953 6.69855 12.8338 7.22983 2.66234 1.33645 1.33645 2.66234 7.22983 12.8338 18.0068 22.3671 23.5344 23.8564 23.8322 23.4984 22.3305 17.8934 10.2885 11.3671 16.562 20.4898 20.5197 16.5774 11.3122 10.2644 10.5964 11.6675 8.08801 4.35311 4.44245 8.10986 11.5575 10.5494 4.40485 2.52135 1.35305 1.05363 1.0521 1.34503 2.4811 4.3563 2.17777 1.1654 1.01315 1.00046 1.00041 1.01252 1.16062 
4.64508 1.71267 1.06778 1.00297 1.00297 1.06778 1.71267 4.64508 8.76079 4.42827 1.64269 1.07907 1.07907 1.64269 4.42827 8.76079 12.698 16.0732 16.8971 16.9208 16.9501 16.9515 16.2072 12.7371 7.15022 9.67756 16.1036 19.123 19.1357 16.1173 9.64546 7.1408 7.41793 8.2719 5.08029 2.28386 2.31392 5.108 8.20402 7.38861 2.62423 1.50887 1.08028 1.00703 1.00689 1.07907 1.496 2.59365 1.35683 1.03013 1.00126 1.00003 1.00003 1.00117 1.02912 
4.65553 1.71163 1.06742 1.00293 1.00297 1.06778 1.71267 4.64508 8.76079 4.42827 1.64269 1.07907 1.07818 1.63841 4.42337 8.76186 12.7371 16.2072 16.8971 16.9208 16.9208 16.8971 16.2072 12.7371 7.1408 9.64546 16.1173 19.1357 19.123 16.1036 9.67756 7.15022 7.4335 8.2523 5.08783 2.28509 2.28386 5.08029 8.28223 7.44403 2.61421 1.49555 1.08028 1.00703 1.00703 1.08028 1.49614 2.62423 1.35683 1.03013 1.00126 1.00003 1.00003 1.00126 1.03013 
6.73126 2.39775 1.18158 1.01316 1.01335 1.18265 2.39953 6.69855 12.8338 7.22983 2.66234 1.33645 1.33242 2.64727 7.21853 12.8345 17.8934 22.3305 23.5344 23.8564 23.8564 23.5344 22.3305 17.8934 10.2644 11.3122 16.5774 20.5197 20.4898 16.562 11.3671 10.2885 10.6587 11.66 8.08582 4.35231 4.35311 8.08801 11.7238 10.6858 4.3957 2.48547 1.35305 1.05363 1.05363 1.35305 2.48157 4.40485 2.17777 1.1654 1.01315 1.00046 1.00046 1.01315 1.1654 
8.74869 3.01897 1.2835 1.02205 1.02236 1.28518 3.02251 8.70397 16.0323 9.19638 3.3324 1.51372 1.5074 3.30967 9.17861 16.0269 22.5238 27.6804 29.0911 29.3841 29.3841 29.0911 27.6804 22.5238 13.947 14.1203 18.0265 22.5178 22.4731 18.0289 14.1673 13.982 13.3934 14.3392 10.5889 6.42518 6.43093 10.6061 14.4227 13.4249 6.04977 3.43945 1.65867 1.11922 1.11922 1.65867 3.42627 6.05226 3.03658 1.32872 1.02917 1.00108 1.00108 1.02917 1.32872 
7.15655 2.56468 1.21131 1.01535 1.0155 1.21179 2.5606 7.09821 13.5594 7.41891 2.75619 1.36597 1.36217 2.74453 7.4246 13.6082 20.9247 25.2074 26.0705 26.1561 26.1561 26.0705 25.2074 20.9247 16.1353 17.3905 20.1062 22.7836 22.6289 19.9506 17.2676 16.0223 13.2069 13.7415 11.5574 8.87856 8.89794 11.5839 13.8683 13.3338 6.98955 4.5311 2.27981 1.30758 1.30758 2.27981 4.49345 6.97447 4.34152 1.64359 1.0621 1.0026 1.0026 1.0621 1.64359 
9.4183 3.13888 1.31038 1.02202 1.02202 1.31038 3.13888 9.4183 18.5742 8.89145 3.01856 1.36919 1.36919 3.01856 8.92779 18.5896 28.8242 31.9185 32.7218 32.8668 32.8668 32.7218 31.9185 28.8242 26.1429 27.3638 29.6747 31.2231 31.2231 29.6747 27.3638 26.1429 24.9907 25.9907 25.9778 24.8389 24.8323 25.9642 25.87 24.8916 18.2863 15.9626 9.1931 3.99433 3.99433 9.1931 15.9241 18.2979 11.0332 3.49941 1.36834 1.02637 1.02637 1.36838 3.49931 
10.9472 3.55379 1.38605 1.02895 1.02895 1.38605 3.55379 10.9472 21.1396 10.3027 3.43193 1.46888 1.46888 3.43193 10.3655 21.1234 31.2019 33.5649 34.3444 34.4912 34.4912 34.3444 33.5649 31.2019 29.832 30.2164 31.6287 32.9665 32.9665 31.6287 30.2164 29.832 29.9875 31.7076 32.1419 31.9373 31.9252 32.1266 31.6894 30.0229 20.6337 18.5027 10.8824 4.62476 4.62476 10.8824 18.5633 20.7753 12.3499 3.83336 1.42377 1.02957 1.02958 1.42383 3.83343 
11.3533 3.65662 1.40098 1.03002 1.03002 1.40098 3.65662 11.3533 22.1235 10.8254 3.56504 1.49625 1.49625 3.56504 10.8886 22.1023 32.3906 34.2056 34.8023 34.9074 34.9074 34.8023 34.2056 32.3906 32.2167 32.4996 33.2914 34.0623 34.0623 33.2914 32.4996 32.2167 31.413 33.4109 34.2747 34.3661 34.361 34.2687 33.3871 31.4313 21.7485 19.7527 11.5742 4.85223 4.85223 11.5742 19.7965 21.8833 13.0037 4.00466 1.45088 1.03151 1.03152 1.45095 4.00472 
11.3772 3.6306 1.38502 1.02722 1.02722 1.38502 3.6306 11.3772 22.4086 10.8272 3.55731 1.47641 1.47641 3.55731 10.8722 22.3921 32.7248 34.3373 34.8749 34.9681 34.9681 34.8749 34.3373 32.7248 33.3105 33.7655 34.2293 34.6198 34.6198 34.2293 33.7655 33.3105 31.7547 33.852 34.7015 34.8372 34.8357 34.6997 33.8413 31.761 22.2038 20.2018 11.7493 4.85852 4.85852 11.7493 20.2236 22.3147 13.2157 4.04547 1.45481 1.03124 1.03125 1.45488 4.04548 
11.3387 3.6245 1.38361 1.02698 1.02722 1.38502 3.6306 11.3772 22.3921 10.8722 3.55731 1.47641 1.47837 3.56668 10.8722 22.4086 32.6531 34.305 34.8749 34.9681 34.9677 34.8727 34.3373 32.7248 33.2974 33.7629 34.2315 34.6221 34.6198 34.2293 33.7655 33.3105 31.761 33.8413 34.6997 34.8357 34.8372 34.7015 33.852 31.7547 22.3147 20.2236 11.7493 4.85852 4.8822 11.7769 20.2018 22.2038 13.2157 4.04547 1.45488 1.03125 1.03124 1.45481 4.04547 
11.2982 3.64566 1.3985 1.02963 1.03002 1.40098 3.65662 11.3533 22.1023 10.8886 3.56504 1.49625 1.49956 3.579 10.8886 22.1235 32.3178 34.1445 34.8023 34.9074 34.9067 34.7986 34.2056 32.3906 32.1996 32.4897 33.2953 34.0704 34.0623 33.2914 32.4996 32.2167 31.4313 33.3871 34.2687 34.361 34.3661 34.2747 33.4109 31.413 21.8833 19.7965 11.5742 4.85223 4.89419 11.6296 19.7527 21.7485 13.0037 4.00466 1.45095 1.03152 1.03151 1.45088 4.00466 
10.8943 3.54345 1.38364 1.02856 1.02895 1.38605 3.55379 10.9472 21.1234 10.3655 3.43193 1.46888 1.47147 3.44157 10.3655 21.1396 31.1098 33.482 34.3444 34.4912 34.4872 34.3369 33.5649 31.2019 29.8112 30.1991 31.6339 32.9799 32.9665 31.6287 30.2164 29.832 30.0229 31.6894 32.1266 31.9252 31.9373 32.1419 31.7076 29.9875 20.7753 18.5633 10.8824 4.62476 4.66816 10.9394 18.5027 20.6337 12.3499 3.83336 1.42383 1.02958 1.02957 1.42377 3.83336 
9.37041 3.12771 1.30826 1.02174 1.02202 1.31038 3.13888 9.4183 18.5896 8.92779 3.01856 1.36919 1.37163 3.03107 8.92779 18.5742 28.9688 32.0268 32.7218 32.8668 32.9304 32.7799 31.9185 28.8242 26.2504 27.4822 29.7932 31.3051 31.2231 29.6747 27.3638 26.1429 24.8916 25.87 25.9642 24.8323 24.8389 25.9778 25.9907 24.9907 18.2979 15.9241 9.1931 3.99433 4.06138 9.32595 15.9626 18.2863 11.0332 3.49941 1.36838 1.02637 1.02637 1.36834 3.49941 
6.35749 2.08028 1.11915 1.00623 1.00638 1.12063 2.08014 6.35936 14.5962 6.15955 2.07058 1.12965 1.12762 2.05872 6.11725 14.5311 29.5139 32.8953 34.3078 34.5856 34.5749 34.2922 32.8663 29.462 33.1573 34.3451 34.7113 34.6938 34.6938 34.7113 34.3451 33.1573 30.1315 32.4634 32.638 32.4732 32.5248 32.6826 32.4983 30.1232 21.0951 17.5227 11.7826 5.9197 5.46801 11.3903 17.9275 21.1653 13.0771 4.56431 1.64083 1.07168 1.07296 1.64689 4.58936 
4.6628 1.59669 1.05124 1.00182 1.0019 1.05223 1.59656 4.66434 12.1432 4.5533 1.5968 1.05521 1.0539 1.58869 4.52358 12.0929 28.8213 32.8063 34.4703 34.8197 34.8181 34.4602 32.7749 28.7746 33.734 34.6152 34.8336 34.8552 34.8552 34.8336 34.6152 33.734 31.429 33.7112 34.2674 34.2897 34.2815 34.258 33.695 31.3844 22.3584 18.3251 12.4794 6.32247 5.77005 12.0652 19.0822 22.5636 13.5943 4.72858 1.67751 1.07744 1.07904 1.68513 4.75842 
4.26297 1.49912 1.03996 1.00135 1.00142 1.04082 1.49899 4.26435 11.5039 4.17522 1.50676 1.04481 1.04356 1.49918 4.14661 11.4524 28.6373 32.7856 34.5153 34.885 34.882 34.5041 32.7543 28.594 34.0022 34.7389 34.9121 34.9506 34.9506 34.9121 34.7389 34.0022 31.809 34.1449 34.7822 34.8677 34.8671 34.7796 34.1349 31.7647 22.8311 18.6944 12.5291 6.28734 5.74824 12.1116 19.459 23.0304 13.872 4.7763 1.6817 1.07731 1.07888 1.68919 4.80529 
4.12156 1.45754 1.03396 1.00104 1.00108 1.03451 1.4574 4.12285 11.3609 4.02564 1.46008 1.03761 1.03682 1.45484 4.00565 11.3244 28.6641 32.8341 34.5337 34.8965 34.8946 34.5264 32.812 28.6328 34.1068 34.7979 34.9474 34.9802 34.9802 34.9474 34.7979 34.1068 31.948 34.2542 34.8699 34.9611 34.9607 34.8686 34.2493 31.9191 23.1927 19.2424 12.1824 5.84698 5.495 11.8832 19.7606 23.344 14.2055 4.71062 1.64644 1.0662 1.06721 1.65148 4.72996 
4.12285 1.4574 1.03451 1.00108 1.00108 1.03451 1.45754 4.12156 11.3244 4.00565 1.45484 1.03682 1.03682 1.45484 4.00565 11.3244 28.6641 32.8341 34.5337 34.8965 34.8965 34.5337 32.8341 28.6641 34.108 34.7981 34.9475 34.9802 34.9802 34.9474 34.7979 34.1068 31.9191 34.2493 34.8686 34.9607 34.9611 34.8699 34.2542 31.948 23.344 19.7606 11.8832 5.495 5.495 11.8832 19.7606 23.344 14.2055 4.71062 1.64644 1.0662 1.0662 1.64644 4.71062 
4.26435 1.49899 1.04082 1.00142 1.00142 1.04082 1.49912 4.26297 11.4524 4.14661 1.49918 1.04356 1.04356 1.49918 4.14661 11.4524 28.6373 32.7856 34.5153 34.885 34.885 34.5153 32.7856 28.6373 34.0034 34.7392 34.9122 34.9506 34.9506 34.9121 34.7389 34.0022 31.7647 34.1349 34.7796 34.8671 34.8677 34.7822 34.1449 31.809 23.0304 19.459 12.1116 5.74824 5.74824 12.1116 19.459 23.0304 13.872 4.7763 1.6817 1.07731 1.07731 1.6817 4.7763 
4.66434 1.59656 1.05223 1.0019 1.0019 1.05223 1.59669 4.6628 12.0929 4.52358 1.58869 1.0539 1.0539 1.58869 4.52358 12.0929 28.8213 32.8063 34.4703 34.8197 34.8197 34.4703 32.8063 28.8213 33.7351 34.6153 34.8336 34.8552 34.8552 34.8336 34.6152 33.734 31.3844 33.695 34.258 34.2815 34.2897 34.2674 33.7112 31.429 22.5636 19.0822 12.0652 5.77005 5.77005 12.0652 19.0822 22.5636 13.5943 4.72858 1.67751 1.07744 1.07744 1.67751 4.72858 
6.35936 2.08014 1.12063 1.00638 1.00638 1.12063 2.08028 6.35749 14.5311 6.11725 2.05872 1.12762 1.12762 2.05872 6.11725 14.5311 29.5139 32.8953 34.3078 34.5856 34.5856 34.3078 32.8953 29.5139 33.1588 34.3451 34.7106 34.6936 34.6938 34.7113 34.3451 33.1573 30.1232 32.4983 32.6826 32.5248 32.4732 32.638 32.4634 30.1315 21.1653 17.9275 11.3903 5.46801 5.46801 11.3903 17.9275 21.1653 13.0771 4.56431 1.64083 1.07168 1.07168 1.64083 4.56431 
8.44322 2.76757 1.24419 1.01757 1.01757 1.2442 2.75944 8.40345 17.4607 8.22349 2.73055 1.26765 1.26765 2.73055 8.22349 17.4607 31.2545 33.4497 34.4269 34.6685 34.6685 34.4269 33.4497 31.2545 32.1429 33.9253 34.3122 34.1115 34.0888 34.2997 33.8997 32.1116 28.1093 31.7869 32.495 32.3744 32.3423 32.4709 31.7518 28.085 14.0174 11.4376 9.02595 5.70657 5.70657 9.02595 11.4376 14.0174 9.02189 4.23679 1.73242 1.12271 1.12271 1.73242 4.23679 
10.1209 3.28976 1.33919 1.02624 1.02624 1.33922 3.28226 10.09 20.14 9.94705 3.25934 1.38272 1.38272 3.25934 9.94705 20.14 32.8617 34.1879 34.7504 34.8755 34.8755 34.7504 34.1879 32.8617 33.2688 34.313 34.5814 34.5931 34.5931 34.5799 34.3079 33.2731 30.4488 33.5127 34.1085 34.139 34.1452 34.1109 33.514 30.4915 17.225 14.636 11.8485 7.9822 7.9822 11.8485 14.636 17.225 11.2846 5.37887 2.04922 1.19527 1.19527 2.04922 5.37887 
10.5837 3.42313 1.3615 1.02818 1.02818 1.36153 3.41537 10.5514 20.7926 10.3417 3.36453 1.40388 1.40388 3.36453 10.3417 20.7926 33.3519 34.4638 34.8753 34.9614 34.9614 34.8753 34.4638 33.3519 33.8592 34.6015 34.7932 34.8435 34.8432 34.7919 34.5977 33.8602 31.3968 34.1553 34.7668 34.8487 34.8477 34.7641 34.1537 31.4431 18.884 16.0231 12.8181 8.44621 8.44621 12.8181 16.0231 18.884 12.4561 5.8641 2.15904 1.2128 1.2128 2.15904 5.8641 
10.6694 3.43623 1.35859 1.02688 1.02688 1.35863 3.4308 10.6423 20.8903 10.3817 3.37679 1.40538 1.40538 3.37679 10.3817 20.8903 33.4561 34.505 34.9018 34.9782 34.9782 34.9018 34.505 33.4561 34.083 34.7484 34.9037 34.9433 34.9431 34.903 34.7462 34.0844 31.7449 34.2803 34.8696 34.9593 34.9586 34.8676 34.2783 31.7748 20.3779 16.8937 12.6614 7.74005 7.74005 12.6614 16.8937 20.3779 13.1155 5.55983 2.00801 1.15984 1.15984 2.00801 5.55983 
10.6423 3.4308 1.35863 1.02688 1.02688 1.35859 3.4308 10.6423 20.7993 10.4569 3.38097 1.4048 1.4048 3.38097 10.4569 20.7993 33.4561 34.505 34.9018 34.9782 34.9777 34.9002 34.4949 33.4941 34.0844 34.7462 34.903 34.9431 34.9431 34.903 34.7462 34.0844 31.7748 34.2783 34.8676 34.9586 34.9564 34.8624 34.2719 31.9451 20.3473 16.8171 12.6648 7.67227 7.74005 12.6614 16.8937 20.3779 13.1155 5.55983 2.00801 1.15984 1.16294 2.02137 5.60585 
10.5514 3.41537 1.36153 1.02818 1.02818 1.3615 3.41537 10.5514 20.7026 10.4264 3.36866 1.40276 1.40276 3.36866 10.4264 20.7026 33.3519 34.4638 34.8753 34.9614 34.9603 34.8716 34.4481 33.386 33.8602 34.5977 34.7919 34.8432 34.8432 34.7919 34.5977 33.8602 31.4431 34.1537 34.7641 34.8477 34.8443 34.754 34.1514 31.6506 18.8227 15.9178 12.8241 8.33723 8.44621 12.8181 16.0231 18.884 12.4561 5.8641 2.15904 1.2128 1.21788 2.18078 5.93301 
10.09 3.28226 1.33922 1.02624 1.02624 1.33919 3.28226 10.09 20.0526 10.0315 3.26365 1.38167 1.38167 3.26365 10.0315 20.0526 32.8617 34.1879 34.7504 34.8755 34.8745 34.7444 34.1648 32.8934 33.2731 34.3079 34.5799 34.5931 34.5931 34.5799 34.3079 33.2731 30.4915 33.514 34.1109 34.1452 34.1555 34.1039 33.5171 30.7138 17.1678 14.5439 11.8691 7.89677 7.9822 11.8485 14.636 17.225 11.2846 5.37887 2.04922 1.19527 1.19998 2.06977 5.4427 
8.40345 2.75944 1.2442 1.01757 1.01757 1.24419 2.75944 8.40345 17.3809 8.30515 2.73613 1.26737 1.26737 2.73613 8.30515 17.3809 31.2545 33.4497 34.4269 34.6685 34.6607 34.4155 33.4162 31.2833 32.1116 33.8997 34.2997 34.0888 34.0888 34.2997 33.8997 32.1116 28.085 31.7518 32.4709 32.3423 32.1627 32.2537 31.5512 28.1353 13.9036 11.3039 9.01824 5.6343 5.70657 9.02595 11.4376 14.0174 9.02189 4.23679 1.73242 1.12271 1.12537 1.74378 4.26776 
5.25729 1.78895 1.07412 1.00305 1.00308 1.07434 1.78895 5.25729 13.0305 5.14438 1.79386 1.09214 1.09507 1.81336 5.27502 13.122 27.4772 31.4653 33.3338 33.7361 33.7361 33.3338 31.4653 27.4772 26.3174 28.036 28.6608 28.7038 28.5391 28.4798 27.8675 26.203 21.0642 25.9372 25.867 25.2582 25.3654 25.9719 26.0292 21.2256 8.85493 5.94313 3.324 1.51155 1.58112 3.41803 5.99645 8.74207 4.72819 1.84999 1.11255 1.00871 1.00871 1.11265 1.8693 
4.3649 1.54773 1.04385 1.00126 1.0013 1.0444 1.54773 4.3649 12.0788 4.42231 1.59227 1.06315 1.06589 1.60853 4.51803 12.1023 27.8869 32.1672 34.067 34.5259 34.5259 34.067 32.1672 27.8869 27.6131 30.0452 30.8589 31.3654 31.3671 30.8644 30.0635 27.6718 21.3172 28.4846 30.9278 31.4527 31.4691 30.9821 28.5461 21.4391 6.32816 3.40552 1.69358 1.06934 1.08092 1.71685 3.4174 6.14316 3.00844 1.31637 1.02627 1.00099 1.00099 1.02628 1.31914 
4.18465 1.50551 1.03939 1.00113 1.00117 1.03991 1.50551 4.18465 11.8184 4.24005 1.54703 1.05729 1.05992 1.56278 4.33412 11.8407 28.0205 32.4252 34.3326 34.7975 34.7975 34.3326 32.4252 28.0205 28.6468 31.6873 32.5987 33.1577 33.1595 32.6046 31.708 28.7133 21.3511 29.6982 33.0199 33.8965 33.9165 33.069 29.7471 21.4797 4.92516 2.14292 1.17341 1.01284 1.01943 1.17834 2.13144 4.70063 2.10427 1.14083 1.00864 1.00017 1.00017 1.00865 1.14286 
4.15112 1.48969 1.03622 1.00102 1.00104 1.0365 1.48969 4.15112 11.7706 4.13592 1.50743 1.04864 1.05035 1.51844 4.20226 11.7833 28.0118 32.428 34.4037 34.8486 34.8486 34.4037 32.428 28.0118 29.408 32.8689 33.7871 34.1964 34.1974 33.7902 32.8816 29.4561 21.4804 30.3059 33.7162 34.5158 34.5261 33.7417 30.3275 21.6095 4.55636 1.82147 1.07802 1.00515 1.00948 1.07901 1.8068 4.34418 1.84872 1.09584 1.00507 1.00004 1.00004 1.00508 1.09697 
4.15009 1.48975 1.0365 1.00104 1.00104 1.0365 1.48969 4.15112 11.7706 4.13592 1.50743 1.04864 1.04864 1.50743 4.13592 11.7706 28.0859 32.4439 34.4173 34.8581 34.8581 34.4173 32.428 28.0118 29.4561 32.8816 33.7902 34.1974 34.1964 33.7871 32.8689 29.408 21.488 30.2641 33.6977 34.5102 34.515 33.7051 30.2461 21.6174 4.34418 1.8068 1.07901 1.00948 1.00515 1.07802 1.8068 4.34418 1.84872 1.09584 1.00507 1.00004 1.00004 1.00507 1.09584 
4.18382 1.5056 1.03991 1.00117 1.00117 1.03991 1.50551 4.18465 11.8184 4.24005 1.54703 1.05729 1.05729 1.54703 4.24005 11.8184 28.0642 32.4805 34.3558 34.8104 34.8104 34.3558 32.4252 28.0205 28.7133 31.708 32.6046 33.1595 33.1577 32.5987 31.6873 28.6468 21.3622 29.6394 32.9918 33.8883 33.9008 33.0127 29.6286 21.4913 4.70063 2.13144 1.17834 1.01943 1.01284 1.17341 2.13144 4.70063 2.10427 1.14083 1.00864 1.00017 1.00017 1.00864 1.14083 
4.36409 1.54782 1.0444 1.0013 1.0013 1.0444 1.54773 4.3649 12.0788 4.42231 1.59227 1.06315 1.06315 1.59227 4.42231 12.0788 27.8996 32.2429 34.0931 34.5408 34.5408 34.0931 32.1672 27.8869 27.6718 30.0635 30.8644 31.3671 31.3654 30.8589 30.0452 27.6131 21.3131 28.4329 30.914 31.4583 31.483 30.9541 28.4363 21.4346 6.14316 3.4174 1.71685 1.08092 1.06934 1.69358 3.4174 6.14316 3.00844 1.31637 1.02627 1.00099 1.00099 1.02627 1.31637 
5.25616 1.78905 1.07434 1.00308 1.00308 1.07434 1.78895 5.25729 13.0305 5.14438 1.79386 1.09214 1.09214 1.79386 5.14438 13.0305 27.2802 31.4175 33.2657 33.6318 33.6318 33.2657 31.4653 27.4772 26.203 27.8675 28.4798 28.5391 28.7038 28.6608 28.036 26.3174 20.9821 25.8325 25.7527 25.1432 25.1606 25.7736 25.8145 21.0653 8.74207 5.99645 3.41803 1.58112 1.51155 3.324 5.99645 8.74207 4.72819 1.84999 1.11255 1.00871 1.00871 1.11255 1.84999 
3.22043 1.32038 1.02438 1.00092 1.00086 1.02376 1.31614 3.19833 8.30695 3.0329 1.29855 1.0241 1.02347 1.29585 3.03191 8.38879 20.9528 26.839 28.3918 28.7606 28.86 28.4941 26.941 21.049 14.8746 12.5062 11.5839 11.2557 11.2557 11.5839 12.5062 14.8746 15.9915 19.9255 15.7231 11.5566 11.4474 15.612 19.8157 15.9193 6.15176 3.08011 1.58373 1.08316 1.08471 1.59954 3.13122 6.20363 2.35351 1.15349 1.00883 1.00024 1.00024 1.00883 1.15349 
3.23859 1.32618 1.02579 1.00086 1.00079 1.02512 1.32253 3.2258 8.69776 3.06025 1.30216 1.02493 1.02388 1.29603 3.03535 8.69549 22.1392 29.8828 32.1274 32.5344 32.5319 32.1288 29.8875 22.1416 12.9041 8.33331 6.54804 5.62279 5.62279 6.54804 8.33331 12.9041 16.2233 19.6638 13.468 7.00561 7.00789 13.4725 19.6627 16.2307 5.96401 2.62718 1.38164 1.06519 1.06695 1.38662 2.64754 5.96285 2.21814 1.15447 1.01068 1.00039 1.00039 1.01068 1.15447 
3.25549 1.32615 1.02565 1.00094 1.00087 1.02498 1.32256 3.24329 8.7994 3.08555 1.30509 1.02514 1.0241 1.29908 3.06158 8.80087 22.664 31.1488 33.5154 33.9509 33.9524 33.5201 31.1533 22.6658 11.1647 5.15358 3.16881 2.46509 2.46509 3.16881 5.15358 11.1647 16.5499 19.6804 12.6181 5.49022 5.49274 12.6234 19.6778 16.5574 6.02284 2.5875 1.36825 1.06537 1.06735 1.37225 2.6071 6.02055 2.22299 1.1576 1.01104 1.00048 1.00048 1.01104 1.1576 
3.20101 1.30134 1.02122 1.00069 1.00066 1.02084 1.2993 3.19437 8.84536 3.05684 1.28582 1.021 1.02044 1.28246 3.0433 8.85481 22.8022 31.3794 33.7646 34.2085 34.2091 33.7658 31.3762 22.8023 10.5428 4.02732 2.02209 1.57135 1.57135 2.02209 4.02732 10.5428 16.6128 19.6489 12.443 5.26684 5.26798 12.446 19.6481 16.6199 6.04152 2.52749 1.34476 1.0589 1.06024 1.34734 2.54091 6.04127 2.22023 1.15311 1.01007 1.0004 1.0004 1.01007 1.15311 
3.19437 1.2993 1.02084 1.00066 1.00066 1.02084 1.2993 3.19437 8.84536 3.05684 1.28582 1.021 1.021 1.28582 3.05684 8.84536 22.8022 31.3794 33.7646 34.2085 34.2085 33.7646 31.3794 22.8022 10.5427 4.02451 2.02153 1.57127 1.57135 2.02209 4.02732 10.5428 16.6199 19.6481 12.446 5.26798 5.26798 12.446 19.6481 16.6199 6.04152 2.52749 1.34476 1.0589 1.0589 1.34476 2.52749 6.04152 2.22023 1.15311 1.01007 1.0004 1.00039 1.01003 1.15356 
3.24329 1.32256 1.02498 1.00087 1.00087 1.02498 1.32256 3.24329 8.7994 3.08555 1.30509 1.02514 1.02514 1.30509 3.08555 8.7994 22.664 31.1488 33.5154 33.9509 33.9509 33.5154 31.1488 22.664 11.1677 5.14978 3.16803 2.46495 2.46509 3.16881 5.15358 11.1647 16.5574 19.6778 12.6234 5.49274 5.49274 12.6234 19.6778 16.5574 6.02284 2.5875 1.36825 1.06537 1.06537 1.36825 2.5875 6.02284 2.22299 1.1576 1.01104 1.00048 1.00047 1.01102 1.1585 
3.2258 1.32253 1.02512 1.00079 1.00079 1.02512 1.32253 3.2258 8.69776 3.06025 1.30216 1.02493 1.02493 1.30216 3.06025 8.69776 22.1392 29.8828 32.1274 32.5344 32.5344 32.1274 29.8828 22.1392 12.9069 8.32923 6.54953 5.62521 5.62279 6.54804 8.33331 12.9041 16.2307 19.6627 13.4725 7.00789 7.00789 13.4725 19.6627 16.2307 5.96401 2.62718 1.38164 1.06519 1.06519 1.38164 2.62718 5.96401 2.21814 1.15447 1.01068 1.00039 1.00038 1.01065 1.15534 
3.19833 1.31614 1.02376 1.00086 1.00086 1.02376 1.31614 3.19833 8.30695 3.0329 1.29855 1.0241 1.0241 1.29855 3.0329 8.30695 20.9528 26.839 28.3918 28.7606 28.7606 28.3918 26.839 20.9528 14.7289 12.3061 11.3851 11.0832 11.2557 11.5839 12.5062 14.8746 15.9193 19.8157 15.612 11.4474 11.4474 15.612 19.8157 15.9193 6.15176 3.08011 1.58373 1.08316 1.08316 1.58373 3.08011 6.15176 2.35351 1.15349 1.00883 1.00024 1.00024 1.00892 1.15417 
1.1725 1.01531 1.00087 0.999996 0.999996 1.00087 1.01517 1.16939 1.98198 1.14008 1.01065 1.00024 1.00024 1.01065 1.14008 1.98198 8.71304 11.9145 12.9522 13.2035 13.2035 12.9522 11.9145 8.71304 4.54817 2.93509 2.453 2.42115 2.42125 2.45317 2.90448 4.50583 7.21286 8.63323 6.30361 3.99457 3.99457 6.30361 8.63323 7.21286 2.14088 1.34823 1.06392 1.0052 1.0052 1.06392 1.34823 2.14088 1.16997 1.01226 1.00052 0.999965 0.999965 1.00052 1.01249 
1.02142 1.00146 0.999948 0.9999 0.9999 0.999948 1.00149 1.0216 1.14392 1.01321 1.0004 0.999838 0.999838 1.0004 1.01321 1.14392 2.91397 3.87057 4.18001 4.23965 4.23965 4.18001 3.87057 2.91397 1.72452 1.25534 1.15783 1.1676 1.16766 1.15792 1.2526 1.71974 3.031 3.35972 2.17073 1.43094 1.43094 2.17073 3.35972 3.031 1.1692 1.03102 1.00389 1.00004 1.00004 1.00389 1.03102 1.1692 1.01718 1.00087 0.999901 0.999905 0.999905 0.999898 1.00085 
1.00133 0.999978 0.999977 0.999999 0.999999 0.999977 0.99998 1.00134 1.00958 1.00039 0.999906 0.999992 0.999992 0.999906 1.00039 1.00958 1.26068 1.42546 1.4771 1.47955 1.47955 1.4771 1.42546 1.26068 1.07397 1.02233 1.01427 1.01403 1.01403 1.01427 1.0223 1.07349 1.41514 1.43992 1.13785 1.0253 1.0253 1.13785 1.43992 1.41514 1.01407 1.00122 0.999982 0.999949 0.999949 0.999982 1.00122 1.01407 1.00088 0.999942 0.999983 1 1 0.999983 0.999941 
1.00007 0.999973 0.999998 1 1 0.999998 0.999973 1.00007 1.00021 0.999845 0.999992 1 1 0.999992 0.999845 1.00021 1.0179 1.03294 1.03454 1.03575 1.03575 1.03454 1.03294 1.0179 1.00424 1.00154 1.00139 1.00122 1.00122 1.00139 1.00154 1.00421 1.05821 1.0563 1.01 1.00029 1.00029 1.01 1.0563 1.05821 1.00072 0.999865 0.999957 0.999998 0.999998 0.999957 0.999865 1.00072 1.00004 0.999978 0.999999 1 1 0.999999 0.999978 
1.00007 0.999973 0.999998 1 1 0.999998 0.999973 1.00007 1.00021 0.999845 0.999992 1 1 0.999992 0.999844 1.00021 1.0179 1.03294 1.03454 1.03575 1.03542 1.03423 1.03256 1.01772 1.00421 1.00154 1.00139 1.00122 1.00122 1.00139 1.00154 1.00421 1.05982 1.05763 1.00975 1.00029 1.00029 1.01 1.0563 1.05821 1.00059 0.999865 0.999957 0.999998 0.999998 0.999957 0.999861 1.00059 1.00004 0.999978 0.999999 1 1 0.999999 0.999978 
1.00134 0.99998 0.999977 0.999999 0.999999 0.999977 0.999978 1.00133 1.00958 1.00039 0.999906 0.999992 0.999992 0.999906 1.00038 1.00958 1.26068 1.42546 1.4771 1.47955 1.47742 1.47514 1.42334 1.2597 1.07349 1.0223 1.01427 1.01403 1.01403 1.01427 1.0223 1.07349 1.42342 1.44746 1.13573 1.0252 1.0253 1.13785 1.43992 1.41514 1.01296 1.00122 0.999982 0.999949 0.999949 0.999987 1.0012 1.01296 1.00088 0.999942 0.999983 1 1 0.999983 0.999942 
1.0216 1.00149 0.999953 0.9999 0.9999 0.999948 1.00146 1.02142 1.14392 1.01321 1.0004 0.999838 0.999837 1.0004 1.01304 1.14388 2.91397 3.87057 4.18001 4.23965 4.2284 4.17221 3.8672 2.91513 1.71974 1.2526 1.15792 1.16766 1.16766 1.15792 1.2526 1.71974 3.07144 3.39912 2.16526 1.43032 1.43094 2.17073 3.35972 3.031 1.16249 1.03102 1.00389 1.00004 1.00005 1.00389 1.03107 1.16249 1.01718 1.00087 0.999901 0.999905 0.999905 0.999901 1.00087 
1.16939 1.01517 1.00087 0.999997 0.999996 1.00087 1.01531 1.1725 1.98198 1.14008 1.01065 1.00024 1.0002 1.01019 1.13489 1.95883 8.71304 11.9145 12.9522 13.2035 13.2995 13.0479 11.9397 8.74782 4.50583 2.90448 2.45317 2.42125 2.42125 2.45317 2.90448 4.50583 7.12317 8.50167 6.26258 3.95696 3.99457 6.30361 8.63323 7.21286 2.11029 1.34823 1.06392 1.0052 1.00519 1.06408 1.34674 2.11029 1.16997 1.01226 1.00052 0.999965 0.999965 1.00052 1.01226 
1.01278 1.00104 1.00008 1.00007 1.00007 1.00008 1.00104 1.01278 1.12695 1.01125 1.00052 1.00003 1.00003 1.00052 1.01125 1.12695 3.16869 4.41654 4.82015 4.71063 4.71063 4.82015 4.41654 3.16869 1.81394 1.31415 1.24682 1.16521 1.16521 1.24682 1.31415 1.81394 2.87519 3.2144 2.05991 1.43444 1.43444 2.05991 3.2144 2.87519 1.19679 1.02742 1.00403 1.0003 1.0003 1.00403 1.02742 1.19679 1.01953 1.00116 1.00008 1.00006 1.00006 1.00008 1.00116 
1.00048 0.999983 0.999984 0.999996 0.999996 0.999984 0.999983 1.00048 1.00864 1.00046 0.999921 0.999987 0.999987 0.999921 1.00046 1.00864 1.43267 1.7287 1.84041 1.76211 1.76211 1.84041 1.7287 1.43267 1.10866 1.02498 1.01823 1.00887 1.00887 1.01823 1.02498 1.10866 1.27373 1.30879 1.09771 1.03087 1.03087 1.09771 1.30879 1.27373 1.01879 1.0017 1.00001 0.999938 0.999938 1.00001 1.0017 1.01879 1.00171 1.00001 0.999974 0.999995 0.999995 0.999974 1.00001 
1.00001 0.999987 1 1 1 1 0.999987 1.00001 1.00035 0.999886 0.99999 1 1 0.99999 0.999886 1.00035 1.05651 1.10341 1.12504 1.10312 1.10312 1.12504 1.10341 1.05651 1.00832 1.00073 1.00038 1.00005 1.00005 1.00038 1.00073 1.00832 1.01837 1.02008 1.00385 1.00105 1.00105 1.00385 1.02008 1.01837 1.00108 0.99995 0.999951 0.999993 0.999993 0.999951 0.99995 1.00108 1.00014 0.999975 0.999997 1 1 0.999997 0.999975 
1.00007 0.999996 1 1 1 1 0.999996 1.00007 0.999997 0.99991 1 1 1 1 0.99991 0.999997 1.00388 1.00767 1.00999 1.00743 1.00743 1.00999 1.00767 1.00388 1.00043 0.999927 0.999997 0.99999 0.99999 0.999997 0.999927 1.00043 1.00044 1.00026 0.999983 0.999967 0.999967 0.999983 1.00026 1.00044 1.00001 0.999896 0.999998 1 1 0.999998 0.999896 1.00001 1.00006 0.999995 1 1 1 1 0.999995 
0 0 0 0 1 1 0.999996 1.00007 0.999997 0.99991 1 1 1 1 0.999909 1 1.00388 1.00767 1.00999 1.00743 1.00724 1.0097 1.00745 1.00378 1.00042 0.999925 0.999997 0.99999 0.99999 0.999997 0.999927 1.00043 1.00048 1.00028 0.999983 0.999967 0.999967 0.999983 1.00026 1.00044 1 0.999897 0.999998 1 1 0.999998 0.999896 1.00001 1.00006 0.999995 1 1 0 0 0 
0 0 0 0 1 1 0.999987 1.00001 1.00035 0.999886 0.99999 1 1 0.99999 0.999886 1.0004 1.05651 1.10341 1.12504 1.10312 1.10131 1.12258 1.10142 1.05549 1.00814 1.0007 1.00035 1.00003 1.00005 1.00038 1.00073 1.00832 1.01893 1.02045 1.00385 1.00105 1.00105 1.00385 1.02008 1.01837 1.00107 0.999944 0.999951 0.999993 0.999993 0.999951 0.99995 1.00108 1.00014 0.999975 0.999997 1 0 0 0 
0 0 0 0 0.999996 0.999984 0.999983 1.00048 1.00864 1.00046 0.999921 0.999987 0.999987 0.99992 1.00046 1.00906 1.43267 1.7287 1.84041 1.76211 1.75251 1.82801 1.71839 1.42708 1.10699 1.02444 1.01775 1.00863 1.00887 1.01823 1.02498 1.10866 1.27788 1.31189 1.09775 1.03085 1.03087 1.09771 1.30879 1.27373 1.01878 1.00168 1.00001 0.999938 0.999938 1.00001 1.0017 1.01879 1.00171 1.00001 0.999974 0.999995 0 0 0 
