0 0 0 0 0.999991 1.0004 1.00935 1.15715 1.82913 1.20925 1.02337 1.00158 1.00159 1.02352 1.21028 1.8349 2.65947 3.0496 3.30015 3.32011 3.31118 3.28722 3.03417 2.64995 2.89741 4.46479 7.24985 8.73582 8.70512 7.2259 4.42679 2.87942 2.20119 2.29416 1.58282 1.2259 1.22361 1.57512 2.28198 2.18718 1.25031 1.08467 1.01382 1.00106 1.00111 1.01438 1.08618 1.25124 1.06333 1.00477 1.00029 1.00004 0 0 0 
0 0 0 0 0.999983 0.999985 1.00076 1.01316 1.08035 1.01377 1.00093 0.999899 0.9999 1.00094 1.01382 1.08085 1.19765 1.25961 1.29817 1.29796 1.29765 1.29734 1.25848 1.19713 1.30252 1.95863 3.67665 3.92483 3.88404 3.62619 1.93917 1.29774 1.19308 1.20921 1.06036 1.01434 1.01459 1.06094 1.21046 1.1939 1.01808 1.00515 1.00065 0.999995 0.999998 1.00068 1.00528 1.01821 1.00427 1.00021 0.99996 0.999992 0 0 0 
0 0 0 0 1 0.999987 0.999983 1.0006 1.00347 1.00024 0.999926 0.999977 0.999977 0.999927 1.00024 1.0035 1.01011 1.01386 1.01684 1.01655 1.01656 1.01681 1.0138 1.0101 1.031 1.18325 1.69629 1.70424 1.6914 1.67922 1.17858 1.03033 1.01458 1.01558 1.0033 1.00055 1.00057 1.00338 1.01582 1.01477 1.00063 1.00009 1 0.999988 0.999987 1 1.0001 1.00063 1.00025 0.999959 0.999994 1 0 0 0 
0 0 0 0 1 1 0.999983 1.00004 1.00001 0.999842 0.999988 1 1 0.999988 0.999843 1.00001 1.00014 1.00007 1.00025 1.00024 1.00024 1.00025 1.00007 1.00014 1.00176 1.02017 1.12608 1.1162 1.11361 1.12263 1.01957 1.00171 1.00074 1.00061 1.00011 0.999955 0.999956 1.00012 1.00063 1.00076 0.999975 0.999876 0.999992 1 1 0.999992 0.999876 0.999976 1.00004 0.999993 1 1 0 0 0 
1.00004 0.999983 1 1 1 1 0.999983 1.00004 1.00001 0.999843 0.999988 1 1 0.999988 0.999843 1.00001 1.00014 1.00007 1.00025 1.00024 1.00024 1.00025 1.00007 1.00014 1.00176 1.02017 1.12608 1.1162 1.1162 1.12608 1.02017 1.00176 1.00076 1.00063 1.00012 0.999956 0.999956 1.00012 1.00063 1.00076 0.999976 0.999876 0.999992 1 1 0.999992 0.999876 0.999976 1.00004 0.999993 1 1 1 1 0.999993 
1.0006 0.999983 0.999987 1 1 0.999987 0.999983 1.0006 1.0035 1.00024 0.999926 0.999977 0.999977 0.999926 1.00024 1.0035 1.01011 1.01386 1.01684 1.01655 1.01655 1.01684 1.01386 1.01011 1.031 1.18325 1.69629 1.70424 1.70424 1.69629 1.18325 1.031 1.01477 1.01582 1.00338 1.00057 1.00057 1.00338 1.01582 1.01477 1.00063 1.0001 1 0.999987 0.999988 1 1.0001 1.00063 1.00025 0.999959 0.999994 1 1 0.999994 0.999959 
1.01316 1.00076 0.999985 0.999983 0.999983 0.999985 1.00076 1.01316 1.08085 1.01382 1.00093 0.999899 0.999899 1.00093 1.01382 1.08085 1.19765 1.25961 1.29817 1.29796 1.29796 1.29817 1.25961 1.19765 1.30252 1.95863 3.67665 3.92483 3.92483 3.67665 1.95863 1.30252 1.1939 1.21046 1.06094 1.01459 1.01459 1.06094 1.21046 1.1939 1.01821 1.00528 1.00068 0.999998 0.999995 1.00068 1.00528 1.01821 1.00427 1.00021 0.99996 0.999992 0.999992 0.99996 1.00021 
1.15715 1.00935 1.0004 0.999991 0.999991 1.0004 1.00935 1.15715 1.8349 1.21028 1.02337 1.00158 1.00158 1.02337 1.21028 1.8349 2.65947 3.0496 3.30015 3.32011 3.32011 3.30015 3.0496 2.65947 2.89741 4.46479 7.24985 8.73582 8.73582 7.24985 4.46479 2.89741 2.18718 2.28198 1.57512 1.22361 1.22361 1.57512 2.28198 2.18718 1.25124 1.08618 1.01438 1.00111 1.00106 1.01438 1.08618 1.25124 1.06333 1.00477 1.00029 1.00004 1.00004 1.00029 1.00477 
2.51863 1.26842 1.02119 1.0007 1.0007 1.02119 1.26844 2.51863 4.89437 2.52111 1.25979 1.02873 1.02873 1.25979 2.52111 4.89437 7.14004 8.33984 9.52909 9.6016 9.6016 9.52909 8.33984 7.14004 7.2342 8.49609 10.9186 13.6469 13.626 10.8649 8.54626 7.31904 6.28332 6.55335 5.35271 3.77008 3.77008 5.35271 6.55335 6.28332 2.5702 1.66293 1.13754 1.01684 1.0172 1.13908 1.67014 2.81286 1.43727 1.03476 1.00109 0.999986 0.999991 1.00113 1.03506 
1.31152 1.04043 1.00244 0.999902 0.999902 1.00244 1.04043 1.31147 1.83258 1.22265 1.02394 1.00132 1.00132 1.02394 1.22265 1.83258 2.70239 3.12216 3.32102 3.327 3.327 3.32102 3.12216 2.70239 2.87056 4.59498 6.15046 7.236 7.3116 6.20176 4.76025 2.94408 2.38849 2.42846 1.87064 1.3523 1.3523 1.87064 2.42846 2.38849 1.25424 1.0734 1.0075 1.00036 1.00039 1.00772 1.07433 1.27525 1.04769 1.00246 0.999951 0.9999 0.999899 0.999958 1.00251 
1.03388 1.00299 1.00004 0.999968 0.999968 1.00004 1.00299 1.03388 1.08698 1.01545 1.00084 0.999884 0.999884 1.00084 1.01545 1.08698 1.21911 1.28998 1.32387 1.31855 1.31855 1.32387 1.28998 1.21911 1.31868 2.12336 3.10882 3.10428 3.18697 3.24283 2.2532 1.34504 1.22883 1.23555 1.10365 1.02308 1.02308 1.10365 1.23555 1.22883 1.01905 1.00319 0.999967 0.999973 0.999973 0.999973 1.00323 1.02125 1.00266 1.00002 0.999976 0.999999 0.999999 0.999975 1.00003 
1.00215 1.00008 0.999951 0.999998 0.999998 0.999951 1.00008 1.00215 1.0045 1.00026 0.999911 0.999984 0.999984 0.999911 1.00026 1.0045 1.01446 1.02053 1.02355 1.02248 1.02248 1.02355 1.02053 1.01446 1.0357 1.24991 1.68845 1.61818 1.64938 1.74783 1.28336 1.03973 1.02276 1.02419 1.00658 1.00059 1.00059 1.00658 1.02419 1.02276 1.00057 0.999889 1.00002 1 1 1.00002 0.999891 1.00072 1.00012 0.999972 0.999998 1 1 0.999998 0.999972 
1.00215 1.00008 0.999951 0.999998 0.999998 0.999951 1.00008 1.00215 1.00457 1.00028 0.999911 0.999984 0.999985 0.999907 1.00026 1.0045 1.01446 1.02053 1.02355 1.02248 1.023 1.02424 1.02053 1.01446 1.03973 1.28336 1.74783 1.64938 1.64938 1.74783 1.28336 1.03973 1.02226 1.02356 1.00644 1.00058 1.00058 1.00644 1.02358 1.02227 1.00072 0.999891 1.00002 1 1 1.00002 0.999889 1.00072 1.00012 0.999972 0.999998 1 1 0.999998 0.999972 
1.03388 1.00299 1.00004 0.999968 0.999968 1.00004 1.00299 1.03388 1.0875 1.01566 1.00084 0.999884 0.999879 1.00081 1.01545 1.08698 1.21911 1.28998 1.32387 1.31855 1.32228 1.32897 1.28999 1.21904 1.34504 2.2532 3.24283 3.18697 3.18697 3.24283 2.2532 1.34504 1.22592 1.23189 1.10274 1.02301 1.02302 1.10277 1.23199 1.22603 1.02125 1.00323 0.999973 0.999973 0.999973 0.999967 1.00319 1.02125 1.00266 1.00003 0.999975 0.999999 0.999999 0.999976 1.00002 
1.31147 1.04043 1.00242 0.9999 0.999902 1.00244 1.04043 1.31152 1.83332 1.22432 1.02394 1.00132 1.00128 1.02346 1.22265 1.83258 2.70239 3.12216 3.32102 3.327 3.3464 3.3478 3.11883 2.69914 2.94408 4.76025 6.20176 7.3116 7.3116 6.20176 4.76025 2.94408 2.37386 2.411 1.86465 1.352 1.35204 1.86472 2.41131 2.37413 1.27525 1.07433 1.00772 1.00039 1.00036 1.0075 1.0734 1.27525 1.04769 1.00251 0.999958 0.999899 0.9999 0.999951 1.00246 
2.51863 1.26844 1.02163 1.00072 1.0007 1.02119 1.26842 2.51863 4.92511 2.54392 1.25979 1.02873 1.02726 1.25067 2.52111 4.89437 7.14004 8.33984 9.52909 9.6016 9.51493 9.44117 8.42886 7.19823 7.31904 8.54626 10.8649 13.626 13.626 10.8649 8.54626 7.31904 6.30115 6.56442 5.38022 3.80545 3.80619 5.38117 6.5649 6.30181 2.81286 1.67014 1.13908 1.0172 1.01684 1.13754 1.66293 2.81286 1.43727 1.03506 1.00113 0.999991 0.999986 1.00109 1.03476 
7.11491 2.57903 1.2186 1.0165 1.0165 1.2186 2.57903 7.11491 13.4168 7.42185 2.79579 1.38536 1.38531 2.79579 7.42185 13.4168 20.7586 24.9901 25.629 25.7325 25.7325 25.629 24.9901 20.7586 15.9217 17.1716 19.7616 22.3966 22.5529 19.9166 17.2949 16.032 12.7339 13.2983 11.3116 8.81484 8.81477 11.3117 13.2979 12.7335 6.96493 4.38887 2.28337 1.31867 1.32745 2.33211 4.38887 6.96493 4.38359 1.6595 1.065 1.00281 1.00281 1.065 1.6595 
8.70259 3.04222 1.2947 1.0239 1.0239 1.2947 3.04222 8.70259 15.8864 9.19686 3.39792 1.54371 1.54371 3.39792 9.19686 15.8864 22.3965 27.5459 28.9659 29.2809 29.2809 28.9659 27.5459 22.3965 14.0214 14.2486 17.9749 22.2726 22.3177 17.9718 14.2024 13.9866 13.107 13.9862 10.5963 6.70453 6.7038 10.5957 13.9859 13.1065 6.1116 3.52369 1.68715 1.12869 1.12082 1.65331 3.52369 6.1116 3.0798 1.33756 1.03039 1.00114 1.00114 1.03039 1.33756 
6.71272 2.41756 1.18904 1.01426 1.01426 1.18904 2.41756 6.71272 12.7259 7.23578 2.7085 1.35585 1.3559 2.7085 7.23578 12.7259 17.8313 22.2806 23.4677 23.8042 23.8042 23.4677 22.2806 17.8313 10.3715 11.523 16.5695 20.4406 20.4714 16.5847 11.4685 10.3468 10.4304 11.3901 8.10599 4.54847 4.54859 8.10646 11.3897 10.4297 4.45352 2.55888 1.3713 1.0583 1.05395 1.34922 2.55888 4.45352 2.20078 1.16789 1.01346 1.00046 1.00046 1.01346 1.16789 
4.69713 1.73656 1.07203 1.0033 1.0033 1.07203 1.73656 4.69713 8.75683 4.47096 1.66939 1.08554 1.08544 1.66939 4.47096 8.75683 12.778 16.2667 17.0376 17.0499 17.0499 17.0376 16.2667 12.778 7.26985 9.88424 16.2202 19.2035 19.2168 16.2344 9.85164 7.25966 7.35767 8.16051 5.14655 2.3801 2.37989 5.14593 8.1606 7.35785 2.67358 1.53246 1.08683 1.00789 1.00734 1.08251 1.53246 2.67358 1.37227 1.03142 1.00131 1.00003 1.00003 1.00131 1.03142 
4.70792 1.73556 1.07166 1.00326 1.0033 1.07203 1.73656 4.69713 8.75683 4.47096 1.66939 1.08544 1.08554 1.66996 4.46853 8.76704 12.778 16.2667 17.0376 17.0499 17.0509 17.0402 16.2719 12.7876 7.25966 9.85164 16.2344 19.2168 19.2035 16.2202 9.88424 7.26985 7.35785 8.1606 5.14593 2.37989 2.3634 5.1287 8.17071 7.38389 2.64301 1.51899 1.08081 1.00713 1.00789 1.08683 1.53246 2.67358 1.36492 1.03142 1.00131 1.00003 1.00004 1.0014 1.03248 
6.74577 2.41601 1.18796 1.01406 1.01426 1.18904 2.41756 6.71272 12.7259 7.23578 2.7085 1.3559 1.35585 2.7084 7.23463 12.7567 17.8313 22.2806 23.4677 23.8042 23.8055 23.4704 22.2876 17.8556 10.3468 11.4685 16.5847 20.4714 20.4406 16.5695 11.523 10.3715 10.4297 11.3897 8.10646 4.54859 4.50219 8.09848 11.4472 10.5175 4.40837 2.52287 1.34386 1.05281 1.0583 1.3713 2.55888 4.45352 2.17791 1.16789 1.01346 1.00046 1.00051 1.01412 1.17279 
8.74776 3.03908 1.29302 1.02356 1.0239 1.2947 3.04222 8.70259 15.8864 9.19686 3.39792 1.54371 1.54371 3.3978 9.19104 15.9137 22.3965 27.5459 28.9659 29.2809 29.2815 28.9704 27.5574 22.4327 13.9866 14.2024 17.9718 22.3177 22.2726 17.9749 14.2486 14.0214 13.1065 13.9859 10.5957 6.7038 6.64655 10.6052 14.0587 13.2185 6.0678 3.48782 1.6483 1.1191 1.12869 1.68715 3.52369 6.1116 3.05072 1.33756 1.03039 1.00114 1.00121 1.03133 1.34388 
7.17428 2.58351 1.21814 1.01634 1.0165 1.2186 2.57903 7.11491 13.4168 7.42185 2.79579 1.38531 1.38536 2.79629 7.4201 13.4653 20.7586 24.9901 25.629 25.7325 25.9784 25.8761 25.1249 20.9069 16.032 17.2949 19.9166 22.5529 22.3966 19.7616 17.1716 15.9217 12.7335 13.2979 11.3117 8.81477 8.87523 11.4215 13.4436 12.9331 7.09082 4.52221 2.3601 1.33258 1.31867 2.28337 4.38887 6.96493 4.3112 1.6595 1.065 1.00281 1.00287 1.06611 1.66861 
9.49271 3.18679 1.32418 1.0238 1.0238 1.32418 3.18679 9.49271 18.3486 8.84461 3.06074 1.38624 1.38624 3.06074 8.84461 18.3486 28.9314 32.0063 32.7194 32.8719 32.9307 32.7709 31.9896 28.9581 26.0766 27.3397 29.5927 31.1224 31.1224 29.7125 27.4594 26.184 24.8513 25.8758 26.1928 25.1375 24.8732 25.9378 25.8758 24.8513 18.228 15.8809 9.3643 4.1479 4.18415 9.43205 15.8809 18.2812 11.0809 3.55593 1.38412 1.0285 1.02816 1.38161 3.53984 
11.0351 3.60833 1.40302 1.03133 1.03133 1.40302 3.60833 11.0351 20.9875 10.2646 3.47799 1.48997 1.48997 3.47799 10.2646 20.9875 30.9485 33.3913 34.3108 34.467 34.4589 34.2976 33.3806 31.0355 29.7472 30.1416 31.5391 32.881 32.881 31.5442 30.1242 29.7261 29.8921 31.6143 32.0566 31.8448 31.8688 32.0639 31.6143 29.8921 20.5264 18.3648 10.9482 4.75498 4.77857 10.9771 18.3648 20.4977 12.3673 3.88324 1.43962 1.03172 1.03154 1.43857 3.87748 
11.4534 3.7164 1.41912 1.03251 1.03251 1.41912 3.7164 11.4534 21.9576 10.7773 3.62034 1.51972 1.51972 3.62034 10.7773 21.9576 32.176 34.0804 34.7878 34.901 34.8986 34.7813 34.0704 32.2593 32.1255 32.405 33.2079 34.0019 34.0019 33.2117 32.3947 32.1081 31.3473 33.3586 34.2579 34.3426 34.3396 34.2418 33.3586 31.3473 21.6586 19.6273 11.6514 4.98827 5.01116 11.6793 19.6273 21.6312 13.036 4.0608 1.46825 1.03383 1.03365 1.46721 4.05499 
11.4645 3.68529 1.40146 1.02933 1.02933 1.40146 3.68529 11.4645 22.2407 10.8173 3.60819 1.49741 1.49741 3.60819 10.8173 22.2407 32.541 34.2609 34.8662 34.9655 34.9647 34.8629 34.2537 32.6063 33.239 33.6933 34.1748 34.5873 34.5873 34.177 33.6905 33.2259 31.6974 33.8138 34.696 34.8288 34.8271 34.6857 33.8138 31.6974 22.136 20.097 11.7939 4.96806 4.98139 11.8084 20.097 22.1198 13.2577 4.1021 1.47222 1.0335 1.03338 1.47152 4.0984 
11.4253 3.67834 1.39988 1.02907 1.02933 1.40146 3.68529 11.4645 22.4277 10.967 3.63025 1.50191 1.50191 3.63025 10.967 22.4277 32.6063 34.2537 34.8629 34.9647 34.9647 34.8629 34.2537 32.6063 33.2259 33.6905 34.177 34.5897 34.5873 34.1748 33.6933 33.239 31.6974 33.8138 34.6857 34.8271 34.8288 34.696 33.842 31.6849 22.1198 20.0807 11.8084 4.98139 4.96806 11.7939 20.097 22.136 13.2574 4.0984 1.47152 1.03338 1.0335 1.47222 4.1021 
11.3973 3.70441 1.41642 1.03209 1.03251 1.41912 3.7164 11.4534 22.1208 11.0095 3.65361 1.52715 1.52715 3.65361 11.0095 22.1208 32.2593 34.0704 34.7813 34.8986 34.8986 34.7813 34.0704 32.2593 32.1081 32.3947 33.2117 34.0105 34.0019 33.2079 32.405 32.1255 31.3473 33.3586 34.2418 34.3396 34.3426 34.2579 33.409 31.3208 21.6312 19.5967 11.6793 5.01116 4.98827 11.6514 19.6273 21.6586 13.0357 4.05499 1.46721 1.03365 1.03383 1.46825 4.0608 
10.9811 3.59701 1.40041 1.03091 1.03133 1.40302 3.60833 11.0351 21.1113 10.4638 3.50913 1.49699 1.49699 3.50913 10.4638 21.1113 31.0355 33.3806 34.2976 34.4589 34.4589 34.2976 33.3806 31.0355 29.7261 30.1242 31.5442 32.895 32.881 31.5391 30.1416 29.7472 29.8921 31.6143 32.0639 31.8688 31.8448 32.0566 31.6486 29.8443 20.4977 18.3284 10.9771 4.77857 4.75498 10.9482 18.3648 20.5264 12.3682 3.87748 1.43857 1.03154 1.03172 1.43962 3.88324 
9.44397 3.17491 1.3219 1.02349 1.0238 1.32418 3.18679 9.49271 18.631 8.99581 3.0837 1.39102 1.39102 3.0837 8.99581 18.631 28.9581 31.9896 32.7709 32.9307 32.9307 32.7709 31.9896 28.9581 26.184 27.4594 29.7125 31.2061 31.1224 29.5927 27.3397 26.0766 24.8513 25.8758 25.9378 24.8732 25.1375 26.1928 26.1063 25.0365 18.2812 15.9191 9.43205 4.18415 4.1479 9.3643 15.8809 18.228 11.044 3.53984 1.38161 1.02816 1.0285 1.38412 3.55593 
6.39179 2.10589 1.1276 1.00696 1.00696 1.1276 2.10589 6.39179 14.7524 6.15856 2.09208 1.1363 1.1363 2.09208 6.15856 14.7524 29.4074 32.799 34.2657 34.5579 34.5586 34.2686 32.8328 29.4175 33.1345 34.3467 34.7051 34.6874 34.6874 34.7051 34.3467 33.1345 30.0705 32.3714 32.5114 32.3391 32.3391 32.5114 32.3213 30.0705 21.0203 17.7324 11.4852 5.63446 5.58251 11.4328 17.7991 21.0292 13.076 4.61194 1.66726 1.07718 1.0785 1.67352 4.63828 
4.70583 1.61509 1.05605 1.00212 1.00212 1.05605 1.61509 4.70583 12.3589 4.57502 1.61455 1.05845 1.05845 1.61455 4.57502 12.3589 28.7443 32.7189 34.4406 34.8079 34.8088 34.4433 32.7477 28.7369 33.7039 34.6059 34.8282 34.8474 34.8474 34.8282 34.6059 33.7039 31.394 33.6702 34.2565 34.2797 34.2797 34.2565 33.7046 31.4381 22.3654 18.8283 12.1797 5.96433 5.89986 12.1178 18.9359 22.4126 13.5975 4.77294 1.7057 1.08347 1.08513 1.71356 4.80396 
4.30109 1.51414 1.04377 1.00156 1.00156 1.04377 1.51414 4.30109 11.7064 4.18684 1.51987 1.04707 1.04707 1.51987 4.18684 11.7064 28.5648 32.6998 34.4888 34.8762 34.8763 34.4901 32.7294 28.5575 33.9788 34.7297 34.9076 34.9473 34.9473 34.9076 34.7297 33.9788 31.784 34.113 34.7771 34.8627 34.8627 34.7771 34.1399 31.8276 22.8496 19.2156 12.228 5.93984 5.87721 12.1657 19.3202 22.8936 13.8848 4.82336 1.71013 1.08329 1.08492 1.71785 4.85355 
4.1668 1.47264 1.03693 1.00119 1.00119 1.03693 1.47264 4.1668 11.5739 4.04699 1.47343 1.03967 1.03967 1.47343 4.04699 11.5739 28.5984 32.7627 34.5117 34.889 34.8892 34.5128 32.7843 28.5937 34.0815 34.789 34.9439 34.9785 34.9785 34.9439 34.789 34.0815 31.9246 34.2239 34.866 34.9593 34.9593 34.866 34.2383 31.9526 23.2049 19.5735 11.9589 5.64973 5.61044 11.9169 19.6397 23.2361 14.2301 4.76393 1.67242 1.0711 1.07215 1.67761 4.7846 
4.1923 1.47713 1.03752 1.00124 1.00119 1.03693 1.47264 4.1668 11.3586 4.06477 1.47871 1.04048 1.03967 1.47343 4.04699 11.5739 28.5937 32.7843 34.5128 34.8892 34.8892 34.5128 32.7843 28.5937 34.0908 34.7905 34.944 34.9785 34.9785 34.9439 34.789 34.0815 31.8674 34.2073 34.8576 34.957 34.957 34.8576 34.2073 31.8674 23.2361 19.6397 11.9169 5.61044 5.61031 11.9171 19.6347 23.3245 14.2194 4.7846 1.67761 1.07215 1.0711 1.67242 4.76393 
4.33813 1.52091 1.0447 1.00164 1.00156 1.04377 1.51414 4.30109 11.4817 4.20706 1.52739 1.04831 1.04707 1.51987 4.18684 11.7064 28.5575 32.7294 34.4901 34.8763 34.8763 34.4901 32.7294 28.5575 33.9953 34.7326 34.9079 34.9473 34.9473 34.9076 34.7297 33.9788 31.6963 34.0792 34.7616 34.8586 34.8586 34.7616 34.0792 31.6963 22.8936 19.3202 12.1657 5.87721 5.87743 12.1661 19.3053 23.0004 13.869 4.85355 1.71785 1.08492 1.08329 1.71013 4.82336 
4.74514 1.6227 1.05712 1.00221 1.00212 1.05605 1.61509 4.70583 12.1238 4.58998 1.62186 1.05972 1.05845 1.61455 4.57502 12.3589 28.7369 32.7477 34.4433 34.8088 34.8088 34.4433 32.7477 28.7369 33.7202 34.609 34.8281 34.8462 34.8474 34.8282 34.6059 33.7039 31.3057 33.6248 34.2145 34.2466 34.2466 34.2145 33.6248 31.3057 22.4126 18.9359 12.1178 5.89986 5.89983 12.1169 18.9172 22.5191 13.5799 4.80396 1.71356 1.08513 1.08347 1.7057 4.77294 
6.43335 2.11493 1.12917 1.00713 1.00696 1.1276 2.10589 6.39179 14.5222 6.16955 2.10051 1.13797 1.1363 2.09208 6.15856 14.7524 29.4175 32.8328 34.2686 34.5586 34.5586 34.2686 32.8328 29.4175 33.1655 34.3623 34.7085 34.6948 34.6874 34.7051 34.3467 33.1345 30.0608 32.4573 32.7097 32.5619 32.5619 32.7097 32.4573 30.0608 21.0292 17.7991 11.4328 5.58251 5.57851 11.4085 17.7378 21.0755 13.0612 4.63828 1.67352 1.0785 1.07718 1.66726 4.61194 
8.48301 2.79963 1.25475 1.01894 1.01866 1.25287 2.7913 8.44555 17.4141 8.2808 2.75956 1.27969 1.27851 2.76464 8.25486 17.5243 31.1773 33.3844 34.4409 34.6746 34.666 34.4255 33.4433 31.237 32.0874 33.9128 34.3053 34.1052 34.0812 34.2911 33.8865 32.0557 27.9658 31.7683 32.5061 32.3911 32.2677 32.3829 31.7683 27.9658 13.9756 11.5269 9.0353 5.78645 5.83947 9.00959 11.3947 13.8641 8.98878 4.29173 1.75782 1.1311 1.12836 1.74641 4.261 
10.1486 3.32615 1.35289 1.02824 1.02785 1.35063 3.31851 10.121 20.088 10.0053 3.29376 1.3993 1.39702 3.30036 9.98117 20.1941 32.8036 34.1494 34.7428 34.8697 34.8696 34.7408 34.1737 32.833 33.2005 34.2894 34.5686 34.5807 34.5806 34.5671 34.2848 33.2027 30.2508 33.4548 34.0855 34.1139 34.1338 34.0997 33.4548 30.2508 17.026 14.6138 11.7881 8.08616 8.19723 11.8015 14.5228 16.9709 11.2113 5.44135 2.08346 1.20845 1.20358 2.06286 5.37841 
10.6211 3.46488 1.37662 1.03037 1.02995 1.37426 3.45697 10.5923 20.7467 10.4039 3.40124 1.42161 1.41931 3.40887 10.3806 20.8501 33.3064 34.4365 34.8749 34.9605 34.9598 34.8723 34.458 33.3405 33.8066 34.5807 34.7815 34.8353 34.835 34.7803 34.5773 33.8059 31.2221 34.1156 34.7569 34.8417 34.8393 34.7509 34.1156 31.2221 18.7139 16.0413 12.7944 8.57056 8.68278 12.8061 15.9367 18.655 12.3981 5.94513 2.19984 1.22769 1.22245 2.17804 5.87697 
10.7077 3.47849 1.373 1.02887 1.02857 1.37133 3.47299 10.6849 20.8501 10.4355 3.41254 1.42255 1.42133 3.42029 10.4138 20.9473 33.4199 34.4839 34.9004 34.9775 34.9771 34.8992 34.4967 33.4497 34.0405 34.7341 34.8965 34.939 34.9388 34.8959 34.7323 34.0407 31.6013 34.2498 34.8636 34.957 34.9549 34.8591 34.2498 31.6013 20.2183 16.8951 12.6507 7.85047 7.9218 12.666 16.819 20.1903 13.0822 5.63294 2.04257 1.17074 1.16755 2.02932 5.58843 
10.6849 3.47299 1.37133 1.02857 1.02857 1.37133 3.47299 10.6849 20.9473 10.4138 3.41254 1.42255 1.42255 3.41254 10.4355 20.8501 33.4497 34.4967 34.8992 34.9771 34.9771 34.8992 34.4967 33.4497 34.0407 34.7323 34.8959 34.9388 34.9388 34.8959 34.7341 34.0405 31.7458 34.2541 34.8591 34.9549 34.957 34.8636 34.2498 31.6013 20.1903 16.819 12.666 7.9218 7.9218 12.666 16.819 20.1903 13.0822 5.63294 2.04257 1.17074 1.17074 2.04257 5.63294 
10.5923 3.45697 1.37426 1.02995 1.02995 1.37426 3.45697 10.5923 20.8501 10.3806 3.40124 1.42161 1.42161 3.40124 10.4039 20.7467 33.3405 34.458 34.8723 34.9598 34.9598 34.8723 34.458 33.3405 33.8059 34.5773 34.7803 34.835 34.835 34.7803 34.5807 33.8066 31.4198 34.1255 34.7509 34.8393 34.8417 34.7569 34.1156 31.2221 18.655 15.9367 12.8061 8.68278 8.68278 12.8061 15.9367 18.655 12.3981 5.94513 2.19984 1.22769 1.22769 2.19984 5.94513 
10.121 3.31851 1.35063 1.02785 1.02785 1.35063 3.31851 10.121 20.1941 9.98117 3.29376 1.3993 1.3993 3.29376 10.0053 20.088 32.833 34.1737 34.7408 34.8696 34.8696 34.7408 34.1737 32.833 33.2027 34.2848 34.5671 34.5806 34.5806 34.5671 34.2894 33.2005 30.4513 33.477 34.0997 34.1338 34.1139 34.0855 33.4548 30.2508 16.9709 14.5228 11.8015 8.19723 8.19723 11.8015 14.5228 16.9709 11.2113 5.44135 2.08346 1.20845 1.20845 2.08346 5.44135 
8.44555 2.7913 1.25287 1.01866 1.01866 1.25287 2.7913 8.44555 17.5243 8.25486 2.75956 1.27969 1.27969 2.75956 8.2808 17.4141 31.237 33.4433 34.4255 34.666 34.666 34.4255 33.4433 31.237 32.0557 33.8865 34.2911 34.0812 34.0812 34.2911 33.9128 32.0874 27.9228 31.6456 32.3829 32.2677 32.3911 32.5061 31.7683 27.9658 13.8641 11.3947 9.00959 5.83947 5.83947 9.00959 11.3947 13.8641 8.98878 4.29173 1.75782 1.1311 1.1311 1.75782 4.29173 
5.31863 1.81491 1.07863 1.00338 1.00338 1.07863 1.81491 5.31863 13.0303 5.14293 1.80664 1.09729 1.09731 1.80678 5.13166 13.1015 27.3658 31.4071 33.183 33.5595 33.5595 33.183 31.4071 27.3658 26.0916 27.7891 28.3888 28.4528 28.4484 28.384 27.7878 26.0898 20.8672 25.7063 25.6787 25.0834 24.969 25.5651 25.5992 20.787 8.80687 6.02361 3.45286 1.61442 1.61442 3.45286 6.02361 8.80687 4.76486 1.87559 1.11906 1.00953 1.00953 1.11906 1.87559 
4.42041 1.56608 1.04727 1.00146 1.00146 1.04727 1.56608 4.42041 12.1676 4.44713 1.60532 1.06713 1.06717 1.60584 4.43916 12.2527 27.807 32.1323 34.0865 34.5311 34.5311 34.0865 32.1323 27.807 27.5497 29.9716 30.7891 31.2999 31.3 30.7891 29.9716 27.5508 21.1993 28.2845 30.802 31.3853 31.3904 30.7861 28.2292 21.1991 6.24279 3.45545 1.7414 1.08681 1.08681 1.7414 3.45545 6.24279 3.0599 1.33227 1.02847 1.00112 1.00112 1.02847 1.33227 
4.2366 1.52197 1.04243 1.0013 1.0013 1.04243 1.52197 4.2366 11.911 4.26315 1.55851 1.06084 1.06085 1.55869 4.25422 11.997 27.9484 32.3907 34.3526 34.8064 34.8064 34.3526 32.3907 27.9484 28.5838 31.5998 32.5195 33.0922 33.0921 32.5192 31.5992 28.5849 21.2511 29.5106 32.9058 33.8407 33.8314 32.8749 29.448 21.2674 4.79161 2.16137 1.18873 1.02022 1.02022 1.18873 2.16137 4.79161 2.13593 1.14789 1.00935 1.00019 1.00019 1.00935 1.14789 
4.20593 1.50649 1.03872 1.00115 1.00115 1.03872 1.50649 4.20593 11.8673 4.16938 1.52004 1.05168 1.05168 1.52002 4.16062 11.9549 27.9481 32.3871 34.4102 34.8541 34.8541 34.4102 32.3871 27.9481 29.3372 32.7883 33.7211 34.1493 34.1492 33.7208 32.7876 29.3378 21.382 30.1524 33.6373 34.4792 34.4727 33.6163 30.1073 21.3941 4.41627 1.82822 1.08376 1.00965 1.00965 1.08376 1.82822 4.41627 1.8695 1.09998 1.00544 1.00005 1.00005 1.00544 1.09998 
4.22562 1.50844 1.03899 1.00117 1.00115 1.03872 1.50649 4.20593 11.9549 4.16062 1.52002 1.05168 1.05168 1.52002 4.16062 11.9549 27.9488 32.3857 34.3881 34.8417 34.8541 34.4102 32.3871 27.9481 29.3378 32.7876 33.7208 34.1492 34.1492 33.7208 32.7883 29.3372 21.3941 30.1073 33.6163 34.4727 34.4727 33.6163 30.0921 21.5208 4.4158 1.83779 1.0836 1.00689 1.00965 1.08376 1.82822 4.41627 1.8695 1.09998 1.00544 1.00005 1.00004 1.00532 1.09887 
4.2668 1.52578 1.04296 1.00134 1.0013 1.04243 1.52197 4.2366 11.997 4.25422 1.55869 1.06085 1.06085 1.55869 4.25422 11.997 27.9499 32.389 34.3163 34.7901 34.8064 34.3526 32.3907 27.9484 28.5849 31.5992 32.5192 33.0921 33.0921 32.5192 31.5998 28.5838 21.2674 29.448 32.8749 33.8314 33.8314 32.8749 29.4402 21.3939 4.79109 2.1766 1.1886 1.01613 1.02022 1.18873 2.16137 4.79161 2.13593 1.14789 1.00935 1.00019 1.00018 1.00912 1.14586 
4.45124 1.57002 1.04783 1.00151 1.00146 1.04727 1.56608 4.42041 12.2527 4.43916 1.60584 1.06717 1.06717 1.60584 4.43916 12.2527 27.8081 32.131 34.0466 34.5141 34.5311 34.0865 32.1323 27.807 27.5508 29.9716 30.7891 31.3 31.3 30.7891 29.9716 27.5497 21.1991 28.2292 30.7861 31.3904 31.3904 30.7861 28.2352 21.3177 6.24737 3.478 1.74141 1.08065 1.08681 1.7414 3.45545 6.24279 3.0599 1.33227 1.02847 1.00112 1.0011 1.02805 1.32945 
5.32834 1.81521 1.07885 1.00342 1.00338 1.07863 1.81491 5.31863 13.1015 5.13166 1.80678 1.09731 1.09731 1.80678 5.13166 13.1015 27.3577 31.4047 33.2775 33.6862 33.5595 33.183 31.4071 27.3658 26.0898 27.7878 28.384 28.4484 28.4484 28.384 27.7891 26.0916 20.787 25.5992 25.5651 24.969 24.969 25.5651 25.5818 20.8685 8.76175 6.00249 3.40602 1.56629 1.61442 3.45286 6.02361 8.80687 4.76486 1.87559 1.11906 1.00953 1.0091 1.11535 1.85622 
3.2852 1.33692 1.02654 1.00106 1.00106 1.02654 1.33692 3.2852 8.45868 3.06741 1.30933 1.02568 1.02568 1.30933 3.06741 8.45868 20.9031 26.772 28.4626 28.838 28.838 28.4631 27.071 21.1508 14.8639 12.5441 11.6241 11.3096 11.3096 11.6241 12.5441 14.8639 15.8683 19.859 15.749 11.6412 11.5319 15.6377 19.7509 15.7969 6.22955 3.15178 1.60999 1.08743 1.08932 1.62228 3.17801 6.30928 2.3825 1.15933 1.00925 1.00025 1.00025 1.00925 1.15936 
3.29555 1.34178 1.02803 1.00103 1.00103 1.02803 1.34178 3.29555 8.75212 3.07277 1.31275 1.02648 1.02648 1.31275 3.07277 8.75212 22.0955 29.8149 32.0918 32.504 32.5064 32.1026 29.8442 22.083 12.9584 8.49281 6.68573 5.73534 5.73534 6.68573 8.49281 12.9584 16.0693 19.5793 13.5313 7.13774 7.13886 13.5361 19.5786 16.0747 5.99269 2.66729 1.39383 1.06813 1.06824 1.39513 2.66806 6.04109 2.24288 1.1596 1.01124 1.00042 1.00042 1.01124 1.15962 
3.31178 1.34159 1.02785 1.00111 1.00111 1.02785 1.34159 3.31178 8.85935 3.09959 1.3157 1.02669 1.02669 1.3157 3.09959 8.85935 22.6173 31.0774 33.4882 33.9343 33.9349 33.4937 31.1015 22.6041 11.1988 5.27541 3.26927 2.53256 2.53256 3.26927 5.27541 11.1988 16.3884 19.5739 12.6591 5.59046 5.59181 12.6645 19.5719 16.3941 6.05021 2.62526 1.37969 1.06841 1.06843 1.37984 2.62337 6.09875 2.24739 1.16282 1.01163 1.00051 1.00051 1.01163 1.16284 
3.25181 1.31482 1.02291 1.0008 1.0008 1.02291 1.31482 3.25181 8.91628 3.0822 1.29621 1.02233 1.02233 1.29621 3.0822 8.91628 22.7541 31.3149 33.7393 34.1988 34.1989 33.7415 31.3179 22.7423 10.5469 4.0912 2.06554 1.59465 1.59465 2.06554 4.0912 10.5469 16.4604 19.5421 12.471 5.3484 5.34844 12.4741 19.5417 16.4658 6.07216 2.56047 1.35396 1.06128 1.06128 1.35394 2.55843 6.12037 2.24569 1.1585 1.01063 1.00042 1.00042 1.01063 1.15852 
3.24532 1.31266 1.02251 1.00076 1.0008 1.02291 1.31482 3.25181 8.9051 3.08738 1.29619 1.02233 1.02233 1.29621 3.0822 8.91628 22.7423 31.3179 33.7414 34.1984 34.1988 33.7393 31.3287 22.745 10.5464 4.08854 2.06544 1.59464 1.59465 2.06554 4.0912 10.5469 16.4658 19.5417 12.4741 5.34844 5.3484 12.471 19.5417 16.4658 6.12204 2.53872 1.34983 1.06167 1.06082 1.35171 2.5519 6.12159 2.24527 1.15852 1.01063 1.00042 1.00042 1.01063 1.1585 
3.29972 1.33784 1.02715 1.00103 1.00111 1.02785 1.34159 3.31178 8.85581 3.1094 1.31571 1.02669 1.02669 1.3157 3.09959 8.85935 22.6041 31.1015 33.4905 33.9335 33.9343 33.4882 31.0898 22.6109 11.201 5.27185 3.26917 2.53263 2.53256 3.26927 5.27541 11.1988 16.3941 19.5719 12.6645 5.59181 5.59046 12.6591 19.5719 16.3941 6.10443 2.59427 1.37369 1.06898 1.06775 1.37656 2.61378 6.10182 2.24693 1.16284 1.01163 1.00051 1.00051 1.01163 1.16282 
3.28288 1.33796 1.02732 1.00096 1.00103 1.02803 1.34178 3.29555 8.75204 3.08327 1.31277 1.02648 1.02648 1.31275 3.07277 8.75212 22.083 29.8442 32.1028 32.5087 32.504 32.0918 29.835 22.0921 12.9605 8.48825 6.68635 5.73587 5.73534 6.68573 8.49281 12.9584 16.0747 19.5786 13.5361 7.13886 7.13774 13.5313 19.5786 16.0747 6.04412 2.63811 1.38841 1.0687 1.06769 1.39216 2.65836 6.04296 2.24246 1.15962 1.01124 1.00042 1.00042 1.01124 1.1596 
3.26299 1.33249 1.02589 1.001 1.00106 1.02654 1.33692 3.2852 8.41845 3.06801 1.31012 1.02575 1.02568 1.30933 3.06741 8.45868 21.1508 27.071 28.3608 28.7395 28.838 28.4626 26.6733 20.7901 14.7179 12.3498 11.6163 11.3039 11.3096 11.6241 12.5441 14.8639 15.7969 19.7509 15.6377 11.5319 11.6412 15.749 19.7509 15.7969 6.21367 3.08925 1.59751 1.0883 1.08817 1.6096 3.14091 6.26581 2.3825 1.15936 1.00925 1.00025 1.00025 1.00925 1.15933 
1.18043 1.01637 1.00095 0.999998 0.999999 1.00095 1.01621 1.17693 1.99073 1.14224 1.01129 1.00027 1.00027 1.01131 1.14732 2.03798 8.68023 11.8915 12.9206 13.1685 13.2602 13.0003 11.9541 8.7386 4.58027 2.9762 2.48802 2.4585 2.45605 2.48531 2.9457 4.53809 7.2649 8.74004 6.38091 4.09726 4.09726 6.38091 8.74004 7.2649 2.2115 1.36906 1.0689 1.00583 1.0056 1.06896 1.36903 2.21178 1.17805 1.01306 1.00056 0.999965 0.999964 1.00056 1.0133 
1.02282 1.0016 0.999946 0.999897 0.999897 0.999951 1.00162 1.02299 1.14943 1.014 1.00046 0.999834 0.999834 1.00046 1.01407 1.15441 2.94359 3.92363 4.24321 4.3094 4.30413 4.23897 3.91869 2.94443 1.74557 1.26687 1.16516 1.17599 1.17604 1.16527 1.26411 1.74054 3.06281 3.40182 2.21573 1.45583 1.45583 2.21573 3.40182 3.06281 1.1838 1.03353 1.0042 1.00005 1.00005 1.00424 1.03355 1.18402 1.01865 1.00097 0.999904 0.999902 0.999902 0.999901 1.00095 
1.00145 0.999986 0.999976 0.999999 0.999998 0.999976 0.999988 1.00146 1.01015 1.00043 0.999903 0.999992 0.999992 0.999902 1.00043 1.01058 1.27023 1.44203 1.49602 1.50004 1.50002 1.4959 1.44155 1.27043 1.0777 1.02353 1.01482 1.01473 1.01473 1.01483 1.02349 1.07715 1.43609 1.46141 1.14885 1.02785 1.02785 1.14885 1.46141 1.43609 1.01621 1.00142 0.999993 0.999945 0.999945 0.999993 1.00142 1.01625 1.001 0.999948 0.999981 1 1 0.999982 0.999946 
1.00008 0.999971 0.999998 1 1 0.999998 0.999971 1.00008 1.00023 0.99984 0.999991 1 1 0.999991 0.999838 1.00025 1.01921 1.03544 1.03736 1.03865 1.03865 1.03735 1.03542 1.01922 1.0046 1.00164 1.00145 1.00128 1.00128 1.00145 1.00163 1.00455 1.06357 1.06129 1.01135 1.0004 1.0004 1.01135 1.06129 1.06357 1.00094 0.999874 0.999954 0.999998 0.999998 0.999954 0.999874 1.00095 1.00004 0.999976 0.999999 1 1 0.999999 0.999976 
1.00008 0.999971 0.999998 1 1 0.999998 0.999971 1.00008 1.00023 0.99984 0.999991 1 1 0.999991 0.99984 1.00023 1.01921 1.03544 1.03736 1.03865 1.03865 1.03736 1.03544 1.01921 1.00455 1.00163 1.00145 1.00128 1.00128 1.00145 1.00163 1.00455 1.06362 1.06136 1.01129 1.00039 1.0004 1.01135 1.06129 1.06357 1.00076 0.999861 0.999954 0.999998 0.999998 0.999954 0.99987 1.00105 1.00004 0.999976 0.999999 1 1 0.999999 0.999976 
1.00146 0.999988 0.999976 0.999998 0.999998 0.999976 0.999988 1.00146 1.01015 1.00043 0.999903 0.999992 0.999992 0.999903 1.00043 1.01015 1.27023 1.44203 1.49602 1.50004 1.50004 1.49602 1.44203 1.27023 1.07715 1.02349 1.01483 1.01473 1.01473 1.01483 1.02349 1.07715 1.43669 1.46214 1.14825 1.02768 1.02785 1.14885 1.46141 1.43609 1.01451 1.00132 0.999997 0.999946 0.999945 0.999993 1.00137 1.01691 1.00096 0.999948 0.999982 1 1 0.999981 0.999948 
1.02299 1.00162 0.999951 0.999897 0.999897 0.999951 1.00162 1.02299 1.14943 1.014 1.00046 0.999834 0.999834 1.00046 1.014 1.14943 2.94359 3.92363 4.24321 4.3094 4.3094 4.24321 3.92363 2.94359 1.74054 1.26411 1.16527 1.17604 1.17604 1.16527 1.26411 1.74054 3.07416 3.41336 2.21439 1.45354 1.45583 2.21573 3.40182 3.06281 1.17417 1.03301 1.00424 1.00007 1.00005 1.0042 1.03297 1.18809 1.01836 1.00097 0.999901 0.999902 0.999902 0.999904 1.00097 
1.17693 1.01621 1.00095 0.999999 0.999999 1.00095 1.01621 1.17693 1.99073 1.14224 1.01129 1.00027 1.00027 1.01129 1.14224 1.99073 8.68023 11.8915 12.9206 13.1685 13.1685 12.9206 11.8915 8.68023 4.53809 2.9457 2.48531 2.45605 2.45605 2.48531 2.9457 4.53809 7.21943 8.67592 6.34132 4.06364 4.09726 6.38091 8.74004 7.2649 2.14664 1.356 1.06662 1.00556 1.00559 1.0689 1.35998 2.20773 1.18085 1.01306 1.00056 0.999964 0.999965 1.00056 1.01306 
1.01368 1.00114 1.00009 1.00007 1.00007 1.00009 1.00114 1.01368 1.13595 1.01217 1.00057 1.00003 1.00003 1.00057 1.01217 1.13595 3.20464 4.48144 4.88648 4.78013 4.78013 4.88648 4.48144 3.20464 1.84224 1.33346 1.26175 1.17515 1.17515 1.26175 1.33346 1.84224 2.90951 3.25902 2.0987 1.4534 1.45351 2.09896 3.25971 2.91016 1.20505 1.02933 1.0043 1.00031 1.00032 1.00437 1.0297 1.20643 1.02072 1.00125 1.00009 1.00006 1.00006 1.00009 1.00125 
1.00053 0.999985 0.999984 0.999996 0.999996 0.999984 0.999985 1.00053 1.00974 1.00051 0.999919 0.999986 0.999986 0.999919 1.00051 1.00974 1.45051 1.76161 1.87853 1.79719 1.79719 1.87853 1.76161 1.45051 1.11566 1.02775 1.02033 1.00998 1.00998 1.02033 1.02775 1.11566 1.28387 1.32083 1.10396 1.03284 1.03284 1.10396 1.32084 1.28388 1.01996 1.00187 1.00002 0.999935 0.999935 1.00002 1.00184 1.01995 1.00186 1.00002 0.999973 0.999995 0.999995 0.999973 1.00002 
1.00001 0.999986 1 1 1 1 0.999986 1.00001 1.00045 0.999886 0.999989 1 1 0.999989 0.999886 1.00045 1.06055 1.11139 1.13467 1.111 1.111 1.13467 1.11139 1.06055 1.00917 1.00091 1.00049 1.0001 1.0001 1.00049 1.00091 1.00917 1.01971 1.02149 1.00424 1.00115 1.00115 1.00424 1.02148 1.01971 1.00118 0.999959 0.999948 0.999993 0.999993 0.999948 0.999953 1.00116 1.00015 0.999973 0.999997 1 1 0.999997 0.999973 
1.00007 0.999996 1 1 1 1 0.999996 1.00007 0.999999 0.999907 0.999999 1 1 0.999999 0.999907 0.999999 1.0043 1.00861 1.0112 1.00832 1.00832 1.0112 1.00861 1.0043 1.00048 0.999931 0.999998 0.999988 0.999988 0.999998 0.999931 1.00048 1.0005 1.00032 0.999988 0.999966 0.999966 0.999988 1.00032 1.0005 1.00001 0.999893 0.999997 1 1 0.999998 0.999894 1.00001 1.00006 0.999995 1 1 1 1 0.999995 
0 0 0 0 1 1 0.999996 1.00007 0.999999 0.999907 0.999999 1 1 0.999999 0.999906 1 1.0043 1.00861 1.0112 1.00832 1.00811 1.01089 1.00837 1.00419 1.00047 0.999929 0.999998 0.999988 0.999988 0.999998 0.999931 1.00048 1.0005 1.00032 0.999988 0.999966 0.999966 0.999988 1.00032 1.0005 1.00001 0.999894 0.999998 1 1 0.999997 0.999893 1.00001 1.00006 0.999995 1 1 0 0 0 
0 0 0 0 1 1 0.999986 1.00001 1.00045 0.999886 0.999989 1 1 0.999989 0.999886 1.0005 1.06055 1.11139 1.13467 1.111 1.10909 1.13204 1.10927 1.05948 1.00898 1.00087 1.00046 1.00008 1.0001 1.00049 1.00091 1.00917 1.01971 1.02148 1.00424 1.00115 1.00115 1.00424 1.02149 1.01971 1.00116 0.999953 0.999948 0.999993 0.999993 0.999948 0.999959 1.00118 1.00015 0.999973 0.999997 1 0 0 0 
0 0 0 0 0.999996 0.999984 0.999985 1.00053 1.00974 1.00051 0.999919 0.999986 0.999986 0.999919 1.00051 1.0102 1.45051 1.76161 1.87853 1.79719 1.7874 1.86568 1.75086 1.44471 1.11393 1.02717 1.01981 1.00973 1.00998 1.02033 1.02775 1.11566 1.28388 1.32084 1.10396 1.03284 1.03284 1.10396 1.32083 1.28387 1.01995 1.00184 1.00002 0.999935 0.999935 1.00002 1.00187 1.01996 1.00186 1.00002 0.999973 0.999995 0 0 0 
