0 0 0 0 1.00001 1.00001 1 1.00017 1.0282 1.00055 1.00001 1.00001 1.00001 1.00001 1.00052 1.02681 1.04205 1.04533 1.05434 1.05525 1.05979 1.05913 1.04794 1.04434 1.01555 1.02012 1.24671 1.25991 1.23716 1.22504 1.01819 1.01418 1.01497 1.01476 1.00114 1.00078 1.00076 1.00093 1.00783 1.01031 1.00102 1.00079 1.00002 1.00001 1.00001 1.00002 1.00087 1.00105 1.00003 1.00001 1.00001 1.00001 0 0 0 
0 0 0 0 0.999999 0.999999 0.999997 1.00001 1.00014 0.999985 0.999999 0.999999 0.999999 0.999999 0.999985 1.00014 1.00035 1.00036 1.00048 1.00049 1.00053 1.00052 1.00037 1.00036 1.00035 1.0004 1.00554 1.00571 1.00503 1.00487 1.00035 1.00031 0.99999 0.999916 0.999993 0.999981 0.999979 0.999991 0.999877 0.999974 1.00001 0.999998 1 0.999999 0.999999 1 0.999999 1.00001 1.00001 0.999997 0.999999 0.999999 0 0 0 
0 0 0 0 1 1 0.999999 1.00001 0.999997 0.999988 1 1 1 1 0.999988 0.999997 1.00001 0.999984 0.99999 0.99999 0.999991 0.999991 0.999984 1.00001 1.00001 0.999985 1.00005 1.00005 1.00003 1.00003 0.999985 1.00001 1.00002 0.999993 1 1 1 1 0.999993 1.00002 1 0.999986 1 1 1 1 0.999986 0.999999 1.00001 0.999999 1 1 0 0 0 
0 0 0 0 1 1 0.999999 1.00001 1 0.999989 1 1 1 1 0.999989 1 1.00001 0.999988 1 1 1 1 0.999988 1.00001 1.00001 0.999988 0.999994 0.999993 0.999994 0.999995 0.999988 1.00001 1.00001 0.999989 1 1 1 1 0.999989 1.00001 1 0.999989 1 1 1 1 0.999989 1 1.00001 0.999999 1 1 0 0 0 
1.00001 0.999999 1 1 1 1 0.999999 1.00001 1 0.999989 1 1 1 1 0.999989 1 1.00001 0.999988 1 1 1 1 0.999988 1.00001 1.00001 0.999988 0.999994 0.999993 0.999993 0.999994 0.999988 1.00001 1.00001 0.999989 1 1 1 1 0.999989 1.00001 1 0.999989 1 1 1 1 0.999989 1 1.00001 0.999999 1 1 1 1 0.999999 
1.00001 0.999999 1 1 1 1 0.999999 1.00001 0.999997 0.999988 1 1 1 1 0.999988 0.999997 1.00001 0.999984 0.999991 0.999991 0.999991 0.999991 0.999984 1.00001 1.00001 0.999985 1.00005 1.00005 1.00005 1.00005 0.999985 1.00001 1.00002 0.999993 1 1 1 1 0.999993 1.00002 0.999999 0.999986 1 1 1 1 0.999986 0.999999 1.00001 0.999999 1 1 1 1 0.999999 
1.00001 0.999997 0.999999 0.999999 0.999999 0.999999 0.999997 1.00001 1.00014 0.999985 0.999999 0.999999 0.999999 0.999999 0.999985 1.00014 1.00036 1.00037 1.00052 1.00053 1.00053 1.00052 1.00036 1.00035 1.00035 1.0004 1.00554 1.00571 1.00571 1.00554 1.0004 1.00035 0.999974 0.999877 0.999991 0.999979 0.999979 0.999991 0.999877 0.999974 1.00001 0.999999 1 0.999999 0.999999 1 0.999999 1.00001 1.00001 0.999997 0.999999 0.999999 0.999999 0.999999 0.999997 
1.00017 1 1.00001 1.00001 1.00001 1.00001 1 1.00017 1.0282 1.00055 1.00001 1.00001 1.00001 1.00001 1.00055 1.0282 1.04434 1.04794 1.05913 1.05979 1.05979 1.05913 1.04533 1.04205 1.01555 1.02012 1.24671 1.25991 1.25991 1.24671 1.02012 1.01555 1.01031 1.00783 1.00093 1.00076 1.00076 1.00093 1.00783 1.01031 1.00105 1.00087 1.00002 1.00001 1.00001 1.00002 1.00087 1.00105 1.00003 1.00001 1.00001 1.00001 1.00001 1.00001 1.00001 
1.04046 1.00046 0.999998 1 1 0.999998 1.00046 1.04046 2.48695 1.05711 1.00098 1.00001 1 1.00107 1.05686 2.48372 3.1227 3.2479 3.32682 3.32326 3.50815 3.5125 3.24724 3.11955 1.17016 1.26517 4.86278 5.20561 5.25071 4.90597 1.25431 1.15778 2.66302 3.11468 1.15989 1.02313 1.02315 1.16 3.11594 2.82506 1.04771 1.00912 1.00004 0.999997 0.999998 1.00016 1.01333 1.05766 1.00039 0.999998 1 1 1 1 0.999998 
1.00068 0.999987 0.999988 0.999989 0.999989 0.999988 0.999987 1.00068 1.03577 1.0006 0.999988 0.999988 0.999988 0.999986 1.00051 1.03287 1.06455 1.06868 1.08687 1.08486 1.07689 1.07777 1.06667 1.06273 1.01191 1.01359 1.19304 1.20752 1.22195 1.20678 1.0148 1.01275 1.0434 1.05115 1.00136 1.00012 1.00011 1.00136 1.05136 1.04091 0.999728 0.999304 0.999985 0.999991 0.999991 0.999986 0.999361 0.999828 0.99999 0.99999 0.999989 0.999989 0.999989 0.999989 0.99999 
1.00001 0.999999 1 1 1 1 0.999999 1.00001 1.00025 0.999986 0.999999 1 1 0.999999 0.999984 1.00021 1.00057 1.0006 1.00102 1.00097 1.00068 1.0007 1.00053 1.00051 1.00039 1.00041 1.00506 1.00533 1.00599 1.0057 1.00046 1.00044 1.00047 1.0005 0.999999 0.999993 0.999992 0.999999 1.0005 1.00039 0.999996 0.999989 1 1 1 1 0.999987 0.999997 1.00001 1 1 1 1 1 1 
1.00001 0.999999 1 1 1 1 0.999999 1.00001 1 0.999988 1 1 1 1 0.999988 1 1.00001 0.999984 0.999998 0.999997 0.999995 0.999997 0.999982 1 1.00001 0.999985 1.00004 1.00004 1.00005 1.00005 0.999986 1.00001 1.00001 0.99999 1 1 1 1 0.99999 1.00001 1 0.999991 1 1 1 1 0.999991 1 1.00001 0.999999 1 1 1 1 0.999999 
1.00001 0.999999 1 1 1 1 0.999999 1.00001 1 0.999988 1 1 1 1 0.999988 1 1 0.999982 0.999997 0.999995 0.999995 0.999997 0.999982 1 1.00001 0.999986 1.00005 1.00005 1.00005 1.00005 0.999986 1.00001 1.00001 0.99999 1 1 1 1 0.99999 1.00001 1 0.999991 1 1 1 1 0.999991 1 1.00001 0.999999 1 1 1 1 0.999999 
1.00001 0.999999 1 1 1 1 0.999999 1.00001 1.00021 0.999984 0.999999 1 1 0.999999 0.999984 1.00021 1.00051 1.00053 1.0007 1.00068 1.00068 1.0007 1.00053 1.00051 1.00044 1.00046 1.0057 1.00599 1.00599 1.0057 1.00046 1.00044 1.00039 1.0005 0.999999 0.999992 0.999993 0.999999 1.0005 1.00039 0.999997 0.999987 1 1 1 1 0.999988 0.999996 1.00001 1 1 1 1 1 1 
1.00069 0.999987 0.999988 0.999989 0.999989 0.999988 0.999987 1.00068 1.03287 1.00051 0.999986 0.999988 0.999988 0.999986 1.00051 1.03287 1.06273 1.06667 1.07777 1.07689 1.07689 1.07777 1.06667 1.06273 1.01275 1.0148 1.20678 1.22195 1.22195 1.20678 1.0148 1.01275 1.04091 1.05136 1.00136 1.00011 1.00012 1.00136 1.05136 1.04091 0.999828 0.999361 0.999986 0.999991 0.999991 0.999986 0.999353 0.999803 0.99999 0.99999 0.999989 0.999989 0.999989 0.999989 0.99999 
1.04779 1.00057 0.999998 1 1 0.999998 1.00046 1.04046 2.48372 1.05686 1.00107 1 1 1.00107 1.05686 2.48372 3.11955 3.24724 3.5125 3.50815 3.50815 3.5125 3.24724 3.11955 1.15778 1.25431 4.90597 5.25071 5.25071 4.90597 1.25431 1.15778 2.82506 3.11594 1.16 1.02315 1.02313 1.15989 3.11594 2.82506 1.05766 1.01333 1.00016 0.999998 0.999999 1.00012 1.01249 1.05898 1.00039 0.999998 1 1 1 1 0.999998 
4.08411 1.10663 1.00082 1 1 1.00084 1.10669 4.09343 27.2358 4.48052 1.13263 1.001 1.001 1.13263 4.48052 27.2358 29.8449 31.9832 33.5073 33.5315 33.5315 33.5073 31.9832 29.8449 6.04583 6.46824 28.8306 31.814 32.0366 29.0562 6.65675 6.21798 28.7283 28.1068 5.92484 2.20217 2.20216 5.92479 28.337 28.9498 2.97478 1.6356 1.01996 1.00028 1.00028 1.01989 1.6338 2.97438 1.10528 1.00129 1.00001 1.00001 1.00001 1.00001 1.00113 
4.24367 1.11204 1.00085 0.999982 0.999982 1.00086 1.11182 4.24631 29.3376 4.67101 1.14012 1.00106 1.00106 1.14012 4.67101 29.3376 32.1049 34.6655 34.7885 34.792 34.792 34.7885 34.6655 32.1049 4.78746 5.25691 30.6512 34.1222 34.1248 30.6697 5.2316 4.74745 30.3472 30.5561 5.09931 1.1804 1.18043 5.09952 30.6049 30.3748 2.46682 1.08336 1.0012 0.999991 0.999991 1.00118 1.07982 2.46753 1.03088 1.0002 0.999981 0.999989 0.999989 0.99998 1.00017 
3.91338 1.0995 1.00075 0.999994 0.999994 1.00076 1.09936 3.91514 26.2369 4.30718 1.12357 1.00087 1.00087 1.12357 4.30718 26.2369 28.5345 30.7044 30.8211 30.821 30.821 30.8211 30.7044 28.5345 4.28627 4.70481 26.9751 29.8756 29.8813 26.991 4.68406 4.25296 27.0717 27.2537 4.63948 1.14073 1.14072 4.6393 27.2672 27.0805 2.3058 1.05002 1.00056 0.999997 0.999997 1.00055 1.04903 2.30573 1.0259 1.00016 0.999993 1 1 0.999993 1.00014 
1.14475 1.00187 0.999998 0.999999 0.999999 0.999999 1.00186 1.14452 4.77449 1.16553 1.00225 0.999993 0.999993 1.00225 1.16553 4.77449 5.11983 5.3835 5.36782 5.37483 5.37483 5.36782 5.3835 5.11983 1.21092 1.26621 5.37295 5.73847 5.73879 5.37369 1.26521 1.20922 4.91098 4.90869 1.18471 1.00288 1.00288 1.18468 4.93401 4.93574 1.05695 1.00169 1 0.999995 0.999995 1 1.00168 1.05717 1.00038 0.999991 1 1 1 1 0.999991 
1.14452 1.00186 0.999999 0.999999 0.999999 0.999999 1.00187 1.14475 4.77397 1.16787 1.00219 0.999997 0.999993 1.00225 1.16553 4.77449 5.10451 5.35624 5.36083 5.36122 5.37483 5.36782 5.3835 5.11983 1.20922 1.26521 5.37369 5.73879 5.73879 5.37369 1.26521 1.20922 4.93574 4.93401 1.18394 1.00274 1.00277 1.18244 4.88606 4.8887 1.04661 1.00155 1 0.999995 0.999995 1 1.00169 1.05695 1.00027 0.999991 1 1 1 1 0.999991 
3.91514 1.09936 1.00076 0.999994 0.999994 1.00076 1.0995 3.91338 26.3384 4.32628 1.11772 1.00095 1.00087 1.12357 4.30718 26.2369 28.7199 30.7323 30.8283 30.8299 30.821 30.8211 30.7044 28.5345 4.25296 4.68406 26.991 29.8813 29.8813 26.991 4.68406 4.25296 27.0805 27.2672 4.6065 1.13573 1.13568 4.60755 27.3212 27.1364 2.13092 1.04483 1.00048 0.999997 0.999997 1.00056 1.05002 2.3058 1.02156 1.00014 0.999993 1 1 0.999993 1.00016 
4.24631 1.11182 1.00086 0.999982 0.999982 1.00086 1.11204 4.24367 29.4421 4.69167 1.13196 1.00109 1.00106 1.14012 4.67101 29.3376 32.2928 34.6633 34.7911 34.7943 34.792 34.7885 34.6655 32.1049 4.74745 5.2316 30.6697 34.1248 34.1248 30.6697 5.2316 4.74745 30.3748 30.6049 5.05943 1.17525 1.17709 5.0631 30.5968 30.4007 2.2626 1.07819 1.00118 0.99999 0.999991 1.0012 1.08336 2.46682 1.02583 1.00017 0.99998 0.999989 0.999989 0.999981 1.0002 
4.09343 1.10669 1.00084 1 1 1.00084 1.10663 4.08411 27.6592 4.51605 1.12613 1.00105 1.001 1.13263 4.48052 27.2358 30.0016 31.9823 33.7139 33.7368 33.5315 33.5073 31.9832 29.8449 6.21798 6.65675 29.0562 32.0366 32.0366 29.0562 6.65675 6.21798 28.9498 28.337 6.07651 2.39245 2.38705 6.07564 28.359 28.9858 2.96107 1.80883 1.0294 1.00044 1.00028 1.01996 1.6356 2.97478 1.09095 1.00113 1.00001 1.00001 1.00001 1.00001 1.00129 
4.01851 1.10561 1.00109 1.00001 1.00001 1.00109 1.10561 4.01851 28.8995 4.69339 1.13851 1.00138 1.00134 1.13865 4.6676 28.7821 34.5555 34.9058 34.9568 34.9593 34.9608 34.9599 34.9058 34.5555 31.9878 32.2423 34.5416 34.8347 34.8347 34.5416 32.2423 31.9878 34.1743 34.2981 32.3485 32.0208 31.3869 31.7783 34.0983 34.0111 29.0234 28.5831 4.73692 1.14456 1.15372 4.80644 28.7598 29.2047 4.82381 1.13266 1.00127 1.00001 1.00001 1.00119 1.13114 
4.15171 1.11076 1.00112 0.999992 0.999992 1.00112 1.11076 4.15171 30.3154 4.88664 1.1453 1.00142 1.00139 1.14574 4.85716 30.1988 34.8619 34.9861 34.993 34.9931 34.9939 34.9938 34.9861 34.8619 34.8015 34.7822 34.9558 34.9784 34.9784 34.9558 34.7822 34.8015 34.7794 34.9364 34.8657 34.8528 34.8638 34.8743 34.9339 34.814 30.9665 30.5635 4.95356 1.15295 1.1612 4.99312 30.5453 30.9523 5.02556 1.13993 1.00131 0.999991 0.999989 1.00123 1.13863 
4.15495 1.11084 1.00113 1 1 1.00113 1.11084 4.15495 30.401 4.89428 1.14553 1.00144 1.0014 1.14598 4.86414 30.2765 34.8753 34.9935 34.9997 34.9997 34.9998 34.9997 34.9935 34.8753 34.9956 34.9863 34.9978 34.9988 34.9988 34.9978 34.9863 34.9956 34.8248 34.9878 34.9962 34.9965 34.9967 34.9961 34.9827 34.859 31.048 30.6574 4.96197 1.15325 1.16149 5.00139 30.6435 31.0357 5.03256 1.14017 1.00133 1 1 1.00124 1.13888 
4.13 1.1094 1.00111 1 1 1.00111 1.1094 4.13 30.2512 4.86147 1.14385 1.00141 1.00138 1.14435 4.8319 30.1242 34.8678 34.9932 34.9999 35 35 34.9999 34.9932 34.8678 35.0039 34.9954 34.9998 35 35 34.9998 34.9954 35.0039 34.8275 34.9894 34.9994 35 34.9999 34.9992 34.985 34.8617 31.0544 30.6603 4.96253 1.15334 1.16088 4.9962 30.6485 31.0442 5.03171 1.14002 1.00132 1 1 1.00124 1.13886 
4.12559 1.10562 1.00098 0.999999 1 1.00111 1.1094 4.13 30.1242 4.8319 1.14435 1.00138 1.00141 1.14385 4.86147 30.2512 34.8678 34.9932 34.9999 35 35 34.9999 34.9932 34.8844 35.0027 34.9955 34.9998 35 35 34.9998 34.9954 35.0039 34.8617 34.985 34.9992 34.9999 35 34.9994 34.9894 34.8275 31.0442 30.6485 4.9962 1.16088 1.15334 4.96253 30.6603 31.0544 5.02273 1.13886 1.00124 1 1 1.00132 1.14002 
4.15077 1.10691 1.00101 1 1 1.00113 1.11084 4.15495 30.2765 4.86414 1.14598 1.0014 1.00144 1.14553 4.89428 30.401 34.8753 34.9935 34.9997 34.9998 34.9997 34.9997 34.9934 34.891 34.994 34.9863 34.9978 34.9988 34.9988 34.9978 34.9863 34.9956 34.859 34.9827 34.9961 34.9967 34.9965 34.9962 34.9878 34.8248 31.0357 30.6435 5.00139 1.16149 1.15325 4.96197 30.6574 31.048 5.02182 1.13888 1.00124 1 1 1.00133 1.14017 
4.14774 1.10683 1.001 0.999989 0.999992 1.00112 1.11076 4.15171 30.1988 4.85716 1.14574 1.00139 1.00142 1.1453 4.88664 30.3154 34.8619 34.9861 34.9938 34.9939 34.9931 34.993 34.9853 34.8774 34.7922 34.7809 34.9556 34.978 34.9784 34.9558 34.7822 34.8015 34.814 34.9339 34.8743 34.8638 34.8528 34.8657 34.9364 34.7794 30.9523 30.5453 4.99312 1.1612 1.15295 4.95356 30.5635 30.9665 5.01484 1.13863 1.00123 0.999989 0.999991 1.00131 1.13993 
4.00944 1.10183 1.00096 1.00001 1.00001 1.00109 1.10561 4.01851 28.7821 4.6676 1.13865 1.00134 1.00138 1.13851 4.69339 28.8995 34.5555 34.9058 34.9599 34.9608 34.9593 34.9568 34.904 34.5556 32.1937 32.2445 34.5402 34.8508 34.8347 34.5416 32.2423 31.9878 34.0111 34.0983 31.7783 31.3869 32.0208 32.3485 34.2981 34.1743 29.2047 28.7598 4.80644 1.15372 1.14456 4.73692 28.5831 29.0234 4.80292 1.13114 1.00119 1.00001 1.00001 1.00127 1.13266 
1.19468 1.00195 1.00001 1.00001 1.00001 1.00001 1.00213 1.20248 6.7161 1.24769 1.00389 1.00005 1.00005 1.00381 1.23462 6.50507 33.9445 34.946 35.0035 35.0047 35.0048 35.0028 34.945 34.1204 34.9568 34.9576 35.0027 35.0055 35.0053 35.0029 34.9643 34.9648 34.8438 34.9764 34.9514 34.9472 34.9472 34.9514 34.979 34.8356 31.9016 30.6062 5.0783 1.16336 1.16336 5.0783 30.6062 31.9016 5.19828 1.14769 1.00159 1.00001 1.00001 1.00159 1.14769 
1.05986 0.999875 0.999986 0.999991 0.999991 0.999987 0.99999 1.06723 4.00172 1.08107 1.00054 1.00001 1.00001 1.00051 1.07012 3.79358 33.8061 34.9282 34.9933 34.9949 34.9947 34.9922 34.9271 34.0078 34.9913 34.9885 34.9954 34.9957 34.9957 34.9954 34.9884 34.992 34.8687 34.9861 34.9938 34.9941 34.9939 34.9937 34.9857 34.8581 32.0234 30.7058 5.08838 1.1638 1.1638 5.08838 30.7058 32.0234 5.20885 1.14789 1.00157 0.999987 0.999987 1.00157 1.14789 
1.05789 0.999866 1 1 1 1 0.999981 1.06524 3.92194 1.07848 1.00052 1.00002 1.00002 1.00049 1.0677 3.71701 33.8062 34.9324 34.9982 34.9998 34.9998 34.9971 34.9313 34.0084 34.9973 34.9943 34.9997 34.9999 34.9999 34.9997 34.9943 34.9981 34.8751 34.9911 34.9996 34.9998 34.9998 34.9996 34.9907 34.8648 32.0298 30.7117 5.08881 1.16382 1.16382 5.08881 30.7117 32.0298 5.20944 1.14792 1.00158 0.999999 0.999999 1.00158 1.14792 
1.06744 0.999973 1 1 1 1 1.00009 1.07451 4.14511 1.0931 1.00121 1.00002 1.00002 1.00117 1.08233 3.94523 33.8196 34.933 34.9983 35 34.9999 34.9974 34.9319 34.0211 34.9976 34.9944 34.9998 35 35 34.9998 34.9944 34.9983 34.8763 34.9914 34.9998 35 35 34.9998 34.991 34.8675 32.0223 30.7099 5.07971 1.16324 1.16324 5.07971 30.7099 32.0223 5.20455 1.14761 1.00156 0.999998 0.999998 1.00156 1.14761 
1.07451 1.00009 1 1 1 1 1.00009 1.07451 4.14511 1.0931 1.00121 1.00002 1.00002 1.00121 1.0931 4.14511 34.0211 34.9319 34.9974 34.9999 34.9999 34.9974 34.9319 34.0211 34.9983 34.9944 34.9998 35 35 34.9998 34.9944 34.9983 34.8675 34.991 34.9998 35 35 34.9998 34.991 34.8675 32.2246 30.7353 4.96432 1.14241 1.14241 4.96432 30.7382 32.2246 5.20455 1.14761 1.00156 0.999998 0.999996 1.00146 1.14511 
1.06524 0.999981 1 1 1 1 0.999981 1.06524 3.92194 1.07848 1.00052 1.00002 1.00002 1.00052 1.07848 3.92194 34.0084 34.9313 34.9971 34.9998 34.9998 34.9971 34.9313 34.0084 34.9981 34.9943 34.9997 34.9999 34.9999 34.9997 34.9943 34.9981 34.8648 34.9907 34.9996 34.9998 34.9998 34.9996 34.9907 34.8648 32.235 30.7399 4.96161 1.14192 1.14192 4.96161 30.7428 32.235 5.20944 1.14792 1.00158 0.999999 0.999997 1.00147 1.14525 
1.06723 0.99999 0.999987 0.999991 0.999991 0.999987 0.99999 1.06723 4.00172 1.08107 1.00054 1.00001 1.00001 1.00054 1.08107 4.00172 34.0078 34.9271 34.9922 34.9947 34.9947 34.9922 34.9271 34.0078 34.992 34.9884 34.9954 34.9957 34.9957 34.9954 34.9884 34.992 34.8581 34.9857 34.9937 34.9939 34.9939 34.9937 34.9857 34.8581 32.2287 30.7343 4.96104 1.14189 1.14189 4.96104 30.7372 32.2287 5.20885 1.14789 1.00157 0.999987 0.999985 1.00146 1.14522 
1.20248 1.00213 1.00001 1.00001 1.00001 1.00001 1.00213 1.20248 6.7161 1.24769 1.00389 1.00005 1.00005 1.00389 1.24769 6.7161 34.1204 34.945 35.0028 35.0048 35.0048 35.0028 34.945 34.1204 34.9648 34.9643 35.0029 35.0053 35.0053 35.0029 34.9643 34.9648 34.8356 34.979 34.9514 34.9472 34.9472 34.9514 34.979 34.8356 32.1064 30.617 4.95274 1.14169 1.14169 4.95274 30.6226 32.1064 5.19828 1.14769 1.00159 1.00001 1.00001 1.00148 1.145 
3.96354 1.10213 1.00089 1.00001 1.00001 1.00089 1.10213 3.96354 26.9188 4.26672 1.11302 1.00095 1.00095 1.11302 4.26672 26.9188 34.8099 34.9859 35.0012 35.0021 35.0023 35 34.9837 34.7477 34.9736 34.9786 34.979 34.9764 34.9711 34.9745 34.9751 34.9684 34.6598 34.9913 34.9608 34.9521 34.9521 34.9608 34.991 34.6582 28.8924 27.2929 4.79148 1.16713 1.12257 4.65495 28.155 29.7307 4.95813 1.15558 1.00243 1.00002 1.00001 1.00218 1.14733 
4.21436 1.11103 1.00094 0.999987 0.999987 1.00094 1.11103 4.21436 29.4926 4.57329 1.12337 1.00103 1.00103 1.12337 4.57329 29.4926 34.9253 34.9867 34.9953 34.9947 34.9947 34.9952 34.9863 34.8879 34.9938 34.9893 34.9942 34.9942 34.9943 34.9942 34.9893 34.9939 34.839 34.9889 34.9942 34.9942 34.9942 34.9942 34.989 34.8593 31.8634 30.303 5.15539 1.18266 1.1321 4.94905 30.525 32.1719 5.30133 1.17013 1.00268 0.999996 0.999992 1.00239 1.16063 
4.22088 1.11124 1.00096 0.999999 0.999999 1.00096 1.11124 4.22088 29.5715 4.57977 1.12355 1.00104 1.00104 1.12355 4.57977 29.5715 34.9345 34.9922 34.9996 34.9998 34.9998 34.9996 34.9915 34.8971 34.9995 34.9945 34.9997 34.9998 34.9998 34.9997 34.9945 34.9996 34.8519 34.9928 34.9997 34.9998 34.9998 34.9997 34.9929 34.8715 31.972 30.4036 5.16435 1.18302 1.13236 4.95858 30.6404 32.2886 5.31219 1.17049 1.0027 1.00001 1 1.00241 1.16097 
4.21965 1.11108 1.00095 0.999998 0.999998 1.00095 1.11108 4.21965 29.5842 4.58246 1.12365 1.00105 1.00105 1.12365 4.58246 29.5842 34.9353 34.9923 34.9998 35 35 34.9998 34.9918 34.8987 34.9997 34.9947 34.9999 35 35 34.9999 34.9947 34.9998 34.8565 34.993 34.9998 35 35 34.9998 34.9931 34.8747 31.988 30.4231 5.15257 1.18192 1.13284 4.95972 30.6425 32.2889 5.30507 1.16981 1.00266 1.00001 1 1.00238 1.16067 
4.2147 1.11053 1.00093 0.999997 0.999998 1.00095 1.11108 4.21965 29.5842 4.58246 1.12365 1.00105 1.00098 1.12428 4.59136 29.581 34.8987 34.9918 34.9998 35 35 34.9998 34.9918 34.8987 34.9998 34.9947 34.9999 35 35 34.9999 34.9947 34.9997 34.8747 34.9931 34.9998 35 35 34.9998 34.993 34.8565 31.7778 30.4221 5.15292 1.18198 1.18192 5.15257 30.4231 31.988 5.30507 1.16981 1.00266 1.00001 1.00001 1.00266 1.16981 
4.21531 1.11066 1.00093 0.999998 0.999999 1.00096 1.11124 4.22088 29.5715 4.57977 1.12355 1.00104 1.00098 1.12425 4.59092 29.5656 34.8971 34.9915 34.9996 34.9998 34.9998 34.9996 34.9915 34.8971 34.9996 34.9945 34.9997 34.9998 34.9998 34.9997 34.9945 34.9995 34.8715 34.9929 34.9997 34.9998 34.9998 34.9997 34.9928 34.8519 31.7614 30.4031 5.16432 1.18302 1.18302 5.16435 30.4036 31.972 5.31219 1.17049 1.0027 1.00001 1.00001 1.0027 1.17049 
4.20878 1.11045 1.00092 0.999986 0.999987 1.00094 1.11103 4.21436 29.4926 4.57329 1.12337 1.00103 1.00097 1.12407 4.58451 29.4867 34.8879 34.9863 34.9952 34.9947 34.9947 34.9952 34.9863 34.8879 34.9939 34.9893 34.9942 34.9943 34.9942 34.9942 34.9893 34.9938 34.8593 34.989 34.9945 34.9943 34.9942 34.9942 34.9889 34.839 31.6497 30.2953 5.15492 1.18266 1.18266 5.15539 30.303 31.8634 5.30133 1.17013 1.00268 0.999996 0.999996 1.00268 1.17013 
3.95892 1.10162 1.00087 1.00001 1.00001 1.00089 1.10213 3.96354 26.9188 4.26672 1.11302 1.00095 1.0009 1.11359 4.27684 26.8921 34.7477 34.9837 35 35.0023 35.0023 35 34.9837 34.7477 34.9684 34.9751 34.9745 34.9711 34.9764 34.979 34.9786 34.9736 34.6582 34.991 34.95 34.9382 34.9521 34.9608 34.9913 34.6598 28.6768 27.2676 4.79047 1.16716 1.16713 4.79148 27.2929 28.8924 4.95813 1.15558 1.00243 1.00002 1.00002 1.00243 1.15558 
1.47755 1.01149 1.00007 0.999997 0.999997 1.00007 1.01146 1.47232 5.35121 1.19074 1.00265 1.00001 1.00002 1.00393 1.19413 5.52625 33.2456 34.8029 34.945 34.9322 34.9322 34.945 34.8029 33.2456 33.491 33.4965 33.1666 33.1359 32.9039 32.9345 33.4965 33.491 31.2208 34.3667 31.6794 31.5471 32.1854 32.2923 34.3667 31.2208 3.98022 3.24619 1.11361 1.00601 0.991371 1.04557 2.79098 3.55685 1.11648 1.00102 1 1.00001 1.00001 1.00001 1.00127 
1.41166 1.01133 1.00006 0.999975 0.999976 1.00006 1.01137 1.41283 3.72602 1.09093 1.00145 0.99999 0.999995 1.00221 1.09401 3.91738 33.2331 34.888 34.9893 34.9919 34.9919 34.9893 34.888 33.2331 34.6917 34.8681 34.8443 34.8483 34.8531 34.8492 34.8681 34.6917 31.2471 34.7962 34.8058 34.8183 34.8288 34.8251 34.7962 31.2471 1.53325 1.07905 0.999745 1.00556 0.985834 0.9939 1.09636 2.12685 1.01541 0.999666 0.999981 0.99999 0.999991 0.99998 0.999685 
1.41051 1.0113 1.00007 0.999988 0.999988 1.00007 1.01134 1.41171 3.67451 1.08896 1.00145 1 1.00001 1.00219 1.09184 3.86323 33.2373 34.8964 34.9968 34.9997 34.9997 34.9968 34.8964 33.2373 34.7893 34.984 34.9922 34.9928 34.9928 34.9922 34.984 34.7893 31.259 34.8375 34.9877 34.9936 34.9951 34.9913 34.8375 31.259 1.43989 1.00524 0.99771 1.00463 0.985073 0.992673 1.02148 2.05525 1.01268 0.99966 0.999995 1 1 0.999994 0.999667 
1.41381 1.01058 1.00006 0.999987 0.999987 1.00006 1.01061 1.41488 3.90034 1.10408 1.00171 1 1.00001 1.00237 1.10715 4.08673 33.242 34.8968 34.9971 35 35 34.9971 34.8968 33.242 34.7956 34.99 34.9994 34.9997 34.9997 34.9995 34.99 34.7956 31.2673 34.8412 34.9944 34.9997 34.9998 34.996 34.8412 31.2673 1.44292 1.00427 0.997879 1.0043 0.985508 0.992856 1.01993 2.05137 1.01262 0.999666 0.999996 1 1 0.999995 0.999676 
1.41488 1.01061 1.00006 0.999987 0.999987 1.00006 1.01061 1.41488 3.90034 1.10408 1.00237 1.00001 1 1.00171 1.10408 3.90034 33.043 34.9036 34.9973 35 35 34.9971 34.8968 33.242 34.8062 34.9908 34.9995 34.9997 34.9997 34.9994 34.99 34.7956 31.2592 34.8329 34.9936 34.9997 34.9997 34.9944 34.8412 31.2673 2.05137 1.01993 0.992856 0.985508 0.985477 0.992856 1.01993 2.05137 1.01262 0.999666 0.999996 1 1 0.999996 0.999666 
1.41171 1.01134 1.00007 0.999988 0.999988 1.00007 1.01134 1.41171 3.67451 1.08896 1.00219 1.00001 1 1.00145 1.08896 3.67451 33.0361 34.9031 34.9967 34.9995 34.9997 34.9968 34.8964 33.2373 34.8012 34.9848 34.9922 34.9928 34.9928 34.9922 34.984 34.7893 31.2496 34.8283 34.9878 34.9943 34.9936 34.9877 34.8375 31.259 2.05525 1.02148 0.992673 0.985073 0.985051 0.992673 1.02148 2.05525 1.01268 0.99966 0.999995 1 1 0.999995 0.99966 
1.41283 1.01137 1.00006 0.999976 0.999976 1.00006 1.01137 1.41283 3.72602 1.09093 1.00221 0.999995 0.99999 1.00145 1.09093 3.72602 33.0321 34.8944 34.9859 34.9902 34.9919 34.9893 34.888 33.2331 34.7065 34.8729 34.8492 34.8531 34.8483 34.8443 34.8681 34.6917 31.2373 34.7884 34.8252 34.8349 34.8183 34.8058 34.7962 31.2471 2.12685 1.09636 0.9939 0.985834 0.985817 0.9939 1.09636 2.12685 1.01541 0.999666 0.999981 0.99999 0.99999 0.999981 0.999666 
1.47232 1.01146 1.00007 0.999997 0.999997 1.00007 1.01146 1.47232 5.35121 1.19074 1.00393 1.00002 1.00001 1.00265 1.19074 5.35121 33.0176 34.7962 34.928 34.9121 34.9322 34.945 34.8029 33.2456 33.2899 33.2702 32.9345 32.9039 33.1359 33.1666 33.4965 33.491 31.1637 34.3348 31.4983 31.3488 31.5471 31.6794 34.3667 31.2208 3.55685 2.79098 1.04557 0.991371 0.991403 1.04557 2.79098 3.55685 1.11648 1.00102 1 1.00001 1.00001 1 1.00102 
1.12441 1.00133 1.00002 1.00001 1.00001 1.00002 1.00133 1.12441 3.30336 1.10362 1.00117 0.999997 0.999997 1.00117 1.10362 3.30336 28.9977 32.261 32.2615 31.9799 32.3652 32.65 32.261 28.9977 5.83212 3.04601 2.73384 2.72669 2.72462 2.73165 2.82769 5.62522 29.1964 29.8346 6.69911 3.58245 3.20719 6.37882 29.6186 29.0144 2.35203 1.07852 1.2207 1.00643 1.00643 1.2207 1.07852 2.35203 1.02998 1.00678 1.00016 1.00001 1.00001 1.00016 1.00678 
1.12843 1.00139 0.999995 0.999989 0.999989 0.999995 1.00139 1.12843 3.431 1.11125 1.00125 0.999975 0.999975 1.00125 1.11125 3.431 30.8285 34.5082 34.8103 34.4776 34.4696 34.8041 34.5082 30.8285 4.47479 1.1728 1.07686 1.07463 1.07579 1.07807 1.17641 4.4825 30.514 30.9485 4.92231 1.42268 1.42852 4.95803 30.933 30.5129 2.38913 1.05577 1.22635 1.0068 1.0068 1.22635 1.05577 2.38913 1.03082 1.00691 1.00015 0.999986 0.999986 1.00015 1.00691 
1.1285 1.00142 1.00001 1 1 1.00001 1.00142 1.1285 3.43437 1.1114 1.00126 0.999987 0.999987 1.00126 1.1114 3.43437 30.9047 34.6156 34.8808 34.5358 34.5326 34.8817 34.6156 30.9047 4.4294 1.10314 0.999123 0.998218 0.998218 0.99914 1.10679 4.43885 30.5646 30.9908 4.88287 1.36385 1.36566 4.92008 30.975 30.5619 2.38975 1.05561 1.22639 1.00681 1.0068 1.22639 1.05561 2.38975 1.03081 1.00691 1.00016 0.999998 0.999998 1.00016 1.00691 
1.12419 1.00127 1.00001 1 1 1.00001 1.00127 1.12419 3.41414 1.10948 1.00123 0.999986 0.999986 1.00123 1.10948 3.41414 30.771 34.4309 34.5503 34.1942 34.1932 34.5486 34.4309 30.771 4.55169 1.33892 1.23876 1.23766 1.23766 1.23877 1.34232 4.5602 30.0532 30.5117 5.15815 1.78459 1.78581 5.18915 30.4974 30.0513 2.35588 1.05371 1.22602 1.00677 1.00676 1.22602 1.05371 2.35588 1.02959 1.00673 1.00015 0.999997 0.999997 1.00015 1.00673 
1.11232 1.00032 1 1 1 1.00001 1.00127 1.12419 3.41414 1.10948 1.00123 0.999986 0.999986 1.00123 1.11173 3.57345 30.771 34.4309 34.5503 34.1942 34.1942 34.5503 34.4086 30.6849 4.5602 1.34232 1.23877 1.23766 1.23766 1.23876 1.33892 4.55169 30.0513 30.4974 5.18915 1.78581 1.78459 5.15815 30.4974 30.0513 2.38328 1.04562 1.22192 1.00661 1.00674 1.22522 1.05371 2.35588 1.02959 1.00673 1.00015 0.999997 0.999998 1.00012 1.00586 
1.11584 1.00041 1.00001 1 1 1.00001 1.00142 1.1285 3.43437 1.1114 1.00126 0.999987 0.999987 1.00126 1.1136 3.59322 30.9047 34.6156 34.8808 34.5358 34.5358 34.8808 34.5959 30.811 4.43885 1.10679 0.99914 0.998218 0.998218 0.999123 1.10314 4.4294 30.5619 30.975 4.92008 1.36566 1.36385 4.88287 30.975 30.5619 2.41947 1.04681 1.22204 1.00664 1.00677 1.22554 1.05561 2.38975 1.03081 1.00691 1.00016 0.999998 0.999999 1.00013 1.00598 
1.11577 1.00039 0.999993 0.999989 0.999989 0.999995 1.00139 1.12843 3.431 1.11125 1.00125 0.999975 0.999975 1.00125 1.11343 3.58916 30.8285 34.5082 34.8103 34.4776 34.4776 34.8103 34.4965 30.7343 4.4825 1.17641 1.07807 1.07579 1.07463 1.07686 1.1728 4.47479 30.5129 30.933 4.95803 1.42852 1.42268 4.92231 30.933 30.5129 2.41905 1.04665 1.22199 1.00664 1.00677 1.2255 1.05577 2.38913 1.03082 1.00691 1.00015 0.999986 0.999986 1.00011 1.00598 
1.11207 1.00037 1.00002 1.00001 1.00001 1.00002 1.00133 1.12441 3.30336 1.10362 1.00117 0.999997 0.999997 1.00117 1.10551 3.4441 28.9977 32.261 32.2615 31.9799 31.9799 32.2615 31.6787 28.3816 5.62522 2.82769 2.73165 2.72462 2.72669 2.73384 3.04601 5.83212 29.0144 29.6186 6.37882 3.20719 3.58245 6.69911 29.6186 29.0144 2.35661 1.05759 1.21639 1.00643 1.00644 1.22011 1.07852 2.35203 1.02998 1.00678 1.00016 1.00001 1.00001 1.00013 1.00591 
1.0003 0.999997 1 1 1 1 0.999999 1.00018 1.03181 1.00032 1 1 1 1 1.00032 1.03181 4.32119 4.82406 4.72142 4.6606 4.6606 4.72142 4.82406 4.32119 1.11252 1.01757 1.01392 1.01456 1.01416 1.01349 1.01724 1.11125 3.72514 4.25266 1.21814 1.04421 1.02973 1.17125 4.25266 3.72514 1.01665 1.00093 1.00428 1.00004 1.00005 1.00337 1.00066 1.02789 1.00013 1.00003 1 1 1 1 1.00003 
1 0.999988 0.999989 0.999989 0.999989 0.999989 0.999989 1 1.0003 0.999979 0.99999 0.999989 0.999989 0.99999 0.999979 1.0003 1.11611 1.13221 1.12491 1.1205 1.1205 1.12491 1.13221 1.11611 1.01341 1.01385 1.01474 1.01398 1.01416 1.01496 1.01388 1.01342 1.09177 1.1102 1.00037 0.997196 0.99689 1.00016 1.1102 1.09177 1.00007 0.999984 1.00001 0.999985 0.999982 1 0.999984 1.0002 0.999999 0.999988 0.999989 0.999989 0.999989 0.999989 0.999987 
1.00001 1 1 1 1 1 1 1.00001 1 0.99999 1 1 1 1 0.99999 1 1.00103 1.00123 1.00106 1.00111 1.00111 1.00106 1.00123 1.00103 1.00042 1.00038 1.0004 1.00038 1.00038 1.0004 1.00038 1.00042 1.00116 1.00126 0.999945 0.999916 0.999915 0.999945 1.00126 1.00116 0.999999 0.999989 0.999994 1 1 0.999997 0.99999 1 1.00001 1 1 1 1 1 1 
1.00001 0.999999 1 1 1 1 0.999999 1.00001 1 0.999989 1 1 1 1 0.999989 1 1.00001 0.999989 0.999999 0.999995 0.999995 0.999999 0.999989 1.00001 1.00001 0.999984 0.999997 0.999995 0.999995 0.999997 0.999984 1.00001 1.00001 0.999993 1 1 1 1 0.999993 1.00001 1 0.999989 1 1 1 1 0.999989 1 1.00001 0.999999 1 1 1 1 0.999999 
1.00001 0.999999 1 1 1 1 0.999999 1.00001 1 0.999989 1 1 1 1 0.999989 1 1.00001 0.999989 0.999999 0.999995 0.999992 0.999998 0.999992 1.00001 1.00001 0.999984 0.999997 0.999995 0.999995 0.999997 0.999984 1.00001 1.00002 0.999993 1 1 1 1 0.999993 1.00001 1 0.999989 1 1 1 1 0.999989 1 1.00001 0.999999 1 1 1 1 0.999999 
1.00001 1 1 1 1 1 1 1.00001 0.999999 0.999991 1 1 1 1 0.99999 1 1.00103 1.00123 1.00106 1.00111 1.00098 1.001 1.00157 1.00104 1.00042 1.00038 1.0004 1.00038 1.00038 1.0004 1.00038 1.00042 1.00115 1.00125 0.999945 0.999915 0.999916 0.999945 1.00126 1.00116 0.999999 0.999989 0.999994 1 1 0.999994 0.999989 1 1.00001 1 1 1 1 1 1 
1 0.999989 0.999989 0.999989 0.999989 0.999989 0.999989 1 1.00014 0.999979 0.99999 0.999989 0.999989 0.99999 0.999979 1.0003 1.11611 1.13221 1.12491 1.1205 1.11828 1.12475 1.1318 1.10414 1.01342 1.01388 1.01496 1.01416 1.01398 1.01474 1.01385 1.01341 1.08864 1.10527 1.00016 0.99689 0.997196 1.00037 1.1102 1.09177 1.00006 0.999984 1.00002 0.999982 0.999986 1.00002 0.999983 1.00018 0.999999 0.999988 0.999989 0.999989 0.999989 0.999989 0.999988 
1.00018 0.999999 1 1 1 1 0.999999 1.00018 1.01377 1.00002 0.999998 1 1 1 1.00032 1.03181 4.32119 4.82406 4.72142 4.6606 4.66116 4.7274 4.30872 3.88336 1.11125 1.01724 1.01349 1.01416 1.01456 1.01392 1.01757 1.11252 3.23344 3.7606 1.17125 1.02973 1.04421 1.21814 4.25266 3.72514 1.01408 1.00051 1.00348 1.00005 1.00003 1.00348 1.00052 1.01852 1.00013 1.00003 1 1 1 1 1.00003 
1.00002 1.00001 1.00001 1.00001 1.00001 1.00001 1.00001 1.00002 1.00025 1 1.00001 1.00001 1.00001 1.00001 1 1.00025 1.06834 1.07155 1.06512 1.05798 1.05798 1.06512 1.07155 1.06834 0.988267 0.986592 0.986654 0.986973 0.986973 0.986654 0.986592 0.988267 1.05403 1.06373 1.00586 1.00424 1.00422 1.00586 1.06548 1.05569 1.00023 1 1.00003 1.00001 1.00001 1.00003 1 1.00026 1.00002 1.00001 1.00001 1.00001 1.00001 1.00001 1.00001 
1.00001 0.999997 0.999999 0.999999 0.999999 0.999999 0.999997 1.00001 0.999995 0.999988 1 0.999999 0.999999 1 0.999988 0.999995 1.00075 1.00082 1.00058 1.00054 1.00054 1.00058 1.00082 1.00075 0.999825 0.999792 0.999805 0.999809 0.999809 0.999805 0.999792 0.999825 1.00041 1.00044 1.00009 1.00008 1.00008 1.00009 1.00045 1.00042 0.999995 0.999988 0.999995 0.999999 0.999999 0.999995 0.999987 0.999995 1.00001 0.999997 0.999999 0.999999 0.999999 0.999999 0.999997 
1.00001 0.999999 1 1 1 1 0.999999 1.00001 1 0.999989 1 1 1 1 0.999989 1 1.00001 0.999987 0.999996 0.999993 0.999993 0.999996 0.999987 1.00001 1.00002 0.999999 1.00001 1.00001 1.00001 1.00001 0.999999 1.00002 1.00001 0.999988 0.999999 0.999998 0.999998 0.999999 0.999988 1.00001 1 0.999989 1 1 1 1 0.999989 1 1.00001 0.999999 1 1 1 1 0.999999 
1.00001 0.999999 1 1 1 1 0.999999 1.00001 1 0.999989 1 1 1 1 0.999989 1 1.00001 0.999988 1 0.999999 0.999999 1 0.999988 1.00001 1.00001 0.999989 1 1 1 1 0.999989 1.00001 1.00001 0.999989 1 1 1 1 0.999989 1.00001 1 0.999989 1 1 1 1 0.999989 1 1.00001 0.999999 1 1 1 1 0.999999 
0 0 0 0 1 1 0.999999 1.00001 1 0.999989 1 1 1 1 0.999989 1 1.00001 0.999988 1 0.999999 0.999999 1 0.999988 1.00001 1.00001 0.999989 1 1 1 1 0.999989 1.00001 1.00001 0.999989 1 1 1 1 0.999989 1.00001 1 0.999989 1 1 1 1 0.999989 1 1.00001 0.999999 1 1 0 0 0 
0 0 0 0 1 1 0.999999 1.00001 1 0.999989 1 1 1 1 0.999989 1 1.00001 0.999987 0.999996 0.999993 0.999993 0.999995 0.999986 1.00001 1.00002 0.999999 1.00001 1.00001 1.00001 1.00001 0.999999 1.00002 1.00001 0.999988 0.999999 0.999998 0.999998 0.999999 0.999988 1.00001 1 0.999989 1 1 1 1 0.999989 1 1.00001 0.999999 1 1 0 0 0 
0 0 0 0 0.999999 0.999999 0.999997 1.00001 0.999995 0.999988 1 0.999999 0.999999 1 0.999988 0.999996 1.00075 1.00082 1.00058 1.00054 1.00052 1.00055 1.00079 1.0007 0.999839 0.999806 0.99982 0.999823 0.999809 0.999805 0.999792 0.999825 1.00042 1.00045 1.00009 1.00008 1.00008 1.00009 1.00044 1.00041 0.999995 0.999987 0.999995 0.999999 0.999999 0.999995 0.999988 0.999995 1.00001 0.999997 0.999999 0.999999 0 0 0 
