0 0 0 0 0.999977 1.00086 1.0175 1.2373 1.97323 1.29131 1.03967 1.00363 1.00366 1.03969 1.29281 1.98063 3.06817 3.5469 3.83149 3.85968 3.85145 3.81916 3.53289 3.05936 3.68145 5.2505 7.61768 9.21786 9.20694 7.61014 5.22537 3.65717 2.38736 2.48181 1.79061 1.39472 1.39182 1.78166 2.4685 2.3712 1.34527 1.12133 1.02173 1.00213 1.00213 1.02236 1.12123 1.34502 1.10621 1.01093 1.00077 1.00004 0 0 0 
0 0 0 0 0.999968 1.0001 1.00183 1.02501 1.11635 1.02466 1.00221 0.999971 0.999972 1.00221 1.02472 1.11694 1.30323 1.38796 1.43809 1.43877 1.43837 1.43695 1.38617 1.30273 1.56969 2.62776 4.5931 4.90851 4.86594 4.54545 2.59845 1.56173 1.27523 1.30177 1.10793 1.03497 1.03544 1.10884 1.30353 1.27602 1.03156 1.00973 1.00137 1.00004 1.00004 1.00142 1.00972 1.03154 1.0095 1.00076 0.999964 0.999983 0 0 0 
0 0 0 0 0.999998 0.999979 1.00004 1.00137 1.00651 1.00081 0.999951 0.999949 0.999949 0.999951 1.00081 1.00654 1.02091 1.02795 1.03236 1.03166 1.03167 1.03229 1.02782 1.02094 1.08343 1.42095 2.22293 2.15785 2.13984 2.19468 1.41091 1.08189 1.02811 1.03115 1.00846 1.00178 1.00182 1.00862 1.03159 1.02839 1.00157 1.00034 1.00004 0.999976 0.999976 1.00005 1.00034 1.00157 1.00062 0.999967 0.999983 1 0 0 0 
0 0 0 0 1 0.999997 0.999971 1.00009 1.00006 0.999815 0.99997 1 1 0.99997 0.999815 1.00007 1.00054 1.00058 1.0009 1.00088 1.00088 1.0009 1.00058 1.00055 1.00726 1.07228 1.3052 1.26769 1.26283 1.29811 1.07071 1.00709 1.00186 1.00184 1.00045 1.00001 1.00002 1.00046 1.00189 1.0019 0.999991 0.999855 0.999983 0.999999 0.999999 0.999982 0.999855 0.999991 1.00004 0.999984 1 1 0 0 0 
1.00009 0.999971 0.999997 1 1 0.999997 0.999971 1.00009 1.00006 0.999815 0.99997 1 1 0.99997 0.999815 1.00006 1.00055 1.00058 1.0009 1.00088 1.00088 1.0009 1.00058 1.00054 1.00726 1.07228 1.3052 1.26769 1.26769 1.3052 1.07228 1.00726 1.0019 1.00189 1.00046 1.00002 1.00002 1.00046 1.00189 1.0019 0.999991 0.999855 0.999982 0.999999 0.999999 0.999983 0.999855 0.999991 1.00004 0.999984 1 1 1 1 0.999984 
1.00137 1.00004 0.999979 0.999998 0.999998 0.999979 1.00004 1.00137 1.00651 1.00081 0.999951 0.999949 0.999949 0.999951 1.00081 1.00651 1.02094 1.02782 1.03229 1.03167 1.03166 1.03236 1.02795 1.02091 1.08343 1.42095 2.22293 2.15785 2.15785 2.22293 1.42095 1.08343 1.02839 1.03159 1.00862 1.00182 1.00182 1.00862 1.03159 1.02839 1.00157 1.00034 1.00005 0.999976 0.999976 1.00004 1.00034 1.00157 1.00062 0.999967 0.999983 1 1 0.999983 0.999967 
1.02501 1.00183 1.0001 0.999968 0.999968 1.0001 1.00183 1.02501 1.11635 1.02466 1.00221 0.999972 0.999972 1.00221 1.02466 1.11635 1.30273 1.38617 1.43695 1.43837 1.43877 1.43809 1.38796 1.30323 1.56969 2.62776 4.5931 4.90851 4.90851 4.5931 2.62776 1.56969 1.27602 1.30353 1.10884 1.03544 1.03544 1.10884 1.30353 1.27602 1.03154 1.00972 1.00142 1.00004 1.00004 1.00137 1.00972 1.03154 1.0095 1.00076 0.999964 0.999983 0.999983 0.999964 1.00076 
1.2373 1.0175 1.00086 0.999977 0.999977 1.00086 1.0175 1.2373 1.97323 1.29131 1.03969 1.00366 1.00366 1.03969 1.29131 1.97323 3.05936 3.53289 3.81916 3.85145 3.85968 3.83149 3.5469 3.06817 3.68145 5.2505 7.61768 9.21786 9.21786 7.61768 5.2505 3.68145 2.3712 2.4685 1.78166 1.39182 1.39182 1.78166 2.4685 2.3712 1.34502 1.12123 1.02236 1.00213 1.00213 1.02173 1.12123 1.34502 1.10621 1.01093 1.00077 1.00004 1.00004 1.00077 1.01093 
2.70593 1.36095 1.03907 1.00195 1.00195 1.03907 1.36095 2.70593 4.81669 2.64897 1.36577 1.05448 1.05317 1.3594 2.64897 4.81669 7.88045 9.3955 10.1831 10.2775 10.2798 10.1945 9.48216 7.95951 8.04639 8.90556 10.696 13.1963 13.1569 10.6074 8.80316 7.98527 6.25319 6.49669 5.67636 4.4939 4.53609 5.70473 6.49669 6.25319 2.79599 1.71802 1.17543 1.02646 1.03106 1.19751 1.71802 2.79599 1.58393 1.06063 1.0027 0.99996 0.99996 1.0027 1.06063 
1.4566 1.07752 1.00594 1.00005 1.00005 1.00594 1.07752 1.4566 2.01354 1.32408 1.04401 1.00373 1.00365 1.04336 1.32408 2.01354 3.06956 3.55061 3.79014 3.79722 3.8109 3.81023 3.54507 3.06466 3.84694 5.55628 6.61971 7.65318 7.6857 6.63525 5.57524 3.86657 2.59379 2.65736 2.12536 1.5849 1.58489 2.11791 2.65736 2.59379 1.34971 1.10063 1.01217 1.00094 1.00118 1.01405 1.10063 1.34971 1.0811 1.00594 1.00006 0.999869 0.999869 1.00006 1.00594 
1.06293 1.00775 1.00037 0.999932 0.999932 1.00037 1.00775 1.06293 1.1317 1.02978 1.00238 0.999954 0.999943 1.00232 1.02978 1.1317 1.33192 1.42993 1.46497 1.45626 1.46079 1.47113 1.43003 1.33235 1.72255 3.08895 4.01431 3.81304 3.84581 4.05812 3.12476 1.73193 1.30865 1.32179 1.16823 1.0523 1.05217 1.16682 1.32179 1.30865 1.0332 1.00607 1.00002 0.999949 0.999962 1.00014 1.00607 1.0332 1.00599 1.00025 0.999955 0.999994 0.999994 0.999955 1.00025 
1.00531 1.00044 0.999909 0.999989 0.999989 0.999909 1.00044 1.00531 1.00943 1.00111 0.999925 0.999954 0.999955 0.999917 1.00111 1.00943 1.03005 1.04249 1.04499 1.04248 1.04329 1.04606 1.0425 1.03011 1.12434 1.67589 2.37937 2.04144 2.05589 2.41637 1.69108 1.12667 1.03993 1.04308 1.01498 1.00225 1.00222 1.01473 1.04308 1.03993 1.00164 0.999909 1.00001 1 1 1.00002 0.999909 1.00164 1.00032 0.999947 0.999991 1 1 0.999991 0.999947 
1.00531 1.00044 0.999909 0.999989 0.999989 0.999909 1.00044 1.00531 1.00943 1.00111 0.999917 0.999954 0.999954 0.999925 1.00109 1.00931 1.03011 1.0425 1.04606 1.04329 1.04329 1.04606 1.0425 1.03011 1.12667 1.69108 2.41637 2.05589 2.05589 2.41637 1.69108 1.12667 1.03865 1.0412 1.01473 1.00222 1.00222 1.01473 1.04122 1.03867 1.00172 0.999921 1.00002 1 1 1.00002 0.999909 1.00164 1.00032 0.999947 0.999991 1 1 0.999991 0.999947 
1.06287 1.00774 1.00037 0.999932 0.999932 1.00037 1.00775 1.06293 1.1317 1.02978 1.00232 0.999954 0.999954 1.00238 1.02947 1.13091 1.33235 1.43003 1.47113 1.46079 1.46079 1.47113 1.43003 1.33235 1.73193 3.12476 4.05812 3.84581 3.84581 4.05812 3.12476 1.73193 1.30186 1.31268 1.16682 1.05217 1.05217 1.16684 1.31277 1.30217 1.03394 1.00627 1.00014 0.999962 0.999949 1.00011 1.00607 1.0332 1.00599 1.00025 0.999955 0.999994 0.999994 0.999955 1.00025 
1.45518 1.07721 1.00591 1.00004 1.00005 1.00594 1.07752 1.4566 2.01354 1.32408 1.04336 1.00373 1.00373 1.04401 1.32201 2.01042 3.06466 3.54507 3.81023 3.8109 3.8109 3.81023 3.54507 3.06466 3.86657 5.57524 6.63525 7.6857 7.6857 6.63525 5.57524 3.86657 2.55792 2.61718 2.11791 1.58489 1.58477 2.11759 2.61694 2.55813 1.35586 1.10372 1.01405 1.00118 1.00094 1.01366 1.10063 1.34971 1.0811 1.00594 1.00006 0.999869 0.999869 1.00006 1.00594 
2.72135 1.36568 1.03966 1.002 1.00195 1.03907 1.36095 2.70593 4.81669 2.64897 1.3594 1.05448 1.05448 1.36577 2.64652 4.8254 7.95951 9.48216 10.1945 10.2798 10.2798 10.1945 9.48216 7.95951 7.98527 8.80316 10.6074 13.1569 13.1569 10.6074 8.80316 7.98527 6.31677 6.56054 5.70473 4.53609 4.53504 5.70146 6.556 6.31053 2.84918 1.74794 1.19751 1.03106 1.02646 1.19931 1.71802 2.79599 1.58393 1.06063 1.0027 0.99996 0.99996 1.0027 1.06064 
7.16491 2.7483 1.29037 1.02715 1.02697 1.2905 2.75672 7.2313 13.0602 7.41734 3.11916 1.58644 1.59208 3.14557 7.42519 12.9109 19.9553 23.7588 24.9786 24.8479 24.9702 25.1084 23.8993 20.0529 15.7994 17.1055 19.0487 21.3319 21.336 19.0534 17.1092 15.8061 12.9983 13.2444 11.7247 9.76712 9.63749 11.3985 12.7869 12.4635 7.1457 4.81306 2.49158 1.4801 1.48832 2.57702 4.81691 7.25387 4.72318 1.89782 1.11064 1.00664 1.00653 1.10913 1.88742 
8.60157 3.21562 1.38378 1.03939 1.03896 1.38253 3.2165 8.65474 15.1048 9.06309 3.8777 1.85254 1.86345 3.93201 9.09751 15.0482 21.2431 26.2887 27.8837 28.3066 28.3074 27.8879 26.3058 21.2635 14.0017 14.6618 17.6446 20.9086 20.9091 17.6437 14.6615 14.0035 12.6406 12.9413 10.4086 7.34299 7.59776 10.3725 12.6884 12.4212 6.16958 3.91542 1.98482 1.23835 1.23068 1.93952 3.91504 6.14533 3.45898 1.48742 1.05526 1.0029 1.00277 1.05396 1.48045 
6.81704 2.60327 1.25438 1.02378 1.02352 1.25353 2.60419 6.85669 12.2841 7.20627 3.06262 1.55867 1.56569 3.10005 7.23853 12.2378 17.3179 21.7957 23.1824 23.5388 23.5406 23.1872 21.8099 17.3341 11.1286 12.711 16.7907 20.1967 20.1971 16.7911 12.7103 11.1284 10.1485 10.5926 7.92602 4.92935 5.13206 7.92165 10.4021 9.96762 4.42474 2.80118 1.55152 1.1114 1.10692 1.51754 2.80099 4.40253 2.40341 1.23715 1.02402 1.00108 1.00099 1.02308 1.23148 
5.15716 1.99267 1.12152 1.00776 1.00769 1.12115 1.99226 5.17244 8.94193 4.81786 1.93051 1.16323 1.16475 1.94181 4.82918 8.91036 13.2877 16.9642 17.8703 18.0081 18.0087 17.8723 16.9705 13.2863 8.44084 11.7466 17.4562 19.9855 19.9861 17.4573 11.7445 8.44112 7.41208 8.00214 5.35472 2.8297 2.90268 5.37819 7.9297 7.32848 2.81426 1.72067 1.1579 1.01943 1.01865 1.14882 1.72037 2.79861 1.52924 1.05831 1.00324 1.00006 1.00004 1.00307 1.05683 
5.17244 1.99226 1.12115 1.00769 1.00769 1.12115 1.99226 5.17244 8.94193 4.81786 1.93051 1.16323 1.16323 1.93051 4.81786 8.94193 13.2863 16.9705 17.8723 18.0087 18.0087 17.8723 16.9705 13.2863 8.44112 11.7445 17.4573 19.9861 19.9861 17.4573 11.7445 8.44112 7.41208 8.00214 5.35472 2.8297 2.8297 5.35472 8.00214 7.41208 2.79861 1.72037 1.14882 1.01865 1.01865 1.14882 1.72037 2.79861 1.52924 1.05831 1.00324 1.00006 1.00006 1.00324 1.05831 
6.85669 2.60419 1.25353 1.02352 1.02352 1.25353 2.60419 6.85669 12.2841 7.20627 3.06262 1.55867 1.55867 3.06262 7.20627 12.2841 17.3341 21.8099 23.1872 23.5406 23.5406 23.1872 21.8099 17.3341 11.1284 12.7103 16.7911 20.1971 20.1971 16.7911 12.7103 11.1284 10.1485 10.5926 7.92602 4.92935 4.92935 7.92602 10.5926 10.1485 4.40253 2.80099 1.51754 1.10692 1.10692 1.51754 2.80099 4.40253 2.40341 1.23715 1.02402 1.00108 1.00108 1.02402 1.23715 
8.65474 3.2165 1.38253 1.03896 1.03896 1.38253 3.2165 8.65474 15.1048 9.06309 3.8777 1.85254 1.85254 3.8777 9.06309 15.1048 21.2635 26.3058 27.8879 28.3074 28.3074 27.8879 26.3058 21.2635 14.0035 14.6615 17.6437 20.9091 20.9091 17.6437 14.6615 14.0035 12.6406 12.9413 10.4086 7.34299 7.34299 10.4086 12.9413 12.6406 6.14533 3.91504 1.93952 1.23068 1.23068 1.93952 3.91504 6.14533 3.45898 1.48742 1.05526 1.0029 1.0029 1.05526 1.48742 
7.2313 2.75672 1.2905 1.02697 1.02697 1.2905 2.75672 7.2313 13.0602 7.41734 3.11916 1.58644 1.58644 3.11916 7.41734 13.0602 20.0529 23.8993 25.1084 24.9702 24.9702 25.1084 23.8993 20.0529 15.8061 17.1092 19.0534 21.336 21.336 19.0534 17.1092 15.8061 12.9983 13.2444 11.7247 9.76712 9.76712 11.7247 13.2444 12.9983 7.25387 4.81691 2.57702 1.48832 1.48832 2.57702 4.81691 7.25387 4.72318 1.89782 1.11064 1.00664 1.00664 1.11064 1.89782 
10.0066 3.61925 1.46295 1.04474 1.04422 1.45935 3.61925 10.0066 18.327 9.56342 3.4786 1.58579 1.58579 3.4786 9.60968 18.4157 27.8586 31.1319 32.0769 32.2677 32.2677 32.0769 31.1319 27.8586 25.6449 27.2832 29.0529 30.3535 30.3535 29.0529 27.2832 25.6449 23.4487 24.3292 24.1704 23.5721 23.5721 24.1704 24.3292 23.4487 17.1583 14.9082 9.23188 4.69168 4.69168 9.23188 14.9082 17.1583 11.1463 4.03202 1.53523 1.05323 1.05323 1.53523 4.03202 
11.6541 4.11635 1.57359 1.0594 1.05871 1.56935 4.11635 11.6541 20.6239 11.0791 3.97052 1.74108 1.74108 3.97052 11.116 20.6544 30.093 32.908 34.0113 34.2303 34.2303 34.0113 32.908 30.093 28.9501 29.4195 30.7073 32.0677 32.0677 30.7073 29.4195 28.9501 28.9276 30.4957 31.3169 31.3561 31.3561 31.3169 30.4957 28.9276 19.3301 17.1918 10.746 5.38506 5.38506 10.746 17.1918 19.3301 12.4324 4.35055 1.60265 1.05808 1.05808 1.60265 4.35055 
12.1782 4.27392 1.60388 1.06235 1.06162 1.59945 4.27392 12.1782 21.7542 11.7373 4.17342 1.79376 1.79376 4.17342 11.7879 21.7985 31.4275 33.7479 34.6511 34.823 34.823 34.6511 33.7479 31.4275 31.1291 31.3727 32.2563 33.2944 33.2944 32.2563 31.3727 31.1291 30.7036 32.5696 33.7647 34.0463 34.0463 33.7647 32.5696 30.7036 20.5791 18.5584 11.5784 5.70684 5.70684 11.5784 18.5584 20.5791 13.2315 4.59416 1.64987 1.06269 1.06269 1.64987 4.59416 
12.1405 4.21289 1.57555 1.0556 1.05519 1.57283 4.21289 12.1405 22.1401 11.6221 4.11516 1.74375 1.74375 4.11516 11.6516 22.1948 31.9896 33.994 34.7824 34.9318 34.9318 34.7824 33.994 31.9896 32.3953 32.788 33.4645 34.1369 34.1369 33.4645 32.788 32.3953 31.1739 33.2251 34.3914 34.6826 34.6826 34.3914 33.2251 31.1739 21.166 19.1564 11.8085 5.69826 5.69826 11.8085 19.1564 21.166 13.573 4.66 1.65913 1.06239 1.06239 1.65913 4.66 
12.091 4.20009 1.57283 1.05519 1.0556 1.57555 4.21289 12.1405 22.1948 11.6516 4.13236 1.74813 1.74813 4.13236 11.6516 22.1948 31.8511 33.9854 34.7752 34.9293 34.9293 34.7752 33.994 31.9896 32.3762 32.7818 33.4675 34.1428 34.1369 33.4645 32.788 32.3953 31.1739 33.2251 34.4367 34.697 34.6948 34.4332 33.3108 31.0699 21.1493 19.1207 11.8129 5.69934 5.69826 11.8085 19.1564 21.166 13.573 4.66 1.65913 1.06239 1.06263 1.66061 4.67034 
12.1056 4.25397 1.59945 1.06162 1.06235 1.60388 4.27392 12.1782 21.7985 11.7879 4.19933 1.80052 1.80052 4.19933 11.7879 21.7985 31.2718 33.7195 34.6352 34.8163 34.8163 34.6352 33.7479 31.4275 31.1022 31.3576 32.2593 33.309 33.2944 32.2563 31.3727 31.1291 30.7036 32.5696 33.8409 34.0741 34.0678 33.8309 32.7174 30.5658 20.5532 18.4932 11.5908 5.70933 5.70684 11.5784 18.5584 20.5791 13.2315 4.59416 1.64987 1.06269 1.06303 1.65185 4.6073 
11.5841 4.09745 1.56935 1.05871 1.0594 1.57359 4.11635 11.6541 20.6544 11.116 3.99278 1.74705 1.74705 3.99278 11.116 20.6544 29.9509 32.8751 33.989 34.2193 34.2193 33.989 32.908 30.093 28.9175 29.3975 30.7136 32.0875 32.0677 30.7073 29.4195 28.9501 28.9276 30.4957 31.3554 31.3363 31.3207 31.3311 30.6132 28.7745 19.3051 17.1275 10.7692 5.39165 5.38506 10.746 17.1918 19.3301 12.4324 4.35055 1.60265 1.05808 1.05841 1.60457 4.36268 
9.94588 3.6015 1.45935 1.04422 1.04474 1.46295 3.61925 10.0066 18.4157 9.60968 3.49902 1.59058 1.59058 3.49902 9.60968 18.4157 27.8899 31.2001 32.1382 32.3441 32.3441 32.1382 31.1319 27.8586 25.7432 27.4106 29.1865 30.4522 30.3535 29.0529 27.2832 25.6449 23.4487 24.3292 24.6575 24.049 24.0504 24.6593 24.7833 23.752 17.2111 14.9631 9.23083 4.69187 4.69168 9.23188 14.9082 17.1583 11.1463 4.03202 1.53523 1.05323 1.05385 1.53911 4.05537 
7.21551 2.50465 1.22024 1.01665 1.01665 1.22024 2.51703 7.25542 15.0863 6.70511 2.48524 1.25823 1.25453 2.47047 6.70511 15.0863 29.2644 32.5962 34.0311 34.3799 34.4274 34.0824 32.558 28.9952 32.5481 34.1704 34.5865 34.5059 34.5059 34.5865 34.1704 32.5481 28.6996 31.4505 31.9092 31.8082 31.8137 31.9205 31.4555 28.7767 20.1068 16.9543 11.4831 6.38726 6.39407 11.5083 16.9085 20.0917 13.0293 5.18651 1.91026 1.1376 1.1376 1.91026 5.18651 
5.61012 1.93565 1.11276 1.00646 1.00646 1.11276 1.9464 5.64668 12.9945 5.21965 1.94241 1.13257 1.13004 1.93273 5.21965 12.9945 28.6925 32.5577 34.2698 34.7026 34.7093 34.2877 32.5318 28.4043 33.2092 34.4626 34.7617 34.7721 34.7721 34.7617 34.4626 33.2092 30.3885 33.1337 33.8047 33.9199 33.9312 33.8208 33.1458 30.4384 21.6911 18.3794 12.2847 6.8103 6.81086 12.2847 18.3827 21.7408 13.5913 5.32257 1.95157 1.14681 1.14681 1.95157 5.32257 
5.1328 1.78522 1.08814 1.00461 1.00461 1.08814 1.79467 5.16669 12.3305 4.77129 1.79755 1.10656 1.10422 1.78837 4.77129 12.3305 28.5362 32.5639 34.3489 34.8094 34.8193 34.3667 32.5383 28.2344 33.5456 34.5813 34.8471 34.9038 34.9038 34.8471 34.5813 33.5456 30.9679 33.7951 34.588 34.7451 34.7498 34.5948 33.7958 31.0095 22.3045 18.8332 12.3392 6.79283 6.79269 12.3372 18.8368 22.3543 13.9652 5.39262 1.96016 1.146 1.146 1.96016 5.39262 
4.91666 1.70713 1.07202 1.00339 1.00339 1.07202 1.71299 4.93613 12.2099 4.61532 1.71236 1.08535 1.08401 1.7067 4.61532 12.2099 28.5263 32.5592 34.3727 34.8266 34.8309 34.3774 32.557 28.2566 33.7027 34.6547 34.8917 34.9534 34.9534 34.8917 34.6547 33.7027 31.1668 33.9557 34.7624 34.9129 34.9142 34.7641 33.9505 31.2107 22.6882 19.045 12.0034 6.53802 6.53866 12.0028 19.048 22.7448 14.3944 5.35579 1.91545 1.12518 1.12518 1.91545 5.35579 
4.93613 1.71299 1.07299 1.00348 1.00339 1.07202 1.70713 4.91666 12.1972 4.6014 1.7067 1.08401 1.08535 1.71236 4.61532 12.2099 28.6204 32.5549 34.3774 34.8309 34.8309 34.3774 32.5592 28.5263 33.7022 34.6547 34.8917 34.9534 34.9534 34.8917 34.6547 33.7027 31.1494 33.9453 34.7596 34.9123 34.9129 34.7624 33.9557 31.1668 22.7103 19.1002 12.0028 6.53866 6.53802 11.975 19.045 22.6882 14.3944 5.35579 1.91545 1.12518 1.12378 1.90974 5.33471 
5.16669 1.79467 1.08977 1.00479 1.00461 1.08814 1.78522 5.1328 12.3019 4.74628 1.78837 1.10422 1.10656 1.79755 4.77129 12.3305 28.6182 32.5582 34.3667 34.8193 34.8193 34.3667 32.5639 28.5362 33.5452 34.5813 34.8471 34.9038 34.9038 34.8471 34.5813 33.5456 30.9376 33.7789 34.5832 34.7439 34.7451 34.588 33.7951 30.9679 22.3408 18.9268 12.3372 6.79269 6.79283 12.2903 18.8332 22.3045 13.9652 5.39262 1.96016 1.146 1.14368 1.95114 5.36154 
5.64668 1.9464 1.11466 1.00666 1.00646 1.11276 1.93565 5.61012 12.9659 5.19329 1.93273 1.13004 1.13257 1.94241 5.21965 12.9945 28.7634 32.5506 34.2877 34.7093 34.7093 34.2877 32.5577 28.6925 33.2087 34.4625 34.7616 34.772 34.7721 34.7617 34.4626 33.2092 30.3562 33.1071 33.7884 33.9079 33.9199 33.8047 33.1337 30.3885 21.7328 18.4771 12.2847 6.81086 6.8103 12.2342 18.3794 21.6911 13.5913 5.32257 1.95157 1.14681 1.14444 1.94228 5.29032 
7.25542 2.51703 1.22271 1.01696 1.01665 1.22024 2.50465 7.21551 15.0391 6.66559 2.47047 1.25453 1.25823 2.48524 6.70511 15.0863 29.3166 32.591 34.0824 34.4274 34.4274 34.0824 32.5962 29.2644 32.5479 34.1698 34.5857 34.5059 34.5059 34.5865 34.1704 32.5481 28.6984 31.4887 31.9628 31.8616 31.8082 31.9092 31.4505 28.6996 20.1052 17.0131 11.5083 6.39407 6.38726 11.4144 16.9543 20.1068 13.0293 5.18651 1.91026 1.1376 1.13574 1.90294 5.15839 
8.94064 3.12382 1.34924 1.03258 1.0322 1.34917 3.12382 8.94064 17.3875 8.50659 3.05891 1.41467 1.41477 3.05588 8.50659 17.3875 30.5277 33.095 34.2381 34.544 34.544 34.2381 33.0867 30.4959 31.3117 33.616 34.1299 33.8936 33.8663 34.1145 33.5864 31.2806 26.2151 31.0489 32.0781 31.9551 31.8447 31.9603 30.9312 26.2331 13.2394 11.2465 8.94528 6.65138 6.65215 8.94186 11.2304 13.1472 8.71719 4.76792 2.0359 1.23917 1.23486 2.0211 4.74345 
10.4835 3.67184 1.47105 1.04782 1.04731 1.47101 3.67184 10.4835 19.8868 10.1716 3.64326 1.57906 1.57917 3.63628 10.1716 19.8868 32.1524 33.9145 34.6273 34.8067 34.8067 34.6273 33.9246 32.1404 32.4421 34.0123 34.4238 34.4467 34.4463 34.4213 34.006 32.4467 28.6525 32.8729 33.8339 33.9118 33.9244 33.8396 32.8709 28.7839 15.6518 13.8395 11.5908 9.33404 9.33525 11.5878 13.8156 15.5452 10.5181 5.9255 2.44723 1.37066 1.36315 2.42002 5.87454 
11.0536 3.8721 1.51085 1.05216 1.05162 1.51081 3.8721 11.0536 20.6098 10.6049 3.77694 1.61456 1.6146 3.76904 10.6049 20.6098 32.7832 34.2779 34.8137 34.9347 34.9347 34.8137 34.2807 32.7626 33.1533 34.309 34.6392 34.7346 34.7339 34.6372 34.3044 33.155 29.7995 33.6683 34.6041 34.7514 34.7503 34.6032 33.663 29.9335 17.424 15.3503 12.7497 10.0065 10.0075 12.7468 15.3323 17.3194 11.8101 6.60152 2.6352 1.41607 1.40776 2.60638 6.54465 
11.139 3.8901 1.50719 1.04964 1.04929 1.50716 3.8901 11.139 20.7545 10.6616 3.78404 1.6121 1.61192 3.77837 10.6616 20.7545 32.9723 34.3369 34.854 34.9598 34.9598 34.854 34.3402 32.9392 33.5048 34.5301 34.7927 34.8779 34.8775 34.7916 34.5277 33.5071 30.3518 33.884 34.7646 34.9165 34.9158 34.7642 33.8746 30.4552 19.1633 16.2646 12.7575 9.06403 9.06504 12.7554 16.2559 19.0773 12.7301 6.26217 2.3976 1.30925 1.30443 2.38227 6.22256 
11.1152 3.88535 1.50716 1.04929 1.04964 1.50719 3.8901 11.139 20.6721 10.6823 3.78974 1.61226 1.61226 3.78974 10.6616 20.7545 32.9392 34.3402 34.8545 34.96 34.9598 34.854 34.3369 32.9723 33.5071 34.5277 34.7916 34.8775 34.8775 34.7916 34.5277 33.5071 30.4552 33.8746 34.7642 34.9158 34.9163 34.7642 33.884 30.3518 19.0773 16.2559 12.7554 9.06504 9.06403 12.7554 16.2559 19.1633 12.7301 6.26217 2.3976 1.30925 1.30925 2.3976 6.26217 
11.0168 3.86428 1.51081 1.05162 1.05216 1.51085 3.8721 11.0536 20.529 10.6254 3.78521 1.61454 1.61454 3.78521 10.6049 20.6098 32.7626 34.2807 34.8154 34.9352 34.9347 34.8137 34.2779 32.7832 33.155 34.3044 34.6372 34.7339 34.7339 34.6372 34.3044 33.155 29.9335 33.663 34.6032 34.7503 34.7513 34.6035 33.6683 29.7995 17.3194 15.3323 12.7468 10.0075 10.0065 12.7468 15.3323 17.424 11.8101 6.60152 2.6352 1.41607 1.41607 2.6352 6.60152 
10.448 3.66419 1.47101 1.04731 1.04782 1.47105 3.67184 10.4835 19.8085 10.1916 3.65188 1.5791 1.5791 3.65188 10.1716 19.8868 32.1404 33.9246 34.633 34.8086 34.8067 34.6273 33.9145 32.1524 32.4467 34.006 34.4213 34.4463 34.4463 34.4213 34.006 32.4467 28.7839 32.8709 33.8396 33.9244 33.9179 33.8344 32.8729 28.6525 15.5452 13.8156 11.5878 9.33525 9.33404 11.5878 13.8156 15.6518 10.5181 5.9255 2.44723 1.37066 1.37066 2.44723 5.9255 
8.89566 3.11413 1.34917 1.0322 1.03258 1.34924 3.12382 8.94064 17.3296 8.53043 3.06818 1.41545 1.41545 3.06818 8.50659 17.3875 30.4959 33.0867 34.2332 34.5429 34.544 34.2381 33.095 30.5277 31.2806 33.5864 34.1145 33.8663 33.8663 34.1145 33.5864 31.2806 26.2331 30.9312 31.9603 31.8447 31.8763 31.9836 31.0489 26.2151 13.1472 11.2304 8.94186 6.65215 6.65138 8.94186 11.2304 13.2394 8.71719 4.76792 2.0359 1.23917 1.23917 2.0359 4.76792 
5.90352 2.08124 1.132 1.00789 1.00789 1.132 2.08124 5.90352 12.9131 5.56795 2.05034 1.16601 1.16601 2.05034 5.56795 12.8163 26.572 30.8322 32.8242 33.341 33.341 32.8242 30.8322 26.572 24.9972 27.0383 27.8207 27.7547 27.5959 27.6438 26.8747 24.8967 19.9975 24.7643 25.2014 24.4984 24.1105 24.7871 24.4353 19.7981 8.70416 6.15524 3.61294 1.84648 1.82916 3.59404 6.14092 8.66507 4.96929 2.10937 1.19413 1.02051 1.02135 1.19413 2.13206 
5.14152 1.7977 1.08524 1.00413 1.00413 1.08524 1.7977 5.14152 12.3603 5.00046 1.84082 1.12408 1.12408 1.84082 5.00046 12.253 27.2462 31.7099 33.7385 34.3324 34.3324 33.7385 31.7099 27.2462 26.2803 28.9463 29.9598 30.5687 30.5702 29.9645 28.9647 26.3464 20.2392 26.9918 29.8363 30.6925 30.7101 29.7707 26.8427 20.2465 6.66116 4.00325 2.00061 1.15902 1.15861 2.01124 4.02907 6.66264 3.53827 1.51261 1.05821 1.00339 1.00345 1.05821 1.51622 
4.92366 1.73132 1.07564 1.00351 1.00351 1.07564 1.73132 4.92366 12.1429 4.80726 1.77706 1.11215 1.11215 1.77706 4.80726 12.0338 27.4574 31.9951 34.0747 34.6846 34.6846 34.0747 31.9951 27.4574 27.3048 30.5059 31.6216 32.3507 32.3522 31.6264 30.5258 27.3798 20.342 28.3742 32.131 33.3293 33.2717 31.9919 28.2295 20.3807 5.05015 2.57371 1.31603 1.02483 1.0238 1.32004 2.59165 5.04959 2.4379 1.23231 1.01936 1.00064 1.00067 1.01936 1.23492 
4.85327 1.70232 1.06753 1.00293 1.00293 1.06753 1.70232 4.85327 12.1304 4.70916 1.72076 1.09329 1.09329 1.72076 4.70916 12.0318 27.5125 31.9612 34.1818 34.7504 34.7504 34.1818 31.9612 27.5125 28.1093 31.7101 32.8809 33.5522 33.5529 32.883 31.7213 28.159 20.5227 29.1392 33.0317 34.1152 34.0766 32.9368 29.0527 20.5437 4.5065 2.10732 1.14581 1.00758 1.00664 1.1467 2.11818 4.50603 2.06553 1.14827 1.01029 1.00016 1.00017 1.01029 1.14958 
4.86782 1.70465 1.06791 1.00297 1.00293 1.06753 1.70232 4.85327 12.0318 4.70916 1.72076 1.09329 1.09329 1.72074 4.65854 12.1696 27.5125 31.9612 34.1819 34.7505 34.7504 34.1818 31.86 27.8145 28.159 31.7213 32.883 33.5529 33.5529 32.883 31.7213 28.159 20.5437 29.0527 32.9368 34.0766 34.0834 32.9483 29.086 20.6594 4.50603 2.11818 1.1467 1.00664 1.00758 1.14581 2.11818 4.5065 2.07373 1.14958 1.01029 1.00017 1.00016 1.01013 1.14827 
4.94959 1.7362 1.07642 1.00359 1.00351 1.07564 1.73132 4.92366 12.0338 4.80726 1.77706 1.11215 1.11219 1.7773 4.71556 12.1585 27.4574 31.9951 34.0751 34.6852 34.6846 34.0747 31.8501 27.8356 27.3798 30.5258 31.6264 32.3522 32.3522 31.6264 30.5258 27.3798 20.3807 28.2295 31.9919 33.2717 33.2875 32.0181 28.3158 20.4859 5.04959 2.59165 1.32004 1.0238 1.02483 1.31603 2.59165 5.05015 2.45126 1.23492 1.01936 1.00067 1.00064 1.019 1.23231 
5.16849 1.8028 1.08607 1.00421 1.00413 1.08524 1.7977 5.14152 12.253 5.00046 1.84082 1.12408 1.12415 1.84144 4.90578 12.3711 27.2462 31.7099 33.7361 34.3321 34.3324 33.7385 31.5516 27.6385 26.3464 28.9647 29.9645 30.5702 30.5702 29.9645 28.9647 26.3464 20.2465 26.8427 29.7707 30.7101 30.7363 29.8135 26.9458 20.3539 6.66264 4.02907 2.01124 1.15861 1.15902 2.00061 4.02907 6.66116 3.54967 1.51622 1.05821 1.00345 1.00339 1.05753 1.51261 
5.90837 2.08169 1.1323 1.00796 1.00789 1.132 2.08124 5.90352 12.8163 5.56795 2.05034 1.16601 1.16617 2.05174 5.42669 12.7866 26.572 30.8322 32.8222 33.3405 33.341 32.8242 30.8769 27.1136 24.8967 26.8747 27.6438 27.5959 27.5959 27.6438 26.8747 24.8967 19.7981 24.4353 24.7871 24.1105 24.1225 24.7952 24.6277 20.0013 8.66507 6.14092 3.59404 1.82916 1.84648 3.61294 6.14092 8.70416 5.0069 2.13206 1.19413 1.02135 1.02051 1.18881 2.10937 
3.72286 1.47909 1.04952 1.00261 1.00252 1.04861 1.47387 3.70078 8.85099 3.46598 1.43719 1.04725 1.04725 1.43715 3.44919 8.7385 20.6075 26.4435 28.0912 28.5207 28.5351 28.1095 26.449 20.6449 14.7502 12.9881 12.23 11.8978 11.8978 12.23 12.9881 14.7502 14.9015 18.9296 15.5404 12.0783 12.152 15.5935 18.976 14.9951 6.19235 3.50193 1.75886 1.1395 1.14245 1.75886 3.50193 6.26565 2.64955 1.22912 1.01508 1.00042 1.00042 1.01508 1.22912 
3.70977 1.47559 1.05108 1.00281 1.0027 1.05015 1.47143 3.70035 8.93194 3.41903 1.43537 1.04654 1.04653 1.43535 3.44541 8.95397 21.6425 29.3012 31.7006 32.2015 32.2064 31.6983 29.2907 21.6567 13.3845 9.91167 7.93224 6.8193 6.8193 7.93224 9.91167 13.3845 14.9478 18.832 13.7932 8.2113 8.14367 13.7396 18.822 14.9854 5.93571 2.95507 1.4774 1.09755 1.0978 1.4774 2.95507 5.97629 2.46017 1.21969 1.01806 1.00076 1.00076 1.01806 1.21969 
3.72215 1.47304 1.05036 1.00285 1.00274 1.04944 1.46902 3.71361 9.04044 3.45114 1.43766 1.04655 1.04655 1.43765 3.47496 9.05153 22.1041 30.51 33.1734 33.7357 33.7382 33.1717 30.5044 22.1183 11.6068 6.72946 4.46125 3.31788 3.31788 4.46125 6.72946 11.6068 15.081 18.6296 12.9003 6.54781 6.50966 12.8812 18.6304 15.117 5.98112 2.89669 1.45435 1.09773 1.09779 1.45435 2.89669 6.01976 2.45929 1.224 1.0189 1.00089 1.00089 1.0189 1.224 
3.66265 1.44003 1.04157 1.00197 1.00192 1.04106 1.43784 3.65886 9.1054 3.45474 1.41146 1.03921 1.03921 1.41151 3.46198 9.11194 22.2189 30.7752 33.4894 34.0762 34.0771 33.4887 30.7733 22.2288 10.557 4.85974 2.64862 1.9185 1.9185 2.64862 4.85974 10.557 15.1988 18.5672 12.6521 6.17136 6.15121 12.653 18.5707 15.2299 6.02343 2.82099 1.42115 1.08492 1.08494 1.42115 2.82099 6.06091 2.47255 1.22084 1.01748 1.00076 1.00076 1.01748 1.22084 
3.65886 1.43784 1.04106 1.00192 1.00197 1.04157 1.43784 3.65886 9.11194 3.46198 1.41151 1.03921 1.03921 1.41146 3.46198 9.11194 22.2189 30.7752 33.4894 34.0762 34.0762 33.4894 30.7752 22.2189 10.5685 4.85533 2.64782 1.91829 1.9185 2.64862 4.85974 10.557 15.2292 18.5628 12.6464 6.18163 6.17136 12.6521 18.5672 15.1988 6.07332 2.85258 1.41084 1.08227 1.08492 1.42115 2.82099 6.02343 2.47255 1.22084 1.01748 1.00076 1.00076 1.01747 1.22088 
3.71361 1.46902 1.04944 1.00274 1.00285 1.05036 1.46902 3.71361 9.05153 3.47496 1.43765 1.04655 1.04655 1.43766 3.47496 9.05153 22.1041 30.51 33.1734 33.7357 33.7357 33.1734 30.51 22.1041 11.6174 6.72247 4.45979 3.31743 3.31788 4.46125 6.72946 11.6068 15.1208 18.6242 12.8893 6.55692 6.54781 12.9003 18.6296 15.081 6.03461 2.94554 1.43911 1.0938 1.09773 1.45435 2.89669 5.98112 2.45929 1.224 1.0189 1.00089 1.00089 1.01889 1.22406 
3.70035 1.47143 1.05015 1.0027 1.00281 1.05108 1.47143 3.70035 8.95397 3.44541 1.43535 1.04654 1.04654 1.43537 3.44541 8.95397 21.6425 29.3012 31.7006 32.2015 32.2015 31.7006 29.3012 21.6425 13.3935 9.9033 7.93137 6.82006 6.8193 7.93224 9.91167 13.3845 14.9901 18.8222 13.7667 8.20737 8.2113 13.7932 18.832 14.9478 5.98782 3.00973 1.46474 1.09453 1.09755 1.4774 2.95507 5.93571 2.46017 1.21969 1.01806 1.00076 1.00076 1.01806 1.21975 
3.70078 1.47387 1.04861 1.00252 1.00261 1.04952 1.47387 3.70078 8.7385 3.44919 1.43715 1.04725 1.04725 1.43719 3.44919 8.7385 20.6075 26.4435 28.0912 28.5207 28.5207 28.0912 26.4435 20.6075 14.6249 12.7976 12.0395 11.736 11.8978 12.23 12.9881 14.7502 14.8203 18.7598 15.337 11.9048 12.0783 15.5404 18.9296 14.9015 6.17508 3.65296 1.74105 1.14076 1.1395 1.75886 3.50193 6.19235 2.64955 1.22912 1.01508 1.00042 1.00042 1.01509 1.22916 
1.2499 1.02853 1.00213 1.00007 1.00008 1.00212 1.02827 1.24577 2.38641 1.25025 1.02053 1.00075 1.00075 1.01903 1.25025 2.38641 9.26475 12.5645 13.5067 13.8688 13.8688 13.5067 12.5645 9.26475 5.07134 3.49818 2.92055 2.9437 2.91789 2.89542 3.46831 5.0311 7.38791 9.2656 6.92477 4.97392 4.97392 6.92477 9.2656 7.38791 2.43849 1.51673 1.11367 1.01305 1.01213 1.11023 1.4892 2.34976 1.28454 1.02527 1.00124 0.99997 0.99997 1.00124 1.02529 
1.04132 1.00379 1.00014 0.999864 0.999864 1.00015 1.00384 1.04161 1.23933 1.02791 1.00137 0.999819 0.999819 1.00138 1.02791 1.23933 3.25417 4.34869 4.82464 4.95077 4.95077 4.82464 4.34869 3.25417 1.9874 1.41647 1.26478 1.29063 1.28869 1.26249 1.41355 1.98225 3.21507 3.70376 2.57863 1.72577 1.72577 2.57863 3.70376 3.21507 1.25281 1.06215 1.00986 1.00043 1.00042 1.00985 1.06164 1.23794 1.03713 1.00248 0.999968 0.999873 0.999873 0.999968 1.00248 
1.00327 1.00017 0.999955 0.999993 0.999993 0.999955 1.00018 1.00329 1.02109 1.00141 0.999896 0.999976 0.999976 0.9999 1.00141 1.02109 1.3731 1.60381 1.71642 1.73703 1.73703 1.71642 1.60381 1.3731 1.12497 1.04012 1.02275 1.02492 1.02491 1.02274 1.04004 1.12412 1.56065 1.61379 1.24637 1.06144 1.06144 1.24637 1.61379 1.56065 1.02503 1.00356 1.00024 0.999912 0.999913 1.00023 1.00332 1.02165 1.00257 1.00006 0.999963 0.999997 0.999997 0.999963 1.00006 
1.00021 0.999949 0.999991 1 1 0.999991 0.999949 1.00021 1.00087 0.999843 0.999975 1 1 0.999975 0.999843 1.00087 1.03587 1.06614 1.0779 1.08052 1.08052 1.0779 1.06614 1.03587 1.00972 1.00312 1.00221 1.00217 1.00217 1.00221 1.00311 1.00963 1.10576 1.10584 1.02653 1.00239 1.00239 1.02653 1.10584 1.10576 1.00178 0.99991 0.999917 0.999993 0.999993 0.999918 0.99987 1.00127 1.0001 0.999949 0.999994 1 1 0.999994 0.999949 
1.00021 0.999949 0.999991 1 1 0.999991 0.999949 1.00021 1.0008 0.999846 0.999975 1 1 0.999975 0.999843 1.00087 1.03587 1.06614 1.0779 1.08052 1.07972 1.07708 1.06548 1.03556 1.00963 1.00311 1.00221 1.00217 1.00217 1.00221 1.00312 1.00972 1.10583 1.10598 1.02642 1.00237 1.00239 1.02653 1.10584 1.10576 1.00127 0.99987 0.999918 0.999993 0.999993 0.999918 0.99987 1.00127 1.0001 0.999949 0.999994 1 1 0.999994 0.999949 
1.00329 1.00018 0.999955 0.999993 0.999993 0.999955 1.00018 1.00329 1.01988 1.00141 0.9999 0.999976 0.999976 0.999896 1.00141 1.02109 1.3731 1.60381 1.71642 1.73703 1.73264 1.71196 1.60098 1.37192 1.12412 1.04004 1.02274 1.02491 1.02492 1.02275 1.04012 1.12497 1.56176 1.61487 1.24555 1.06112 1.06144 1.24637 1.61379 1.56065 1.02165 1.00332 1.00023 0.999913 0.999913 1.00023 1.00332 1.02165 1.00257 1.00006 0.999963 0.999997 0.999997 0.999963 1.00006 
1.04161 1.00384 1.00015 0.999864 0.999864 1.00015 1.00384 1.04161 1.22776 1.02748 1.00138 0.999819 0.999818 1.00137 1.02791 1.23933 3.25417 4.34869 4.82464 4.95077 4.93791 4.81236 4.34395 3.25634 1.98225 1.41355 1.26249 1.28869 1.29063 1.26478 1.41647 1.9874 3.22837 3.71545 2.57879 1.72317 1.72577 2.57863 3.70376 3.21507 1.23794 1.06164 1.00985 1.00042 1.00042 1.00985 1.06164 1.23794 1.03713 1.00248 0.999968 0.999873 0.999873 0.999968 1.00248 
1.24577 1.02827 1.00212 1.00008 1.00008 1.00212 1.02827 1.24577 2.26001 1.23092 1.01903 1.00075 1.00089 1.02053 1.25025 2.38641 9.26475 12.5645 13.5067 13.8688 13.8639 13.5106 12.5828 9.30062 5.0311 3.46831 2.89542 2.91789 2.9437 2.92055 3.49818 5.07134 7.35698 9.21177 6.8918 4.94052 4.97392 6.92477 9.2656 7.38791 2.34976 1.4892 1.11023 1.01213 1.01213 1.11023 1.4892 2.34976 1.28454 1.02527 1.00124 0.99997 0.99997 1.00124 1.02527 
1.02467 1.00266 1.00025 1.00006 1.00006 1.00025 1.00266 1.02467 1.18386 1.02177 1.00137 1.00004 1.00004 1.00137 1.02177 1.18386 3.54936 5.08434 5.45842 5.4145 5.4145 5.45842 5.08434 3.54936 2.13487 1.55417 1.43126 1.29168 1.29168 1.43126 1.55417 2.13487 3.13775 3.63 2.48395 1.6938 1.69415 2.49134 3.65487 3.16637 1.29391 1.05215 1.00842 1.00072 1.00072 1.00842 1.05215 1.29391 1.03657 1.00274 1.00021 1.00006 1.00006 1.00021 1.00274 
1.00139 1.00006 0.999974 0.999993 0.999993 0.999974 1.00006 1.00139 1.01587 1.0014 0.999941 0.999969 0.999969 0.999941 1.0014 1.01587 1.65089 2.14635 2.3287 2.19528 2.19528 2.3287 2.14635 1.65089 1.20062 1.06764 1.05006 1.02607 1.02607 1.05006 1.06764 1.20062 1.37097 1.43668 1.17811 1.06136 1.06106 1.17875 1.44062 1.37604 1.03463 1.00438 1.00026 0.9999 0.9999 1.00026 1.00438 1.03463 1.00398 1.00019 0.999961 0.999991 0.999991 0.999961 1.00019 
1.00003 0.999975 0.999997 1 1 0.999997 0.999975 1.00003 1.00087 0.999933 0.999973 0.999998 0.999998 0.999973 0.999933 1.00087 1.11429 1.22083 1.2681 1.21671 1.21671 1.2681 1.22083 1.11429 1.02187 1.00436 1.0027 1.00107 1.00107 1.0027 1.00436 1.02187 1.03327 1.03729 1.0101 1.00283 1.00279 1.01015 1.03782 1.03406 1.00258 1.00014 0.999916 0.999981 0.999981 0.999916 1.00014 1.00258 1.00037 0.999965 0.999991 1 1 0.999991 0.999965 
1.00007 0.999994 1 1 1 1 0.999994 1.00007 0.999969 0.999884 0.999997 1 1 0.999997 0.999884 0.999969 1.01146 1.02529 1.03297 1.02357 1.02357 1.03297 1.02529 1.01146 1.00142 1.00007 1.00007 1 1 1.00007 1.00007 1.00142 1.00121 1.00109 1.00009 0.999985 0.999982 1.0001 1.00113 1.00129 1.00009 0.99986 0.999991 1 1 0.999991 0.99986 1.00009 1.00005 0.99999 1 1 1 1 0.99999 
0 0 0 0 1 1 0.999994 1.00007 0.999969 0.999884 0.999997 1 1 0.999997 0.999884 0.999977 1.01146 1.02529 1.03297 1.02357 1.02309 1.0322 1.02471 1.01121 1.00139 1.00006 1.00006 1 1 1.00007 1.00007 1.00142 1.00129 1.00113 1.0001 0.999982 0.999985 1.00009 1.00109 1.00121 1.00009 0.99986 0.999991 1 1 0.999991 0.99986 1.00009 1.00005 0.99999 1 1 0 0 0 
0 0 0 0 1 0.999997 0.999975 1.00003 1.00087 0.999933 0.999973 0.999998 0.999998 0.999973 0.999932 1.00097 1.11429 1.22083 1.2681 1.21671 1.21342 1.26296 1.21687 1.11251 1.02152 1.00425 1.00262 1.00104 1.00107 1.0027 1.00436 1.02187 1.03406 1.03782 1.01015 1.00279 1.00283 1.0101 1.03729 1.03327 1.00258 1.00014 0.999916 0.999981 0.999981 0.999916 1.00014 1.00258 1.00037 0.999965 0.999991 1 0 0 0 
0 0 0 0 0.999993 0.999974 1.00006 1.00139 1.01587 1.0014 0.999941 0.999969 0.999969 0.999941 1.0014 1.01661 1.65089 2.14635 2.3287 2.19528 2.1827 2.31035 2.13121 1.64343 1.19819 1.06655 1.04914 1.02562 1.02607 1.05006 1.06764 1.20062 1.37604 1.44062 1.17875 1.06106 1.06136 1.17811 1.43668 1.37097 1.03463 1.00438 1.00026 0.9999 0.9999 1.00026 1.00438 1.03463 1.00398 1.00019 0.999961 0.999991 0 0 0 
