0 0 0 0 0.999971 1.00121 1.02339 1.27945 2.05789 1.33529 1.05088 1.00533 1.00537 1.0512 1.33668 2.065 3.30713 3.84681 4.11353 4.12829 4.1215 4.10206 3.8324 3.29895 4.0737 5.53295 7.71332 9.35985 9.35484 7.71088 5.51554 4.04666 2.4771 2.56707 1.90344 1.50191 1.49786 1.89328 2.55282 2.45966 1.39487 1.13899 1.02872 1.00302 1.00311 1.02959 1.1407 1.39521 1.13156 1.01553 1.00117 1.00007 0 0 0 
0 0 0 0 0.999959 1.0002 1.0026 1.03293 1.13811 1.03168 1.00325 1.00006 1.00006 1.00327 1.03178 1.13889 1.36977 1.471 1.52251 1.51987 1.51879 1.52053 1.46825 1.36888 1.74524 3.01532 4.96366 5.36084 5.32131 4.92417 2.98255 1.73526 1.3204 1.3534 1.13836 1.05083 1.05145 1.1395 1.35548 1.32115 1.04048 1.0123 1.00201 1.00007 1.00008 1.00208 1.01253 1.04062 1.01334 1.00122 0.999995 0.999976 0 0 0 
0 0 0 0 0.999996 0.999979 1.00011 1.00202 1.00867 1.00128 0.999988 0.999928 0.999928 0.999989 1.00128 1.00872 1.02931 1.03923 1.04389 1.04247 1.0424 1.04372 1.03896 1.02931 1.12871 1.60199 2.57721 2.43356 2.41261 2.54193 1.58853 1.12645 1.03737 1.0421 1.0127 1.00305 1.00312 1.01292 1.04268 1.03768 1.00234 1.0005 1.00008 0.999968 0.999968 1.00009 1.00052 1.00234 1.00092 1 0.999976 0.999999 0 0 0 
0 0 0 0 1 0.999994 0.999965 1.00014 1.00012 0.999811 0.999957 0.999997 0.999997 0.999957 0.999811 1.00012 1.00095 1.00114 1.0015 1.00144 1.00144 1.0015 1.00113 1.00096 1.01387 1.1245 1.44399 1.38158 1.37525 1.43376 1.12181 1.01356 1.00283 1.00297 1.00078 1.00008 1.00009 1.00081 1.00304 1.00288 1.00001 0.999851 0.999975 0.999998 0.999998 0.999974 0.999853 1.00001 1.00005 0.999977 0.999999 1 0 0 0 
1.00014 0.999965 0.999994 1 1 0.999994 0.999965 1.00014 1.00012 0.999811 0.999957 0.999997 0.999997 0.999957 0.999811 1.00012 1.00096 1.00113 1.0015 1.00144 1.00144 1.0015 1.00113 1.00096 1.01387 1.1245 1.44399 1.38158 1.38158 1.44399 1.1245 1.01387 1.00288 1.00304 1.00081 1.00009 1.00009 1.00081 1.00304 1.00288 1.00001 0.999853 0.999974 0.999998 0.999998 0.999974 0.999853 1.00001 1.00005 0.999977 0.999999 1 1 0.999999 0.999977 
1.00202 1.00011 0.999979 0.999996 0.999996 0.999979 1.00011 1.00202 1.00872 1.00128 0.999989 0.999928 0.999928 0.999989 1.00128 1.00872 1.02931 1.03896 1.04372 1.0424 1.0424 1.04372 1.03896 1.02931 1.12871 1.60199 2.57721 2.43356 2.43356 2.57721 1.60199 1.12871 1.03768 1.04268 1.01292 1.00312 1.00312 1.01292 1.04268 1.03768 1.00234 1.00052 1.00009 0.999968 0.999968 1.00009 1.00052 1.00234 1.00092 1 0.999976 0.999999 0.999999 0.999976 1 
1.03293 1.0026 1.0002 0.999959 0.999959 1.0002 1.0026 1.03293 1.13889 1.03178 1.00327 1.00006 1.00006 1.00327 1.03178 1.13889 1.36888 1.46825 1.52053 1.51879 1.51879 1.52053 1.46825 1.36888 1.74524 3.01532 4.96366 5.36084 5.36084 4.96366 3.01532 1.74524 1.32115 1.35548 1.1395 1.05145 1.05145 1.1395 1.35548 1.32115 1.04062 1.01253 1.00208 1.00008 1.00008 1.00208 1.01253 1.04062 1.01334 1.00122 0.999995 0.999976 0.999976 0.999995 1.00122 
1.27945 1.02339 1.00121 0.999971 0.999971 1.00121 1.02339 1.27945 2.065 1.33668 1.0512 1.00537 1.00537 1.0512 1.33668 2.065 3.29895 3.8324 4.10206 4.1215 4.1215 4.10206 3.8324 3.29895 4.0737 5.53295 7.71332 9.35985 9.35985 7.71332 5.53295 4.0737 2.45966 2.55282 1.89328 1.49786 1.49786 1.89328 2.55282 2.45966 1.39521 1.1407 1.02959 1.00311 1.00311 1.02959 1.1407 1.39521 1.13156 1.01553 1.00117 1.00007 1.00007 1.00117 1.01553 
2.77671 1.40784 1.05161 1.00308 1.00313 1.05162 1.41264 2.79255 4.81826 2.67331 1.38819 1.06479 1.06305 1.38025 2.63324 4.75981 7.68437 9.12058 9.80285 9.91601 9.91601 9.80285 9.28689 7.83537 8.2014 8.91159 10.5234 12.9108 12.8578 10.4645 8.84139 8.16842 6.32348 6.5968 5.91497 4.91829 4.92757 5.93231 6.61355 6.32626 2.82751 1.79325 1.21596 1.04336 1.04664 1.22903 1.82405 2.88306 1.65221 1.07701 1.00396 0.999966 0.999966 1.00396 1.07701 
1.5325 1.10139 1.00883 1.0002 1.0002 1.00883 1.10099 1.53103 2.08049 1.36201 1.05359 1.00533 1.00517 1.05238 1.35904 2.08085 3.25085 3.75305 4.02151 4.03535 4.03535 4.02151 3.75304 3.25325 4.28008 5.83395 6.77992 7.75118 7.75678 6.77789 5.86286 4.33225 2.61725 2.67538 2.24572 1.72793 1.731 2.25349 2.68661 2.61943 1.37617 1.11359 1.01592 1.00181 1.002 1.01725 1.11673 1.38218 1.10138 1.00863 1.00018 0.999858 0.999858 1.00018 1.00863 
1.0823 1.01175 1.00067 0.999912 0.999912 1.00067 1.01173 1.08223 1.15225 1.03676 1.00333 1 0.99998 1.00318 1.03629 1.15155 1.38646 1.49017 1.5356 1.52747 1.52747 1.5356 1.49371 1.39105 1.98029 3.47874 4.32338 4.07469 4.14941 4.42656 3.55855 2.01504 1.3393 1.34682 1.20487 1.07504 1.07569 1.20711 1.35079 1.34036 1.03939 1.00778 1.00016 0.999937 0.99995 1.00024 1.00802 1.04016 1.00852 1.00046 0.99995 0.99999 0.99999 0.99995 1.00046 
1.00803 1.00082 0.999899 0.999981 0.999981 0.999899 1.00082 1.00803 1.01213 1.00165 0.999923 0.999933 0.999934 0.999906 1.00162 1.012 1.03952 1.05425 1.05839 1.05515 1.05515 1.05839 1.05495 1.04027 1.20415 1.95193 2.73274 2.24516 2.28937 2.86582 1.9981 1.21305 1.04859 1.05065 1.02101 1.00393 1.004 1.02142 1.05161 1.04901 1.0022 0.999951 1 1 1 1 0.999965 1.00229 1.00051 0.999939 0.999986 1 1 0.999986 0.999939 
1.00803 1.00082 0.999899 0.999981 0.999981 0.999899 1.00082 1.00803 1.01213 1.00165 0.999906 0.999934 0.999933 0.999923 1.00165 1.01213 1.04027 1.05495 1.05899 1.05557 1.05515 1.05839 1.05495 1.04027 1.21305 1.9981 2.86582 2.28937 2.28937 2.86582 1.9981 1.21305 1.04901 1.05161 1.02142 1.004 1.00393 1.02101 1.05065 1.04859 1.00229 0.999965 1 1 1 1 0.999951 1.0022 1.00051 0.999939 0.999986 1 1 0.999986 0.999939 
1.08223 1.01173 1.00067 0.999912 0.999912 1.00067 1.01173 1.08223 1.15225 1.03676 1.00318 0.99998 1 1.00333 1.03676 1.15225 1.39105 1.49371 1.53852 1.52933 1.52747 1.5356 1.49371 1.39105 2.01504 3.55855 4.42656 4.14941 4.14941 4.42656 3.55855 2.01504 1.34036 1.35079 1.20711 1.07569 1.07504 1.20487 1.34682 1.3393 1.04016 1.00802 1.00024 0.99995 0.999937 1.00016 1.00778 1.03939 1.00852 1.00046 0.99995 0.99999 0.99999 0.99995 1.00046 
1.53103 1.10099 1.00883 1.0002 1.0002 1.00883 1.10099 1.53103 2.08049 1.36201 1.05238 1.00517 1.00533 1.05359 1.36201 2.08049 3.25325 3.75304 4.01926 4.03051 4.03535 4.02151 3.75304 3.25325 4.33225 5.86286 6.77789 7.75678 7.75678 6.77789 5.86286 4.33225 2.61943 2.68661 2.25349 1.731 1.72793 2.24572 2.67538 2.61725 1.38218 1.11673 1.01725 1.002 1.00181 1.01592 1.11359 1.37617 1.10138 1.00863 1.00018 0.999858 0.999858 1.00018 1.00863 
2.79255 1.41264 1.05162 1.00313 1.00313 1.05162 1.41264 2.79255 4.81826 2.67331 1.38025 1.06305 1.06479 1.38819 2.67331 4.81826 7.83537 9.28689 9.9808 10.0796 9.91601 9.80285 9.28689 7.83537 8.16842 8.84139 10.4645 12.8578 12.8578 10.4645 8.84139 8.16842 6.32626 6.61355 5.93231 4.92757 4.91829 5.91497 6.5968 6.32348 2.88306 1.82405 1.22903 1.04664 1.04336 1.21596 1.79325 2.82751 1.65221 1.07701 1.00396 0.999966 0.999966 1.00396 1.07701 
7.09851 2.80688 1.32704 1.03361 1.03361 1.32704 2.80688 7.09851 12.833 7.4504 3.28747 1.70813 1.69469 3.25868 7.4504 12.9904 19.1765 22.7556 24.2349 24.5205 24.3406 24.2349 22.7556 19.1765 15.3607 16.6227 18.3957 20.6898 20.844 18.5514 16.7605 15.468 12.2085 12.6765 11.671 10.1827 9.99078 11.4126 12.3305 11.8014 7.21172 4.88069 2.61404 1.56934 1.57613 2.63944 4.94162 7.28508 4.83998 2.00929 1.13717 1.00947 1.00933 1.13546 1.99799 
8.4645 3.2767 1.4281 1.04851 1.04851 1.4281 3.2767 8.4645 14.5714 8.93845 4.11452 2.03739 2.01468 4.06164 8.93845 14.6603 20.5201 25.5173 27.3147 27.831 27.8401 27.3147 25.5173 20.5201 14.0197 14.9357 17.5343 20.4444 20.483 17.5344 14.899 13.9872 11.9173 12.1874 10.2637 7.71924 8.12505 10.229 12.0025 11.7672 6.23373 4.06363 2.11261 1.30198 1.29746 2.0984 4.04458 6.23151 3.61456 1.56662 1.07057 1.00415 1.00399 1.06911 1.55955 
6.81539 2.68892 1.29098 1.02976 1.02976 1.29098 2.68892 6.81539 11.9627 7.17007 3.24488 1.6832 1.66846 3.20916 7.17007 12.0392 16.9947 21.4582 22.9586 23.4251 23.3721 22.9586 21.4582 16.9947 11.5741 13.4348 16.948 20.0174 20.0517 16.9577 13.3903 11.5455 9.62885 9.99594 7.83246 5.16067 5.51283 7.82134 9.86333 9.49941 4.46681 2.91561 1.63406 1.14462 1.14198 1.62377 2.89786 4.46632 2.48285 1.27263 1.03021 1.00149 1.00137 1.02911 1.26667 
5.32376 2.1246 1.15321 1.01119 1.01119 1.15321 2.1246 5.32376 8.9479 4.95118 2.07237 1.21654 1.21216 2.05766 4.95118 8.98796 13.6117 17.3516 18.391 18.4216 18.4928 18.391 17.3516 13.6117 9.1031 12.8198 18.0129 20.2744 20.2914 18.0299 12.784 9.09134 7.25064 7.80486 5.46594 3.06249 3.19747 5.47896 7.76231 7.185 2.93363 1.82418 1.19985 1.02856 1.02805 1.19717 1.81625 2.93347 1.60866 1.07526 1.00474 1.00008 1.00006 1.00452 1.07356 
5.33927 2.12435 1.15282 1.0111 1.01119 1.15321 2.1246 5.32376 8.98796 4.93857 2.05766 1.21216 1.21216 2.05766 4.93857 8.98796 13.5436 17.2044 18.2451 18.4216 18.4216 18.2451 17.3516 13.6117 9.09134 12.784 18.0299 20.2914 20.2914 18.0299 12.784 9.09134 7.25064 7.80486 5.46594 3.06249 3.06249 5.46594 7.80486 7.25064 2.93347 1.81625 1.19717 1.02805 1.02805 1.19717 1.81625 2.93347 1.60866 1.07526 1.00474 1.00008 1.00008 1.00474 1.07526 
6.85464 2.69057 1.29021 1.02946 1.02976 1.29098 2.68892 6.81539 12.0392 7.14131 3.20916 1.66846 1.66846 3.20916 7.14131 12.0392 17.1077 21.5566 23.0427 23.4251 23.4251 23.0427 21.4582 16.9947 11.5455 13.3903 16.9577 20.0517 20.0517 16.9577 13.3903 11.5455 9.62885 9.99594 7.83246 5.16067 5.16067 7.83246 9.99594 9.62885 4.46632 2.89786 1.62377 1.14198 1.14198 1.62377 2.89786 4.46632 2.48285 1.27263 1.03021 1.00149 1.00149 1.03021 1.27263 
8.51608 3.27874 1.42701 1.04803 1.04851 1.4281 3.2767 8.4645 14.6603 8.912 4.06164 2.01468 2.01468 4.06164 8.912 14.6603 20.6563 25.5702 27.3323 27.831 27.831 27.3323 25.5173 20.5201 13.9872 14.899 17.5344 20.483 20.483 17.5344 14.899 13.9872 11.9173 12.1874 10.2637 7.71924 7.71924 10.2637 12.1874 11.9173 6.23151 4.04458 2.0984 1.29746 1.29746 2.0984 4.04458 6.23151 3.61456 1.56662 1.07057 1.00415 1.00415 1.07057 1.56662 
7.1644 2.81677 1.32744 1.03343 1.03361 1.32704 2.80688 7.09851 12.9904 7.43164 3.25868 1.69469 1.69469 3.25868 7.43164 12.9904 19.3935 23.0463 24.4799 24.5205 24.5205 24.4799 22.7556 19.1765 15.468 16.7605 18.5514 20.844 20.844 18.5514 16.7605 15.468 12.2085 12.6765 11.671 10.1827 10.1827 11.671 12.6765 12.2085 7.28508 4.94162 2.63944 1.57613 1.57613 2.63944 4.94162 7.28508 4.83998 2.00929 1.13717 1.00947 1.00947 1.13717 2.00929 
10.1234 3.80061 1.54524 1.06025 1.05957 1.54095 3.78113 10.0683 18.0896 9.57417 3.66012 1.70188 1.70188 3.66012 9.57417 18.0896 27.3147 30.6425 31.7555 31.971 31.971 31.7555 30.6425 27.3147 25.3946 27.1502 28.5789 29.6719 29.6719 28.5789 27.1502 25.3946 23.0845 23.7697 23.5742 23.3306 23.3306 23.5742 23.7697 23.0845 16.9707 14.5247 9.32816 5.0427 5.00661 9.33413 14.5247 17.0205 11.1297 4.20822 1.61541 1.06986 1.06986 1.61541 4.20822 
11.817 4.33892 1.67377 1.08003 1.07911 1.66868 4.31745 11.7516 20.4177 11.0595 4.18994 1.88624 1.88624 4.18994 11.0595 20.4177 29.72 32.6959 33.8517 34.1045 34.1045 33.8517 32.6959 29.72 28.5668 29.0715 30.2354 31.5639 31.5639 30.2354 29.0715 28.5668 28.3123 29.9339 30.8345 31.0011 31.0011 30.8345 29.9339 28.3123 18.9537 16.6618 10.7676 5.75796 5.73076 10.7735 16.6618 18.9296 12.4006 4.54636 1.6877 1.0756 1.0756 1.6877 4.54636 
12.3805 4.51892 1.71303 1.08448 1.08352 1.7077 4.49647 12.3137 21.6079 11.7511 4.41642 1.9521 1.9521 4.41642 11.7511 21.6079 31.0851 33.6024 34.5702 34.7753 34.7753 34.5702 33.6024 31.0851 30.6475 30.8566 31.7443 32.8332 32.8332 31.7443 30.8566 30.6475 30.2808 32.2021 33.4585 33.8698 33.8698 33.4585 32.2021 30.2808 20.2448 18.0326 11.6136 6.11284 6.08924 11.6192 18.0326 20.2201 13.2517 4.81983 1.74545 1.08207 1.08207 1.74545 4.81983 
12.351 4.45034 1.67602 1.07469 1.07414 1.67281 4.43642 12.3092 22.0387 11.6952 4.34259 1.88677 1.88677 4.34259 11.6952 22.0387 31.6927 33.8786 34.7326 34.908 34.908 34.7326 33.8786 31.6927 31.9105 32.2409 32.9822 33.783 33.783 32.9822 32.2409 31.9105 30.8542 32.94 34.1936 34.5827 34.5827 34.1936 32.94 30.8542 20.9055 18.6939 11.8387 6.08313 6.0716 11.8452 18.6939 20.8905 13.6667 4.91039 1.75886 1.0819 1.0819 1.75886 4.91039 
12.3092 4.43642 1.67281 1.07414 1.07414 1.67281 4.43642 12.3092 22.0197 11.7357 4.35886 1.89217 1.88677 4.34259 11.6952 22.0387 31.6927 33.8786 34.7326 34.908 34.9068 34.7289 33.9112 31.6995 31.8933 32.232 32.984 33.7918 33.783 32.9822 32.2409 31.9105 30.7147 33.0262 34.2385 34.6018 34.6018 34.2385 33.0262 30.7147 20.8905 18.6794 11.8452 6.0716 6.08313 11.8387 18.6939 20.9055 13.6667 4.91039 1.75886 1.0819 1.08219 1.76046 4.9198 
12.3137 4.49647 1.7077 1.08352 1.08352 1.7077 4.49647 12.3137 21.5829 11.8166 4.4443 1.96031 1.9521 4.41642 11.7511 21.6079 31.0851 33.6024 34.5702 34.7753 34.7733 34.5629 33.6604 31.0895 30.6175 30.8405 31.7455 32.8515 32.8332 31.7443 30.8566 30.6475 30.1444 32.3404 33.544 33.9081 33.9081 33.544 32.3404 30.1444 20.2201 18.0106 11.6192 6.08924 6.11284 11.6136 18.0326 20.2448 13.2517 4.81983 1.74545 1.08207 1.08249 1.74767 4.83245 
11.7516 4.31745 1.66868 1.07911 1.07911 1.66868 4.31745 11.7516 20.3959 11.1247 4.22062 1.89492 1.88624 4.18994 11.0595 20.4177 29.72 32.6959 33.8517 34.1045 34.0993 33.8407 32.7683 29.7324 28.5329 29.0477 30.2403 31.588 31.5639 30.2354 29.0715 28.5668 28.1968 30.0742 30.9086 31.0183 31.0183 30.9086 30.0742 28.1968 18.9296 16.6402 10.7735 5.73076 5.75796 10.7676 16.6618 18.9537 12.4006 4.54636 1.6877 1.0756 1.07601 1.68985 4.55797 
10.0683 3.78113 1.54095 1.05957 1.05957 1.54095 3.78113 10.0683 18.1063 9.61936 3.67912 1.70742 1.70188 3.66012 9.57417 18.0896 27.3147 30.6425 31.7555 31.971 32.0391 31.8143 30.5709 27.2014 25.49 27.2841 28.7178 29.7777 29.6719 28.5789 27.1502 25.3946 23.187 24.1205 23.9365 23.6825 23.6825 23.9365 24.1205 23.187 17.0205 14.5284 9.33413 5.00661 5.0427 9.32816 14.5247 16.9707 11.1297 4.20822 1.61541 1.06986 1.07065 1.61982 4.23195 
7.52934 2.69261 1.28045 1.02497 1.02497 1.28045 2.69261 7.52934 15.3132 6.98824 2.59295 1.31233 1.31233 2.59295 6.98824 15.3132 28.6935 32.3721 33.959 34.3274 34.3117 33.9438 32.3721 28.6935 32.2974 34.1296 34.5254 34.4353 34.4495 34.5316 34.1454 32.3326 28.1369 31.0691 31.5848 31.5644 31.5644 31.5848 31.0691 28.1369 19.7003 16.3396 11.5238 6.93503 6.81561 11.5007 16.3387 19.6792 12.9646 5.48601 2.0411 1.1822 1.1822 2.0411 5.48601 
5.97109 2.09558 1.15381 1.01079 1.01079 1.15381 2.09558 5.97109 13.3531 5.53846 2.04554 1.16668 1.16668 2.04554 5.53846 13.3531 28.2087 32.4112 34.2131 34.6586 34.6578 34.2081 32.4112 28.2087 32.9778 34.4017 34.7211 34.7182 34.7163 34.721 34.4055 32.9993 29.8736 32.7151 33.5835 33.7405 33.7405 33.5835 32.7151 29.8736 21.5208 17.8191 12.4963 7.47976 7.35059 12.4932 17.8201 21.5629 13.5502 5.61057 2.08017 1.19339 1.19339 2.08017 5.61057 
5.46603 1.91975 1.12026 1.00776 1.00776 1.12026 1.91975 5.46603 12.6924 5.06369 1.88224 1.13226 1.13226 1.88224 5.06369 12.6924 28.0417 32.4268 34.3005 34.7821 34.7795 34.2949 32.4268 28.0417 33.3398 34.5121 34.8121 34.8748 34.8749 34.8126 34.5156 33.3613 30.5624 33.5165 34.4823 34.6785 34.6785 34.4823 33.5165 30.5624 22.2226 18.3106 12.5589 7.45691 7.33434 12.5582 18.3115 22.2679 13.9607 5.68362 2.09032 1.19176 1.19176 2.09032 5.68362 
5.23537 1.82581 1.09671 1.00549 1.00549 1.09671 1.82581 5.23537 12.5606 4.89182 1.79788 1.107 1.107 1.79788 4.89182 12.5606 28.0816 32.4445 34.3087 34.7956 34.7948 34.3064 32.4445 28.0816 33.5089 34.5767 34.8563 34.9346 34.9346 34.8565 34.5784 33.5212 30.8259 33.7465 34.6993 34.8813 34.8813 34.6993 33.7465 30.8259 22.6529 18.6035 12.1235 7.12537 7.05194 12.1225 18.6044 22.6991 14.4322 5.64927 2.04322 1.16383 1.16383 2.04322 5.64927 
5.2529 1.8319 1.09786 1.00562 1.00549 1.09671 1.82581 5.23537 12.5443 4.87835 1.79788 1.107 1.107 1.79238 4.89182 12.5606 28.0816 32.4445 34.3112 34.7965 34.7956 34.3087 32.456 28.1039 33.5212 34.5784 34.8565 34.9346 34.9346 34.8563 34.5767 33.5089 30.8629 33.7316 34.6885 34.88 34.8813 34.6993 33.7465 30.8259 22.6991 18.7614 12.1225 7.05194 7.12537 12.1235 18.6035 22.6529 14.4322 5.64927 2.04322 1.16383 1.16217 2.03676 5.62526 
5.4983 1.92996 1.12227 1.00802 1.00776 1.12026 1.91975 5.46603 12.6626 5.03855 1.88224 1.13226 1.13232 1.87321 5.06369 12.6924 28.0417 32.4268 34.3066 34.7848 34.7821 34.3005 32.4458 28.0815 33.3613 34.5156 34.8126 34.8749 34.8748 34.8121 34.5121 33.3398 30.5975 33.5001 34.4722 34.681 34.6785 34.4823 33.5165 30.5624 22.2679 18.5667 12.5582 7.33434 7.45691 12.5589 18.3106 22.2226 13.9607 5.68362 2.09032 1.19176 1.18895 2.08005 5.64989 
6.00617 2.10729 1.15617 1.01109 1.01079 1.15381 2.09558 5.97109 13.3232 5.51201 2.04554 1.16668 1.16688 2.03685 5.53846 13.3531 28.2087 32.4112 34.2214 34.6614 34.6586 34.2131 32.4313 28.2498 32.9993 34.4055 34.721 34.7163 34.7182 34.7211 34.4017 32.9778 29.9169 32.7105 33.5747 33.7336 33.7405 33.5835 32.7151 29.8736 21.5629 18.0797 12.4932 7.35059 7.47976 12.4963 17.8191 21.5208 13.5502 5.61057 2.08017 1.19339 1.1905 2.06956 5.57562 
7.56891 2.7061 1.28342 1.0254 1.02497 1.28045 2.69261 7.52934 15.2695 6.94767 2.59295 1.31233 1.31314 2.58245 6.98824 15.3132 28.6935 32.3721 33.9774 34.3442 34.3274 33.959 32.3966 28.7441 32.3326 34.1454 34.5316 34.4495 34.4353 34.5254 34.1296 32.2974 28.211 31.0929 31.7719 31.7541 31.5644 31.5848 31.0691 28.1369 19.6792 16.4983 11.5007 6.81561 6.93503 11.5238 16.3396 19.7003 12.9646 5.48601 2.0411 1.1822 1.17997 2.03286 5.45528 
9.19108 3.31362 1.41623 1.04355 1.04355 1.41623 3.31362 9.19108 17.5091 8.56396 3.22483 1.49074 1.48985 3.18338 8.59306 17.5351 29.9509 32.7078 34.0199 34.4061 34.4438 34.0827 32.6982 30.0275 30.9058 33.4483 34.0432 33.8038 33.8038 34.0432 33.4483 30.9058 25.8505 30.5948 31.6817 31.6827 31.5457 31.5615 30.4657 25.6273 13.2737 11.1677 8.96816 6.9273 6.9266 8.9669 11.0697 13.2619 8.61569 4.94713 2.22389 1.31555 1.31029 2.20697 4.92916 
10.6714 3.85519 1.54884 1.0627 1.0627 1.54884 3.85519 10.6714 19.9783 10.2045 3.83834 1.67923 1.67854 3.79013 10.2409 20.001 31.7066 33.6834 34.5355 34.7651 34.7678 34.5528 33.6686 31.779 32.0533 33.8561 34.3474 34.3745 34.3745 34.3474 33.8561 32.0533 28.1008 32.5177 33.6535 33.7758 33.802 33.6817 32.5516 28.0967 15.4418 13.5751 11.5922 9.76881 9.76866 11.5922 13.528 15.4921 10.2371 6.06627 2.69762 1.47948 1.47035 2.66675 6.02508 
11.2755 4.08653 1.59926 1.06886 1.06886 1.59926 4.08653 11.2755 20.737 10.6566 3.98645 1.72205 1.7213 3.93756 10.6927 20.7526 32.3791 34.0885 34.7509 34.911 34.9154 34.7668 34.0782 32.4511 32.7944 34.1469 34.5589 34.6737 34.6737 34.5589 34.1469 32.7944 29.3368 33.3857 34.5166 34.7012 34.692 34.5068 33.4018 29.322 17.2233 15.0994 12.7828 10.48 10.4799 12.7829 15.0366 17.2722 11.5375 6.80475 2.92884 1.54714 1.53697 2.8958 6.75846 
11.3583 4.09715 1.59162 1.06501 1.06501 1.59162 4.09715 11.3583 20.9058 10.7176 3.97903 1.71565 1.715 3.94581 10.7393 20.9145 32.6198 34.1944 34.8119 34.9449 34.9474 34.8201 34.1862 32.6835 33.1963 34.3864 34.7186 34.8344 34.8344 34.7186 34.3864 33.1963 29.9454 33.6437 34.7026 34.8899 34.8849 34.6951 33.6513 29.9158 18.9371 16.0553 12.8129 9.50098 9.50097 12.8129 16.0094 18.9975 12.5677 6.50488 2.60787 1.40596 1.40015 2.59138 6.4695 
11.3392 4.08965 1.58967 1.06455 1.06501 1.59162 4.09715 11.3583 20.9145 10.7393 3.94581 1.715 1.715 3.94581 10.7393 20.9145 32.6198 34.1944 34.8119 34.9449 34.9449 34.8119 34.1944 32.6198 33.2015 34.3827 34.7172 34.8339 34.8344 34.7186 34.3864 33.1963 29.9158 33.6513 34.6951 34.8849 34.8849 34.6951 33.6513 29.9158 18.9975 16.0094 12.8129 9.50097 9.50098 12.8129 16.0094 18.9992 12.5677 6.50488 2.60787 1.40596 1.40596 2.60787 6.50488 
11.2423 4.07515 1.5963 1.06816 1.06886 1.59926 4.08653 11.2755 20.7526 10.6927 3.93756 1.7213 1.7213 3.93756 10.6927 20.7526 32.3791 34.0885 34.7509 34.911 34.911 34.7509 34.0885 32.3791 32.7999 34.1405 34.5564 34.6729 34.6737 34.5589 34.1469 32.7944 29.322 33.4018 34.5068 34.692 34.692 34.5068 33.4018 29.322 17.2722 15.0366 12.7829 10.4799 10.48 12.7828 15.0368 17.2723 11.5375 6.80475 2.92884 1.54714 1.54714 2.92884 6.80475 
10.6385 3.84418 1.54598 1.06204 1.0627 1.54884 3.85519 10.6714 20.001 10.2409 3.79013 1.67854 1.67854 3.79013 10.2409 20.001 31.7066 33.6834 34.5355 34.7651 34.7651 34.5355 33.6834 31.7066 32.0615 33.8476 34.3443 34.3738 34.3745 34.3474 33.8561 32.0533 28.0967 32.5516 33.6817 33.802 33.802 33.6817 32.5516 28.0967 15.4921 13.528 11.5922 9.76866 9.76881 11.5922 13.5278 15.493 10.2371 6.06627 2.69762 1.47948 1.47948 2.69762 6.06627 
9.14772 3.30098 1.41352 1.04303 1.04355 1.41623 3.31362 9.19108 17.5351 8.59306 3.18338 1.48985 1.48985 3.18338 8.59306 17.5351 29.9509 32.7078 34.0199 34.4061 34.4061 34.0199 32.7078 29.9509 30.8762 33.4144 34.0242 33.7732 33.8038 34.0432 33.4483 30.9058 25.6273 30.4657 31.5615 31.5457 31.5457 31.5615 30.4657 25.6273 13.2619 11.0697 8.9669 6.9266 6.9273 8.96816 11.0703 13.2645 8.61569 4.94713 2.22389 1.31555 1.31555 2.22389 4.94713 
6.16774 2.21898 1.16496 1.01137 1.01145 1.16531 2.21979 6.17822 13.3292 5.7666 2.22329 1.22087 1.22087 2.22329 5.81555 13.5826 26.4589 30.5956 32.6571 33.2392 33.2392 32.6571 30.5956 26.4589 24.562 26.7104 27.0885 27.093 27.093 27.0885 26.5477 24.4595 19.2936 24.0479 24.8066 24.3199 24.2161 24.6996 23.9367 19.2339 8.80502 6.19396 3.49465 1.84342 1.91546 3.59919 6.19911 8.72464 5.07963 2.26733 1.23131 1.02994 1.02994 1.23137 2.26776 
5.48866 1.92598 1.10976 1.00625 1.00636 1.11075 1.93181 5.52101 12.9054 5.24655 2.0041 1.17167 1.17167 2.0041 5.2728 13.1116 27.0661 31.3671 33.5475 34.2214 34.2214 33.5475 31.3671 27.0661 25.7245 28.4821 29.5443 30.1951 30.1951 29.5443 28.5007 25.7912 19.6312 26.2418 29.2901 30.2902 30.2862 29.2592 26.1938 19.647 7.05047 4.23732 2.09899 1.18859 1.20003 2.1143 4.26643 6.97818 3.77646 1.62327 1.07799 1.00552 1.00552 1.07799 1.62332 
5.26014 1.84747 1.09687 1.00524 1.00534 1.0978 1.85299 5.29136 12.7247 5.05237 1.92906 1.15515 1.15515 1.92906 5.07514 12.9342 27.3111 31.6778 33.9136 34.604 34.604 33.9136 31.6778 27.3111 26.6748 29.9212 31.1694 31.948 31.948 31.1694 29.9411 26.7508 19.7546 27.6875 31.6434 33.0195 33.0002 31.5964 27.6397 19.7889 5.46822 2.78602 1.39025 1.02398 1.02874 1.39123 2.80074 5.37661 2.61922 1.29175 1.02644 1.00112 1.00112 1.02644 1.29179 
5.17007 1.81101 1.086 1.00432 1.00437 1.08643 1.8137 5.1893 12.6857 4.95464 1.85023 1.12604 1.12604 1.85023 4.95998 12.8759 27.383 31.6847 34.0451 34.6809 34.6809 34.0451 31.6847 27.383 27.4666 31.0706 32.3712 33.1773 33.1773 32.3712 31.0813 27.5141 19.9336 28.5854 32.6426 33.8853 33.8744 32.6139 28.5557 19.9559 4.83598 2.25873 1.18794 1.00249 1.00493 1.18688 2.26375 4.75066 2.18249 1.18102 1.01354 1.0003 1.0003 1.01354 1.18103 
5.1893 1.8137 1.08643 1.00437 1.00437 1.08643 1.8137 5.1893 12.6857 4.95464 1.83906 1.12305 1.12305 1.83906 4.95464 12.6857 27.383 31.6847 34.0451 34.6809 34.6806 34.0449 31.7375 27.292 27.5141 31.0813 32.3734 33.178 33.1773 32.3712 31.0706 27.4666 19.9559 28.5557 32.6139 33.8744 33.8744 32.6139 28.5557 19.9559 4.75066 2.26375 1.18688 1.00493 1.00249 1.18688 2.25873 4.83598 2.18249 1.18102 1.01354 1.0003 1.0003 1.01354 1.18102 
5.29136 1.85299 1.0978 1.00534 1.00534 1.0978 1.85299 5.29136 12.7247 5.05237 1.91011 1.14992 1.14992 1.91011 5.05237 12.7247 27.3111 31.6778 33.9136 34.604 34.6029 33.9129 31.7508 27.2087 26.7508 29.9411 31.1742 31.9496 31.948 31.1694 29.9212 26.6748 19.7889 27.6397 31.5964 33.0002 33.0002 31.5964 27.6397 19.7889 5.37661 2.80074 1.39123 1.02874 1.02398 1.39123 2.78602 5.46822 2.61922 1.29175 1.02644 1.00112 1.00112 1.02644 1.29175 
5.52101 1.93181 1.11075 1.00636 1.00636 1.11075 1.93181 5.52101 12.9054 5.24655 1.9835 1.16609 1.16609 1.9835 5.24655 12.9054 27.0661 31.3671 33.5475 34.2214 34.2199 33.5483 31.4453 26.961 25.7912 28.5007 29.5492 30.1968 30.1951 29.5443 28.4821 25.7245 19.647 26.1938 29.2592 30.2862 30.2862 29.2592 26.1938 19.647 6.97818 4.26643 2.1143 1.20003 1.18859 2.1143 4.23732 7.05047 3.77646 1.62327 1.07799 1.00552 1.00552 1.07799 1.62327 
6.17822 2.21979 1.16531 1.01145 1.01145 1.16531 2.21979 6.17822 13.3292 5.7666 2.19735 1.21483 1.21483 2.19735 5.7666 13.3292 26.4589 30.5956 32.6571 33.2392 33.2396 32.6587 30.5753 26.2539 24.4595 26.5477 26.9104 26.9346 27.093 27.0885 26.7104 24.562 19.2339 23.9367 24.6996 24.2161 24.2161 24.6996 23.9367 19.2339 8.72464 6.19911 3.59919 1.91546 1.84342 3.59919 6.19396 8.80502 5.07963 2.26733 1.23131 1.02994 1.02994 1.23131 2.26733 
3.89927 1.5481 1.06427 1.00395 1.00395 1.06427 1.5481 3.89927 8.73332 3.61626 1.5054 1.06153 1.06153 1.5054 3.61626 8.73332 20.4728 26.2151 27.9639 28.3544 28.4341 27.9639 26.297 20.5112 14.4493 12.8416 12.0745 11.8817 11.7251 11.8899 12.6564 14.3286 14.4216 18.2207 15.4324 12.3284 12.1227 15.1767 18.1339 14.3559 6.16702 3.76849 1.79756 1.16928 1.17243 1.79756 3.79731 6.23843 2.76601 1.26572 1.01886 1.00056 1.00056 1.01886 1.26572 
3.89215 1.54172 1.06573 1.00423 1.00423 1.06573 1.54172 3.89215 9.04582 3.65376 1.49502 1.05865 1.05865 1.49502 3.65376 9.04582 21.4577 28.9691 31.4913 32.0664 32.0505 31.4913 28.9867 21.452 13.5239 10.423 8.41052 7.30196 7.30222 8.40924 10.4151 13.5323 14.5923 18.4164 13.8298 8.68973 8.73396 13.8019 18.4227 14.5921 5.89658 3.11948 1.50822 1.11483 1.11514 1.50822 3.12102 5.93369 2.56893 1.25072 1.02235 1.00103 1.00103 1.02235 1.25072 
3.90133 1.53778 1.06451 1.00424 1.00424 1.06451 1.53778 3.90133 9.13598 3.68047 1.49686 1.05846 1.05846 1.49686 3.68047 9.13598 21.8985 30.1873 32.9985 33.6311 33.6269 32.9985 30.1971 21.8962 11.9239 7.57231 5.16058 3.79168 3.79116 5.159 7.56519 11.933 14.6395 18.2069 12.9383 7.01073 7.06021 12.9125 18.2074 14.6405 5.93305 3.0413 1.47883 1.1147 1.11475 1.47883 3.03977 5.96704 2.56548 1.25563 1.02351 1.0012 1.0012 1.02351 1.25563 
3.85049 1.50523 1.05336 1.00298 1.00298 1.05336 1.50523 3.85049 9.19239 3.65358 1.47142 1.04991 1.04991 1.47142 3.65358 9.19239 21.9958 30.4877 33.3473 34.0021 34.001 33.3473 30.492 21.9946 10.6187 5.34794 3.065 2.14883 2.14858 3.06416 5.34451 10.6286 14.7208 18.1337 12.6761 6.58223 6.62324 12.6514 18.1326 14.7208 5.98267 2.95046 1.44709 1.0987 1.09869 1.44709 2.94821 6.01579 2.58298 1.25434 1.02192 1.00103 1.00103 1.02192 1.25434 
3.84498 1.50302 1.05283 1.00291 1.00298 1.05336 1.50523 3.85049 9.19239 3.65358 1.47142 1.04991 1.04991 1.4714 3.65957 9.19233 21.9946 30.492 33.3473 34.001 34.0021 33.3443 30.4877 21.9958 10.6286 5.34451 3.06416 2.14858 2.14858 3.06416 5.34451 10.6286 14.7208 18.1326 12.6514 6.62324 6.58223 12.6761 18.1337 14.7208 6.01579 2.94821 1.44706 1.09869 1.09589 1.4388 2.92233 6.13726 2.58298 1.25434 1.02192 1.00103 1.00102 1.0219 1.25496 
3.89146 1.5337 1.06352 1.0041 1.00424 1.06451 1.53778 3.90133 9.13598 3.68047 1.49686 1.05846 1.05845 1.4968 3.69115 9.13599 21.8962 30.1971 32.9985 33.6269 33.6311 32.9938 30.1873 21.8985 11.933 7.56519 5.159 3.79116 3.79116 5.159 7.56519 11.933 14.6405 18.2074 12.9125 7.06021 7.01073 12.9383 18.2069 14.6395 5.96704 3.03977 1.47911 1.11475 1.11046 1.46615 2.99971 6.09796 2.56548 1.25563 1.02351 1.0012 1.00119 1.02355 1.25697 
3.88132 1.53746 1.06471 1.0041 1.00423 1.06573 1.54172 3.89215 9.04582 3.65376 1.49502 1.05865 1.05863 1.49493 3.66538 9.04596 21.452 28.9867 31.4913 32.0505 32.0664 31.494 28.9691 21.4577 13.5323 10.4151 8.40924 7.30222 7.30222 8.40924 10.4151 13.5323 14.5921 18.4227 13.8019 8.73396 8.68973 13.8298 18.4164 14.5923 5.93369 3.12102 1.51041 1.11514 1.11216 1.49689 3.07847 6.06326 2.56893 1.25072 1.02235 1.00103 1.00102 1.02239 1.25203 
3.87544 1.54255 1.06326 1.00383 1.00395 1.06427 1.5481 3.89927 8.73332 3.61626 1.5054 1.06153 1.06137 1.50426 3.6145 8.68985 20.5112 26.297 27.9639 28.4341 28.3544 27.8842 26.2151 20.4728 14.3286 12.6564 11.8899 11.7251 11.7251 11.8899 12.6564 14.3286 14.3559 18.1339 15.1767 12.1227 12.3284 15.4324 18.2207 14.4216 6.23843 3.79731 1.81268 1.17243 1.17074 1.77889 3.68587 6.27851 2.76601 1.26572 1.01886 1.00056 1.00058 1.01913 1.26649 
1.29126 1.03656 1.00302 1.00014 1.00015 1.00301 1.03627 1.28638 2.31579 1.2564 1.0256 1.00132 1.00132 1.0256 1.25691 2.33005 9.45816 12.7605 13.5255 13.9097 14.178 13.7886 12.7605 9.45816 5.31882 3.7599 3.15564 3.19906 3.19906 3.15564 3.7599 5.31882 7.45858 9.50714 7.33171 5.50063 5.52123 7.36393 9.50714 7.45858 2.37966 1.52648 1.12313 1.01525 1.01525 1.1294 1.51795 2.40378 1.31608 1.03126 1.00176 0.999986 0.999986 1.00176 1.03126 
1.0539 1.00555 1.00032 0.999849 0.99985 1.00033 1.00562 1.05419 1.26461 1.03542 1.00215 0.99983 0.99983 1.00214 1.03532 1.26526 3.41668 4.57346 5.16988 5.32205 5.26848 5.11195 4.57346 3.41668 2.11059 1.50346 1.32893 1.36253 1.36253 1.32893 1.50346 2.11059 3.24801 3.80367 2.76379 1.89874 1.89795 2.75652 3.80367 3.24801 1.26924 1.07637 1.01359 1.00078 1.00078 1.01362 1.07533 1.2808 1.0512 1.00397 1.00007 0.999855 0.999855 1.00007 1.00397 
1.00481 1.00035 0.999947 0.999987 0.999986 0.999947 1.00036 1.00483 1.02535 1.00213 0.999921 0.999963 0.999963 0.999918 1.00211 1.02534 1.43051 1.69673 1.85794 1.88495 1.87393 1.84525 1.69673 1.43051 1.15419 1.05187 1.02886 1.03277 1.03277 1.02886 1.05187 1.15419 1.61036 1.67695 1.30953 1.08869 1.0882 1.3063 1.67695 1.61036 1.02596 1.00452 1.00042 0.999905 0.999905 1.00043 1.00445 1.02872 1.00417 1.0002 0.99995 0.999993 0.999993 0.99995 1.0002 
1.00034 0.999938 0.999984 1 1 0.999984 0.999939 1.00034 1.00125 0.999857 0.999962 1 1 0.999963 0.999853 1.00125 1.04724 1.08726 1.11063 1.11381 1.11154 1.10818 1.08726 1.04724 1.01345 1.0043 1.0028 1.00289 1.00289 1.0028 1.0043 1.01345 1.12754 1.12945 1.03926 1.00461 1.00455 1.03862 1.12945 1.12754 1.00164 0.999842 0.999909 0.999989 0.999989 0.999905 0.999845 1.00216 1.0002 0.999931 0.99999 1 1 0.99999 0.999931 
1.00034 0.999939 0.999984 1 1 0.999984 0.999939 1.00034 1.00125 0.999853 0.999963 1 1 0.999962 0.999853 1.00125 1.04724 1.08726 1.11063 1.11381 1.11381 1.11063 1.08824 1.04759 1.01332 1.00429 1.0028 1.00289 1.00289 1.0028 1.0043 1.01345 1.12505 1.12713 1.03862 1.00455 1.00461 1.03926 1.12945 1.12754 1.00216 0.999845 0.999905 0.999989 0.999989 0.999909 0.999842 1.00164 1.00019 0.999931 0.99999 1 1 0.999989 0.99993 
1.00483 1.00036 0.999947 0.999986 0.999986 0.999947 1.00036 1.00483 1.02534 1.00211 0.999918 0.999963 0.999963 0.999921 1.00211 1.02534 1.43051 1.69673 1.85794 1.88495 1.88495 1.85794 1.70155 1.4314 1.15318 1.05176 1.02885 1.03277 1.03277 1.02886 1.05187 1.15419 1.60144 1.66872 1.3063 1.0882 1.08869 1.30953 1.67695 1.61036 1.02872 1.00445 1.00043 0.999905 0.99991 1.00042 1.00452 1.02596 1.00408 1.0002 0.99995 0.999993 0.999993 0.99995 1.00021 
1.05419 1.00562 1.00033 0.99985 0.99985 1.00033 1.00562 1.05419 1.26526 1.03532 1.00214 0.99983 0.99983 1.00215 1.03532 1.26526 3.41668 4.57346 5.16988 5.32205 5.32205 5.16988 4.59145 3.41283 2.10554 1.50052 1.32661 1.36055 1.36253 1.32893 1.50346 2.11059 3.23127 3.78424 2.75652 1.89795 1.89874 2.76379 3.80367 3.24801 1.2808 1.07533 1.01362 1.00078 1.00079 1.01359 1.07637 1.26924 1.05078 1.00397 1.00007 0.999855 0.999855 1.00007 1.00402 
1.28638 1.03627 1.00301 1.00015 1.00015 1.00301 1.03627 1.28638 2.33005 1.25691 1.0256 1.00132 1.00132 1.0256 1.25691 2.33005 9.45816 12.7605 13.5255 13.9097 13.9097 13.5255 12.6809 9.36369 5.28121 3.73272 3.13309 3.17461 3.19906 3.15564 3.7599 5.31882 7.47317 9.51886 7.36393 5.52123 5.50063 7.33171 9.50714 7.45858 2.40378 1.51795 1.1294 1.01525 1.01462 1.12313 1.52648 2.37966 1.32018 1.03126 1.00176 0.999986 0.999987 1.00173 1.03081 
1.03195 1.00381 1.00037 1.00006 1.00006 1.00037 1.00381 1.03195 1.23564 1.0292 1.00207 1.00008 1.00008 1.00205 1.0292 1.23564 3.71506 5.332 5.6577 5.67462 5.67462 5.6577 5.332 3.71506 2.27876 1.67275 1.52625 1.36043 1.36043 1.52625 1.67275 2.27876 3.26867 3.83503 2.68683 1.84227 1.84227 2.68683 3.83503 3.26867 1.33442 1.0657 1.01083 1.00099 1.00099 1.01083 1.0657 1.33442 1.04682 1.00392 1.0003 1.00005 1.00005 1.0003 1.00392 
1.00212 1.00015 0.99997 0.999991 0.999991 0.99997 1.00015 1.00212 1.02466 1.00211 0.999993 0.999956 0.999957 0.999994 1.00211 1.02466 1.76784 2.37465 2.59591 2.42326 2.42326 2.59591 2.37465 1.76784 1.25203 1.09642 1.07129 1.03806 1.03806 1.07129 1.09642 1.25203 1.42036 1.50246 1.22405 1.08142 1.08142 1.22405 1.50246 1.42036 1.04375 1.0063 1.00046 0.999891 0.999891 1.00046 1.0063 1.04375 1.00556 1.00035 0.999959 0.999987 0.999987 0.999959 1.00035 
1.00005 0.999968 0.999994 1 1 0.999994 0.999968 1.00005 1.00191 0.999989 0.999962 0.999995 0.999995 0.999962 0.999989 1.00191 1.15166 1.29893 1.36378 1.29007 1.29007 1.36378 1.29893 1.15166 1.03156 1.00789 1.00493 1.00203 1.00203 1.00493 1.00789 1.03156 1.04247 1.04799 1.01468 1.00417 1.00417 1.01468 1.04799 1.04247 1.00368 1.00031 0.999904 0.999971 0.999971 0.999904 1.00031 1.00368 1.00055 0.999965 0.999986 1 1 0.999986 0.999965 
1.00006 0.999992 1 1 1 1 0.999992 1.00006 1.00002 0.999871 0.999995 1 1 0.999995 0.999871 1.00002 1.01789 1.04105 1.05398 1.03756 1.03756 1.05398 1.04105 1.01789 1.00231 1.00027 1.00017 1.00004 1.00004 1.00017 1.00027 1.00231 1.00185 1.00177 1.00024 1.00001 1.00001 1.00024 1.00177 1.00185 1.00016 0.999847 0.999985 1 1 0.999985 0.999847 1.00016 1.00005 0.999986 1 1 1 1 0.999986 
0 0 0 0 1 1 0.999992 1.00006 1 0.999871 0.999995 1 1 0.999995 0.999871 1.00002 1.01789 1.04105 1.05398 1.03756 1.03686 1.05281 1.04018 1.01754 1.00227 1.00026 1.00016 1.00004 1.00004 1.00017 1.00027 1.00231 1.00185 1.00177 1.00024 1.00001 1.00001 1.00024 1.00172 1.00174 1.00016 0.999847 0.999986 1 1 0.999985 0.999847 1.00016 1.00005 0.999986 1 1 0 0 0 
0 0 0 0 1 0.999994 0.999968 1.00005 1.00176 0.99999 0.999962 0.999995 0.999995 0.999962 0.999989 1.00191 1.15166 1.29893 1.36378 1.29007 1.28581 1.35691 1.29363 1.1494 1.0311 1.00771 1.0048 1.00198 1.00203 1.00493 1.00789 1.03156 1.04247 1.04799 1.01468 1.00417 1.00416 1.01469 1.04738 1.04158 1.00365 1.0003 0.999904 0.999971 0.999971 0.999904 1.00031 1.00368 1.00055 0.999965 0.999986 1 0 0 0 
0 0 0 0 0.999991 0.99997 1.00015 1.00212 1.02366 1.00212 0.999994 0.999957 0.999956 0.999993 1.00211 1.02466 1.76784 2.37465 2.59591 2.42326 2.40914 2.57474 2.35681 1.75938 1.24928 1.09503 1.07013 1.03749 1.03806 1.07129 1.09642 1.25203 1.42036 1.50246 1.22405 1.08142 1.08141 1.22403 1.49826 1.41516 1.04368 1.00624 1.00047 0.999892 0.999891 1.00046 1.0063 1.04375 1.00556 1.00035 0.999959 0.999987 0 0 0 
