0 0 0 0 1.00001 1.00001 1 1.00046 1.04555 1.00119 1.00002 1.00001 1.00001 1.00003 1.00125 1.04747 1.06489 1.07059 1.09588 1.09592 1.10059 1.10097 1.07223 1.06632 1.02139 1.03184 1.41134 1.44162 1.41276 1.38411 1.02942 1.02001 1.03352 1.03552 1.00198 1.00088 1.00084 1.0015 1.02646 1.02654 1.00158 1.00105 1.00003 1.00001 1.00001 1.00003 1.00118 1.00169 1.00005 1.00001 1.00001 1.00001 0 0 0 
0 0 0 0 0.999998 0.999998 0.999996 1.00001 1.00038 0.999985 0.999997 0.999998 0.999998 0.999997 0.999985 1.0004 1.00068 1.00072 1.00115 1.00115 1.00126 1.00126 1.00073 1.00069 1.00057 1.00078 1.01323 1.01389 1.01259 1.01198 1.0007 1.00052 1.0001 0.999956 0.99999 0.999975 0.999974 0.999988 0.999897 1.00007 1.00002 1 1 0.999998 0.999998 0.999999 1 1.00002 1.00001 0.999997 0.999998 0.999998 0 0 0 
0 0 0 0 1 1 0.999998 1.00001 0.999997 0.999985 1 1 1 1 0.999984 0.999998 1.00001 0.999982 0.999992 0.999992 0.999994 0.999994 0.999982 1.00001 1.00001 0.999989 1.00016 1.00016 1.00014 1.00013 0.999987 1.00001 1.00002 0.99999 1 0.999999 0.999999 1 0.999989 1.00002 0.999999 0.999982 1 1 1 1 0.999981 0.999998 1.00001 0.999998 1 1 0 0 0 
0 0 0 0 1 1 0.999998 1.00001 1.00001 0.999987 1 1 1 1 0.999987 1.00001 1.00001 0.999985 0.999999 0.999999 0.999998 0.999999 0.999985 1.00001 1.00001 0.999984 0.999992 0.999991 0.999992 0.999993 0.999984 1.00001 1.00001 0.999987 1 1 1 1 0.999987 1.00001 1 0.999987 1 1 1 1 0.999987 1 1.00001 0.999998 1 1 0 0 0 
1.00001 0.999998 1 1 1 1 0.999998 1.00001 1.00001 0.999987 1 1 1 1 0.999987 1.00001 1.00001 0.999985 0.999999 0.999999 0.999999 0.999999 0.999985 1.00001 1.00001 0.999984 0.999992 0.999991 0.999991 0.999992 0.999984 1.00001 1.00001 0.999987 1 1 1 1 0.999987 1.00001 1 0.999987 1 1 1 1 0.999987 1 1.00001 0.999998 1 1 1 1 0.999998 
1.00001 0.999998 1 1 1 1 0.999998 1.00001 0.999998 0.999984 1 1 1 1 0.999984 0.999998 1.00001 0.999982 0.999992 0.999992 0.999992 0.999992 0.999982 1.00001 1.00001 0.999989 1.00016 1.00016 1.00016 1.00016 0.999989 1.00001 1.00002 0.999989 1 0.999999 0.999999 1 0.999989 1.00002 0.999998 0.999981 1 1 1 1 0.999981 0.999998 1.00001 0.999998 1 1 1 1 0.999998 
1.00001 0.999996 0.999998 0.999998 0.999998 0.999998 0.999996 1.00001 1.0004 0.999985 0.999997 0.999998 0.999998 0.999997 0.999985 1.0004 1.00068 1.00072 1.00115 1.00115 1.00115 1.00115 1.00072 1.00068 1.00057 1.00078 1.01323 1.01389 1.01389 1.01323 1.00078 1.00057 1.00007 0.999897 0.999988 0.999974 0.999974 0.999988 0.999897 1.00007 1.00002 1 0.999999 0.999998 0.999998 1 1 1.00002 1.00001 0.999997 0.999998 0.999998 0.999998 0.999998 0.999997 
1.00046 1 1.00001 1.00001 1.00001 1.00001 1 1.00046 1.04747 1.00125 1.00003 1.00001 1.00001 1.00003 1.00125 1.04747 1.06489 1.07059 1.09588 1.09592 1.09592 1.09588 1.07059 1.06489 1.02139 1.03184 1.41134 1.44162 1.44162 1.41134 1.03184 1.02139 1.02654 1.02646 1.0015 1.00084 1.00084 1.0015 1.02646 1.02654 1.00169 1.00118 1.00003 1.00001 1.00001 1.00003 1.00118 1.00169 1.00005 1.00001 1.00001 1.00001 1.00001 1.00001 1.00001 
1.0706 1.0011 1 1 1 1 1.00127 1.07983 2.71486 1.08899 1.00183 1.00001 1.00001 1.00183 1.08899 2.71486 3.22248 3.38629 3.8304 3.83048 3.83048 3.8304 3.38629 3.22248 1.28109 1.41729 5.67079 6.19854 6.25461 5.72462 1.42557 1.28405 3.50246 3.74361 1.27653 1.03756 1.03871 1.28104 3.76237 3.51834 1.10876 1.03222 1.00054 1 0.999993 1.00029 1.02175 1.07657 1.00106 0.999998 1 1.00001 1.00001 1 0.999998 
1.00151 0.999997 0.999984 0.999987 0.999987 0.999984 0.999995 1.00151 1.05567 1.00129 0.999993 0.999984 0.999984 0.999993 1.00129 1.05567 1.08459 1.09095 1.1183 1.11713 1.11713 1.1183 1.09095 1.08459 1.01583 1.02075 1.30703 1.33692 1.35547 1.32452 1.02423 1.01783 1.08131 1.098 1.004 1.00032 1.00034 1.00426 1.10359 1.08547 1.00069 0.999672 0.999985 0.999988 0.999989 0.999982 0.99945 1.00025 0.999993 0.999987 0.999987 0.999987 0.999987 0.999987 0.999987 
1.00002 0.999997 1 1 1 1 0.999997 1.00002 1.00056 0.999987 0.999998 1 1 0.999998 0.999987 1.00056 1.00092 1.00098 1.0015 1.00146 1.00146 1.0015 1.00098 1.00092 1.00057 1.00067 1.01122 1.01202 1.01314 1.01228 1.00083 1.00069 1.00106 1.00144 1.00002 0.999993 0.999995 1.00003 1.00168 1.00121 1 0.999982 1 1 1 1 0.999982 0.999997 1.00001 1 1 1 1 1 1 
1.00001 0.999998 1 1 1 1 0.999998 1.00001 1 0.999985 1 1 1 1 0.999985 1 1 0.999976 1 0.999999 0.999999 1 0.999976 1 1.00001 0.999986 1.00014 1.00014 1.00017 1.00017 0.999989 1.00001 1.00002 0.999992 0.999997 0.999999 0.999999 0.999996 0.999997 1.00002 1.00001 0.999989 1 1 1 1 0.999989 1 1.00001 0.999998 1 1 1 1 0.999998 
1.00001 0.999998 1 1 1 1 0.999998 1.00001 1 0.999984 1 1 1 1 0.999985 1 1 0.999976 1 0.999999 0.999996 0.999998 0.99998 1.00001 1.00001 0.999989 1.00017 1.00017 1.00017 1.00017 0.999989 1.00001 1.00002 0.999997 0.999996 0.999999 0.999999 0.999997 0.999992 1.00002 1.00001 0.999989 1 1 1 1 0.999989 1.00001 1.00001 0.999998 1 1 1 1 0.999998 
1.00002 0.999997 1 1 1 1 0.999997 1.00002 1.0006 0.999988 0.999998 1 1 0.999998 0.999987 1.00056 1.00092 1.00098 1.0015 1.00146 1.00181 1.00188 1.0012 1.00112 1.00069 1.00083 1.01228 1.01314 1.01314 1.01228 1.00083 1.00069 1.00121 1.00168 1.00003 0.999995 0.999993 1.00002 1.00144 1.00106 1 0.999982 1 1 1 1 0.999982 1 1.00001 1 1 1 1 1 1 
1.00151 0.999995 0.999984 0.999987 0.999987 0.999984 0.999995 1.00151 1.05887 1.00135 0.999993 0.999984 0.999984 0.999993 1.00129 1.05567 1.08459 1.09095 1.1183 1.11713 1.12733 1.12894 1.10896 1.10047 1.01783 1.02423 1.32452 1.35547 1.35547 1.32452 1.02423 1.01783 1.08547 1.10359 1.00426 1.00034 1.00032 1.004 1.098 1.08131 1.00069 0.999612 0.999985 0.999988 0.999988 0.999985 0.999672 1.00069 0.999993 0.999987 0.999987 0.999987 0.999987 0.999987 0.999987 
1.07983 1.00127 1 1 1 1 1.00127 1.07983 2.85123 1.09878 1.00204 1.00001 1.00001 1.00183 1.08899 2.71486 3.22248 3.38629 3.8304 3.83048 4.03931 4.03492 3.91352 3.69028 1.28405 1.42557 5.72462 6.25461 6.25461 5.72462 1.42557 1.28405 3.51834 3.76237 1.28104 1.03871 1.03756 1.27653 3.74361 3.50246 1.10876 1.02681 1.00054 1 1 1.00054 1.03222 1.10876 1.00106 0.999998 1 1.00001 1.00001 1 0.999995 
4.64643 1.16155 1.00182 1.00001 1.00001 1.00182 1.16155 4.64643 25.8966 5.04125 1.19672 1.00264 1.00249 1.18954 5.05921 25.9852 29.4722 31.9441 33.1608 33.2036 33.0084 32.9621 31.5378 28.6573 7.22204 7.54532 27.5531 31.067 31.067 27.5531 7.72927 7.38312 27.0001 26.5918 6.6135 2.28053 2.28056 6.61571 26.6181 27.038 3.58408 1.97022 1.02831 1.00046 1.00046 1.02831 1.96793 3.58408 1.19913 1.00357 1.00002 1.00001 1.00001 1.00002 1.00327 
4.89989 1.17272 1.00192 0.999982 0.999982 1.00192 1.17272 4.89989 28.1386 5.33752 1.21227 1.00288 1.00269 1.20339 5.359 28.2395 31.5336 34.4751 34.6631 34.6651 34.6427 34.6523 34.4794 31.0163 5.87382 6.23497 29.627 33.8622 33.8622 29.627 6.20745 5.82388 29.0998 29.4311 6.06423 1.30114 1.30228 6.06812 29.4256 29.1185 2.82927 1.12926 1.00273 1 1 1.00273 1.12207 2.82927 1.07023 1.00082 0.999981 0.999985 0.999985 0.999979 1.00071 
4.42131 1.14961 1.00165 0.999997 0.999997 1.00165 1.14961 4.42131 24.6818 4.81914 1.183 1.00233 1.00222 1.17621 4.83717 24.7659 27.4121 29.8452 30.0045 29.9904 29.9294 29.9722 29.6902 26.8619 5.10006 5.39895 25.3413 28.7443 28.7443 25.3413 5.37724 5.05995 25.3994 25.6486 5.37907 1.2335 1.2335 5.37943 25.6859 25.4438 2.58129 1.07699 1.00159 1.00001 1.00001 1.00159 1.07491 2.58129 1.0568 1.00063 0.999997 1 1 0.999996 1.00053 
1.23672 1.00412 1.00001 0.999995 0.999995 1.00001 1.00412 1.23672 5.4091 1.2668 1.00498 1 1 1.00477 1.26857 5.41242 5.89938 6.29953 6.29771 6.32298 6.39727 6.33723 6.44398 5.99029 1.34659 1.43511 6.33242 6.91227 6.91227 6.33242 1.43354 1.34371 5.64345 5.65446 1.31298 1.00673 1.00672 1.31126 5.62117 5.61342 1.09686 1.00263 1.00002 0.999992 0.999992 1.00002 1.00263 1.09686 1.00133 0.999997 0.999999 1 1 0.999999 0.999995 
1.23667 1.00412 1.00001 0.999995 0.999995 1.00001 1.00412 1.23672 5.41242 1.26857 1.00477 1 1 1.00477 1.26857 5.41242 5.99029 6.44398 6.33723 6.39727 6.32298 6.29771 6.44398 5.99029 1.34371 1.43354 6.3336 6.91282 6.91227 6.33242 1.43511 1.34659 5.61342 5.62117 1.31126 1.00672 1.00673 1.31298 5.65446 5.64345 1.09686 1.00263 1.00002 0.999992 0.999992 1.00002 1.00263 1.08265 1.00101 0.999995 0.999999 1 1 0.999999 0.999997 
4.42502 1.14949 1.00166 0.999997 0.999997 1.00165 1.14961 4.42131 24.7659 4.83717 1.17621 1.00222 1.00222 1.17621 4.83717 24.7659 26.8619 29.6902 29.9722 29.9294 29.9904 30.0045 29.6902 26.8619 5.05995 5.37724 25.3583 28.751 28.7443 25.3413 5.39895 5.10006 25.4438 25.6859 5.37943 1.2335 1.2335 5.37907 25.6486 25.3994 2.58129 1.07491 1.00159 1.00001 1.00001 1.0016 1.07699 2.416 1.04847 1.00053 0.999996 1 1 0.999997 1.00063 
4.90457 1.17254 1.00193 0.999982 0.999982 1.00192 1.17272 4.89989 28.2395 5.359 1.20339 1.00269 1.00269 1.20339 5.359 28.2395 31.0163 34.4794 34.6523 34.6427 34.6651 34.6631 34.4794 31.0163 5.82388 6.20745 29.6474 33.8651 33.8622 29.627 6.23497 5.87382 29.1185 29.4256 6.06812 1.30228 1.30114 6.06423 29.4311 29.0998 2.82927 1.12207 1.00273 1 1 1.00295 1.12926 2.6294 1.06014 1.00071 0.999979 0.999985 0.999985 0.999981 1.00082 
4.66086 1.16178 1.00184 1.00001 1.00001 1.00182 1.16155 4.64643 25.9852 5.05921 1.18954 1.00249 1.00249 1.18954 5.05921 25.9852 28.6573 31.5378 32.9621 33.0084 33.2036 33.1608 31.5378 28.6573 7.38312 7.72927 27.7747 31.2872 31.067 27.5531 7.54532 7.22204 27.038 26.6181 6.61571 2.28056 2.28053 6.6135 26.5918 27.0001 3.58408 1.96793 1.02831 1.00046 1.00046 1.02831 1.97022 3.40831 1.17635 1.00327 1.00002 1.00001 1.00001 1.00002 1.00357 
4.64274 1.16092 1.00231 1.00002 1.00002 1.00231 1.16092 4.64274 27.6801 5.29717 1.20341 1.00265 1.00265 1.20341 5.29717 27.6801 34.279 34.8174 34.9042 34.9085 34.9055 34.9033 34.8174 34.279 31.6736 31.9065 34.3345 34.7701 34.7897 34.38 32.1042 31.8719 33.97 34.0268 31.8437 31.352 31.5689 32.0348 34.1543 33.8914 28.1555 27.529 5.48201 1.22596 1.22374 5.46232 27.3572 27.8197 5.51902 1.20004 1.00254 1.00002 1.00002 1.00254 1.20004 
4.85473 1.17093 1.00244 0.999991 0.999991 1.00244 1.17093 4.85473 29.3082 5.58312 1.21667 1.00281 1.00281 1.21667 5.58312 29.3082 34.842 34.9767 34.9917 34.9919 34.9924 34.9924 34.9767 34.842 34.6762 34.6658 34.9228 34.9675 34.967 34.9213 34.658 34.6669 34.6921 34.9083 34.809 34.7867 34.7789 34.8026 34.9073 34.6577 30.16 29.5915 5.78586 1.24153 1.24007 5.78089 29.5897 29.9853 5.8514 1.21532 1.00269 0.999989 0.999989 1.00269 1.21532 
4.86201 1.17116 1.00246 1.00001 1.00001 1.00246 1.17116 4.86201 29.4216 5.59749 1.21725 1.00283 1.00283 1.21725 5.59749 29.4216 34.8675 34.9899 34.9995 34.9997 34.9997 34.9996 34.9899 34.8675 34.9783 34.9748 34.9951 34.9978 34.9978 34.9951 34.9748 34.9765 34.7551 34.9791 34.9928 34.993 34.9927 34.9926 34.9819 34.7201 30.2894 29.7432 5.80227 1.24225 1.24082 5.79832 29.7463 30.1194 5.86595 1.21594 1.00271 1 1 1.00271 1.21594 
4.83372 1.16921 1.00239 1 1 1.00239 1.16921 4.83372 29.2855 5.55932 1.21489 1.00278 1.00278 1.21489 5.55932 29.2855 34.8609 34.9896 34.9998 35 35 34.9998 34.9896 34.8609 34.9962 34.9937 34.9995 34.9999 34.9999 34.9995 34.9936 34.9948 34.7587 34.9825 34.999 34.9998 34.9998 34.9991 34.9847 34.725 30.3019 29.7532 5.79774 1.24155 1.24046 5.796 29.7548 30.1304 5.86791 1.21602 1.00269 1 1 1.00269 1.21602 
4.82911 1.16568 1.00221 1 1 1.00239 1.16921 4.83372 28.9209 5.50693 1.21582 1.00282 1.00278 1.21489 5.55932 29.2855 34.8035 34.9903 34.9998 35 35 34.9998 34.9896 34.8609 34.9948 34.9936 34.9995 34.9999 34.9999 34.9995 34.9937 34.9962 34.725 34.9847 34.9991 34.9998 34.9998 34.9991 34.9847 34.725 30.3019 29.7532 5.79774 1.24155 1.24155 5.79774 29.7532 30.3019 5.86791 1.21602 1.00269 1 1 1.00268 1.21653 
4.85755 1.1674 1.00226 1 1.00001 1.00246 1.17116 4.86201 29.0516 5.5414 1.21816 1.00286 1.00283 1.21725 5.59749 29.4216 34.8123 34.9911 34.9996 34.9997 34.9997 34.9995 34.9899 34.8675 34.9765 34.9748 34.9951 34.9978 34.9978 34.9951 34.9748 34.9783 34.7201 34.9819 34.9926 34.9927 34.9927 34.9926 34.9819 34.7201 30.2894 29.7432 5.80227 1.24225 1.24225 5.80227 29.7432 30.2894 5.86595 1.21594 1.00271 1 1 1.0027 1.21665 
4.8505 1.16717 1.00225 0.999986 0.999991 1.00244 1.17093 4.85473 28.9601 5.53008 1.21761 1.00284 1.00281 1.21667 5.58312 29.3082 34.7867 34.9806 34.9924 34.9924 34.9919 34.9917 34.9767 34.842 34.6669 34.658 34.9213 34.967 34.9675 34.9228 34.6658 34.6762 34.6577 34.9073 34.8026 34.7789 34.7789 34.8026 34.9073 34.6577 30.16 29.5915 5.78586 1.24153 1.24153 5.78586 29.5915 30.16 5.8514 1.21532 1.00269 0.999989 0.999989 1.00268 1.21604 
4.63015 1.15724 1.00213 1.00001 1.00002 1.00231 1.16092 4.64274 27.1105 5.2388 1.20413 1.00267 1.00265 1.20341 5.29717 27.6801 34.2167 34.789 34.9033 34.9055 34.9085 34.9042 34.8174 34.279 31.8719 32.1042 34.38 34.7897 34.7701 34.3345 31.9065 31.6736 33.8914 34.1543 32.0348 31.5689 31.5689 32.0348 34.1543 33.8914 28.1555 27.529 5.48201 1.22596 1.22596 5.48201 27.529 28.1555 5.51902 1.20004 1.00254 1.00002 1.00002 1.00253 1.20116 
1.33367 1.00546 1.00003 1.00001 1.00001 1.00003 1.00572 1.34171 7.31352 1.39618 1.00809 1.00009 1.00012 1.00893 1.37921 7.27864 33.8701 34.9205 34.9998 35.0026 35.0049 35.0027 34.9231 33.8737 34.9314 34.9422 35.0013 35.0056 35.0056 35.0013 34.9422 34.9314 34.7221 34.9646 34.9079 34.8964 34.8964 34.9079 34.9646 34.7221 31.1331 29.7127 5.91505 1.26599 1.26599 5.91505 29.6007 31.1331 6.12033 1.23446 1.00361 1.00002 1.00002 1.00361 1.23446 
1.10814 1.00066 0.999983 0.999988 0.999987 0.999986 1.00083 1.11623 4.1568 1.1341 1.00152 1.00001 1.00004 1.00235 1.12021 4.15234 33.6989 34.8978 34.9898 34.9931 34.9938 34.9909 34.8995 33.6988 34.9825 34.9846 34.9942 34.9949 34.9949 34.9942 34.9846 34.9825 34.7613 34.9791 34.9905 34.9906 34.9906 34.9905 34.9791 34.7613 31.3568 29.9396 5.93509 1.26725 1.26725 5.93509 29.7544 31.3568 6.14368 1.23516 1.00358 0.999992 0.999992 1.00358 1.23516 
1.10331 1.0006 1 1 1 1 1.00077 1.1114 4.03588 1.12871 1.00146 1.00003 1.00006 1.00227 1.11492 4.03356 33.6963 34.9024 34.9961 34.9996 34.9997 34.9966 34.9041 33.6962 34.9913 34.9928 34.9995 34.9998 34.9998 34.9995 34.9928 34.9913 34.7699 34.9856 34.9992 34.9997 34.9997 34.9992 34.9856 34.7699 31.3671 29.9482 5.93568 1.26728 1.26728 5.93568 29.7631 31.3671 6.14472 1.23521 1.0036 1.00001 1.00001 1.0036 1.23521 
1.11555 1.0008 1 1 1 1 1.00096 1.1232 4.24576 1.1455 1.00227 1.00004 1.00007 1.00304 1.13239 4.24476 33.7091 34.903 34.9965 34.9999 34.9999 34.9968 34.9041 33.709 34.9919 34.9931 34.9997 35 35 34.9997 34.9931 34.9919 34.7747 34.9861 34.9995 35 35 34.9995 34.9861 34.7747 31.3804 29.9318 5.91781 1.26454 1.26454 5.91781 29.771 31.3804 6.13647 1.23445 1.00354 1.00001 1.00001 1.00354 1.23445 
1.1232 1.00096 1 1 1 1 1.00096 1.1232 4.24476 1.13239 1.00304 1.00007 1.00004 1.00227 1.1455 4.24576 33.709 34.9041 34.9968 34.9999 34.9999 34.9968 34.9041 33.709 34.9932 34.9929 34.9997 35 35 34.9997 34.9931 34.9919 34.7944 34.9849 34.9995 35 35 34.9995 34.9861 34.7747 31.3804 29.771 5.91781 1.26454 1.1948 5.70789 29.9318 31.9643 6.13647 1.23445 1.00354 1.00001 1 1.00338 1.23049 
1.1114 1.00077 1 1 1 1 1.00077 1.1114 4.03356 1.11492 1.00227 1.00006 1.00003 1.00146 1.12871 4.03588 33.6962 34.9041 34.9966 34.9997 34.9997 34.9966 34.9041 33.6962 34.9927 34.9926 34.9995 34.9998 34.9998 34.9995 34.9928 34.9913 34.7888 34.9841 34.9992 34.9997 34.9997 34.9992 34.9856 34.7699 31.3671 29.7631 5.93568 1.26728 1.1917 5.69396 29.9482 31.9973 6.14472 1.23521 1.0036 1.00001 1 1.00342 1.23096 
1.11623 1.00083 0.999986 0.999987 0.999987 0.999986 1.00083 1.11623 4.15234 1.12021 1.00235 1.00004 1.00001 1.00152 1.1341 4.1568 33.6988 34.8995 34.9909 34.9938 34.9938 34.9909 34.8995 33.6988 34.9838 34.9843 34.9942 34.9949 34.9949 34.9942 34.9846 34.9825 34.7802 34.9777 34.9905 34.9904 34.9906 34.9905 34.9791 34.7613 31.3568 29.7544 5.93509 1.26725 1.19163 5.69276 29.9396 31.988 6.14368 1.23516 1.00358 0.999992 0.999987 1.00341 1.2309 
1.34171 1.00572 1.00003 1.00001 1.00001 1.00003 1.00572 1.34171 7.27864 1.37921 1.00893 1.00012 1.00009 1.00809 1.39618 7.31352 33.8737 34.9231 35.0027 35.0049 35.0049 35.0027 34.9231 33.8737 34.9406 34.9482 35.0015 35.0055 35.0056 35.0013 34.9422 34.9314 34.745 34.9676 34.9258 34.9171 34.8964 34.9079 34.9646 34.7221 31.1331 29.6007 5.91505 1.26599 1.19155 5.67539 29.7127 31.7535 6.12033 1.23446 1.00361 1.00002 1.00001 1.00343 1.23022 
4.50878 1.15805 1.00202 1.00001 1.00001 1.00195 1.15579 4.50109 25.228 4.773 1.17431 1.0021 1.00207 1.17397 4.82316 25.552 34.6097 34.9696 34.9983 35.0008 35.0008 34.9983 34.9671 34.6449 34.9431 34.965 34.961 34.9551 34.9489 34.9558 34.9616 34.9358 34.4616 34.976 34.9621 34.9539 34.9539 34.9621 34.976 34.4616 28.6798 26.6913 5.34345 1.21107 1.22561 5.38716 26.463 28.2707 5.74343 1.23737 1.00521 1.00004 1.00004 1.00523 1.23718 
4.89189 1.17622 1.00224 0.999988 0.999986 1.00215 1.17354 4.8833 28.1351 5.21382 1.19564 1.0024 1.00235 1.19577 5.29589 28.4849 34.8192 34.9807 34.9938 34.9937 34.9937 34.9938 34.9803 34.8466 34.9854 34.9858 34.9918 34.9918 34.9919 34.9919 34.986 34.9844 34.73 34.981 34.991 34.9909 34.9909 34.991 34.981 34.73 31.4252 29.5056 5.80808 1.2344 1.25137 5.87459 29.4225 31.1903 6.26123 1.26555 1.00592 1.00001 1.00001 1.00594 1.26556 
4.90492 1.17677 1.00226 1 1 1.00217 1.17408 4.89635 28.2518 5.22691 1.19616 1.00242 1.00237 1.19629 5.30964 28.6057 34.8332 34.9874 34.9993 34.9997 34.9997 34.9993 34.9871 34.8604 34.9937 34.9927 34.9994 34.9996 34.9996 34.9994 34.9929 34.9927 34.7537 34.9864 34.9993 34.9997 34.9997 34.9993 34.9864 34.7537 31.5996 29.6764 5.828 1.23515 1.2522 5.89535 29.5975 31.3661 6.28474 1.26655 1.00595 1.00003 1.00003 1.00597 1.26656 
4.90349 1.17653 1.00224 1 1 1.00216 1.17394 4.8958 28.2681 5.23055 1.1962 1.00242 1.00237 1.19633 5.31234 28.6165 34.835 34.9879 34.9996 35 35 34.9996 34.9876 34.8617 34.9942 34.993 34.9997 35 35 34.9997 34.9931 34.9933 34.7639 34.987 34.9996 35 35 34.9996 34.987 34.7639 31.6078 29.6794 5.82877 1.23529 1.25139 5.88969 29.6096 31.3816 6.27229 1.26507 1.00582 1.00003 1.00003 1.00584 1.26512 
4.8958 1.17394 1.00216 1 1 1.00216 1.17394 4.8958 28.2681 5.23055 1.19633 1.00237 1.00237 1.19633 5.23055 28.2681 34.835 34.9879 34.9996 35 35 34.9996 34.9879 34.835 34.9933 34.9931 34.9997 35 35 34.9997 34.9931 34.9933 34.7558 34.9882 34.9996 35 35 34.9996 34.987 34.7639 31.3816 29.6096 5.88969 1.25139 1.25139 5.88969 29.6096 31.3816 6.27229 1.26507 1.00582 1.00003 1.00003 1.00582 1.26507 
4.89635 1.17408 1.00217 1 1 1.00217 1.17408 4.89635 28.2518 5.22691 1.19629 1.00237 1.00237 1.19629 5.22691 28.2518 34.8332 34.9874 34.9993 34.9997 34.9997 34.9993 34.9874 34.8332 34.9927 34.9929 34.9994 34.9996 34.9996 34.9994 34.9929 34.9927 34.7463 34.9879 34.9993 34.9997 34.9997 34.9993 34.9864 34.7537 31.3661 29.5975 5.89535 1.2522 1.2522 5.89535 29.5975 31.3661 6.28474 1.26655 1.00595 1.00003 1.00003 1.00595 1.26655 
4.8833 1.17354 1.00215 0.999986 0.999986 1.00215 1.17354 4.8833 28.1351 5.21382 1.19577 1.00235 1.00235 1.19577 5.21382 28.1351 34.8192 34.9807 34.9938 34.9936 34.9937 34.9938 34.9807 34.8192 34.9844 34.986 34.9919 34.9919 34.9918 34.9918 34.986 34.9844 34.7221 34.9826 34.9913 34.9911 34.9909 34.991 34.981 34.73 31.1903 29.4225 5.87459 1.25137 1.25137 5.87459 29.4225 31.1903 6.26123 1.26555 1.00592 1.00001 1.00001 1.00592 1.26555 
4.50109 1.15579 1.00195 1.00001 1.00001 1.00195 1.15579 4.50109 25.228 4.773 1.17397 1.00207 1.00207 1.17397 4.773 25.228 34.6097 34.9696 34.9971 34.9998 35.0008 34.9983 34.9696 34.6097 34.9358 34.9616 34.9558 34.9489 34.9551 34.961 34.9616 34.9358 34.404 34.9777 34.9505 34.9382 34.9539 34.9621 34.976 34.4616 28.2707 26.463 5.38716 1.22561 1.22561 5.38716 26.463 28.2707 5.74343 1.23737 1.00521 1.00004 1.00004 1.00521 1.23737 
1.55739 1.01626 1.00013 0.999995 0.999995 1.00013 1.01626 1.55739 6.37971 1.29947 1.00729 1.00005 1.00004 1.00634 1.29947 6.37971 32.7147 34.6963 34.8574 34.8372 34.9185 34.9302 34.7437 32.4947 33.2951 33.3386 32.651 32.6023 32.3728 32.4207 33.1157 33.1032 30.7904 34.0515 31.0894 30.7962 30.5711 30.8756 34.0915 30.2206 3.98038 3.29145 1.07117 0.988571 0.988571 1.07117 3.29145 3.98038 1.19358 1.00299 1.00002 1.00001 1.00001 1.00002 1.00299 
1.43953 1.01426 1.00009 0.999968 0.999968 1.00009 1.01426 1.43953 4.60996 1.1498 1.00344 1 0.999992 1.00305 1.1498 4.60996 32.7612 34.8391 34.9792 34.9858 34.9912 34.9878 34.8315 32.3749 34.4913 34.7883 34.7533 34.7602 34.7658 34.7591 34.793 34.5089 30.8477 34.6644 34.7502 34.7554 34.7382 34.7242 34.6755 30.211 2.3385 1.14813 0.991751 0.981703 0.981703 0.991751 1.14813 2.3385 1.03359 0.999872 0.999975 0.999988 0.999988 0.999975 0.999872 
1.437 1.01419 1.00011 0.999983 0.999983 1.00011 1.01419 1.437 4.53619 1.14565 1.00338 1.00002 1.00001 1.00299 1.14565 4.53619 32.7651 34.8515 34.9943 34.9992 34.9996 34.9937 34.8446 32.3778 34.6364 34.969 34.9841 34.9855 34.9855 34.9841 34.9703 34.6515 30.8581 34.7209 34.9793 34.9905 34.9882 34.9751 34.7466 30.2226 2.22653 1.03415 0.989212 0.980131 0.980131 0.989212 1.03415 2.22653 1.02685 0.999804 0.999996 1 1 0.999996 0.999804 
1.44365 1.01358 1.0001 0.999982 0.999982 1.0001 1.01358 1.44365 4.73888 1.16421 1.00367 1.00002 1.00001 1.00331 1.16421 4.73888 32.7656 34.8523 34.9952 34.9999 34.9999 34.9939 34.8457 32.3967 34.6508 34.9813 34.9987 34.9993 34.9993 34.9987 34.9824 34.6638 30.8641 34.7276 34.9885 34.9993 34.9992 34.9873 34.7537 30.2382 2.21903 1.03138 0.989582 0.980786 0.980786 0.989582 1.03138 2.21903 1.02648 0.99981 0.999997 1 1 0.999997 0.99981 
1.44553 1.01371 1.0001 0.999982 0.999982 1.0001 1.01358 1.44365 4.91343 1.16569 1.00331 1.00001 1.00001 1.00331 1.16569 4.91343 32.7656 34.8523 34.9952 34.9999 34.9999 34.9952 34.8523 32.7656 34.6638 34.9824 34.9987 34.9993 34.9993 34.9987 34.9824 34.6638 30.2382 34.7537 34.9873 34.9992 34.9993 34.9885 34.7537 30.2382 2.21859 1.03939 0.989064 0.978156 0.980786 0.989582 1.03138 2.21903 1.02648 0.99981 0.999997 1 1 0.999998 0.999775 
1.43906 1.01433 1.00011 0.999983 0.999983 1.00011 1.01419 1.437 4.71255 1.14698 1.00299 1.00001 1.00001 1.00299 1.14698 4.71255 32.7651 34.8515 34.9943 34.9992 34.9992 34.9943 34.8515 32.7651 34.6515 34.9703 34.9841 34.9855 34.9855 34.9841 34.9703 34.6515 30.2226 34.7466 34.9751 34.9882 34.9905 34.9793 34.7466 30.2226 2.22605 1.04248 0.988705 0.977352 0.980131 0.989212 1.03415 2.22653 1.02685 0.999804 0.999996 1 1 0.999997 0.99977 
1.44158 1.01439 1.00009 0.999968 0.999968 1.00009 1.01426 1.43953 4.7874 1.15131 1.00305 0.999992 0.999992 1.00305 1.15131 4.7874 32.7612 34.8391 34.9792 34.9858 34.9858 34.9792 34.8391 32.7612 34.5089 34.793 34.7591 34.7658 34.7658 34.7591 34.793 34.5089 30.211 34.6755 34.7242 34.7382 34.7554 34.7502 34.6755 30.211 2.34012 1.15749 0.990951 0.978806 0.981703 0.991751 1.14813 2.3385 1.03359 0.999872 0.999975 0.999988 0.999988 0.999976 0.999837 
1.55311 1.01625 1.00013 0.999996 0.999995 1.00013 1.01626 1.55739 6.43447 1.29159 1.00634 1.00004 1.00004 1.00634 1.29159 6.43447 32.7147 34.6963 34.8574 34.8372 34.8372 34.8574 34.6963 32.7147 33.1032 33.1157 32.4207 32.3728 32.3728 32.4207 33.1157 33.1032 30.2206 34.0915 30.8756 30.5711 30.7962 31.0894 34.0915 30.2206 3.81793 3.15064 1.05247 0.986488 0.988571 1.07117 3.29145 3.98038 1.19358 1.00299 1.00002 1.00001 1.00001 1.00001 1.00253 
1.17103 1.00294 1 1.00001 1.00001 1 1.00294 1.17103 4.25215 1.15408 1.00301 1.00002 1.00002 1.00301 1.15408 4.25215 27.2618 31.1277 31.8609 31.6225 31.6225 31.8609 31.1277 27.2618 7.06526 3.6797 3.32862 3.31053 3.31053 3.32862 3.6797 7.06526 27.6837 28.5101 7.86222 4.13524 3.94424 7.68504 28.3089 27.516 2.63497 1.11734 1.21672 1.00761 1.00758 1.21862 1.13566 2.47688 1.0468 1.00762 1.00024 1.00001 1.00001 1.00029 1.00841 
1.17839 1.00308 0.999974 0.999987 0.999987 0.999974 1.00308 1.17839 4.48607 1.16732 1.00329 0.999991 0.999991 1.00329 1.16732 4.48607 29.8312 34.3485 34.7274 34.4246 34.4246 34.7274 34.3485 29.8312 5.35894 1.30302 1.13924 1.13458 1.13458 1.13924 1.30302 5.35894 29.4162 29.9594 5.82762 1.56569 1.56438 5.83535 29.951 29.4179 2.69893 1.0842 1.22342 1.00816 1.00825 1.22531 1.09094 2.52168 1.0486 1.00781 1.00022 0.999984 0.999985 1.00027 1.00862 
1.17854 1.00311 0.99999 1 1 0.99999 1.00311 1.17854 4.49589 1.16771 1.00331 1.00001 1.00001 1.00331 1.16771 4.49589 29.9449 34.5062 34.8515 34.5327 34.5327 34.8515 34.5062 29.9449 5.27721 1.17464 1.00237 1.00025 1.00025 1.00237 1.17464 5.27721 29.5012 30.0275 5.75095 1.44786 1.44599 5.76097 30.0185 29.5009 2.70081 1.08385 1.22349 1.00817 1.00825 1.22538 1.09055 2.52288 1.0486 1.00781 1.00024 1 1 1.00028 1.00862 
1.17218 1.00284 0.999988 1 1 0.999988 1.00284 1.17218 4.47113 1.16523 1.00317 1 1 1.00317 1.16523 4.47113 29.8388 34.3288 34.5445 34.2244 34.2244 34.5445 34.3288 29.8388 5.37281 1.40579 1.23969 1.23741 1.23741 1.23969 1.40579 5.37281 29.0386 29.6012 5.98328 1.85444 1.85253 5.99127 29.5938 29.0391 2.66051 1.08085 1.22317 1.00811 1.00819 1.22491 1.08703 2.48781 1.04661 1.00758 1.00023 0.999998 0.999999 1.00027 1.00835 
1.16197 1.00183 0.999951 1 1 0.999988 1.00284 1.17218 4.51404 1.17165 1.00271 0.999991 1 1.00317 1.16523 4.47113 29.8388 34.3288 34.5445 34.2244 34.2269 34.5506 34.3262 29.8561 5.37445 1.40518 1.23966 1.23741 1.23741 1.23969 1.40579 5.37281 29.0391 29.5938 5.99127 1.85253 1.85253 5.99127 29.5938 29.0391 2.48781 1.08085 1.22402 1.00815 1.00811 1.22317 1.08085 2.66051 1.04661 1.00758 1.00023 0.999998 0.999998 1.00023 1.00758 
1.16723 1.00201 0.99995 1 1 0.99999 1.00311 1.17854 4.54429 1.17484 1.00282 0.999993 1.00001 1.00331 1.16771 4.49589 29.9449 34.5062 34.8515 34.5327 34.5292 34.8453 34.5077 29.9639 5.27847 1.174 1.00234 1.00025 1.00025 1.00237 1.17464 5.27721 29.5009 30.0185 5.76097 1.44599 1.44599 5.76097 30.0185 29.5009 2.52288 1.08385 1.22442 1.00821 1.00817 1.22349 1.08385 2.70081 1.0486 1.00781 1.00024 1 1 1.00024 1.00781 
1.1671 1.00198 0.999934 0.999986 0.999987 0.999974 1.00308 1.17839 4.53435 1.17444 1.0028 0.999977 0.999991 1.00329 1.16732 4.48607 29.8312 34.3485 34.7274 34.4246 34.4164 34.712 34.3428 29.8479 5.36042 1.30297 1.13982 1.13516 1.13458 1.13924 1.30302 5.35894 29.4179 29.951 5.83535 1.56438 1.56438 5.83535 29.951 29.4179 2.52168 1.0842 1.22434 1.00821 1.00816 1.22342 1.0842 2.69893 1.0486 1.00781 1.00022 0.999984 0.999984 1.00022 1.00781 
1.15985 1.00189 0.999964 1.00001 1.00001 1 1.00294 1.17103 4.27999 1.1603 1.00258 1 1.00002 1.00301 1.15408 4.25215 27.2618 31.1277 31.8609 31.6225 31.6211 31.8539 31.1264 27.2899 7.0607 3.67606 3.32559 3.3074 3.31053 3.32862 3.6797 7.06526 27.516 28.3089 7.68504 3.94424 3.94424 7.68504 28.3089 27.516 2.47688 1.11734 1.21745 1.00759 1.00761 1.21672 1.11734 2.63497 1.0468 1.00762 1.00024 1.00001 1.00001 1.00024 1.00762 
1.00049 1 1 1 1 1 1 1.00033 1.02788 1.00014 0.999994 1 1 0.999998 1.00015 1.03626 4.86617 5.52186 5.47832 5.40504 5.57584 5.65575 5.6761 4.99133 1.17752 1.0253 1.01993 1.02055 1.01956 1.01893 1.02415 1.17554 4.36967 4.87706 1.32797 1.06463 1.06463 1.32797 4.87706 4.36967 1.03628 1.00095 1.00427 1.00005 1.00005 1.004 1.00095 1.03314 1.00038 1.00005 0.999999 1 1 1 1.00005 
1 0.999985 0.999987 0.999987 0.999987 0.999987 0.999986 1 1.0005 0.999979 0.999987 0.999987 0.999987 0.999986 0.999978 1.00066 1.17218 1.20231 1.19722 1.18879 1.19538 1.20548 1.20601 1.17509 1.018 1.01694 1.0178 1.01681 1.01681 1.0178 1.01695 1.018 1.15589 1.18197 1.00233 0.995493 0.995493 1.00233 1.18197 1.15589 1.00038 0.999982 1.00003 0.999981 0.999982 1.00003 0.999982 1.00038 1 0.999983 0.999987 0.999987 0.999987 0.999987 0.999983 
1.00001 1 1 1 1 1 1 1.00001 1 0.999987 1 1 1 1 0.999987 1 1.00215 1.00255 1.00249 1.00228 1.00222 1.00256 1.00255 1.00215 1.00066 1.0006 1.00063 1.0006 1.00059 1.00062 1.0006 1.00066 1.00284 1.00311 0.999907 0.999826 0.999826 0.999907 1.00311 1.00284 1 0.999985 0.999991 1 1 0.999991 0.999985 1 1.00001 1 1 1 1 1 1 
1.00001 0.999998 1 1 1 1 0.999998 1.00001 1 0.999987 1 1 1 1 0.999987 1 1.00002 0.999988 1 0.999996 0.999994 1 0.999988 1.00002 1.00001 0.999985 1 0.999999 0.999999 1 0.999985 1.00001 1.00003 1 1.00001 1 1 1.00001 1 1.00003 1 0.999987 1 1 1 1 0.999987 1 1.00001 0.999998 1 1 1 1 0.999998 
1.00001 0.999998 1 1 1 1 0.999998 1.00001 1 0.999987 1 1 1 1 0.999987 1 1.00002 0.999988 1 0.999996 0.999996 1 0.999988 1.00002 1.00001 0.999985 1 0.999999 0.999999 1 0.999985 1.00001 1.00003 1 1.00001 1 1 1.00001 1 1.00003 1 0.999987 1 1 1 1 0.999987 1 1.00001 0.999998 1 1 1 1 0.999998 
1.00001 1 1 1 1 1 1 1.00001 1 0.999987 1 1 1 1 0.999987 1 1.00215 1.00255 1.00249 1.00228 1.00228 1.00249 1.00255 1.00215 1.00066 1.0006 1.00062 1.00059 1.0006 1.00063 1.0006 1.00066 1.00284 1.00311 0.999906 0.999826 0.999826 0.999907 1.00311 1.00284 1 0.999985 0.999991 1 1 0.999991 0.999985 1 1.00001 1 1 1 1 1 1 
1 0.999986 0.999987 0.999987 0.999987 0.999987 0.999986 1 1.0005 0.999979 0.999986 0.999987 0.999987 0.999986 0.999979 1.0005 1.17218 1.20231 1.19722 1.18879 1.18879 1.19722 1.20231 1.17218 1.018 1.01695 1.0178 1.01681 1.01681 1.0178 1.01695 1.018 1.15748 1.18309 1.00194 0.995218 0.995493 1.00233 1.18197 1.15589 1.00038 0.999982 1.00003 0.999982 0.999981 1.00003 0.999983 1.00038 1 0.999983 0.999987 0.999987 0.999987 0.999987 0.999984 
1.00033 1 1 1 1 1 1 1.00033 1.02788 1.00014 0.999998 1 1 0.999998 1.00014 1.02788 4.86617 5.52186 5.47832 5.40504 5.40504 5.47832 5.52186 4.86617 1.17554 1.02415 1.01893 1.01956 1.02055 1.01993 1.02415 1.17554 4.21371 4.71981 1.30665 1.05931 1.06463 1.32797 4.87706 4.36967 1.03314 1.00095 1.004 1.00005 1.00005 1.00427 1.00122 1.03628 1.00038 1.00005 1 1 1 0.999999 1.00005 
1.00003 1.00001 1.00001 1.00001 1.00001 1.00001 1.00001 1.00003 1.00053 1 1.00001 1.00001 1.00001 1.00001 1 1.00053 1.12043 1.12659 1.12732 1.11358 1.11358 1.12732 1.12659 1.12043 0.987075 0.983433 0.983594 0.984099 0.984099 0.983594 0.983433 0.987075 1.09859 1.11647 1.0084 1.00454 1.00454 1.00843 1.11787 1.09992 1.00053 1 1.00005 1.00001 1.00001 1.00005 1 1.00053 1.00003 1.00001 1.00001 1.00001 1.00001 1.00001 1.00001 
1.00001 0.999997 0.999998 0.999998 0.999998 0.999998 0.999997 1.00001 0.999995 0.999984 1 0.999998 0.999998 1 0.999984 0.999995 1.00173 1.00179 1.00155 1.00133 1.00133 1.00155 1.00179 1.00173 0.999728 0.999665 0.999685 0.999695 0.999695 0.999685 0.999665 0.999728 1.00108 1.00125 1.00013 1.00011 1.00011 1.00013 1.00126 1.00109 0.999997 0.999984 0.999992 0.999998 0.999998 0.999992 0.999984 0.999997 1.00001 0.999997 0.999998 0.999998 0.999998 0.999998 0.999997 
1.00001 0.999998 1 1 1 1 0.999998 1.00001 1 0.999987 1 1 1 1 0.999987 1 1.00002 0.999993 1 0.999998 0.999998 1 0.999993 1.00002 1.00002 0.999995 1.00001 1.00001 1.00001 1.00001 0.999995 1.00002 1.00002 0.999984 1 0.999999 0.999999 1 0.999984 1.00002 1 0.999987 1 1 1 1 0.999987 1 1.00001 0.999998 1 1 1 1 0.999998 
1.00001 0.999998 1 1 1 1 0.999998 1.00001 1 0.999987 1 1 1 1 0.999987 1 1.00001 0.999982 0.999998 0.999998 0.999998 0.999998 0.999982 1.00001 1.00001 0.999987 1 1 1 1 0.999987 1.00001 1.00001 0.999985 1 1 1 1 0.999985 1.00001 1 0.999987 1 1 1 1 0.999987 1 1.00001 0.999998 1 1 1 1 0.999998 
0 0 0 0 1 1 0.999998 1.00001 1 0.999987 1 1 1 1 0.999987 1 1.00001 0.999982 0.999998 0.999998 0.999998 0.999999 0.999983 1.00001 1.00001 0.999987 1 1 1 1 0.999987 1.00001 1.00001 0.999985 1 1 1 1 0.999985 1.00001 1 0.999987 1 1 1 1 0.999987 1 1.00001 0.999998 1 1 0 0 0 
0 0 0 0 1 1 0.999998 1.00001 1 0.999987 1 1 1 1 0.999987 1 1.00002 0.999993 1 0.999998 0.999997 1 0.999991 1.00002 1.00002 0.999995 1.00001 1.00001 1.00001 1.00001 0.999995 1.00002 1.00002 0.999984 1 0.999999 0.999999 1 0.999984 1.00002 1 0.999987 1 1 1 1 0.999987 1 1.00001 0.999998 1 1 0 0 0 
0 0 0 0 0.999998 0.999998 0.999997 1.00001 0.999995 0.999984 1 0.999998 0.999998 1 0.999984 0.999996 1.00173 1.00179 1.00155 1.00133 1.00128 1.00144 1.00171 1.00162 0.999745 0.999684 0.999703 0.999712 0.999695 0.999685 0.999665 0.999728 1.00109 1.00126 1.00013 1.00011 1.00011 1.00013 1.00125 1.00108 0.999997 0.999984 0.999992 0.999998 0.999998 0.999992 0.999984 0.999997 1.00001 0.999997 0.999998 0.999998 0 0 0 
