0 0 0 0 0.999971 1.00166 1.02991 1.31808 2.13195 1.37476 1.06177 1.00723 1.00727 1.06208 1.37603 2.13895 3.49275 4.05275 4.33475 4.34164 4.33246 4.32032 4.0358 3.48412 4.40541 5.73551 7.75914 9.45436 9.4525 7.7603 5.72496 4.37902 2.55224 2.63687 2.01001 1.60568 1.60141 1.99987 2.62256 2.53365 1.43794 1.16465 1.03489 1.00416 1.00416 1.0358 1.16629 1.43806 1.15747 1.02085 1.0017 1.00011 0 0 0 
0 0 0 0 0.999949 1.00029 1.00357 1.04139 1.15941 1.03899 1.00448 1.00017 1.00017 1.0045 1.03912 1.16034 1.43471 1.54517 1.60472 1.59869 1.59708 1.60203 1.542 1.43391 1.93613 3.37499 5.23308 5.7317 5.69714 5.2029 3.34201 1.92396 1.36485 1.40474 1.17135 1.06961 1.07038 1.17269 1.40717 1.36556 1.04996 1.01624 1.00271 1.00013 1.00013 1.00279 1.01652 1.05012 1.01779 1.00183 1.00005 0.999967 0 0 0 
0 0 0 0 0.999993 0.999982 1.0002 1.00284 1.01119 1.00187 1.00004 0.999907 0.999907 1.00004 1.00187 1.01126 1.03927 1.05125 1.05731 1.05498 1.05483 1.05702 1.05089 1.03931 1.18682 1.81649 2.94619 2.72494 2.70091 2.90515 1.7991 1.18365 1.0477 1.05451 1.01796 1.00487 1.00497 1.01825 1.05524 1.04805 1.0033 1.00083 1.00012 0.999962 0.999962 1.00013 1.00085 1.00331 1.00132 1.00006 0.999968 0.999997 0 0 0 
0 0 0 0 1 0.99999 0.999961 1.0002 1.0002 0.999813 0.999943 0.999995 0.999995 0.999943 0.999813 1.0002 1.00158 1.00189 1.00233 1.00219 1.00219 1.00231 1.00187 1.0016 1.02427 1.19575 1.61907 1.51251 1.5047 1.60475 1.19155 1.02377 1.00411 1.0045 1.00126 1.00019 1.0002 1.00129 1.00459 1.00416 1.00005 0.999859 0.999967 0.999996 0.999996 0.999966 0.999861 1.00005 1.00008 0.999968 0.999997 1 0 0 0 
1.0002 0.999961 0.99999 1 1 0.99999 0.999961 1.0002 1.0002 0.999813 0.999943 0.999995 0.999995 0.999943 0.999813 1.0002 1.0016 1.00187 1.00231 1.00219 1.00219 1.00231 1.00187 1.0016 1.02427 1.19575 1.61907 1.51251 1.51251 1.61907 1.19575 1.02427 1.00416 1.00459 1.00129 1.0002 1.0002 1.00129 1.00459 1.00416 1.00005 0.999861 0.999966 0.999996 0.999996 0.999966 0.999861 1.00005 1.00008 0.999968 0.999997 1 1 0.999997 0.999968 
1.00284 1.0002 0.999982 0.999993 0.999993 0.999982 1.0002 1.00284 1.01126 1.00187 1.00004 0.999907 0.999907 1.00004 1.00187 1.01126 1.03931 1.05089 1.05702 1.05483 1.05483 1.05702 1.05089 1.03931 1.18682 1.81649 2.94619 2.72494 2.72494 2.94619 1.81649 1.18682 1.04805 1.05524 1.01825 1.00497 1.00497 1.01825 1.05524 1.04805 1.00331 1.00085 1.00013 0.999962 0.999962 1.00013 1.00085 1.00331 1.00132 1.00006 0.999968 0.999997 0.999997 0.999968 1.00006 
1.04139 1.00357 1.00029 0.999949 0.999949 1.00029 1.00357 1.04139 1.16034 1.03912 1.0045 1.00017 1.00017 1.0045 1.03912 1.16034 1.43391 1.542 1.60203 1.59708 1.59708 1.60203 1.542 1.43391 1.93613 3.37499 5.23308 5.7317 5.7317 5.23308 3.37499 1.93613 1.36556 1.40717 1.17269 1.07038 1.07038 1.17269 1.40717 1.36556 1.05012 1.01652 1.00279 1.00013 1.00013 1.00279 1.01652 1.05012 1.01779 1.00183 1.00005 0.999967 0.999967 1.00005 1.00183 
1.31808 1.02991 1.00166 0.999971 0.999971 1.00166 1.02991 1.31808 2.13895 1.37603 1.06208 1.00727 1.00727 1.06208 1.37603 2.13895 3.48412 4.0358 4.32032 4.33246 4.33246 4.32032 4.0358 3.48412 4.40541 5.73551 7.75914 9.45436 9.45436 7.75914 5.73551 4.40541 2.53365 2.62256 1.99987 1.60141 1.60141 1.99987 2.62256 2.53365 1.43806 1.16629 1.0358 1.00416 1.00416 1.0358 1.16629 1.43806 1.15747 1.02085 1.0017 1.00011 1.00011 1.0017 1.02085 
2.78805 1.43917 1.06111 1.00416 1.00423 1.06182 1.44402 2.80475 4.68362 2.61465 1.41615 1.07631 1.07631 1.41615 2.65301 4.74256 8.06988 9.48402 10.1016 10.1985 10.0412 9.93969 9.41742 8.02992 8.30883 8.92731 10.4199 12.6368 12.5859 10.3508 8.85681 8.26635 6.25687 6.57121 6.05753 5.17134 5.30762 6.13834 6.61746 6.30261 2.7912 1.86219 1.22716 1.04837 1.04837 1.22716 1.86219 2.7912 1.70722 1.09437 1.00597 1.00004 1.00004 1.00597 1.09437 
1.60525 1.12768 1.01262 1.00044 1.00044 1.01255 1.12717 1.60389 2.14731 1.3933 1.06319 1.00705 1.00705 1.06319 1.39634 2.14663 3.43612 3.94322 4.20947 4.21484 4.22682 4.22258 3.96288 3.4558 4.67134 6.04359 6.86472 7.76015 7.76727 6.85909 6.06058 4.7172 2.69774 2.75989 2.36747 1.86952 1.87318 2.3462 2.71804 2.66769 1.39999 1.13132 1.01941 1.00239 1.00239 1.01941 1.13132 1.39999 1.12229 1.01207 1.00042 0.999854 0.999854 1.00042 1.01207 
1.1033 1.01694 1.00112 0.999906 0.999905 1.00111 1.01689 1.10323 1.17194 1.04329 1.00433 1.00004 1.00004 1.00433 1.04381 1.1725 1.46406 1.56982 1.61791 1.60503 1.60506 1.61793 1.57405 1.46758 2.2875 3.85606 4.67238 4.35537 4.404 4.72929 3.92721 2.33189 1.38015 1.38663 1.24442 1.10187 1.10241 1.24108 1.37678 1.37591 1.04541 1.00992 1.00031 0.999911 0.999911 1.00031 1.00992 1.04541 1.01155 1.00078 0.999958 0.999985 0.999985 0.999958 1.00078 
1.01147 1.00139 0.999912 0.999969 0.999969 0.999911 1.00139 1.01147 1.01504 1.00227 0.999922 0.999909 0.999909 0.999922 1.00231 1.01516 1.05483 1.07151 1.07624 1.07118 1.07119 1.07624 1.0724 1.05549 1.31847 2.29248 3.23964 2.49464 2.52773 3.34539 2.3528 1.33157 1.06017 1.06238 1.02859 1.00633 1.00628 1.02792 1.05996 1.05928 1.00285 1.00003 0.999984 0.999998 0.999998 0.999984 1.00003 1.00285 1.00075 0.999943 0.999977 1 1 0.999977 0.999943 
1.01147 1.00139 0.999911 0.999969 0.999969 0.999911 1.00139 1.01147 1.01516 1.00231 0.999928 0.999909 0.999909 0.999922 1.00231 1.01516 1.05483 1.07151 1.07624 1.07118 1.07118 1.07624 1.07151 1.05483 1.33157 2.3528 3.34539 2.52773 2.52773 3.34539 2.3528 1.33157 1.05928 1.05996 1.02792 1.00628 1.00619 1.02743 1.05889 1.06017 1.00285 1.00004 0.999985 0.999999 0.999998 0.999984 1.00003 1.00285 1.00075 0.999943 0.999977 1 1 0.999977 0.999943 
1.10323 1.01689 1.00111 0.999905 0.999905 1.00111 1.01689 1.10323 1.1725 1.04381 1.00438 1.00005 1.00004 1.00433 1.04381 1.1725 1.46406 1.56982 1.61791 1.60503 1.60503 1.61791 1.56982 1.46406 2.33189 3.92721 4.72929 4.404 4.404 4.72929 3.92721 2.33189 1.37591 1.37678 1.24108 1.10241 1.10167 1.23868 1.37266 1.38015 1.0454 1.01001 1.00033 0.999907 0.999911 1.00031 1.00992 1.04541 1.01155 1.00078 0.999958 0.999985 0.999985 0.999956 1.00077 
1.60389 1.12717 1.01255 1.00044 1.00044 1.01255 1.12717 1.60389 2.14663 1.39634 1.06367 1.00713 1.00705 1.06319 1.39634 2.14663 3.43612 3.94322 4.20947 4.21484 4.21484 4.20947 3.94322 3.43612 4.7172 6.06058 6.85909 7.76727 7.76727 6.85909 6.06058 4.7172 2.66769 2.71804 2.3462 1.87318 1.86984 2.33826 2.70678 2.69774 1.40023 1.13243 1.01982 1.00234 1.00239 1.01941 1.13132 1.39999 1.12229 1.01207 1.00042 0.999854 0.999853 1.0004 1.01193 
2.80475 1.44402 1.06182 1.00423 1.00423 1.06182 1.44402 2.80475 4.74256 2.65301 1.42236 1.07794 1.07631 1.41615 2.65301 4.74256 8.06988 9.48402 10.1016 10.1985 10.1985 10.1016 9.48402 8.06988 8.26635 8.85681 10.3508 12.5859 12.5859 10.3508 8.85681 8.26635 6.30261 6.61746 6.13834 5.30762 5.298 6.12244 6.60158 6.25687 2.80165 1.87064 1.22976 1.04935 1.04837 1.22716 1.86219 2.7912 1.70722 1.09437 1.00597 1.00004 1.00003 1.00585 1.09408 
7.29608 2.90098 1.36553 1.03984 1.03984 1.36553 2.90098 7.29608 12.8147 7.44463 3.32512 1.76856 1.76856 3.32512 7.44463 12.8147 19.0808 22.6926 24.0818 24.2519 24.2519 24.0818 22.6926 19.0808 15.0459 16.3487 18.0029 20.0582 20.2167 18.1597 16.4892 15.1504 11.2128 11.6534 11.0949 10.2879 10.2484 11.1082 11.6699 11.2579 7.17072 5.02792 2.75229 1.65375 1.66132 2.77724 5.08954 7.24494 4.92272 2.11134 1.16463 1.01283 1.01266 1.16273 2.09921 
8.54156 3.33642 1.46539 1.05581 1.05581 1.46539 3.33642 8.54156 14.3798 8.8819 4.09394 2.10947 2.10947 4.09394 8.8819 14.3798 20.0227 24.9456 26.7832 27.3728 27.3728 26.7832 24.9456 20.0227 13.9489 15.1548 17.4833 20.0787 20.1173 17.4836 15.1196 13.9109 11.1699 11.263 10.0743 8.69545 8.75868 10.0923 11.2779 11.2186 6.25286 4.18886 2.25764 1.37584 1.37068 2.24182 4.17266 6.25136 3.74311 1.64521 1.08772 1.00575 1.00555 1.0861 1.63788 
6.96698 2.77556 1.32454 1.03491 1.03491 1.32454 2.77556 6.96698 11.9205 7.17785 3.25007 1.73616 1.73616 3.25007 7.17785 11.9205 16.8651 21.3408 22.8907 23.2818 23.2818 22.8907 21.3408 16.8651 11.8992 13.9654 17.1347 19.8467 19.882 17.1447 13.9237 11.8635 9.04614 9.30961 7.73031 5.9657 6.01741 7.73099 9.3076 9.08077 4.4847 3.00463 1.72872 1.18605 1.18281 1.71719 2.98817 4.48438 2.5577 1.31012 1.0375 1.00207 1.00192 1.03627 1.30378 
5.53249 2.24829 1.18558 1.01486 1.01486 1.18558 2.24829 5.53249 9.09858 5.08883 2.14976 1.25401 1.25401 2.14976 5.08883 9.09858 13.8525 17.6326 18.6374 18.8369 18.8369 18.6374 17.6326 13.8525 9.71247 13.8037 18.527 20.4954 20.5129 18.5445 13.7698 9.69626 7.02278 7.58044 5.57496 3.51245 3.5342 5.56967 7.56994 7.04245 3.02422 1.9152 1.24621 1.04076 1.0401 1.24314 1.90709 3.02443 1.68585 1.09441 1.00674 1.00016 1.00013 1.00646 1.09246 
5.54839 2.24888 1.18531 1.01477 1.01486 1.18558 2.24829 5.53249 9.08238 5.09125 2.14842 1.25377 1.25401 2.14976 5.08883 9.09858 13.8525 17.6326 18.6374 18.8369 18.8631 18.6922 17.6936 13.8761 9.69626 13.7698 18.5445 20.5129 20.5129 18.5445 13.7698 9.69626 7.07405 7.60937 5.57069 3.51245 3.51245 5.57069 7.58525 7.06327 3.02443 1.90709 1.24314 1.0401 1.04076 1.24314 1.90709 3.02443 1.68585 1.09441 1.00674 1.00016 1.00016 1.00674 1.09441 
7.00625 2.77898 1.32408 1.03462 1.03491 1.32454 2.77556 6.96698 11.8994 7.18225 3.25063 1.7363 1.73616 3.25007 7.17785 11.9205 16.8651 21.3408 22.8907 23.2818 23.2645 22.8752 21.3365 16.8406 11.8635 13.9237 17.1447 19.882 19.882 17.1447 13.9237 11.8635 9.13582 9.38706 7.73705 5.9657 5.9657 7.73705 9.34793 9.11818 4.48438 2.98817 1.71719 1.18281 1.18605 1.71719 2.98817 4.48438 2.5577 1.31012 1.0375 1.00207 1.00207 1.0375 1.31012 
8.59214 3.34113 1.46482 1.05535 1.05581 1.46539 3.33642 8.54156 14.3567 8.88714 4.09381 2.10943 2.10947 4.09394 8.8819 14.3798 20.0227 24.9456 26.7832 27.3728 27.3765 26.7884 24.9534 19.9936 13.9109 15.1196 17.4836 20.1173 20.1173 17.4836 15.1196 13.9109 11.2646 11.3639 10.0993 8.69545 8.69545 10.0993 11.3307 11.2559 6.25136 4.17266 2.24182 1.37068 1.37584 2.24182 4.17266 6.25136 3.74311 1.64521 1.08772 1.00575 1.00575 1.08772 1.64521 
7.3622 2.91341 1.36651 1.03972 1.03984 1.36553 2.90098 7.29608 12.7744 7.44914 3.32498 1.76855 1.76856 3.32512 7.44463 12.8147 19.0808 22.6926 24.0818 24.2519 24.2214 24.1502 22.7656 19.1433 15.1504 16.4892 18.1597 20.2167 20.2167 18.1597 16.4892 15.1504 11.4485 11.8696 11.1998 10.2879 10.2879 11.1998 11.7894 11.3835 7.24494 5.08954 2.77724 1.66132 1.65375 2.77724 5.08954 7.24494 4.92272 2.11134 1.16463 1.01283 1.01283 1.16463 2.11134 
10.2429 3.96927 1.63316 1.07951 1.07859 1.62802 3.94828 10.1854 18.1207 9.74652 3.78721 1.80855 1.82861 3.85352 9.73071 18.1884 27.0509 30.411 31.5633 31.8302 31.8297 31.5623 30.3498 27.0451 25.5803 27.4613 28.8995 29.6939 29.6939 28.8995 27.4613 25.5803 22.9197 24.0975 24.5142 24.2629 24.2629 24.5142 24.5263 23.1981 16.8052 14.233 9.34779 5.34777 5.34777 9.34779 14.233 16.8052 11.1317 4.37117 1.69257 1.08848 1.08848 1.69257 4.37117 
11.9701 4.54621 1.78078 1.1056 1.10435 1.77462 4.52284 11.902 20.2462 11.205 4.33637 2.01704 2.04293 4.413 11.1744 20.2715 29.1957 32.3069 33.6696 33.9749 33.9758 33.6722 32.3375 29.3321 28.0953 28.7938 29.9396 31.2647 31.2647 29.9396 28.7938 28.0953 27.6547 29.7628 30.6625 30.7737 30.7737 30.6625 29.8548 27.5604 18.4369 16.0115 10.6653 6.07951 6.07951 10.6653 16.0115 18.4369 12.3385 4.71681 1.76696 1.09463 1.09463 1.76696 4.71681 
12.575 4.74742 1.82939 1.11198 1.11067 1.82294 4.72313 12.5055 21.5183 11.9583 4.58324 2.09521 2.1233 4.66691 11.9401 21.5564 30.621 33.3131 34.4734 34.726 34.7276 34.4771 33.3417 30.7658 30.0474 30.2406 31.2275 32.4705 32.4705 31.2275 30.2406 30.0474 29.6972 32.1605 33.478 33.808 33.808 33.478 32.2689 29.6021 19.7279 17.3905 11.5479 6.48021 6.48021 11.5479 17.3905 19.7279 13.2271 5.01619 1.83425 1.10312 1.10312 1.83425 5.01619 
12.5555 4.669 1.78007 1.09778 1.09699 1.77621 4.6544 12.5109 22.03 11.8686 4.51686 2.01896 2.03689 4.56554 11.8496 22.081 31.3372 33.6812 34.6713 34.8798 34.8807 34.6732 33.6917 31.4472 31.3418 31.6266 32.4753 33.4402 33.4402 32.4753 31.6266 31.3418 30.3488 32.8533 34.1813 34.5408 34.5408 34.1813 32.9065 30.2796 20.4824 18.1787 11.8149 6.43957 6.43957 11.8149 18.1787 20.4824 13.72 5.13383 1.85274 1.10312 1.10312 1.85274 5.13383 
12.5109 4.6544 1.77621 1.09699 1.09699 1.77621 4.6544 12.5109 22.081 11.8496 4.56554 2.03689 2.03689 4.56554 11.8496 22.081 31.3372 33.6812 34.6713 34.8798 34.8798 34.6713 33.6812 31.3372 31.3309 31.6182 32.4755 33.4485 33.4402 32.4753 31.6266 31.3418 30.2146 32.9353 34.1942 34.546 34.528 34.1942 32.9353 30.2146 20.4665 18.153 11.834 6.45998 6.48192 11.8149 18.1787 20.4824 13.72 5.13383 1.85274 1.10312 1.10348 1.85444 5.14285 
12.5055 4.72313 1.82294 1.11067 1.11067 1.82294 4.72313 12.5055 21.5564 11.9401 4.66691 2.1233 2.1233 4.66691 11.9401 21.5564 30.621 33.3131 34.4734 34.726 34.726 34.4734 33.3131 30.621 30.0239 30.2247 31.2277 32.4884 32.4705 31.2275 30.2406 30.0474 29.5354 32.3158 33.503 33.8192 33.7863 33.503 32.3158 29.5354 19.7067 17.3479 11.5747 6.51464 6.55102 11.5479 17.3905 19.7279 13.2271 5.01619 1.83425 1.10312 1.10364 1.83666 5.0283 
11.902 4.52284 1.77462 1.10435 1.10435 1.77462 4.52284 11.902 20.2715 11.1744 4.413 2.04293 2.04293 4.413 11.1744 20.2715 29.1957 32.3069 33.6696 33.9749 33.9749 33.6696 32.3069 29.1957 28.0695 28.7708 29.9449 31.2865 31.2647 29.9396 28.7938 28.0953 27.5072 29.9015 30.686 30.7819 30.7549 30.686 29.9015 27.5072 18.4183 15.9659 10.6932 6.11392 6.15335 10.6653 16.0115 18.4369 12.3385 4.71681 1.76696 1.09463 1.09515 1.76931 4.72794 
10.1854 3.94828 1.62802 1.07859 1.07859 1.62802 3.94828 10.1854 18.1884 9.73071 3.85352 1.82861 1.82861 3.85352 9.73071 18.1884 27.0509 30.411 31.5633 31.8302 31.8302 31.5633 30.411 27.0509 25.673 27.5969 29.0391 29.8032 29.6939 28.8995 27.4613 25.5803 23.2532 24.6502 24.6395 24.3902 23.9403 24.6395 24.6502 23.2532 16.8514 14.2396 9.41376 5.3971 5.44623 9.34779 14.233 16.8052 11.1317 4.37117 1.69257 1.08848 1.08948 1.69749 4.39491 
7.86356 2.89037 1.34568 1.03559 1.03559 1.34568 2.90571 7.9059 15.7568 7.1909 2.702 1.36726 1.36726 2.702 7.1909 15.7568 28.2818 31.954 33.7081 34.1221 34.1221 33.7081 31.954 28.2818 31.9972 34.0226 34.4612 34.3374 34.3526 34.4672 34.0375 32.0341 27.6903 30.7038 31.4152 31.4732 31.52 31.458 30.7321 27.6919 19.4348 16.0595 11.2092 6.85277 6.86012 11.2387 16.1267 19.3975 12.9696 5.69923 2.16524 1.22586 1.22586 2.16523 5.69932 
6.34468 2.26921 1.20067 1.01678 1.01678 1.20067 2.28233 6.38169 13.9195 5.77586 2.14929 1.20268 1.20268 2.14929 5.77586 13.9195 27.9343 32.1028 34.0742 34.5782 34.5782 34.0742 32.1028 27.9343 32.7206 34.3202 34.6777 34.6632 34.6609 34.6772 34.3237 32.7465 29.474 32.3374 33.3034 33.5277 33.5164 33.287 32.3104 29.4434 21.5766 17.7743 12.2859 7.36903 7.36952 12.2873 17.7965 21.4834 13.6055 5.80811 2.19832 1.23665 1.23663 2.19827 5.80797 
5.81348 2.06659 1.15683 1.01213 1.01213 1.15683 2.07799 5.84738 13.2518 5.27487 1.96909 1.15952 1.15952 1.96909 5.27487 13.2518 27.7983 32.1419 34.183 34.7197 34.7197 34.183 32.1419 27.7983 33.1108 34.4267 34.7732 34.8423 34.8423 34.7736 34.43 33.1361 30.2637 33.2495 34.335 34.59 34.5877 34.327 33.2304 30.2352 22.3419 18.2965 12.3568 7.37979 7.37969 12.3559 18.312 22.2435 14.0319 5.87899 2.20857 1.23403 1.23402 2.2085 5.87873 
5.55354 1.95168 1.12441 1.0083 1.0083 1.12441 1.9584 5.57244 13.1011 5.10624 1.88609 1.1301 1.1301 1.88609 5.10624 13.1011 27.887 32.2128 34.216 34.7473 34.7473 34.216 32.2128 27.887 33.3055 34.485 34.8156 34.9123 34.9122 34.8157 34.4864 33.3207 30.5775 33.5501 34.6149 34.8379 34.8363 34.61 33.5383 30.5597 22.7047 18.4845 12.0024 7.25255 7.25271 12.0019 18.4932 22.628 14.5226 5.86179 2.1612 1.20168 1.20166 2.16112 5.86159 
5.57244 1.9584 1.12441 1.0083 1.0083 1.12441 1.95168 5.55354 12.998 5.10299 1.88093 1.12859 1.1301 1.88609 5.10624 13.1011 27.887 32.2128 34.216 34.7473 34.7473 34.2162 32.2316 27.9012 33.3207 34.4864 34.8157 34.9122 34.9122 34.8157 34.485 33.3055 30.5597 33.5383 34.61 34.8363 34.8363 34.61 33.5383 30.5597 22.628 18.4932 12.0019 7.25271 7.25255 12.0024 18.4845 22.7047 14.5226 5.86179 2.1612 1.20168 1.20168 2.1612 5.86179 
5.84738 2.07799 1.15683 1.01213 1.01213 1.15683 2.06659 5.81348 13.1382 5.26019 1.95939 1.15664 1.15952 1.96909 5.27487 13.2518 27.7983 32.1419 34.183 34.7197 34.7199 34.1835 32.1696 27.8288 33.1361 34.43 34.7736 34.8423 34.8423 34.7736 34.4267 33.1108 30.2352 33.2304 34.327 34.5877 34.5877 34.327 33.2304 30.2352 22.2435 18.312 12.3559 7.37969 7.37979 12.3568 18.2965 22.3419 14.0319 5.87899 2.20857 1.23403 1.23403 2.20857 5.87899 
6.38169 2.28233 1.20067 1.01678 1.01678 1.20067 2.26921 6.34468 13.801 5.75559 2.13704 1.1992 1.20268 2.14929 5.77586 13.9195 27.9343 32.1028 34.0742 34.5782 34.5789 34.075 32.1316 27.9679 32.7465 34.3237 34.6772 34.6609 34.6609 34.6772 34.3202 32.7206 29.4434 32.3104 33.287 33.5164 33.5164 33.287 32.3104 29.4434 21.4834 17.7965 12.2873 7.36952 7.36903 12.2859 17.7743 21.5766 13.6055 5.80811 2.19832 1.23665 1.23665 2.19832 5.80811 
7.9059 2.90571 1.34568 1.03559 1.03559 1.34568 2.89037 7.86356 15.6372 7.16217 2.68508 1.36244 1.36726 2.702 7.1909 15.7568 28.2818 31.954 33.7081 34.1221 34.1183 33.7002 31.9862 28.3228 32.0341 34.0375 34.4672 34.3526 34.3526 34.4672 34.0226 31.9972 27.6919 30.7321 31.458 31.52 31.52 31.458 30.7321 27.6919 19.3975 16.1267 11.2387 6.86012 6.85277 11.2092 16.0595 19.4348 12.9696 5.69923 2.16524 1.22586 1.22586 2.16524 5.69923 
9.53356 3.53072 1.48589 1.05699 1.05699 1.48589 3.53072 9.53356 17.4424 8.58797 3.27812 1.56053 1.56053 3.27812 8.58797 17.4424 29.7799 32.4554 33.92 34.3539 34.3539 33.92 32.6076 29.7337 30.5359 33.2875 33.905 33.6427 33.6102 33.8851 33.2517 30.51 25.2404 29.6098 30.8516 31.2207 31.2207 30.8516 29.6098 25.2404 12.9958 10.5701 8.91926 7.35485 7.38781 8.89238 10.4667 12.6472 8.53271 5.08013 2.40821 1.39053 1.39047 2.38932 5.06508 
10.929 4.06286 1.62763 1.08041 1.08041 1.62763 4.06286 10.929 19.7945 10.1543 3.89158 1.77225 1.77225 3.89158 10.1543 19.7945 31.5418 33.4588 34.4729 34.7302 34.7302 34.4729 33.5729 31.4714 31.7084 33.7037 34.2603 34.2997 34.2989 34.2566 33.6947 31.7254 27.9676 32.1889 33.4909 33.658 33.658 33.4909 32.1889 27.9676 15.1137 12.996 11.5606 10.4741 10.5812 11.5708 12.9306 14.8552 10.0074 6.12099 2.9223 1.58164 1.58151 2.88904 6.08509 
11.5517 4.32313 1.68893 1.08885 1.08885 1.68893 4.32313 11.5517 20.596 10.6314 4.04968 1.82168 1.82168 4.04968 10.6314 20.596 32.2655 33.9195 34.7125 34.895 34.895 34.7125 34.0145 32.1988 32.4671 33.9859 34.4715 34.6081 34.6069 34.4684 33.9795 32.4804 29.2551 33.1142 34.388 34.638 34.638 34.388 33.1142 29.2551 16.9033 14.5083 12.7895 11.2401 11.332 12.7957 14.4353 16.6402 11.2969 6.89113 3.19789 1.67133 1.67123 3.16171 6.85108 
11.5924 4.31657 1.67707 1.08319 1.08319 1.67707 4.31657 11.5924 20.8036 10.7569 4.07383 1.81261 1.81261 4.07383 10.7569 20.8036 32.5353 34.0584 34.7804 34.9323 34.9323 34.7804 34.116 32.4512 32.9071 34.2275 34.6292 34.7829 34.7822 34.6276 34.2243 32.9175 29.8301 33.3874 34.605 34.8506 34.8506 34.605 33.3874 29.8301 18.6805 15.5921 12.8787 10.1334 10.1948 12.8846 15.5405 18.5226 12.4079 6.65496 2.80208 1.50304 1.50305 2.7846 6.62234 
11.5804 4.30439 1.67423 1.0826 1.08319 1.67707 4.31657 11.5924 20.8036 10.7569 4.07383 1.81261 1.81182 4.06758 10.7402 20.8732 32.4977 34.0962 34.7719 34.9294 34.9294 34.7719 34.0584 32.5353 32.9175 34.2243 34.6276 34.7822 34.7822 34.6276 34.2243 32.9175 29.9179 33.3725 34.6019 34.8495 34.8495 34.6019 33.3725 29.9179 18.3966 15.4952 12.8835 10.2519 10.1334 12.8787 15.5921 18.6805 12.4079 6.65496 2.7846 1.50305 1.50304 2.80208 6.65496 
11.5256 4.30603 1.68483 1.08797 1.08885 1.68893 4.32313 11.5517 20.596 10.6314 4.04968 1.82168 1.8206 4.03957 10.6143 20.6629 32.2389 33.9833 34.6948 34.8897 34.8897 34.6948 33.9195 32.2655 32.4804 33.9795 34.4684 34.6069 34.6069 34.4684 33.9795 32.4804 29.3628 33.0996 34.3833 34.6363 34.6363 34.3833 33.0996 29.3628 16.4719 14.3685 12.7931 11.4229 11.2401 12.7895 14.5083 16.9033 11.2969 6.89113 3.16171 1.67123 1.67133 3.19789 6.89113 
10.9015 4.04664 1.6237 1.07958 1.08041 1.62763 4.06286 10.929 19.7945 10.1543 3.89158 1.77225 1.77105 3.88057 10.1369 19.8582 31.5112 33.5339 34.4487 34.7238 34.7238 34.4487 33.4588 31.5418 31.7254 33.6947 34.2566 34.2989 34.2989 34.2566 33.6947 31.7254 28.0775 32.1734 33.4868 33.6628 33.6628 33.4868 32.1734 28.0775 14.6897 12.8665 11.5619 10.6542 10.4741 11.5606 12.996 15.1137 10.0074 6.12099 2.88904 1.58151 1.58164 2.9223 6.12099 
9.49424 3.51371 1.48221 1.05632 1.05699 1.48589 3.53072 9.53356 17.4424 8.58797 3.27812 1.56053 1.55868 3.26682 8.5654 17.486 29.7734 32.565 33.8832 34.3337 34.3337 33.8832 32.4554 29.7799 30.51 33.2517 33.8851 33.6102 33.6102 33.8851 33.2517 30.51 25.2859 29.5175 30.7567 31.1391 31.1391 30.7567 29.5175 25.2859 12.4774 10.3917 8.8746 7.44179 7.35485 8.91926 10.5701 12.9958 8.53271 5.08013 2.38932 1.39047 1.39053 2.40821 5.08013 
6.4716 2.35913 1.20124 1.01578 1.01588 1.20174 2.36114 6.48707 13.679 6.24135 2.27433 1.25184 1.2552 2.28787 6.28506 13.7069 26.0647 30.3489 32.5346 33.213 33.213 32.5346 30.3489 26.0647 24.3018 26.6505 27.0641 27.0518 27.0518 27.0641 26.6505 24.3018 18.9307 23.4887 24.4124 24.1084 24.1084 24.4124 23.4887 18.9307 8.7782 6.25321 3.69311 2.06825 2.00485 3.6943 6.24702 8.78962 5.18847 2.42502 1.28734 1.04246 1.04398 1.29524 2.42502 
5.88289 2.07338 1.13881 1.00912 1.00928 1.14008 2.08089 5.921 13.1782 5.71278 2.07249 1.19798 1.20114 2.08411 5.74693 13.1771 26.6132 31.1001 33.2793 34.074 34.074 33.2793 31.1001 26.6132 25.1611 28.0641 29.1494 29.84 29.84 29.1494 28.0641 25.1611 19.3621 25.6595 28.8346 29.9661 29.9661 28.8346 25.6595 19.3621 7.23498 4.39223 2.19573 1.25207 1.24756 2.2357 4.4682 7.30398 3.99925 1.73786 1.10293 1.00845 1.00858 1.10403 1.73786 
5.64653 1.98253 1.12216 1.0076 1.00774 1.12333 1.98964 5.68327 13.0039 5.50946 1.99334 1.17787 1.18079 2.00367 5.54217 13.0028 26.8733 31.4322 33.6733 34.4856 34.4856 33.6733 31.4322 26.8733 25.9935 29.3372 30.7134 31.5503 31.5503 30.7134 29.3372 25.9935 19.5482 27.1181 31.1868 32.7293 32.7293 31.1868 27.1181 19.5482 5.65676 2.93664 1.45156 1.04251 1.03928 1.46808 2.9965 5.74145 2.8101 1.35708 1.03635 1.0018 1.00185 1.03694 1.35708 
5.51899 1.93106 1.10748 1.00614 1.0062 1.10805 1.93487 5.54238 12.9266 5.33746 1.92683 1.14835 1.14992 1.93269 5.35791 12.9256 27.0011 31.4893 33.8557 34.5885 34.5885 33.8557 31.4893 27.0011 26.779 30.4046 31.84 32.7803 32.7803 31.84 30.4046 26.779 19.7158 28.0793 32.3024 33.666 33.666 32.3024 28.0793 19.7158 4.95619 2.36777 1.22489 1.00834 1.00614 1.22932 2.40642 5.03782 2.30524 1.21654 1.01796 1.00051 1.00053 1.0182 1.21654 
5.54238 1.93487 1.10805 1.0062 1.0062 1.10805 1.93487 5.54238 13.0948 5.21467 1.93269 1.14992 1.14835 1.92683 5.33746 12.9266 27.0744 31.5051 33.9182 34.6166 34.6166 33.8557 31.4893 27.0011 26.8257 30.413 31.84 32.7804 32.7803 31.84 30.4046 26.779 19.7158 28.0793 32.3024 33.666 33.6399 32.2442 28.0267 19.7438 5.03782 2.40642 1.22932 1.00614 1.00834 1.22489 2.36777 4.95619 2.31458 1.21654 1.0182 1.00053 1.00051 1.01796 1.21483 
5.68327 1.98964 1.12333 1.00774 1.00774 1.12333 1.98964 5.68327 13.1489 5.32975 2.00367 1.18079 1.17787 1.99334 5.50946 13.0039 26.9012 31.4654 33.776 34.5301 34.5301 33.6733 31.4322 26.8733 26.0684 29.3569 30.7131 31.5503 31.5503 30.7134 29.3372 25.9935 19.5482 27.1181 31.1868 32.7293 32.684 31.09 27.0343 19.5868 5.74145 2.9965 1.46808 1.03928 1.04251 1.45156 2.93664 5.65676 2.82584 1.35708 1.03694 1.00185 1.0018 1.03635 1.35353 
5.921 2.08089 1.14008 1.00928 1.00928 1.14008 2.08089 5.921 13.3129 5.52823 2.08411 1.20114 1.19798 2.07249 5.71278 13.1782 26.6143 31.1385 33.385 34.1259 34.1259 33.2793 31.1001 26.6132 25.2271 28.0781 29.1505 29.8406 29.84 29.1494 28.0641 25.1611 19.3621 25.6595 28.8346 29.9661 29.957 28.7722 25.5667 19.3824 7.30398 4.4682 2.2357 1.24756 1.25207 2.19573 4.39223 7.23498 4.01273 1.73786 1.10403 1.00858 1.00845 1.10293 1.73302 
6.48707 2.36114 1.20174 1.01588 1.01588 1.20174 2.36114 6.48707 13.6473 6.00199 2.28787 1.2552 1.25184 2.27433 6.24135 13.679 26.0014 30.3496 32.464 33.1051 33.1051 32.5346 30.3489 26.0647 24.2075 26.5024 27.0622 27.0508 27.0518 27.0641 26.6505 24.3018 18.9307 23.4887 24.4124 24.1084 23.921 24.2276 23.2914 18.8184 8.78962 6.24702 3.6943 2.00485 2.06825 3.69311 6.25321 8.7782 5.2217 2.42502 1.29524 1.04398 1.04246 1.28734 2.39831 
4.12516 1.63533 1.08116 1.00574 1.00574 1.08116 1.62895 4.10045 9.0853 3.75758 1.56604 1.07717 1.07716 1.56595 3.74958 8.96304 20.4014 26.1871 28.3449 28.8046 28.8046 28.3449 26.1871 20.4014 14.4732 13.1499 12.5554 12.387 12.387 12.5554 13.1499 14.4732 14.6095 18.3943 15.7639 12.904 12.904 15.7639 18.3943 14.6095 6.42708 4.02694 1.93697 1.2084 1.20576 1.91896 4.02694 6.34628 2.87984 1.30221 1.02369 1.00077 1.00074 1.02335 1.30136 
4.09003 1.62216 1.08228 1.00607 1.00607 1.08228 1.61738 4.07993 9.31725 3.81964 1.55176 1.07232 1.07231 1.55173 3.81239 9.30259 21.2724 28.7079 31.314 31.935 31.935 31.314 28.7079 21.2724 13.5733 10.7946 8.76345 7.69633 7.69633 8.76345 10.7946 13.5733 14.2816 18.0581 13.8935 9.10851 9.10851 13.8935 18.0581 14.2816 5.94086 3.2816 1.58318 1.13501 1.1336 1.57601 3.2816 5.90326 2.67335 1.28156 1.027 1.00134 1.00135 1.02693 1.28009 
4.09211 1.61567 1.08041 1.00601 1.00601 1.08041 1.61112 4.08308 9.4103 3.84513 1.55322 1.07188 1.07189 1.55324 3.83819 9.38924 21.7082 29.9189 32.8284 33.531 33.531 32.8284 29.9189 21.7082 12.2349 8.37674 5.83236 4.27888 4.27888 5.83236 8.37674 12.2349 14.2491 17.8473 12.9865 7.40277 7.40277 12.9865 17.8473 14.2491 5.94402 3.18337 1.5477 1.13422 1.13292 1.54278 3.18337 5.91097 2.66687 1.28706 1.02854 1.00155 1.00156 1.02847 1.28555 
4.03417 1.57773 1.06669 1.00429 1.00429 1.06669 1.57511 4.02927 9.44374 3.81354 1.52894 1.06204 1.06205 1.52898 3.80775 9.426 21.7862 30.242 33.1982 33.9235 33.9235 33.1982 30.242 21.7862 10.7228 5.92195 3.56099 2.41558 2.41558 3.56099 5.92195 10.7228 14.3152 17.7677 12.6938 6.93516 6.93516 12.6938 17.7677 14.3152 5.9979 3.07309 1.50199 1.11406 1.11329 1.49901 3.07309 5.96617 2.684 1.28676 1.02668 1.00135 1.00136 1.02669 1.28607 
4.02927 1.57511 1.06607 1.0042 1.00429 1.06669 1.57511 4.02927 9.426 3.80775 1.52898 1.06205 1.06204 1.52894 3.81354 9.38197 21.7805 30.2528 33.1982 33.9235 33.9271 33.2022 30.2528 21.7805 10.727 5.9183 3.55968 2.41516 2.41558 3.56099 5.92195 10.7228 14.2868 17.7683 12.6938 6.93516 6.93725 12.697 17.7683 14.2868 5.96617 3.06755 1.49901 1.11329 1.11406 1.50199 3.07309 5.9979 2.684 1.28607 1.02669 1.00136 1.00135 1.02668 1.28676 
4.08308 1.61112 1.07929 1.00584 1.00601 1.08041 1.61112 4.08308 9.38924 3.83819 1.55324 1.07189 1.07188 1.55322 3.84513 9.34359 21.6967 29.9354 32.8284 33.531 33.5348 32.8284 29.9354 21.6967 12.2395 8.3703 5.83018 4.27804 4.27888 5.83236 8.37674 12.2349 14.2157 17.8531 12.9865 7.40277 7.40994 12.9967 17.8531 14.2157 5.91097 3.17286 1.54278 1.13292 1.13422 1.5477 3.18337 5.94402 2.66687 1.28555 1.02847 1.00156 1.00155 1.02854 1.28706 
4.07993 1.61738 1.08112 1.0059 1.00607 1.08228 1.61738 4.07993 9.30259 3.81239 1.55173 1.07231 1.07232 1.55176 3.81964 9.25464 21.2633 28.7245 31.314 31.935 31.9481 31.3176 28.7245 21.2633 13.577 10.7876 8.76089 7.69594 7.69633 8.76345 10.7946 13.5733 14.246 18.0739 13.8935 9.10851 9.126 13.9165 18.0739 14.246 5.90326 3.26632 1.57601 1.1336 1.13501 1.58318 3.2816 5.94086 2.67335 1.28009 1.02693 1.00135 1.00134 1.027 1.28156 
4.10045 1.62895 1.07997 1.00559 1.00574 1.08116 1.62895 4.10045 8.96304 3.74958 1.56595 1.07716 1.07717 1.56604 3.75758 8.91301 20.3027 26.0919 28.3449 28.8046 28.6515 28.1967 26.0919 20.3027 14.3556 12.9724 12.3728 12.2318 12.387 12.5554 13.1499 14.4732 14.5354 18.3581 15.7639 12.904 12.9373 15.8182 18.3581 14.5354 6.34628 3.98048 1.91896 1.20576 1.2084 1.93697 4.02694 6.42708 2.87984 1.30136 1.02335 1.00074 1.00077 1.02369 1.30221 
1.32993 1.04524 1.0041 1.00023 1.00024 1.00408 1.04487 1.32463 2.44747 1.30447 1.03041 1.00176 1.00187 1.03135 1.30439 2.44858 9.34972 12.6807 13.4582 13.8474 14.1329 13.7429 12.9064 9.62573 5.39164 3.88234 3.28247 3.34565 3.34621 3.28335 3.88339 5.39206 7.45739 9.51291 7.53996 5.88958 5.88936 7.5394 9.51238 7.44731 2.47788 1.57852 1.14818 1.01963 1.01885 1.14372 1.565 2.4596 1.36473 1.03957 1.00248 1.00001 1.00001 1.00252 1.04014 
1.06729 1.0077 1.00055 0.999844 0.999846 1.00056 1.00779 1.06764 1.30601 1.04505 1.00307 0.999854 0.999854 1.00308 1.04503 1.30597 3.55441 4.83939 5.50745 5.67137 5.59887 5.42433 4.77499 3.56573 2.20633 1.57834 1.38579 1.42885 1.42893 1.38589 1.57843 2.20647 3.29502 3.92154 2.92466 2.06698 2.06729 2.93098 3.93951 3.31159 1.31001 1.09063 1.01763 1.00127 1.00127 1.01765 1.09018 1.31016 1.06354 1.00558 1.00018 0.999837 0.999837 1.00017 1.00552 
1.00666 1.00059 0.999946 0.999979 0.999979 0.999947 1.0006 1.00669 1.03205 1.00314 0.999966 0.999948 0.999948 0.999967 1.00314 1.03206 1.49065 1.8067 2.01205 2.04146 2.01983 1.98679 1.78906 1.48783 1.18025 1.06473 1.03618 1.04212 1.04212 1.03618 1.06473 1.18028 1.64518 1.73608 1.36083 1.1185 1.11917 1.36458 1.74473 1.65428 1.03354 1.00602 1.00069 0.999908 0.999909 1.00068 1.0059 1.03354 1.00559 1.00036 0.999941 0.999989 0.999989 0.999941 1.00035 
1.0005 0.999936 0.999976 1 1 0.999976 0.999936 1.00051 1.00187 0.999893 0.999948 1 1 0.999947 0.999893 1.00187 1.06115 1.11507 1.15247 1.15547 1.15069 1.14712 1.11129 1.05989 1.01709 1.0057 1.00353 1.00384 1.00384 1.00353 1.00569 1.0171 1.14554 1.15325 1.05171 1.00748 1.00757 1.05254 1.15586 1.14815 1.00269 0.999863 0.999898 0.999983 0.999983 0.999898 0.999845 1.00269 1.00026 0.999916 0.999984 1 1 0.999985 0.999916 
1.00051 0.999936 0.999976 1 1 0.999976 0.999936 1.00051 1.00187 0.999893 0.999948 1 1 0.999948 0.999893 1.00187 1.06115 1.11507 1.15247 1.15547 1.15547 1.15247 1.11507 1.06115 1.0171 1.00569 1.00353 1.00384 1.00384 1.00353 1.00569 1.0171 1.14815 1.15586 1.05254 1.00757 1.00748 1.05171 1.15325 1.14554 1.00269 0.999845 0.999898 0.999983 0.999983 0.999898 0.999845 1.00269 1.00025 0.999916 0.999985 1 1 0.999984 0.999916 
1.00669 1.0006 0.999947 0.999979 0.999979 0.999947 1.0006 1.00669 1.03205 1.00314 0.999966 0.999948 0.999948 0.999966 1.00314 1.03205 1.49065 1.8067 2.01205 2.04146 2.04146 2.01205 1.8067 1.49065 1.18028 1.06473 1.03618 1.04212 1.04212 1.03618 1.06473 1.18028 1.65428 1.74473 1.36458 1.11917 1.1185 1.36083 1.73608 1.64518 1.03354 1.0059 1.00068 0.999909 0.999906 1.00069 1.0059 1.03354 1.00547 1.00035 0.999941 0.999989 0.999989 0.999941 1.00036 
1.06764 1.00779 1.00056 0.999846 0.999846 1.00056 1.00779 1.06764 1.30601 1.04505 1.00307 0.999854 0.999854 1.00307 1.04505 1.30601 3.55441 4.83939 5.50745 5.67137 5.67137 5.50745 4.83939 3.55441 2.20647 1.57843 1.38589 1.42893 1.42893 1.38589 1.57843 2.20647 3.31159 3.93951 2.93098 2.06729 2.06698 2.92466 3.92154 3.29502 1.31016 1.09018 1.01765 1.00127 1.00124 1.01763 1.09018 1.31016 1.06299 1.00552 1.00017 0.999837 0.999837 1.00018 1.00558 
1.32463 1.04487 1.00408 1.00024 1.00024 1.00408 1.04487 1.32463 2.44747 1.30447 1.03041 1.00176 1.00176 1.03041 1.30447 2.44747 9.34972 12.6807 13.4582 13.8474 13.8474 13.4582 12.6807 9.34972 5.39206 3.88339 3.28335 3.34621 3.34621 3.28335 3.88339 5.39206 7.44731 9.51238 7.5394 5.88936 5.88958 7.53996 9.51291 7.45739 2.4596 1.565 1.14372 1.01885 1.01885 1.14818 1.565 2.4596 1.36913 1.04014 1.00252 1.00001 1.00001 1.00248 1.03957 
1.03991 1.00519 1.00054 1.00006 1.00006 1.00054 1.00519 1.03991 1.27283 1.03685 1.00293 1.00012 1.00012 1.00293 1.03685 1.27283 3.84351 5.50208 5.78254 5.86732 5.86732 5.78254 5.50208 3.84351 2.40849 1.7847 1.61814 1.42986 1.42986 1.61814 1.7847 2.40849 3.33888 3.9743 2.87258 1.99845 1.99958 2.88175 3.99785 3.36622 1.37329 1.07881 1.01375 1.00133 1.00137 1.01403 1.07881 1.37329 1.05737 1.00531 1.00041 1.00004 1.00004 1.00041 1.00531 
1.00302 1.00028 0.999968 0.999987 0.999987 0.999968 1.00028 1.00302 1.03161 1.0031 1.00007 0.999942 0.999942 1.00007 1.0031 1.03161 1.88779 2.60644 2.85967 2.6475 2.6475 2.85967 2.60644 1.88779 1.30447 1.12895 1.09511 1.05199 1.05199 1.09511 1.12895 1.30447 1.45772 1.55785 1.27113 1.10514 1.1049 1.27217 1.56229 1.46331 1.05336 1.00851 1.00075 0.999895 0.999896 1.00075 1.00851 1.05336 1.00741 1.00056 0.999964 0.999982 0.999982 0.999964 1.00056 
1.00007 0.999964 0.99999 1 1 0.99999 0.999964 1.00007 1.00279 1.00009 0.999948 0.999992 0.999992 0.999948 1.00009 1.00279 1.1943 1.38783 1.47172 1.37212 1.37212 1.47172 1.38783 1.1943 1.04296 1.01273 1.00797 1.00339 1.00339 1.00797 1.01273 1.04296 1.05038 1.05819 1.02005 1.00589 1.00585 1.02015 1.05889 1.05139 1.00497 1.00052 0.9999 0.999959 0.999959 0.999899 1.00052 1.00497 1.00077 0.999972 0.99998 0.999999 0.999999 0.99998 0.999972 
1.00005 0.999989 1 1 1 1 0.999989 1.00005 1.00006 0.999863 0.999992 1 1 0.999992 0.999863 1.00006 1.02649 1.06265 1.08281 1.05636 1.05636 1.08281 1.06265 1.02649 1.00353 1.00059 1.00035 1.00012 1.00012 1.00035 1.00059 1.00353 1.00242 1.00253 1.00046 1.00005 1.00004 1.00046 1.00259 1.00255 1.00026 0.999842 0.999979 1 1 0.999979 0.999842 1.00026 1.00006 0.999981 0.999999 1 1 0.999999 0.999981 
0 0 0 0 1 1 0.999989 1.00005 1.00006 0.999863 0.999992 1 1 0.999992 0.999863 1.00008 1.02649 1.06265 1.08281 1.05636 1.05539 1.08111 1.06139 1.02601 1.00347 1.00057 1.00033 1.00011 1.00012 1.00035 1.00059 1.00353 1.00255 1.00259 1.00046 1.00004 1.00005 1.00046 1.00253 1.00242 1.00025 0.999841 0.999979 1 1 0.999979 0.999842 1.00026 1.00006 0.999981 0.999999 1 0 0 0 
0 0 0 0 1 0.99999 0.999964 1.00007 1.00279 1.00009 0.999948 0.999992 0.999992 0.999947 1.00009 1.003 1.1943 1.38783 1.47172 1.37212 1.36686 1.46303 1.38102 1.19147 1.0424 1.01248 1.0078 1.00332 1.00339 1.00797 1.01273 1.04296 1.05139 1.05889 1.02015 1.00585 1.00589 1.02005 1.05819 1.05038 1.00494 1.00051 0.999899 0.999959 0.999959 0.9999 1.00052 1.00497 1.00077 0.999972 0.99998 0.999999 0 0 0 
0 0 0 0 0.999987 0.999968 1.00028 1.00302 1.03161 1.0031 1.00007 0.999942 0.999942 1.00007 1.0031 1.0329 1.88779 2.60644 2.85967 2.6475 2.63194 2.83632 2.58597 1.87832 1.30143 1.12723 1.09371 1.05129 1.05199 1.09511 1.12895 1.30447 1.46331 1.56229 1.27217 1.1049 1.10514 1.27113 1.55785 1.45772 1.05327 1.00844 1.00075 0.999896 0.999895 1.00075 1.00851 1.05336 1.00741 1.00056 0.999964 0.999982 0 0 0 
