0 0 0 0 0.999972 1.00171 1.03057 1.32166 2.13797 1.37813 1.0628 1.00742 1.00746 1.0631 1.37946 2.14502 3.50894 4.06929 4.35142 4.35863 4.35073 4.33817 4.05425 3.50187 4.43421 5.75194 7.76156 9.46177 9.46013 7.76302 5.74192 4.408 2.55907 2.64331 2.02059 1.61628 1.61223 2.01044 2.6289 2.54033 1.44167 1.16756 1.03612 1.00425 1.00425 1.03612 1.16753 1.44168 1.16002 1.02141 1.00176 1.00011 0 0 0 
0 0 0 0 0.999948 1.0003 1.00367 1.04224 1.16139 1.03969 1.0046 1.00018 1.00018 1.00463 1.03983 1.16234 1.44101 1.55207 1.61205 1.60592 1.60435 1.60938 1.54897 1.4403 1.95554 3.40752 5.25467 5.76373 5.7297 5.22536 3.37472 1.94315 1.36914 1.4097 1.17466 1.07157 1.07235 1.17602 1.41214 1.36982 1.05099 1.01675 1.00285 1.00013 1.00013 1.00285 1.01675 1.05098 1.01826 1.00189 1.00006 0.999966 0 0 0 
0 0 0 0 0.999993 0.999982 1.00021 1.00293 1.01145 1.00193 1.00005 0.999905 0.999905 1.00005 1.00193 1.01152 1.04033 1.05247 1.05863 1.05624 1.05608 1.05833 1.0521 1.04038 1.19322 1.8392 2.98209 2.7541 2.72978 2.94061 1.82139 1.18995 1.04877 1.05579 1.01853 1.00508 1.00518 1.01883 1.05653 1.04912 1.00341 1.00087 1.00013 0.999961 0.999961 1.00013 1.00087 1.00341 1.00136 1.00007 0.999967 0.999997 0 0 0 
0 0 0 0 1 0.99999 0.999961 1.00021 1.00021 0.999813 0.999941 0.999995 0.999995 0.999941 0.999814 1.00021 1.00166 1.00197 1.00242 1.00228 1.00227 1.0024 1.00195 1.00167 1.02553 1.2038 1.6382 1.52606 1.5181 1.62344 1.19943 1.02501 1.00425 1.00467 1.00132 1.00021 1.00022 1.00135 1.00477 1.0043 1.00006 0.999861 0.999966 0.999996 0.999996 0.999966 0.999861 1.00006 1.00008 0.999967 0.999997 1 0 0 0 
1.00021 0.999961 0.99999 1 1 0.99999 0.999961 1.00021 1.00021 0.999814 0.999941 0.999995 0.999995 0.999941 0.999814 1.00021 1.00167 1.00195 1.0024 1.00227 1.00228 1.00242 1.00195 1.00167 1.02553 1.2038 1.6382 1.52606 1.52606 1.6382 1.2038 1.02553 1.0043 1.00477 1.00135 1.00022 1.00022 1.00135 1.00477 1.0043 1.00006 0.999861 0.999966 0.999996 0.999996 0.999966 0.999861 1.00006 1.00008 0.999967 0.999997 1 1 0.999997 0.999967 
1.00293 1.00021 0.999982 0.999993 0.999993 0.999982 1.00021 1.00293 1.01152 1.00193 1.00005 0.999905 0.999905 1.00005 1.00193 1.01152 1.04038 1.0521 1.05833 1.05608 1.05624 1.05863 1.0521 1.04038 1.19322 1.8392 2.98209 2.7541 2.7541 2.98209 1.8392 1.19322 1.04912 1.05653 1.01883 1.00518 1.00518 1.01883 1.05653 1.04912 1.00341 1.00087 1.00013 0.999961 0.999961 1.00013 1.00087 1.00341 1.00136 1.00007 0.999967 0.999997 0.999997 0.999967 1.00007 
1.04224 1.00367 1.0003 0.999948 0.999948 1.0003 1.00367 1.04224 1.16234 1.03983 1.00463 1.00018 1.00018 1.00463 1.03983 1.16234 1.4403 1.54897 1.60938 1.60435 1.60592 1.61205 1.54897 1.4403 1.95554 3.40752 5.25467 5.76373 5.76373 5.25467 3.40752 1.95554 1.36982 1.41214 1.17602 1.07235 1.07235 1.17602 1.41214 1.36982 1.05098 1.01675 1.00285 1.00013 1.00013 1.00285 1.01675 1.05098 1.01826 1.00189 1.00006 0.999966 0.999966 1.00006 1.00189 
1.32166 1.03057 1.00171 0.999972 0.999972 1.00171 1.03057 1.32166 2.14502 1.37946 1.0631 1.00746 1.00746 1.0631 1.37946 2.14502 3.50187 4.05425 4.33817 4.35073 4.35863 4.35142 4.05425 3.50187 4.43421 5.75194 7.76156 9.46177 9.46177 7.76156 5.75194 4.43421 2.54033 2.6289 2.01044 1.61223 1.61223 2.01044 2.6289 2.54033 1.44168 1.16753 1.03612 1.00425 1.00425 1.03612 1.16753 1.44168 1.16002 1.02141 1.00176 1.00011 1.00011 1.00176 1.02141 
2.80053 1.44513 1.06244 1.00431 1.00437 1.06315 1.44999 2.81696 4.75951 2.65817 1.41962 1.07768 1.0792 1.42495 2.67443 4.79035 8.10561 9.50733 10.0421 10.1418 10.2154 10.1138 9.50733 8.10561 8.31357 8.92675 10.4239 12.5995 12.559 10.342 8.85704 8.27116 6.25632 6.60122 6.13838 5.34086 5.35031 6.15334 6.61673 6.29969 2.7846 1.85485 1.23724 1.05083 1.05276 1.24198 1.89517 2.84191 1.71297 1.0959 1.0061 1.00005 1.00006 1.00624 1.09616 
1.61098 1.12999 1.01299 1.00047 1.00046 1.01292 1.12947 1.60956 2.15105 1.39811 1.06402 1.00721 1.00727 1.06425 1.39856 2.1502 3.46458 3.97086 4.23063 4.23597 4.22388 4.21341 3.97086 3.46458 4.7048 6.06046 6.8595 7.74475 7.76644 6.86417 6.07655 4.75007 2.70131 2.70865 2.34647 1.88394 1.88719 2.35425 2.71958 2.67174 1.40376 1.13293 1.02088 1.0026 1.00252 1.02078 1.13553 1.40699 1.12394 1.01234 1.00043 0.999854 0.999855 1.00045 1.01248 
1.10535 1.01748 1.00117 0.999906 0.999905 1.00116 1.01743 1.10528 1.17395 1.04422 1.00441 1.00005 1.00005 1.00443 1.04428 1.1739 1.4746 1.58038 1.62469 1.61176 1.60949 1.62116 1.58038 1.4746 2.31893 3.88968 4.72564 4.39607 4.42636 4.75566 3.95974 2.3641 1.38368 1.37479 1.24173 1.10444 1.10518 1.24414 1.37883 1.37927 1.0461 1.0101 1.00041 0.999922 0.999912 1.00039 1.01035 1.04666 1.01181 1.00081 0.999958 0.999984 0.999984 0.99996 1.00082 
1.01184 1.00145 0.999914 0.999968 0.999968 0.999913 1.00145 1.01184 1.01537 1.00235 0.99992 0.999906 0.999906 0.999921 1.00235 1.01536 1.05704 1.07391 1.07784 1.07267 1.07215 1.07707 1.07391 1.05704 1.3313 2.3278 3.33824 2.53251 2.55131 3.39297 2.38956 1.3448 1.06126 1.05963 1.02807 1.00644 1.00653 1.02856 1.06069 1.06035 1.00293 1.00004 0.999988 0.999996 0.999998 0.999985 1.00005 1.003 1.00078 0.999944 0.999976 1 1 0.999976 0.999945 
1.01184 1.00145 0.999913 0.999968 0.999968 0.999913 1.00145 1.01184 1.01536 1.00235 0.999921 0.999906 0.999906 0.99992 1.00235 1.01536 1.05546 1.07215 1.07707 1.07215 1.07267 1.07784 1.07391 1.05704 1.3448 2.38956 3.39297 2.55131 2.55131 3.39297 2.38956 1.3448 1.06035 1.06069 1.02856 1.00653 1.00644 1.02807 1.05963 1.06126 1.003 1.00005 0.999985 0.999998 0.999996 0.999988 1.00005 1.003 1.00078 0.999944 0.999976 1 1 0.999976 0.999944 
1.10528 1.01743 1.00116 0.999905 0.999905 1.00116 1.01743 1.10528 1.1739 1.04428 1.00443 1.00005 1.00005 1.00441 1.04428 1.1739 1.46617 1.57205 1.62116 1.60949 1.61176 1.62469 1.58038 1.4746 2.3641 3.95974 4.75566 4.42636 4.42636 4.75566 3.95974 2.3641 1.37927 1.37883 1.24414 1.10518 1.10444 1.24173 1.37479 1.38368 1.04666 1.01035 1.00039 0.999912 0.999922 1.00041 1.01026 1.04666 1.01181 1.00081 0.999958 0.999984 0.999984 0.999958 1.00081 
1.60956 1.12947 1.01292 1.00046 1.00046 1.01292 1.12947 1.60956 2.1502 1.39856 1.06425 1.00727 1.00721 1.06402 1.39856 2.1502 3.43158 3.94024 4.21341 4.22388 4.23597 4.23063 3.97086 3.46458 4.75007 6.07655 6.86417 7.76644 7.76644 6.86417 6.07655 4.75007 2.67174 2.71958 2.35425 1.88719 1.88394 2.34647 2.70865 2.70131 1.40699 1.13553 1.02078 1.00252 1.0026 1.02088 1.13443 1.40671 1.12394 1.01234 1.00043 0.999854 0.999854 1.00043 1.01234 
2.81696 1.44999 1.06315 1.00437 1.00437 1.06315 1.44999 2.81696 4.79035 2.67443 1.42495 1.0792 1.07768 1.41962 2.67443 4.79035 8.10852 9.55747 10.1138 10.2154 10.1418 10.0421 9.50733 8.10561 8.27116 8.85704 10.342 12.559 12.559 10.342 8.85704 8.27116 6.29969 6.61673 6.15334 5.35031 5.34086 6.13838 6.60122 6.25632 2.84191 1.89517 1.24198 1.05276 1.05083 1.23724 1.88763 2.83273 1.71297 1.0959 1.0061 1.00005 1.00005 1.0061 1.0959 
7.23103 2.89505 1.36909 1.04051 1.04051 1.36909 2.89505 7.23103 12.8515 7.44229 3.33168 1.77555 1.77555 3.33168 7.44229 12.8515 19.1174 22.7487 23.9635 24.2776 24.3696 24.2 22.7487 19.1174 15.0398 16.3595 18.1588 20.0588 20.0588 18.1588 16.3595 15.0398 11.1533 11.5837 11.0615 10.308 10.2713 11.0741 11.5997 11.196 7.14741 5.01022 2.75786 1.66033 1.67092 2.78956 5.09933 7.2194 4.93873 2.12283 1.16762 1.01321 1.01321 1.16762 2.12283 
8.48401 3.33686 1.46899 1.05659 1.05659 1.46899 3.33686 8.48401 14.3682 8.86307 4.09646 2.11765 2.11765 4.09646 8.86307 14.3682 20.035 24.9076 26.7298 27.3305 27.3369 26.7509 24.9076 20.035 13.9272 15.164 17.4796 20.0596 20.0596 17.4796 15.164 13.9272 11.115 11.1925 10.0598 8.76063 8.82151 10.0781 11.2068 11.1627 6.26069 4.20191 2.27435 1.38405 1.37227 2.23658 4.15495 6.25896 3.75861 1.65378 1.08971 1.00595 1.00595 1.08971 1.65378 
6.93128 2.78002 1.32788 1.03548 1.03548 1.32788 2.78002 6.93128 11.9218 7.16643 3.25285 1.74202 1.74202 3.25285 7.16643 11.9218 16.8959 21.3571 22.8742 23.291 23.2792 22.8927 21.3571 16.8959 11.917 14.0042 17.166 19.8454 19.8454 17.166 14.0042 11.917 9.003 9.25671 7.72122 6.01897 6.06993 7.72281 9.25436 9.03701 4.49627 3.01851 1.74058 1.19084 1.18383 1.71519 2.98001 4.49505 2.56752 1.31465 1.03844 1.00216 1.00216 1.03844 1.31465 
5.53104 2.25961 1.18888 1.01526 1.01526 1.18888 2.25961 5.53104 9.11731 5.09582 2.15909 1.25823 1.25823 2.15909 5.09582 9.11731 13.8448 17.5847 18.6559 18.8419 18.8669 18.6636 17.5847 13.8448 9.76503 13.8887 18.595 20.5207 20.5207 18.595 13.8887 9.76503 7.00646 7.56197 5.58256 3.54691 3.56866 5.5777 7.5513 7.02612 3.04155 1.92708 1.2517 1.0422 1.04084 1.24557 1.9101 3.04162 1.69444 1.09663 1.007 1.00017 1.00017 1.007 1.09663 
5.54744 2.25999 1.18887 1.01526 1.01526 1.18888 2.25961 5.53104 9.10242 5.10789 2.16413 1.26016 1.25823 2.15909 5.09582 9.11731 13.8448 17.5847 18.6636 18.8669 18.8669 18.6636 17.6286 13.8708 9.74907 13.8551 18.5944 20.538 20.5207 18.595 13.8887 9.76503 7.03698 7.57492 5.58399 3.54799 3.54691 5.58256 7.56197 7.00646 3.04162 1.9101 1.24557 1.04084 1.0422 1.2517 1.91812 3.04155 1.69444 1.09663 1.007 1.00017 1.00019 1.00728 1.09864 
6.97117 2.78314 1.32786 1.03548 1.03548 1.32788 2.78002 6.93128 11.9004 7.19161 3.27158 1.74989 1.74202 3.25285 7.16643 11.9218 16.8959 21.3571 22.8927 23.2792 23.2792 22.8927 21.3166 16.8627 11.8817 13.9626 17.1652 19.8803 19.8454 17.166 14.0042 11.917 9.05506 9.29348 7.72786 6.01849 6.01897 7.72122 9.25671 9.003 4.49505 2.98001 1.71519 1.18383 1.19084 1.74058 2.99679 4.49627 2.56752 1.31465 1.03844 1.00216 1.00231 1.0397 1.32115 
8.53552 3.34108 1.46897 1.05659 1.05659 1.46899 3.33686 8.48401 14.3432 8.89287 4.12131 2.12927 2.11765 4.09646 8.86307 14.3682 20.035 24.9076 26.7509 27.3369 27.3369 26.7509 24.8738 19.983 13.8899 15.129 17.4796 20.0978 20.0596 17.4796 15.164 13.9272 11.1717 11.24 10.0672 8.74916 8.76063 10.0598 11.1925 11.115 6.25896 4.15495 2.23658 1.37227 1.38405 2.27435 4.1701 6.26069 3.75861 1.65378 1.08971 1.00595 1.00616 1.09136 1.66132 
7.29785 2.90711 1.36909 1.04051 1.04051 1.36909 2.89505 7.23103 12.7495 7.4449 3.34297 1.78164 1.77555 3.33168 7.44229 12.8515 19.1174 22.7487 24.2 24.3696 24.3696 24.2 22.5685 18.9837 15.1474 16.5001 18.1638 20.2162 20.0588 18.1588 16.3595 15.0398 11.2673 11.6882 11.1349 10.2925 10.308 11.0615 11.5837 11.1533 7.2194 5.09933 2.78956 1.67092 1.66033 2.75786 5.0394 7.14741 4.93873 2.12283 1.16762 1.01321 1.01338 1.16955 2.13484 
10.1905 3.9612 1.63462 1.08028 1.07937 1.62958 3.94094 10.1326 18.1564 9.78904 3.88732 1.846 1.83934 3.86616 9.7228 18.2023 27.002 30.3732 31.4781 31.7361 31.869 31.5894 30.3898 27.0726 25.5903 27.4947 28.9173 29.7017 29.7017 28.9173 27.4977 25.5886 23.0602 24.4194 24.4138 24.1612 24.1612 24.4138 24.4194 23.0602 16.7553 14.1809 9.26821 5.3141 5.31403 9.26818 14.1798 16.7534 11.1059 4.36264 1.69959 1.09033 1.08935 1.69484 4.36264 
11.907 4.53887 1.78267 1.10658 1.10534 1.77667 4.51666 11.8383 20.2273 11.2502 4.45695 2.06564 2.05511 4.42224 11.1474 20.2739 29.1355 32.2855 33.6702 33.9705 33.9567 33.6391 32.2397 29.1772 28.0577 28.7701 29.9179 31.2396 31.2396 29.9179 28.7697 28.0562 27.5012 29.8346 30.6573 30.7692 30.7692 30.6573 29.8346 27.5012 18.5003 16.0348 10.6333 6.06955 6.06958 10.6334 16.035 18.4986 12.3444 4.72228 1.77426 1.09652 1.09603 1.77209 4.72228 
12.5148 4.74116 1.8318 1.11308 1.11179 1.82552 4.7181 12.4447 21.5073 12.0129 4.71213 2.1472 2.13734 4.68059 11.922 21.5714 30.558 33.2957 34.4755 34.7241 34.719 34.4556 33.2603 30.6097 29.9945 30.1818 31.1781 32.4355 32.4355 31.1781 30.1821 29.9935 29.5292 32.2392 33.4572 33.7937 33.7937 33.4572 32.2392 29.5292 19.7964 17.4079 11.5154 6.47306 6.47305 11.5157 17.4077 19.7942 13.2336 5.02331 1.84241 1.10521 1.10471 1.84021 5.02331 
12.5242 4.67301 1.78479 1.09912 1.09835 1.78111 4.65956 12.4797 22.0324 11.9084 4.59929 2.05631 2.04987 4.58102 11.841 22.1033 31.2824 33.6703 34.6714 34.8788 34.8758 34.6609 33.6444 31.3277 31.2876 31.564 32.4232 33.4051 33.4051 32.4232 31.5639 31.287 30.1976 32.8895 34.1689 34.5317 34.5317 34.1689 32.8895 30.1976 20.5316 18.1746 11.7936 6.44896 6.44899 11.7936 18.1746 20.5296 13.7303 5.14736 1.86149 1.10524 1.1049 1.86002 5.14736 
12.4797 4.65956 1.78111 1.09835 1.09835 1.78111 4.65956 12.4797 22.1033 11.841 4.58102 2.04987 2.05631 4.59929 11.9084 22.0324 31.3277 33.6444 34.6609 34.8758 34.8788 34.6714 33.6444 31.3277 31.287 31.5639 32.4231 33.4053 33.4051 32.4232 31.564 31.2876 30.1751 32.9269 34.1755 34.5346 34.5317 34.1689 32.8895 30.1976 20.4248 18.1427 11.8055 6.46712 6.46934 11.8162 18.1746 20.5316 13.7303 5.14736 1.86002 1.1049 1.10524 1.86149 5.154 
12.4447 4.7181 1.82552 1.11179 1.11179 1.82552 4.7181 12.4447 21.5714 11.922 4.68059 2.13734 2.1472 4.71213 12.0129 21.5073 30.6097 33.2603 34.4556 34.719 34.7241 34.4755 33.2603 30.6097 29.9935 30.1821 31.1782 32.4358 32.4355 31.1781 30.1818 29.9945 29.4807 32.317 33.4709 33.7984 33.7937 33.4572 32.2392 29.5292 19.6671 17.3513 11.5325 6.50458 6.50762 11.5505 17.4079 19.7964 13.2336 5.02331 1.84021 1.10471 1.10521 1.84241 5.03337 
11.8383 4.51666 1.77667 1.10534 1.10534 1.77667 4.51666 11.8383 20.2739 11.1474 4.42224 2.05511 2.06564 4.45695 11.2502 20.2273 29.1772 32.2397 33.6391 33.9567 33.9705 33.6702 32.2397 29.1772 28.0562 28.7697 29.9175 31.2397 31.2396 29.9179 28.7701 28.0577 27.4446 29.8851 30.6607 30.766 30.7692 30.6573 29.8346 27.5012 18.3807 15.9752 10.6463 6.09862 6.10705 10.6739 16.0348 18.5003 12.3444 4.72228 1.77209 1.09603 1.09652 1.77426 4.73168 
10.1326 3.94094 1.62958 1.07937 1.07937 1.62958 3.94094 10.1326 18.2023 9.7228 3.86616 1.83934 1.846 3.88732 9.78904 18.1564 27.0726 30.3898 31.5894 31.869 31.7361 31.4781 30.3898 27.0726 25.5886 27.4977 28.9202 29.7037 29.7017 28.9173 27.4947 25.5903 23.3094 24.7488 24.5289 24.2787 24.1612 24.4138 24.4194 23.0602 16.7444 14.1983 9.33311 5.36163 5.36094 9.33004 14.1809 16.7553 11.1059 4.36264 1.69484 1.08935 1.09033 1.69959 4.38494 
7.88384 2.9056 1.35088 1.03654 1.03712 1.35448 2.9056 7.88384 15.8843 7.2501 2.73386 1.37847 1.36777 2.69436 7.19486 15.5271 28.3729 31.9545 33.6683 34.0931 34.0931 33.6683 31.9545 28.3729 31.9675 34.0118 34.4598 34.3414 34.3424 34.4608 34.028 32.0056 27.683 30.6478 31.4303 31.498 31.5433 31.4718 30.7242 27.6099 19.3939 16.0788 11.2295 6.87433 6.83149 11.1923 16.1366 19.3909 12.9975 5.68522 2.16719 1.22737 1.22993 2.17573 5.71362 
6.37051 2.28296 1.20442 1.01731 1.01773 1.20733 2.28296 6.37051 14.0493 5.82407 2.17316 1.21018 1.20291 2.14664 5.7952 13.7002 28.0504 32.1077 34.0535 34.5685 34.5685 34.0535 32.1077 28.0504 32.6945 34.3119 34.6728 34.6558 34.6557 34.6727 34.3158 32.721 29.4879 32.3445 33.2532 33.4921 33.4805 33.2364 32.2467 29.3436 21.5052 17.7674 12.2852 7.3874 7.33093 12.2407 17.8612 21.538 13.6459 5.78832 2.19645 1.23718 1.24051 2.2077 5.81999 
5.83773 2.07817 1.15968 1.0125 1.01285 1.16211 2.07817 5.83773 13.3782 5.31723 1.98916 1.16557 1.1597 1.96899 5.30221 13.0436 27.9236 32.1498 34.1646 34.711 34.711 34.1646 32.1498 27.9236 33.0871 34.4183 34.7696 34.839 34.8389 34.7696 34.4221 33.1132 30.2794 33.2523 34.3084 34.5755 34.5729 34.2999 33.1903 30.1516 22.2708 18.2873 12.3554 7.39948 7.34639 12.3112 18.3782 22.2988 14.0687 5.86061 2.20709 1.23457 1.23779 2.2179 5.89053 
5.57886 1.96238 1.12675 1.00855 1.00873 1.1281 1.96238 5.57886 13.2118 5.1371 1.90099 1.13418 1.13111 1.89025 5.14189 12.9113 27.9942 32.2131 34.2019 34.7406 34.7406 34.2019 32.2131 27.9942 33.2848 34.4757 34.8115 34.9099 34.9099 34.8115 34.4775 33.3008 30.5876 33.5453 34.6008 34.8309 34.8292 34.5955 33.5134 30.4924 22.6412 18.4686 12.0006 7.27794 7.24707 11.9786 18.5238 22.6593 14.5528 5.8574 2.16462 1.20332 1.20519 2.17115 5.87669 
5.59774 1.96899 1.1281 1.00873 1.00873 1.1281 1.96238 5.57886 12.9113 5.14189 1.89025 1.13111 1.13418 1.90099 5.1371 13.2118 27.9901 32.2301 34.2095 34.7434 34.7406 34.2019 32.2131 27.9942 33.3008 34.4775 34.8115 34.9099 34.9099 34.8115 34.4775 33.3008 30.4924 33.5134 34.5955 34.8292 34.8315 34.5989 33.5091 30.5517 22.6593 18.5238 11.9786 7.24707 7.24707 11.9786 18.5149 22.733 14.5528 5.8574 2.16462 1.20332 1.20332 2.16462 5.8574 
5.87138 2.0895 1.16211 1.01285 1.01285 1.16211 2.07817 5.83773 13.0436 5.30221 1.96899 1.1597 1.16557 1.98916 5.31723 13.3782 27.9163 32.173 34.1765 34.7158 34.711 34.1646 32.1498 27.9236 33.1132 34.4221 34.7696 34.8389 34.8389 34.7696 34.4221 33.1132 30.1516 33.1903 34.2999 34.5729 34.5797 34.3107 33.1928 30.2218 22.2988 18.3782 12.3112 7.34639 7.34639 12.3112 18.363 22.3957 14.0687 5.86061 2.20709 1.23457 1.23457 2.20709 5.86061 
6.4072 2.29601 1.20733 1.01773 1.01773 1.20733 2.28296 6.37051 13.7002 5.7952 2.14664 1.20291 1.21018 2.17316 5.82407 14.0493 28.0426 32.1307 34.0663 34.5726 34.5685 34.0535 32.1077 28.0504 32.721 34.3158 34.6727 34.6557 34.6557 34.6727 34.3158 32.721 29.3436 32.2467 33.2364 33.4805 33.5004 33.2663 32.2694 29.4254 21.538 17.8612 12.2407 7.33093 7.33093 12.2407 17.8391 21.6296 13.6459 5.78832 2.19645 1.23718 1.23718 2.19645 5.78832 
7.92637 2.92094 1.35448 1.03712 1.03712 1.35448 2.9056 7.88384 15.5271 7.19486 2.69436 1.36777 1.37847 2.73386 7.2501 15.8843 28.3872 31.9981 33.6902 34.11 34.0931 33.6683 31.9545 28.3729 32.0056 34.028 34.4608 34.3424 34.3424 34.4608 34.028 32.0056 27.6099 30.7242 31.4718 31.5433 31.5345 31.46 30.7023 27.6779 19.3909 16.1366 11.1923 6.83149 6.83149 11.1923 16.0698 19.4237 12.9975 5.68522 2.16719 1.22737 1.22737 2.16719 5.68522 
9.53833 3.54219 1.49558 1.05891 1.05822 1.49185 3.54211 9.53861 17.359 8.631 3.29177 1.56776 1.56833 3.29649 8.63216 17.431 29.7428 32.6421 33.9377 34.3595 34.3166 33.8535 32.592 29.75 30.4813 33.2445 33.8781 33.6055 33.6055 33.8781 33.2445 30.4813 25.1739 29.6506 30.9026 31.2634 31.2277 30.8746 29.4325 25.2365 12.9669 10.6072 8.9262 7.36788 7.40249 8.90195 10.5056 12.8745 8.56824 5.08601 2.41451 1.39472 1.39442 2.39557 5.08541 
10.9315 4.07392 1.6383 1.08287 1.08202 1.63432 4.07397 10.9329 19.6925 10.1911 3.90524 1.78105 1.78122 3.91151 10.2003 19.7841 31.4485 33.5737 34.4684 34.7274 34.7182 34.4354 33.5499 31.4783 31.6936 33.6818 34.249 34.2914 34.2914 34.249 33.6818 31.6936 27.8267 32.1732 33.4763 33.6409 33.6478 33.477 32.1387 28.065 15.0383 12.9875 11.5353 10.4514 10.5449 11.5468 12.9252 14.9876 10.0157 6.11069 2.9228 1.58608 1.58552 2.8897 6.10984 
11.5563 4.33648 1.70081 1.0916 1.09069 1.69665 4.33655 11.5576 20.4955 10.6701 4.06398 1.831 1.83112 4.07033 10.6778 20.584 32.1903 34.0224 34.7133 34.8945 34.8859 34.6849 33.9986 32.2128 32.4503 33.9653 34.4609 34.6007 34.6007 34.4609 33.9653 32.4503 29.1181 33.1052 34.3846 34.6349 34.6324 34.3783 33.0713 29.355 16.8262 14.5102 12.7787 11.2349 11.3259 12.7871 14.4381 16.7747 11.3063 6.88081 3.20104 1.67716 1.67659 3.16491 6.88003 
11.6023 4.3309 1.68759 1.08553 1.08493 1.68471 4.33096 11.6037 20.7076 10.7925 4.08778 1.82162 1.82147 4.09049 10.7864 20.7912 32.4573 34.1158 34.7802 34.9318 34.9268 34.7656 34.1033 32.4698 32.8904 34.2091 34.6189 34.7771 34.7771 34.6189 34.2091 32.8904 29.7205 33.38 34.6023 34.8489 34.847 34.5974 33.3475 29.907 18.6048 15.5914 12.8743 10.1433 10.2014 12.8799 15.5421 18.5835 12.4178 6.65357 2.80954 1.50916 1.50902 2.79209 6.65268 
11.6037 4.33096 1.68471 1.08493 1.08493 1.68471 4.33096 11.6037 20.7912 10.7864 4.08778 1.82162 1.82162 4.08778 10.7864 20.7912 32.4698 34.1033 34.7656 34.9268 34.9268 34.7656 34.1033 32.4698 32.8899 34.2088 34.6188 34.777 34.7771 34.6189 34.2091 32.8904 29.907 33.3475 34.5974 34.847 34.8489 34.6023 33.38 29.7205 18.5835 15.5421 12.8799 10.2014 10.2041 12.8799 15.5421 18.5835 12.4178 6.65357 2.80954 1.50916 1.50916 2.80954 6.65357 
11.5576 4.33655 1.69665 1.09069 1.09069 1.69665 4.33655 11.5576 20.584 10.6778 4.06398 1.831 1.831 4.06398 10.6778 20.584 32.2128 33.9986 34.6849 34.8859 34.8859 34.6849 33.9986 32.2128 32.45 33.9649 34.4608 34.6007 34.6007 34.4609 33.9653 32.4503 29.355 33.0713 34.3783 34.6324 34.6349 34.3846 33.1052 29.1181 16.7747 14.4381 12.7871 11.3259 11.3273 12.7871 14.4381 16.7747 11.3063 6.88081 3.20104 1.67716 1.67716 3.20104 6.88081 
10.9329 4.07397 1.63432 1.08202 1.08202 1.63432 4.07397 10.9329 19.7841 10.2003 3.90524 1.78105 1.78105 3.90524 10.2003 19.7841 31.4783 33.5499 34.4354 34.7182 34.7182 34.4354 33.5499 31.4783 31.6933 33.6814 34.2489 34.2914 34.2914 34.249 33.6818 31.6936 28.065 32.1387 33.477 33.6478 33.6409 33.4763 32.1732 27.8267 14.9876 12.9252 11.5468 10.5449 10.5599 11.5468 12.9252 14.9876 10.0157 6.11069 2.9228 1.58608 1.58608 2.9228 6.11069 
9.53861 3.54211 1.49185 1.05822 1.05822 1.49185 3.54211 9.53861 17.431 8.63216 3.29177 1.56776 1.56776 3.29177 8.63216 17.431 29.75 32.592 33.8535 34.3166 34.3166 33.8535 32.592 29.75 30.4789 33.2424 33.8771 33.6041 33.6055 33.8781 33.2445 30.4813 25.2365 29.4325 30.8746 31.2277 31.2634 30.9026 29.6506 25.1739 12.8745 10.5056 8.90195 7.40249 7.40199 8.90195 10.5056 12.8745 8.56824 5.08601 2.41451 1.39472 1.39472 2.41451 5.08601 
6.51039 2.37396 1.20492 1.01625 1.01625 1.20492 2.37396 6.51039 13.7072 6.29619 2.29619 1.25906 1.25906 2.29619 5.97791 13.5751 26.1163 30.3242 32.5255 33.218 33.218 32.5255 30.3242 26.1163 24.2744 26.6386 27.0594 27.046 27.0422 27.0555 26.6344 24.2679 19.0061 23.3108 24.2416 23.9522 24.0403 24.33 23.3868 18.9008 8.76318 6.26629 3.7521 2.05838 2.0439 3.72565 6.26629 8.76318 5.23286 2.43551 1.30047 1.04528 1.04528 1.30047 2.43551 
5.94923 2.09384 1.14174 1.00942 1.00942 1.14174 2.09384 5.94923 13.1912 5.76547 2.0936 1.20459 1.20459 2.0936 5.52301 13.2817 26.626 31.039 33.2445 34.0541 34.0541 33.2445 31.039 26.626 25.1206 28.0305 29.1169 29.8094 29.8097 29.1175 28.0309 25.1202 19.3548 25.5356 28.7142 29.9092 29.9397 28.7832 25.5898 19.3831 7.23148 4.46615 2.25234 1.25823 1.25511 2.239 4.46615 7.23148 4.03369 1.74834 1.1066 1.00891 1.00891 1.1066 1.74834 
5.71111 2.0015 1.1247 1.00785 1.00785 1.1247 2.0015 5.71111 13.0169 5.56115 2.01311 1.18388 1.18388 2.01311 5.32642 13.1195 26.8829 31.3755 33.6416 34.4684 34.4684 33.6416 31.3755 26.8829 25.9369 29.2812 30.6684 31.5119 31.512 30.6686 29.2809 25.9357 19.5355 27.0099 31.0506 32.6544 32.6928 31.1221 27.0504 19.5858 5.64926 2.99672 1.4757 1.04287 1.04211 1.47066 2.99672 5.64926 2.84491 1.36314 1.03798 1.00193 1.00193 1.03798 1.36314 
5.56965 1.94569 1.10968 1.00633 1.00633 1.10968 1.94569 5.56965 12.9361 5.37834 1.94215 1.15267 1.15267 1.94215 5.22219 13.0735 26.9989 31.4454 33.8315 34.5765 34.5765 33.8315 31.4454 26.9989 26.7195 30.3395 31.7874 32.7407 32.7409 31.7878 30.3394 26.7177 19.7115 28.0067 32.2155 33.6169 33.6402 32.2518 28.0181 19.7512 4.94073 2.40719 1.23268 1.00754 1.00741 1.23163 2.40719 4.94073 2.32685 1.21986 1.01866 1.00055 1.00055 1.01866 1.21986 
5.59236 1.94985 1.11029 1.0064 1.00633 1.10968 1.94569 5.56965 13.0735 5.22219 1.94215 1.15267 1.1511 1.93558 5.22219 13.0735 26.9047 31.486 33.8483 34.5842 34.5765 33.8315 31.4454 26.9989 26.7177 30.3394 31.7878 32.7409 32.7409 31.7878 30.3394 26.7177 19.7512 28.0181 32.2518 33.6402 33.6402 32.2003 28.0067 19.7115 5.02226 2.41878 1.23384 1.00677 1.00754 1.23268 2.40719 4.94073 2.32685 1.21986 1.01866 1.00055 1.00053 1.01842 1.21985 
5.74714 2.00905 1.12593 1.00798 1.00785 1.1247 2.0015 5.71111 13.1195 5.32642 2.01311 1.18388 1.18111 2.00284 5.32642 13.1195 26.7782 31.4239 33.668 34.4812 34.4684 33.6416 31.3755 26.8829 25.9357 29.2809 30.6686 31.512 31.512 30.6686 29.2809 25.9357 19.5858 27.0504 31.1221 32.6928 32.6928 31.0295 27.0099 19.5355 5.73205 3.01688 1.47766 1.04151 1.04287 1.4757 2.99672 5.64926 2.84491 1.36314 1.03798 1.00193 1.00187 1.0374 1.36309 
5.98664 2.10181 1.14306 1.00958 1.00942 1.14174 2.09384 5.94923 13.2817 5.52301 2.0936 1.20459 1.20171 2.08317 5.52301 13.2817 26.5228 31.0908 33.2718 34.0692 34.0541 33.2445 31.039 26.626 25.1202 28.0309 29.1175 29.8097 29.8097 29.1175 28.0309 25.1202 19.3831 25.5898 28.7832 29.9397 29.9397 28.7216 25.5356 19.3548 7.3 4.49327 2.25367 1.25587 1.25823 2.25234 4.46615 7.23148 4.03369 1.74834 1.1066 1.00891 1.00878 1.1055 1.74833 
6.52483 2.37635 1.20547 1.01635 1.01625 1.20492 2.37396 6.51039 13.5751 5.97791 2.29619 1.25906 1.25604 2.28355 5.97791 13.5751 25.9743 30.3271 32.5096 33.1935 33.218 32.5255 30.3242 26.1163 24.2679 26.6344 27.0555 27.0422 27.0422 27.0555 26.6344 24.2679 18.9008 23.3868 24.33 24.0403 24.0403 24.148 23.3108 19.0061 8.77463 6.25955 3.71152 2.02652 2.05838 3.7521 6.26629 8.76318 5.23286 2.43551 1.30047 1.04528 1.04374 1.29259 2.43514 
4.13971 1.64169 1.08368 1.00604 1.00589 1.08248 1.63526 4.11355 8.96275 3.76622 1.57149 1.07871 1.07933 1.57359 3.76489 8.92707 20.2473 26.0599 28.3032 28.7767 28.7767 28.3032 26.0599 20.2473 14.4567 13.1495 12.5489 12.3902 12.2353 12.3651 13.1435 14.4559 14.5063 18.3346 15.8206 12.9671 12.9671 15.8122 18.2576 14.498 6.30855 4.02216 1.95234 1.21248 1.20825 1.91537 3.94762 6.33248 2.89207 1.30607 1.02421 1.00081 1.00077 1.02386 1.30526 
4.10618 1.6283 1.08474 1.00639 1.00621 1.08356 1.62354 4.09518 9.30155 3.82867 1.55746 1.07375 1.0747 1.56135 3.83827 9.29866 21.2411 28.7106 31.3002 31.9207 31.9207 31.3002 28.7106 21.2411 13.5791 10.8286 8.79684 7.73376 7.73357 8.7944 10.8286 13.581 14.2029 18.0543 13.93 9.17592 9.17592 13.8851 18.0389 14.2411 5.87648 3.29424 1.59153 1.13747 1.13414 1.57583 3.25718 5.91788 2.68696 1.285 1.02747 1.00137 1.00138 1.0274 1.28348 
4.10803 1.62161 1.08277 1.00631 1.00614 1.08164 1.61708 4.09807 9.3895 3.85433 1.5589 1.07329 1.07419 1.56256 3.86316 9.38393 21.6752 29.9198 32.8148 33.5179 33.5179 32.8148 29.9198 21.6752 12.2624 8.44644 5.89281 4.32604 4.3251 5.89018 8.44522 12.2639 14.1659 17.8247 13.0029 7.45195 7.45195 12.9824 17.8175 14.2022 5.88425 3.19743 1.55526 1.1367 1.13293 1.54123 3.16289 5.92466 2.68037 1.29055 1.02905 1.00159 1.0016 1.02898 1.28901 
4.05084 1.58385 1.06847 1.00449 1.0044 1.06785 1.58125 4.04502 9.42496 3.82373 1.53466 1.06331 1.0638 1.53663 3.82888 9.42158 21.7606 30.2347 33.1865 33.9146 33.9146 33.1865 30.2347 21.7606 10.7371 5.98288 3.61346 2.44361 2.44314 3.61195 5.98197 10.739 14.2371 17.7366 12.6984 6.97254 6.97254 12.691 17.7354 14.2654 5.94123 3.08634 1.50789 1.11594 1.11361 1.49893 3.06341 5.97817 2.6959 1.29008 1.02716 1.00138 1.00139 1.02717 1.28936 
4.04502 1.58125 1.06785 1.0044 1.0044 1.06785 1.58125 4.04502 9.42158 3.82888 1.53663 1.0638 1.0638 1.53663 3.82888 9.42158 21.7606 30.2347 33.1865 33.9146 33.9203 33.1888 30.2317 21.7593 10.739 5.98197 3.61195 2.44314 2.44361 3.61346 5.98288 10.7371 14.2654 17.7354 12.7008 6.97581 6.97361 12.6975 17.7353 14.266 5.97817 3.06341 1.49893 1.11361 1.1136 1.4989 3.06063 6.0146 2.6864 1.28936 1.02717 1.00139 1.00138 1.02716 1.29008 
4.09807 1.61708 1.08164 1.00614 1.00614 1.08164 1.61708 4.09807 9.38393 3.86316 1.56256 1.07419 1.07419 1.56256 3.86316 9.38393 21.6752 29.9198 32.8148 33.5179 33.5277 32.8125 29.9148 21.6764 12.2639 8.44522 5.89018 4.3251 4.32604 5.89281 8.44644 12.2624 14.2022 17.8175 13.0046 7.45921 7.45215 12.9942 17.8171 14.2031 5.92466 3.16289 1.54123 1.13293 1.133 1.54159 3.16122 5.9633 2.66602 1.28901 1.02898 1.0016 1.00159 1.02905 1.29055 
4.09518 1.62354 1.08356 1.00621 1.00621 1.08356 1.62354 4.09518 9.29866 3.83827 1.56135 1.0747 1.0747 1.56135 3.83827 9.29866 21.2411 28.7106 31.3002 31.9207 31.9427 31.3036 28.7028 21.2465 13.581 10.8286 8.7944 7.73357 7.73376 8.79684 10.8286 13.5791 14.2411 18.0389 13.9313 9.18333 9.16537 13.9081 18.0386 14.2419 5.91788 3.25718 1.57583 1.13414 1.13471 1.57915 3.25998 5.9584 2.67336 1.28348 1.0274 1.00138 1.00137 1.02747 1.285 
4.11355 1.63526 1.08248 1.00589 1.00589 1.08248 1.63526 4.11355 8.92707 3.76489 1.57359 1.07933 1.07933 1.57359 3.76489 8.92707 20.2473 26.0599 28.3032 28.7767 28.6492 28.191 25.9792 20.2057 14.4559 13.1435 12.3651 12.2353 12.3902 12.5489 13.1495 14.4567 14.498 18.2576 15.7191 12.8831 12.8883 15.7293 18.2567 14.4994 6.33248 3.94762 1.91537 1.20825 1.2084 1.91661 3.95235 6.37102 2.88598 1.30526 1.02386 1.00077 1.00081 1.02421 1.30607 
1.33308 1.04606 1.00422 1.00025 1.00025 1.0042 1.04569 1.32776 2.53831 1.31839 1.03362 1.00214 1.00214 1.03362 1.31839 2.53831 9.40594 12.7274 13.545 13.9378 13.9378 13.545 12.7274 9.40594 5.43565 3.92395 3.31946 3.38622 3.38622 3.31946 3.89412 5.39741 7.47246 9.54124 7.55938 5.92844 5.9522 7.59752 9.47789 7.42406 2.51291 1.59319 1.15224 1.02049 1.01967 1.14757 1.56335 2.44782 1.37104 1.0406 1.00258 1.00001 1.00001 1.00262 1.04119 
1.0687 1.00795 1.00057 0.999844 0.999846 1.00059 1.00804 1.06906 1.32199 1.04609 1.00317 0.999857 0.999857 1.00317 1.04609 1.32199 3.56983 4.84906 5.5168 5.68422 5.68422 5.5168 4.84906 3.56983 2.22 1.58846 1.39376 1.43738 1.43738 1.39376 1.58541 2.21487 3.29075 3.92389 2.95115 2.08565 2.08462 2.94368 3.97063 3.33661 1.31815 1.0925 1.01801 1.00131 1.00135 1.0178 1.09182 1.31048 1.06466 1.00573 1.00019 0.999835 0.999835 1.00018 1.00567 
1.00687 1.00062 0.999946 0.999978 0.999978 0.999947 1.00063 1.0069 1.03426 1.00322 0.999967 0.999945 0.999945 0.999967 1.00322 1.03426 1.4962 1.81415 2.02141 2.05182 2.05182 2.02141 1.81415 1.4962 1.1839 1.06619 1.03697 1.04311 1.04311 1.03697 1.06604 1.18271 1.64583 1.73935 1.37284 1.12297 1.12233 1.36924 1.75758 1.66543 1.03546 1.0063 1.00072 0.999908 0.999912 1.00071 1.00598 1.03332 1.00571 1.00037 0.999941 0.999989 0.999989 0.999941 1.00036 
1.00052 0.999936 0.999975 1 1 0.999975 0.999937 1.00053 1.00206 0.999891 0.999946 1 1 0.999946 0.999891 1.00206 1.06238 1.1173 1.15573 1.1588 1.1588 1.15573 1.1173 1.06238 1.01762 1.00586 1.00361 1.00395 1.00395 1.00361 1.00584 1.01744 1.1465 1.15486 1.05457 1.00799 1.00789 1.05372 1.16039 1.15202 1.003 0.999885 0.999896 0.999982 0.999982 0.999894 0.999832 1.0026 1.00027 0.999915 0.999984 1 1 0.999984 0.999915 
1.00053 0.999937 0.999975 1 1 0.999975 0.999937 1.00053 1.00193 0.9999 0.999946 1 1 0.999946 0.999891 1.00206 1.06293 1.1185 1.15755 1.16044 1.1588 1.15573 1.1173 1.06238 1.01744 1.00584 1.00361 1.00395 1.00395 1.00361 1.00586 1.01762 1.15202 1.16039 1.05439 1.00794 1.00799 1.05457 1.15486 1.1465 1.0026 0.999832 0.999899 0.999982 0.999982 0.999896 0.999885 1.003 1.00027 0.999915 0.999984 1 1 0.999984 0.999915 
1.0069 1.00063 0.999947 0.999978 0.999978 0.999947 1.00063 1.0069 1.03258 1.00326 0.999974 0.999946 0.999945 0.999967 1.00322 1.03426 1.49807 1.81912 2.02947 2.05895 2.05182 2.02141 1.81415 1.4962 1.18271 1.06604 1.03696 1.04311 1.04311 1.03697 1.06619 1.1839 1.66543 1.75758 1.37197 1.12239 1.12297 1.37284 1.73935 1.64583 1.03332 1.00598 1.00072 0.999912 0.999908 1.00072 1.0063 1.03546 1.00571 1.00037 0.999941 0.999989 0.999989 0.999941 1.00037 
1.06906 1.00804 1.00059 0.999846 0.999846 1.00059 1.00804 1.06906 1.30869 1.04594 1.00318 0.999858 0.999857 1.00317 1.04609 1.32199 3.56974 4.86105 5.53636 5.70161 5.68422 5.5168 4.84906 3.56983 2.21487 1.58541 1.39137 1.43533 1.43738 1.39376 1.58846 2.22 3.33661 3.97063 2.95237 2.08212 2.08565 2.95115 3.92389 3.29075 1.31048 1.09182 1.01823 1.00135 1.00131 1.01801 1.0925 1.31815 1.06466 1.00573 1.00018 0.999835 0.999835 1.00019 1.00573 
1.32776 1.04569 1.0042 1.00025 1.00025 1.0042 1.04569 1.32776 2.43363 1.30452 1.03061 1.00177 1.00214 1.03362 1.31839 2.53831 9.37291 12.7173 13.5386 13.9351 13.9378 13.545 12.7274 9.40594 5.39741 3.89412 3.2952 3.3598 3.38622 3.31946 3.92395 5.43565 7.42406 9.47789 7.52929 5.89133 5.92844 7.55938 9.54124 7.47246 2.44782 1.56335 1.14795 1.01967 1.02049 1.15224 1.59319 2.51291 1.37104 1.0406 1.00262 1.00001 1.00001 1.00258 1.0406 
1.04071 1.00533 1.00056 1.00006 1.00006 1.00056 1.00533 1.04071 1.27394 1.03751 1.00301 1.00013 1.00013 1.00301 1.03751 1.27394 3.85273 5.51338 5.79125 5.8827 5.8827 5.79125 5.51338 3.85273 2.42027 1.79507 1.62674 1.43653 1.43653 1.62674 1.79507 2.42027 3.35156 3.99194 2.89082 2.01385 2.01385 2.89082 3.99194 3.35156 1.37594 1.07977 1.01415 1.00138 1.00138 1.01445 1.08065 1.37803 1.05843 1.00546 1.00042 1.00004 1.00004 1.00042 1.00546 
1.00311 1.0003 0.999968 0.999987 0.999987 0.999968 1.0003 1.00311 1.03172 1.00321 1.00008 0.999941 0.999941 1.00008 1.00321 1.03172 1.89965 2.62922 2.8848 2.66903 2.66903 2.8848 2.62922 1.89965 1.30962 1.13229 1.09754 1.05344 1.05344 1.09754 1.13229 1.30962 1.46249 1.56409 1.27582 1.10756 1.10756 1.27582 1.56409 1.46249 1.05433 1.00878 1.00078 0.999897 0.999897 1.00078 1.00871 1.05425 1.00761 1.00058 0.999966 0.999982 0.999982 0.999966 1.00058 
1.00007 0.999964 0.99999 1 1 0.99999 0.999964 1.00007 1.00279 1.0001 0.999946 0.999991 0.999991 0.999946 1.0001 1.00279 1.19875 1.39703 1.48285 1.38054 1.38054 1.48285 1.39703 1.19875 1.04416 1.01328 1.00832 1.00355 1.00355 1.00832 1.01328 1.04416 1.05139 1.05937 1.02064 1.00608 1.00608 1.02064 1.05937 1.05139 1.00512 1.00055 0.999899 0.999958 0.999958 0.999899 1.00054 1.00509 1.00079 0.999973 0.999979 0.999999 0.999999 0.999979 0.999973 
1.00005 0.999989 1 1 1 1 0.999989 1.00005 1.00005 0.999863 0.999991 1 1 0.999991 0.999863 1.00005 1.02746 1.0651 1.08607 1.05847 1.05847 1.08607 1.0651 1.02746 1.00367 1.00063 1.00037 1.00013 1.00013 1.00037 1.00063 1.00367 1.00251 1.00262 1.00049 1.00005 1.00005 1.00049 1.00262 1.00251 1.00028 0.999842 0.999978 1 1 0.999978 0.999841 1.00027 1.00006 0.999981 0.999999 1 1 0.999999 0.999981 
0 0 0 0 1 1 0.999989 1.00005 1.00005 0.999863 0.999991 1 1 0.999991 0.999862 1.00007 1.02746 1.0651 1.08607 1.05847 1.05747 1.08432 1.0638 1.02697 1.00361 1.00061 1.00036 1.00012 1.00013 1.00037 1.00063 1.00367 1.00264 1.00269 1.00049 1.00005 1.00005 1.00049 1.00262 1.00251 1.00027 0.999841 0.999978 1 1 0.999978 0.999842 1.00028 1.00006 0.999981 0.999999 1 0 0 0 
0 0 0 0 1 0.99999 0.999964 1.00007 1.00279 1.0001 0.999946 0.999991 0.999991 0.999946 1.0001 1.003 1.19875 1.39703 1.48285 1.38054 1.37518 1.47398 1.39007 1.19585 1.04359 1.01302 1.00814 1.00347 1.00355 1.00832 1.01328 1.04416 1.05242 1.06008 1.02074 1.00603 1.00608 1.02064 1.05937 1.05139 1.00509 1.00054 0.999899 0.999958 0.999958 0.999899 1.00055 1.00512 1.00079 0.999973 0.999979 0.999999 0 0 0 
0 0 0 0 0.999987 0.999968 1.0003 1.00311 1.03172 1.00321 1.00008 0.999941 0.99994 1.00008 1.00321 1.03303 1.89965 2.62922 2.8848 2.66903 2.65326 2.86109 2.60822 1.89005 1.30655 1.13055 1.09613 1.05273 1.05344 1.09754 1.13229 1.30962 1.46809 1.56852 1.27687 1.10732 1.10756 1.27582 1.56409 1.46249 1.05425 1.00871 1.00078 0.999897 0.999897 1.00078 1.00878 1.05433 1.00761 1.00058 0.999966 0.999982 0 0 0 
