0 0 0 0 0.999972 1.00174 1.0309 1.32345 2.14481 1.38063 1.06347 1.00754 1.00757 1.06377 1.38183 2.15152 3.5141 4.07065 4.35316 4.36325 4.36327 4.35311 4.05513 3.50661 4.44827 5.75991 7.76271 9.46536 9.46381 7.76431 5.75032 4.42243 2.56228 2.64634 2.0258 1.62179 1.61776 2.01582 2.63212 2.54377 1.44338 1.16728 1.03582 1.00423 1.00436 1.03677 1.16905 1.44376 1.16129 1.02169 1.00179 1.00011 0 0 0 
0 0 0 0 0.999948 1.00031 1.00372 1.04266 1.16286 1.04012 1.00468 1.00019 1.00019 1.0047 1.04026 1.16383 1.44387 1.55404 1.61437 1.60874 1.60869 1.6143 1.55093 1.44317 1.96532 3.42364 5.26518 5.77955 5.74579 5.23632 3.39092 1.95282 1.37125 1.41216 1.17631 1.07255 1.07335 1.1777 1.41464 1.37196 1.05134 1.01672 1.00283 1.00012 1.00014 1.00292 1.01701 1.05149 1.01849 1.00193 1.00006 0.999966 0 0 0 
0 0 0 0 0.999993 0.999982 1.00022 1.00298 1.01161 1.00196 1.00005 0.999904 0.999904 1.00005 1.00197 1.01169 1.04089 1.05289 1.05914 1.05679 1.05679 1.05915 1.05253 1.04095 1.19648 1.8507 3.00006 2.76877 2.7443 2.95836 1.83268 1.19316 1.0493 1.05644 1.01882 1.00518 1.00529 1.01912 1.05719 1.04966 1.00346 1.00087 1.00013 0.999962 0.999961 1.00014 1.0009 1.00346 1.00138 1.00007 0.999967 0.999996 0 0 0 
0 0 0 0 1 0.99999 0.999961 1.00022 1.00022 0.999814 0.99994 0.999995 0.999994 0.99994 0.999814 1.00022 1.0017 1.002 1.00246 1.00232 1.00232 1.00246 1.00198 1.00172 1.02618 1.20791 1.64793 1.5329 1.52486 1.63295 1.20347 1.02565 1.00432 1.00476 1.00134 1.00021 1.00023 1.00138 1.00486 1.00438 1.00006 0.99986 0.999966 0.999996 0.999996 0.999965 0.999862 1.00006 1.00008 0.999967 0.999997 1 0 0 0 
1.00022 0.999961 0.99999 1 1 0.99999 0.999961 1.00022 1.00022 0.999814 0.99994 0.999995 0.999995 0.99994 0.999814 1.00022 1.0017 1.002 1.00246 1.00232 1.00232 1.00246 1.002 1.0017 1.02618 1.20791 1.64793 1.5329 1.5329 1.64793 1.20791 1.02618 1.00438 1.00486 1.00138 1.00023 1.00023 1.00138 1.00486 1.00438 1.00006 0.999862 0.999965 0.999996 0.999996 0.999966 0.99986 1.00006 1.00008 0.999967 0.999997 1 1 0.999997 0.999967 
1.00298 1.00022 0.999982 0.999993 0.999993 0.999982 1.00022 1.00298 1.01169 1.00197 1.00005 0.999904 0.999904 1.00005 1.00196 1.01161 1.04089 1.05289 1.05914 1.05679 1.05679 1.05914 1.05289 1.04089 1.19648 1.8507 3.00006 2.76877 2.76877 3.00006 1.8507 1.19648 1.04966 1.05719 1.01912 1.00529 1.00529 1.01912 1.05719 1.04966 1.00346 1.0009 1.00014 0.999961 0.999962 1.00013 1.00087 1.00346 1.00138 1.00007 0.999967 0.999996 0.999996 0.999967 1.00007 
1.04266 1.00372 1.00031 0.999948 0.999948 1.00031 1.00372 1.04266 1.16383 1.04026 1.0047 1.00019 1.00019 1.00468 1.04012 1.16286 1.44387 1.55404 1.61437 1.60874 1.60874 1.61437 1.55404 1.44387 1.96532 3.42364 5.26518 5.77955 5.77955 5.26518 3.42364 1.96532 1.37196 1.41464 1.1777 1.07335 1.07335 1.1777 1.41464 1.37196 1.05149 1.01701 1.00292 1.00014 1.00012 1.00283 1.01672 1.05149 1.01849 1.00193 1.00006 0.999966 0.999966 1.00006 1.00193 
1.32345 1.0309 1.00174 0.999972 0.999972 1.00174 1.0309 1.32345 2.15152 1.38183 1.06377 1.00754 1.00754 1.06347 1.38063 2.14481 3.5141 4.07065 4.35316 4.36325 4.36325 4.35316 4.07065 3.5141 4.44827 5.75991 7.76271 9.46536 9.46536 7.76271 5.75991 4.44827 2.54377 2.63212 2.01582 1.61776 1.61776 2.01582 2.63212 2.54377 1.44376 1.16905 1.03677 1.00436 1.00423 1.03582 1.16728 1.44376 1.16129 1.02169 1.00179 1.00011 1.00011 1.00179 1.02169 
2.81514 1.45055 1.06346 1.00441 1.00441 1.06346 1.45055 2.81514 4.78355 2.66855 1.42394 1.07761 1.07761 1.41857 2.68522 4.81409 8.08308 9.47948 10.013 10.1142 10.1964 10.1024 9.47948 8.08308 8.34168 8.95243 10.4199 12.5853 12.5454 10.3379 8.8571 8.27322 6.28307 6.59887 6.13184 5.32414 5.32414 6.13184 6.60841 6.25654 2.83456 1.89153 1.24087 1.05253 1.05059 1.23608 1.89294 2.83609 1.71512 1.0968 1.00624 1.00006 1.00006 1.00624 1.0968 
1.61316 1.1309 1.01314 1.00048 1.00048 1.01314 1.1309 1.61316 2.15309 1.39925 1.06455 1.00731 1.00731 1.06458 1.39973 2.1521 3.46744 3.9751 4.23524 4.24312 4.24329 4.2394 3.9751 3.46744 4.75083 6.07746 6.86192 7.74441 7.76594 6.86648 6.08444 4.76615 2.68359 2.73254 2.36412 1.89235 1.89235 2.36412 2.71521 2.70301 1.40739 1.13551 1.02054 1.00249 1.0027 1.02159 1.13553 1.40741 1.12509 1.01255 1.00045 0.999854 0.999854 1.00045 1.01255 
1.10635 1.01772 1.00119 0.999905 0.999905 1.00119 1.01772 1.10635 1.17467 1.04446 1.00447 1.00005 1.00005 1.00449 1.04452 1.1746 1.47581 1.58154 1.62639 1.61406 1.61621 1.62982 1.58154 1.47581 2.36329 3.94339 4.7389 4.40724 4.43742 4.76869 3.97585 2.3803 1.38226 1.38249 1.24638 1.10625 1.10625 1.24638 1.37789 1.38548 1.04689 1.0104 1.00037 0.999906 0.999925 1.00045 1.0104 1.04691 1.01199 1.00083 0.999959 0.999984 0.999984 0.999959 1.00083 
1.01203 1.00149 0.999915 0.999967 0.999967 0.999915 1.00149 1.01203 1.01547 1.00237 0.99992 0.999905 0.999905 0.999924 1.00237 1.01546 1.05737 1.07424 1.07827 1.07317 1.07368 1.07904 1.07424 1.05737 1.34597 2.37752 3.36187 2.54425 2.56315 3.41686 2.40812 1.35154 1.06112 1.0617 1.02903 1.00666 1.00666 1.02903 1.06054 1.0619 1.00303 1.00006 0.999983 0.999998 0.999995 0.999989 1.00006 1.00303 1.00079 0.999945 0.999976 1 1 0.999976 0.999945 
1.01203 1.00148 0.999914 0.999967 0.999967 0.999915 1.00149 1.01203 1.01546 1.00237 0.99992 0.999905 0.999905 0.99992 1.00237 1.01546 1.0583 1.07514 1.07904 1.07368 1.07368 1.07904 1.07514 1.0583 1.35154 2.40812 3.41686 2.56315 2.56315 3.41686 2.40812 1.35154 1.0619 1.06054 1.02864 1.00661 1.00661 1.02863 1.06054 1.06082 1.00303 1.00006 0.999986 0.999996 0.999998 0.999983 1.00006 1.00313 1.00079 0.999945 0.999976 1 1 0.999976 0.999944 
1.10627 1.01767 1.00119 0.999904 0.999905 1.00119 1.01772 1.10635 1.1746 1.04452 1.00447 1.00005 1.00005 1.00447 1.04452 1.1746 1.48069 1.58575 1.62982 1.61621 1.61621 1.62982 1.58575 1.48069 2.3803 3.97585 4.76869 4.43742 4.43742 4.76869 3.97585 2.3803 1.38548 1.37789 1.24448 1.10622 1.10623 1.2445 1.37791 1.38108 1.04691 1.0104 1.00041 0.999921 0.999906 1.00037 1.01057 1.0477 1.01199 1.00083 0.999959 0.999984 0.999984 0.999957 1.00081 
1.6117 1.13038 1.01307 1.00047 1.00048 1.01314 1.1309 1.61316 2.1521 1.39973 1.06455 1.00731 1.00733 1.06455 1.39973 2.1521 3.47631 3.9812 4.2394 4.24329 4.24329 4.2394 3.9812 3.47631 4.76615 6.08444 6.86648 7.76594 7.76594 6.86648 6.08444 4.76615 2.70301 2.71521 2.35457 1.89273 1.8927 2.35452 2.71507 2.6744 1.40741 1.13553 1.02105 1.00265 1.00249 1.02054 1.13758 1.41315 1.12509 1.01255 1.00045 0.999854 0.999853 1.00043 1.0124 
2.83109 1.45541 1.06419 1.00448 1.00441 1.06346 1.45055 2.81514 4.81409 2.68522 1.42412 1.07761 1.07915 1.42412 2.68522 4.81409 8.16215 9.55921 10.1024 10.1964 10.1964 10.1024 9.55921 8.16215 8.27322 8.8571 10.3379 12.5454 12.5454 10.3379 8.8571 8.27322 6.25654 6.60841 6.15369 5.36669 5.36744 6.15358 6.60886 6.29782 2.83609 1.89294 1.23901 1.05165 1.05253 1.24087 1.91484 2.87878 1.71512 1.0968 1.00624 1.00006 1.00004 1.0061 1.09654 
7.1994 2.89215 1.37036 1.04091 1.04091 1.37036 2.90407 7.26599 12.8384 7.4403 3.34062 1.78208 1.78208 3.34062 7.4403 12.8384 19.0594 22.6542 24.1116 24.2985 24.2985 24.1116 22.6542 19.0594 14.9852 16.2959 18.0787 19.9812 19.9812 18.0787 16.2959 14.9852 11.143 11.5567 11.0507 10.2794 10.3208 11.0513 11.5566 11.145 7.19652 5.09041 2.79221 1.6743 1.67108 2.78473 5.00061 7.14624 4.98397 2.13454 1.1701 1.01349 1.01332 1.16816 2.12233 
8.45557 3.33715 1.47106 1.05722 1.05722 1.47106 3.34115 8.5079 14.3622 8.86634 4.11025 2.12754 2.12754 4.11025 8.86634 14.3622 20.0015 24.8663 26.7222 27.3172 27.3172 26.7222 24.8663 20.0015 13.9344 15.1846 17.4775 20.0305 20.0305 17.4775 15.1846 13.9344 11.1111 11.1639 10.0621 8.84782 8.79743 10.0611 11.1647 11.111 6.25572 4.16874 2.24884 1.37701 1.38369 2.27065 4.20113 6.27068 3.78068 1.66181 1.09154 1.00616 1.00595 1.08989 1.65436 
6.91381 2.7823 1.32977 1.03591 1.03591 1.32977 2.78529 6.95427 11.9226 7.17096 3.2633 1.74878 1.74878 3.2633 7.17096 11.9226 16.8872 21.332 22.8728 23.2672 23.2672 22.8728 21.332 16.8872 11.9442 14.0448 17.171 19.8273 19.8273 17.171 14.0448 11.9442 8.9988 9.22893 7.71849 6.09622 6.04558 7.71735 9.22958 8.99833 4.48948 2.98962 1.72275 1.18652 1.19029 1.73648 3.0229 4.51288 2.58436 1.32016 1.03954 1.00228 1.00212 1.03828 1.3137 
5.53024 2.26531 1.19067 1.01552 1.01552 1.19067 2.2656 5.54702 9.12789 5.10455 2.167 1.26146 1.26146 2.167 5.10455 9.12789 13.8715 17.6095 18.6972 18.8931 18.8931 18.6972 17.6095 13.8715 9.79969 13.9479 18.6112 20.5243 20.5243 18.6112 13.9479 9.79969 7.00803 7.54705 5.58436 3.58661 3.56344 5.58372 7.5476 7.00833 3.0397 1.91687 1.24838 1.04156 1.04225 1.25137 1.9323 3.06061 1.7035 1.09876 1.00727 1.00019 1.00016 1.00698 1.09675 
5.54702 2.2656 1.19038 1.01542 1.01552 1.19067 2.26531 5.53024 9.11074 5.10645 2.16558 1.2612 1.26146 2.167 5.10455 9.12789 13.8372 17.5586 18.7014 18.8942 18.8931 18.6972 17.6095 13.8715 9.78274 13.9145 18.6287 20.5417 20.5243 18.6112 13.9479 9.79969 7.00833 7.5476 5.58372 3.56344 3.54275 5.58634 7.57561 7.05998 3.03985 1.91666 1.25137 1.04225 1.04156 1.24838 1.91687 3.0397 1.7035 1.09876 1.00727 1.00019 1.00019 1.00727 1.09876 
6.95427 2.78529 1.32927 1.03561 1.03591 1.32977 2.7823 6.91381 11.9008 7.17572 3.26392 1.74894 1.74878 3.2633 7.17096 11.9226 16.9024 21.3552 22.882 23.2701 23.2672 22.8728 21.332 16.8872 11.9077 14.0034 17.1812 19.8626 19.8273 17.171 14.0448 11.9442 8.99833 9.22958 7.71735 6.04558 5.99354 7.72996 9.3058 9.0882 4.49029 2.98987 1.73648 1.19029 1.18652 1.72275 2.98962 4.48948 2.58436 1.32016 1.03954 1.00228 1.00228 1.03954 1.32016 
8.5079 3.34115 1.47042 1.05675 1.05722 1.47106 3.33715 8.45557 14.3375 8.87112 4.11008 2.12749 2.12754 4.11025 8.86634 14.3622 20.0287 24.8777 26.7321 27.3202 27.3172 26.7222 24.8663 20.0015 13.8961 15.1497 17.478 20.069 20.0305 17.4775 15.1846 13.9344 11.111 11.1647 10.0611 8.79743 8.72379 10.076 11.2647 11.2058 6.25615 4.16776 2.27065 1.38369 1.37701 2.24884 4.16874 6.25572 3.78068 1.66181 1.09154 1.00616 1.00616 1.09154 1.66181 
7.26599 2.90407 1.37131 1.04078 1.04091 1.37036 2.89215 7.1994 12.7981 7.44485 3.34058 1.7821 1.78208 3.34062 7.4403 12.8384 19.0767 22.7158 24.2392 24.4192 24.2985 24.1116 22.6542 19.0594 15.0906 16.4358 18.237 20.138 19.9812 18.0787 16.2959 14.9852 11.145 11.5566 11.0513 10.3208 10.3427 11.2126 11.7778 11.3803 7.19859 5.0923 2.78473 1.67108 1.6743 2.79221 5.09041 7.19652 4.98397 2.13454 1.1701 1.01349 1.01349 1.1701 2.13454 
10.166 3.9575 1.63534 1.08066 1.07975 1.63036 3.93749 10.1059 18.1518 9.76112 3.88385 1.84823 1.8547 3.90366 9.80841 18.1759 27.0604 30.39 31.602 31.8881 31.756 31.4914 30.3661 27.106 25.5455 27.4465 28.8583 29.6507 29.7588 28.9975 27.5805 25.6431 22.9916 24.3657 24.3637 24.1112 24.1 24.3491 24.3484 23.019 16.7001 14.1588 9.22971 5.29784 5.29784 9.35451 14.1672 16.7001 11.0934 4.35831 1.70065 1.09076 1.09076 1.70065 4.35831 
11.8774 4.53562 1.78361 1.10706 1.10584 1.77768 4.51393 11.8057 20.2377 11.2024 4.44669 2.06694 2.07675 4.47682 11.2706 20.2217 29.1223 32.2127 33.6224 33.9469 33.9609 33.6544 32.1983 29.2131 28.0507 28.7694 29.9048 31.2162 31.238 29.91 28.7475 28.0249 27.4714 29.8245 30.6542 30.7662 30.7594 30.6393 29.7996 27.5123 18.4789 16.0382 10.6104 6.06299 6.06299 10.6779 15.994 18.4789 12.3477 4.72478 1.77678 1.09722 1.09722 1.77678 4.72478 
12.4868 4.73854 1.833 1.11363 1.11235 1.82681 4.716 12.4137 21.5267 11.969 4.70424 2.14941 2.15927 4.73412 12.0382 21.5047 30.5541 33.2373 34.4446 34.7144 34.7216 34.4681 33.2295 30.6528 29.9786 30.1606 31.1534 32.4089 32.427 31.1535 30.1446 29.955 29.4927 32.2257 33.447 33.7863 33.7838 33.4404 32.2059 29.5489 19.7734 17.4079 11.4953 6.46912 6.46912 11.5559 17.3676 19.7734 13.2374 5.02663 1.84534 1.10601 1.10601 1.84534 5.02663 
12.5105 4.67552 1.78716 1.09979 1.09902 1.78357 4.66255 12.4632 22.0521 11.8814 4.59843 2.05972 2.06607 4.61579 11.9263 22.0359 31.2855 33.6301 34.6545 34.8733 34.8771 34.6665 33.6205 31.3599 31.2653 31.5365 32.3969 33.3831 33.3919 32.3969 31.5281 31.2542 30.1572 32.882 34.1627 34.5271 34.5257 34.1595 32.8663 30.2182 20.5073 18.1678 11.781 6.45335 6.45335 11.8204 18.1443 20.5073 13.7357 5.15381 1.8651 1.10614 1.10614 1.8651 5.15381 
12.4632 4.66255 1.78357 1.09902 1.09902 1.78357 4.66255 12.4632 22.0359 11.9263 4.61579 2.06607 2.05972 4.59843 11.8814 22.0521 31.2855 33.6301 34.6545 34.8733 34.8733 34.6545 33.6301 31.2855 31.2542 31.5281 32.3969 33.3919 33.3831 32.3969 31.5365 31.2653 30.2182 32.8663 34.1595 34.5257 34.5271 34.1627 32.9152 30.1851 20.4953 18.1443 11.8204 6.49288 6.45335 11.781 18.1678 20.5073 13.7357 5.15381 1.8651 1.10614 1.10613 1.86505 5.16019 
12.4137 4.716 1.82681 1.11235 1.11235 1.82681 4.716 12.4137 21.5047 12.0382 4.73412 2.15927 2.14941 4.70424 11.969 21.5267 30.5541 33.2373 34.4446 34.7144 34.7144 34.4446 33.2373 30.5541 29.955 30.1446 31.1535 32.427 32.4089 31.1534 30.1606 29.9786 29.5489 32.2059 33.4404 33.7838 33.7863 33.447 32.3112 29.4765 19.7555 17.3676 11.5559 6.53671 6.46912 11.4953 17.4079 19.7734 13.2374 5.02663 1.84534 1.10601 1.106 1.8453 5.03636 
11.8057 4.51393 1.77768 1.10584 1.10584 1.77768 4.51393 11.8057 20.2217 11.2706 4.47682 2.07675 2.06694 4.44669 11.2024 20.2377 29.1223 32.2127 33.6224 33.9469 33.9469 33.6224 32.2127 29.1223 28.0249 28.7475 29.91 31.238 31.2162 29.9048 28.7694 28.0507 27.5123 29.7996 30.6393 30.7594 30.7662 30.6542 29.8623 27.4277 18.4625 15.994 10.6779 6.13344 6.06299 10.6104 16.0382 18.4789 12.3477 4.72478 1.77678 1.09722 1.09722 1.77675 4.73389 
10.1059 3.93749 1.63036 1.07975 1.07975 1.63036 3.93749 10.1059 18.1759 9.80841 3.90366 1.8547 1.84823 3.88385 9.76112 18.1518 27.0604 30.39 31.602 31.8881 31.8881 31.602 30.39 27.0604 25.6431 27.5805 28.9975 29.7588 29.6507 28.8583 27.4465 25.5455 23.019 24.3484 24.3491 24.1 24.1112 24.3637 24.7943 23.3567 16.7476 14.1672 9.35451 5.39163 5.29784 9.22971 14.1588 16.7001 11.0934 4.35831 1.70065 1.09076 1.09075 1.70065 4.38038 
7.87551 2.90604 1.35527 1.03732 1.03732 1.35527 2.90604 7.87551 15.5964 7.22538 2.71095 1.37347 1.38324 2.74472 7.28388 15.8219 28.3132 31.9379 33.6535 34.0815 34.0815 33.6535 31.9379 28.3132 31.9719 34.0153 34.4544 34.3297 34.3449 34.4607 34.0153 31.9719 27.573 30.694 31.4378 31.5099 31.547 31.4681 30.6182 27.714 19.3769 16.117 11.2219 6.86329 6.82184 11.1839 16.1075 19.3999 13.0111 5.679 2.16824 1.22813 1.23067 2.17664 5.70644 
6.36774 2.28373 1.20776 1.01779 1.01779 1.20776 2.28373 6.36774 13.7702 5.81949 2.15892 1.20671 1.21378 2.18368 5.86295 13.9969 27.9829 32.0916 34.0428 34.5632 34.5632 34.0428 32.0916 27.9829 32.6949 34.3097 34.6706 34.6542 34.652 34.6703 34.3097 32.6949 29.3299 32.2414 33.2278 33.4745 33.4822 33.2403 32.3574 29.5193 21.4871 17.8105 12.2635 7.36813 7.31278 12.2184 17.881 21.6105 13.6657 5.7793 2.19558 1.23745 1.24076 2.20667 5.80987 
5.8356 2.07868 1.16232 1.01287 1.01287 1.16232 2.07868 5.8356 13.1118 5.32344 1.9793 1.16275 1.1686 1.99896 5.35538 13.3288 27.8539 32.1347 34.1552 34.7064 34.7064 34.1552 32.1347 27.8539 33.0884 34.416 34.7674 34.8372 34.8373 34.7678 34.416 33.0884 30.1438 33.189 34.2946 34.5682 34.5721 34.2968 33.2561 30.3069 22.2505 18.3273 12.3335 7.38267 7.33055 12.2888 18.402 22.3744 14.0866 5.85228 2.2064 1.23484 1.23804 2.21705 5.88101 
5.58425 1.96478 1.1286 1.00877 1.00877 1.1286 1.96478 5.58425 12.9719 5.1573 1.89788 1.13317 1.13627 1.90851 5.16658 13.1639 27.9308 32.202 34.1949 34.7372 34.7372 34.1949 32.202 27.9308 33.2826 34.472 34.8093 34.9087 34.9087 34.8094 34.472 33.2826 30.4817 33.5124 34.5933 34.8273 34.8278 34.5915 33.5405 30.6116 22.6203 18.4884 11.99 7.27493 7.24465 11.9673 18.5322 22.7081 14.5675 5.85619 2.16636 1.20414 1.206 2.17274 5.8741 
5.60178 1.97099 1.12995 1.00895 1.00877 1.1286 1.96478 5.58425 13.1639 5.16658 1.90851 1.13627 1.13317 1.89788 5.1573 12.9719 27.9308 32.202 34.1949 34.7372 34.7372 34.1949 32.2358 27.9505 33.2987 34.4738 34.8094 34.9087 34.9087 34.8093 34.472 33.2826 30.5166 33.4966 34.5915 34.8278 34.8278 34.5915 33.4966 30.5166 22.7081 18.5322 11.9673 7.24465 7.24461 11.99 18.4884 22.6203 14.5543 5.8741 2.17274 1.206 1.20414 2.16636 5.85619 
5.8676 2.08959 1.16475 1.01322 1.01287 1.16232 2.07868 5.8356 13.3288 5.35538 1.99896 1.1686 1.16275 1.9793 5.32344 13.1118 27.8539 32.1347 34.1552 34.7064 34.7067 34.1556 32.1839 27.8871 33.1146 34.4199 34.7678 34.8373 34.8372 34.7674 34.416 33.0884 30.1789 33.1725 34.2968 34.5721 34.5721 34.2968 33.1725 30.1789 22.3744 18.402 12.2888 7.33055 7.33074 12.3335 18.3273 22.2505 14.0645 5.88101 2.21705 1.23804 1.23484 2.2064 5.85228 
6.40266 2.29632 1.21066 1.01822 1.01779 1.20776 2.28373 6.36774 13.9969 5.86295 2.18368 1.21378 1.20671 2.15892 5.81949 13.7702 27.9829 32.0916 34.0428 34.5632 34.5641 34.0435 32.142 28.0192 32.7211 34.3137 34.6703 34.652 34.6542 34.6706 34.3097 32.6949 29.3742 32.2376 33.2403 33.4822 33.4822 33.2403 32.2376 29.3742 21.6105 17.881 12.2184 7.31278 7.31232 12.2635 17.8105 21.4871 13.6389 5.80987 2.20667 1.24076 1.23745 2.19558 5.7793 
7.91652 2.92082 1.35885 1.03791 1.03732 1.35527 2.90604 7.87551 15.8219 7.28388 2.74472 1.38324 1.37347 2.71095 7.22538 15.5964 28.3132 31.9379 33.6535 34.0815 34.0763 33.6444 32.0121 28.3775 32.01 34.0309 34.4607 34.3449 34.3297 34.4544 34.0153 31.9719 27.636 30.6979 31.4681 31.547 31.547 31.4681 30.6979 27.636 19.3999 16.1075 11.1839 6.82184 6.81428 11.2219 16.117 19.3769 12.9888 5.70644 2.17664 1.23067 1.22813 2.16824 5.679 
9.55957 3.55663 1.49673 1.05919 1.05849 1.49291 3.53919 9.52277 17.4471 8.616 3.3017 1.57187 1.57093 3.29531 8.63624 17.3283 29.7167 32.6432 33.8368 34.3055 34.3096 33.8405 32.5583 29.7605 30.4766 33.2596 33.8846 33.6195 33.5868 33.8647 33.2221 30.4519 25.2025 29.4557 30.899 31.2498 31.2496 30.9017 29.6287 25.1169 12.908 10.5749 8.91814 7.3913 7.42555 8.89356 10.4736 12.8149 8.54327 5.09567 2.42715 1.39999 1.39359 2.40793 5.08218 
10.9469 4.08799 1.63968 1.08326 1.0824 1.63562 4.07123 10.9225 19.7985 10.1809 3.91552 1.78569 1.78525 3.90828 10.1875 19.6419 31.4277 33.5831 34.4308 34.7159 34.7147 34.427 33.5266 31.4971 31.6668 33.6805 34.2473 34.2882 34.2873 34.2433 33.6706 31.6835 27.9911 32.1302 33.4691 33.6384 33.6392 33.4693 32.1593 27.7843 14.9765 12.9516 11.5282 10.4849 10.5939 11.54 12.89 14.925 9.99286 6.12265 2.93961 1.59382 1.58267 2.90603 6.08863 
11.5716 4.35216 1.70262 1.09208 1.09117 1.69838 4.33453 11.5491 20.6042 10.6604 4.07429 1.83584 1.83553 4.06761 10.6686 20.4471 32.1687 34.0279 34.681 34.8843 34.8836 34.679 33.9786 32.2312 32.4264 33.9617 34.4589 34.5982 34.597 34.4555 33.9547 32.4395 29.2849 33.0666 34.3759 34.6305 34.6308 34.376 33.0918 29.0785 16.7633 14.4746 12.7771 11.2762 11.3693 12.7855 14.4036 16.7111 11.2802 6.89466 3.22063 1.68611 1.67393 3.18397 6.85677 
11.6133 4.3445 1.68999 1.08611 1.0855 1.68706 4.33198 11.6048 20.8159 10.7767 4.09598 1.82616 1.82614 4.09314 10.798 20.6616 32.4275 34.1171 34.763 34.9257 34.9253 34.762 34.0896 32.4849 32.8698 34.2032 34.6155 34.7748 34.7741 34.6136 34.1995 32.8797 29.8487 33.3439 34.5956 34.846 34.8461 34.5958 33.3687 29.6853 18.5563 15.5663 12.8746 10.1768 10.2378 12.8806 15.5169 18.5348 12.3983 6.66864 2.82203 1.51567 1.50873 2.80431 6.63705 
11.6048 4.33198 1.68706 1.0855 1.0855 1.68706 4.33198 11.6048 20.826 10.7881 4.09598 1.82616 1.82616 4.09598 10.8156 20.7429 32.4849 34.0896 34.762 34.9253 34.9253 34.762 34.0896 32.4849 32.8797 34.1995 34.6136 34.7741 34.7741 34.6136 34.1995 32.8797 29.6853 33.3687 34.5958 34.8461 34.8447 34.5924 33.3348 29.9346 18.5348 15.5169 12.8806 10.2378 10.2376 12.8874 15.5281 18.6226 12.4472 6.63705 2.80431 1.50873 1.51567 2.82203 6.66864 
11.5491 4.33453 1.69838 1.09117 1.09117 1.69838 4.33453 11.5491 20.6215 10.686 4.07429 1.83584 1.83584 4.07429 10.7165 20.5337 32.2312 33.9786 34.679 34.8836 34.8836 34.679 33.9786 32.2312 32.4395 33.9547 34.4555 34.597 34.597 34.4555 33.9547 32.4395 29.0785 33.0918 34.376 34.6308 34.6291 34.3715 33.0582 29.3892 16.7111 14.4036 12.7855 11.3693 11.3695 12.7956 14.4223 16.818 11.3425 6.85677 3.18397 1.67393 1.68611 3.22063 6.89466 
10.9225 4.07123 1.63562 1.0824 1.0824 1.63562 4.07123 10.9225 19.8225 10.2081 3.91552 1.78569 1.78569 3.91552 10.2392 19.7341 31.4971 33.5266 34.427 34.7147 34.7147 34.427 33.5266 31.4971 31.6835 33.6706 34.2433 34.2873 34.2873 34.2433 33.6706 31.6835 27.7843 32.1593 33.4693 33.6392 33.643 33.4643 32.1206 28.0984 14.925 12.89 11.54 10.5939 10.5946 11.5626 12.912 15.0302 10.0476 6.08863 2.90603 1.58267 1.59382 2.93961 6.12265 
9.52277 3.53919 1.49291 1.05849 1.05849 1.49291 3.53919 9.52277 17.4689 8.63812 3.3017 1.57187 1.57187 3.3017 8.66965 17.381 29.7605 32.5583 33.8405 34.3096 34.3096 33.8405 32.5583 29.7605 30.4519 33.2221 33.8647 33.5868 33.5868 33.8647 33.2221 30.4519 25.1169 29.6287 30.9017 31.2496 31.1676 30.801 29.3683 25.2453 12.8149 10.4736 8.89356 7.42555 7.42543 8.89922 10.4865 12.9023 8.62968 5.08218 2.40793 1.39359 1.39999 2.42715 5.09567 
6.51843 2.37964 1.20651 1.01643 1.01654 1.20705 2.38143 6.52656 13.6385 6.00683 2.29422 1.25945 1.25645 2.28177 5.96194 13.5642 26.1872 30.3043 32.522 33.2204 33.1937 32.5102 30.314 26.0389 24.3021 26.7074 27.1392 27.115 27.115 27.1392 26.7074 24.3021 18.9045 23.4436 24.385 24.1032 24.014 24.2915 23.3504 19.0764 8.77329 6.27495 3.75436 2.07102 2.07091 3.73949 6.26843 8.7822 5.22242 2.42719 1.29904 1.04515 1.04673 1.30716 2.45428 
5.9473 2.09678 1.14258 1.0095 1.00965 1.14389 2.10419 5.97973 13.3354 5.54751 2.09306 1.2048 1.20205 2.0833 5.51735 13.2954 26.6892 30.9998 33.2275 34.0439 34.057 33.2544 31.0539 26.5814 25.0661 28.0053 29.0987 29.7934 29.7934 29.0987 28.0053 25.0661 19.3253 25.5979 28.7703 29.9187 29.9121 28.7421 25.5471 19.404 7.23026 4.46506 2.24748 1.2606 1.26057 2.26201 4.49205 7.23845 4.03783 1.75113 1.10734 1.00901 1.00915 1.10848 1.75611 
5.70969 2.00411 1.12539 1.0079 1.00804 1.12661 2.0111 5.74072 13.1749 5.35012 2.01281 1.18399 1.18131 2.00282 5.32127 13.1353 26.9467 31.3391 33.6254 34.4593 34.4712 33.6507 31.3885 26.8482 25.8691 29.2436 30.6434 31.4916 31.4916 30.6434 29.2436 25.8691 19.5105 27.0611 31.1255 32.6875 32.6674 31.0856 27.0099 19.5978 5.64612 2.99681 1.4745 1.04394 1.04394 1.48149 3.01671 5.67177 2.84681 1.36437 1.03821 1.00194 1.002 1.03882 1.36803 
5.57428 1.94946 1.11051 1.0064 1.00646 1.1111 1.95307 5.59236 13.1225 5.24073 1.94386 1.15325 1.15166 1.93728 5.22258 13.0961 27.0498 31.4132 33.8187 34.5702 34.5777 33.835 31.4508 26.9898 26.6639 30.3021 31.76 32.7202 32.7202 31.76 30.3021 26.6639 19.6844 28.0229 32.2512 33.6349 33.621 32.2311 27.9901 19.7737 4.93373 2.40735 1.2333 1.00812 1.00812 1.23552 2.41872 4.98271 2.32846 1.22064 1.01877 1.00055 1.00057 1.01902 1.22242 
5.59236 1.95307 1.1111 1.00646 1.0064 1.11051 1.94946 5.57428 13.0961 5.22258 1.93728 1.15166 1.15325 1.94386 5.22258 13.0961 26.9898 31.4508 33.835 34.5777 34.5777 33.835 31.4508 26.9898 26.7109 30.3107 31.7633 32.7219 32.7202 31.76 30.3021 26.6639 19.6778 27.9787 32.1705 33.6219 33.6349 32.2512 28.0229 19.6844 4.93317 2.41872 1.23552 1.00747 1.00812 1.2333 2.40735 4.93373 2.33762 1.22242 1.01902 1.00057 1.00055 1.01877 1.22064 
5.74072 2.0111 1.12661 1.00804 1.0079 1.12539 2.00411 5.70969 13.1353 5.32127 2.00282 1.18131 1.18399 2.01281 5.32127 13.1353 26.8482 31.3885 33.6507 34.4712 34.4712 33.6507 31.3885 26.8482 25.9455 29.2619 30.6493 31.4942 31.4916 30.6434 29.2436 25.8691 19.5054 26.9715 30.9848 32.6662 32.6875 31.1255 27.0611 19.5105 5.64546 3.01671 1.48149 1.04333 1.04394 1.4745 2.99681 5.64612 2.86233 1.36803 1.03882 1.002 1.00194 1.03821 1.36437 
5.97973 2.10419 1.14389 1.00965 1.0095 1.14258 2.09678 5.9473 13.2954 5.51735 2.0833 1.20205 1.2048 2.09306 5.51735 13.2954 26.5814 31.0539 33.2544 34.057 34.057 33.2544 31.0539 26.5814 25.1333 28.023 29.1046 29.7958 29.7934 29.0987 28.0053 25.0661 19.3225 25.4947 28.6757 29.9134 29.9187 28.7703 25.5979 19.3253 7.22997 4.49205 2.26201 1.26129 1.2606 2.24748 4.46506 7.23026 4.05089 1.75611 1.10848 1.00915 1.00901 1.10734 1.75113 
6.52656 2.38143 1.20705 1.01654 1.01643 1.20651 2.37964 6.51843 13.5642 5.96194 2.28177 1.25645 1.25945 2.29422 5.96194 13.5642 26.0389 30.314 32.5102 33.1937 33.1937 32.5102 30.314 26.0389 24.2036 26.5487 26.9638 26.9605 27.115 27.1392 26.7074 24.3021 18.959 23.2694 24.1078 24.0042 24.1032 24.385 23.4436 18.9045 8.73769 6.26843 3.73949 2.05271 2.07102 3.75436 6.27495 8.77329 5.25468 2.45428 1.30716 1.04673 1.04515 1.29904 2.42719 
4.13289 1.64159 1.08375 1.00604 1.00588 1.08255 1.63527 4.10701 8.88351 3.77665 1.5775 1.08043 1.07935 1.57427 3.76979 8.97037 20.2758 26.0962 28.3379 28.8141 28.8141 28.3379 26.0962 20.2758 14.5068 13.2316 12.4549 12.3153 12.3137 12.4533 13.0566 14.3879 14.5125 18.2878 15.6816 13.023 12.8623 15.6806 18.2022 14.4548 6.31373 3.9461 1.91493 1.20824 1.20956 1.91412 3.9461 6.31373 2.89489 1.30752 1.02429 1.0008 1.0008 1.02429 1.30752 
4.10841 1.62898 1.08479 1.00637 1.0062 1.08363 1.62432 4.09723 9.27077 3.85501 1.56624 1.07592 1.074 1.55829 3.83799 9.3241 21.2312 28.695 31.2903 31.9157 31.9157 31.2903 28.695 21.2312 13.5813 10.8488 8.81132 7.75169 7.75203 8.8118 10.8416 13.5847 14.2174 18.028 13.9149 9.19681 9.19415 13.9148 18.0293 14.2215 5.90437 3.26358 1.57869 1.13515 1.13472 1.57756 3.26358 5.90437 2.68686 1.28594 1.02767 1.00139 1.00139 1.02767 1.28594 
4.11062 1.62231 1.08282 1.0063 1.00613 1.08169 1.61788 4.10048 9.35675 3.87938 1.56729 1.07537 1.07354 1.55979 3.86336 9.41056 21.667 29.9043 32.8039 33.5124 33.5124 32.8039 29.9043 21.667 12.2748 8.48352 5.92173 4.34922 4.34924 5.92158 8.47666 12.2793 14.1761 17.8027 12.9976 7.46919 7.47708 12.9973 17.8037 14.179 5.9112 3.17017 1.54486 1.13413 1.13297 1.54068 3.17017 5.9112 2.67987 1.29152 1.02927 1.00161 1.00161 1.02927 1.29152 
4.05588 1.58559 1.06874 1.0045 1.00441 1.06813 1.5831 4.04987 9.39543 3.84264 1.5405 1.0647 1.06369 1.53641 3.83141 9.44567 21.7503 30.2226 33.1778 33.9102 33.9102 33.1778 30.2226 21.7503 10.7441 6.015 3.63928 2.45757 2.45758 3.63925 6.01107 10.7477 14.2396 17.7194 12.6988 6.98846 6.99328 12.6985 17.7197 14.2417 5.96566 3.07008 1.5019 1.11455 1.11377 1.49889 3.07008 5.96566 2.69706 1.29137 1.02741 1.0014 1.0014 1.02741 1.29137 
4.04987 1.5831 1.06813 1.00441 1.00441 1.06813 1.5831 4.04987 9.39543 3.84264 1.5405 1.0647 1.0647 1.5405 3.84264 9.39543 21.7546 30.2254 33.1788 33.9093 33.9102 33.1778 30.2226 21.7503 10.7477 6.01107 3.63925 2.45758 2.45758 3.63925 6.01107 10.7477 14.2417 17.7197 12.6985 6.99328 6.99335 12.6988 17.7183 14.2678 6.00239 3.06023 1.49889 1.11377 1.11376 1.5019 3.07008 5.96566 2.69706 1.29137 1.02741 1.0014 1.0014 1.02741 1.29137 
4.10048 1.61788 1.08169 1.00613 1.00613 1.08169 1.61788 4.10048 9.35675 3.87938 1.56729 1.07537 1.07537 1.56729 3.87938 9.35675 21.6704 29.9105 32.8064 33.5108 33.5124 32.8039 29.9043 21.667 12.2793 8.47666 5.92158 4.34924 4.34924 5.92158 8.47666 12.2793 14.179 17.8037 12.9973 7.47708 7.47716 12.9976 17.7954 14.2129 5.95076 3.15739 1.54068 1.13297 1.13296 1.54486 3.17017 5.9112 2.67987 1.29152 1.02927 1.00161 1.00161 1.02927 1.29151 
4.09723 1.62432 1.08363 1.0062 1.0062 1.08363 1.62432 4.09723 9.27077 3.85501 1.56624 1.07592 1.07592 1.56624 3.85501 9.27077 21.235 28.7023 31.2913 31.9121 31.9157 31.2903 28.695 21.2312 13.5847 10.8416 8.8118 7.75203 7.75203 8.8118 10.8416 13.5847 14.2215 18.0293 13.9148 9.19415 9.1942 13.9149 18.0133 14.2557 5.94545 3.25432 1.57756 1.13472 1.13471 1.57869 3.26358 5.90437 2.68686 1.28594 1.02767 1.00139 1.00139 1.02767 1.28594 
4.10701 1.63527 1.08255 1.00588 1.00588 1.08255 1.63527 4.10701 8.88351 3.77665 1.5775 1.08043 1.08043 1.5775 3.77665 8.88351 20.2642 26.093 28.3364 28.8142 28.8141 28.3379 26.0962 20.2758 14.3879 13.0566 12.4533 12.3137 12.3137 12.4533 13.0566 14.3879 14.4548 18.2022 15.6806 12.8623 12.8625 15.6816 18.2125 14.504 6.34492 3.93391 1.91412 1.20956 1.20955 1.91493 3.9461 6.31373 2.89489 1.30752 1.02429 1.0008 1.0008 1.02429 1.30757 
1.33481 1.04648 1.00427 1.00025 1.00025 1.00427 1.04648 1.33481 2.55574 1.32653 1.03472 1.00227 1.00227 1.03472 1.32653 2.55574 9.32297 12.6674 13.4832 13.8783 13.9816 13.5855 12.7465 9.41718 5.41868 3.9139 3.3379 3.40658 3.40658 3.3379 3.9139 5.41868 7.42383 9.48392 7.60569 5.97134 5.971 7.60681 9.56411 7.48862 2.46002 1.57572 1.15181 1.02049 1.02052 1.15187 1.59225 2.5067 1.37207 1.04084 1.00264 1.00001 1.00001 1.00264 1.04142 
1.06942 1.00808 1.00059 0.999845 0.999845 1.00059 1.00808 1.06942 1.32329 1.04697 1.00323 0.999859 0.999859 1.00323 1.04697 1.32329 3.57431 4.88295 5.55979 5.7239 5.69995 5.5319 4.86045 3.57771 2.22152 1.5904 1.39774 1.44168 1.44168 1.39774 1.5904 2.22152 3.34178 3.9812 2.95432 2.09389 2.09368 2.95326 3.91498 3.28086 1.31048 1.0931 1.01809 1.00138 1.00136 1.01811 1.09337 1.31836 1.0655 1.00584 1.00019 0.999834 0.999834 1.00019 1.00578 
1.00697 1.00063 0.999947 0.999978 0.999978 0.999947 1.00063 1.00697 1.03454 1.00332 0.999972 0.999944 0.999944 0.999972 1.00332 1.03454 1.50089 1.82648 2.03869 2.06781 2.06061 2.03018 1.82041 1.49994 1.18451 1.06678 1.03737 1.04361 1.04361 1.03737 1.06678 1.18451 1.67025 1.7635 1.37344 1.12425 1.12424 1.37326 1.73655 1.64151 1.03321 1.00615 1.00073 0.999913 0.99991 1.00073 1.00635 1.03536 1.00583 1.00039 0.999941 0.999988 0.999989 0.999941 1.00038 
1.00053 0.999936 0.999974 1 1 0.999974 0.999936 1.00053 1.00209 0.999897 0.999944 1 1 0.999944 0.999897 1.00209 1.06372 1.12036 1.16016 1.16296 1.16131 1.15829 1.11904 1.06328 1.0177 1.00593 1.00365 1.00401 1.00401 1.00365 1.00593 1.0177 1.15389 1.16256 1.05476 1.00811 1.00811 1.05474 1.15436 1.14565 1.00255 0.999843 0.999894 0.999981 0.999982 0.999894 0.999879 1.00295 1.00028 0.999914 0.999984 1 1 0.999984 0.999915 
1.00054 0.999937 0.999974 1 1 0.999974 0.999936 1.00053 1.00209 0.999897 0.999944 1 1 0.999945 0.999903 1.00195 1.06372 1.12036 1.16016 1.16296 1.16296 1.16016 1.12036 1.06372 1.01771 1.00593 1.00365 1.00401 1.00401 1.00365 1.00593 1.0177 1.14851 1.15723 1.05474 1.00811 1.00811 1.05476 1.16256 1.15389 1.00295 0.999879 0.999897 0.999982 0.999981 0.999894 0.999843 1.00255 1.00028 0.999914 0.999984 1 1 0.999984 0.999914 
1.00701 1.00064 0.999948 0.999978 0.999978 0.999947 1.00063 1.00697 1.03454 1.00332 0.999972 0.999944 0.999946 0.999978 1.00331 1.03284 1.50089 1.82648 2.03869 2.06781 2.06781 2.03869 1.82648 1.50089 1.18456 1.06678 1.03736 1.04361 1.04361 1.03737 1.06678 1.18451 1.65241 1.74639 1.37326 1.12424 1.12425 1.37344 1.7635 1.67025 1.03536 1.00635 1.00074 0.99991 0.999913 1.00073 1.00615 1.03321 1.00583 1.00039 0.999941 0.999988 0.999988 0.999941 1.00039 
1.0698 1.00817 1.0006 0.999846 0.999845 1.00059 1.00808 1.06942 1.32329 1.04697 1.00323 0.999859 0.999859 1.00323 1.04635 1.30989 3.57431 4.88295 5.55979 5.7239 5.7239 5.55979 4.88295 3.57431 2.22173 1.59049 1.39533 1.43959 1.44168 1.39774 1.5904 2.22152 3.31094 3.94442 2.95326 2.09368 2.09389 2.95432 3.9812 3.34178 1.31836 1.09337 1.01832 1.00136 1.00138 1.01809 1.0931 1.31048 1.0655 1.00584 1.00019 0.999834 0.999834 1.00019 1.00584 
1.32943 1.0461 1.00425 1.00026 1.00025 1.00427 1.04648 1.33481 2.55574 1.32653 1.03472 1.00227 1.00178 1.03071 1.30439 2.42681 9.32297 12.6674 13.4832 13.8783 13.8783 13.4832 12.6674 9.32297 5.41935 3.91485 3.31294 3.37944 3.40658 3.3379 3.9139 5.41868 7.4488 9.50088 7.60681 5.971 5.97134 7.60569 9.48392 7.42383 2.5067 1.59225 1.15213 1.02052 1.02049 1.15181 1.57572 2.46002 1.37207 1.04084 1.00264 1.00001 1.00001 1.00264 1.04084 
1.04111 1.00541 1.00057 1.00006 1.00006 1.00057 1.00541 1.04111 1.27457 1.03786 1.00305 1.00013 1.00013 1.00305 1.03786 1.27457 3.85756 5.5194 5.79625 5.89108 5.89108 5.79625 5.5194 3.85756 2.4262 1.80029 1.63108 1.4399 1.4399 1.63108 1.80029 2.4262 3.34434 3.9894 2.89583 2.02128 2.02224 2.90456 4.0128 3.37172 1.37941 1.08119 1.01451 1.00139 1.00139 1.01451 1.08119 1.37941 1.05895 1.00553 1.00042 1.00004 1.00004 1.00042 1.00553 
1.00316 1.0003 0.999968 0.999987 0.999987 0.999968 1.0003 1.00316 1.03177 1.00326 1.00009 0.99994 0.99994 1.00009 1.00326 1.03177 1.90562 2.64056 2.89727 2.6798 2.6798 2.89727 2.64056 1.90562 1.31221 1.13398 1.09877 1.05417 1.05417 1.09877 1.13398 1.31221 1.46212 1.56504 1.27764 1.10893 1.10867 1.27872 1.56944 1.46768 1.05474 1.00884 1.0008 0.999897 0.999897 1.0008 1.00884 1.05474 1.00771 1.00059 0.999966 0.999982 0.999982 0.999966 1.00059 
1.00007 0.999963 0.99999 1 1 0.99999 0.999963 1.00007 1.00279 1.00011 0.999946 0.999991 0.999991 0.999946 1.00011 1.00279 1.201 1.40168 1.48848 1.38478 1.38478 1.48848 1.40168 1.201 1.04477 1.01356 1.00849 1.00363 1.00363 1.00849 1.01356 1.04477 1.0514 1.05961 1.02088 1.00619 1.00614 1.02098 1.06031 1.05242 1.00516 1.00055 0.999899 0.999957 0.999957 0.999899 1.00055 1.00516 1.0008 0.999974 0.999979 0.999999 0.999999 0.999979 0.999974 
1.00005 0.999989 1 1 1 1 0.999989 1.00005 1.00005 0.999862 0.999991 1 1 0.999991 0.999862 1.00005 1.02796 1.06635 1.08774 1.05955 1.05955 1.08774 1.06635 1.02796 1.00374 1.00065 1.00038 1.00013 1.00013 1.00038 1.00065 1.00374 1.00249 1.00264 1.0005 1.00006 1.00005 1.0005 1.00271 1.00262 1.00028 0.999841 0.999978 0.999999 0.999999 0.999978 0.999841 1.00028 1.00006 0.99998 0.999999 1 1 0.999999 0.99998 
0 0 0 0 1 1 0.999989 1.00005 1.00005 0.999862 0.999991 1 1 0.999991 0.999862 1.00007 1.02796 1.06635 1.08774 1.05955 1.05853 1.08595 1.06503 1.02746 1.00368 1.00063 1.00037 1.00012 1.00013 1.00038 1.00065 1.00374 1.00262 1.00271 1.0005 1.00005 1.00006 1.0005 1.00264 1.00249 1.00028 0.999841 0.999978 0.999999 0.999999 0.999978 0.999841 1.00028 1.00006 0.99998 0.999999 1 0 0 0 
0 0 0 0 1 0.99999 0.999963 1.00007 1.00279 1.00011 0.999946 0.999991 0.999991 0.999946 1.00011 1.003 1.201 1.40168 1.48848 1.38478 1.37937 1.47951 1.39463 1.19807 1.0442 1.0133 1.00831 1.00355 1.00363 1.00849 1.01356 1.04477 1.05242 1.06031 1.02098 1.00614 1.00619 1.02088 1.05961 1.0514 1.00516 1.00055 0.999899 0.999957 0.999957 0.999899 1.00055 1.00516 1.0008 0.999974 0.999979 0.999999 0 0 0 
0 0 0 0 0.999987 0.999968 1.0003 1.00316 1.03177 1.00326 1.00009 0.99994 0.99994 1.00009 1.00326 1.03309 1.90562 2.64056 2.89727 2.6798 2.66409 2.87366 2.61961 1.89596 1.30913 1.13222 1.09734 1.05346 1.05417 1.09877 1.13398 1.31221 1.46768 1.56944 1.27872 1.10867 1.10893 1.27764 1.56504 1.46212 1.05473 1.00884 1.0008 0.999898 0.999897 1.0008 1.00884 1.05474 1.00771 1.00059 0.999966 0.999982 0 0 0 
