0 0 0 0 1.00061 1.00781 1.08063 1.51007 2.48729 1.5605 1.12048 1.02077 1.02083 1.12086 1.56208 2.49673 4.36729 4.8839 5.13722 5.17008 5.15782 5.1167 4.86046 4.35744 5.29716 6.21798 7.57882 9.60336 9.60375 7.58984 6.22167 5.2891 2.8337 2.86183 2.50503 2.18943 2.18184 2.4911 2.84372 2.81058 1.66641 1.27052 1.06689 1.01383 1.01382 1.06835 1.27048 1.66621 1.3085 1.06525 1.00826 1.00076 0 0 0 
0 0 0 0 1.00001 1.00131 1.01468 1.09865 1.28616 1.08669 1.01481 1.00159 1.0016 1.01487 1.08699 1.28804 1.84998 1.93776 2.00591 2.0047 2.00274 2.00204 1.93355 1.852 3.16385 4.4609 5.74315 6.83557 6.8264 5.7392 4.45123 3.14583 1.61088 1.69119 1.40253 1.22773 1.22951 1.40541 1.69536 1.61013 1.1139 1.03779 1.00774 1.00077 1.00077 1.00793 1.03779 1.11388 1.0542 1.0097 1.00104 0.999969 0 0 0 
0 0 0 0 0.999962 1.00013 1.00152 1.01102 1.03136 1.00764 1.00084 0.999858 0.999859 1.00084 1.00767 1.03158 1.14097 1.13705 1.14937 1.14422 1.14392 1.14872 1.13642 1.14255 1.8805 3.30263 4.51268 4.44313 4.41642 4.48975 3.27711 1.86795 1.12952 1.15424 1.07421 1.03024 1.03063 1.07516 1.15599 1.1294 1.01275 1.00334 1.00051 0.999996 0.999996 1.00054 1.00334 1.01274 1.00606 1.00106 0.999971 0.999964 0 0 0 
0 0 0 0 0.999992 0.999974 1.00005 1.00102 1.00155 0.999974 0.999865 0.999953 0.999952 0.999866 0.999975 1.00157 1.01554 1.01065 1.01157 1.01088 1.01085 1.01151 1.01058 1.016 1.25403 2.22493 3.52311 2.62623 2.60566 3.47081 2.20004 1.25026 1.02 1.02456 1.0092 1.00263 1.00268 1.00935 1.0249 1.01991 1.00072 0.999986 0.999956 0.999977 0.999977 0.999956 0.999986 1.00072 1.00053 0.999971 0.999965 0.999995 0 0 0 
1.00102 1.00005 0.999974 0.999992 0.999992 0.999974 1.00005 1.00102 1.00157 0.999975 0.999866 0.999952 0.999952 0.999866 0.999975 1.00157 1.01554 1.01065 1.01157 1.01088 1.01088 1.01157 1.01065 1.01554 1.25403 2.22493 3.52311 2.62623 2.62623 3.52311 2.22493 1.25403 1.01991 1.0249 1.00935 1.00268 1.00268 1.00935 1.0249 1.01991 1.00072 0.999986 0.999956 0.999977 0.999977 0.999956 0.999986 1.00072 1.00053 0.999971 0.999965 0.999995 0.999995 0.999965 0.999971 
1.01102 1.00152 1.00013 0.999962 0.999962 1.00013 1.00152 1.01102 1.03158 1.00767 1.00084 0.999859 0.999859 1.00084 1.00767 1.03158 1.14097 1.13705 1.14937 1.14422 1.14422 1.14937 1.13705 1.14097 1.8805 3.30263 4.51268 4.44313 4.44313 4.51268 3.30263 1.8805 1.1294 1.15599 1.07516 1.03063 1.03063 1.07516 1.15599 1.1294 1.01274 1.00334 1.00054 0.999996 0.999996 1.00051 1.00334 1.01275 1.00606 1.00106 0.999971 0.999964 0.999964 0.999971 1.00106 
1.09865 1.01468 1.00131 1.00001 1.00001 1.00131 1.01468 1.09865 1.28804 1.08699 1.01487 1.0016 1.0016 1.01487 1.08699 1.28804 1.84998 1.93776 2.00591 2.0047 2.0047 2.00591 1.93776 1.84998 3.16385 4.4609 5.74315 6.83557 6.83557 5.74315 4.4609 3.16385 1.61013 1.69536 1.40541 1.22951 1.22951 1.40541 1.69536 1.61013 1.11388 1.03779 1.00793 1.00077 1.00077 1.00774 1.03779 1.1139 1.0542 1.0097 1.00104 0.999969 0.999969 1.00104 1.0097 
1.51007 1.08063 1.00781 1.00061 1.00061 1.00781 1.08063 1.51007 2.49673 1.56208 1.12086 1.02083 1.02083 1.12086 1.56208 2.49673 4.36729 4.8839 5.13722 5.17008 5.17008 5.13722 4.8839 4.36729 5.29716 6.21798 7.57882 9.60336 9.60336 7.57882 6.21798 5.29716 2.81058 2.84372 2.4911 2.18184 2.18184 2.4911 2.84372 2.81058 1.66621 1.27048 1.06835 1.01382 1.01383 1.06689 1.27052 1.66641 1.3085 1.06525 1.00826 1.00076 1.00076 1.00826 1.06525 
3.14195 1.68445 1.13945 1.01616 1.01616 1.13945 1.68445 3.14195 4.8426 2.75714 1.47891 1.11764 1.11764 1.47891 2.75714 4.8426 8.36082 9.62653 10.4184 10.5363 10.3957 10.2779 9.62653 8.36082 8.15318 8.88352 9.7569 11.4163 11.352 9.76139 8.79607 8.07933 6.11056 6.40624 6.49825 6.43121 6.48283 6.53493 6.44391 6.12991 3.25141 2.19728 1.45031 1.16413 1.18091 1.47722 2.25808 3.33367 1.9891 1.1954 1.01819 1.00079 1.00079 1.01819 1.1954 
1.94452 1.29937 1.04626 1.00404 1.00404 1.04626 1.29937 1.94452 2.48678 1.57703 1.11645 1.01918 1.01918 1.11645 1.57703 2.48678 4.42717 4.92525 5.11438 5.08965 5.09371 5.1128 4.92525 4.42717 5.57101 6.3864 7.01186 7.58002 7.44313 6.898 6.38213 5.56351 3.1325 3.10963 2.92694 2.64929 2.65406 2.92484 3.08714 3.12404 1.62029 1.24118 1.05343 1.01259 1.01371 1.05377 1.24679 1.62663 1.23163 1.03487 1.0025 0.999874 0.999874 1.0025 1.03487 
1.24611 1.07051 1.00778 1.00029 1.00029 1.00778 1.07051 1.24611 1.31071 1.09365 1.01295 1.0009 1.0009 1.01295 1.09365 1.31071 1.96173 2.03074 2.06819 2.02857 2.02473 2.06154 2.03074 1.96173 3.99303 5.22137 5.64769 5.22215 5.24958 5.71018 5.2377 4.00629 1.67061 1.60328 1.47861 1.31633 1.31797 1.47899 1.59661 1.66934 1.10329 1.02779 1.00283 1.00011 1.0002 1.00284 1.02859 1.10424 1.03378 1.00403 1.00016 0.999943 0.999943 1.00016 1.00403 
1.04743 1.01118 1.00068 0.99985 0.99985 1.00068 1.01118 1.04743 1.04641 1.00961 1.00042 0.999757 0.999757 1.00042 1.00961 1.04641 1.22127 1.22075 1.22213 1.20044 1.1992 1.22013 1.22075 1.22127 2.79221 4.75265 5.56301 3.94854 4.10823 6.02374 4.80362 2.81911 1.17242 1.14688 1.09506 1.03943 1.03961 1.09517 1.14504 1.17226 1.01228 1.00149 0.999884 0.999963 0.999965 0.999886 1.00154 1.01231 1.0037 1.00028 0.99991 0.999985 0.999985 0.99991 1.00028 
1.04745 1.01115 1.00068 0.999849 0.99985 1.00068 1.01118 1.04743 1.04621 1.00999 1.00041 0.999755 0.999757 1.00042 1.00961 1.04641 1.22127 1.22075 1.22213 1.20044 1.20044 1.22213 1.22315 1.22552 2.81911 4.80362 6.02374 4.10823 4.10823 6.02374 4.80362 2.81911 1.17226 1.14504 1.09517 1.03961 1.03943 1.09506 1.14688 1.17242 1.01231 1.00154 0.999886 0.999965 0.999966 0.999902 1.00151 1.01279 1.0037 1.00028 0.99991 0.999985 0.999985 0.99991 1.00028 
1.24614 1.07022 1.00775 1.00029 1.00029 1.00778 1.07051 1.24611 1.30991 1.09616 1.01292 1.00089 1.0009 1.01295 1.09365 1.31071 1.96173 2.03074 2.06819 2.02857 2.02857 2.06819 2.039 1.97528 4.00629 5.2377 5.71018 5.24958 5.24958 5.71018 5.2377 4.00629 1.66934 1.59661 1.47899 1.31797 1.31633 1.47861 1.60328 1.67061 1.10424 1.02859 1.00284 1.0002 1.00014 1.00301 1.02825 1.10639 1.03378 1.00403 1.00016 0.999943 0.999943 1.00016 1.00403 
1.94337 1.29795 1.04603 1.00401 1.00404 1.04626 1.29937 1.94452 2.47905 1.58931 1.11641 1.0192 1.01918 1.11645 1.57703 2.48678 4.42717 4.92525 5.11438 5.08965 5.08965 5.11438 4.93052 4.44066 5.56351 6.38213 6.898 7.44313 7.44313 6.898 6.38213 5.56351 3.12404 3.08714 2.92484 2.65406 2.64929 2.92694 3.10963 3.1325 1.62663 1.24679 1.05377 1.01371 1.01292 1.05528 1.24523 1.63667 1.23163 1.03487 1.0025 0.999874 0.999874 1.0025 1.03486 
3.15653 1.68839 1.14029 1.01627 1.01616 1.13945 1.68445 3.14195 4.90673 2.83429 1.48483 1.11972 1.11764 1.47891 2.75714 4.8426 8.36082 9.62653 10.4184 10.5363 10.5363 10.4184 9.75773 8.47266 8.07933 8.79607 9.76139 11.352 11.352 9.76139 8.79607 8.07933 6.12991 6.44391 6.53493 6.48283 6.43121 6.49825 6.40624 6.11056 3.33367 2.25808 1.47722 1.18091 1.16449 1.46653 2.21985 3.33459 1.9891 1.1954 1.01819 1.00079 1.00079 1.01819 1.19541 
6.89907 3.03039 1.51976 1.08826 1.08838 1.52251 3.04683 6.96484 12.1481 7.45306 3.66389 2.13368 2.12741 3.6549 7.45306 12.1481 18.1883 21.6736 22.6133 23.1157 23.1157 22.6133 21.675 18.189 14.0909 15.9704 17.5429 19.3282 19.4792 17.6951 16.116 14.199 10.1396 10.9353 11.271 11.5867 11.5867 11.271 10.9353 10.1396 6.99642 5.29181 3.4922 2.20229 2.20043 3.46851 5.2327 6.9492 5.27286 2.59316 1.3318 1.04375 1.04375 1.3318 2.59316 
7.8523 3.41942 1.62196 1.11149 1.11105 1.6225 3.42707 7.89961 12.836 8.38761 4.3002 2.5039 2.49197 4.27533 8.38761 12.836 18.3026 22.6758 24.5735 25.358 25.358 24.5735 22.6762 18.3021 13.1538 15.6746 17.5002 19.2798 19.3091 17.5043 15.654 13.1127 9.27299 9.41622 9.69579 10.0406 10.0406 9.69579 9.41622 9.27299 6.13954 4.58827 2.91911 1.82026 1.81826 2.92949 4.58063 6.13962 4.305 2.0851 1.21364 1.02395 1.02395 1.21364 2.0851 
6.88573 3.08891 1.50763 1.08012 1.07979 1.50788 3.09465 6.92449 11.17 7.09292 3.52778 2.05147 2.04258 3.50873 7.09292 11.17 16.5431 20.7154 22.4105 22.8504 22.8504 22.4105 20.7153 16.5427 12.4019 16.0736 18.5995 20.1524 20.1803 18.6135 16.0489 12.3588 7.81884 7.79844 7.55124 7.35003 7.35003 7.55124 7.79844 7.81884 4.51571 3.35184 2.18875 1.47129 1.47036 2.20031 3.35404 4.5236 2.97474 1.54745 1.09894 1.00965 1.00965 1.09894 1.54745 
6.07468 2.8324 1.40426 1.05206 1.05189 1.40408 2.83392 6.0914 9.41027 5.63886 2.58039 1.50562 1.50238 2.57334 5.63886 9.41027 14.9211 18.3551 20.0567 20.452 20.452 20.0567 18.3556 14.9209 12.5442 17.962 20.3269 20.9881 21.003 20.3385 17.95 12.5184 6.75823 6.98874 5.94152 4.82695 4.82695 5.94152 6.98874 6.75823 3.41772 2.37699 1.52599 1.14605 1.14599 1.53042 2.38057 3.42854 2.12885 1.2333 1.02921 1.00191 1.00191 1.02921 1.2333 
6.0914 2.83392 1.40408 1.05189 1.05206 1.40426 2.83392 6.0914 9.41663 5.62017 2.57334 1.50238 1.50562 2.58039 5.63886 9.41027 14.9209 18.3556 20.0567 20.452 20.4058 19.9884 18.3556 14.9209 12.5184 17.95 20.3385 21.003 21.003 20.3385 17.962 12.5184 6.81046 6.99711 5.94056 4.80477 4.82695 5.94152 6.98874 6.75823 3.42854 2.38057 1.53042 1.14599 1.14605 1.52599 2.37699 3.41772 2.12885 1.2333 1.02921 1.00191 1.002 1.0299 1.23655 
6.92449 3.09465 1.50788 1.07979 1.08012 1.50763 3.09465 6.92449 11.1782 7.05549 3.50873 2.04258 2.05147 3.52778 7.09292 11.17 16.5427 20.7153 22.4105 22.8504 22.8867 22.4709 20.7153 16.5427 12.3588 16.0489 18.6135 20.1803 20.1803 18.6135 16.0736 12.3588 7.87602 7.83056 7.54996 7.31113 7.35003 7.55124 7.79844 7.81884 4.5236 3.35404 2.20031 1.47036 1.47129 2.18875 3.35184 4.51571 2.97474 1.54745 1.09894 1.00965 1.01 1.10091 1.55494 
7.89961 3.42707 1.6225 1.11105 1.11149 1.62196 3.42707 7.89961 12.8524 8.34433 4.27533 2.49197 2.5039 4.3002 8.38761 12.836 18.3021 22.6762 24.5735 25.358 25.3777 24.6365 22.6762 18.3021 13.1127 15.654 17.5043 19.3091 19.3091 17.5043 15.6746 13.1127 9.34401 9.4724 9.71336 10.0079 10.0406 9.69579 9.41622 9.27299 6.13962 4.58063 2.92949 1.81826 1.82026 2.91911 4.58827 6.13954 4.305 2.0851 1.21364 1.02395 1.02441 1.21568 2.0918 
6.96484 3.04683 1.52251 1.08838 1.08826 1.51976 3.04683 6.96484 12.286 7.46534 3.6549 2.12741 2.13368 3.66389 7.45306 12.1481 18.189 21.675 22.6133 23.1157 23.477 23.0312 21.675 18.189 14.199 16.116 17.6951 19.4792 19.4792 17.6951 15.9704 14.199 10.2767 11.0444 11.3572 11.6318 11.5867 11.271 10.9353 10.1396 6.9492 5.2327 3.46851 2.20043 2.20229 3.4922 5.29181 6.99642 5.27286 2.59316 1.3318 1.04375 1.04412 1.33458 2.60736 
10.3052 4.46669 1.93206 1.18782 1.18782 1.93206 4.46669 10.3052 17.1513 10.1769 5.03502 2.7411 2.7411 5.03502 10.1769 17.1513 25.1084 28.5207 29.7639 30.0928 30.0889 29.7589 28.5207 25.1084 24.3302 26.5764 27.9165 28.3922 28.3922 27.9165 26.7229 24.4263 21.0856 21.9386 22.8953 23.2866 23.2866 22.8953 21.9386 21.0856 15.3285 12.9792 9.63378 6.7381 6.7381 9.63378 12.9792 15.3285 10.9914 5.18952 2.12365 1.24235 1.24235 2.12365 5.18952 
12.0842 5.18369 2.14328 1.24366 1.24366 2.14328 5.18369 12.0842 19.224 11.6912 5.88483 3.20603 3.20603 5.88483 11.6912 19.224 27.6647 31.3795 32.9437 33.2873 33.2888 32.9443 31.3795 27.6647 26.5182 27.7836 28.708 29.6371 29.6371 28.708 27.7703 26.4803 25.5013 27.8736 29.2562 29.7586 29.7586 29.2562 27.8736 25.5013 16.7263 14.2865 10.5621 7.39413 7.39413 10.5621 14.2865 16.7263 11.8796 5.41508 2.17311 1.23879 1.23879 2.17311 5.41508 
12.8944 5.51087 2.24558 1.26526 1.26526 2.24558 5.51087 12.8944 20.5954 12.4851 6.19606 3.35816 3.35816 6.19606 12.4851 20.5954 29.2417 32.7227 34.1443 34.4541 34.4537 34.1422 32.7227 29.2417 27.74 27.8101 28.9072 30.3796 30.3796 28.9072 27.795 27.7089 27.78 30.4839 32.3758 33.0206 33.0206 32.3758 30.4839 27.78 17.9224 15.4404 11.3359 7.95729 7.95729 11.3359 15.4404 17.9224 12.6826 5.72663 2.26369 1.25749 1.25749 2.26369 5.72663 
13.0848 5.5253 2.21601 1.2406 1.2406 2.21601 5.5253 13.0848 21.2613 12.5105 5.85617 3.09564 3.09564 5.85617 12.5105 21.2613 30.104 33.1764 34.4215 34.7182 34.7177 34.4198 33.1764 30.104 28.2643 27.971 29.1317 30.7677 30.7677 29.1317 27.9641 28.2492 28.6277 31.4476 33.3695 33.9587 33.9587 33.3695 31.4476 28.6277 18.812 16.3211 11.6189 7.96197 7.96197 11.6189 16.3211 18.812 13.4542 6.02327 2.32949 1.26234 1.26234 2.32949 6.02327 
13.0432 5.51328 2.21233 1.23953 1.2406 2.21601 5.5253 13.0848 21.134 12.6221 5.91226 3.1256 3.09564 5.85617 12.5105 21.2613 30.1381 33.1966 34.4198 34.7177 34.7182 34.4215 33.1764 30.104 28.2492 27.9641 29.1316 30.7675 30.7677 29.1317 27.971 28.2643 28.6277 31.4476 33.3695 33.9587 33.9732 33.3988 31.6301 28.5843 18.8045 16.2981 11.6349 7.98139 7.96197 11.6189 16.3211 18.812 13.4542 6.02327 2.32949 1.26234 1.26324 2.33272 6.03832 
12.8216 5.48641 2.23763 1.2632 1.26526 2.24558 5.51087 12.8944 20.4669 12.6465 6.30047 3.40533 3.35816 6.19606 12.4851 20.5954 29.2884 32.7604 34.1422 34.4537 34.4541 34.1443 32.7227 29.2417 27.7089 27.795 28.9069 30.38 30.3796 28.9072 27.8101 27.74 27.78 30.4839 32.3758 33.0206 33.0446 32.4272 30.7579 27.7214 17.9117 15.4 11.3607 7.98872 7.95729 11.3359 15.4404 17.9224 12.6826 5.72663 2.26369 1.25749 1.25883 2.26804 5.74433 
12.0104 5.15876 2.13546 1.24167 1.24366 2.14328 5.18369 12.0842 19.1088 11.8692 6.00149 3.25504 3.20603 5.88483 11.6912 19.224 27.7039 31.4195 32.9443 33.2888 33.2873 32.9437 31.3795 27.6647 26.4803 27.7703 28.7079 29.6371 29.6371 28.708 27.7836 26.5182 25.5013 27.8736 29.2562 29.7586 29.7656 29.2846 27.9998 25.4497 16.7166 14.2443 10.5882 7.42623 7.39413 10.5621 14.2865 16.7263 11.8796 5.41508 2.17311 1.23879 1.24013 2.17731 5.43168 
10.2463 4.44441 1.92503 1.18625 1.18782 1.93206 4.46669 10.3052 17.1012 10.3211 5.10907 2.77417 2.7411 5.03502 10.1769 17.1513 25.0755 28.4905 29.7589 30.0889 30.0928 29.7639 28.5207 25.1084 24.4263 26.7229 27.9189 28.3956 28.3922 27.9165 26.5764 24.3302 21.0856 21.9386 22.8953 23.2866 23.503 23.1224 22.6659 21.2148 15.3758 12.9847 9.69534 6.7993 6.7381 9.63378 12.9792 15.3285 10.9914 5.18952 2.12365 1.24235 1.24502 2.13274 5.22417 
8.73088 3.60327 1.63248 1.11101 1.11222 1.63747 3.61922 8.79315 16.4981 8.75368 3.60389 1.85076 1.85902 3.62486 8.75087 16.3026 27.6177 31.2004 33.0136 33.5289 33.5287 33.0142 31.1908 27.637 30.6429 33.4409 33.9915 33.8028 33.8261 34.0063 33.4611 30.6792 25.572 28.7756 30.0347 30.3952 30.3876 30.018 28.7742 25.6493 16.7358 14.2933 12.1155 9.41677 9.33904 12.1656 14.2534 16.7407 12.5071 6.90616 2.93061 1.59867 1.60414 2.94401 6.93825 
7.57902 2.99911 1.44326 1.0653 1.06637 1.44747 3.01294 7.63113 15.3923 7.58996 2.97864 1.54718 1.55255 2.99254 7.60284 15.1926 27.6632 31.5454 33.5785 34.1705 34.1739 33.5823 31.5351 27.6969 31.5147 33.8086 34.3383 34.3171 34.3149 34.3384 33.8139 31.5419 27.5309 30.9431 32.2897 32.7651 32.7939 32.3394 30.9409 27.6001 17.8423 15.2049 13.1497 10.5074 10.4289 13.1618 15.3467 17.8798 13.0679 7.03617 2.92627 1.60489 1.61206 2.94473 7.07664 
7.02491 2.69756 1.33702 1.04498 1.04582 1.3405 2.70946 7.07186 14.7225 6.94823 2.67254 1.42417 1.4292 2.68731 6.97014 14.5266 27.6132 31.6989 33.8401 34.4674 34.4681 33.8409 31.6885 27.658 32.0375 33.9314 34.4791 34.5897 34.5895 34.4795 33.9366 32.0653 28.6591 32.1616 33.663 34.1432 34.1583 33.692 32.1513 28.7178 18.8393 15.7255 13.2715 10.4109 10.3377 13.2843 15.8937 18.8719 13.4978 7.03993 2.9057 1.5823 1.58898 2.9227 7.079 
6.83623 2.56777 1.28117 1.03161 1.03196 1.28276 2.57314 6.86443 14.4848 6.60655 2.50767 1.34138 1.34413 2.51643 6.62757 14.3183 27.6367 31.7576 33.8813 34.5108 34.5109 33.8814 31.7508 27.6927 32.3107 33.9405 34.5146 34.7124 34.7123 34.5148 33.9429 32.3256 29.2392 32.647 34.1551 34.5481 34.5553 34.1669 32.6358 29.2912 20.0496 16.3585 12.921 9.69255 9.64775 12.9386 16.4765 20.0604 14.0742 6.90526 2.79774 1.49978 1.50344 2.80723 6.93252 
6.86443 2.57314 1.28276 1.03196 1.03196 1.28276 2.57314 6.86443 14.3183 6.62757 2.51643 1.34413 1.34138 2.50767 6.60655 14.4848 27.6367 31.7576 33.8813 34.5108 34.5108 33.8813 31.7576 27.6367 32.3256 33.9429 34.5148 34.7123 34.7124 34.5146 33.9405 32.3107 29.2912 32.6358 34.1555 34.5489 34.5489 34.1553 32.6358 29.2912 20.0604 16.4765 12.9386 9.64775 9.69255 12.921 16.4378 20.1685 14.0742 6.90526 2.79774 1.49978 1.49978 2.79774 6.90526 
7.07186 2.70946 1.3405 1.04582 1.04582 1.3405 2.70946 7.07186 14.5266 6.97014 2.68731 1.4292 1.42417 2.67254 6.94823 14.7225 27.6132 31.6989 33.8401 34.4674 34.4674 33.8401 31.6989 27.6132 32.0653 33.9366 34.4795 34.5895 34.5897 34.4791 33.9314 32.0375 28.7178 32.1513 33.6666 34.1455 34.1461 33.6674 32.1513 28.7178 18.8719 15.8937 13.2843 10.3377 10.4109 13.2715 15.8416 19.0129 13.4978 7.03993 2.9057 1.5823 1.5823 2.9057 7.03993 
7.63113 3.01294 1.44747 1.06637 1.06637 1.44747 3.01294 7.63113 15.1926 7.60284 2.99254 1.55255 1.54718 2.97864 7.58996 15.3923 27.6632 31.5454 33.5785 34.1705 34.1705 33.5785 31.5454 27.6632 31.5419 33.8139 34.3384 34.3149 34.3171 34.3383 33.8086 31.5147 27.6001 30.9409 32.298 32.7682 32.7695 32.2998 30.9409 27.6001 17.8798 15.3467 13.1618 10.4289 10.5074 13.1497 15.3114 18.0078 13.0679 7.03617 2.92627 1.60489 1.60489 2.92627 7.03617 
8.79315 3.61922 1.63747 1.11222 1.11222 1.63747 3.61922 8.79315 16.3026 8.75087 3.62486 1.85902 1.85076 3.60389 8.75368 16.4981 27.6177 31.2004 33.0136 33.5289 33.5289 33.0136 31.2004 27.6177 30.6792 33.4611 34.0063 33.8261 33.8028 33.9915 33.4409 30.6429 25.6493 28.7742 30.0613 30.4301 30.4287 30.0594 28.7742 25.6493 16.7407 14.2534 12.1656 9.33904 9.41677 12.1155 14.3118 16.7947 12.5071 6.90616 2.93061 1.59867 1.59867 2.93061 6.90616 
9.96325 4.12812 1.80412 1.15385 1.15241 1.79884 4.12812 9.96325 17.5536 8.94675 3.8241 1.97616 1.97397 3.83313 8.951 17.5001 28.1998 31.4806 33.2577 33.8959 33.8959 33.2577 31.4806 28.1998 28.9051 32.6537 33.5284 33.2805 33.2424 33.4998 32.6141 28.8865 23.0574 27.6032 29.0895 29.5973 29.5537 29.0617 27.5652 22.9156 10.8826 9.40735 8.732 8.88782 8.9087 8.68127 9.39505 11.1477 8.07939 5.59033 3.20104 1.89338 1.89338 3.20104 5.59033 
11.1472 4.5936 1.9613 1.19771 1.19606 1.95583 4.5936 11.1472 19.7034 10.3465 4.48914 2.2773 2.27533 4.4965 10.3454 19.6322 30.0145 32.7195 34.0373 34.4858 34.4858 34.0373 32.7195 30.0145 30.0702 32.9234 33.7904 33.8814 33.8789 33.785 32.917 30.1037 25.6071 30.4907 32.2678 32.7902 32.8046 32.2734 30.5063 25.5439 12.492 11.4849 11.3177 12.5187 12.6874 11.3398 11.511 12.7983 9.0321 6.28781 3.68232 2.19862 2.19862 3.68232 6.28781 
11.903 4.96146 2.07595 1.22462 1.22291 2.07074 4.96146 11.903 20.7088 10.9489 4.71908 2.36067 2.35915 4.72449 10.9533 20.641 30.9366 33.3121 34.4294 34.7585 34.7585 34.4294 33.3121 30.9366 30.8626 33.1022 33.9423 34.1943 34.1921 33.9378 33.0975 30.8923 27.1521 31.8112 33.5966 34.1584 34.1397 33.5671 31.8056 27.0789 14.209 13.0648 12.6996 13.5329 13.6628 12.7161 13.1 14.5442 10.0834 6.9503 4.05856 2.38478 2.38478 4.05856 6.9503 
12.1186 5.02747 2.0706 1.2102 1.20916 2.06777 5.02747 12.1186 21.0305 11.1106 4.74652 2.34296 2.34239 4.74856 11.1229 20.9654 31.2524 33.4619 34.5452 34.8192 34.8192 34.5452 33.4619 31.2524 31.3297 33.1544 33.9765 34.3671 34.3661 33.9746 33.1526 31.3476 27.9616 32.257 34.0028 34.509 34.4972 33.9826 32.2565 27.8973 16.259 14.283 13.1119 12.5059 12.5818 13.1395 14.3089 16.5525 11.3169 6.93638 3.59395 2.07192 2.07192 3.59395 6.93638 
12.1179 5.02195 2.06777 1.20916 1.20916 2.06777 5.02747 12.1186 20.9693 11.1378 4.74856 2.34239 2.34296 4.74652 11.1378 20.9693 31.2524 33.4619 34.5452 34.8192 34.8187 34.5444 33.4651 31.3179 31.3476 33.1526 33.9746 34.3661 34.3671 33.9765 33.1526 31.3476 27.8973 32.2565 33.9826 34.4972 34.5053 33.995 32.257 27.9616 16.2384 14.2316 13.121 12.5731 12.5784 13.1313 14.2486 16.3378 11.3169 6.93638 3.59395 2.07192 2.08232 3.61432 6.9501 
11.8962 4.94978 2.07074 1.22291 1.22291 2.07074 4.96146 11.903 20.6517 10.9876 4.72449 2.35915 2.36067 4.71908 10.9876 20.6517 30.9366 33.3121 34.4294 34.7585 34.7576 34.4277 33.3357 30.9926 30.8923 33.0975 33.9378 34.1921 34.1943 33.9423 33.0975 30.8923 27.0789 31.8056 33.5671 34.1397 34.1528 33.5851 31.8112 27.1521 14.1632 12.9954 12.6813 13.6686 13.6697 12.6969 13.0165 14.2727 10.0834 6.9503 4.05856 2.38478 2.40776 4.09432 6.95988 
11.1365 4.58144 1.95583 1.19606 1.19606 1.95583 4.5936 11.1472 19.6545 10.3935 4.4965 2.27533 2.2773 4.48914 10.3935 19.6545 30.0145 32.7195 34.0373 34.4858 34.4858 34.0351 32.743 30.0577 30.1037 32.917 33.785 33.8789 33.8814 33.7904 32.917 30.1037 25.5439 30.5063 32.2734 32.8046 32.7947 32.2565 30.4907 25.6071 12.4472 11.4197 11.3076 12.648 12.6683 11.3263 11.4371 12.5479 9.0321 6.28781 3.68232 2.19862 2.22014 3.71535 6.29738 
9.93162 4.11278 1.79884 1.15241 1.15241 1.79884 4.12812 9.96325 17.4855 8.98721 3.83313 1.97397 1.97616 3.8241 8.98721 17.4855 28.1998 31.4806 33.2577 33.8959 33.8933 33.2587 31.5507 28.2857 28.8865 32.6141 33.4998 33.2424 33.2805 33.5284 32.6141 28.8865 22.9156 27.5652 29.0617 29.5537 29.5115 28.9823 27.6032 23.0574 10.8023 9.30112 8.67445 8.93105 8.92988 8.67726 9.30585 10.8799 8.07939 5.59033 3.20104 1.89338 1.90652 3.22326 5.58135 
7.36216 2.99081 1.43152 1.05951 1.05951 1.43152 2.99081 7.36216 13.3961 6.717 2.80179 1.51581 1.51581 2.80179 6.717 13.3961 24.7848 29.0708 31.5233 32.3251 32.2994 31.5092 29.0593 24.8302 23.0093 26.338 27.2793 27.2194 27.0709 27.1123 26.1978 22.9278 17.6413 21.611 22.8182 23.2816 23.1968 22.723 21.5171 17.608 8.81903 6.47674 4.00895 2.59953 2.65421 4.06328 6.45846 8.79512 5.64074 3.01281 1.67164 1.16738 1.16742 1.67183 3.01304 
7.04055 2.74386 1.33997 1.03998 1.03998 1.33997 2.74386 7.04055 13.3159 6.50636 2.64257 1.44454 1.44454 2.64257 6.50636 13.3159 25.2797 29.8107 32.7032 33.6526 33.6639 32.7341 29.7973 25.3383 23.3088 26.8363 28.073 28.6971 28.701 28.0818 26.8626 23.3783 17.7162 23.1291 26.1965 28.0945 28.079 26.1529 23.0806 17.7497 8.03195 5.24867 2.74587 1.58863 1.59469 2.74408 5.19998 7.97231 4.93334 2.3537 1.31177 1.04895 1.04896 1.31177 2.35369 
6.81317 2.60622 1.29755 1.03276 1.03276 1.29755 2.60622 6.81317 13.2259 6.34377 2.54334 1.39963 1.39963 2.54334 6.34377 13.2259 25.5346 30.209 33.2086 34.1688 34.1773 33.2359 30.1924 25.6084 23.3366 26.6426 28.4085 29.5459 29.5498 28.4165 26.6712 23.4136 17.8038 24.5138 28.5659 30.9183 30.8915 28.5078 24.4633 17.8561 6.77927 3.86157 1.86799 1.1684 1.17016 1.86094 3.82385 6.71763 3.93623 1.80353 1.13758 1.01349 1.01349 1.13758 1.80358 
6.66834 2.51061 1.25937 1.02536 1.02536 1.25937 2.51061 6.66834 13.2319 6.2541 2.44789 1.34029 1.34029 2.44789 6.2541 13.2319 25.7711 30.445 33.3879 34.2666 34.2727 33.401 30.4334 25.8782 23.3321 26.4479 28.5272 30.1563 30.1573 28.5308 26.464 23.3751 17.9907 25.7626 30.2335 32.1596 32.1424 30.2027 25.7249 18.0285 5.8017 3.0279 1.48289 1.05572 1.05635 1.47853 3.0079 5.76682 3.05303 1.46818 1.06317 1.00437 1.00437 1.06317 1.46823 
6.68559 2.51535 1.26044 1.02554 1.02536 1.25937 2.51061 6.66834 13.2319 6.2541 2.43607 1.33571 1.33571 2.43607 6.22681 13.2153 25.7711 30.445 33.3879 34.2666 34.2666 33.3879 30.445 25.7711 23.3751 26.464 28.5308 30.1573 30.1573 28.5308 26.464 23.3751 18.0285 25.7249 30.2027 32.1424 32.1424 30.2027 25.7216 18.1095 5.76682 3.0079 1.47853 1.05635 1.05572 1.48289 3.0079 5.76682 3.05303 1.46818 1.06317 1.00437 1.00437 1.06317 1.46818 
6.8448 2.61582 1.29983 1.03315 1.03276 1.29755 2.60622 6.81317 13.2259 6.34377 2.5199 1.39083 1.39083 2.5199 6.29355 13.1975 25.5346 30.209 33.2086 34.1688 34.1688 33.2086 30.209 25.5346 23.4136 26.6712 28.4165 29.5498 29.5498 28.4165 26.6712 23.4136 17.8561 24.4633 28.5078 30.8915 30.8915 28.5078 24.4771 17.9294 6.71763 3.82385 1.86094 1.17016 1.1684 1.86799 3.82385 6.71763 3.93623 1.80353 1.13758 1.01349 1.01349 1.13758 1.80353 
7.0744 2.75437 1.34253 1.04043 1.03998 1.33997 2.74386 7.04055 13.3159 6.50636 2.61736 1.43513 1.43513 2.61736 6.45194 13.2849 25.2797 29.8107 32.7032 33.6526 33.6526 32.7032 29.8107 25.2797 23.3783 26.8626 28.0818 28.701 28.701 28.0818 26.8626 23.3783 17.7497 23.0806 26.1529 28.079 28.079 26.1529 23.0878 17.8051 7.97231 5.19998 2.74408 1.59469 1.58863 2.74587 5.19998 7.97231 4.93334 2.3537 1.31177 1.04895 1.04895 1.31177 2.3537 
7.37058 2.99402 1.43272 1.05983 1.05951 1.43152 2.99081 7.36216 13.3961 6.717 2.77197 1.50568 1.50568 2.77197 6.64285 13.3041 24.7848 29.0708 31.5233 32.3251 32.3251 31.5233 29.0708 24.7848 22.9278 26.1978 27.1123 27.0709 27.0709 27.1123 26.1978 22.9278 17.608 21.5171 22.723 23.1968 23.1968 22.723 21.4995 17.6546 8.79512 6.45846 4.06328 2.65421 2.59953 4.00895 6.45846 8.79512 5.64074 3.01281 1.67164 1.16738 1.16738 1.67164 3.01281 
4.78989 1.97256 1.17217 1.0194 1.01905 1.17033 1.97256 4.78989 9.61467 4.5718 1.88508 1.18129 1.18129 1.88508 4.57177 9.61356 19.9196 25.5973 28.1191 28.7801 28.6512 28.0012 25.5973 19.9196 14.0641 13.3246 12.9399 13.185 13.185 12.9399 13.3246 14.0641 13.7408 16.9047 15.5511 13.9571 13.888 15.4609 16.9041 13.7424 6.71755 4.45122 2.29389 1.47071 1.4705 2.29346 4.45122 6.71755 3.35305 1.50109 1.05373 1.00203 1.00203 1.05373 1.50109 
4.75961 1.94372 1.16779 1.01926 1.01892 1.16629 1.94372 4.75961 9.49476 4.44045 1.82051 1.15307 1.15307 1.82051 4.44045 9.49329 20.4682 27.5843 30.4255 31.2836 31.3048 30.4615 27.5843 20.4682 13.5587 11.9381 9.9247 9.14963 9.14963 9.9247 11.9381 13.5587 13.1464 16.7085 14.0033 11.0303 11.0431 14.0035 16.7082 13.1491 6.15435 3.71449 1.84857 1.27263 1.27268 1.84831 3.71449 6.15435 3.06892 1.43606 1.05507 1.00417 1.00417 1.05507 1.43606 
4.74681 1.92613 1.16101 1.01834 1.01802 1.15961 1.92613 4.74681 9.57629 4.47908 1.82151 1.15011 1.15011 1.82151 4.47911 9.57471 20.8692 28.6971 31.8972 32.8766 32.895 31.932 28.6971 20.8692 13.1461 11.0431 8.4104 6.74907 6.74907 8.4104 11.0431 13.1461 12.8168 16.422 13.0114 9.3082 9.32079 13.0117 16.4215 12.8191 6.04193 3.56259 1.7751 1.25772 1.25778 1.77478 3.56259 6.04193 3.0352 1.44297 1.06085 1.00521 1.00521 1.06085 1.44297 
4.72905 1.90797 1.1451 1.01458 1.01442 1.14438 1.90797 4.72905 9.54958 4.49821 1.82127 1.13991 1.13991 1.82127 4.49824 9.54773 20.8953 29.0788 32.3761 33.3652 33.3784 32.3992 29.0788 20.8953 12.8054 10.855 7.80329 4.94356 4.94356 7.80329 10.855 12.8054 12.7302 16.2651 12.5872 8.65218 8.65931 12.5872 16.2645 12.7323 6.06707 3.43677 1.70365 1.21285 1.21287 1.70341 3.43677 6.06707 3.06797 1.45546 1.06027 1.00493 1.00493 1.06027 1.45546 
4.73326 1.90644 1.14438 1.01442 1.01458 1.1451 1.90797 4.72905 9.54773 4.49824 1.8213 1.1399 1.13991 1.82127 4.49821 9.54958 20.8789 29.0877 32.3992 33.3784 33.3784 32.3992 29.0877 20.8789 12.8044 10.8541 7.79892 4.94233 4.94356 7.80329 10.855 12.8054 12.7323 16.2645 12.5872 8.65931 8.65931 12.5872 16.2651 12.7302 6.04599 3.4362 1.70341 1.21287 1.21166 1.69997 3.42859 6.09219 3.06797 1.45546 1.06027 1.00493 1.0049 1.06022 1.45607 
4.74983 1.92274 1.15961 1.01802 1.01834 1.16101 1.92613 4.74681 9.57471 4.47911 1.82154 1.15011 1.15011 1.82151 4.47908 9.57629 20.8378 28.7202 31.932 32.895 32.895 31.932 28.7202 20.8378 13.1441 11.0402 8.40495 6.74718 6.74907 8.4104 11.0431 13.1461 12.8191 16.4215 13.0117 9.32079 9.32079 13.0117 16.422 12.8168 6.01715 3.56202 1.77478 1.25778 1.25593 1.76977 3.55229 6.06966 3.0352 1.44297 1.06085 1.00521 1.00519 1.06097 1.4447 
4.76061 1.93985 1.16629 1.01892 1.01926 1.16779 1.94372 4.75961 9.49329 4.44045 1.82052 1.15307 1.15307 1.82051 4.44045 9.49476 20.4484 27.6017 30.4615 31.3048 31.3048 30.4615 27.6017 20.4484 13.5557 11.9343 9.92 9.14794 9.14963 9.9247 11.9381 13.5587 13.1491 16.7082 14.0035 11.0431 11.0431 14.0035 16.7085 13.1464 6.11908 3.71396 1.84831 1.27268 1.27243 1.84754 3.70799 6.18727 3.06892 1.43606 1.05507 1.00417 1.00416 1.05522 1.43781 
4.76985 1.96534 1.17033 1.01905 1.0194 1.17217 1.97256 4.78989 9.61356 4.57177 1.88507 1.1813 1.18129 1.88508 4.5718 9.61467 19.809 25.4512 28.0012 28.6512 28.6512 28.0012 25.4512 19.809 13.9616 13.1575 12.7691 13.0377 13.185 12.9399 13.3246 14.0641 13.7424 16.9041 15.4609 13.888 13.888 15.4609 16.9047 13.7408 6.59751 4.45195 2.29346 1.4705 1.4721 2.2924 4.44014 6.74235 3.35305 1.50109 1.05373 1.00203 1.00219 1.05427 1.50159 
1.68959 1.12584 1.01624 1.00137 1.00138 1.01623 1.12542 1.68405 3.24196 1.64926 1.0959 1.01073 1.01073 1.09591 1.64953 3.25509 10.2131 13.4521 15.0076 15.5289 15.5289 15.0076 13.4521 10.2131 6.02891 4.71481 4.1242 4.28202 4.28202 4.1242 4.71481 6.02891 7.35739 9.32544 8.42553 7.45221 7.45221 8.42553 9.32544 7.35739 3.02142 1.9978 1.29814 1.0683 1.06821 1.29302 1.99934 2.96956 1.62584 1.09365 1.00938 1.00031 1.00032 1.00951 1.09475 
1.18303 1.02983 1.00311 1 1.00001 1.00315 1.03011 1.18412 1.60986 1.12873 1.01384 1.00053 1.00052 1.0138 1.12855 1.61046 4.26006 5.65974 6.45641 6.7254 6.7254 6.45641 5.65974 4.26006 2.73074 2.0347 1.77105 1.87182 1.87182 1.77105 2.0347 2.73074 3.67895 4.58103 3.80253 3.02129 3.02129 3.80253 4.58103 3.67895 1.55434 1.21857 1.0495 1.00742 1.00753 1.05018 1.21668 1.55016 1.16693 1.02286 1.00185 0.999824 0.99982 1.00184 1.02272 
1.02713 1.00354 1.00021 0.999929 0.999929 1.00022 1.00356 1.02728 1.09387 1.01423 1.00077 0.999822 0.99982 1.00076 1.01415 1.09378 1.82982 2.31435 2.63814 2.69862 2.69862 2.63814 2.31435 1.82982 1.35911 1.17111 1.10803 1.13149 1.13149 1.10803 1.17111 1.35911 1.9248 2.17416 1.72841 1.37162 1.37162 1.72841 2.17416 1.9248 1.08974 1.02504 1.00385 1.00015 1.00015 1.00388 1.02505 1.0878 1.02304 1.00263 1.00008 0.999943 0.999944 1.00008 1.0026 
1.00292 1.0002 0.999904 0.999981 0.999981 0.999905 1.0002 1.00293 1.00982 1.00065 0.999856 0.999975 0.999975 0.999853 1.00064 1.00982 1.16836 1.3213 1.43904 1.43678 1.43678 1.43904 1.3213 1.16836 1.04828 1.02225 1.01279 1.01706 1.01706 1.01279 1.02225 1.04828 1.28561 1.35768 1.17431 1.05015 1.05015 1.17431 1.35768 1.28561 1.01114 1.00128 0.999954 0.999912 0.999913 0.999954 1.00133 1.01076 1.00191 1.00006 0.99993 0.999992 0.999992 0.99993 1.00005 
1.00293 1.0002 0.999905 0.999981 0.999981 0.999905 1.0002 1.00293 1.00982 1.00065 0.999856 0.999975 0.999975 0.999856 1.00065 1.00982 1.16919 1.32477 1.44891 1.44351 1.43678 1.43904 1.3213 1.16836 1.04786 1.02219 1.01279 1.01706 1.01706 1.01279 1.02225 1.04828 1.2891 1.35768 1.17406 1.04992 1.05015 1.17431 1.35768 1.28561 1.01076 1.00133 0.999954 0.999913 0.999913 0.999954 1.00133 1.01076 1.00191 1.00006 0.99993 0.999992 0.999992 0.99993 1.00006 
1.02728 1.00356 1.00022 0.999929 0.999929 1.00022 1.00356 1.02728 1.09387 1.01423 1.00077 0.999822 0.999822 1.00077 1.01423 1.09387 1.83096 2.32562 2.66582 2.71728 2.69862 2.63814 2.31435 1.82982 1.3572 1.17072 1.10799 1.13148 1.13149 1.10803 1.17111 1.35911 1.93174 2.17423 1.72763 1.37006 1.37162 1.72841 2.17416 1.9248 1.0878 1.02505 1.00388 1.00015 1.00015 1.00388 1.02505 1.0878 1.02304 1.00263 1.00008 0.999943 0.999943 1.00008 1.00263 
1.18412 1.03011 1.00315 1.00001 1.00001 1.00315 1.03011 1.18412 1.60986 1.12873 1.01384 1.00053 1.00053 1.01384 1.12873 1.60986 4.25564 5.68686 6.50663 6.76208 6.7254 6.45641 5.65974 4.26006 2.72699 2.0316 1.76874 1.87009 1.87182 1.77105 2.0347 2.73074 3.67652 4.58114 3.80565 3.01574 3.02129 3.80253 4.58103 3.67895 1.55016 1.21668 1.05018 1.00753 1.00753 1.05018 1.21668 1.55016 1.16693 1.02286 1.00185 0.999824 0.999824 1.00185 1.02286 
1.68405 1.12542 1.01623 1.00138 1.00138 1.01623 1.12542 1.68405 3.24196 1.64926 1.0959 1.01073 1.01073 1.0959 1.64926 3.24196 10.1175 13.3794 14.9049 15.4285 15.5289 15.0076 13.4521 10.2131 5.99626 4.68858 4.10024 4.25432 4.28202 4.1242 4.71481 6.02891 7.36416 9.32419 8.40723 7.41255 7.45221 8.42553 9.32544 7.35739 2.96956 1.99934 1.29302 1.06821 1.06821 1.29302 1.99934 2.96956 1.62584 1.09365 1.00938 1.00031 1.00031 1.00938 1.09365 
1.11164 1.01852 1.00257 1.00026 1.00026 1.00257 1.01852 1.11164 1.52175 1.10321 1.01272 1.00095 1.00095 1.01272 1.10321 1.52175 4.16168 5.89504 6.38872 6.82509 6.82509 6.38872 5.89504 4.16168 2.94714 2.32485 2.09772 1.84004 1.84004 2.09772 2.32485 2.94714 3.65486 4.50113 3.70634 2.90837 2.90837 3.70634 4.50113 3.65486 1.59885 1.18927 1.0412 1.00597 1.00597 1.0412 1.18927 1.59885 1.12769 1.01743 1.00154 1.00013 1.00013 1.00154 1.01743 
1.01233 1.00198 1.00015 0.999957 0.999957 1.00015 1.00198 1.01233 1.094 1.01434 1.00124 0.999913 0.999913 1.00124 1.01434 1.094 2.58256 3.65147 3.93194 3.78703 3.78703 3.93194 3.65147 2.58256 1.64155 1.38302 1.27676 1.17137 1.17137 1.27676 1.38302 1.64155 1.63396 1.83019 1.53526 1.30404 1.30404 1.53526 1.83019 1.63396 1.11386 1.02867 1.00438 1.00023 1.00023 1.00438 1.02867 1.11386 1.02412 1.00316 1.00029 0.999944 0.999944 1.00029 1.00316 
1.00046 1.00008 0.999967 0.999991 0.999991 0.999967 1.00008 1.00046 1.01337 1.00156 0.999969 0.99994 0.99994 0.999969 1.00156 1.01337 1.56939 2.13868 2.36673 2.012 2.012 2.36673 2.13868 1.56939 1.1463 1.07396 1.04584 1.02259 1.02259 1.04584 1.07396 1.1463 1.09592 1.1201 1.06252 1.02716 1.02716 1.06252 1.1201 1.09592 1.01599 1.00298 1.00013 0.999869 0.999869 1.00013 1.00298 1.01599 1.00334 1.00032 0.999961 0.999984 0.999984 0.999961 1.00032 
0.999911 0.99996 0.999992 1 1 0.999992 0.99996 0.999911 1.00135 0.999937 0.999952 0.999992 0.999992 0.999952 0.999937 1.00135 1.14561 1.34668 1.45445 1.29197 1.29197 1.45445 1.34668 1.14561 1.02148 1.0079 1.00429 1.00178 1.00178 1.00429 1.0079 1.02148 1.00696 1.0091 1.00366 1.00115 1.00115 1.00366 1.0091 1.00696 1.00142 0.999998 0.999924 0.99998 0.99998 0.999924 0.999998 1.00142 1.00036 0.999949 0.999982 1 1 0.999982 0.999949 
0 0 0 0 1 0.999992 0.99996 0.999911 1.00135 0.999937 0.999952 0.999992 0.999992 0.999952 0.999936 1.00151 1.14561 1.34668 1.45445 1.29197 1.28835 1.44624 1.34056 1.14364 1.02128 1.00778 1.00421 1.00174 1.00178 1.00429 1.0079 1.02148 1.00718 1.00922 1.00368 1.00113 1.00115 1.00366 1.0091 1.00696 1.00142 0.999998 0.999923 0.99998 0.99998 0.999924 0.999998 1.00142 1.00036 0.999949 0.999982 1 0 0 0 
0 0 0 0 0.999991 0.999967 1.00008 1.00046 1.01337 1.00156 0.999969 0.99994 0.99994 0.999968 1.00156 1.01429 1.56939 2.13868 2.36673 2.012 2.00082 2.34618 2.12046 1.56188 1.14491 1.07294 1.04522 1.0223 1.02259 1.04584 1.07396 1.1463 1.09715 1.1209 1.06268 1.02706 1.02716 1.06252 1.1201 1.09592 1.01599 1.00298 1.00013 0.999868 0.999869 1.00013 1.00298 1.01599 1.00334 1.00032 0.999961 0.999984 0 0 0 
0 0 0 0 0.999957 1.00015 1.00198 1.01233 1.094 1.01434 1.00124 0.999913 0.999912 1.00124 1.01433 1.09744 2.58256 3.65147 3.93194 3.78703 3.77088 3.91874 3.63538 2.57125 1.63688 1.37902 1.27395 1.16987 1.17137 1.27676 1.38302 1.64155 1.63942 1.83424 1.53646 1.30366 1.30404 1.53526 1.83019 1.63396 1.11385 1.02867 1.00441 1.00024 1.00023 1.00438 1.02867 1.11386 1.02412 1.00316 1.00029 0.999944 0 0 0 
