0 0 0 0 1.00111 1.01092 1.0985 1.55293 2.55215 1.6055 1.1357 1.02538 1.02545 1.13616 1.60738 2.5621 4.49503 4.99889 5.28924 5.33546 5.32572 5.2712 4.98002 4.48782 5.36851 6.24017 7.49821 9.58457 9.58416 7.50919 6.24561 5.36321 2.88108 2.9014 2.60874 2.34632 2.33871 2.59379 2.88292 2.85814 1.73356 1.30548 1.07964 1.018 1.01839 1.07992 1.30546 1.73351 1.35075 1.08156 1.01142 1.00115 0 0 0 
0 0 0 0 1.00009 1.00194 1.02014 1.11534 1.31704 1.10113 1.01854 1.00232 1.00233 1.01861 1.10146 1.31909 1.97513 2.02976 2.09776 2.10273 2.10098 2.09392 2.02579 1.97855 3.40471 4.57945 5.75337 6.96293 6.95616 5.75169 4.57266 3.3907 1.67652 1.76641 1.47692 1.2848 1.28689 1.4803 1.77083 1.67486 1.13544 1.04536 1.00964 1.00113 1.00117 1.00965 1.04536 1.13543 1.06699 1.01381 1.00161 1.00003 0 0 0 
0 0 0 0 0.999951 1.00025 1.00228 1.01413 1.03791 1.00998 1.00126 0.999894 0.999895 1.00127 1.01001 1.03817 1.18891 1.16542 1.17793 1.17231 1.172 1.17722 1.16477 1.19136 2.17853 3.59579 4.73929 4.79475 4.77307 4.72132 3.57623 2.16287 1.15821 1.19033 1.09905 1.04296 1.04348 1.10027 1.19244 1.15773 1.01678 1.00443 1.00073 1.00002 1.00003 1.00073 1.00443 1.01677 1.00831 1.00165 1.00003 0.99995 0 0 0 
0 0 0 0 0.999987 0.999975 1.00014 1.00142 1.00226 1.0001 0.999861 0.999933 0.999932 0.999862 1.0001 1.00228 1.02735 1.01485 1.01568 1.01474 1.0147 1.01559 1.01478 1.02823 1.41422 2.71524 4.21571 3.07056 3.04533 4.15934 2.68219 1.40811 1.02764 1.0344 1.01409 1.00431 1.00438 1.01429 1.03485 1.02733 1.0012 1.00008 0.999969 0.999969 0.999968 0.999969 1.00008 1.0012 1.00078 1.00003 0.999953 0.99999 0 0 0 
1.00142 1.00014 0.999975 0.999987 0.999987 0.999975 1.00014 1.00142 1.00228 1.0001 0.999862 0.999932 0.999932 0.999862 1.0001 1.00226 1.02735 1.01485 1.01568 1.01474 1.01474 1.01568 1.01485 1.02735 1.41422 2.71524 4.21571 3.07056 3.07056 4.21571 2.71524 1.41422 1.02733 1.03485 1.01429 1.00438 1.00438 1.01429 1.03485 1.02733 1.0012 1.00008 0.999969 0.999968 0.999968 0.999969 1.00008 1.0012 1.00078 1.00003 0.999953 0.99999 0.99999 0.999953 1.00003 
1.01413 1.00228 1.00025 0.999951 0.999951 1.00025 1.00228 1.01413 1.03817 1.01001 1.00127 0.999895 0.999895 1.00127 1.00998 1.03791 1.18891 1.16542 1.17793 1.17231 1.17231 1.17793 1.16542 1.18891 2.17853 3.59579 4.73929 4.79475 4.79475 4.73929 3.59579 2.17853 1.15773 1.19244 1.10027 1.04348 1.04348 1.10027 1.19244 1.15773 1.01677 1.00443 1.00073 1.00003 1.00003 1.00073 1.00443 1.01677 1.00831 1.00165 1.00003 0.99995 0.99995 1.00003 1.00165 
1.11534 1.02014 1.00194 1.00009 1.00009 1.00194 1.02014 1.11534 1.31909 1.10146 1.01861 1.00233 1.00233 1.01861 1.10113 1.31704 1.97513 2.02976 2.09776 2.10273 2.10273 2.09776 2.02976 1.97513 3.40471 4.57945 5.75337 6.96293 6.96293 5.75337 4.57945 3.40471 1.67486 1.77083 1.4803 1.28689 1.28689 1.4803 1.77083 1.67486 1.13543 1.04536 1.00965 1.00117 1.00117 1.00965 1.04536 1.13543 1.06699 1.01381 1.00161 1.00003 1.00003 1.00161 1.01381 
1.55293 1.0985 1.01092 1.00111 1.00111 1.01092 1.0985 1.55293 2.5621 1.60738 1.13616 1.02545 1.02545 1.13616 1.6055 2.55215 4.49503 4.99889 5.28924 5.33546 5.33546 5.28924 4.99889 4.49503 5.36851 6.24017 7.49821 9.58457 9.58457 7.49821 6.24017 5.36851 2.85814 2.88292 2.59379 2.33871 2.33871 2.59379 2.88292 2.85814 1.73351 1.30546 1.07992 1.01839 1.01839 1.07992 1.30546 1.73351 1.35075 1.08156 1.01142 1.00115 1.00115 1.01142 1.08156 
3.22311 1.74006 1.1639 1.02145 1.02145 1.1639 1.74006 3.22311 5.11148 2.9909 1.527 1.13974 1.14213 1.53367 2.95612 5.08552 8.57462 9.97005 10.4433 10.5314 10.5314 10.4433 9.97661 8.61055 8.02963 8.74307 9.75095 11.2337 11.1951 9.66976 8.66083 7.9605 6.19464 6.49128 6.7105 6.87698 6.70113 6.56721 6.40811 6.08057 3.30525 2.25547 1.48557 1.18853 1.18853 1.48557 2.25547 3.30525 2.05656 1.22512 1.02321 1.00119 1.00119 1.02321 1.22512 
2.02929 1.35315 1.05947 1.00591 1.00591 1.05947 1.35315 2.02929 2.55361 1.6408 1.13249 1.02371 1.0238 1.13291 1.63426 2.5565 4.50784 4.99573 5.21311 5.23379 5.23379 5.21311 5.01041 4.52965 5.59178 6.41914 6.91192 7.33425 7.34485 6.91303 6.41601 5.58142 3.23917 3.08983 3.01171 2.84628 2.84716 3.05862 3.21191 3.24439 1.67308 1.27189 1.06268 1.01622 1.01622 1.06268 1.27189 1.67308 1.26653 1.04353 1.00355 0.9999 0.9999 1.00355 1.04353 
1.29288 1.09282 1.01127 1.00059 1.00059 1.01127 1.09282 1.29288 1.34776 1.11228 1.01622 1.00138 1.00139 1.01626 1.11089 1.34726 2.08336 2.11584 2.14017 2.11479 2.11479 2.14017 2.12311 2.09778 4.26719 5.42039 5.78007 5.37675 5.39146 5.78416 5.4313 4.2779 1.82752 1.62579 1.52748 1.38613 1.38765 1.54397 1.67051 1.76344 1.12185 1.03449 1.00358 1.00021 1.00021 1.00358 1.03449 1.12185 1.04275 1.00569 1.00031 0.999931 0.999931 1.00031 1.00569 
1.06304 1.01661 1.00126 0.999833 0.999833 1.00126 1.01661 1.06304 1.05783 1.01306 1.00076 0.999734 0.999733 1.00076 1.01283 1.05769 1.29413 1.26436 1.25938 1.23807 1.23807 1.25938 1.26665 1.29971 3.38119 5.40069 6.56399 4.56774 4.59524 6.62919 5.45385 3.41229 1.26487 1.16473 1.11449 1.0542 1.0554 1.11951 1.17988 1.22088 1.01622 1.00232 0.999827 0.999941 0.999941 0.999827 1.00232 1.01622 1.00529 1.00052 0.999892 0.999976 0.999976 0.999892 1.00052 
1.06306 1.01657 1.00125 0.999832 0.999833 1.00126 1.01661 1.06304 1.05769 1.01283 1.00076 0.999733 0.999733 1.00076 1.01306 1.05783 1.29413 1.26436 1.26355 1.23933 1.23933 1.26355 1.26436 1.29413 3.41229 5.45385 6.62919 4.59524 4.59524 6.62919 5.45385 3.41229 1.22088 1.17988 1.11951 1.0554 1.0542 1.11449 1.17988 1.22088 1.01622 1.00234 0.999848 0.999944 0.999944 0.999848 1.00234 1.01624 1.00529 1.00052 0.999892 0.999976 0.999976 0.999892 1.00052 
1.29292 1.09246 1.01123 1.00059 1.00059 1.01127 1.09282 1.29288 1.34726 1.11089 1.01626 1.00139 1.00139 1.01626 1.11228 1.34776 2.08336 2.11584 2.15302 2.11825 2.11825 2.15302 2.11584 2.08336 4.2779 5.4313 5.78416 5.39146 5.39146 5.78416 5.4313 4.2779 1.76344 1.67051 1.54397 1.38765 1.38613 1.52748 1.67051 1.76344 1.12184 1.03467 1.00379 1.00026 1.00026 1.00379 1.03482 1.12261 1.04275 1.00569 1.00031 0.999931 0.999931 1.00031 1.00569 
2.02808 1.35153 1.05919 1.00587 1.00591 1.05947 1.35315 2.02929 2.5565 1.63426 1.13291 1.0238 1.0238 1.13291 1.6408 2.55361 4.50784 4.99573 5.23243 5.22813 5.22813 5.23243 4.99573 4.50784 5.58142 6.41601 6.91303 7.34485 7.34485 6.91303 6.41601 5.58142 3.24439 3.21191 3.05862 2.84716 2.84628 3.01171 3.21191 3.24439 1.67305 1.27316 1.06451 1.01677 1.01677 1.06451 1.27456 1.67871 1.26653 1.04353 1.00355 0.9999 0.9999 1.00355 1.04352 
3.23598 1.7439 1.16472 1.02156 1.02145 1.1639 1.74006 3.22311 5.08552 2.95612 1.53367 1.14213 1.14213 1.53367 2.9909 5.11148 8.57462 9.97005 10.5244 10.6794 10.6794 10.5244 9.97005 8.57462 7.9605 8.66083 9.66976 11.1951 11.1951 9.66976 8.66083 7.9605 6.08057 6.40811 6.56721 6.70113 6.87698 6.7105 6.40811 6.08057 3.3125 2.2627 1.50236 1.19528 1.19528 1.50236 2.27841 3.34348 2.05656 1.22512 1.02321 1.00119 1.00119 1.02321 1.22511 
6.93715 3.07392 1.55274 1.10329 1.10354 1.55606 3.09175 7.00325 12.0903 7.44904 3.76492 2.2343 2.2343 3.76492 7.45062 12.0544 17.9966 21.5366 22.8509 23.4734 23.4734 22.8509 21.5366 17.9966 13.7815 15.7384 17.6729 19.3353 19.3353 17.6729 15.7384 13.7815 10.2619 10.8065 11.4816 11.8927 12.0046 11.6931 10.8065 10.2619 7.10213 5.4371 3.71645 2.38775 2.35999 3.65336 5.34493 6.99596 5.36574 2.71237 1.37964 1.05594 1.05552 1.37668 2.69724 
7.76891 3.42383 1.64728 1.12715 1.12676 1.64818 3.43269 7.8162 12.6397 8.25972 4.34142 2.60045 2.60045 4.34142 8.2754 12.6441 17.9767 22.2873 24.2335 24.999 24.999 24.2335 22.2873 17.9767 13.0656 15.835 17.7076 19.3485 19.3485 17.7076 15.835 13.0656 9.07522 9.18368 9.66063 10.1298 10.0335 9.69769 9.18368 9.07522 6.07995 4.60702 2.98638 1.91753 1.96125 3.06291 4.61444 6.07658 4.41147 2.20616 1.25447 1.03209 1.03161 1.25246 2.19979 
6.9267 3.1598 1.55137 1.09531 1.095 1.55189 3.16655 6.96575 11.1221 7.06974 3.59591 2.1376 2.1376 3.59591 7.08301 11.1259 16.4351 20.607 22.3957 22.8611 22.8611 22.3957 20.607 16.4351 12.5127 16.6846 19.0558 20.3192 20.3192 19.0558 16.6846 12.5127 7.71371 7.56049 7.54326 7.47087 7.36985 7.53852 7.56049 7.71371 4.54339 3.39295 2.23216 1.53491 1.56894 2.2982 3.40402 4.53902 3.11365 1.63701 1.12332 1.01334 1.01294 1.12119 1.62942 
6.2176 2.96422 1.46705 1.06709 1.06691 1.467 2.96634 6.2351 9.56192 5.73938 2.69341 1.5849 1.5849 2.69341 5.7467 9.56407 15.0675 18.4405 20.2053 20.6215 20.6215 20.2053 18.4405 15.0675 13.084 18.5662 20.5479 21.0007 21.0007 20.5479 18.5662 13.084 6.84267 6.84594 6.01598 5.08787 5.03148 6.01501 6.84594 6.84267 3.52651 2.46442 1.58567 1.18061 1.18919 1.61044 2.47632 3.52756 2.25473 1.28397 1.03981 1.00308 1.00296 1.03899 1.28041 
6.2351 2.96634 1.467 1.06691 1.06691 1.467 2.96634 6.2351 9.56192 5.73938 2.6858 1.58146 1.5849 2.69341 5.73938 9.56192 15.0675 18.4405 20.1695 20.6 20.6215 20.2053 18.4502 15.0732 13.0819 18.567 20.5596 21.0145 21.0007 20.5479 18.5662 13.084 6.92591 6.85415 6.01501 5.03148 5.08787 6.01598 6.84594 6.84267 3.51872 2.47417 1.61044 1.18919 1.18061 1.58567 2.46442 3.52651 2.25473 1.28397 1.03981 1.00308 1.00308 1.03981 1.28397 
6.96575 3.16655 1.55189 1.095 1.095 1.55189 3.16655 6.96575 11.1221 7.06974 3.57611 2.12864 2.1376 3.59591 7.06974 11.1221 16.4351 20.607 22.4049 22.8712 22.8611 22.3957 20.6274 16.4484 12.5114 16.6855 19.072 20.3443 20.3192 19.0558 16.6846 12.5127 7.79358 7.59407 7.53852 7.36985 7.47087 7.54326 7.56049 7.71371 4.5352 3.40597 2.2982 1.56894 1.53491 2.23216 3.39295 4.54339 3.11365 1.63701 1.12332 1.01334 1.01334 1.12332 1.63701 
7.8162 3.43269 1.64818 1.12676 1.12676 1.64818 3.43269 7.8162 12.6397 8.25972 4.31591 2.58868 2.60045 4.34142 8.25972 12.6397 17.9767 22.2873 24.2388 24.9992 24.999 24.2335 22.3084 17.9931 13.0639 15.8369 17.715 19.3741 19.3485 17.7076 15.835 13.0656 9.17228 9.25556 9.69769 10.0335 10.1298 9.66063 9.18368 9.07522 6.0791 4.62363 3.06291 1.96125 1.91753 2.98638 4.60702 6.07995 4.41147 2.20616 1.25447 1.03209 1.03209 1.25447 2.20616 
7.00325 3.09175 1.55606 1.10354 1.10354 1.55606 3.09175 7.00325 12.0903 7.44904 3.75609 2.22854 2.2343 3.76492 7.44904 12.0903 17.9966 21.5366 22.8993 23.4987 23.4734 22.8509 21.6337 18.0906 13.7867 15.7421 17.8288 19.479 19.3353 17.6729 15.7384 13.7815 10.424 10.9395 11.6931 12.0046 11.8927 11.4816 10.8065 10.2619 7.04387 5.40297 3.65336 2.35999 2.38775 3.71645 5.4371 7.10213 5.36574 2.71237 1.37964 1.05594 1.05594 1.37964 2.71237 
10.3268 4.56042 2.00266 1.22122 1.22122 2.00266 4.56042 10.3268 17.1444 10.2598 5.31558 2.98505 3.00355 5.35463 10.2598 17.1444 24.9591 28.2682 29.9758 30.4282 30.3695 29.9258 28.2332 24.9454 23.9451 26.2399 27.6521 28.1266 28.1283 27.6548 26.3902 24.0402 20.682 21.942 23.0378 23.433 23.433 23.0378 21.942 20.682 15.0109 12.7133 9.75736 7.02826 7.16486 9.87737 12.7353 15.0551 10.9745 5.5315 2.25425 1.30297 1.30296 2.2542 5.53115 
12.0992 5.30047 2.22887 1.28503 1.28503 2.22887 5.30047 12.0992 19.0266 11.6721 6.1875 3.50268 3.52727 6.23759 11.6721 19.0266 27.3006 30.9128 32.5657 33.0268 33.0346 32.5803 30.9392 27.3494 26.0884 27.4035 28.4072 29.2577 29.2577 28.4076 27.3914 26.0484 24.9151 27.5048 29.0089 29.5274 29.5274 29.0089 27.5048 24.9151 16.2881 13.8617 10.632 7.66834 7.73206 10.6562 13.8202 16.2802 11.6877 5.64561 2.28291 1.29114 1.29115 2.28296 5.64551 
12.9667 5.66626 2.34786 1.31268 1.31268 2.34786 5.66626 12.9667 20.4288 12.4998 6.50624 3.67424 3.69923 6.55508 12.4998 20.4288 28.9152 32.3784 33.9049 34.3217 34.3252 33.9149 32.3985 28.9591 27.1773 27.1973 28.3181 29.8327 29.8331 28.3177 27.1829 27.1469 27.1808 30.2241 32.1858 32.8376 32.8376 32.1858 30.2241 27.1808 17.437 14.9229 11.3592 8.22243 8.2824 11.3791 14.8702 17.4283 12.3982 5.90639 2.36493 1.31043 1.31044 2.36497 5.9063 
13.1883 5.70584 2.32595 1.28685 1.28685 2.32595 5.70584 13.1883 21.172 12.5344 6.12205 3.39897 3.41414 6.14637 12.5344 21.172 29.7918 32.9483 34.2735 34.6388 34.6407 34.2781 32.9561 29.8144 27.5288 27.1588 28.3461 30.0284 30.0289 28.3454 27.1529 27.5141 28.0439 31.2033 33.1869 33.799 33.799 33.1869 31.2033 28.0439 18.4246 15.8356 11.584 8.29696 8.3356 11.5957 15.7984 18.419 13.2005 6.20736 2.44296 1.31734 1.31736 2.44302 6.20741 
13.1523 5.69269 2.32201 1.28567 1.28685 2.32595 5.70584 13.1883 21.172 12.5344 6.14637 3.41414 3.41414 6.14637 12.5275 21.2115 29.7918 32.9483 34.2781 34.6407 34.6388 34.2735 32.9483 29.7918 27.5141 27.1529 28.3454 30.0289 30.0289 28.3454 27.1529 27.5141 27.9458 31.2481 33.1982 33.8047 33.799 33.1869 31.2095 28.0679 18.419 15.7984 11.5957 8.3356 8.3356 11.5957 15.7984 18.419 13.2005 6.20736 2.44296 1.31734 1.31734 2.44296 6.20736 
12.9009 5.64019 2.3393 1.31038 1.31268 2.34786 5.66626 12.9667 20.4288 12.4998 6.55508 3.69923 3.69923 6.55508 12.5064 20.4565 28.9152 32.3784 33.9149 34.3252 34.3217 33.9049 32.3784 28.9152 27.1469 27.1829 28.3177 29.8331 29.8331 28.3177 27.1829 27.1469 27.0793 30.2829 32.2085 32.8475 32.8376 32.1858 30.2403 27.1894 17.4283 14.8702 11.3791 8.2824 8.2824 11.3791 14.8702 17.4283 12.3982 5.90639 2.36493 1.31043 1.31043 2.36493 5.90639 
12.0307 5.27361 2.2204 1.28278 1.28503 2.22887 5.30047 12.0992 19.0266 11.6721 6.23759 3.52727 3.52727 6.23759 11.6707 19.0506 27.3006 30.9128 32.5803 33.0346 33.0268 32.5657 30.9128 27.3006 26.0484 27.3914 28.4076 29.2577 29.2577 28.4076 27.3914 26.0484 24.8283 27.5702 29.0215 29.5297 29.5274 29.0089 27.4888 24.921 16.2802 13.8202 10.6562 7.73206 7.73206 10.6562 13.8202 16.2802 11.6877 5.64561 2.28291 1.29114 1.29114 2.28291 5.64561 
10.2718 4.5371 1.995 1.21944 1.22122 2.00266 4.56042 10.3268 17.1444 10.2598 5.35463 3.00355 3.00355 5.35463 10.3007 17.2403 24.9591 28.2682 29.9258 30.3695 30.4282 29.9758 28.2682 24.9591 24.0402 26.3902 27.6548 28.1283 28.1283 27.6548 26.3902 24.0402 20.6779 22.044 23.1303 23.5277 23.433 23.0378 22.0227 20.7735 15.0551 12.7353 9.87737 7.16486 7.16486 9.87737 12.7353 15.0551 10.9745 5.5315 2.25425 1.30297 1.30297 2.25425 5.5315 
9.19132 3.82132 1.72104 1.14008 1.14008 1.72102 3.82136 9.19207 16.9455 9.1667 4.12087 2.14324 2.14324 4.12087 9.24933 17.1229 27.3002 30.7837 32.6851 33.2466 33.3378 32.801 30.7837 27.3002 30.2556 33.2392 33.8427 33.6233 33.6233 33.8427 33.2392 30.2556 25.0054 28.3516 29.6833 30.126 30.1241 29.6775 28.3331 25.0861 16.2915 14.2054 12.2098 9.87242 9.87242 12.2098 14.2054 16.2915 12.3366 7.19495 3.16781 1.73555 1.73555 3.16781 7.19495 
8.11078 3.2402 1.53017 1.08744 1.08745 1.53014 3.24015 8.11067 16.0101 8.09851 3.43258 1.76596 1.76596 3.43258 8.18614 16.2223 27.5545 31.2713 33.4034 34.0422 34.0571 33.4488 31.2713 27.5545 31.1537 33.6348 34.2144 34.2062 34.2062 34.2144 33.6348 31.1537 27.0076 30.5246 32.0319 32.5769 32.5908 32.0548 30.5443 27.0857 17.5001 15.2673 13.2458 11.0435 11.0435 13.2458 15.2673 17.5001 12.8551 7.32634 3.15682 1.74104 1.74104 3.15682 7.32634 
7.5351 2.91505 1.4043 1.06005 1.06006 1.40429 2.91506 7.5353 15.3281 7.38861 3.05152 1.59494 1.59494 3.05152 7.45631 15.5352 27.5766 31.4542 33.7009 34.3674 34.3858 33.7436 31.4542 27.5766 31.7099 33.7668 34.3719 34.5022 34.5022 34.3719 33.7668 31.7099 28.1952 31.8321 33.455 33.9968 34.006 33.4718 31.8419 28.2642 18.4146 15.7894 13.3919 10.9106 10.9106 13.3919 15.7894 18.4146 13.2418 7.30943 3.1131 1.70776 1.70776 3.1131 7.30943 
7.27046 2.7581 1.3361 1.04197 1.04197 1.33607 2.758 7.27034 15.0312 6.98385 2.79068 1.45936 1.45936 2.79068 7.0118 15.2128 27.6299 31.5498 33.774 34.4336 34.4406 33.7951 31.5498 27.6299 32.0164 33.7795 34.4153 34.6386 34.6386 34.4153 33.7795 32.0164 28.8262 32.3887 34.0028 34.4424 34.4466 34.0098 32.3865 28.8842 19.5344 16.3235 13.0518 10.139 10.139 13.0518 16.3235 19.5344 13.8062 7.10685 2.97041 1.60467 1.60467 2.97041 7.10685 
7.27034 2.758 1.33607 1.04197 1.04197 1.33607 2.758 7.27034 15.0312 6.98385 2.76485 1.45129 1.45936 2.79068 6.98385 15.0312 27.7986 31.5846 33.7951 34.4406 34.4406 33.7951 31.5846 27.7986 32.0287 33.7816 34.4155 34.6385 34.6386 34.4153 33.7795 32.0164 28.7468 32.3728 34.0021 34.4422 34.4424 34.0028 32.3887 28.8262 19.5874 16.3297 13.0532 10.1376 10.139 13.0518 16.3235 19.5344 13.8062 7.10685 2.97041 1.60467 1.60053 2.9604 7.08122 
7.5353 2.91506 1.40429 1.06006 1.06006 1.40429 2.91506 7.5353 15.3281 7.38861 3.00466 1.57899 1.59494 3.05152 7.38861 15.3281 27.7671 31.5113 33.7436 34.3858 34.3858 33.7436 31.5113 27.7671 31.7345 33.7718 34.3725 34.502 34.5022 34.3719 33.7668 31.7099 28.0942 31.801 33.4546 33.9968 33.9968 33.455 31.8321 28.1952 18.461 15.7945 13.393 10.9123 10.9106 13.3919 15.7894 18.4146 13.2418 7.30943 3.1131 1.70776 1.70004 3.09441 7.27166 
8.11067 3.24015 1.53014 1.08745 1.08745 1.53014 3.24015 8.11067 16.0101 8.09851 3.37341 1.7456 1.76596 3.43258 8.09851 16.0101 27.7224 31.3358 33.4488 34.0571 34.0571 33.4488 31.3358 27.7224 31.1777 33.6397 34.2147 34.2043 34.2062 34.2144 33.6348 31.1537 26.8924 30.4832 32.0307 32.576 32.5769 32.0319 30.5246 27.0076 17.5321 15.2634 13.2462 11.0442 11.0435 13.2458 15.2673 17.5001 12.8551 7.32634 3.15682 1.74104 1.7327 3.13624 7.28774 
9.19207 3.82136 1.72102 1.14008 1.14008 1.72102 3.82136 9.19207 16.9455 9.1667 4.0485 2.11522 2.14324 4.12087 9.1667 16.9455 27.4445 30.8678 32.801 33.3378 33.3378 32.801 30.8678 27.4445 30.2892 33.2594 33.8593 33.6483 33.6233 33.8427 33.2392 30.2556 24.967 28.3859 29.688 30.131 30.126 29.6833 28.3516 25.0054 16.283 14.1669 12.1837 9.86516 9.87242 12.2098 14.2054 16.2915 12.3366 7.19495 3.16781 1.73555 1.72914 3.15254 7.16408 
10.0452 4.24062 1.84988 1.17648 1.175 1.84469 4.22536 10.005 17.3216 9.24464 4.07175 2.13995 2.13455 4.05733 9.21641 17.4202 27.9987 31.2608 33.1503 33.7759 33.7884 33.1778 31.2612 28.0785 28.4688 32.3622 33.3657 33.1206 33.0833 33.335 32.3623 28.4698 22.5084 26.8263 28.2982 28.9343 28.9829 28.3728 26.7834 22.4872 10.5197 9.22161 8.63421 9.18375 9.18646 8.63385 9.21877 10.4404 7.9934 5.6487 3.38405 2.0381 2.02335 3.36336 5.66112 
11.2012 4.68881 2.00407 1.22324 1.2216 1.99891 4.67762 11.1825 19.4282 10.6034 4.73617 2.45431 2.44932 4.72023 10.5835 19.5552 29.8482 32.4793 33.9615 34.4234 34.4288 33.9709 32.453 29.9149 29.7363 32.7 33.658 33.7757 33.7729 33.652 32.6996 29.7383 25.136 29.9772 31.8733 32.5286 32.5309 31.8803 29.9589 25.1574 11.9422 11.1767 11.2771 12.8642 12.842 11.2587 11.1617 11.8366 8.82009 6.27255 3.85686 2.35149 2.32782 3.82667 6.26634 
11.9813 5.07432 2.13159 1.25561 1.2539 2.12688 5.06401 11.9652 20.4526 11.2163 4.96095 2.54242 2.53841 4.94779 11.1895 20.5787 30.8276 33.1269 34.3792 34.7199 34.7225 34.3852 33.11 30.9028 30.503 32.8491 33.7833 34.0683 34.0656 33.7781 32.8483 30.5046 26.7044 31.3337 33.2716 33.9472 33.9454 33.2693 31.3098 26.7257 13.5917 12.7457 12.6691 13.9662 13.9641 12.6519 12.724 13.4728 9.80068 6.87873 4.21452 2.5545 2.52947 4.18236 6.87268 
12.2356 5.17482 2.14662 1.24399 1.24304 2.14431 5.17013 12.2264 20.7649 11.3564 4.95637 2.51297 2.5103 4.94737 11.3206 20.8947 31.186 33.2883 34.4897 34.7839 34.7847 34.4907 33.2751 31.267 30.9003 32.8315 33.7676 34.2211 34.2194 33.7649 32.8315 30.9014 27.5166 31.8335 33.7459 34.3562 34.3547 33.7434 31.8139 27.5328 15.5862 13.9592 13.1727 13.0122 13.007 13.1612 13.94 15.4767 10.9887 6.89128 3.77205 2.21444 2.20351 3.75294 6.88174 
12.2264 5.17013 2.14431 1.24304 1.24304 2.14431 5.17482 12.2356 20.8947 11.3206 4.94737 2.5103 2.5103 4.94737 11.3206 20.8947 31.186 33.2883 34.4897 34.7839 34.7839 34.4897 33.2883 31.186 30.9014 32.8315 33.7649 34.2194 34.2194 33.7649 32.8315 30.9003 27.5328 31.8139 33.7434 34.3547 34.3562 33.7459 31.8082 27.6099 15.4767 13.94 13.1612 13.007 13.007 13.1612 13.94 15.4767 10.9887 6.89128 3.77205 2.21444 2.21444 3.77205 6.89128 
11.9652 5.06401 2.12688 1.2539 1.2539 2.12688 5.07432 11.9813 20.5787 11.1895 4.94779 2.53841 2.53841 4.94779 11.1895 20.5787 30.8276 33.1269 34.3792 34.7199 34.7199 34.3792 33.1269 30.8276 30.5046 32.8483 33.7781 34.0656 34.0656 33.7781 32.8491 30.503 26.7257 31.3098 33.2693 33.9454 33.9472 33.2716 31.3064 26.8187 13.4728 12.724 12.6519 13.9641 13.9641 12.6519 12.724 13.4728 9.80068 6.87873 4.21452 2.5545 2.5545 4.21452 6.87873 
11.1825 4.67762 1.99891 1.2216 1.2216 1.99891 4.68881 11.2012 19.5552 10.5835 4.72023 2.44932 2.44932 4.72023 10.5835 19.5552 29.8482 32.4793 33.9615 34.4234 34.4234 33.9615 32.4793 29.8482 29.7383 32.6996 33.652 33.7729 33.7729 33.652 32.7 29.7363 25.1574 29.9589 31.8803 32.5309 32.5286 31.8733 29.9507 25.2478 11.8366 11.1617 11.2587 12.842 12.842 11.2587 11.1617 11.8366 8.82009 6.27255 3.85686 2.35149 2.35149 3.85686 6.27255 
10.005 4.22536 1.84469 1.175 1.175 1.84469 4.24062 10.0452 17.4202 9.21641 4.05733 2.13455 2.13455 4.05733 9.21641 17.4202 27.9987 31.2608 33.1503 33.7759 33.7759 33.1503 31.2608 27.9987 28.4698 32.3623 33.335 33.0833 33.0833 33.335 32.3622 28.4688 22.4872 26.7834 28.3728 28.9829 28.9343 28.2982 26.7387 22.5595 10.4404 9.21877 8.63385 9.18646 9.18646 8.63385 9.21877 10.4404 7.9934 5.6487 3.38405 2.0381 2.0381 3.38405 5.6487 
7.50097 3.12355 1.49 1.07557 1.07557 1.49 3.12631 7.50702 13.3677 6.92774 3.05093 1.64862 1.64862 3.05093 6.92774 13.3677 24.7287 28.7457 31.3518 32.2582 32.2582 31.3518 28.7457 24.7287 22.7171 26.2248 27.4984 27.4543 27.3072 27.3339 26.0796 22.6374 17.2877 20.9239 22.6019 23.1144 23.0315 22.5135 20.838 17.2607 8.63035 6.50596 4.12949 2.79733 2.79733 4.12949 6.50596 8.63035 5.62788 3.01693 1.74364 1.20156 1.20156 1.74364 3.01693 
7.20178 2.89013 1.39198 1.05148 1.05148 1.39198 2.90057 7.23274 13.3059 6.74208 2.89049 1.57175 1.57175 2.89049 6.74208 13.3059 25.2345 29.4316 32.3747 33.4618 33.4618 32.3747 29.4316 25.2345 22.8405 26.544 27.8475 28.3918 28.3964 27.8581 26.5693 22.9111 17.5757 22.4526 25.866 27.7342 27.7158 25.8188 22.4114 17.608 8.0059 5.41207 2.93481 1.71618 1.71618 2.93481 5.41207 8.0059 5.07824 2.47432 1.37692 1.06711 1.06711 1.37692 2.47432 
6.98824 2.74689 1.34365 1.04204 1.04204 1.34365 2.75636 7.01689 13.2395 6.58835 2.77806 1.51569 1.51569 2.77806 6.58835 13.2395 25.5197 29.8569 32.9229 34.0155 34.0155 32.9229 29.8569 25.5197 22.6994 26.0232 27.8433 29.0941 29.0994 27.8529 26.0477 22.7761 17.7384 23.7891 28.2284 30.5338 30.5026 28.167 23.7491 17.786 6.90813 4.11685 2.02035 1.22935 1.22935 2.02035 4.11685 6.90813 4.18759 1.93322 1.17612 1.01966 1.01966 1.17612 1.93322 
6.86471 2.64748 1.30305 1.03305 1.03305 1.30305 2.65187 6.87922 13.2633 6.47969 2.63089 1.42738 1.42738 2.63089 6.47969 13.2633 25.6902 30.1709 33.1838 34.1365 34.1365 33.1838 30.1709 25.6902 22.5807 25.6052 27.7452 29.4571 29.4602 27.75 25.6164 22.6229 17.8923 25.0626 29.8725 31.7995 31.7802 29.8378 25.0331 17.926 5.85715 3.21604 1.57645 1.08142 1.08142 1.57645 3.21604 5.85715 3.25614 1.55016 1.08195 1.0065 1.0065 1.08195 1.55016 
6.87922 2.65187 1.30413 1.03324 1.03305 1.30305 2.64748 6.86471 13.2502 6.46085 2.61809 1.42151 1.42738 2.63089 6.47969 13.2633 25.6902 30.1709 33.1838 34.1365 34.1504 33.2164 30.16 25.7742 22.6229 25.6164 27.75 29.4602 29.4602 27.75 25.6164 22.6229 17.926 25.0331 29.8378 31.7802 31.795 29.8635 25.0331 17.926 5.85691 3.22835 1.57909 1.08127 1.08142 1.57645 3.21604 5.85715 3.25614 1.55016 1.08195 1.0065 1.00641 1.08129 1.54698 
7.01689 2.75636 1.34606 1.04249 1.04204 1.34365 2.74689 6.98824 13.2163 6.54864 2.75186 1.50446 1.51569 2.77806 6.58835 13.2395 25.5197 29.8569 32.9229 34.0155 34.0384 32.9845 29.8391 25.5958 22.7761 26.0477 27.8529 29.0994 29.0994 27.8529 26.0477 22.7761 17.786 23.7491 28.167 30.5026 30.5248 28.2073 23.7491 17.786 6.90757 4.13975 2.02457 1.22868 1.22935 2.02035 4.11685 6.90813 4.18759 1.93322 1.17612 1.01966 1.01938 1.17453 1.92714 
7.23274 2.90057 1.39471 1.05201 1.05148 1.39198 2.89013 7.20178 13.2797 6.69844 2.86171 1.55962 1.57175 2.89049 6.74208 13.3059 25.2345 29.4316 32.3747 33.4618 33.4891 32.4417 29.4175 25.3021 22.9111 26.5693 27.8581 28.3964 28.3964 27.8581 26.5693 22.9111 17.608 22.4114 25.8188 27.7158 27.7361 25.849 22.4114 17.608 8.00418 5.44009 2.93696 1.71359 1.71618 2.93481 5.41207 8.0059 5.07824 2.47432 1.37692 1.06711 1.06636 1.37398 2.46681 
7.50702 3.12631 1.49125 1.07594 1.07557 1.49 3.12355 7.50097 13.2823 6.86172 3.01776 1.63571 1.64862 3.05093 6.92774 13.3677 24.7287 28.7457 31.3518 32.2582 32.2142 31.3398 28.7348 24.7839 22.6374 26.0796 27.3339 27.3072 27.3072 27.3339 26.0796 22.6374 17.2607 20.838 22.5135 23.0315 23.0272 22.5027 20.838 17.2607 8.61236 6.51043 4.09259 2.75765 2.79733 4.12949 6.50596 8.63035 5.62788 3.01693 1.74364 1.20156 1.19625 1.72682 2.98844 
4.97238 2.06847 1.20159 1.02551 1.0251 1.19961 2.06847 4.97238 9.60891 4.6427 1.96826 1.22043 1.22004 1.96916 4.65947 9.61592 19.8519 25.5648 27.9773 28.6928 28.6928 27.9773 25.5135 19.8085 13.91 13.2327 12.8977 13.2376 13.0907 12.7297 13.0691 13.8134 13.5312 16.376 15.1902 13.8686 13.8428 15.1473 16.4367 13.5377 6.65628 4.57777 2.35201 1.53857 1.53882 2.35239 4.57805 6.65704 3.43059 1.5475 1.06296 1.00173 1.00173 1.06296 1.5475 
4.88784 2.02615 1.19434 1.025 1.02461 1.19278 2.02615 4.88784 9.67152 4.56864 1.91008 1.18978 1.18848 1.90799 4.57315 9.64513 20.292 27.2875 30.2503 31.1586 31.1586 30.2503 27.3058 20.2727 13.5033 12.1162 10.2697 9.4635 9.4613 10.2649 12.1115 13.5029 13.0598 16.3589 13.9006 11.3605 11.3466 13.8794 16.3773 13.0319 6.06803 3.82243 1.90947 1.31507 1.31506 1.90944 3.82236 6.06817 3.10735 1.47172 1.06324 1.00517 1.00517 1.06324 1.47172 
4.87295 2.01099 1.18593 1.02363 1.02327 1.18451 2.01099 4.87295 9.74131 4.59898 1.91081 1.18454 1.18338 1.90936 4.60522 9.71199 20.6852 28.3442 31.6604 32.7044 32.7044 31.6604 28.3679 20.6552 13.2673 11.5263 8.88821 7.30575 7.30335 8.88211 11.5234 13.2677 12.6798 16.0669 12.9377 9.69931 9.69092 12.924 16.0834 12.65 5.95174 3.65981 1.83246 1.29237 1.29236 1.83244 3.65977 5.95192 3.06735 1.47895 1.0706 1.00673 1.00673 1.0706 1.47895 
4.86203 1.99468 1.16958 1.01901 1.01882 1.16887 1.99468 4.86203 9.73397 4.60776 1.9041 1.1704 1.16988 1.9037 4.6149 9.70129 20.7467 28.7442 32.1528 33.1933 33.1933 32.1528 28.7608 20.7248 13.4997 12.2813 9.14578 5.90347 5.90167 9.14133 12.2817 13.4991 12.5689 15.9007 12.5226 9.01513 9.0111 12.5156 15.9131 12.5383 5.97693 3.52444 1.75524 1.24271 1.24271 1.75524 3.52446 5.97697 3.11691 1.49787 1.07133 1.00656 1.00656 1.07133 1.49787 
4.86553 1.99338 1.16887 1.01882 1.01882 1.16887 1.99468 4.86203 9.73397 4.60776 1.9041 1.1704 1.1704 1.9041 4.60776 9.73397 20.7248 28.7608 32.1657 33.2001 33.1933 32.1528 28.7608 20.7248 13.4991 12.2817 9.14133 5.90167 5.90167 9.14133 12.2817 13.4991 12.5106 15.9271 12.5213 9.02233 9.01898 12.5139 15.9007 12.5689 5.97697 3.52446 1.75524 1.24271 1.24139 1.74766 3.51354 5.98049 3.11691 1.49787 1.07133 1.00656 1.00652 1.07123 1.49821 
4.87654 2.00805 1.18451 1.02327 1.02327 1.18451 2.01099 4.87295 9.74131 4.59898 1.91081 1.18454 1.18454 1.91081 4.59898 9.74131 20.6552 28.3679 31.6802 32.7139 32.7044 31.6604 28.3679 20.6552 13.2677 11.5234 8.88211 7.30335 7.30335 8.88211 11.5234 13.2677 12.623 16.1009 12.9379 9.71179 9.70456 12.9239 16.0669 12.6798 5.95192 3.65977 1.83244 1.29236 1.29039 1.81955 3.64216 5.95452 3.06735 1.47895 1.0706 1.00673 1.00671 1.07068 1.48044 
4.88906 2.02257 1.19278 1.02461 1.02461 1.19278 2.02615 4.88784 9.67152 4.56864 1.91008 1.18978 1.18978 1.91008 4.56864 9.67152 20.2727 27.3058 30.2664 31.1677 31.1586 30.2503 27.3058 20.2727 13.5029 12.1115 10.2649 9.4613 9.4613 10.2649 12.1115 13.5029 13.0084 16.3965 13.9022 11.3734 11.3606 13.8808 16.3589 13.0598 6.06817 3.82236 1.90944 1.31506 1.31492 1.89769 3.80159 6.06859 3.10735 1.47172 1.06324 1.00517 1.00516 1.06336 1.47324 
4.95191 2.06101 1.19961 1.0251 1.0251 1.19961 2.06847 4.97238 9.60891 4.6427 1.96826 1.22043 1.22043 1.96826 4.6427 9.60891 19.8085 25.5135 27.9239 28.6326 28.6928 27.9773 25.5135 19.8085 13.8134 13.0691 12.7297 13.0907 13.0907 12.7297 13.0691 13.8134 13.4984 16.4269 15.1071 13.8042 13.8087 15.1147 16.376 13.5312 6.65704 4.57805 2.35239 1.53882 1.54003 2.32562 4.51996 6.61391 3.43059 1.5475 1.06296 1.00173 1.00198 1.06364 1.54803 
1.7775 1.15398 1.02166 1.00203 1.00203 1.02166 1.15398 1.7775 3.20792 1.68566 1.11287 1.01374 1.01374 1.11287 1.67372 3.19575 10.4394 13.7511 14.9446 15.8404 15.9394 15.3233 13.7511 10.4394 6.14828 4.88409 4.30341 4.47995 4.47995 4.30341 4.88409 6.14828 7.47172 9.42884 8.56076 7.70769 7.67651 8.55044 9.45908 7.50041 3.07859 2.07934 1.3289 1.08455 1.0844 1.32234 2.07942 3.07839 1.69277 1.11184 1.01219 1.0005 1.00051 1.01236 1.11303 
1.22689 1.04046 1.00457 1.00015 1.00015 1.00457 1.04046 1.22689 1.6657 1.15406 1.01843 1.001 1.001 1.01843 1.15255 1.66681 4.44686 5.86742 6.80423 6.98078 6.94543 6.64865 5.86742 4.44686 2.86218 2.16173 1.87989 1.99381 1.99381 1.87989 2.16173 2.86218 3.69404 4.6427 3.98923 3.24928 3.24252 3.99138 4.62467 3.68544 1.60977 1.25311 1.06423 1.01075 1.01103 1.0643 1.25323 1.60987 1.19976 1.02989 1.00275 0.999867 0.999862 1.00272 1.02972 
1.03659 1.00528 1.00043 0.999917 0.999917 1.00043 1.00528 1.03659 1.11002 1.01858 1.00125 0.99981 0.99981 1.00125 1.01826 1.10992 1.94635 2.47164 2.86434 2.86182 2.84278 2.77424 2.47164 1.94635 1.41607 1.21055 1.13738 1.16714 1.16714 1.13738 1.21055 1.41607 1.96976 2.26333 1.82858 1.45446 1.45249 1.82788 2.25045 1.95989 1.10477 1.03197 1.00562 1.00035 1.00037 1.00561 1.03199 1.10477 1.03028 1.00385 1.00021 0.999926 0.999926 1.00021 1.00381 
1.00431 1.00042 0.999886 0.999968 0.999968 0.999886 1.00042 1.00431 1.01279 1.00114 0.999855 0.999959 0.999959 0.999855 1.00111 1.01279 1.21607 1.40481 1.55976 1.52827 1.52088 1.52512 1.40481 1.21607 1.06045 1.03073 1.018 1.02417 1.02417 1.018 1.03073 1.06045 1.32032 1.41434 1.21709 1.07071 1.07042 1.21684 1.40925 1.31587 1.01381 1.00212 1.00003 0.999897 0.999901 1.00003 1.00212 1.01382 1.00285 1.00021 0.999911 0.999985 0.999985 0.999912 1.0002 
1.00433 1.00043 0.999886 0.999968 0.999968 0.999886 1.00042 1.00431 1.01279 1.00111 0.999851 0.99996 0.99996 0.999851 1.00111 1.01279 1.21713 1.40935 1.55976 1.52827 1.52827 1.55976 1.40481 1.21607 1.05997 1.03065 1.018 1.02416 1.02417 1.018 1.03073 1.06045 1.31587 1.40925 1.21867 1.07008 1.07071 1.21709 1.41434 1.32032 1.01382 1.00212 1.00003 0.999901 0.999901 1.00003 1.00212 1.01382 1.00285 1.00021 0.999911 0.999985 0.999985 0.999911 1.00021 
1.03678 1.00531 1.00043 0.999917 0.999917 1.00043 1.00528 1.03659 1.10992 1.01826 1.00123 0.999808 0.999808 1.00123 1.01826 1.10992 1.94804 2.48543 2.86434 2.86182 2.86182 2.86434 2.47164 1.94635 1.41403 1.21011 1.13739 1.16713 1.16714 1.13738 1.21055 1.41607 1.95989 2.25045 1.83285 1.44842 1.45446 1.82858 2.26333 1.96976 1.10477 1.03199 1.00561 1.00037 1.00037 1.00561 1.03199 1.10477 1.03028 1.00385 1.00021 0.999926 0.999926 1.00021 1.00385 
1.22811 1.04082 1.00462 1.00016 1.00015 1.00457 1.04046 1.22689 1.66681 1.15255 1.01832 1.001 1.001 1.01832 1.15255 1.66681 4.44594 5.90189 6.80423 6.98078 6.98078 6.80423 5.86742 4.44686 2.85868 2.15888 1.87998 1.99234 1.99381 1.87989 2.16173 2.86218 3.68544 4.62467 4.01476 3.22789 3.24928 3.98923 4.6427 3.69404 1.60987 1.25323 1.0643 1.01103 1.01103 1.0643 1.25323 1.60987 1.19976 1.02989 1.00275 0.999867 0.999867 1.00275 1.02989 
1.77148 1.15355 1.02167 1.00204 1.00203 1.02166 1.15398 1.7775 3.19575 1.67372 1.11093 1.01339 1.01339 1.11093 1.67372 3.19575 10.339 13.6748 14.9446 15.8404 15.8404 14.9446 13.7511 10.4394 6.11554 4.85857 4.30389 4.45219 4.47995 4.30341 4.88409 6.14828 7.50041 9.45908 8.41709 7.51639 7.70769 8.56076 9.42884 7.47172 3.07839 2.07942 1.32234 1.0844 1.0844 1.32234 2.07942 3.07839 1.69277 1.11184 1.01219 1.0005 1.0005 1.01219 1.11184 
1.13954 1.02446 1.00364 1.0004 1.0004 1.00364 1.02446 1.13954 1.59563 1.1273 1.01709 1.00148 1.00148 1.01709 1.1273 1.59563 4.20744 6.01026 6.61611 7.11827 7.11827 6.61611 6.01026 4.20744 3.04976 2.44686 2.20772 1.95147 1.95147 2.20772 2.44686 3.04976 3.71366 4.57326 3.87094 3.12482 3.12482 3.87094 4.57326 3.71366 1.65315 1.22472 1.05197 1.00858 1.00858 1.05197 1.22472 1.65315 1.14877 1.02199 1.00212 1.00019 1.00019 1.00212 1.02199 
1.01656 1.00289 1.00031 0.999954 0.999954 1.00031 1.00289 1.01656 1.12272 1.02006 1.00189 0.999961 0.999961 1.00189 1.02006 1.12272 2.72947 3.81982 4.12751 4.04752 4.04752 4.12751 3.81982 2.72947 1.74619 1.47413 1.33864 1.21616 1.21616 1.33864 1.47413 1.74619 1.67378 1.88839 1.60376 1.37267 1.37267 1.60376 1.88839 1.67378 1.13172 1.03678 1.00621 1.00046 1.00046 1.00621 1.03678 1.13172 1.03049 1.00455 1.0005 0.99994 0.99994 1.0005 1.00455 
1.00072 1.00019 0.999965 0.999985 0.999985 0.999965 1.00019 1.00072 1.02029 1.00252 1.00006 0.999917 0.999917 1.00006 1.00252 1.02029 1.71842 2.38486 2.63869 2.24043 2.24043 2.63869 2.38486 1.71842 1.18728 1.1026 1.06373 1.03247 1.03247 1.06373 1.1026 1.18728 1.10887 1.13824 1.07681 1.03732 1.03732 1.07681 1.13824 1.10887 1.02006 1.0042 1.0003 0.999846 0.999846 1.0003 1.0042 1.02006 1.00459 1.00056 0.999969 0.999975 0.999975 0.999969 1.00056 
0.999839 0.99995 0.999988 1 1 0.999988 0.99995 0.999839 1.00255 1.00006 0.999933 0.999985 0.999985 0.999933 1.00006 1.00255 1.20772 1.48973 1.63619 1.4 1.4 1.63619 1.48973 1.20772 1.03137 1.01303 1.00696 1.00292 1.00292 1.00696 1.01303 1.03137 1.00889 1.01158 1.00519 1.00195 1.00195 1.00519 1.01158 1.00889 1.00196 1.00012 0.999908 0.999968 0.999968 0.999908 1.00012 1.00196 1.00055 0.999952 0.999972 0.999998 0.999998 0.999972 0.999952 
0 0 0 0 1 0.999988 0.99995 0.999839 1.00232 1.00006 0.999933 0.999985 0.999985 0.999933 1.00006 1.00255 1.20772 1.48973 1.63619 1.4 1.39539 1.62523 1.48133 1.20496 1.03111 1.01285 1.00685 1.00287 1.00292 1.00696 1.01303 1.03137 1.00889 1.01158 1.00519 1.00195 1.00195 1.00519 1.01158 1.00889 1.00192 1.00011 0.999908 0.999968 0.999968 0.999908 1.00012 1.00196 1.00055 0.999952 0.999972 0.999998 0 0 0 
0 0 0 0 0.999985 0.999965 1.00019 1.00072 1.01895 1.00252 1.00007 0.999917 0.999917 1.00006 1.00252 1.02029 1.71842 2.38486 2.63869 2.24043 2.22748 2.61699 2.36446 1.70925 1.18567 1.10124 1.06291 1.03209 1.03247 1.06373 1.1026 1.18728 1.10887 1.13823 1.0768 1.03733 1.03732 1.07681 1.13824 1.10887 1.01995 1.00415 1.0003 0.999846 0.999846 1.0003 1.0042 1.02006 1.00459 1.00056 0.999969 0.999975 0 0 0 
0 0 0 0 0.999954 1.00031 1.00289 1.01656 1.11866 1.02007 1.00189 0.999962 0.999961 1.00189 1.02006 1.12272 2.72947 3.81982 4.12751 4.04752 4.03256 4.11622 3.80651 2.71995 1.74107 1.46932 1.33537 1.21442 1.21616 1.33864 1.47413 1.74619 1.67382 1.88843 1.60376 1.3727 1.37267 1.60376 1.88839 1.67378 1.13164 1.03663 1.00622 1.00046 1.00046 1.00621 1.03678 1.13172 1.03049 1.00455 1.0005 0.99994 0 0 0 
