0 0 0 0 1.00002 1.00001 1.00002 1.00232 1.10703 1.00501 1.00013 1.00001 1.00001 1.00014 1.00503 1.1069 1.15409 1.1719 1.21856 1.21813 1.21484 1.21569 1.16642 1.14848 1.04854 1.10266 2.04834 2.17424 2.1296 2.00679 1.09783 1.04703 1.126 1.13326 1.00798 1.00143 1.00136 1.0067 1.12154 1.11591 1.00526 1.00225 1.00007 1.00001 1.00001 1.00007 1.00227 1.00529 1.00023 1.00001 1.00002 1.00002 0 0 0 
0 0 0 0 0.999997 0.999997 0.999992 1.00003 1.00194 1.00001 0.999984 0.999997 0.999997 0.999984 1.00001 1.00193 1.00313 1.00343 1.00489 1.00477 1.00489 1.00503 1.00342 1.0031 1.00166 1.00402 1.06771 1.07371 1.06958 1.06379 1.00378 1.00159 1.0019 1.00162 0.999994 0.99997 0.99997 0.999989 1.0015 1.00184 1.00006 1.00002 0.999998 0.999997 0.999997 0.999998 1.00002 1.00006 1.00001 0.999995 0.999997 0.999997 0 0 0 
0 0 0 0 1 1 0.999997 1.00002 1.00001 0.999968 1 1 1 1 0.999968 1.00001 1.00003 0.999987 1.00002 1.00002 1.00002 1.00003 0.999988 1.00003 1.00005 1.00006 1.00186 1.00199 1.00181 1.0017 1.00005 1.00005 1.00002 0.999956 0.999996 0.999997 0.999997 0.999996 0.999951 1.00002 0.999992 0.999968 1 1 1 1 0.999968 0.999992 1.00002 0.999997 1 1 0 0 0 
0 0 0 0 1 1 0.999997 1.00002 1.00001 0.999979 1 1 1 1 0.999979 1.00001 1.00002 0.99997 0.999992 0.99999 0.99999 0.999991 0.99997 1.00002 1.00001 0.999963 1.00001 1.00001 1.00001 1.00001 0.999964 1.00001 1.00002 0.999981 1 1 1 1 0.999982 1.00002 1.00001 0.999979 1 1 1 1 0.999979 1.00001 1.00002 0.999997 1 1 0 0 0 
1.00002 0.999997 1 1 1 1 0.999997 1.00002 1.00001 0.999979 1 1 1 1 0.999979 1.00001 1.00002 0.99997 0.999992 0.99999 0.99999 0.999992 0.99997 1.00002 1.00001 0.999963 1.00001 1.00001 1.00001 1.00001 0.999963 1.00001 1.00002 0.999982 1 1 1 1 0.999982 1.00002 1.00001 0.999979 1 1 1 1 0.999979 1.00001 1.00002 0.999997 1 1 1 1 0.999997 
1.00002 0.999997 1 1 1 1 0.999997 1.00002 1.00001 0.999968 1 1 1 1 0.999968 1.00001 1.00003 0.999987 1.00002 1.00002 1.00002 1.00002 0.999987 1.00003 1.00005 1.00006 1.00186 1.00199 1.00199 1.00186 1.00006 1.00005 1.00002 0.999951 0.999996 0.999997 0.999997 0.999996 0.999951 1.00002 0.999992 0.999968 1 1 1 1 0.999968 0.999992 1.00002 0.999997 1 1 1 1 0.999997 
1.00003 0.999992 0.999997 0.999997 0.999997 0.999997 0.999992 1.00003 1.00193 1.00001 0.999984 0.999997 0.999997 0.999984 1.00001 1.00193 1.00313 1.00343 1.00489 1.00477 1.00477 1.00489 1.00343 1.00313 1.00166 1.00402 1.06771 1.07371 1.07371 1.06771 1.00402 1.00166 1.00184 1.0015 0.999989 0.99997 0.99997 0.999989 1.0015 1.00184 1.00006 1.00002 0.999998 0.999997 0.999997 0.999998 1.00002 1.00006 1.00001 0.999995 0.999997 0.999997 0.999997 0.999997 0.999995 
1.00232 1.00002 1.00001 1.00002 1.00002 1.00001 1.00002 1.00232 1.1069 1.00503 1.00014 1.00001 1.00001 1.00014 1.00503 1.1069 1.15409 1.1719 1.21856 1.21813 1.21813 1.21856 1.1719 1.15409 1.04854 1.10266 2.04834 2.17424 2.17424 2.04834 1.10266 1.04854 1.11591 1.12154 1.0067 1.00136 1.00136 1.0067 1.12154 1.11591 1.00529 1.00227 1.00007 1.00001 1.00001 1.00007 1.00227 1.00529 1.00023 1.00001 1.00002 1.00002 1.00002 1.00002 1.00001 
1.19578 1.00567 1.00005 0.999997 0.999998 1.00006 1.00614 1.21019 3.32202 1.22648 1.00622 1.00005 1.00005 1.00622 1.22648 3.32202 3.60923 3.92638 4.67184 4.70017 4.70017 4.67184 3.92638 3.60923 1.90747 2.20489 7.57242 8.7338 8.80792 7.63522 2.18209 1.88514 4.58829 4.76158 1.7338 1.10606 1.10746 1.74025 4.96176 4.79229 1.19714 1.05547 1.00049 1.00002 1.00001 1.00049 1.05607 1.20326 1.00581 1 1 1.00001 1.00001 1 1 
1.00762 1.00012 0.999963 0.999979 0.999979 0.999962 1.00012 1.00761 1.12743 1.0057 1.00006 0.999962 0.999962 1.00006 1.0057 1.12743 1.18408 1.20082 1.25124 1.25366 1.25366 1.25124 1.20082 1.18408 1.04935 1.08161 1.73526 1.84958 1.8789 1.76241 1.08466 1.05048 1.2671 1.30277 1.02351 1.00177 1.00182 1.0244 1.28974 1.25662 1.00366 1.00029 0.999921 0.999978 0.999979 0.999921 1.00037 1.00377 1.00001 0.999973 0.999979 0.999979 0.999979 0.999979 0.999973 
1.00014 0.999981 1 1 1 1 0.999981 1.00014 1.00238 1.00001 0.999984 1 1 0.999984 1.00001 1.00238 1.004 1.0042 1.00533 1.00538 1.00538 1.00533 1.0042 1.004 1.00184 1.00356 1.05135 1.05736 1.06049 1.05422 1.00378 1.00194 1.00821 1.01059 1.0003 0.999994 0.999999 1.00034 1.00991 1.00773 1 0.999961 1.00001 1 1 1.00001 0.999962 1 1.00002 1 1 1 1 1 1 
1.00001 0.999997 1 1 1 1 0.999997 1.00001 1.00001 0.999968 1 1 1 1 0.999968 1.00001 1.00002 0.999971 1 1 1 1 0.999971 1.00002 1.00005 1.00004 1.00141 1.00157 1.0017 1.00155 1.00005 1.00005 1.00012 1.00013 0.999999 0.999995 0.999994 0.999998 1.00011 1.0001 1 0.999983 1 1 1 1 0.999983 1 1.00002 0.999997 1 1 1 1 0.999997 
1.00001 0.999997 1 1 1 1 0.999997 1.00001 1.00001 0.999968 1 1 1 1 0.999968 1.00001 1.00002 0.999971 1 1 1 1 0.999972 1.00002 1.00005 1.00005 1.00155 1.0017 1.0017 1.00155 1.00005 1.00005 1.0001 1.00011 0.999998 0.999994 0.999995 0.999999 1.00007 1.00009 1 0.999983 1 1 1 1 0.999983 1 1.00002 0.999997 1 1 1 1 0.999997 
1.00014 0.999981 1 1 1 1 0.999981 1.00014 1.00251 1.00002 0.999984 1 1 0.999984 1.00001 1.00238 1.004 1.0042 1.00533 1.00538 1.00539 1.0053 1.0043 1.00412 1.00194 1.00378 1.05422 1.06049 1.06049 1.05422 1.00378 1.00194 1.00773 1.00991 1.00034 0.999999 0.999994 1.0003 1.00851 1.00717 1 0.999962 1.00001 1 1 1.00001 0.999961 1 1.00002 1 1 1 1 1 1 
1.00761 1.00012 0.999962 0.999979 0.999979 0.999962 1.00012 1.00761 1.13202 1.00596 1.00006 0.999961 0.999962 1.00006 1.0057 1.12743 1.18408 1.20082 1.25124 1.25366 1.25936 1.25666 1.20724 1.1898 1.05048 1.08466 1.76241 1.8789 1.8789 1.76241 1.08466 1.05048 1.25662 1.28974 1.0244 1.00182 1.00177 1.02351 1.27351 1.24921 1.00377 1.00037 0.999921 0.999979 0.999978 0.999921 1.00029 1.00377 1.00001 0.999973 0.999979 0.999979 0.999979 0.999979 0.999973 
1.21019 1.00614 1.00006 0.999998 0.999998 1.00006 1.00614 1.21019 3.42967 1.24045 1.0072 1.00007 1.00005 1.00622 1.22648 3.32202 3.60923 3.92638 4.67184 4.70017 4.88198 4.85132 4.10856 3.76036 1.88514 2.18209 7.63522 8.80792 8.80792 7.63522 2.18209 1.88514 4.79229 4.96176 1.74025 1.10746 1.10606 1.7338 5.02179 4.7693 1.20326 1.05607 1.00049 1.00001 1.00002 1.00049 1.05547 1.20326 1.00576 1 1 1.00001 1.00001 1 1 
5.81327 1.3523 1.00832 1.00004 1.00004 1.00832 1.3523 5.81327 22.5583 6.22367 1.4051 1.01144 1.01144 1.4051 6.22367 22.5583 27.7564 31.1926 31.6606 31.7505 31.7505 31.6606 31.1926 27.7564 10.4215 10.6805 25.4789 29.8843 29.8843 25.6906 10.8472 10.56 23.1019 23.1682 8.47914 3.08517 3.08548 8.4771 23.2069 23.1727 4.16999 2.15943 1.10443 1.00308 1.00309 1.10501 2.28878 4.3208 1.44592 1.01688 1.00016 1 1 1.00016 1.01689 
6.37587 1.39505 1.00949 1.00001 1.00001 1.00949 1.39505 6.37587 25.3964 6.85882 1.45562 1.01305 1.01305 1.45562 6.85882 25.3964 29.5759 33.7776 34.1363 34.1426 34.1426 34.1363 33.7776 29.5759 8.43113 8.57186 27.1146 32.8485 32.8485 27.1408 8.53192 8.35952 25.7664 26.4441 8.28087 1.75081 1.75229 8.2808 26.4379 25.8003 3.55872 1.38365 1.01825 1.00026 1.00026 1.01812 1.36671 3.55861 1.19126 1.00528 0.999977 0.999976 0.999976 0.999977 1.00528 
5.45442 1.32111 1.00748 1.00002 1.00002 1.00748 1.32111 5.45442 21.3501 5.88377 1.37171 1.01012 1.01012 1.37171 5.88377 21.3501 24.4439 27.7054 27.9445 27.9068 27.9068 27.9445 27.7054 24.4439 6.77508 6.78215 21.5623 25.8028 25.8028 21.5821 6.75293 6.72082 21.5318 22.0469 6.91908 1.55417 1.55437 6.91509 22.086 21.5925 3.07922 1.24742 1.01028 1.00015 1.00014 1.01024 1.23434 3.07925 1.14032 1.00352 0.999997 1 1 0.999996 1.00352 
1.60387 1.01983 1.00016 0.999982 0.999982 1.00016 1.01983 1.60387 6.76835 1.65546 1.02218 1.00018 1.00018 1.02218 1.65546 6.76835 7.78976 8.70104 8.80121 8.86918 8.86918 8.80121 8.70104 7.78976 1.88012 2.1478 8.75794 10.0826 10.0826 8.76062 2.14377 1.8729 7.03391 7.10377 1.82622 1.03359 1.03342 1.82074 7.06723 6.99987 1.23743 1.01339 1.00024 0.999985 0.999985 1.00024 1.01246 1.23743 1.00533 1.00002 0.999998 1 1 0.999998 1.00002 
1.60391 1.01966 1.00016 0.999982 0.999982 1.00016 1.01983 1.60387 6.76835 1.65546 1.02218 1.00018 1.00018 1.02142 1.64781 6.72901 7.76704 8.65118 8.74445 8.80551 8.86918 8.80121 8.70104 7.78976 1.8729 2.14377 8.76062 10.0841 10.0826 8.75794 2.1478 1.88012 7.01469 7.08436 1.80641 1.03143 1.03239 1.81379 7.07862 7.00908 1.23743 1.01246 1.00024 0.999985 0.999985 1.00024 1.01246 1.23743 1.00533 1.00002 0.999998 1 1 0.999998 1.00002 
5.45761 1.31915 1.0074 1.00002 1.00002 1.00748 1.32111 5.45442 21.3501 5.88377 1.37171 1.01012 1.0099 1.36116 5.84147 21.2001 24.5866 27.7414 27.9913 27.96 27.9068 27.9445 27.7054 24.4439 6.72082 6.75293 21.5821 25.812 25.8028 21.5623 6.78215 6.77508 21.7058 22.2244 6.80186 1.52905 1.54128 6.86043 22.155 21.6428 3.07925 1.23434 1.01024 1.00014 1.00014 1.01024 1.23434 3.07925 1.14032 1.00352 0.999997 1 1 0.999997 1.00352 
6.37897 1.39233 1.00937 1 1.00001 1.00949 1.39505 6.37587 25.3964 6.85882 1.45562 1.01305 1.01274 1.44119 6.80217 25.1688 29.731 33.7777 34.1485 34.158 34.1426 34.1363 33.7776 29.5759 8.35952 8.53192 27.1408 32.8561 32.8485 27.1146 8.57186 8.43113 25.949 26.6188 8.13369 1.72426 1.73703 8.20957 26.5306 25.8682 3.55861 1.36671 1.01812 1.00026 1.00026 1.01812 1.36671 3.55861 1.19126 1.00528 0.999977 0.999976 0.999976 0.999977 1.00528 
5.8311 1.35076 1.00824 1.00004 1.00004 1.00832 1.3523 5.81327 22.5583 6.22367 1.4051 1.01144 1.01119 1.39473 6.19844 22.4733 28.0619 31.389 31.8546 31.9469 31.7505 31.6606 31.1926 27.7564 10.56 10.8472 25.6906 30.0909 29.8843 25.4789 10.6805 10.4215 23.6146 23.6775 8.68717 3.39253 3.24294 8.58567 23.429 23.3805 4.3208 2.28878 1.10501 1.00309 1.00309 1.10501 2.28878 4.3208 1.44592 1.01688 1.00016 1 1 1.00016 1.01688 
6.13137 1.37419 1.01071 1.0001 1.00009 1.01026 1.36858 6.11998 25.1242 6.64441 1.42336 1.01124 1.01124 1.42327 6.64378 25.2185 33.7069 34.7172 34.8266 34.84 34.7928 34.7789 34.6253 33.5973 30.4206 30.6309 33.7305 34.534 34.5335 33.7315 30.6309 30.4206 32.6171 32.9614 30.6068 29.7031 29.6971 30.607 32.9662 32.6208 26.342 24.6256 7.14544 1.53166 1.53166 7.14544 24.6256 26.342 7.33882 1.45821 1.01193 1.00008 1.00008 1.01193 1.45821 
6.55147 1.40817 1.01182 1.00007 1.00006 1.01132 1.4023 6.55382 27.2187 7.22705 1.46758 1.01262 1.01262 1.46752 7.23257 27.3161 34.473 34.9242 34.9765 34.9797 34.9806 34.978 34.9331 34.5249 34.2792 34.2955 34.7677 34.9165 34.9166 34.7676 34.2955 34.2792 34.3695 34.7807 34.6042 34.541 34.5379 34.6042 34.7809 34.3714 28.2294 27.2048 7.72957 1.58174 1.58174 7.72957 27.2048 28.2294 7.88824 1.50428 1.01312 1.00005 1.00005 1.01312 1.50428 
6.57961 1.40996 1.01188 1.00009 1.00008 1.01138 1.40405 6.58206 27.4479 7.28019 1.47092 1.01273 1.01273 1.47092 7.28828 27.5576 34.552 34.9623 34.9972 34.9988 34.9989 34.9975 34.9648 34.6056 34.8946 34.9113 34.9755 34.991 34.991 34.9755 34.9113 34.8946 34.5125 34.9333 34.9747 34.9749 34.9744 34.9746 34.9333 34.5138 28.4744 27.53 7.79123 1.58621 1.58621 7.79123 27.53 28.4744 7.9413 1.5079 1.01323 1.00007 1.00007 1.01323 1.5079 
6.54653 1.4056 1.01151 1.00008 1.00007 1.01105 1.40032 6.54867 27.3476 7.23553 1.46698 1.01254 1.01254 1.46696 7.24335 27.4564 34.5476 34.9641 34.9984 34.9999 35 34.9985 34.9664 34.6004 34.9613 34.9846 34.9973 34.9992 34.9992 34.9973 34.9846 34.9613 34.5259 34.9472 34.9959 34.9988 34.9988 34.9959 34.9471 34.5275 28.5142 27.5628 7.7722 1.58126 1.58126 7.7722 27.5628 28.5142 7.9356 1.50734 1.01306 1.00007 1.00007 1.01306 1.50734 
6.54867 1.40032 1.01105 1.00007 1.00007 1.01105 1.40032 6.54867 27.4564 7.24335 1.46698 1.01254 1.01254 1.46698 7.23553 27.3476 34.5476 34.9641 34.9984 34.9999 34.9999 34.9984 34.9641 34.5476 34.9594 34.9845 34.9973 34.9992 34.9992 34.9973 34.9846 34.9613 34.4666 34.9539 34.9965 34.9989 34.9988 34.9959 34.9532 34.5015 28.485 27.5513 7.79199 1.5852 1.58126 7.7722 27.5628 28.5142 7.9356 1.50734 1.01306 1.00007 1.00007 1.01331 1.51125 
6.58206 1.40405 1.01138 1.00008 1.00008 1.01138 1.40405 6.58206 27.5576 7.28828 1.47092 1.01273 1.01273 1.47092 7.28019 27.4479 34.552 34.9623 34.9972 34.9988 34.9988 34.9972 34.9623 34.552 34.8921 34.9111 34.9755 34.991 34.991 34.9755 34.9113 34.8946 34.4573 34.9419 34.9755 34.975 34.9749 34.9747 34.9414 34.4909 28.4403 27.5147 7.81563 1.59091 1.58621 7.79123 27.53 28.4744 7.9413 1.5079 1.01323 1.00007 1.00008 1.01351 1.51221 
6.55382 1.4023 1.01132 1.00006 1.00006 1.01132 1.4023 6.55382 27.3161 7.23257 1.46758 1.01262 1.01262 1.46758 7.22705 27.2187 34.473 34.9242 34.9765 34.9797 34.9797 34.9765 34.9242 34.473 34.2686 34.2856 34.7676 34.9166 34.9165 34.7677 34.2955 34.2792 34.3158 34.7811 34.5842 34.516 34.541 34.6042 34.7799 34.3448 28.1939 27.1837 7.75366 1.58644 1.58174 7.72957 27.2048 28.2294 7.88824 1.50428 1.01312 1.00005 1.00005 1.01339 1.50857 
6.11998 1.36858 1.01026 1.00009 1.00009 1.01026 1.36858 6.11998 25.2185 6.64378 1.42336 1.01124 1.01124 1.42336 6.64441 25.1242 33.7069 34.7172 34.8266 34.84 34.84 34.8266 34.7172 33.7069 30.5989 30.8072 33.7315 34.5335 34.534 33.7305 30.6309 30.4206 32.8286 33.2192 30.9736 30.3141 29.7031 30.6068 33.2188 32.8445 26.4711 24.7655 7.19246 1.5375 1.53166 7.14544 24.6256 26.342 7.33882 1.45821 1.01193 1.00008 1.00009 1.01221 1.46321 
1.88034 1.03203 1.0004 1.00001 1.00001 1.00043 1.03203 1.88034 9.2544 1.88174 1.02951 1.00025 1.00029 1.03009 1.88756 9.27078 32.1953 34.7741 34.9806 34.9918 34.9918 34.9806 34.7847 32.065 34.8174 34.8643 34.9878 35.0011 35.0014 34.989 34.8738 34.8302 34.3407 34.8782 34.7571 34.7199 34.7217 34.7583 34.8708 34.3789 29.3575 27.1612 8.04065 1.62848 1.60572 7.97522 27.2237 29.5072 8.38837 1.57338 1.01944 1.00019 1.00021 1.02025 1.58513 
1.33442 1.0085 1.00004 0.999972 0.999971 1.00006 1.0085 1.33442 5.5888 1.30254 1.00305 0.999785 0.999841 1.00391 1.30713 5.58958 31.5691 34.7296 34.9764 34.9889 34.9889 34.9764 34.7395 31.3963 34.9328 34.9673 34.9893 34.9918 34.992 34.9892 34.9672 34.9353 34.4617 34.9426 34.9677 34.9661 34.9662 34.9678 34.9453 34.502 29.8149 27.4838 8.11841 1.63645 1.61263 8.04953 27.5605 29.9815 8.48777 1.58001 1.01963 1.00015 1.00017 1.02046 1.59226 
1.31117 1.00784 1.00007 0.999995 0.999994 1.00009 1.00784 1.31117 5.34177 1.27897 1.00242 0.99982 0.999876 1.00329 1.2835 5.34169 31.5284 34.7351 34.9856 34.9985 34.9985 34.9856 34.7449 31.3519 34.9552 34.9866 34.9984 34.9994 34.9994 34.9984 34.9868 34.9581 34.4787 34.9579 34.9962 34.9981 34.9981 34.9962 34.96 34.5186 29.8449 27.5055 8.11921 1.63649 1.6127 8.05059 27.582 30.0108 8.49218 1.5803 1.01965 1.00017 1.00019 1.02048 1.59254 
1.32485 1.00821 1.00007 0.999993 0.999992 1.00009 1.00821 1.32485 5.51608 1.30521 1.00414 0.999874 0.999926 1.0049 1.30885 5.51601 31.5563 34.7388 34.9866 34.9993 34.9993 34.9866 34.7474 31.383 34.9586 34.9886 34.9991 34.9999 34.9999 34.9991 34.9887 34.9608 34.4943 34.9602 34.9979 34.9999 34.9999 34.9979 34.9618 34.5313 29.8644 27.5257 8.05598 1.62695 1.60582 7.99782 27.5914 30.0263 8.46527 1.57611 1.01912 1.00016 1.00018 1.01989 1.58722 
1.32876 1.00867 1.00009 0.999992 0.999992 1.00009 1.00821 1.32485 5.51608 1.30521 1.0049 0.999926 0.999874 1.00414 1.30521 5.51608 31.5563 34.7388 34.9866 34.9993 34.9993 34.9868 34.7388 31.5563 34.9608 34.9887 34.9991 34.9999 34.9999 34.9991 34.9887 34.9608 34.4931 34.9605 34.9979 34.9999 34.9999 34.9979 34.9577 34.5089 29.9273 27.5914 7.99782 1.60582 1.58526 7.94355 27.6529 29.965 8.50276 1.58722 1.01989 1.00018 1.00016 1.01912 1.57611 
1.31602 1.00834 1.00009 0.999994 0.999994 1.00009 1.00784 1.31117 5.34177 1.27897 1.00329 0.999876 0.99982 1.00242 1.27897 5.34177 31.5284 34.7351 34.9856 34.9985 34.9985 34.9857 34.7351 31.5284 34.9581 34.9868 34.9984 34.9994 34.9994 34.9984 34.9868 34.9581 34.4777 34.9581 34.9962 34.9981 34.9982 34.9962 34.9548 34.4922 29.9176 27.582 8.05059 1.6127 1.5897 7.9866 27.6542 29.9597 8.53596 1.59254 1.02048 1.00019 1.00017 1.01965 1.5803 
1.33921 1.00901 1.00006 0.999971 0.999971 1.00006 1.0085 1.33442 5.5888 1.30254 1.00391 0.999841 0.999785 1.00305 1.30254 5.5888 31.5691 34.7296 34.9764 34.9889 34.9889 34.9767 34.7296 31.5691 34.9353 34.9672 34.9892 34.992 34.9918 34.9893 34.9672 34.9353 34.4608 34.9427 34.9678 34.9662 34.9669 34.9682 34.9396 34.4756 29.8879 27.5605 8.04953 1.61263 1.58959 7.98527 27.6332 29.9309 8.53172 1.59226 1.02046 1.00017 1.00015 1.01963 1.58001 
1.883 1.03296 1.00043 1.00001 1.00001 1.00043 1.03203 1.88034 9.2544 1.88174 1.03009 1.00029 1.00025 1.02951 1.88174 9.2544 32.1953 34.7741 34.9806 34.9918 34.9921 34.9808 34.7741 32.1953 34.8302 34.8738 34.989 35.0014 35.0011 34.9878 34.8738 34.8302 34.3389 34.8791 34.7583 34.7217 34.7462 34.78 34.8853 34.3634 29.4247 27.2237 7.97522 1.60572 1.5837 7.9141 27.2821 29.4673 8.42887 1.58513 1.02025 1.00021 1.00019 1.01944 1.57338 
5.65252 1.34113 1.00832 1.00005 1.00005 1.00832 1.34113 5.65252 22.6318 5.93659 1.37752 1.00969 1.00969 1.37752 5.93659 22.6318 34.0768 34.8868 34.992 34.9968 34.9953 34.9896 34.8868 34.0768 34.771 34.8923 34.8869 34.8579 34.8463 34.8778 34.8851 34.7583 33.7461 34.7358 34.6089 34.5556 34.4868 34.5447 34.754 33.7092 25.1276 22.879 6.98872 1.6014 1.58454 6.96358 23.0473 25.1482 7.51532 1.5401 1.02235 1.00032 1.00032 1.02237 1.5399 
6.43851 1.40264 1.00994 1.00002 1.00002 1.00994 1.40264 6.43851 26.0187 6.90802 1.45486 1.01214 1.01214 1.45486 6.90802 26.0187 34.5302 34.9451 34.9895 34.9907 34.9906 34.9891 34.9451 34.5302 34.9369 34.9708 34.9793 34.9784 34.9786 34.9795 34.971 34.9371 34.6446 34.9556 34.9751 34.972 34.9731 34.9746 34.9565 34.6279 29.0843 26.6724 8.09245 1.71375 1.6924 8.03548 26.7282 28.9697 8.54921 1.63577 1.02691 1.00035 1.00035 1.02694 1.63563 
6.48409 1.40585 1.01004 1.00004 1.00004 1.01004 1.40585 6.48409 26.2601 6.96087 1.45848 1.01226 1.01226 1.45848 6.96087 26.2601 34.569 34.9587 34.9973 34.9993 34.9992 34.997 34.9587 34.569 34.9622 34.9876 34.9976 34.9983 34.9983 34.9976 34.9875 34.9619 34.7044 34.9717 34.9974 34.9988 34.9987 34.9972 34.972 34.6888 29.4345 27.0017 8.16299 1.71977 1.69855 8.10888 27.0733 29.3355 8.64032 1.64256 1.02717 1.00038 1.00037 1.0272 1.64242 
6.48581 1.40551 1.00994 1.00004 1.00004 1.00994 1.40551 6.48581 26.2761 6.96716 1.45865 1.01226 1.01226 1.45865 6.96716 26.2761 34.5725 34.9605 34.9979 34.9999 34.9999 34.9977 34.9605 34.5725 34.9651 34.9891 34.9991 34.9998 34.9998 34.9991 34.989 34.9652 34.7048 34.9711 34.9984 34.9999 34.9999 34.9982 34.9715 34.6881 29.5176 27.0944 8.08494 1.70095 1.68233 8.04182 27.1539 29.4116 8.60729 1.63364 1.02599 1.00035 1.00034 1.02603 1.63354 
6.49235 1.40245 1.00971 1.00003 1.00004 1.00994 1.40551 6.48581 26.2761 6.96716 1.45865 1.01226 1.01213 1.4586 6.94366 26.4125 34.6045 34.9583 34.9977 34.9999 34.9999 34.9977 34.9583 34.6045 34.9652 34.989 34.9991 34.9998 34.9998 34.9991 34.989 34.9652 34.6881 34.9715 34.9982 34.9999 34.9999 34.9982 34.9711 34.7048 29.4116 27.1539 8.04182 1.68233 1.70095 8.08494 27.0944 29.5176 8.60729 1.63364 1.02599 1.00035 1.00035 1.02599 1.63364 
6.49075 1.4025 1.0098 1.00004 1.00004 1.01004 1.40585 6.48409 26.2601 6.96087 1.45848 1.01226 1.01213 1.45843 6.9377 26.3956 34.6007 34.9561 34.997 34.9992 34.9992 34.997 34.9561 34.6007 34.9619 34.9875 34.9976 34.9983 34.9983 34.9976 34.9875 34.9619 34.6888 34.972 34.9972 34.9987 34.9987 34.9972 34.9717 34.7044 29.3355 27.0733 8.10888 1.69855 1.71977 8.16299 27.0017 29.4345 8.64032 1.64256 1.02717 1.00038 1.00038 1.02717 1.64256 
6.44506 1.39932 1.0097 1.00001 1.00002 1.00994 1.40264 6.43851 26.0187 6.90802 1.45486 1.01214 1.01201 1.45479 6.88386 26.1519 34.5631 34.9426 34.9891 34.9906 34.9906 34.9891 34.9426 34.5631 34.9371 34.971 34.9795 34.9786 34.9786 34.9795 34.971 34.9371 34.6279 34.9565 34.9746 34.9731 34.9731 34.9746 34.9556 34.6446 28.9697 26.7282 8.03548 1.6924 1.71375 8.09245 26.6724 29.0843 8.54921 1.63577 1.02691 1.00035 1.00035 1.02691 1.63577 
5.65711 1.33837 1.00813 1.00005 1.00005 1.00832 1.34113 5.65252 22.6318 5.93659 1.37752 1.00969 1.0096 1.37729 5.8995 22.7421 34.1142 34.8774 34.9896 34.9953 34.9953 34.9896 34.8774 34.1142 34.7583 34.8851 34.8778 34.8463 34.8463 34.8778 34.8851 34.7583 33.7092 34.754 34.5447 34.4868 34.4868 34.5447 34.7358 33.7461 25.1482 23.0473 6.96358 1.58454 1.6014 6.98872 22.879 25.1276 7.51532 1.5401 1.02235 1.00032 1.00032 1.02235 1.5401 
1.91429 1.04067 1.00052 0.999998 0.999998 1.00052 1.04038 1.91279 9.23427 1.82687 1.02743 1.00029 1.00036 1.0306 1.80843 9.11773 31.7708 34.4278 34.8279 34.8344 34.8344 34.8279 34.4278 31.7708 31.8702 31.9511 31.4928 31.4165 31.4165 31.4928 31.7501 31.7056 27.8219 32.998 29.4217 28.6882 28.6882 29.4217 32.9117 28.0642 5.1705 4.10611 1.25433 0.99419 0.996978 1.22789 4.17924 5.39976 1.44516 1.01448 1.00019 1.00002 1.00002 1.00023 1.01582 
1.60422 1.02827 1.00032 0.99995 0.999951 1.00033 1.02835 1.61395 6.73767 1.4323 1.01165 1.00005 1.00009 1.01306 1.42631 6.71128 31.4556 34.5586 34.9571 34.9793 34.9793 34.9571 34.5586 31.4556 33.8041 34.4631 34.4063 34.4303 34.4303 34.4063 34.4706 33.8272 27.7512 34.1331 34.3583 34.3733 34.3733 34.3583 34.111 28.1218 2.74717 1.36441 1.00038 0.985782 0.98872 0.998168 1.34452 2.86661 1.1066 1.00188 0.999976 0.999977 0.999976 0.99998 1.00203 
1.59205 1.02786 1.00035 0.999975 0.999976 1.00035 1.02794 1.60184 6.57106 1.41477 1.0111 1.00008 1.00011 1.01249 1.40879 6.54536 31.4473 34.5884 34.9745 34.9975 34.9975 34.9745 34.5884 31.4473 34.1124 34.8915 34.9332 34.9407 34.9407 34.9332 34.8947 34.1339 27.7552 34.3313 34.905 34.954 34.954 34.905 34.2881 28.1318 2.45722 1.09766 0.984659 0.980193 0.982881 0.98381 1.08853 2.59175 1.0727 1.00102 1 1 1 1 1.00118 
1.60693 1.02768 1.00034 0.999972 0.999973 1.00034 1.02774 1.61611 6.71697 1.43727 1.01197 1.00008 1.00011 1.01326 1.43171 6.69376 31.4599 34.5947 34.9761 34.9987 34.9987 34.9761 34.5947 31.4599 34.1557 34.9402 34.9917 34.9951 34.9951 34.9917 34.9427 34.1728 27.7902 34.3633 34.9489 34.9944 34.9944 34.9489 34.3211 28.1666 2.44565 1.08527 0.98546 0.980724 0.983165 0.984568 1.07749 2.58436 1.07085 1.00096 1 1 1 1.00001 1.00111 
1.61611 1.02774 1.00034 0.999973 0.999973 1.00034 1.02774 1.61611 6.69376 1.43171 1.01326 1.00011 1.00011 1.01326 1.41074 6.66809 31.6298 34.5965 34.9782 34.9988 34.9987 34.9761 34.5947 31.4599 34.1728 34.9427 34.9917 34.9951 34.9951 34.9917 34.9402 34.1557 27.7759 34.3501 34.9458 34.9941 34.9944 34.9489 34.3633 27.7902 2.61047 1.09618 0.984568 0.978272 0.978272 0.984554 1.09618 2.61047 1.07085 1.00096 1 1 1 1 1.00096 
1.60184 1.02794 1.00035 0.999976 0.999976 1.00035 1.02794 1.60184 6.54536 1.40879 1.01249 1.00011 1.00011 1.01249 1.38641 6.51894 31.62 34.5911 34.9766 34.9975 34.9975 34.9745 34.5884 31.4473 34.1339 34.8947 34.9332 34.9407 34.9407 34.9332 34.8915 34.1124 27.7374 34.3146 34.9012 34.9537 34.954 34.905 34.3313 27.7552 2.62511 1.10873 0.98381 0.977479 0.977478 0.983792 1.10873 2.62511 1.0727 1.00102 1 1 1 1 1.00102 
1.61395 1.02835 1.00033 0.999951 0.999951 1.00033 1.02835 1.61395 6.71128 1.42631 1.01306 1.00009 1.00009 1.01306 1.40334 6.67819 31.6252 34.5625 34.9583 34.9791 34.9793 34.9571 34.5586 31.4556 33.8272 34.4706 34.4069 34.4308 34.4303 34.4063 34.4631 33.8041 27.7315 34.1192 34.37 34.3888 34.3733 34.3583 34.1331 27.7512 2.90405 1.3684 0.998168 0.982825 0.982803 0.998084 1.3684 2.90405 1.1066 1.00188 0.999976 0.999977 0.999977 0.999976 1.00188 
1.91279 1.04038 1.00052 0.999998 0.999998 1.00052 1.04038 1.91279 9.11773 1.80843 1.0306 1.00036 1.00036 1.0306 1.75113 8.84972 31.8266 34.4078 34.7996 34.8028 34.8344 34.8279 34.4278 31.7708 31.7056 31.7501 31.4845 31.4109 31.4165 31.4928 31.9511 31.8702 27.7346 32.9405 29.2475 28.4929 28.6882 29.4217 32.998 27.8219 5.20116 3.99929 1.22789 0.991287 0.99128 1.22766 3.99929 5.20116 1.44516 1.01448 1.00019 1.00002 1.00002 1.00019 1.01448 
1.35034 1.01125 1.00005 1.00002 1.00002 0.999975 1.0099 1.33895 4.90663 1.35565 1.00913 1.00004 0.999982 1.00754 1.31901 5.06351 24.6262 29.5772 30.7544 30.6367 30.4724 30.5867 29.4071 24.4555 9.80392 5.3888 4.88978 4.82416 4.81866 4.88461 5.17554 9.60409 24.8654 26.1309 10.4328 5.61238 5.43933 10.2714 25.9395 24.7344 3.61957 1.37479 1.21737 1.01103 1.01106 1.21749 1.37479 3.61957 1.11405 1.01323 1.00071 1.00003 1.00003 1.00071 1.01323 
1.37617 1.01215 1.00001 0.999976 0.999974 0.999927 1.01071 1.36532 5.26281 1.39626 1.01028 1.00001 0.999936 1.00837 1.34837 5.31185 27.6129 33.775 34.3888 34.185 34.1829 34.3823 33.7609 27.5842 7.44864 1.84351 1.44267 1.41737 1.41798 1.44336 1.84916 7.45142 26.5769 27.5712 7.97009 2.09659 2.10017 7.97974 27.556 26.5881 3.73725 1.25078 1.22429 1.01254 1.01254 1.22427 1.25078 3.73725 1.12006 1.01399 1.0007 0.999987 0.999987 1.0007 1.01399 
1.37729 1.01219 1.00004 0.999999 0.999997 0.999952 1.01074 1.36642 5.28665 1.39806 1.01035 1.00003 0.999962 1.00844 1.35012 5.33704 27.8451 34.137 34.7461 34.511 34.5113 34.7436 34.115 27.8147 7.20489 1.44369 1.02209 1.01105 1.01105 1.0221 1.44619 7.20927 26.7754 27.7115 7.76156 1.76113 1.76314 7.77319 27.6956 26.7852 3.74899 1.24892 1.22442 1.01256 1.01256 1.2244 1.24892 3.74899 1.12032 1.01399 1.00072 1.00001 1.00001 1.00072 1.01399 
1.36145 1.0112 1.00003 0.999999 0.999997 0.999957 1.00994 1.35268 5.26993 1.38456 1.00978 1.00003 0.999966 1.00815 1.34473 5.33386 27.7888 33.9981 34.5323 34.2853 34.286 34.5342 33.9797 27.7642 7.25458 1.66018 1.25449 1.24369 1.24369 1.25451 1.66228 7.25711 26.4341 27.4137 7.9092 2.12618 2.12792 7.91835 27.4005 26.4441 3.69337 1.23802 1.22362 1.01233 1.01233 1.2236 1.23802 3.69337 1.11607 1.01337 1.00069 1.00001 1.00001 1.00069 1.01337 
1.35268 1.00994 0.999957 0.999997 0.999997 0.999957 1.00994 1.35268 5.26993 1.38456 1.00978 1.00003 1.00003 1.00978 1.38456 5.26993 27.7642 33.9797 34.5342 34.286 34.286 34.5342 33.9797 27.7642 7.25711 1.66228 1.25451 1.24369 1.24369 1.25449 1.66228 7.25711 26.4441 27.4005 7.91835 2.12792 2.12792 7.91835 27.4005 26.4441 3.69384 1.23234 1.22082 1.01225 1.01225 1.22218 1.23234 3.69384 1.11607 1.01337 1.00069 1.00001 1.00001 1.00063 1.01336 
1.36642 1.01074 0.999952 0.999997 0.999997 0.999952 1.01074 1.36642 5.28665 1.39806 1.01035 1.00003 1.00003 1.01035 1.39806 5.28665 27.8147 34.115 34.7436 34.5113 34.5113 34.7436 34.115 27.8147 7.20927 1.44619 1.0221 1.01105 1.01105 1.02209 1.44619 7.20927 26.7852 27.6956 7.77319 1.76314 1.76314 7.77319 27.6956 26.7852 3.74959 1.24251 1.22138 1.01247 1.01247 1.22287 1.24251 3.74959 1.12032 1.01399 1.00072 1.00001 1.00001 1.00066 1.01398 
1.36532 1.01071 0.999927 0.999974 0.999974 0.999927 1.01071 1.36532 5.26281 1.39626 1.01028 1.00001 1.00001 1.01028 1.39626 5.26281 27.5842 33.7609 34.3823 34.1829 34.1829 34.3823 33.7609 27.5842 7.45142 1.84916 1.44336 1.41798 1.41737 1.44267 1.84916 7.45142 26.5881 27.556 7.97974 2.10017 2.10017 7.97974 27.556 26.5881 3.73786 1.24458 1.22122 1.01245 1.01245 1.22277 1.24458 3.73786 1.12006 1.01399 1.0007 0.999987 0.999985 1.00064 1.01398 
1.33895 1.0099 0.999975 1.00002 1.00002 0.999975 1.0099 1.33895 4.90663 1.35565 1.00913 1.00004 1.00004 1.00913 1.35565 4.90663 24.4555 29.4071 30.5867 30.4724 30.4724 30.5867 29.4071 24.4555 9.60409 5.17554 4.88461 4.81866 4.82416 4.88978 5.17554 9.60409 24.7344 25.9395 10.2714 5.43933 5.43933 10.2714 25.9395 24.7344 3.59716 1.36635 1.21411 1.0111 1.0111 1.21624 1.36635 3.59716 1.11405 1.01323 1.00071 1.00003 1.00003 1.00065 1.01322 
1.00226 1.00004 0.999996 1 1 0.999996 1.00004 1.00226 1.08831 1.00309 0.999995 1 1 0.999995 1.00309 1.08831 6.22402 7.45576 7.60701 7.53145 7.53145 7.60701 7.45576 6.22402 1.52938 1.08901 1.06374 1.0638 1.0638 1.06374 1.08901 1.52938 5.4909 5.75846 1.88229 1.21437 1.21437 1.88229 5.75846 5.4909 1.09018 1.0059 1.00677 1.00017 1.00017 1.00721 1.0059 1.13765 1.00183 1.00015 0.999997 1 1 0.999998 1.00015 
1.00003 0.999973 0.999979 0.999979 0.999979 0.999979 0.999973 1.00003 1.00184 1.00001 0.999973 0.999979 0.999979 0.999973 1.00001 1.00184 1.37185 1.46991 1.47587 1.46281 1.46281 1.47587 1.46991 1.37185 1.03788 1.02526 1.02479 1.02336 1.02336 1.02479 1.02526 1.03788 1.38829 1.40842 1.02701 0.996214 0.996214 1.02701 1.40842 1.38829 1.00172 1.00002 1.00008 0.999965 0.999965 1.00008 1.00002 1.00378 1.00003 0.999972 0.999978 0.999979 0.999979 0.999978 0.999971 
1.00002 1 1 1 1 1 1 1.00002 1.00002 0.999975 1 1 1 1 0.999975 1.00002 1.00859 1.01158 1.01158 1.01059 1.01059 1.01158 1.01158 1.00859 1.00163 1.00147 1.0015 1.0014 1.0014 1.0015 1.00147 1.00163 1.01407 1.01384 1.0001 0.99955 0.99955 1.0001 1.01384 1.01407 0.99999 0.999963 0.999978 1 1 0.999978 0.999963 1.00004 1.00002 0.999999 1 1 1 1 0.999999 
1.00002 0.999997 1 1 1 1 0.999997 1.00002 0.999998 0.999979 1 1 1 1 0.999979 0.999998 1.00005 1.00003 1.00004 1.00004 1.00004 1.00004 1.00003 1.00005 1.00005 1 1.00003 1.00002 1.00002 1.00003 1 1.00005 1.0002 1.00012 1.00001 0.999996 0.999996 1.00001 1.00012 1.0002 1.00001 0.999978 1 1 1 1 0.999978 1 1.00002 0.999997 1 1 1 1 0.999997 
1.00002 0.999997 1 1 1 1 0.999997 1.00002 0.999998 0.999979 1 1 1 1 0.999979 0.999998 1.00005 1.00005 1.00004 1.00004 1.00004 1.00004 1.00003 1.00005 1.00005 1 1.00003 1.00002 1.00002 1.00003 1 1.00005 1.00018 1.0001 1.00001 0.999999 0.999996 1.00001 1.00012 1.0002 1 0.999978 1 1 1 1 0.999979 1 1.00002 0.999997 1 1 1 1 0.999997 
1.00002 1 1 1 1 1 1 1.00002 1.00002 0.999975 1 1 1 1 0.999975 1.00002 1.00862 1.01231 1.01153 1.01071 1.01059 1.01158 1.01158 1.00859 1.00163 1.00147 1.0015 1.0014 1.0014 1.0015 1.00147 1.00163 1.01328 1.0132 1.00016 0.999669 0.99955 1.0001 1.01384 1.01407 1.00004 0.999963 0.999978 1 1 0.999978 0.999964 1.00001 1.00002 0.999999 1 1 1 1 0.999999 
1.00003 0.999974 0.999979 0.999979 0.999979 0.999979 0.999973 1.00003 1.00184 1.00001 0.999973 0.999979 0.999979 0.999973 1.00001 1.00184 1.36741 1.47197 1.47352 1.46216 1.46281 1.47587 1.46991 1.37185 1.03735 1.02532 1.02481 1.02338 1.02336 1.02479 1.02526 1.03788 1.3763 1.39881 1.02862 0.998901 0.996214 1.02701 1.40842 1.38829 1.00378 1.00002 1.00008 0.999965 0.999968 1.00009 1.00002 1.00232 1.00003 0.999971 0.999978 0.999979 0.999979 0.999978 0.999972 
1.00195 1.00005 0.999996 1 1 0.999996 1.00004 1.00226 1.08831 1.00309 0.999995 1 1 0.999983 1.00258 1.07845 6.02041 7.19612 7.58493 7.51514 7.53145 7.60701 7.45576 6.22402 1.49985 1.07984 1.06253 1.06265 1.0638 1.06374 1.08901 1.52938 5.58678 5.86137 1.90383 1.22826 1.21437 1.88229 5.75846 5.4909 1.13765 1.0059 1.00721 1.00017 1.00014 1.00649 1.00447 1.09708 1.00198 1.00015 0.999997 1 1 0.999997 1.00015 
1.00005 1.00002 1.00002 1.00002 1.00002 1.00002 1.00002 1.00005 1.00174 1.00003 1.00002 1.00002 1.00002 1.00002 1.00003 1.00174 1.29674 1.34875 1.38833 1.34445 1.34445 1.38833 1.34875 1.29674 0.993717 0.976725 0.977111 0.978212 0.978212 0.977111 0.976725 0.993717 1.29079 1.32086 1.02946 1.01107 1.00944 1.0285 1.32086 1.29079 1.00298 1.00005 1.00013 1.00002 1.00002 1.00013 1.00005 1.00313 1.00008 1.00002 1.00002 1.00002 1.00002 1.00002 1.00002 
1.00002 0.999995 0.999997 0.999997 0.999997 0.999997 0.999995 1.00002 1.00001 0.999972 1 0.999997 0.999997 1 0.999972 1.00001 1.00908 1.01029 1.01142 1.00926 1.00926 1.01142 1.01029 1.00908 0.999476 0.999154 0.999206 0.999252 0.999252 0.999206 0.999154 0.999476 1.007 1.0078 1.00051 1.00032 1.00026 1.00047 1.0078 1.007 1.00004 0.999968 0.999979 0.999997 0.999997 0.999979 0.999966 1.00004 1.00002 0.999995 0.999997 0.999997 0.999997 0.999997 0.999995 
1.00002 0.999997 1 1 1 1 0.999997 1.00002 1 0.999979 1 1 1 1 0.999979 1 1.00015 1.0001 1.00014 1.0001 1.0001 1.00014 1.0001 1.00015 1.00003 0.999971 0.999995 0.999996 0.999996 0.999995 0.999971 1.00003 1.00004 0.999999 1.00001 1 1 1.00001 0.999999 1.00004 0.999994 0.999979 1 1 1 1 0.999979 0.999996 1.00002 0.999997 1 1 1 1 0.999997 
1.00002 0.999997 1 1 1 1 0.999997 1.00002 1 0.999979 1 1 1 1 0.999979 1 1.00001 0.999961 0.999987 0.999985 0.999985 0.999987 0.999961 1.00001 1.00003 0.999982 1 1 1 1 0.999982 1.00003 1.00002 0.99997 0.999999 0.999999 0.999999 1 0.99997 1.00002 1 0.999979 1 1 1 1 0.999979 1 1.00002 0.999997 1 1 1 1 0.999997 
0 0 0 0 1 1 0.999997 1.00002 1 0.999979 1 1 1 1 0.999979 1 1.00001 0.999961 0.999987 0.999985 0.999985 0.999988 0.999961 1.00001 1.00003 0.999982 1 1 1 1 0.999982 1.00003 1.00002 0.99997 1 0.999999 0.999999 0.999999 0.99997 1.00002 1 0.999979 1 1 1 1 0.999979 1 1.00002 0.999997 1 1 0 0 0 
0 0 0 0 1 1 0.999997 1.00002 1 0.999979 1 1 1 1 0.999979 1 1.00015 1.0001 1.00014 1.0001 1.00009 1.00013 1.00009 1.00014 1.00003 0.999973 0.999997 0.999998 0.999996 0.999995 0.999971 1.00003 1.00006 1.00001 1.00001 1 1 1.00001 0.999999 1.00004 0.999996 0.999979 1 1 1 1 0.999979 0.999994 1.00002 0.999997 1 1 0 0 0 
0 0 0 0 0.999997 0.999997 0.999995 1.00002 1.00001 0.999972 1 0.999997 0.999997 1 0.999972 1.00001 1.00908 1.01029 1.01142 1.00926 1.00886 1.01087 1.00988 1.00866 0.99949 0.999183 0.999234 0.999276 0.999252 0.999206 0.999154 0.999476 1.00748 1.00818 1.00047 1.00026 1.00032 1.00051 1.0078 1.007 1.00004 0.999966 0.999979 0.999997 0.999997 0.999979 0.999968 1.00004 1.00002 0.999995 0.999997 0.999997 0 0 0 
