0 0 0 0 1.00259 1.01894 1.13661 1.6272 2.68299 1.68171 1.1686 1.03633 1.0364 1.16907 1.68335 2.69323 4.76947 5.37185 5.72585 5.75119 5.73942 5.70579 5.35133 4.75986 5.43874 6.23187 7.40481 9.50102 9.4992 7.41533 6.23945 5.43626 2.95019 2.97134 2.77933 2.63081 2.62157 2.76253 2.95144 2.92651 1.85906 1.37544 1.11139 1.03075 1.03137 1.11332 1.37846 1.85962 1.43179 1.1173 1.01934 1.00225 0 0 0 
0 0 0 0 1.00035 1.00389 1.03372 1.14628 1.3775 1.12964 1.02681 1.00422 1.00423 1.0269 1.13001 1.37988 2.1956 2.23742 2.31014 2.30788 2.30461 2.30452 2.232 2.19918 3.66888 4.75582 5.84276 7.08595 7.08152 5.84043 4.75191 3.6617 1.79308 1.89728 1.62506 1.40665 1.40934 1.62938 1.90165 1.79036 1.1811 1.06114 1.01353 1.00202 1.00208 1.01383 1.06178 1.18061 1.09397 1.02485 1.0033 1.00026 0 0 0 
0 0 0 0 0.999941 1.00063 1.00455 1.02076 1.05202 1.01531 1.00238 1.00005 1.00005 1.00239 1.01536 1.05235 1.29207 1.23437 1.24454 1.23493 1.2343 1.2434 1.23337 1.29654 2.72602 3.99169 4.98635 5.29841 5.28338 4.97995 3.98027 2.71063 1.21984 1.27128 1.15783 1.0756 1.0764 1.15964 1.2742 1.21786 1.02658 1.00697 1.00123 1.00008 1.00009 1.00127 1.00708 1.02635 1.01382 1.00343 1.00029 0.999927 0 0 0 
0 0 0 0 0.999968 0.999995 1.00046 1.00245 1.00406 1.00053 0.999887 0.999885 0.999885 0.999889 1.00053 1.00408 1.0611 1.02739 1.02701 1.0248 1.02471 1.02685 1.02727 1.06327 1.90959 3.72385 5.48221 4.0139 3.98401 5.41981 3.68203 1.89579 1.0468 1.05914 1.02833 1.00977 1.00991 1.0287 1.05984 1.04568 1.00273 1.00034 1 0.999953 0.999952 1 1.00036 1.00268 1.00148 1.00025 0.999934 0.999973 0 0 0 
1.00245 1.00046 0.999995 0.999968 0.999968 0.999995 1.00046 1.00245 1.00406 1.00053 0.999887 0.999885 0.999885 0.999887 1.00053 1.00406 1.06327 1.02727 1.02685 1.02471 1.02471 1.02685 1.02727 1.06327 1.90959 3.72385 5.48221 4.0139 4.0139 5.48221 3.72385 1.90959 1.04568 1.05984 1.0287 1.00991 1.00991 1.0287 1.05984 1.04568 1.00268 1.00036 1 0.999952 0.999952 1 1.00036 1.00268 1.00148 1.00025 0.999934 0.999973 0.999973 0.999934 1.00025 
1.02076 1.00455 1.00063 0.999941 0.999941 1.00063 1.00455 1.02076 1.05202 1.01531 1.00238 1.00005 1.00005 1.00238 1.01531 1.05202 1.29654 1.23337 1.2434 1.2343 1.2343 1.2434 1.23337 1.29654 2.72602 3.99169 4.98635 5.29841 5.29841 4.98635 3.99169 2.72602 1.21786 1.2742 1.15964 1.0764 1.0764 1.15964 1.2742 1.21786 1.02635 1.00708 1.00127 1.00009 1.00009 1.00127 1.00708 1.02635 1.01382 1.00343 1.00029 0.999927 0.999927 1.00029 1.00343 
1.14628 1.03372 1.00389 1.00035 1.00035 1.00389 1.03372 1.14628 1.3775 1.12964 1.02681 1.00422 1.00422 1.02681 1.12964 1.3775 2.19918 2.232 2.30452 2.30461 2.30461 2.30452 2.232 2.19918 3.66888 4.75582 5.84276 7.08595 7.08595 5.84276 4.75582 3.66888 1.79036 1.90165 1.62938 1.40934 1.40934 1.62938 1.90165 1.79036 1.18061 1.06178 1.01383 1.00208 1.00208 1.01383 1.06178 1.18061 1.09397 1.02485 1.0033 1.00026 1.00026 1.0033 1.02485 
1.6272 1.13661 1.01894 1.00259 1.00259 1.01894 1.13661 1.6272 2.68299 1.68171 1.1686 1.03633 1.03633 1.1686 1.68171 2.68299 4.75986 5.35133 5.70579 5.73942 5.73942 5.70579 5.35133 4.75986 5.43874 6.23187 7.40481 9.50102 9.50102 7.40481 6.23187 5.43874 2.92651 2.95144 2.76253 2.62157 2.62157 2.76253 2.95144 2.92651 1.85962 1.37846 1.11332 1.03137 1.03137 1.11332 1.37846 1.85962 1.43179 1.1173 1.01934 1.00225 1.00225 1.01934 1.1173 
3.30423 1.8238 1.20508 1.03287 1.03287 1.20508 1.8238 3.30423 5.11473 2.97484 1.58619 1.17963 1.17963 1.58619 2.97484 5.11473 8.64917 10.1009 10.9136 11.1187 11.2511 11.0448 10.2206 8.76418 7.7507 8.57805 9.65031 11.0588 11.0206 9.57006 8.49517 7.68063 6.14608 6.48133 6.93267 7.29789 7.30317 6.94093 6.50967 6.18024 3.48219 2.45794 1.68987 1.33606 1.33606 1.68987 2.45794 3.48219 2.18456 1.28171 1.03424 1.00231 1.00231 1.03424 1.28171 
2.18673 1.46458 1.09077 1.0112 1.0112 1.09077 1.46458 2.18673 2.71099 1.70878 1.16393 1.03415 1.03415 1.16393 1.70878 2.71099 4.74946 5.27356 5.56279 5.56032 5.53451 5.52944 5.24422 4.73074 5.56425 6.46496 6.94282 7.20104 7.21137 6.94602 6.46405 5.55046 3.41673 3.31004 3.23903 3.20422 3.21089 3.24894 3.29001 3.4082 1.80694 1.34745 1.10444 1.0356 1.0356 1.10444 1.34745 1.80694 1.32656 1.06115 1.0061 0.999992 0.999992 1.0061 1.06115 
1.3893 1.14576 1.02079 1.00163 1.00163 1.02079 1.14576 1.3893 1.43122 1.13995 1.02295 1.00267 1.00267 1.02295 1.13995 1.43122 2.32074 2.29385 2.35958 2.31402 2.31027 2.35206 2.2879 2.32727 4.6511 5.61832 5.88675 5.62764 5.64011 5.88627 5.62033 4.65936 2.00007 1.77322 1.65297 1.53424 1.53718 1.65811 1.76759 2.01073 1.1744 1.05105 1.0079 1.00151 1.00151 1.0079 1.05105 1.1744 1.06085 1.00971 1.00074 0.999921 0.999921 1.00074 1.00971 
1.09986 1.03125 1.00316 0.999905 0.999905 1.00316 1.03125 1.09986 1.09029 1.02 1.00169 0.999727 0.999727 1.00169 1.02 1.09029 1.47967 1.36243 1.36819 1.33241 1.33073 1.36561 1.36054 1.48751 4.42555 6.53059 7.53246 5.5042 5.52998 7.59497 6.58849 4.45901 1.40234 1.24369 1.1684 1.09453 1.09536 1.17014 1.24252 1.41534 1.03154 1.00474 1.00003 0.999902 0.999902 1.00003 1.00474 1.03154 1.00935 1.00123 0.99988 0.999953 0.999953 0.99988 1.00123 
1.09994 1.03116 1.00315 0.999903 0.999905 1.00316 1.03125 1.09986 1.09029 1.02 1.00169 0.999727 0.999721 1.00165 1.01975 1.09028 1.48751 1.36054 1.36561 1.33073 1.33073 1.36561 1.36054 1.48751 4.45901 6.58849 7.59497 5.52998 5.52998 7.59497 6.58849 4.45901 1.41534 1.24252 1.17014 1.09536 1.09453 1.1684 1.24221 1.41614 1.02931 1.00477 1.00001 0.999903 0.999902 1.00003 1.00474 1.03154 1.00935 1.00123 0.99988 0.999953 0.999954 0.999879 1.00122 
1.38963 1.14516 1.0207 1.00162 1.00163 1.02079 1.14576 1.3893 1.43122 1.13995 1.02295 1.00267 1.00266 1.02284 1.13934 1.43119 2.32727 2.2879 2.35206 2.31027 2.31027 2.35206 2.2879 2.32727 4.65936 5.62033 5.88627 5.64011 5.64011 5.88627 5.62033 4.65936 2.01073 1.76759 1.65811 1.53718 1.53424 1.65297 1.76772 2.01182 1.16936 1.0512 1.00777 1.00151 1.00151 1.0079 1.05105 1.1744 1.06085 1.00971 1.00074 0.999921 0.99992 1.00073 1.00964 
2.18641 1.4623 1.09035 1.01113 1.0112 1.09077 1.46458 2.18673 2.71099 1.70878 1.16393 1.03415 1.03426 1.16389 1.70794 2.70746 4.73074 5.24422 5.52944 5.53451 5.53451 5.52944 5.24422 4.73074 5.55046 6.46405 6.94602 7.21137 7.21137 6.94602 6.46405 5.55046 3.4082 3.29001 3.24894 3.21089 3.20422 3.23903 3.294 3.41442 1.79625 1.34502 1.10378 1.03553 1.0356 1.10444 1.34745 1.80694 1.32656 1.06115 1.0061 0.999992 0.999977 1.00602 1.06077 
3.3192 1.82675 1.20575 1.03298 1.03287 1.20508 1.8238 3.30423 5.11473 2.97484 1.58619 1.17963 1.18522 1.59964 3.01396 5.18421 8.76418 10.2206 11.0448 11.2511 11.2511 11.0448 10.2206 8.76418 7.68063 8.49517 9.57006 11.0206 11.0206 9.57006 8.49517 7.68063 6.18024 6.50967 6.94093 7.30317 7.29789 6.93267 6.50031 6.17274 3.51907 2.47743 1.71333 1.33858 1.33606 1.68987 2.45794 3.48219 2.18456 1.28171 1.03424 1.00231 1.00228 1.03403 1.28197 
7.10597 3.2009 1.63073 1.13677 1.1374 1.63536 3.22103 7.16747 12.0804 7.49667 3.88106 2.38026 2.39362 3.90815 7.48304 12.1423 17.706 21.1163 22.4923 23.0451 23.0451 22.4923 21.1163 17.706 13.4303 15.901 17.8002 19.3061 19.4448 17.9506 16.0447 13.5359 9.49378 10.0874 11.2972 11.9505 11.9583 11.3065 10.5284 9.94576 6.88454 5.38956 3.9102 2.69747 2.70627 3.92183 5.39646 6.98547 5.55082 2.90517 1.46582 1.08392 1.08342 1.46263 2.89006 
7.65988 3.44448 1.69184 1.1548 1.15461 1.69354 3.45506 7.69847 12.198 7.98213 4.28227 2.68933 2.7111 4.32738 8.01264 12.2053 17.4993 21.6601 23.5713 24.3566 24.3566 23.5713 21.6601 17.4993 12.8943 16.1779 18.2478 19.6796 19.6994 18.2599 16.1657 12.8581 8.43947 8.59616 9.50679 10.6756 10.6863 9.52462 8.77334 8.63489 5.95381 4.69001 3.36598 2.27234 2.24202 3.34073 4.68214 5.95398 4.59749 2.4216 1.33405 1.0512 1.05068 1.33207 2.41604 
7.00833 3.29135 1.63432 1.12544 1.12526 1.63551 3.29975 7.04044 10.9284 6.97998 3.61774 2.23533 2.25251 3.65381 7.00589 10.9322 16.3331 20.3388 22.2121 22.7334 22.7334 22.2121 20.3388 16.3331 12.8471 17.6812 19.8038 20.5307 20.552 19.8201 17.6707 12.808 7.31533 7.13586 7.48749 8.05705 8.0556 7.48744 7.26642 7.48275 4.54454 3.5205 2.54266 1.7879 1.76398 2.52256 3.5168 4.5433 3.3931 1.83531 1.17991 1.02255 1.02204 1.17748 1.82769 
6.46297 3.18613 1.58277 1.10017 1.10004 1.58308 3.18935 6.47661 9.72486 5.89299 2.84097 1.71353 1.72181 2.85953 5.90497 9.72591 15.3881 18.6335 20.4224 20.9544 20.9544 20.4224 18.6335 15.3881 13.803 19.2026 20.768 20.983 20.9948 20.7779 19.2013 13.7799 6.83432 6.55666 6.15634 5.77694 5.77551 6.15419 6.61317 6.96424 3.68763 2.66935 1.79698 1.29212 1.28563 1.78745 2.66615 3.68007 2.49191 1.3968 1.06633 1.00649 1.00629 1.06522 1.39262 
6.47661 3.18935 1.58308 1.10004 1.10004 1.58308 3.18935 6.47661 9.72591 5.90497 2.85953 1.72181 1.72181 2.85953 5.90497 9.72591 15.3529 18.6134 20.4001 20.9406 20.9544 20.4224 18.6335 15.3881 13.7799 19.2013 20.7779 20.9948 20.983 20.768 19.2013 13.7799 6.96424 6.61317 6.15621 5.69656 5.75892 6.15634 6.55666 6.83432 3.68007 2.66615 1.78745 1.28563 1.28563 1.78745 2.66615 3.68007 2.49191 1.3968 1.06633 1.00649 1.00649 1.06633 1.3968 
7.04044 3.29975 1.63551 1.12526 1.12526 1.63551 3.29975 7.04044 10.9322 7.00589 3.65381 2.25251 2.25251 3.65381 7.00589 10.9322 16.3138 20.3533 22.2388 22.751 22.7334 22.2121 20.3388 16.3331 12.808 17.6707 19.8201 20.552 20.5307 19.8038 17.6707 12.808 7.48275 7.26642 7.48979 7.8982 8.022 7.48749 7.13586 7.31533 4.5433 3.5168 2.52256 1.76398 1.76398 2.52256 3.5168 4.5433 3.3931 1.83531 1.17991 1.02255 1.02255 1.17991 1.83531 
7.69847 3.45506 1.69354 1.15461 1.15461 1.69354 3.45506 7.69847 12.2053 8.01264 4.32738 2.7111 2.7111 4.32738 8.01264 12.2053 17.4986 21.6772 23.6005 24.369 24.3566 23.5713 21.6601 17.4993 12.8581 16.1657 18.2599 19.6994 19.6796 18.2478 16.1657 12.8581 8.63489 8.77334 9.53444 10.5233 10.6514 9.50679 8.59616 8.43947 5.95398 4.68214 3.34073 2.24202 2.24202 3.34073 4.68214 5.95398 4.59749 2.4216 1.33405 1.0512 1.0512 1.33405 2.4216 
7.16747 3.22103 1.63536 1.1374 1.1374 1.63536 3.22103 7.16747 12.1423 7.48304 3.90815 2.39362 2.39362 3.90815 7.48304 12.1423 17.7109 21.163 22.7133 23.2444 23.0451 22.4923 21.1163 17.706 13.5359 16.0447 17.9506 19.4448 19.3061 17.8002 16.0447 13.5359 9.94576 10.5284 11.607 12.1275 11.9955 11.2972 10.0874 9.49378 6.98547 5.39646 3.92183 2.70627 2.70627 3.92183 5.39646 6.98547 5.55082 2.90517 1.46582 1.08392 1.08392 1.46582 2.90517 
10.553 4.78985 2.18259 1.30963 1.30963 2.18259 4.76534 10.507 16.9985 10.4458 5.55741 3.29294 3.31325 5.59802 10.4909 17.0282 24.6091 27.7466 29.422 29.962 30.0191 29.4658 27.7499 24.689 23.8425 26.416 27.3393 27.8309 27.9467 27.483 26.5589 23.9418 20.2523 21.7984 22.8234 23.2694 22.9846 22.63 21.5326 20.0892 14.3371 12.417 10.0193 7.58185 7.58185 10.0193 12.417 14.3371 10.9019 5.76329 2.45979 1.41663 1.41663 2.45979 5.76329 
12.2258 5.56393 2.4366 1.39404 1.39404 2.4366 5.53485 12.1651 18.6566 11.686 6.39532 3.84939 3.87489 6.44355 11.7136 18.6406 26.7507 30.2281 32.2141 32.7683 32.7561 32.1932 30.1744 26.7815 25.158 26.574 27.6437 28.5273 28.5429 27.6534 26.5624 25.1263 23.9712 26.904 28.5188 29.1513 29.165 28.5452 26.9118 24.0505 15.4742 13.3231 10.7338 8.12122 8.12122 10.7338 13.3231 15.4742 11.5431 5.85645 2.46285 1.39109 1.39109 2.46285 5.85645 
13.1887 6.00006 2.58885 1.43545 1.43545 2.58885 5.9725 13.1347 20.0261 12.5261 6.73649 4.05246 4.07706 6.7824 12.5556 20.0099 28.3746 31.8359 33.6418 34.1267 34.1227 33.633 31.8037 28.4235 25.8554 25.919 27.1845 28.8482 28.8721 27.1808 25.903 25.8338 26.211 29.7189 31.7462 32.4793 32.4537 31.7286 29.6645 26.2924 16.4453 14.1424 11.3437 8.62108 8.62108 11.3437 14.1424 16.4453 12.1003 6.00732 2.51338 1.40817 1.40817 2.51338 6.00732 
13.4233 6.04083 2.55242 1.39688 1.39688 2.55242 6.02684 13.3961 20.8502 12.613 6.42701 3.85201 3.8669 6.44823 12.6286 20.8415 29.2603 32.5487 34.0775 34.4898 34.4888 34.0756 32.5345 29.2926 26.2264 25.8611 27.1041 28.808 28.823 27.097 25.8553 26.2157 27.1373 30.7319 32.8054 33.4703 33.4566 32.7995 30.7041 27.1779 17.4464 14.9786 11.4958 8.78953 8.78953 11.4958 14.9786 17.4464 12.8205 6.27612 2.60202 1.41908 1.41908 2.60202 6.27612 
13.3961 6.02684 2.54767 1.39522 1.39688 2.55242 6.04083 13.4233 20.8415 12.6286 6.44823 3.8669 3.8669 6.44823 12.6286 20.8415 29.2926 32.5345 34.0775 34.4898 34.4898 34.0775 32.5487 29.2603 26.2157 25.8553 27.097 28.823 28.808 27.097 25.8611 26.2264 27.1196 30.7326 32.7995 33.4638 33.4795 32.8246 30.7638 27.0911 17.5422 15.0165 11.4955 8.77269 8.78953 11.4958 14.9786 17.4464 12.8205 6.27612 2.60202 1.41908 1.4203 2.60489 6.28409 
13.1347 5.9725 2.57873 1.43232 1.43545 2.58885 6.00006 13.1887 20.0099 12.5556 6.7824 4.07706 4.07706 6.7824 12.5556 20.0099 28.4235 31.8037 33.6418 34.1267 34.1267 33.6418 31.8359 28.3746 25.8338 25.903 27.1808 28.8721 28.8482 27.1808 25.919 25.8554 26.2246 29.7042 31.7286 32.4677 32.4942 31.7875 29.7665 26.1408 16.5515 14.1883 11.3384 8.59064 8.62108 11.3437 14.1424 16.4453 12.1003 6.00732 2.51338 1.40817 1.41025 2.51808 6.02126 
12.1651 5.53485 2.42645 1.39094 1.39404 2.4366 5.56393 12.2258 18.6406 11.7136 6.44355 3.87489 3.87489 6.44355 11.7136 18.6406 26.7815 30.1744 32.2141 32.7683 32.7683 32.2141 30.2281 26.7507 25.1263 26.5624 27.6534 28.5429 28.5273 27.6534 26.574 25.158 23.9893 26.9449 28.5452 29.1725 29.144 28.5307 26.9108 23.91 15.5595 13.3589 10.7254 8.08507 8.12122 10.7338 13.3231 15.4742 11.5431 5.85645 2.46285 1.39109 1.39321 2.4678 5.87145 
10.507 4.76534 2.17354 1.30723 1.30963 2.18259 4.78985 10.553 17.0282 10.4909 5.59802 3.31325 3.31325 5.59802 10.4909 17.0282 24.689 27.7499 29.422 29.962 29.962 29.422 27.7466 24.6091 23.9418 26.5589 27.483 27.9467 27.8309 27.483 26.416 23.8425 20.1075 21.6298 22.63 23.0856 23.4536 23.0182 21.9707 20.3609 14.3434 12.3957 9.96405 7.50994 7.58185 10.0193 12.417 14.3371 10.9019 5.76329 2.45979 1.41663 1.42086 2.47174 5.79933 
10.0751 4.28889 1.91947 1.21281 1.21484 1.9272 4.31546 10.1498 17.6166 9.82154 4.51472 2.53609 2.53609 4.51472 9.75667 17.6043 26.9901 30.3137 32.2313 32.9159 32.9159 32.2313 30.38 27.0005 29.4796 32.8473 33.5474 33.3013 33.3013 33.5474 32.8473 29.4796 24.0406 27.3852 28.8108 29.3916 29.3505 28.8073 27.3677 24.1241 15.6684 13.8237 12.0894 10.1655 10.27 12.1353 13.7796 15.6214 12.345 7.43858 3.48906 1.96899 1.97625 3.50656 7.46483 
9.214 3.7927 1.74269 1.15003 1.15203 1.74992 3.81739 9.28481 17.1018 8.99718 3.90833 2.12149 2.12149 3.90833 8.94085 17.0844 27.4882 30.9327 33.0617 33.8025 33.8025 33.0617 30.9734 27.4645 30.454 33.2539 33.9483 33.9718 33.9718 33.9483 33.2539 30.454 26.1141 29.9313 31.6814 32.2201 32.2599 31.7078 29.952 26.1885 17.2113 15.1703 13.3507 11.305 11.4482 13.3806 15.0744 17.1084 12.9175 7.48976 3.42557 1.95716 1.96695 3.44861 7.52226 
8.57185 3.40602 1.57657 1.10366 1.1052 1.58252 3.42775 8.63725 16.4201 8.18108 3.4364 1.8604 1.8604 3.4364 8.12772 16.3945 27.6402 31.1834 33.44 34.1895 34.1895 33.44 31.2176 27.6235 31.0706 33.4106 34.1359 34.3121 34.3121 34.1359 33.4106 31.0706 27.4189 31.3225 33.1767 33.7263 33.7501 33.1979 31.3372 27.484 18.1766 15.7197 13.5318 11.1681 11.3018 13.5628 15.6239 18.0818 13.2379 7.40961 3.33417 1.903 1.91189 3.35432 7.44139 
8.17432 3.1715 1.47028 1.07093 1.07158 1.47309 3.1827 8.21092 16.0514 7.68026 3.13859 1.66773 1.66773 3.13859 7.65165 16.0355 27.6792 31.2382 33.5513 34.2754 34.2754 33.5513 31.2525 27.6756 31.426 33.4425 34.2018 34.4764 34.4764 34.2018 33.4425 31.426 28.1053 31.9126 33.7466 34.2414 34.2524 33.7574 31.9155 28.1582 19.2379 16.1672 13.2044 10.5664 10.6343 13.2342 16.1102 19.1923 13.6842 7.1719 3.18239 1.78659 1.79133 3.19208 7.19051 
8.21092 3.1827 1.47309 1.07158 1.07158 1.47309 3.1715 8.17432 16.0355 7.65165 3.12401 1.66233 1.66773 3.13859 7.68026 16.0514 27.6756 31.2525 33.5513 34.2754 34.2825 33.5673 31.2525 27.6756 31.4244 33.4457 34.2027 34.4766 34.4764 34.2018 33.4425 31.426 28.0902 31.9173 33.7466 34.2465 34.2414 33.7466 31.9173 28.0902 19.1458 16.138 13.2178 10.5664 10.5664 13.2044 16.1672 19.2379 13.6465 7.19051 3.19208 1.79133 1.78659 3.18239 7.1719 
8.63725 3.42775 1.58252 1.1052 1.1052 1.58252 3.40602 8.57185 16.3945 8.12772 3.40997 1.84992 1.8604 3.4364 8.18108 16.4201 27.6235 31.2176 33.44 34.1895 34.2027 33.4746 31.2176 27.6235 31.0762 33.4172 34.1375 34.3122 34.3121 34.1359 33.4106 31.0706 27.402 31.3223 33.1731 33.7365 33.7263 33.1767 31.3223 27.402 18.0623 15.6765 13.5476 11.1681 11.1681 13.5318 15.7197 18.1766 13.1807 7.44139 3.35432 1.91189 1.903 3.33417 7.40961 
9.28481 3.81739 1.74992 1.15203 1.15203 1.74992 3.7927 9.214 17.0844 8.94085 3.87911 2.10954 2.12149 3.90833 8.99718 17.1018 27.4645 30.9734 33.0617 33.8025 33.8105 33.0957 30.9734 27.4645 30.4592 33.2611 33.9497 33.9702 33.9718 33.9483 33.2539 30.454 26.0981 29.9183 31.6652 32.2323 32.2201 31.6814 29.9183 26.0981 17.108 15.1356 13.3662 11.305 11.305 13.3507 15.1703 17.2113 12.8575 7.52226 3.44861 1.96695 1.95716 3.42557 7.48976 
10.1498 4.31546 1.9272 1.21484 1.21484 1.9272 4.28889 10.0751 17.6043 9.75667 4.47125 2.51779 2.53609 4.51472 9.82154 17.6166 27.0005 30.38 32.2313 32.9159 32.9692 32.301 30.38 27.0005 29.4987 32.8692 33.5655 33.3268 33.3013 33.5474 32.8473 29.4796 24.0558 27.4227 28.8503 29.3886 29.3916 28.8108 27.4227 24.0558 15.6332 13.8512 12.1477 10.1655 10.1655 12.0894 13.8237 15.6684 12.3012 7.46483 3.50656 1.97625 1.96899 3.48906 7.43858 
10.1571 4.425 1.97826 1.23441 1.23269 1.97273 4.40992 10.1086 17.355 9.47056 4.3964 2.44034 2.43382 4.38365 9.47056 17.355 27.6987 30.9729 32.8275 33.5499 33.5484 32.8261 30.9197 27.7286 27.6666 31.6146 32.9417 32.7741 32.7359 32.9043 31.5487 27.6736 21.6532 26.0201 27.6737 28.4222 28.4222 27.6737 26.0201 21.6532 10.0819 9.08468 8.60867 9.51793 9.51793 8.6335 9.11771 10.0816 7.82852 5.70259 3.68908 2.36754 2.36749 3.68896 5.70249 
11.2565 4.84989 2.12146 1.28519 1.28344 2.11677 4.84144 11.2323 19.2233 10.7218 5.04862 2.7851 2.77777 5.0331 10.7218 19.2233 29.4189 32.1185 33.6922 34.2623 34.2625 33.6922 32.0968 29.4665 29.0973 32.1041 33.2953 33.4992 33.495 33.284 32.0817 29.1653 24.0722 29.1059 31.1937 31.9556 31.9556 31.1937 29.1059 24.0722 11.3393 10.8813 11.2222 13.0952 13.0952 11.2117 10.9046 11.3396 8.47299 6.19726 4.15362 2.71521 2.7152 4.15364 6.19715 
12.0694 5.25543 2.26799 1.32838 1.32655 2.26403 5.24831 12.0466 20.358 11.3855 5.29887 2.88915 2.8825 5.28509 11.3855 20.358 30.5236 32.8483 34.1798 34.6103 34.6102 34.1793 32.8263 30.5589 29.9018 32.2726 33.4195 33.8242 33.8198 33.4092 32.2566 29.9643 25.6321 30.5808 32.776 33.6001 33.6001 32.776 30.5808 25.6321 12.8193 12.371 12.6408 14.3297 14.3297 12.6357 12.4033 12.8197 9.28745 6.67281 4.4472 2.93495 2.93499 4.44738 6.67279 
12.3886 5.42148 2.30489 1.31975 1.31884 2.30331 5.41987 12.3756 20.7144 11.554 5.28873 2.84229 2.83816 5.2801 11.554 20.7144 30.9645 33.0751 34.3329 34.6929 34.6929 34.3328 33.0662 30.9816 30.121 32.2213 33.3769 33.9213 33.918 33.3708 32.2124 30.1563 26.4555 31.1423 33.3242 34.0903 34.0903 33.3242 31.1423 26.4555 14.6528 13.595 13.116 13.6293 13.6293 13.114 13.6215 14.6537 10.396 6.72415 4.0557 2.50722 2.50726 4.05551 6.72432 
12.3756 5.41987 2.30331 1.31884 1.31884 2.30331 5.41987 12.3756 20.5833 11.6093 5.28873 2.84229 2.84229 5.28873 11.554 20.7144 30.9816 33.0662 34.3328 34.6929 34.6929 34.3328 33.0662 30.9816 30.1563 32.2124 33.3708 33.918 33.918 33.3708 32.2124 30.1563 26.4088 31.1227 33.2868 34.0708 34.0638 33.2753 31.1423 26.4555 14.6537 13.5895 13.1015 13.6499 13.6499 13.1015 13.5895 14.6537 10.396 6.72415 4.0557 2.50722 2.50722 4.0557 6.72415 
12.0466 5.24831 2.26403 1.32655 1.32655 2.26403 5.24831 12.0466 20.2302 11.4656 5.29887 2.88915 2.88915 5.29887 11.3855 20.358 30.5589 32.8263 34.1793 34.6102 34.6102 34.1793 32.8263 30.5589 29.9643 32.2566 33.4092 33.8198 33.8198 33.4092 32.2566 29.9643 25.5765 30.5453 32.7224 33.5681 33.5544 32.7021 30.5808 25.6321 12.8197 12.3566 12.6232 14.3735 14.3735 12.6232 12.3566 12.8197 9.28745 6.67281 4.4472 2.93495 2.93495 4.4472 6.67281 
11.2323 4.84144 2.11677 1.28344 1.28344 2.11677 4.84144 11.2323 19.119 10.8198 5.04862 2.7851 2.7851 5.04862 10.7218 19.2233 29.4665 32.0968 33.6922 34.2625 34.2625 33.6922 32.0968 29.4665 29.1653 32.0817 33.284 33.495 33.495 33.284 32.0817 29.1653 24.0263 29.1007 31.1787 31.9618 31.9521 31.1442 29.1059 24.0722 11.3396 10.8675 11.2048 13.1259 13.1259 11.2048 10.8675 11.3396 8.47299 6.19726 4.15362 2.71521 2.71521 4.15362 6.19726 
10.1086 4.40992 1.97273 1.23269 1.23269 1.97273 4.40992 10.1086 17.2117 9.55217 4.3964 2.44034 2.44034 4.3964 9.47056 17.355 27.7286 30.9197 32.8261 33.5484 33.5484 32.8261 30.9197 27.7286 27.6736 31.5487 32.9043 32.7359 32.7359 32.9043 31.5487 27.6736 21.5378 25.982 27.6405 28.3712 28.2574 27.4705 26.0201 21.6532 10.0816 9.03298 8.60771 9.54585 9.54585 8.60771 9.03298 10.0816 7.82852 5.70259 3.68908 2.36754 2.36754 3.68908 5.70259 
7.79322 3.36454 1.60538 1.11328 1.11328 1.60538 3.36454 7.79322 14.0749 7.5224 3.27243 1.82986 1.82986 3.27243 7.5224 14.0749 25.0123 28.2869 30.9246 32.0848 32.0848 30.9246 28.2869 25.0123 22.3876 26.3208 27.6757 27.7353 27.5924 27.5183 26.1945 22.2986 16.98 20.3986 22.2244 22.8686 22.8738 22.2335 20.4562 16.8758 8.45062 6.53933 4.43594 3.21017 3.25002 4.43622 6.54346 8.36576 5.66439 3.2552 1.95215 1.31891 1.32659 1.97193 3.28273 
7.60147 3.18762 1.5106 1.0821 1.0821 1.5106 3.18762 7.60147 13.9236 7.29698 3.13607 1.7467 1.7467 3.13607 7.29698 13.9236 25.2125 28.5643 31.5261 32.9758 32.9758 31.5261 28.5643 25.2125 21.9677 25.8836 27.5493 28.0508 28.0569 27.565 25.9199 22.0209 17.1411 21.8062 25.4319 27.2404 27.2078 25.3742 21.8425 17.1639 7.9583 5.62977 3.20158 1.96269 1.97413 3.20213 5.65557 7.87994 5.31383 2.73814 1.52517 1.1195 1.1207 1.529 2.74665 
7.42078 3.04083 1.45129 1.06721 1.06721 1.45129 3.04083 7.42078 13.8653 7.13595 3.01877 1.67477 1.67477 3.01877 7.13595 13.8653 25.5042 28.9749 32.1129 33.5561 33.5561 32.1129 28.9749 25.5042 21.5189 24.8232 26.8568 28.2212 28.2298 26.8715 24.8523 21.5799 17.3152 23.0544 27.8073 30.0359 30.0085 27.7319 23.086 17.3648 7.14927 4.51412 2.24813 1.35632 1.36008 2.24839 4.53615 7.09195 4.66604 2.2505 1.27532 1.04004 1.04048 1.27752 2.25804 
7.27365 2.91692 1.3977 1.05292 1.05292 1.3977 2.91692 7.27365 13.7823 6.94202 2.87079 1.56677 1.56677 2.87079 6.94202 13.7823 25.5504 29.3865 32.5472 33.7783 33.7783 32.5472 29.3865 25.5504 21.4223 24.3216 26.4956 28.2527 28.2588 26.5042 24.335 21.4545 17.4442 24.2281 29.2762 31.2379 31.2177 29.2341 24.2444 17.4643 6.15617 3.55529 1.73652 1.14095 1.14187 1.73656 3.56705 6.09126 3.7383 1.77264 1.13429 1.01385 1.014 1.13521 1.77669 
7.29489 2.92218 1.39905 1.05317 1.05292 1.3977 2.91692 7.27365 13.7823 6.94202 2.87079 1.56677 1.56674 2.87063 6.92918 13.8592 25.4532 29.4263 32.5771 33.7913 33.7783 32.5472 29.3865 25.5504 21.4545 24.335 26.5042 28.2588 28.2588 26.5042 24.3216 21.4223 17.4885 24.1965 29.2604 31.2267 31.2379 29.2762 24.2021 17.5574 6.09126 3.56705 1.73656 1.14187 1.14002 1.73652 3.55529 6.15617 3.74765 1.77669 1.13521 1.014 1.01385 1.13429 1.77264 
7.45698 3.05174 1.45428 1.06783 1.06721 1.45129 3.04083 7.42078 13.8653 7.13595 3.01877 1.67477 1.67492 3.01906 7.12172 13.9532 25.3669 29.0225 32.1611 33.5781 33.5561 32.1129 28.9749 25.5042 21.5799 24.8523 26.8715 28.2298 28.2298 26.8715 24.8232 21.5189 17.3721 23.0188 27.7708 30.0216 30.0359 27.8073 23.038 17.4264 7.09195 4.53615 2.24839 1.36008 1.35245 2.24813 4.51412 7.14927 4.68064 2.25804 1.27752 1.04048 1.04004 1.27532 2.2505 
7.64027 3.19956 1.51399 1.08283 1.0821 1.5106 3.18762 7.60147 13.9236 7.29698 3.13607 1.7467 1.74697 3.137 7.28377 14.0126 25.0856 28.6062 31.5751 32.9991 32.9758 31.5261 28.5643 25.2125 22.0209 25.9199 27.565 28.0569 28.0569 27.565 25.8836 21.9677 17.183 21.7689 25.4068 27.2277 27.2404 25.4319 21.7777 17.2244 7.87994 5.65557 3.20213 1.97413 1.95131 3.20158 5.62977 7.9583 5.32183 2.74665 1.529 1.1207 1.1195 1.52517 2.73814 
7.81005 3.36835 1.60693 1.11378 1.11328 1.60538 3.36454 7.79322 14.0749 7.5224 3.27243 1.82986 1.83066 3.27594 7.51601 14.1686 24.8602 28.2934 30.9275 32.0699 32.0848 30.9246 28.2869 25.0123 22.2986 26.1945 27.5183 27.5924 27.5924 27.5183 26.3208 22.3876 16.9673 20.3188 22.2297 22.8662 22.8686 22.2244 20.3031 17.0072 8.36576 6.54346 4.43622 3.25002 3.1675 4.43594 6.53933 8.45062 5.67979 3.28273 1.97193 1.32659 1.31891 1.95215 3.2552 
5.32612 2.27645 1.26673 1.04103 1.04045 1.2642 2.26713 5.30238 9.43065 4.86202 2.13256 1.30273 1.30265 2.13219 4.85237 9.46636 19.4128 25.0463 27.5078 28.3022 28.2259 27.4271 24.9873 19.3778 13.3526 12.8048 12.7859 13.2573 13.1141 12.6216 12.6528 13.2633 13.2798 16.1476 15.5389 14.4994 14.4512 15.4789 16.0859 13.2357 6.73084 4.67526 2.62303 1.71801 1.72629 2.65313 4.73857 6.73084 3.57098 1.63605 1.08845 1.0037 1.0037 1.08845 1.63605 
5.10851 2.19047 1.2503 1.03904 1.03853 1.24848 2.18626 5.1076 9.56868 4.82274 2.05677 1.25707 1.25706 2.05678 4.81612 9.59997 19.8668 26.9111 30.005 30.9624 30.9709 30.0141 26.9166 19.8596 13.34 12.2662 10.6986 9.91093 9.908 10.6939 12.262 13.3404 12.6901 15.8691 13.928 11.836 11.8342 13.9102 15.8687 12.6941 6.13709 3.95433 2.09889 1.41855 1.42292 2.11317 3.97676 6.13709 3.20388 1.53959 1.08015 1.00723 1.00723 1.08015 1.53959 
5.06975 2.17043 1.23849 1.03646 1.036 1.23687 2.16701 5.07124 9.60296 4.83617 2.0542 1.24737 1.24739 2.05436 4.83119 9.63649 20.1898 27.8876 31.3583 32.4415 32.4522 31.3735 27.8977 20.1724 13.5171 12.2912 9.75534 8.32331 8.32 9.74908 12.2904 13.5167 12.2651 15.5832 12.9387 10.2368 10.238 12.9265 15.5836 12.2682 5.97112 3.76554 1.99547 1.37377 1.37717 2.01124 3.78758 5.97112 3.15237 1.54737 1.09069 1.00997 1.00997 1.09069 1.54737 
5.06745 2.14969 1.22053 1.02979 1.02955 1.21967 2.14759 5.06766 9.63756 4.84222 2.04361 1.23073 1.23075 2.04377 4.83716 9.67631 20.4035 28.2475 31.8238 32.9058 32.9115 31.8317 28.2512 20.3958 14.6234 14.5406 11.6917 7.87897 7.87484 11.6892 14.5409 14.6251 12.1351 15.375 12.4797 9.55506 9.55493 12.4722 15.3756 12.137 5.97977 3.632 1.88258 1.3124 1.31423 1.89152 3.6481 5.97977 3.20975 1.57418 1.09294 1.01014 1.01014 1.09294 1.57418 
5.06766 2.14759 1.21967 1.02955 1.02955 1.21967 2.14759 5.06766 9.67631 4.84222 2.04361 1.23073 1.23073 2.04361 4.84222 9.63756 20.3958 28.2512 31.8317 32.9115 32.9124 31.8336 28.2618 20.3968 14.6251 14.5409 11.6892 7.87484 7.87897 11.6917 14.5406 14.6234 12.137 15.3756 12.4722 9.55493 9.55493 12.4722 15.3756 12.137 6.00509 3.632 1.87807 1.30878 1.30878 1.87807 3.632 6.00509 3.20975 1.57418 1.09294 1.01014 1.01014 1.0928 1.57421 
5.07124 2.16701 1.23687 1.036 1.036 1.23687 2.16701 5.07124 9.63649 4.83617 2.0542 1.24737 1.24737 2.0542 4.83617 9.60296 20.1724 27.8977 31.3735 32.4522 32.4543 31.3764 27.9069 20.1682 13.5167 12.2904 9.74908 8.32 8.32331 9.75534 12.2912 13.5171 12.2682 15.5836 12.9265 10.238 10.238 12.9265 15.5836 12.2682 5.99965 3.76554 1.98861 1.36837 1.36837 1.98861 3.76554 5.99965 3.15237 1.54737 1.09069 1.00997 1.00997 1.09076 1.54741 
5.1076 2.18626 1.24848 1.03853 1.03853 1.24848 2.18626 5.1076 9.59997 4.82274 2.05677 1.25707 1.25707 2.05677 4.82274 9.56868 19.8596 26.9166 30.0141 30.9709 30.972 30.0135 26.9198 19.8439 13.3404 12.262 10.6939 9.908 9.91093 10.6986 12.2662 13.34 12.6941 15.8687 13.9102 11.8342 11.8342 13.9102 15.8687 12.6941 6.1722 3.95433 2.0978 1.41617 1.41617 2.0978 3.95433 6.1722 3.20388 1.53959 1.08015 1.00723 1.00724 1.08029 1.53963 
5.30238 2.26713 1.2642 1.04045 1.04045 1.2642 2.26713 5.30238 9.46636 4.86202 2.13256 1.30273 1.30273 2.13256 4.86202 9.43065 19.3778 24.9873 27.4271 28.2259 28.2101 27.4012 24.9584 19.3304 13.2633 12.6528 12.6216 13.1141 13.2573 12.7859 12.8048 13.3526 13.2357 16.0859 15.4789 14.4512 14.4512 15.4789 16.0859 13.2357 6.7596 4.67526 2.62004 1.70944 1.70944 2.62004 4.67526 6.7596 3.57098 1.63605 1.08845 1.0037 1.00372 1.08918 1.63618 
1.87868 1.20643 1.03457 1.00391 1.00391 1.03457 1.2059 1.87114 3.4052 1.74596 1.1555 1.02318 1.02318 1.1555 1.74596 3.30785 10.63 13.9224 15.6427 16.3521 16.3383 15.6252 13.9091 10.598 6.32619 5.11874 4.62946 4.83633 4.83633 4.62946 5.11874 6.32619 7.55326 9.36197 9.07143 8.50714 8.50714 9.07143 9.36197 7.55326 3.37988 2.32357 1.45146 1.13372 1.13372 1.45146 2.32357 3.37988 1.83642 1.15237 1.01926 1.00112 1.00112 1.01926 1.15237 
1.30882 1.06674 1.00882 1.00062 1.00062 1.00882 1.06725 1.31006 1.79454 1.19598 1.02864 1.00236 1.00236 1.02864 1.19598 1.77045 4.7392 6.14517 7.00502 7.36263 7.37507 7.0229 6.16403 4.74286 3.0906 2.39581 2.0991 2.23064 2.23064 2.0991 2.39581 3.0906 3.75578 4.72318 4.23573 3.68789 3.68789 4.23573 4.72318 3.75578 1.72336 1.3309 1.09217 1.0183 1.0183 1.09217 1.3309 1.72336 1.262 1.04539 1.00505 1.00001 1.00001 1.00505 1.04539 
1.0584 1.01049 1.0011 0.999928 0.999928 1.0011 1.01056 1.05864 1.14987 1.02699 1.00252 0.999837 0.999837 1.00252 1.02699 1.14443 2.12408 2.67302 3.03614 3.11616 3.12503 3.05077 2.68568 2.1292 1.52865 1.29669 1.20548 1.24776 1.24776 1.20548 1.29669 1.52865 2.02572 2.37676 1.97256 1.6262 1.6262 1.97256 2.37676 2.02572 1.14146 1.05116 1.01014 1.00096 1.00096 1.01014 1.05116 1.14146 1.04557 1.00708 1.00061 0.999903 0.999903 1.00061 1.00708 
1.00826 1.00117 0.999891 0.999935 0.999935 0.999891 1.00118 1.00829 1.02126 1.00235 0.999888 0.999916 0.999916 0.999888 1.00235 1.0204 1.3041 1.54076 1.70136 1.69379 1.69792 1.70812 1.54585 1.30628 1.08863 1.05364 1.03336 1.04353 1.04353 1.03336 1.05364 1.08863 1.3691 1.50198 1.28809 1.1187 1.1187 1.28809 1.50198 1.3691 1.02069 1.00479 1.00037 0.99987 0.99987 1.00037 1.00479 1.02069 1.00511 1.00064 0.999894 0.999965 0.999965 0.999894 1.00064 
1.00829 1.00118 0.999893 0.999935 0.999935 0.999891 1.00118 1.00829 1.0204 1.00235 0.999888 0.999916 0.999916 0.999887 1.0023 1.02043 1.30628 1.54585 1.70812 1.69792 1.69812 1.70849 1.55162 1.30769 1.08805 1.05352 1.03336 1.04353 1.04353 1.03336 1.05364 1.08863 1.37477 1.50812 1.2881 1.11871 1.1187 1.28809 1.50198 1.3691 1.02069 1.00479 1.00037 0.99987 0.999877 1.00036 1.00424 1.0169 1.00511 1.00064 0.999894 0.999965 0.999965 0.999894 1.00064 
1.05864 1.01056 1.00112 0.99993 0.999928 1.0011 1.01056 1.05864 1.14443 1.02699 1.00252 0.999837 0.999837 1.00252 1.02658 1.1444 2.1292 2.68568 3.05077 3.12503 3.12627 3.05275 2.70106 2.13132 1.52645 1.29614 1.20545 1.24774 1.24776 1.20548 1.29669 1.52865 2.03794 2.39159 1.97255 1.62615 1.6262 1.97256 2.37676 2.02572 1.14146 1.05116 1.01014 1.00096 1.00095 1.01021 1.04895 1.12802 1.04556 1.00708 1.00061 0.999903 0.999903 1.00061 1.00708 
1.31006 1.06725 1.00891 1.00064 1.00062 1.00882 1.06725 1.31006 1.77045 1.19598 1.02864 1.00236 1.00235 1.02858 1.19441 1.77218 4.74286 6.16403 7.0229 7.37507 7.38533 7.03528 6.1956 4.74042 3.08759 2.39331 2.09718 2.22956 2.23064 2.0991 2.39581 3.0906 3.77211 4.74297 4.23539 3.68772 3.68789 4.23573 4.72318 3.75578 1.72336 1.3309 1.09217 1.0183 1.01831 1.09321 1.3325 1.69836 1.26193 1.04539 1.00505 1.00001 1.00001 1.00505 1.04539 
1.87114 1.2059 1.03461 1.00392 1.00391 1.03457 1.2059 1.87114 3.30785 1.74596 1.1555 1.02318 1.02267 1.1534 1.73412 3.29773 10.598 13.9091 15.6252 16.3383 16.2648 15.554 13.8403 10.4969 6.29448 5.09481 4.60657 4.80888 4.83633 4.62946 5.11874 6.32619 7.50677 9.3165 9.07158 8.50727 8.50714 9.07143 9.36197 7.55326 3.37988 2.32357 1.45146 1.13372 1.1244 1.45275 2.26576 3.23302 1.8362 1.15237 1.01926 1.00112 1.00112 1.01926 1.15237 
1.19488 1.03835 1.00656 1.00083 1.00083 1.00656 1.03835 1.19488 1.69986 1.17036 1.0273 1.00306 1.00306 1.02724 1.17036 1.69986 4.29383 6.23453 7.06264 7.70319 7.70319 7.06264 6.23453 4.29383 3.19546 2.63666 2.39451 2.1575 2.1575 2.39451 2.63666 3.19546 3.81969 4.70057 4.2093 3.5418 3.54162 4.20914 4.70057 3.81969 1.74418 1.29465 1.07731 1.01535 1.01565 1.07863 1.29693 1.75014 1.18873 1.03157 1.00366 1.00038 1.00038 1.00366 1.03157 
1.0266 1.0055 1.0008 0.999972 0.999972 1.0008 1.0055 1.0266 1.18031 1.03427 1.00386 1.00018 1.00018 1.00386 1.03427 1.18031 2.92247 4.05995 4.47632 4.51341 4.51341 4.47632 4.05995 2.92247 1.94919 1.66731 1.47253 1.31454 1.31454 1.47253 1.66731 1.94919 1.73798 1.98463 1.73175 1.5063 1.50627 1.73177 1.98463 1.73798 1.16758 1.05505 1.01077 1.00121 1.00122 1.01082 1.05486 1.16756 1.04426 1.00868 1.00109 0.999967 0.999967 1.00109 1.00868 
1.00137 1.00053 0.999985 0.999968 0.999968 0.999985 1.00053 1.00137 1.04083 1.00572 1.00044 0.999876 0.999876 1.00044 1.00572 1.04083 2.02908 2.83046 3.12953 2.71351 2.71351 3.12953 2.83046 2.02908 1.27923 1.17246 1.10881 1.05821 1.05821 1.10881 1.17246 1.27923 1.13273 1.17254 1.1075 1.06089 1.0609 1.10749 1.17254 1.13273 1.02921 1.00733 1.0008 0.99984 0.99984 1.0008 1.00726 1.02907 1.00782 1.00127 1.00003 0.999956 0.999956 1.00003 1.00127 
0.999654 0.999929 0.999976 0.999997 0.999997 0.999976 0.999929 0.999654 1.00678 1.00056 0.999912 0.999964 0.999964 0.999912 1.00056 1.00678 1.38834 1.85857 2.0793 1.6702 1.6702 2.0793 1.85857 1.38834 1.05817 1.0291 1.0155 1.00667 1.00667 1.0155 1.0291 1.05817 1.0134 1.01723 1.00908 1.0042 1.0042 1.00908 1.01723 1.0134 1.0034 1.00051 0.999895 0.999936 0.999936 0.999894 1.00049 1.00336 1.00107 1.00001 0.99995 0.99999 0.99999 0.99995 1.00001 
0 0 0 0 0.999997 0.999976 0.999929 0.999654 1.00623 1.00056 0.999912 0.999964 0.999964 0.999912 1.00056 1.00678 1.38834 1.85857 2.0793 1.6702 1.66308 2.06187 1.84412 1.38316 1.05783 1.02874 1.0153 1.00658 1.00667 1.0155 1.0291 1.05817 1.01372 1.01738 1.00908 1.0042 1.0042 1.00908 1.01723 1.0134 1.00336 1.00049 0.999894 0.999936 0.999936 0.999895 1.00051 1.0034 1.00107 1.00001 0.99995 0.99999 0 0 0 
0 0 0 0 0.999968 0.999985 1.00053 1.00137 1.03839 1.00571 1.00044 0.999876 0.999876 1.00044 1.00572 1.04083 2.02908 2.83046 3.12953 2.71351 2.69794 3.10869 2.80979 2.01763 1.27741 1.17032 1.10748 1.05763 1.05821 1.10881 1.17246 1.27923 1.13425 1.17331 1.10749 1.0609 1.06089 1.1075 1.17254 1.13273 1.02907 1.00726 1.0008 0.99984 0.99984 1.0008 1.00733 1.02921 1.00782 1.00127 1.00003 0.999956 0 0 0 
0 0 0 0 0.999972 1.0008 1.0055 1.0266 1.1754 1.03427 1.00386 1.00018 1.00018 1.00386 1.03427 1.18031 2.92247 4.05995 4.47632 4.51341 4.50051 4.46628 4.05035 2.91775 1.94326 1.66105 1.46824 1.31232 1.31454 1.47253 1.66731 1.94919 1.74355 1.98788 1.73177 1.50627 1.5063 1.73175 1.98463 1.73798 1.16756 1.05486 1.01082 1.00122 1.00121 1.01077 1.05505 1.16758 1.04426 1.00868 1.00109 0.999967 0 0 0 
