0 0 0 0 1.00003 1.00001 1.00006 1.00534 1.1638 1.0112 1.00036 1.00001 1.00001 1.00035 1.01121 1.16426 1.24811 1.28163 1.34857 1.35137 1.34811 1.34551 1.27946 1.24509 1.08709 1.21165 2.64257 2.88778 2.83325 2.5917 1.20391 1.08521 1.22881 1.24157 1.02229 1.00296 1.00283 1.02051 1.23078 1.21935 1.01069 1.00391 1.00014 1.00002 1.00002 1.00014 1.00422 1.01086 1.0006 1.00001 1.00003 1.00003 0 0 0 
0 0 0 0 0.999997 0.999996 0.999987 1.00008 1.00385 1.00008 0.99997 0.999995 0.999995 0.99997 1.00008 1.00389 1.00689 1.00769 1.0105 1.01047 1.01058 1.01064 1.00763 1.00679 1.0033 1.01109 1.15052 1.16724 1.15999 1.1437 1.01054 1.00318 1.00561 1.0053 1.00015 0.999982 0.999985 1.00015 1.00522 1.00558 1.00015 1.00005 0.999998 0.999997 0.999997 0.999998 1.00006 1.00016 1.00001 0.999993 0.999996 0.999996 0 0 0 
0 0 0 0 1 1 0.999996 1.00002 1.00002 0.99995 0.999999 1 1 0.999999 0.99995 1.00002 1.00007 1.00002 1.00008 1.00008 1.00008 1.00009 1.00001 1.00006 1.0001 1.00026 1.00656 1.00714 1.00667 1.00611 1.00024 1.0001 1.00003 0.999929 0.999986 0.999991 0.999991 0.999986 0.999923 1.00003 0.999987 0.999954 1 1 1 1 0.999953 0.999987 1.00003 0.999996 1 1 0 0 0 
0 0 0 0 1 1 0.999996 1.00003 1 0.999972 1 1 1 1 0.999972 1 1.00001 0.999952 0.999982 0.999979 0.999979 0.999982 0.999952 1.00001 1.00001 0.999951 1.0001 1.00011 1.00009 1.00009 0.999952 1.00001 1.00002 0.999974 1 1 1 1 0.999974 1.00002 1.00001 0.999972 1 1 1 1 0.999972 1.00001 1.00003 0.999996 1 1 0 0 0 
1.00003 0.999996 1 1 1 1 0.999996 1.00003 1 0.999972 1 1 1 1 0.999972 1 1.00001 0.999952 0.999982 0.999979 0.999979 0.999982 0.999952 1.00001 1.00001 0.999951 1.0001 1.00011 1.00011 1.0001 0.999951 1.00001 1.00002 0.999974 1 1 1 1 0.999974 1.00002 1.00001 0.999972 1 1 1 1 0.999972 1.00001 1.00003 0.999996 1 1 1 1 0.999996 
1.00002 0.999996 1 1 1 1 0.999996 1.00002 1.00002 0.99995 0.999999 1 1 0.999999 0.99995 1.00002 1.00006 1.00001 1.00009 1.00008 1.00008 1.00009 1.00001 1.00006 1.0001 1.00026 1.00656 1.00714 1.00714 1.00656 1.00026 1.0001 1.00003 0.999923 0.999986 0.999991 0.999991 0.999986 0.999923 1.00003 0.999987 0.999953 1 1 1 1 0.999954 0.999987 1.00003 0.999996 1 1 1 1 0.999996 
1.00008 0.999987 0.999996 0.999997 0.999997 0.999996 0.999987 1.00008 1.00385 1.00008 0.99997 0.999995 0.999995 0.99997 1.00008 1.00385 1.00679 1.00763 1.01064 1.01058 1.01058 1.01064 1.00763 1.00679 1.0033 1.01109 1.15052 1.16724 1.16724 1.15052 1.01109 1.0033 1.00558 1.00522 1.00015 0.999985 0.999985 1.00015 1.00522 1.00558 1.00016 1.00006 0.999998 0.999997 0.999997 0.999998 1.00005 1.00015 1.00001 0.999993 0.999996 0.999996 0.999996 0.999996 0.999993 
1.00534 1.00006 1.00001 1.00003 1.00003 1.00001 1.00006 1.00534 1.1638 1.0112 1.00036 1.00001 1.00001 1.00036 1.0112 1.1638 1.24509 1.27946 1.34551 1.34811 1.34811 1.34551 1.27946 1.24509 1.08709 1.21165 2.64257 2.88778 2.88778 2.64257 1.21165 1.08709 1.21935 1.23078 1.02051 1.00283 1.00283 1.02051 1.23078 1.21935 1.01086 1.00422 1.00014 1.00002 1.00002 1.00014 1.00391 1.01069 1.0006 1.00001 1.00003 1.00003 1.00003 1.00003 1.00001 
1.29845 1.01158 1.00016 0.999988 0.999988 1.00018 1.01231 1.31439 3.58784 1.34293 1.01709 1.00029 1.00034 1.01858 1.32668 3.50024 4.83209 5.45984 5.9801 6.02204 5.87613 5.83504 5.46586 4.83502 2.50949 2.94733 8.52201 10.1071 10.3739 8.73602 2.92629 2.48559 5.40786 5.63754 2.17046 1.19178 1.19985 2.21333 5.63754 5.40786 1.33356 1.08032 1.00158 1.00004 1.00009 1.00404 1.10784 1.4019 1.01415 1.0001 0.999997 1.00001 1.00001 0.999997 1.00011 
1.01657 1.00042 0.999948 0.999971 0.999971 0.999947 1.00041 1.01657 1.18881 1.01236 1.00021 0.99994 0.999939 1.0002 1.01226 1.18719 1.28951 1.33096 1.40922 1.41453 1.41494 1.40941 1.33229 1.29111 1.09916 1.17143 2.09871 2.30697 2.3699 2.1582 1.17638 1.10075 1.39407 1.42719 1.05605 1.00471 1.00476 1.05646 1.42719 1.39407 1.01 1.00104 0.999864 0.999969 0.999969 0.999922 1.00161 1.01195 1.00015 0.99996 0.999972 0.999972 0.999972 0.999972 0.999961 
1.00038 0.999972 0.999998 1 1 0.999998 0.999972 1.00038 1.00473 1.00009 0.999967 1 1 0.999967 1.00009 1.00473 1.00821 1.00903 1.01183 1.01208 1.01215 1.01188 1.00916 1.00837 1.00372 1.00953 1.10428 1.11937 1.12953 1.11384 1.00999 1.00385 1.01575 1.01835 1.00111 1.00002 1.00002 1.00112 1.01835 1.01575 1.00007 0.999937 1.00001 1 1 1.00001 0.999948 1.00011 1.00002 1 1 1 1 1 1 
1.00001 0.999994 1 1 1 1 0.999994 1.00001 1.00003 0.999951 1 1 1 1 0.999951 1.00003 1.00005 0.999996 1.00005 1.00005 1.00005 1.00005 0.999998 1.00006 1.00009 1.00021 1.00437 1.00491 1.00563 1.00503 1.00023 1.0001 1.00027 1.00032 1.00001 0.999987 0.999987 1.00001 1.00032 1.00027 0.999997 0.999978 1 1 1 1 0.999976 0.999998 1.00003 0.999996 1 1 1 1 0.999996 
1.00001 0.999994 1 1 1 1 0.999994 1.00001 1.00003 0.999951 1 1 1 1 0.999951 1.00003 1.00006 0.999998 1.00005 1.00005 1.00005 1.00005 0.999996 1.00005 1.0001 1.00023 1.00503 1.00563 1.00563 1.00503 1.00023 1.0001 1.00027 1.00032 1.00001 0.999987 0.999987 1.00001 1.00032 1.00027 0.999998 0.999976 1 1 1 1 0.999976 0.999998 1.00003 0.999996 1 1 1 1 0.999996 
1.00038 0.999972 0.999998 1 1 0.999998 0.999972 1.00038 1.00473 1.00009 0.999967 1 1 0.999967 1.00009 1.00473 1.00837 1.00916 1.01183 1.01208 1.01208 1.01183 1.00903 1.00821 1.00385 1.00999 1.11384 1.12953 1.12953 1.11384 1.00999 1.00385 1.01574 1.01834 1.00112 1.00002 1.00002 1.00111 1.01835 1.01575 1.00011 0.999948 1.00001 1 1 1.00001 0.999948 1.00011 1.00002 1 1 1 1 1 1 
1.01657 1.00041 0.999947 0.999971 0.999971 0.999947 1.00041 1.01657 1.18881 1.01236 1.0002 0.999939 0.999939 1.0002 1.01236 1.18881 1.29111 1.33229 1.40922 1.41453 1.41453 1.40922 1.33096 1.28951 1.10075 1.17638 2.1582 2.3699 2.3699 2.1582 1.17638 1.10075 1.39115 1.4237 1.05646 1.00476 1.00471 1.05605 1.42719 1.39407 1.01195 1.00161 0.999922 0.999969 0.999969 0.999892 1.00161 1.01195 1.00017 0.999961 0.999972 0.999972 0.999972 0.999972 0.99996 
1.31439 1.01231 1.00018 0.999988 0.999988 1.00018 1.01231 1.31439 3.58784 1.34293 1.01858 1.00034 1.00034 1.01858 1.34293 3.58784 4.83502 5.46586 5.9801 6.02204 6.02204 5.9801 5.45984 4.83209 2.48559 2.92629 8.73602 10.3739 10.3739 8.73602 2.92629 2.48559 5.49431 5.7229 2.21333 1.19985 1.19178 2.17046 5.63754 5.40786 1.4019 1.10784 1.00404 1.00009 1.00007 1.00257 1.10784 1.4019 1.01418 1.00011 0.999997 1.00001 1.00001 0.999997 1.0001 
6.34669 1.50728 1.01724 1.00015 1.00015 1.01724 1.50728 6.34669 20.5455 6.75345 1.58866 1.02599 1.02599 1.58866 6.75345 20.5455 25.9583 29.6854 30.2721 30.3583 30.3583 30.2721 29.6941 26.0517 11.8256 12.081 24.0562 28.5707 28.5724 24.0596 12.22 11.946 20.7405 21.1281 9.67751 3.65657 3.65647 9.68284 21.1588 20.7999 5.19006 2.83978 1.23942 1.01054 1.01156 1.2576 2.83978 5.19006 1.7147 1.03582 1.00061 1.00001 1.00001 1.00061 1.03582 
7.15149 1.58686 1.02033 1.00013 1.00013 1.02033 1.58686 7.15149 23.7072 7.69023 1.68724 1.03113 1.03113 1.68724 7.69023 23.7072 28.5764 33.2006 33.679 33.6991 33.6991 33.679 33.2038 28.7022 10.145 10.0866 25.5224 31.8667 31.8668 25.5216 10.016 10.0529 23.4349 24.4195 9.30185 2.19403 2.19411 9.30905 24.4154 23.466 3.91362 1.5296 1.03716 1.00085 1.00079 1.03656 1.5296 3.91362 1.31485 1.01244 1.00011 0.999974 0.999974 1.00011 1.01244 
5.92454 1.45839 1.01533 1.0001 1.0001 1.01533 1.45839 5.92454 19.5081 6.4015 1.53982 1.02303 1.02303 1.53982 6.4015 19.5081 23.0766 26.5549 26.7931 26.7806 26.7806 26.7931 26.5976 23.1999 7.76865 7.52088 19.5339 24.0089 24.0083 19.5331 7.47348 7.70287 19.1496 19.8664 7.54552 1.85248 1.85272 7.54919 19.9073 19.2096 3.27339 1.32715 1.01953 1.00042 1.00038 1.0191 1.32715 3.27339 1.21984 1.00788 1.00007 1 1 1.00007 1.00788 
1.93857 1.04315 1.00063 0.99998 0.99998 1.00063 1.04315 1.93857 7.43588 2.00382 1.04829 1.00086 1.00086 1.04829 2.00382 7.43588 8.79264 10.0995 10.3151 10.376 10.376 10.3151 10.0536 8.77954 2.40794 2.87818 10.142 12.0912 12.091 10.1415 2.86953 2.3957 7.67879 7.82161 2.29551 1.07795 1.07751 2.28824 7.78424 7.64366 1.35649 1.02427 1.00064 0.999993 0.999992 1.00061 1.02427 1.35649 1.0121 1.00012 1 1 1 1 1.00012 
1.93959 1.04282 1.00061 0.999979 0.99998 1.00063 1.04315 1.93857 7.43588 2.00382 1.04822 1.00085 1.00086 1.04829 2.008 7.45884 8.77954 10.0536 10.3151 10.376 10.4518 10.3921 10.0995 8.79264 2.3957 2.86953 10.1415 12.091 12.0912 10.142 2.87818 2.40794 7.69029 7.83576 2.28288 1.07578 1.07795 2.29551 7.82161 7.67879 1.35617 1.02782 1.00055 0.999991 0.999993 1.00064 1.02427 1.35649 1.0121 1.00012 1 1 1 1 1.00016 
5.93488 1.45588 1.01514 1.0001 1.0001 1.01533 1.45839 5.92454 19.5081 6.4015 1.53986 1.02303 1.02303 1.53982 6.41215 19.536 23.1999 26.5976 26.7931 26.7806 26.711 26.722 26.5549 23.0766 7.70287 7.47348 19.5331 24.0083 24.0089 19.5339 7.52088 7.76865 19.2236 19.9562 7.47213 1.83307 1.85248 7.54552 19.8664 19.1496 3.27357 1.36765 1.01809 1.00033 1.00042 1.01953 1.32715 3.27339 1.21984 1.00788 1.00007 1 1 1.00007 1.00866 
7.16426 1.58327 1.02005 1.00012 1.00013 1.02033 1.58686 7.15149 23.7072 7.69023 1.68723 1.03113 1.03113 1.68724 7.70528 23.7621 28.7022 33.2038 33.679 33.6991 33.6911 33.6721 33.2006 28.5764 10.0529 10.016 25.5216 31.8668 31.8667 25.5224 10.0866 10.145 23.5344 24.541 9.20122 2.16927 2.19403 9.30185 24.4195 23.4349 3.91432 1.57131 1.03598 1.00075 1.00085 1.03716 1.5296 3.91362 1.31485 1.01244 1.00011 0.999974 0.999974 1.00011 1.0135 
6.37554 1.50552 1.01706 1.00014 1.00015 1.01724 1.50728 6.34669 20.5455 6.75345 1.58863 1.02598 1.02599 1.58866 6.76254 20.596 26.0517 29.6941 30.2721 30.3583 30.3433 30.2562 29.6854 25.9583 11.946 12.22 24.0596 28.5724 28.5707 24.0562 12.081 11.8256 20.9722 21.383 9.75976 3.79901 3.65657 9.67751 21.1281 20.7405 5.31543 2.44935 1.28007 1.01266 1.01054 1.23942 2.83978 5.19006 1.7147 1.03582 1.00061 1.00001 1.00001 1.00061 1.03764 
6.90054 1.5476 1.02015 1.00024 1.00022 1.01963 1.5476 6.90054 23.3749 7.28466 1.61539 1.02251 1.02259 1.61694 7.27747 23.4536 33.1246 34.5217 34.6223 34.6434 34.6434 34.6225 34.5221 33.1439 29.9155 30.1638 33.2374 34.3239 34.3239 33.2374 30.1638 29.9155 31.8167 32.3916 30.5266 29.6199 30.0094 30.8438 32.4746 32.0122 24.7873 22.5957 7.79383 1.76145 1.7616 7.79709 22.5957 24.7873 8.26297 1.67068 1.02462 1.00026 1.00026 1.02462 1.67068 
7.53387 1.60896 1.02275 1.00022 1.00019 1.02217 1.60896 7.53387 25.8757 8.15142 1.69587 1.02597 1.02609 1.69873 8.1533 25.961 34.2332 34.8691 34.9605 34.9665 34.9653 34.9588 34.8658 34.2724 33.8721 33.9184 34.5895 34.8526 34.8526 34.5895 33.9184 33.8721 33.9214 34.6199 34.4077 34.3066 34.2925 34.3966 34.6162 33.9635 27.0925 25.7838 8.68161 1.85904 1.85921 8.6844 25.7838 27.0925 9.01166 1.74997 1.02768 1.00024 1.00024 1.02768 1.74997 
7.58377 1.61323 1.02289 1.00025 1.00022 1.02231 1.61323 7.58377 26.1767 8.24333 1.70368 1.0263 1.02643 1.70685 8.24912 26.2749 34.3749 34.9304 34.9942 34.9978 34.9977 34.9941 34.9286 34.412 34.7827 34.8283 34.9429 34.9798 34.9798 34.9429 34.8283 34.7827 34.1556 34.888 34.9523 34.9511 34.9522 34.954 34.8875 34.2066 27.4293 26.2191 8.79156 1.86966 1.86968 8.79201 26.2191 27.4293 9.10582 1.7585 1.02801 1.00027 1.00027 1.02801 1.7585 
7.55158 1.60895 1.02228 1.00023 1.00021 1.02179 1.60895 7.55158 26.1025 8.19749 1.69831 1.02598 1.02613 1.70161 8.20302 26.201 34.377 34.9364 34.9963 34.9998 34.9998 34.9963 34.9351 34.4132 34.9094 34.9687 34.9923 34.9977 34.9977 34.9923 34.9687 34.9094 34.1801 34.9137 34.9922 34.997 34.9972 34.9927 34.9123 34.2273 27.4852 26.2575 8.78405 1.86321 1.86321 8.78412 26.2575 27.4852 9.1048 1.75915 1.02768 1.00026 1.00026 1.02768 1.75915 
7.53632 1.60616 1.02179 1.00021 1.00023 1.02228 1.60895 7.55158 26.201 8.20302 1.70161 1.02613 1.02613 1.70161 8.20302 26.201 34.377 34.9364 34.9963 34.9998 34.9998 34.9963 34.9364 34.377 34.9092 34.9686 34.9923 34.9977 34.9977 34.9923 34.9687 34.9094 34.1814 34.9156 34.9929 34.9971 34.997 34.9922 34.9137 34.1801 27.6193 26.2578 8.78412 1.86321 1.86321 8.78405 26.2575 27.4852 9.1048 1.75915 1.02768 1.00026 1.00027 1.02795 1.76146 
7.56792 1.60964 1.02231 1.00022 1.00025 1.02289 1.61323 7.58377 26.2749 8.24912 1.70685 1.02643 1.02643 1.70685 8.24912 26.2749 34.3749 34.9304 34.9942 34.9978 34.9978 34.9942 34.9304 34.3749 34.7825 34.8282 34.9429 34.9798 34.9798 34.9429 34.8283 34.7827 34.1623 34.8917 34.9539 34.9517 34.9511 34.9523 34.888 34.1556 27.5654 26.2221 8.79201 1.86968 1.86966 8.79156 26.2191 27.4293 9.10582 1.7585 1.02801 1.00027 1.00028 1.02834 1.76144 
7.51806 1.60538 1.02217 1.00019 1.00022 1.02275 1.60896 7.53387 25.961 8.1533 1.69873 1.02609 1.02609 1.69873 8.1533 25.961 34.2332 34.8691 34.9605 34.9665 34.9665 34.9605 34.8691 34.2332 33.8718 33.9181 34.5894 34.8526 34.8526 34.5895 33.9184 33.8721 33.919 34.616 34.3908 34.2846 34.3066 34.4077 34.6199 33.9214 27.2361 25.7975 8.6844 1.85921 1.85904 8.68161 25.7838 27.0925 9.01166 1.74997 1.02768 1.00024 1.00025 1.02801 1.75291 
6.87238 1.54366 1.01963 1.00022 1.00024 1.02015 1.5476 6.90054 23.4536 7.27747 1.61694 1.02259 1.02259 1.61694 7.27747 23.4536 33.1246 34.5217 34.6223 34.6434 34.6434 34.6223 34.5217 33.1246 29.9173 30.1652 33.2397 34.3265 34.3239 33.2374 30.1638 29.9155 32.0877 32.577 31.0119 30.208 29.6199 30.5266 32.3916 31.8167 24.9232 22.6133 7.79709 1.7616 1.76145 7.79383 22.5957 24.7873 8.26297 1.67068 1.02462 1.00026 1.00027 1.02499 1.67505 
2.31188 1.06332 1.00119 1.00002 1.00002 1.00124 1.06409 2.31776 10.84 2.36467 1.0667 1.00111 1.00111 1.0667 2.36467 10.84 31.4992 34.6357 34.9614 34.9823 34.9882 34.9677 34.6357 31.4992 34.7332 34.8254 34.9703 34.9913 34.9914 34.9706 34.8265 34.7348 34.0399 34.7591 34.6279 34.5701 34.468 34.5441 34.7259 34.1168 28.3962 25.6563 8.91739 1.93235 1.93246 8.92026 25.4548 28.3612 9.67056 1.85626 1.041 1.00064 1.00064 1.04095 1.85624 
1.501 1.01654 1.00018 0.999965 0.999965 1.0002 1.01702 1.5087 6.93663 1.52162 1.01423 0.999978 0.999978 1.01423 1.52162 6.93663 30.6097 34.558 34.9609 34.9861 34.9863 34.9609 34.558 30.6097 34.8795 34.9494 34.9847 34.9884 34.9883 34.9847 34.9494 34.8798 34.269 34.8995 34.942 34.9409 34.9472 34.9492 34.9123 34.3597 29.1057 26.1738 9.0497 1.94886 1.94885 9.04968 25.892 29.0567 9.84623 1.87188 1.04175 1.0006 1.0006 1.04171 1.87186 
1.45333 1.01466 1.0002 0.999995 0.999995 1.00022 1.01513 1.46113 6.59381 1.47307 1.01241 0.999977 0.999977 1.01241 1.47307 6.59381 30.5297 34.5601 34.9714 34.9972 34.9973 34.9711 34.5601 30.5297 34.9166 34.9804 34.9971 34.9989 34.9989 34.9971 34.9804 34.9169 34.2974 34.9268 34.9912 34.9955 34.9961 34.9928 34.9366 34.3866 29.1582 26.2117 9.05264 1.94896 1.94897 9.05271 25.931 29.11 9.85678 1.87269 1.04178 1.00063 1.00063 1.04174 1.87267 
1.47037 1.01531 1.0002 0.999991 0.999991 1.00021 1.0157 1.4771 6.72745 1.4981 1.01416 1.0001 1.0001 1.01416 1.4981 6.72745 30.562 34.5631 34.9727 34.9984 34.9985 34.9721 34.5631 30.562 34.9229 34.9841 34.9984 34.9998 34.9998 34.9984 34.9842 34.9232 34.3144 34.9312 34.9953 34.9996 34.9996 34.996 34.9376 34.3942 29.1797 26.2356 9.00081 1.93285 1.93284 9.00123 26.0082 29.1417 9.82217 1.86579 1.04035 1.00059 1.00059 1.0403 1.86575 
1.4771 1.0157 1.00021 0.999991 0.999991 1.00021 1.0157 1.4771 6.42657 1.48337 1.01168 0.999918 0.999918 1.01168 1.48337 6.42657 30.562 34.5631 34.9721 34.9985 34.9985 34.9721 34.5484 30.9093 34.9232 34.9842 34.9984 34.9998 34.9998 34.9984 34.9841 34.9229 34.2928 34.9293 34.9951 34.9996 34.9996 34.9953 34.9312 34.3144 29.0591 26.2362 9.00123 1.93284 1.93284 9.00123 26.2362 29.0591 9.82217 1.86579 1.04035 1.00059 1.00059 1.04035 1.86579 
1.46113 1.01513 1.00022 0.999995 0.999995 1.00022 1.01513 1.46113 6.28779 1.45713 1.00951 0.999765 0.999765 1.00951 1.45713 6.28779 30.5297 34.5601 34.9711 34.9973 34.9973 34.9711 34.5466 30.8819 34.9169 34.9804 34.9971 34.9989 34.9989 34.9971 34.9804 34.9166 34.2701 34.9241 34.991 34.9955 34.9955 34.9912 34.9268 34.2974 29.0396 26.2117 9.05271 1.94897 1.94897 9.05271 26.2117 29.0396 9.85678 1.87269 1.04178 1.00063 1.00063 1.04178 1.87269 
1.5087 1.01702 1.0002 0.999965 0.999965 1.0002 1.01702 1.5087 6.62306 1.50429 1.01132 0.999765 0.999765 1.01132 1.50429 6.62306 30.6097 34.558 34.9609 34.9863 34.9863 34.9609 34.5447 30.9528 34.8798 34.9494 34.9847 34.9883 34.9884 34.9847 34.9494 34.8795 34.2413 34.8961 34.9408 34.94 34.9409 34.942 34.8995 34.269 28.986 26.1742 9.04968 1.94885 1.94885 9.04968 26.1742 28.986 9.84623 1.87188 1.04175 1.0006 1.0006 1.04175 1.87188 
2.31776 1.06409 1.00124 1.00002 1.00002 1.00124 1.06409 2.31776 10.4837 2.33999 1.06381 1.00094 1.00094 1.06381 2.33999 10.4837 31.4992 34.6357 34.9677 34.9882 34.9882 34.9677 34.6282 31.7679 34.7348 34.8265 34.9706 34.9914 34.9913 34.9703 34.8254 34.7332 34.0202 34.7672 34.6468 34.5955 34.5701 34.6279 34.7591 34.0399 28.302 25.6802 8.92026 1.93246 1.93246 8.92026 25.6802 28.302 9.67056 1.85626 1.041 1.00064 1.00064 1.041 1.85626 
6.2376 1.49092 1.01761 1.00018 1.00018 1.01761 1.49092 6.2376 21.3225 6.33767 1.52478 1.01973 1.01973 1.52478 6.33767 21.3225 33.7991 34.8095 34.9775 34.9883 34.9883 34.9775 34.8095 33.7991 34.5792 34.8137 34.8165 34.7727 34.7732 34.8172 34.8136 34.5809 33.14 34.5448 34.3233 34.2314 34.3105 34.4146 34.5643 33.0887 23.3925 21.1353 7.6917 1.8933 1.96466 7.82167 20.5579 22.8019 8.46997 1.83495 1.05295 1.00131 1.00121 1.05101 1.81839 
7.29678 1.59902 1.02198 1.00018 1.00018 1.02198 1.59902 7.29678 24.8041 7.61404 1.65231 1.02579 1.02579 1.65231 7.61404 24.8041 34.3827 34.9101 34.9837 34.9881 34.9881 34.9837 34.9101 34.3827 34.8788 34.9512 34.9634 34.9602 34.9602 34.9634 34.9513 34.8814 34.3694 34.9138 34.9453 34.939 34.9419 34.9529 34.9151 34.3465 27.524 25.0569 9.12451 2.098 2.19653 9.40419 24.7492 27.2558 10.0797 2.02789 1.06698 1.00168 1.00154 1.06435 2.00352 
7.3773 1.60639 1.02228 1.00022 1.00022 1.02228 1.60639 7.3773 25.1224 7.70923 1.66018 1.02616 1.02616 1.66018 7.70923 25.1224 34.443 34.9333 34.9948 34.9987 34.9987 34.9948 34.9333 34.443 34.9287 34.9812 34.9948 34.9959 34.9959 34.9948 34.9812 34.9312 34.4927 34.9488 34.9939 34.9968 34.9967 34.9941 34.9494 34.4725 28.0482 25.5411 9.25867 2.11319 2.21242 9.53618 25.2077 27.7594 10.2502 2.04538 1.06799 1.00174 1.0016 1.06533 2.02083 
7.38165 1.60583 1.02195 1.00021 1.00021 1.02195 1.60583 7.38165 25.1419 7.72161 1.66105 1.026 1.026 1.66105 7.72161 25.1419 34.4492 34.9353 34.9958 34.9998 34.9998 34.9958 34.9353 34.4492 34.9353 34.9847 34.9983 34.9995 34.9995 34.9983 34.9847 34.9376 34.5003 34.949 34.9962 34.9997 34.9997 34.9963 34.9497 34.4793 28.1761 25.6707 9.17101 2.07907 2.1636 9.39488 25.4047 27.9321 10.1623 2.01888 1.06352 1.00152 1.00141 1.06121 1.99759 
7.38833 1.60312 1.02162 1.0002 1.00021 1.02195 1.60583 7.38165 25.1419 7.72161 1.66105 1.026 1.02572 1.65705 7.71932 25.1448 34.4494 34.9345 34.9957 34.9998 34.9998 34.9958 34.9353 34.4492 34.9376 34.9847 34.9983 34.9995 34.9995 34.9983 34.9847 34.9376 34.5003 34.949 34.9963 34.9997 34.9997 34.9962 34.949 34.5003 27.9321 25.4047 9.39488 2.1636 2.07907 9.17101 25.6707 28.1761 10.0998 1.99759 1.06121 1.00141 1.00152 1.06352 2.01888 
7.38529 1.60328 1.02191 1.00021 1.00022 1.02228 1.60639 7.3773 25.1224 7.70923 1.66018 1.02616 1.02585 1.65569 7.70613 25.1258 34.4434 34.9321 34.9946 34.9987 34.9987 34.9948 34.9333 34.443 34.9312 34.9812 34.9948 34.9959 34.9959 34.9948 34.9812 34.9312 34.4927 34.9488 34.9941 34.9967 34.9968 34.9939 34.9488 34.4927 27.7594 25.2077 9.53618 2.21242 2.11319 9.25867 25.5411 28.0482 10.1744 2.02083 1.06533 1.0016 1.00174 1.06799 2.04538 
7.30459 1.59594 1.02162 1.00017 1.00018 1.02198 1.59902 7.29678 24.8041 7.61404 1.65231 1.02579 1.0255 1.64792 7.61103 24.8074 34.3831 34.9093 34.9836 34.9881 34.9881 34.9837 34.9101 34.3827 34.8814 34.9513 34.9634 34.9602 34.9602 34.9634 34.9513 34.8814 34.3694 34.9138 34.9529 34.9419 34.939 34.9453 34.9138 34.3694 27.2558 24.7492 9.40419 2.19653 2.098 9.12451 25.0569 27.524 10.0028 2.00352 1.06435 1.00154 1.00168 1.06698 2.02789 
6.24234 1.48843 1.01732 1.00017 1.00018 1.01761 1.49092 6.2376 21.3225 6.33767 1.52478 1.01973 1.01954 1.52172 6.33559 21.3156 33.7881 34.8021 34.9736 34.9853 34.9883 34.9775 34.8095 33.7991 34.5809 34.8136 34.8172 34.7732 34.7732 34.8172 34.8136 34.5809 33.14 34.5448 34.4146 34.3105 34.2314 34.3233 34.5448 33.14 22.8019 20.5579 7.82167 1.96466 1.8933 7.6917 21.1353 23.3925 8.45086 1.81839 1.05101 1.00121 1.00131 1.05295 1.83495 
2.27003 1.07212 1.0013 1.00001 1.00001 1.0013 1.07212 2.27003 10.2068 2.25965 1.06534 1.00123 1.00117 1.06379 2.24711 9.82084 30.8085 34.0929 34.6708 34.6961 34.6714 34.6511 34.0875 30.7128 30.8534 30.9656 30.5735 30.5231 30.5231 30.5735 30.9656 30.8534 27.1588 32.17 29.1178 28.1947 28.0119 28.9596 32.17 27.1588 6.15548 4.48223 1.56388 1.0229 1.01137 1.47799 4.24415 5.88607 1.84458 1.03913 1.00091 1.00003 1.00003 1.00102 1.03917 
1.80803 1.04574 1.00075 0.999944 0.999944 1.00075 1.04574 1.80803 7.63573 1.69834 1.02995 1.0004 1.00037 1.02916 1.69505 7.29975 30.631 34.3496 34.916 34.9582 34.9587 34.9187 34.3588 30.6203 33.1659 34.0912 34.0663 34.1161 34.1161 34.0663 34.0912 33.1659 27.0312 33.665 34.015 34.0203 34.0338 34.0242 33.665 27.0312 3.22071 1.53147 1.02484 1.00307 0.994913 1.02013 1.56656 3.25453 1.20588 1.00608 1.00003 0.999962 0.999962 1.00004 1.00608 
1.78308 1.04461 1.00077 0.999976 0.999976 1.00077 1.04461 1.78308 7.4168 1.66545 1.02844 1.00042 1.00039 1.02771 1.66353 7.08969 30.6209 34.3958 34.9521 34.9942 34.9945 34.9545 34.4026 30.6141 33.6438 34.7858 34.8614 34.8794 34.8794 34.8614 34.7858 33.6438 27.0239 33.952 34.8276 34.9082 34.9077 34.8235 33.952 27.0239 2.79983 1.15652 0.991917 0.993822 0.985757 0.988655 1.1847 2.82365 1.13477 1.00358 1.00003 0.999996 0.999996 1.00004 1.00358 
1.7994 1.04459 1.00075 0.999972 0.999972 1.00075 1.04459 1.7994 7.52654 1.68506 1.02931 1.00042 1.00039 1.02866 1.68338 7.20623 30.6487 34.4045 34.9563 34.9969 34.9972 34.9582 34.4102 30.6442 33.7214 34.8863 34.9785 34.9867 34.9867 34.9785 34.8863 33.7214 27.0644 34.0009 34.9104 34.9868 34.9864 34.9073 34.0009 27.0644 2.78194 1.13305 0.991888 0.992698 0.985615 0.988921 1.15735 2.79825 1.12661 1.00323 1.00003 0.999996 0.999996 1.00004 1.00322 
1.81385 1.04499 1.00076 0.999973 0.999972 1.00075 1.04459 1.7994 7.20623 1.68338 1.02866 1.00039 1.00042 1.02931 1.68506 7.52654 30.6442 34.4102 34.9582 34.9972 34.9969 34.9563 34.4102 30.6442 33.7334 34.8888 34.9788 34.9867 34.9867 34.9785 34.8863 33.7214 26.8714 34.0057 34.9073 34.9864 34.9864 34.9073 34.0057 26.8714 2.79825 1.15735 0.988921 0.985615 0.990316 0.987687 1.15787 2.95002 1.12709 1.00322 1.00004 0.999996 0.999996 1.00003 1.00323 
1.79894 1.04506 1.00078 0.999976 0.999976 1.00077 1.04461 1.78308 7.08969 1.66353 1.02771 1.00039 1.00042 1.02844 1.66545 7.4168 30.6141 34.4026 34.9545 34.9945 34.9942 34.9521 34.4026 30.6141 33.6614 34.7895 34.8617 34.8794 34.8794 34.8614 34.7858 33.6438 26.829 33.9497 34.8235 34.9077 34.9077 34.8235 33.9497 26.829 2.82365 1.1847 0.988655 0.985757 0.991105 0.987203 1.18406 2.97892 1.13528 1.00358 1.00004 0.999996 0.999996 1.00003 1.00358 
1.82384 1.0462 1.00076 0.999944 0.999944 1.00075 1.04574 1.80803 7.29975 1.69505 1.02916 1.00037 1.0004 1.02995 1.69834 7.63573 30.6203 34.3588 34.9187 34.9587 34.9582 34.916 34.3588 30.6203 33.1856 34.1006 34.073 34.1225 34.1161 34.0663 34.0912 33.1659 26.8397 33.654 34.0242 34.0338 34.0338 34.0242 33.654 26.8397 3.25453 1.56656 1.02013 0.994913 1.00026 1.01674 1.55453 3.39431 1.2063 1.00608 1.00004 0.999962 0.999962 1.00003 1.00608 
2.27377 1.07207 1.00131 1.00001 1.00001 1.0013 1.07212 2.27003 9.82084 2.24711 1.06379 1.00117 1.00123 1.06534 2.25965 10.2068 30.7128 34.0875 34.6511 34.6714 34.6961 34.6708 34.0875 30.7128 30.6832 30.7589 30.3594 30.3157 30.5231 30.5735 30.9656 30.8534 26.9311 32.1179 28.9596 28.0119 28.0119 28.9596 32.1179 26.9311 5.88607 4.24415 1.47799 1.01137 1.01875 1.45167 4.24249 6.03817 1.8465 1.03917 1.00102 1.00003 1.00003 1.00091 1.03913 
1.52356 1.02317 1.00051 1.00004 1.00003 1.0004 1.02155 1.50855 5.65519 1.50327 1.01693 1.00012 1.00003 1.01483 1.45526 5.85167 24.2154 29.5736 30.3991 30.328 30.328 30.3991 29.5736 24.2154 11.2429 6.54359 6.10112 5.98269 5.98269 6.10112 6.32965 11.0418 23.0202 24.6535 11.7188 6.34617 6.1855 11.5573 24.4888 22.9034 3.87714 1.48963 1.21255 1.01477 1.01437 1.21641 1.52921 4.23559 1.20148 1.01691 1.00099 1.00005 1.00005 1.00099 1.01691 
1.56196 1.02522 1.00052 0.999979 0.999974 1.00039 1.02346 1.54698 6.08748 1.5595 1.01876 1.00007 0.999965 1.01609 1.48787 6.10917 26.5482 33.3571 34.1476 34.0136 34.0136 34.1476 33.3571 26.5482 8.64472 2.36219 1.77207 1.71363 1.71363 1.77207 2.36462 8.63551 24.8457 26.1096 9.19279 2.55369 2.55594 9.19414 26.1048 24.8589 4.05323 1.35697 1.21608 1.01544 1.01565 1.21968 1.3686 4.42455 1.21274 1.01832 1.00101 0.99999 0.99999 1.00101 1.01832 
1.56469 1.0253 1.00055 1.00001 1 1.00043 1.02353 1.54964 6.12895 1.56355 1.01892 1.00011 1 1.01625 1.49168 6.15135 26.8515 33.8965 34.6589 34.4844 34.4844 34.6589 33.8965 26.8515 8.2485 1.69872 1.06367 1.03766 1.03766 1.06367 1.69686 8.24033 25.1089 26.2904 8.88826 2.06134 2.06233 8.89124 26.2851 25.1212 4.07413 1.3546 1.21608 1.01546 1.01568 1.21973 1.36521 4.45062 1.21368 1.01835 1.00103 1.00002 1.00002 1.00103 1.01835 
1.53771 1.02291 1.00045 1.00001 1 1.00032 1.02148 1.52564 6.11131 1.54565 1.01789 1.00011 1.00003 1.01571 1.48895 6.16552 26.7843 33.7806 34.4962 34.3099 34.3099 34.4962 33.7806 26.7843 8.27093 1.89106 1.27604 1.25236 1.25236 1.27604 1.88897 8.26213 24.8339 26.0553 8.99309 2.38717 2.38769 8.99377 26.0526 24.8456 4.02392 1.34022 1.21574 1.01516 1.01532 1.21905 1.35047 4.38865 1.20579 1.01742 1.00097 1.00002 1.00002 1.00097 1.01742 
1.52564 1.02148 1.00032 1 1 1.00032 1.02148 1.52564 6.11131 1.54565 1.01789 1.00011 1.00011 1.01789 1.54565 6.11131 26.7478 33.7698 34.4936 34.3091 34.3099 34.4962 33.7806 26.7843 8.26213 1.88897 1.27601 1.25236 1.25236 1.27604 1.89106 8.27093 24.8456 26.0526 8.99377 2.38769 2.38769 8.99377 26.0526 24.8456 4.1427 1.33475 1.21574 1.01516 1.01516 1.21574 1.33475 4.1427 1.20579 1.01742 1.00097 1.00002 1.00001 1.00089 1.01692 
1.54964 1.02353 1.00043 1 1 1.00043 1.02353 1.54964 6.12895 1.56355 1.01892 1.00011 1.00011 1.01892 1.56355 6.12895 26.7993 33.8768 34.6598 34.4859 34.4844 34.6589 33.8965 26.8515 8.24033 1.69686 1.06365 1.03762 1.03766 1.06367 1.69872 8.2485 25.1212 26.2851 8.89124 2.06233 2.06233 8.89124 26.2851 25.1212 4.19579 1.34802 1.21608 1.01546 1.01546 1.21608 1.34802 4.19579 1.21368 1.01835 1.00103 1.00002 1.00002 1.00093 1.0178 
1.54698 1.02346 1.00039 0.999974 0.999974 1.00039 1.02346 1.54698 6.08748 1.5595 1.01876 1.00007 1.00007 1.01876 1.5595 6.08748 26.4995 33.3545 34.1667 34.0306 34.0136 34.1476 33.3571 26.5482 8.63551 2.36462 1.77268 1.71418 1.71363 1.77207 2.36219 8.64472 24.8589 26.1048 9.19414 2.55594 2.55594 9.19414 26.1048 24.8589 4.17334 1.35066 1.21608 1.01544 1.01544 1.21608 1.35066 4.17334 1.21274 1.01832 1.00101 0.99999 0.999987 1.00091 1.01777 
1.50855 1.02155 1.0004 1.00003 1.00003 1.0004 1.02155 1.50855 5.65519 1.50327 1.01693 1.00012 1.00012 1.01693 1.50327 5.65519 23.8953 29.273 30.2597 30.1868 30.328 30.3991 29.5736 24.2154 11.0418 6.32965 6.09905 5.98315 5.98269 6.10112 6.54359 11.2429 22.9034 24.4888 11.5573 6.1855 6.1855 11.5573 24.4888 22.9034 3.97464 1.48044 1.21255 1.01477 1.01477 1.21255 1.48044 3.97464 1.20148 1.01691 1.00099 1.00005 1.00004 1.0009 1.01642 
1.00491 1.00015 0.999989 1 1 0.999988 1.00015 1.00432 1.09558 1.00355 0.99997 1 1 0.99999 1.00426 1.1082 7.01293 8.6908 8.9578 8.90115 8.90115 8.9578 8.6908 7.01293 1.89019 1.19513 1.12063 1.11867 1.11867 1.12063 1.19513 1.89019 6.45286 6.78604 2.40191 1.41043 1.41043 2.40191 6.78604 6.45286 1.20336 1.01469 1.00907 1.00031 1.00031 1.00907 1.01469 1.21557 1.00508 1.00028 1 1 1 1 1.00028 
1.00013 0.999963 0.999973 0.999973 0.999973 0.999973 0.999964 1.00013 1.00417 1.0001 0.99996 0.999973 0.999973 0.999959 1.0001 1.00417 1.5478 1.71933 1.74123 1.7274 1.7274 1.74123 1.71933 1.5478 1.064 1.03209 1.02954 1.02778 1.02778 1.02954 1.03209 1.064 1.5615 1.5872 1.0668 1.00185 1.00185 1.0668 1.5872 1.5615 1.00707 1.00016 1.00013 0.999957 0.999957 1.00013 1.00016 1.00737 1.0001 0.99996 0.999971 0.999973 0.999973 0.999971 0.999959 
1.00002 0.999999 1 1 1 1 0.999999 1.00002 1.00007 0.99996 1 1 1 1 0.99996 1.00007 1.01799 1.02472 1.02595 1.02429 1.02429 1.02595 1.02472 1.01799 1.00275 1.0023 1.00228 1.00211 1.00211 1.00228 1.0023 1.00275 1.02921 1.02836 1.0009 0.999189 0.999189 1.0009 1.02836 1.02921 1.0001 0.999945 0.999967 1 1 0.999967 0.999945 1.00011 1.00002 0.999998 1 1 1 1 0.999998 
1.00003 0.999996 1 1 1 1 0.999996 1.00003 0.999988 0.999973 1 1 1 1 0.999973 0.999988 1.00016 1.00019 1.00022 1.0002 1.0002 1.00022 1.00019 1.00016 1.00008 1.00003 1.00006 1.00005 1.00005 1.00006 1.00003 1.00008 1.00061 1.00045 1.00001 0.999983 0.999983 1.00001 1.00045 1.00061 1.00001 0.999971 1 1 1 1 0.999971 1.00001 1.00003 0.999996 1 1 1 1 0.999996 
1.00003 0.999996 1 1 1 1 0.999996 1.00003 0.999988 0.999973 1 1 1 1 0.999973 0.999988 1.00016 1.00019 1.00022 1.0002 1.0002 1.00022 1.00023 1.00015 1.00008 1.00003 1.00006 1.00005 1.00005 1.00006 1.00003 1.00008 1.00061 1.00045 1.00001 0.999983 0.999983 1.00001 1.00045 1.00061 1.00001 0.999971 1 1 1 1 0.999972 1.00001 1.00003 0.999996 1 1 1 1 0.999996 
1.00002 0.999999 1 1 1 1 0.999999 1.00002 1.00007 0.99996 1 1 1 1 0.99996 1.00007 1.01799 1.02472 1.02595 1.02429 1.02429 1.02574 1.02525 1.01749 1.00275 1.0023 1.00228 1.00211 1.00211 1.00228 1.0023 1.00275 1.02922 1.02837 1.00089 0.999187 0.999189 1.0009 1.02836 1.02921 1.00011 0.999945 0.999967 1 1 0.999967 0.999945 1.00006 1.00002 0.999998 1 1 1 1 0.999998 
1.00013 0.999964 0.999973 0.999973 0.999973 0.999973 0.999964 1.00013 1.00417 1.0001 0.99996 0.999973 0.999973 0.99996 1.0001 1.00417 1.5478 1.71933 1.74123 1.7274 1.72346 1.73609 1.7088 1.53375 1.06403 1.03211 1.02956 1.0278 1.02778 1.02954 1.03209 1.064 1.56876 1.59326 1.06533 1.00132 1.00185 1.0668 1.5872 1.5615 1.00737 1.00016 1.00013 0.999957 0.999957 1.00013 1.00015 1.00592 1.00009 0.999959 0.999971 0.999973 0.999973 0.999971 0.99996 
1.00432 1.00015 0.999988 1 1 0.999988 1.00015 1.00432 1.09558 1.00355 0.99997 1 1 0.99997 1.00355 1.09558 7.01293 8.6908 8.9578 8.90115 8.77011 8.82284 8.19835 6.6335 1.89012 1.19519 1.11939 1.118 1.11867 1.12063 1.19513 1.89019 6.33279 6.66775 2.3635 1.3974 1.41043 2.40191 6.78604 6.45286 1.21557 1.01469 1.00907 1.00031 1.00029 1.00889 1.01125 1.17333 1.00537 1.00028 1 1 1 1 1.00028 
1.00007 1.00002 1.00003 1.00003 1.00003 1.00003 1.00002 1.00007 1.00263 1.00006 1.00002 1.00003 1.00003 1.00002 1.00006 1.00263 1.47093 1.59373 1.68261 1.61686 1.61686 1.68261 1.59373 1.47093 1.0122 0.975916 0.975637 0.976994 0.976994 0.975637 0.975916 1.0122 1.46871 1.50227 1.05687 1.01875 1.01715 1.05661 1.50227 1.46871 1.00801 1.0002 1.00021 1.00003 1.00003 1.00021 1.0002 1.00798 1.0002 1.00002 1.00003 1.00003 1.00003 1.00003 1.00002 
1.00002 0.999993 0.999997 0.999996 0.999996 0.999997 0.999993 1.00002 1.00001 0.999964 1 0.999996 0.999996 1 0.999964 1.00001 1.02042 1.02511 1.02997 1.02484 1.02484 1.02997 1.02511 1.02042 0.999624 0.998524 0.998695 0.99877 0.99877 0.998695 0.998524 0.999624 1.01644 1.01769 1.00114 1.00057 1.00048 1.00111 1.01769 1.01644 1.00014 0.999949 0.999968 0.999996 0.999996 0.999968 0.99995 1.00014 1.00002 0.999993 0.999996 0.999996 0.999996 0.999996 0.999993 
1.00003 0.999996 1 1 1 1 0.999996 1.00003 0.999997 0.999973 1 1 1 1 0.999973 0.999997 1.00044 1.00042 1.00057 1.00042 1.00042 1.00057 1.00042 1.00044 1.00002 0.999941 0.999973 0.999976 0.999976 0.999973 0.999941 1.00002 1.00014 1.0001 1.00002 1.00001 1.00001 1.00001 1.0001 1.00014 0.99999 0.999972 1 1 1 1 0.999972 0.99999 1.00003 0.999996 1 1 1 1 0.999996 
1.00003 0.999996 1 1 1 1 0.999996 1.00003 1 0.999973 1 1 1 1 0.999973 1 1.00001 0.999956 0.999991 0.999986 0.999986 0.999991 0.999956 1.00001 1.00004 0.999981 1.00001 1.00001 1.00001 1.00001 0.999981 1.00004 1.00003 0.99996 0.999997 0.999997 0.999998 0.999998 0.99996 1.00003 1 0.999973 1 1 1 1 0.999973 1 1.00003 0.999996 1 1 1 1 0.999996 
0 0 0 0 1 1 0.999996 1.00003 1 0.999973 1 1 1 1 0.999973 1.00001 1.00001 0.999956 0.999991 0.999986 0.999985 0.999991 0.999955 1.00001 1.00004 0.999981 1.00001 1.00001 1.00001 1.00001 0.999981 1.00004 1.00003 0.99996 0.999998 0.999998 0.999997 0.999997 0.99996 1.00003 1 0.999973 1 1 1 1 0.999973 1 1.00003 0.999996 1 1 0 0 0 
0 0 0 0 1 1 0.999996 1.00003 0.999997 0.999973 1 1 1 1 0.999973 0.999997 1.00044 1.00042 1.00057 1.00042 1.00039 1.00053 1.00039 1.00041 1.00002 0.999944 0.999976 0.999979 0.999976 0.999973 0.999941 1.00002 1.00017 1.00011 1.00001 1.00001 1.00001 1.00002 1.0001 1.00014 0.99999 0.999972 1 1 1 1 0.999972 0.99999 1.00003 0.999996 1 1 0 0 0 
0 0 0 0 0.999996 0.999997 0.999993 1.00002 1.00001 0.999964 1 0.999996 0.999996 1 0.999963 1.00003 1.02042 1.02511 1.02997 1.02484 1.02391 1.02879 1.02429 1.01974 0.99961 0.99858 0.998753 0.998827 0.99877 0.998695 0.998524 0.999624 1.01727 1.01832 1.00111 1.00048 1.00057 1.00114 1.01769 1.01644 1.00014 0.99995 0.999968 0.999996 0.999996 0.999968 0.999949 1.00014 1.00002 0.999993 0.999996 0.999996 0 0 0 
