0 0 0 0 1.00003 1 1.00013 1.00954 1.21246 1.01798 1.00071 1.00001 1.00001 1.00072 1.01816 1.21425 1.34115 1.40202 1.5093 1.51451 1.50908 1.50383 1.40086 1.33903 1.13769 1.34884 3.17395 3.54078 3.48396 3.11994 1.33895 1.13578 1.32895 1.34708 1.04359 1.00543 1.00531 1.04159 1.33598 1.31894 1.01859 1.0062 1.00023 1.00002 1.00002 1.00027 1.00624 1.01871 1.00121 1.00003 1.00003 1.00003 0 0 0 
0 0 0 0 0.999997 0.999995 0.999985 1.00017 1.00643 1.00024 0.999963 0.999993 0.999993 0.999963 1.00023 1.00642 1.01136 1.01326 1.0187 1.01878 1.01878 1.01873 1.01325 1.01129 1.00577 1.02283 1.25181 1.28353 1.27337 1.24215 1.02186 1.00558 1.01118 1.01099 1.00058 1.00001 1.00002 1.00058 1.01096 1.0112 1.00031 1.0001 1 0.999996 0.999996 1 1.0001 1.00031 1.00003 0.999991 0.999996 0.999996 0 0 0 
0 0 0 0 1 1 0.999996 1.00001 1.00004 0.999939 0.999997 1 1 0.999997 0.999938 1.00005 1.00012 1.00007 1.0002 1.00019 1.00019 1.0002 1.00007 1.00012 1.00018 1.00072 1.01487 1.01633 1.01547 1.01405 1.00067 1.00017 1.00008 0.999946 0.999986 0.999983 0.999982 0.999987 0.999945 1.00009 0.999986 0.999945 0.999999 1 1 0.999999 0.999945 0.999986 1.00003 0.999996 1 1 0 0 0 
0 0 0 0 1 1 0.999996 1.00003 0.999994 0.999967 1 1 1 1 0.999967 0.999994 1.00001 0.999936 0.999974 0.999971 0.999972 0.999975 0.999937 1.00001 1 0.999954 1.00034 1.00036 1.00033 1.00031 0.999953 1 1.00002 0.999959 1 1 0.999999 1 0.999959 1.00002 1.00001 0.999966 1 1 1 1 0.999966 1.00001 1.00003 0.999996 1 1 0 0 0 
1.00003 0.999996 1 1 1 1 0.999996 1.00003 0.999994 0.999967 1 1 1 1 0.999967 0.999994 1.00001 0.999937 0.999975 0.999972 0.999971 0.999974 0.999937 1.00001 1 0.999954 1.00034 1.00036 1.00036 1.00034 0.999954 1 1.00002 0.999959 1 0.999999 0.999999 1 0.999959 1.00002 1.00001 0.999966 1 1 1 1 0.999966 1.00001 1.00003 0.999996 1 1 1 1 0.999996 
1.00001 0.999996 1 1 1 1 0.999996 1.00001 1.00005 0.999938 0.999997 1 1 0.999997 0.999938 1.00005 1.00012 1.00007 1.0002 1.00019 1.00019 1.0002 1.00007 1.00012 1.00018 1.00072 1.01487 1.01633 1.01633 1.01487 1.00072 1.00018 1.00009 0.999945 0.999987 0.999982 0.999982 0.999987 0.999945 1.00009 0.999986 0.999945 0.999999 1 1 0.999999 0.999945 0.999986 1.00003 0.999996 1 1 1 1 0.999996 
1.00017 0.999985 0.999995 0.999997 0.999997 0.999995 0.999985 1.00017 1.00642 1.00023 0.999963 0.999993 0.999993 0.999963 1.00023 1.00642 1.01129 1.01325 1.01873 1.01878 1.01878 1.0187 1.01325 1.01129 1.00577 1.02283 1.25181 1.28353 1.28353 1.25181 1.02283 1.00577 1.0112 1.01096 1.00058 1.00002 1.00002 1.00058 1.01096 1.0112 1.00031 1.0001 1 0.999996 0.999996 1 1.0001 1.00031 1.00003 0.999991 0.999996 0.999996 0.999996 0.999996 0.999991 
1.00954 1.00013 1 1.00003 1.00003 1 1.00013 1.00954 1.21425 1.01816 1.00071 1.00001 1.00001 1.00071 1.01816 1.21425 1.33903 1.40086 1.50383 1.50908 1.51451 1.5093 1.40086 1.33903 1.13769 1.34884 3.17395 3.54078 3.54078 3.17395 1.34884 1.13769 1.31894 1.33598 1.04159 1.00531 1.00531 1.04159 1.33598 1.31894 1.01871 1.00624 1.00027 1.00002 1.00002 1.00023 1.00624 1.01871 1.00121 1.00003 1.00003 1.00003 1.00003 1.00003 1.00003 
1.41421 1.02017 1.00042 0.999984 0.999984 1.00042 1.02017 1.41421 3.86562 1.47018 1.02508 1.00056 1.00079 1.03056 1.48626 3.93607 5.37752 6.17719 7.31454 7.36961 7.2442 7.18949 5.79108 5.05796 3.06641 3.65692 9.42055 11.3677 11.4551 9.48208 3.63482 3.04058 5.72391 5.96371 2.55087 1.2881 1.2881 2.55087 5.96371 5.72391 1.47286 1.12756 1.00795 1.00025 1.00025 1.00806 1.13207 1.48415 1.02787 1.00031 0.999992 1.00001 1.00001 0.999992 1.00031 
1.02758 1.00091 0.999947 0.999964 0.999964 0.999947 1.00091 1.02758 1.24957 1.02084 1.00054 0.999931 0.999931 1.00052 1.02096 1.25073 1.39719 1.4664 1.58056 1.58817 1.58668 1.57903 1.46118 1.39494 1.16217 1.28704 2.49488 2.78651 2.82651 2.53431 1.29385 1.16419 1.52055 1.56 1.09617 1.00898 1.00898 1.09617 1.56 1.52055 1.01916 1.00257 0.999911 0.999961 0.999962 0.999949 1.00274 1.01941 1.00051 0.99995 0.999965 0.999967 0.999967 0.999965 0.99995 
1.00076 0.999976 0.999996 1 1 0.999996 0.999976 1.00076 1.00797 1.00027 0.999956 0.999998 0.999998 0.999955 1.00027 1.00797 1.01351 1.01549 1.02112 1.02154 1.02154 1.02112 1.01588 1.01397 1.00659 1.01963 1.18031 1.20645 1.21323 1.18716 1.02041 1.00678 1.02614 1.02995 1.00259 1.00007 1.00007 1.00259 1.02995 1.02614 1.00025 0.999919 1.00001 1 1 1.00001 0.99992 1.00025 1.00002 0.999999 1 1 1 1 0.999999 
1.00002 0.99999 1 1 1 1 0.99999 1.00002 1.00007 0.99994 0.999999 1 1 0.999999 0.99994 1.00007 1.00012 1.00007 1.00017 1.00018 1.00018 1.00017 1.00008 1.00013 1.00017 1.00058 1.01067 1.0118 1.01243 1.01126 1.00062 1.00018 1.00057 1.00071 1.00003 0.999978 0.999978 1.00003 1.00071 1.00057 0.99999 0.999973 1 1 1 1 0.999973 0.99999 1.00003 0.999996 1 1 1 1 0.999996 
1.00002 0.99999 1 1 1 1 0.99999 1.00002 1.00007 0.99994 0.999999 1 1 0.999999 0.99994 1.00007 1.00012 1.00007 1.00017 1.00018 1.00018 1.00017 1.00007 1.00012 1.00018 1.00062 1.01126 1.01243 1.01243 1.01126 1.00062 1.00018 1.00053 1.00065 1.00002 0.999978 0.999978 1.00002 1.00065 1.00053 0.99999 0.999973 1 1 1 1 0.999973 0.99999 1.00003 0.999996 1 1 1 1 0.999996 
1.00076 0.999976 0.999996 1 1 0.999996 0.999976 1.00076 1.00797 1.00027 0.999955 0.999998 0.999998 0.999955 1.00027 1.00797 1.01351 1.01549 1.02112 1.02154 1.02154 1.02112 1.01549 1.01351 1.00678 1.02041 1.18716 1.21323 1.21323 1.18716 1.02041 1.00678 1.02516 1.02877 1.00243 1.00007 1.00007 1.00243 1.02877 1.02516 1.00025 0.99992 1.00001 1 1 1.00001 0.999919 1.00025 1.00002 0.999999 1 1 1 1 0.999999 
1.02757 1.00091 0.999946 0.999964 0.999964 0.999947 1.00091 1.02758 1.25073 1.02096 1.00052 0.999931 0.999931 1.00052 1.02096 1.25073 1.39719 1.4664 1.58056 1.58817 1.58817 1.58056 1.4664 1.39719 1.16419 1.29385 2.53431 2.82651 2.82651 2.53431 1.29385 1.16419 1.50596 1.54375 1.09506 1.00909 1.00909 1.09506 1.54375 1.50596 1.01941 1.00274 0.999924 0.999961 0.999961 0.999911 1.00257 1.01916 1.0005 0.99995 0.999965 0.999967 0.999967 0.999965 0.99995 
1.41408 1.02019 1.00045 0.999985 0.999984 1.00042 1.02017 1.41421 3.93607 1.48626 1.03056 1.00079 1.00079 1.03056 1.48626 3.93607 5.37752 6.17719 7.31454 7.36961 7.36961 7.31454 6.17719 5.37752 3.04058 3.63482 9.48208 11.4551 11.4551 9.48208 3.63482 3.04058 5.84141 6.07851 2.62963 1.3087 1.3087 2.62963 6.07851 5.84141 1.48415 1.13207 1.00788 1.00026 1.00025 1.00795 1.12756 1.47286 1.02774 1.00031 0.999992 1.00001 1.00001 0.999992 1.00031 
6.5823 1.64189 1.02899 1.0004 1.00038 1.02862 1.63901 6.61734 18.9474 7.01067 1.75441 1.04522 1.04522 1.75441 7.01067 18.9474 24.8354 28.2632 28.9617 29.0479 29.0479 28.9617 28.2632 24.8354 12.9924 13.3601 23.2756 27.6978 27.6978 23.2756 13.3601 12.9924 19.3936 19.8895 10.2663 4.17607 4.17607 10.2647 19.8895 19.3936 5.59294 3.34526 1.3215 1.01693 1.01693 1.34822 3.34526 5.59294 2.04463 1.0637 1.0015 1.00001 1.00001 1.00142 1.0612 
7.61398 1.76499 1.03558 1.00045 1.00043 1.035 1.75924 7.63257 22.4957 8.23794 1.91039 1.05641 1.05641 1.91039 8.23794 22.4957 28.0577 32.6578 33.2768 33.3187 33.3187 33.2768 32.6578 28.0577 11.0797 10.9657 24.3753 30.9376 30.9376 24.3753 10.9657 11.0797 21.7837 22.9101 10.1761 2.61271 2.61271 10.1785 22.9101 21.7837 3.9146 1.68967 1.06562 1.00228 1.00228 1.06334 1.68967 3.9146 1.46073 1.02422 1.00046 0.99997 0.99997 1.00039 1.02275 
6.16849 1.58013 1.0258 1.00031 1.0003 1.02541 1.57622 6.18306 18.2457 6.716 1.69582 1.04034 1.04034 1.69582 6.716 18.2457 22.4249 25.8746 26.193 26.1984 26.1984 26.193 25.8746 22.4249 8.21048 7.87474 18.4137 22.9368 22.9368 18.4137 7.87474 8.21048 17.6953 18.5377 8.08119 2.12336 2.12336 8.08314 18.5377 17.6953 3.20557 1.40457 1.03325 1.00112 1.00112 1.03175 1.40457 3.20557 1.31155 1.01502 1.00028 1.00001 1.00001 1.00023 1.01394 
2.23295 1.07293 1.00159 0.999987 0.999985 1.00156 1.07228 2.23499 7.82075 2.31049 1.08161 1.00221 1.00221 1.08161 2.31049 7.82075 9.45851 10.95 11.2193 11.2867 11.2867 11.2193 10.95 9.45851 2.8601 3.52548 10.9874 13.4248 13.4248 10.9874 3.52548 2.8601 7.87558 8.08084 2.70695 1.13194 1.13194 2.70726 8.08084 7.87558 1.40325 1.03578 1.00149 1.00001 1.00001 1.0014 1.03578 1.40325 1.0232 1.00043 1.00001 0.999999 0.999999 1.00001 1.00037 
2.23499 1.07228 1.00156 0.999985 0.999987 1.00159 1.07293 2.23295 7.79876 2.30608 1.08147 1.00221 1.00221 1.08161 2.31049 7.82075 9.45851 10.95 11.2193 11.2867 11.3462 11.2857 11.0136 9.45597 2.85973 3.52511 10.9875 13.4249 13.4248 10.9874 3.52548 2.8601 7.87558 8.08084 2.70726 1.13194 1.13196 2.70695 8.09878 7.89138 1.40326 1.03395 1.0014 1.00001 1.00001 1.00149 1.03578 1.40325 1.02134 1.00037 1.00001 0.999999 0.999999 1.00001 1.00043 
6.18306 1.57622 1.02541 1.0003 1.00031 1.0258 1.58013 6.16849 18.2137 6.70818 1.69591 1.04034 1.04034 1.69582 6.716 18.2457 22.4249 25.8746 26.193 26.1984 26.139 26.1269 25.8234 22.2386 8.20803 7.87261 18.4149 22.9374 22.9368 18.4137 7.87474 8.21048 17.6953 18.5377 8.08314 2.12336 2.12348 8.08119 18.6274 17.7789 3.2057 1.38958 1.03175 1.00103 1.00112 1.03325 1.40457 3.20557 1.29623 1.01394 1.00023 1.00001 1.00001 1.00028 1.01502 
7.63257 1.75924 1.035 1.00043 1.00045 1.03558 1.76499 7.61398 22.4382 8.22658 1.91038 1.05641 1.05641 1.91039 8.23794 22.4957 28.0577 32.6578 33.2768 33.3187 33.3198 33.2789 32.6651 27.8644 11.0774 10.9635 24.378 30.9398 30.9376 24.3753 10.9657 11.0797 21.7837 22.9101 10.1785 2.61271 2.61269 10.1761 23.0321 21.8988 3.91547 1.66973 1.06334 1.00215 1.00228 1.06562 1.68967 3.9146 1.44026 1.02275 1.00039 0.99997 0.999972 1.00046 1.02422 
6.61734 1.63901 1.02862 1.00038 1.0004 1.02899 1.64189 6.5823 18.8909 7.00519 1.75437 1.04522 1.04522 1.75441 7.01067 18.9474 24.8354 28.2632 28.9617 29.0479 29.0271 28.9382 28.421 24.7024 12.9955 13.3614 23.2788 27.7015 27.6978 23.2756 13.3601 12.9924 19.3936 19.8895 10.2647 4.17607 4.17943 10.2663 20.1131 19.598 5.71859 3.4429 1.34822 1.01843 1.01693 1.3215 3.34526 5.59294 1.99875 1.0612 1.00142 1.00001 1.00002 1.0015 1.0637 
7.42493 1.70949 1.03169 1.0005 1.00047 1.0311 1.70499 7.39019 22.1851 7.67495 1.78639 1.03726 1.0367 1.78075 7.66415 22.2891 32.7129 34.3399 34.5829 34.5786 34.6184 34.6228 34.3399 32.7129 29.5103 29.82 32.8472 34.1156 34.1183 32.8498 29.82 29.5103 30.9386 31.6434 29.7038 28.4086 28.5885 29.851 31.7422 31.06 23.64 21.4816 8.17535 1.96557 1.9734 8.22332 21.5948 23.7547 8.82916 1.85734 1.0394 1.00058 1.00057 1.03894 1.85423 
8.22449 1.80073 1.0364 1.00052 1.00048 1.03575 1.79675 8.20089 24.7959 8.72957 1.90853 1.04429 1.0435 1.89914 8.68323 24.8188 34.0643 34.802 34.9362 34.948 34.9472 34.9362 34.802 34.0643 33.5195 33.5946 34.4032 34.78 34.7799 34.4032 33.5946 33.5195 33.642 34.4538 34.264 34.1394 34.1246 34.252 34.45 33.6819 26.0432 24.6951 9.2718 2.11011 2.11479 9.28661 24.6808 26.027 9.75302 1.96826 1.04487 1.0006 1.00058 1.04451 1.96746 
8.29715 1.80829 1.03669 1.00056 1.00052 1.03603 1.80427 8.2733 25.1339 8.85931 1.92228 1.0451 1.04426 1.91227 8.80851 25.1672 34.2601 34.8881 34.9883 34.996 34.996 34.9878 34.8881 34.2601 34.6563 34.7323 34.8992 34.964 34.964 34.8992 34.7323 34.6563 33.9571 34.8217 34.9257 34.9262 34.9258 34.9262 34.8233 34.0105 26.4742 25.2686 9.4408 2.1291 2.13371 9.45609 25.2621 26.4608 9.88999 1.98312 1.04558 1.00065 1.00063 1.04522 1.98239 
8.26313 1.80235 1.0357 1.00052 1.0005 1.03517 1.79926 8.24235 25.09 8.81215 1.91461 1.04461 1.04377 1.90512 8.76879 25.1217 34.2717 34.9 34.9923 34.9995 34.9994 34.992 34.9 34.2717 34.848 34.9466 34.984 34.995 34.995 34.984 34.9466 34.848 33.9963 34.8651 34.985 34.9943 34.9943 34.9855 34.8661 34.0499 26.5532 25.3344 9.44332 2.12102 2.12429 9.45248 25.3321 26.5465 9.90296 1.98473 1.0452 1.00063 1.00061 1.04491 1.9847 
8.24235 1.79926 1.03517 1.0005 1.0005 1.03517 1.79926 8.24235 25.09 8.81215 1.91461 1.04461 1.04461 1.91461 8.81215 25.09 34.2078 34.8988 34.992 34.9994 34.9994 34.992 34.9 34.2717 34.848 34.9466 34.984 34.995 34.995 34.984 34.9466 34.848 34.0499 34.8661 34.9855 34.9943 34.9943 34.985 34.8662 34.0479 26.5465 25.3321 9.45248 2.12429 2.12429 9.45248 25.3321 26.5465 9.90666 1.98473 1.0452 1.00063 1.00063 1.0452 1.98473 
8.2733 1.80427 1.03603 1.00052 1.00052 1.03603 1.80427 8.2733 25.1339 8.85931 1.92228 1.0451 1.0451 1.92228 8.85931 25.1339 34.1958 34.8867 34.9878 34.996 34.996 34.9878 34.8881 34.2601 34.6564 34.7322 34.8992 34.964 34.964 34.8992 34.7323 34.6563 34.0105 34.8233 34.9262 34.9258 34.9262 34.9257 34.8238 34.0089 26.4608 25.2621 9.45609 2.13371 2.13371 9.45609 25.2621 26.4608 9.89101 1.98312 1.04558 1.00065 1.00065 1.04558 1.98312 
8.20089 1.79675 1.03575 1.00048 1.00048 1.03575 1.79675 8.20089 24.7959 8.72957 1.90853 1.04429 1.04429 1.90853 8.72957 24.7959 34.0012 34.793 34.9362 34.9472 34.9472 34.9362 34.802 34.0643 33.5194 33.5942 34.4032 34.7799 34.78 34.4032 33.5946 33.5195 33.6819 34.45 34.252 34.1246 34.1394 34.264 34.4515 33.6807 26.027 24.6808 9.28661 2.11479 2.11479 9.28661 24.6808 26.027 9.75387 1.96826 1.04487 1.0006 1.0006 1.04487 1.96826 
7.39019 1.70499 1.0311 1.00047 1.00047 1.0311 1.70499 7.39019 22.1851 7.67495 1.78639 1.03726 1.03726 1.78639 7.67495 22.1851 32.7291 34.3811 34.6228 34.6184 34.6184 34.6228 34.3399 32.7129 29.5142 29.824 32.8498 34.1183 34.1156 32.8472 29.82 29.5103 31.06 31.7422 29.851 28.5885 28.4086 29.7038 31.7427 31.0597 23.7547 21.5948 8.22332 1.9734 1.9734 8.22332 21.5948 23.7547 8.79542 1.85734 1.0394 1.00058 1.00058 1.0394 1.85734 
2.7526 1.10648 1.00255 1.00003 1.00003 1.00255 1.10648 2.7526 11.6038 2.76439 1.11348 1.00274 1.00274 1.11348 2.76439 11.6038 31.1182 34.4653 34.9335 34.9684 34.9684 34.9335 34.4653 31.1182 34.6416 34.7874 34.9529 34.9796 34.9804 34.955 34.7991 34.6576 33.8819 34.6164 34.4585 34.3655 34.3967 34.4791 34.602 33.8732 27.1471 24.321 9.55219 2.25416 2.25416 9.55219 24.321 27.1471 10.5737 2.12205 1.06825 1.00153 1.00153 1.06825 2.12205 
1.72718 1.03049 1.00044 0.999958 0.999958 1.00044 1.03049 1.72718 7.76919 1.73434 1.03118 1.00051 1.00051 1.03118 1.73434 7.76919 30.0967 34.3569 34.9389 34.9822 34.9822 34.9389 34.3569 30.0967 34.8282 34.9314 34.979 34.985 34.9846 34.9788 34.9319 34.8317 34.2198 34.8635 34.919 34.9155 34.9076 34.9124 34.8689 34.2198 27.9374 24.7956 9.73443 2.28545 2.28545 9.73443 24.7956 27.9374 10.8314 2.14996 1.07008 1.00151 1.00151 1.07008 2.14996 
1.65144 1.02653 1.00041 0.999996 0.999996 1.00041 1.02653 1.65144 7.36285 1.65953 1.02743 1.00046 1.00046 1.02743 1.65953 7.36285 29.9853 34.3543 34.9506 34.9951 34.9951 34.9506 34.3543 29.9853 34.8792 34.973 34.9954 34.9982 34.9982 34.9954 34.9735 34.8837 34.2591 34.9026 34.9879 34.9935 34.9927 34.9869 34.9074 34.2592 28.0184 24.8518 9.73988 2.28525 2.28525 9.73988 24.8518 28.0184 10.8505 2.15149 1.07011 1.00154 1.00154 1.07011 2.15149 
1.66602 1.02714 1.00042 0.999988 0.999988 1.00042 1.02714 1.66602 7.47095 1.6837 1.02889 1.00057 1.00057 1.02889 1.6837 7.47095 30.0214 34.3606 34.9526 34.9968 34.9968 34.9526 34.3606 30.0214 34.8886 34.9791 34.9976 34.9996 34.9996 34.9976 34.9794 34.8916 34.2718 34.9067 34.9932 34.9993 34.9992 34.9929 34.9099 34.2719 28.1128 24.9722 9.67342 2.25158 2.25158 9.67342 24.9722 28.1128 10.805 2.13895 1.06709 1.00142 1.00142 1.06709 2.13895 
1.67399 1.02776 1.00044 0.99999 0.999988 1.00042 1.02714 1.66602 7.47095 1.6837 1.02889 1.00057 1.00048 1.02793 1.67608 7.47101 29.697 34.3745 34.9528 34.9968 34.9968 34.9526 34.3606 30.0214 34.8916 34.9794 34.9976 34.9996 34.9996 34.9976 34.9794 34.8886 34.1674 34.9067 34.9929 34.9992 34.9993 34.9932 34.9067 34.2718 28.1721 25.0431 9.61829 2.225 2.25158 9.67342 24.9722 28.1128 10.805 2.13895 1.06709 1.00142 1.00133 1.06555 2.12669 
1.66096 1.02726 1.00044 0.999997 0.999996 1.00041 1.02653 1.65144 7.36285 1.65953 1.02743 1.00046 1.00037 1.02628 1.65043 7.36293 29.6566 34.3675 34.9509 34.9951 34.9951 34.9506 34.3543 29.9853 34.8837 34.9735 34.9954 34.9982 34.9982 34.9954 34.9735 34.8792 34.1459 34.9014 34.9869 34.9927 34.9935 34.9879 34.9026 34.2591 28.0959 24.9453 9.66447 2.25177 2.28525 9.73988 24.8518 28.0184 10.8505 2.15149 1.07011 1.00154 1.00144 1.06829 2.13658 
1.73667 1.03125 1.00048 0.999959 0.999958 1.00044 1.03049 1.72718 7.76919 1.73434 1.03118 1.00051 1.00041 1.03003 1.72496 7.76846 29.7813 34.3704 34.9391 34.9822 34.9822 34.9389 34.3569 30.0967 34.8317 34.9319 34.9788 34.9846 34.985 34.979 34.9319 34.8282 34.1034 34.8604 34.9124 34.9076 34.9155 34.919 34.8635 34.2198 28.0156 24.8898 9.65818 2.25178 2.28545 9.73443 24.7956 27.9374 10.8314 2.14996 1.07008 1.00151 1.00141 1.06824 2.13498 
2.76048 1.10767 1.00263 1.00003 1.00003 1.00255 1.10648 2.7526 11.6038 2.76439 1.11348 1.00274 1.00265 1.11245 2.75212 11.5967 30.886 34.4736 34.9336 34.9679 34.9684 34.9335 34.4653 31.1182 34.6576 34.7991 34.955 34.9804 34.9796 34.9529 34.7991 34.6416 33.7516 34.6294 34.4791 34.3967 34.3655 34.4585 34.6164 33.8819 27.2152 24.3923 9.48257 2.22343 2.25416 9.55219 24.321 27.1471 10.5737 2.12205 1.06825 1.00153 1.00143 1.06655 2.10823 
6.61551 1.62158 1.02768 1.00041 1.00039 1.02727 1.6184 6.6253 20.4496 6.65497 1.66524 1.03285 1.03335 1.67021 6.66131 20.4587 33.5577 34.704 34.9548 34.9761 34.9776 34.9566 34.7069 33.6089 34.3981 34.7547 34.7711 34.7147 34.7005 34.761 34.7442 34.382 32.5289 34.4005 34.1664 34.0318 33.9964 34.1208 34.2837 32.6381 22.1629 19.2345 8.07346 2.09854 2.12419 8.11981 19.0355 21.955 9.02214 2.03975 1.08112 1.00264 1.00246 1.07857 2.0226 
7.86502 1.77618 1.03562 1.00048 1.00046 1.03509 1.77218 7.8803 23.8394 8.14269 1.84921 1.04459 1.04535 1.85632 8.15066 23.8343 34.2815 34.8728 34.9769 34.9856 34.9854 34.9768 34.8711 34.3163 34.8134 34.9282 34.9457 34.9409 34.9414 34.9459 34.9282 34.8153 34.0523 34.8549 34.9231 34.9085 34.9044 34.9153 34.8543 34.1361 26.4662 23.4291 9.759 2.378 2.41494 9.86471 23.3173 26.3603 10.8978 2.30757 1.10551 1.00355 1.0033 1.10189 2.28102 
7.9804 1.78883 1.03624 1.00053 1.0005 1.0357 1.78477 7.99602 24.2143 8.2791 1.86308 1.04542 1.0462 1.87039 8.28726 24.2091 34.3629 34.9054 34.9914 34.9981 34.9981 34.9915 34.9052 34.3969 34.8918 34.9736 34.991 34.9925 34.9925 34.9909 34.9732 34.8922 34.2384 34.9174 34.9887 34.9935 34.9938 34.9888 34.9178 34.3191 27.1082 23.9947 9.95543 2.40516 2.44232 10.0604 23.8728 26.9923 11.1588 2.33914 1.10774 1.00366 1.0034 1.10406 2.31234 
7.98899 1.78743 1.03571 1.00051 1.00049 1.03523 1.78385 8.0026 24.2556 8.28517 1.8616 1.04481 1.04553 1.86811 8.29204 24.2511 34.3712 34.9094 34.993 34.9995 34.9995 34.9931 34.909 34.4053 34.9036 34.9797 34.9972 34.999 34.999 34.9971 34.9794 34.9046 34.258 34.9206 34.9929 34.9992 34.9992 34.9929 34.9193 34.3324 27.294 24.2756 9.8619 2.36523 2.39495 9.94287 24.1836 27.1974 11.0773 2.30334 1.10012 1.00317 1.00297 1.09703 2.28098 
8.0026 1.78385 1.03523 1.00049 1.00049 1.03523 1.78743 7.98899 24.2556 8.28517 1.8616 1.04481 1.04481 1.8616 8.28517 24.2556 34.4053 34.909 34.9931 34.9995 34.9995 34.9931 34.909 34.4053 34.9046 34.9794 34.9971 34.999 34.999 34.9972 34.9797 34.9036 34.3082 34.9195 34.9929 34.9992 34.9992 34.9925 34.9186 34.3329 27.1974 24.1836 9.94287 2.39495 2.39495 9.94287 24.1836 27.1974 11.0773 2.30334 1.10012 1.00317 1.00317 1.10012 2.30334 
7.99602 1.78477 1.0357 1.0005 1.0005 1.0357 1.78883 7.9804 24.2143 8.2791 1.86308 1.04542 1.04542 1.86308 8.2791 24.2143 34.3969 34.9052 34.9915 34.9981 34.9981 34.9915 34.9052 34.3969 34.8922 34.9732 34.9909 34.9925 34.9925 34.991 34.9736 34.8918 34.2969 34.9185 34.9888 34.9938 34.9938 34.9884 34.9177 34.3198 26.9923 23.8728 10.0604 2.44232 2.44232 10.0604 23.8728 26.9923 11.1588 2.33914 1.10774 1.00366 1.00366 1.10774 2.33914 
7.8803 1.77218 1.03509 1.00046 1.00046 1.03509 1.77618 7.86502 23.8394 8.14269 1.84921 1.04459 1.04459 1.84921 8.14269 23.8394 34.3163 34.8711 34.9768 34.9854 34.9854 34.9768 34.8711 34.3163 34.8153 34.9282 34.9459 34.9414 34.9409 34.9457 34.9282 34.8134 34.1174 34.8598 34.9153 34.9044 34.91 34.9207 34.8573 34.1423 26.3603 23.3173 9.86471 2.41494 2.41494 9.86471 23.3173 26.3603 10.8978 2.30757 1.10551 1.00355 1.00355 1.10551 2.30757 
6.6253 1.6184 1.02727 1.00039 1.00039 1.02727 1.62158 6.61551 20.4496 6.65497 1.66524 1.03285 1.03285 1.66524 6.65497 20.4496 33.6089 34.7069 34.9566 34.9776 34.9776 34.9566 34.7069 33.6089 34.382 34.7442 34.761 34.7005 34.7147 34.7711 34.7547 34.3981 32.5384 34.2716 34.1208 33.9964 33.9424 34.0652 34.2472 32.5865 21.955 19.0355 8.11981 2.12419 2.12419 8.11981 19.0355 21.955 9.02214 2.03975 1.08112 1.00264 1.00264 1.08112 2.03975 
2.6225 1.10957 1.00254 1.00002 1.00002 1.00256 1.10987 2.62885 10.7619 2.63885 1.10304 1.00249 1.00238 1.10058 2.60551 10.826 30.5308 33.7853 34.5646 34.6123 34.6798 34.6228 33.8015 30.8204 30.5415 30.8224 30.7055 30.6552 30.6552 30.7055 30.8224 30.5415 26.0096 31.3852 28.8092 27.7956 27.7943 28.8077 31.3727 26.1506 6.48417 4.77421 1.73854 1.03857 1.03409 1.70424 4.69257 6.38443 2.15915 1.06774 1.0022 1.00006 1.00006 1.0024 1.07144 
2.05346 1.06798 1.0014 0.999941 0.999941 1.00143 1.06893 2.07341 8.28252 1.968 1.05021 1.00091 1.00085 1.04874 1.94777 8.41965 30.6027 34.1369 34.8789 34.9448 34.944 34.8725 34.0983 30.7555 32.5598 33.7246 33.7412 33.8255 33.8255 33.7412 33.7246 32.5598 25.9038 33.1949 33.7086 33.7079 33.7362 33.7466 33.1966 26.0746 3.5609 1.67199 1.04939 1.00465 1.00208 1.048 1.68594 3.56592 1.30234 1.01144 1.00014 0.999953 0.999952 1.00016 1.01182 
2.01395 1.06569 1.00139 0.999978 0.999978 1.00142 1.06662 2.03389 8.0265 1.9185 1.04732 1.0009 1.00083 1.04577 1.89766 8.16036 30.5999 34.1955 34.9222 34.9903 34.9893 34.9152 34.1644 30.7448 33.1677 34.6431 34.771 34.8056 34.8056 34.771 34.6431 33.1677 25.8835 33.5976 34.7358 34.852 34.8585 34.7442 33.5851 26.06 3.01867 1.19992 0.995409 0.993986 0.99125 0.99441 1.20879 3.01749 1.18446 1.00634 1.00008 0.999994 0.999993 1.00009 1.0067 
2.02497 1.06536 1.00135 0.999975 0.999975 1.00138 1.06616 2.04239 8.1122 1.93117 1.04802 1.0009 1.00084 1.04662 1.91298 8.24694 30.613 34.204 34.928 34.9939 34.993 34.9224 34.178 30.7587 33.3011 34.8106 34.9569 34.9737 34.9737 34.9569 34.8106 33.3011 25.936 33.6845 34.863 34.9758 34.9767 34.8641 33.6683 26.1141 2.98218 1.16461 0.994212 0.992597 0.990256 0.993331 1.17173 2.98115 1.16951 1.00553 1.00007 0.999992 0.999991 1.00009 1.00582 
2.04239 1.06616 1.00138 0.999976 0.999975 1.00135 1.06536 2.04239 8.24694 1.91298 1.04662 1.00084 1.00084 1.04662 1.91298 8.24694 30.613 34.204 34.928 34.9939 34.9939 34.928 34.204 30.613 33.3117 34.8153 34.9575 34.9738 34.9737 34.9569 34.8106 33.3011 25.5736 33.7032 34.8566 34.9738 34.9747 34.8578 33.7032 25.5736 2.98115 1.17173 0.993331 0.990256 0.992597 0.994212 1.16461 2.98218 1.17206 1.00582 1.00009 0.999992 0.999992 1.00007 1.00553 
2.03389 1.06662 1.00142 0.999979 0.999978 1.00139 1.06569 2.03389 8.16036 1.89766 1.04577 1.00083 1.00083 1.04577 1.89766 8.16036 30.5999 34.1955 34.9222 34.9903 34.9903 34.9222 34.1955 30.5999 33.1847 34.6494 34.7718 34.8057 34.8056 34.771 34.6431 33.1677 25.5138 33.6016 34.7195 34.844 34.8497 34.7273 33.6016 25.5138 3.01749 1.20879 0.99441 0.99125 0.993986 0.995409 1.19992 3.01867 1.18804 1.0067 1.00009 0.999994 0.999994 1.00008 1.00634 
2.07341 1.06893 1.00143 0.999942 0.999941 1.0014 1.06798 2.07341 8.41965 1.94777 1.04874 1.00085 1.00085 1.04874 1.94777 8.41965 30.6027 34.1369 34.8789 34.9448 34.9448 34.8789 34.1369 30.6027 32.5777 33.7338 33.7462 33.8289 33.8255 33.7412 33.7246 32.5598 25.5396 33.1808 33.6891 33.7063 33.7299 33.7206 33.1808 25.5396 3.56592 1.68594 1.048 1.00208 1.00465 1.04939 1.67199 3.5609 1.30505 1.01182 1.00016 0.999953 0.999953 1.00014 1.01144 
2.62885 1.10987 1.00256 1.00002 1.00002 1.00254 1.10957 2.62885 10.826 2.60551 1.10058 1.00238 1.00238 1.10058 2.60551 10.826 30.5308 33.7853 34.5646 34.6123 34.6123 34.5646 33.7853 30.5308 30.3775 30.6206 30.4976 30.4537 30.6552 30.7055 30.8224 30.5415 25.599 31.2718 28.5118 27.4489 27.4889 28.5553 31.2718 25.599 6.38443 4.69257 1.70424 1.03409 1.03857 1.73854 4.77421 6.48417 2.19663 1.07144 1.0024 1.00006 1.00006 1.0022 1.06774 
1.66106 1.03413 1.001 1.00005 1.00005 1.001 1.03233 1.64447 6.13226 1.64306 1.02977 1.00042 1.00042 1.02977 1.64306 6.13226 22.9883 28.6686 29.8397 29.8099 29.8099 29.8397 28.6686 22.9883 11.9425 7.19604 6.84491 6.68999 6.68686 6.841 6.98422 11.7519 21.663 23.8099 12.7381 7.21833 7.06006 12.5804 23.8069 21.6598 4.37821 1.64397 1.22694 1.01757 1.01757 1.22694 1.64397 4.37821 1.2942 1.02115 1.00111 1.00006 1.00006 1.00111 1.02115 
1.71442 1.03742 1.00105 0.999983 0.999983 1.00105 1.03548 1.69881 6.5704 1.71177 1.03356 1.00041 1.00041 1.03356 1.71177 6.5704 25.6261 32.974 33.9722 33.889 33.889 33.9722 32.974 25.6261 9.43405 2.84372 2.10452 2.00211 2.00266 2.10517 2.8473 9.43253 23.4666 25.0628 10.0221 2.97736 2.97871 10.0234 25.0634 23.4661 4.55288 1.46702 1.22513 1.01884 1.01884 1.22513 1.46702 4.55288 1.30897 1.02334 1.00114 0.999993 0.999993 1.00114 1.02334 
1.71902 1.03756 1.0011 1.00002 1.00002 1.0011 1.03562 1.70334 6.62701 1.71826 1.03388 1.00046 1.00046 1.03388 1.71826 6.62701 25.9694 33.5964 34.5803 34.4604 34.4604 34.5803 33.5964 25.9694 8.90347 1.9328 1.12444 1.07816 1.07819 1.12447 1.93213 8.90282 23.8039 25.2825 9.63445 2.3408 2.33995 9.63744 25.283 23.8032 4.58747 1.4632 1.22522 1.01889 1.01889 1.22522 1.4632 4.58747 1.31102 1.02343 1.00117 1.00003 1.00003 1.00117 1.02343 
1.68684 1.03409 1.0009 1.00002 1.00002 1.0009 1.03256 1.67483 6.62025 1.69651 1.03145 1.0004 1.0004 1.03145 1.69651 6.62025 25.9486 33.5297 34.4483 34.3218 34.3218 34.4483 33.5297 25.9486 8.89893 2.08752 1.29975 1.26071 1.26071 1.29974 2.0867 8.89812 23.5775 25.0837 9.70959 2.62746 2.62612 9.71038 25.0841 23.5769 4.536 1.44515 1.22343 1.01833 1.01833 1.22343 1.44515 4.536 1.29905 1.02212 1.00112 1.00002 1.00002 1.00112 1.02212 
1.67483 1.03256 1.00078 1.00001 1.00002 1.0009 1.03409 1.68684 6.61868 1.68487 1.02561 1.00014 1.0004 1.03145 1.69651 6.62025 25.9486 33.5297 34.4483 34.3218 34.3234 34.4523 33.5166 25.9528 8.89812 2.0867 1.29974 1.26071 1.26071 1.29975 2.0867 8.89893 23.5769 25.0841 9.71038 2.62612 2.62612 9.71038 25.0841 23.5769 4.53442 1.43845 1.21993 1.01824 1.01824 1.21993 1.43845 4.53442 1.29905 1.02212 1.00112 1.00002 1.00002 1.00104 1.02175 
1.70334 1.03562 1.00094 1.00001 1.00002 1.0011 1.03756 1.71902 6.6264 1.70297 1.02658 1.00008 1.00046 1.03388 1.71826 6.62701 25.9694 33.5964 34.5803 34.4604 34.4576 34.5756 33.5775 25.9675 8.90282 1.93213 1.12447 1.07819 1.07816 1.12444 1.93213 8.90347 23.8032 25.283 9.63744 2.33995 2.33995 9.63744 25.283 23.8032 4.58526 1.45511 1.22125 1.01875 1.01875 1.22125 1.45511 4.58526 1.31102 1.02343 1.00117 1.00003 1.00002 1.00109 1.02303 
1.69881 1.03548 1.0009 0.999975 0.999983 1.00105 1.03742 1.71442 6.56956 1.6965 1.02629 1.00003 1.00041 1.03356 1.71177 6.5704 25.6261 32.974 33.9722 33.889 33.8741 33.9505 32.9582 25.6247 9.43253 2.8473 2.10517 2.00266 2.00211 2.10452 2.8473 9.43405 23.4661 25.0634 10.0234 2.97871 2.97871 10.0234 25.0634 23.4661 4.55093 1.45926 1.22123 1.01871 1.01871 1.22123 1.45926 4.55093 1.30897 1.02334 1.00114 0.999993 0.999988 1.00106 1.02294 
1.64447 1.03233 1.00086 1.00004 1.00005 1.001 1.03413 1.66106 6.17478 1.63421 1.02423 1.00013 1.00042 1.02977 1.64306 6.13226 22.9883 28.6686 29.8397 29.8099 29.8061 29.8322 28.5199 22.8724 11.7519 6.98422 6.841 6.68686 6.68999 6.84491 6.98422 11.9425 21.6598 23.8069 12.5804 7.06006 7.06006 12.5804 23.8069 21.6598 4.34623 1.63307 1.22252 1.01781 1.01781 1.22252 1.63307 4.34623 1.2942 1.02115 1.00111 1.00006 1.00005 1.00104 1.02082 
1.0074 1.00029 0.999986 1 0.999999 0.999985 1.00028 1.00667 1.13044 1.00445 0.999946 1 1 0.999946 1.00548 1.14456 7.26361 9.20033 9.39127 9.35809 9.48583 9.52218 9.20033 7.26361 2.30666 1.33458 1.21769 1.21251 1.19994 1.20482 1.31929 2.27052 6.8533 7.26838 2.86973 1.57707 1.57707 2.86973 7.26838 6.8533 1.32286 1.02708 1.01115 1.00049 1.00049 1.01115 1.02708 1.32286 1.01079 1.00044 1.00001 1.00001 1.00001 1.00001 1.00045 
1.00028 0.999955 0.999966 0.999968 0.999968 0.999967 0.999956 1.00028 1.00704 1.0002 0.999948 0.999967 0.999967 0.999947 1.0002 1.00705 1.69071 1.93467 1.96947 1.95764 1.95978 1.97283 1.93467 1.69071 1.09918 1.03985 1.034 1.03202 1.03174 1.03367 1.03935 1.09742 1.74894 1.77867 1.11729 1.00986 1.00986 1.11729 1.77867 1.74894 1.01428 1.00051 1.00019 0.999952 0.999952 1.00019 1.00051 1.01428 1.00025 0.999954 0.999964 0.999968 0.999968 0.999964 0.999951 
1.00002 0.999998 1 1 1 1 0.999998 1.00002 1.00015 0.99995 1 1 1 1 0.99995 1.00015 1.02881 1.04107 1.04313 1.04138 1.04125 1.04322 1.04107 1.02881 1.00428 1.00309 1.00298 1.00274 1.00274 1.00298 1.00309 1.00426 1.04898 1.04736 1.00253 0.998895 0.998895 1.00253 1.04736 1.04898 1.00035 0.99994 0.999958 0.999999 0.999999 0.999958 0.99994 1.00035 1.00002 0.999996 1 1 1 1 0.999997 
1.00003 0.999996 1 1 1 1 0.999996 1.00003 0.999982 0.999966 1 1 1 1 0.999966 0.999982 1.00036 1.00052 1.00054 1.00053 1.00052 1.00055 1.00052 1.00036 1.00012 1.00007 1.0001 1.00009 1.00009 1.0001 1.00007 1.00012 1.00138 1.0011 1.00002 0.999964 0.999964 1.00002 1.0011 1.00138 1.00001 0.999964 1 1 1 1 0.999964 1.00001 1.00003 0.999996 1 1 1 1 0.999996 
1.00003 0.999996 1 1 1 1 0.999996 1.00003 0.999982 0.999966 1 1 1 1 0.999966 0.999982 1.00036 1.00053 1.00054 1.00053 1.00053 1.00054 1.00052 1.00036 1.00012 1.00007 1.0001 1.00009 1.00009 1.0001 1.00007 1.00012 1.00127 1.00102 1.00002 0.999973 0.999964 1.00002 1.0011 1.00138 1.00001 0.999964 1 1 1 1 0.999965 1.00001 1.00003 0.999996 1 1 1 1 0.999996 
1.00002 0.999998 1 1 1 1 0.999998 1.00002 1.00015 0.99995 1 1 1 1 0.99995 1.00015 1.02884 1.04136 1.04313 1.04138 1.04138 1.04313 1.04107 1.02881 1.00426 1.00309 1.00298 1.00274 1.00274 1.00298 1.00309 1.00428 1.04708 1.04578 1.00251 0.999097 0.998895 1.00253 1.04736 1.04898 1.00035 0.99994 0.999958 0.999999 0.999999 0.999958 0.999942 1.00041 1.00002 0.999996 1 1 1 1 0.999996 
1.00028 0.999956 0.999967 0.999968 0.999968 0.999967 0.999956 1.00028 1.00704 1.0002 0.999948 0.999967 0.999967 0.999948 1.0002 1.00704 1.68919 1.93355 1.96947 1.95764 1.95764 1.96947 1.93467 1.69071 1.09742 1.03935 1.03367 1.03174 1.03202 1.034 1.03985 1.09918 1.72647 1.75898 1.12067 1.01376 1.00986 1.11729 1.77867 1.74894 1.01428 1.00051 1.00019 0.999952 0.999952 1.0002 1.00055 1.01575 1.00025 0.999954 0.999964 0.999968 0.999968 0.999964 0.999954 
1.00667 1.00028 0.999985 0.999999 0.999999 0.999985 1.00028 1.00667 1.13044 1.00445 0.999946 1 1 0.999946 1.00445 1.13044 7.17393 9.08762 9.39127 9.35809 9.35809 9.39127 9.20033 7.26361 2.27052 1.31929 1.20482 1.19994 1.21251 1.21769 1.33458 2.30666 6.9231 7.3498 3.00695 1.64891 1.57707 2.86973 7.26838 6.8533 1.32286 1.02708 1.01115 1.00049 1.00045 1.01066 1.02913 1.34889 1.01079 1.00044 1.00001 1.00001 1.00001 1.00001 1.00044 
1.00011 1.00002 1.00003 1.00003 1.00003 1.00003 1.00002 1.00011 1.00496 1.0001 1.00001 1.00003 1.00003 1.00001 1.0001 1.00496 1.64853 1.84594 1.95267 1.87602 1.87602 1.95267 1.84594 1.64853 1.04064 0.979065 0.977499 0.978599 0.978599 0.977499 0.979065 1.04064 1.63436 1.67722 1.09278 1.02895 1.02895 1.09278 1.67722 1.63436 1.01515 1.00054 1.00031 1.00004 1.00004 1.00031 1.00054 1.01515 1.00039 1.00002 1.00003 1.00003 1.00003 1.00003 1.00002 
1.00002 0.999991 0.999997 0.999996 0.999996 0.999997 0.999991 1.00002 1.00008 0.999956 1 0.999996 0.999996 1 0.999956 1.00008 1.03555 1.04583 1.05504 1.04681 1.04681 1.05504 1.04583 1.03555 1.00032 0.998152 0.998251 0.998376 0.998376 0.998251 0.998152 1.00032 1.02821 1.02998 1.00226 1.00089 1.00089 1.00226 1.02998 1.02821 1.00035 0.999944 0.999959 0.999995 0.999995 0.999959 0.999944 1.00035 1.00002 0.999991 0.999996 0.999996 0.999996 0.999996 0.999991 
1.00003 0.999996 1 1 1 1 0.999996 1.00003 0.999994 0.999967 1 1 1 1 0.999967 0.999994 1.00096 1.00111 1.00151 1.00114 1.00114 1.00151 1.00111 1.00096 1.00003 0.999906 0.999945 0.999951 0.999951 0.999945 0.999906 1.00003 1.00031 1.00029 1.00003 1.00002 1.00002 1.00003 1.00029 1.00031 0.999992 0.999965 0.999999 1 1 0.999999 0.999965 0.999992 1.00003 0.999996 1 1 1 1 0.999996 
1.00003 0.999996 1 1 1 1 0.999996 1.00003 1.00001 0.999968 1 1 1 1 0.999968 1.00001 1.00003 0.999961 1.00001 0.999997 0.999997 1.00001 0.999961 1.00003 1.00004 0.999981 1.00002 1.00001 1.00001 1.00002 0.999981 1.00004 1.00004 0.999951 0.999994 0.999995 0.999995 0.999994 0.999951 1.00004 1 0.999968 1 1 1 1 0.999968 1 1.00003 0.999996 1 1 1 1 0.999996 
0 0 0 0 1 1 0.999996 1.00003 1.00001 0.999968 1 1 1 1 0.999968 1.00001 1.00003 0.999961 1.00001 0.999997 0.999995 1 0.99996 1.00002 1.00004 0.999981 1.00002 1.00001 1.00001 1.00002 0.999981 1.00004 1.00004 0.999951 0.999994 0.999995 0.999994 0.999993 0.999949 1.00004 1.00001 0.999968 1 1 1 1 0.999968 1 1.00003 0.999996 1 1 0 0 0 
0 0 0 0 1 1 0.999996 1.00003 0.999994 0.999967 1 1 1 1 0.999967 0.999995 1.00096 1.00111 1.00151 1.00114 1.00107 1.00142 1.00105 1.00091 1.00003 0.99991 0.999949 0.999955 0.999951 0.999945 0.999906 1.00003 1.00031 1.00029 1.00003 1.00002 1.00003 1.00003 1.00026 1.00026 0.999992 0.999965 0.999999 1 1 0.999999 0.999965 0.999992 1.00003 0.999996 1 1 0 0 0 
0 0 0 0 0.999996 0.999997 0.999991 1.00002 1.00008 0.999956 1 0.999996 0.999996 1 0.999955 1.00012 1.03555 1.04583 1.05504 1.04681 1.04533 1.05323 1.0444 1.03442 1.00026 0.998186 0.998285 0.998404 0.998376 0.998251 0.998152 1.00032 1.02821 1.02998 1.00226 1.00089 1.00098 1.00229 1.02921 1.02723 1.00035 0.999943 0.999959 0.999995 0.999995 0.999959 0.999944 1.00035 1.00002 0.999991 0.999996 0.999996 0 0 0 
