0 0 0 0 1.00004 1.00001 1.00092 1.03223 1.37308 1.05095 1.00316 1.0001 1.0001 1.00318 1.05142 1.37643 1.67946 1.84187 2.04284 2.06319 2.05822 2.03689 1.83576 1.67543 1.44083 2.05102 4.7963 5.59746 5.52752 4.72971 2.02934 1.43532 1.64533 1.68618 1.15479 1.02413 1.02366 1.15086 1.67496 1.6347 1.06154 1.02044 1.00175 1.00005 1.00005 1.00175 1.02053 1.06174 1.00656 1.00026 1.00002 1.00005 0 0 0 
0 0 0 0 0.999997 0.999986 0.999984 1.00119 1.019 1.00152 0.999992 0.999972 0.999972 0.999992 1.00151 1.01901 1.03702 1.04711 1.06618 1.06712 1.06725 1.0663 1.04715 1.03696 1.02794 1.12001 1.73094 1.84839 1.82799 1.71099 1.11624 1.02722 1.044 1.04564 1.00593 1.0005 1.00052 1.00602 1.04592 1.04429 1.00178 1.0006 1.00005 0.999988 0.999988 1.00005 1.0006 1.00178 1.00024 0.999978 0.999992 0.999996 0 0 0 
0 0 0 0 1 1 0.999991 1.00004 1.0003 0.999936 0.999984 0.999999 0.999999 0.999984 0.999935 1.0003 1.0007 1.00082 1.00141 1.00141 1.00143 1.00142 1.00083 1.0007 1.00103 1.00794 1.0841 1.09353 1.09048 1.08114 1.00762 1.001 1.00099 1.00079 1.00009 0.999982 0.999984 1.0001 1.00081 1.00102 1.00001 0.999942 0.999992 1 1 0.999992 0.999942 1.00001 1.00002 0.999992 1 1 0 0 0 
0 0 0 0 1 1 0.999996 1.00004 0.999972 0.999943 1 1 1 1 0.999943 0.999972 1 0.999912 0.999979 0.999976 0.999977 0.99998 0.999913 1 1.00002 1.00018 1.00428 1.00466 1.00445 1.00405 1.00016 1.00002 1.00004 0.999942 0.99998 0.999995 0.999995 0.99998 0.999943 1.00004 1.00001 0.999946 1 1 1 1 0.999946 1.00001 1.00005 0.999996 1 1 0 0 0 
1.00004 0.999996 1 1 1 1 0.999996 1.00004 0.999972 0.999943 1 1 1 1 0.999943 0.999972 1 0.999913 0.99998 0.999977 0.999977 0.99998 0.999913 1 1.00002 1.00018 1.00428 1.00466 1.00466 1.00428 1.00018 1.00002 1.00004 0.999943 0.99998 0.999995 0.999995 0.99998 0.999943 1.00004 1.00001 0.999946 1 1 1 1 0.999946 1.00001 1.00005 0.999996 1 1 1 1 0.999996 
1.00004 0.999991 1 1 1 1 0.999991 1.00004 1.0003 0.999935 0.999984 0.999999 0.999999 0.999984 0.999936 1.0003 1.0007 1.00083 1.00142 1.00143 1.00143 1.00142 1.00083 1.0007 1.00103 1.00794 1.0841 1.09353 1.09353 1.0841 1.00794 1.00103 1.00102 1.00081 1.0001 0.999984 0.999984 1.0001 1.00081 1.00102 1.00001 0.999942 0.999992 1 1 0.999992 0.999942 1.00001 1.00002 0.999992 1 1 1 1 0.999992 
1.00119 0.999984 0.999986 0.999997 0.999997 0.999986 0.999984 1.00119 1.01901 1.00151 0.999992 0.999972 0.999972 0.999992 1.00152 1.019 1.03696 1.04715 1.0663 1.06725 1.06725 1.0663 1.04715 1.03696 1.02794 1.12001 1.73094 1.84839 1.84839 1.73094 1.12001 1.02794 1.04429 1.04592 1.00602 1.00052 1.00052 1.00602 1.04592 1.04429 1.00178 1.0006 1.00005 0.999988 0.999988 1.00005 1.0006 1.00178 1.00024 0.999978 0.999992 0.999996 0.999996 0.999992 0.999978 
1.03223 1.00092 1.00001 1.00004 1.00004 1.00001 1.00092 1.03223 1.37643 1.05142 1.00316 1.0001 1.0001 1.00316 1.05095 1.37308 1.67543 1.83576 2.03689 2.05822 2.05822 2.03689 1.83576 1.67543 1.44083 2.05102 4.7963 5.59746 5.59746 4.7963 2.05102 1.44083 1.6347 1.67496 1.15086 1.02366 1.02366 1.15086 1.67496 1.6347 1.06174 1.02053 1.00175 1.00005 1.00005 1.00175 1.02044 1.06154 1.00656 1.00026 1.00002 1.00005 1.00005 1.00002 1.00026 
1.65434 1.05201 1.00191 1 1 1.00191 1.05201 1.65434 4.11047 1.76341 1.06613 1.00305 1.00305 1.06613 1.71016 3.9389 6.31446 7.41891 8.01308 8.12556 8.12556 8.01308 7.41891 6.31446 4.55792 5.73317 10.4492 13.0074 13.4347 10.7324 5.87318 4.61623 6.29696 6.55845 3.54019 1.73097 1.77422 3.64482 6.5801 6.33138 2.06151 1.3311 1.03596 1.00196 1.00136 1.03232 1.31212 1.96696 1.10967 1.00301 0.999982 1.00001 1.00001 0.99999 1.0031 
1.07719 1.00442 1.00007 0.99993 0.99993 1.00007 1.00442 1.07719 1.42733 1.06079 1.00291 0.999962 0.999962 1.00291 1.06033 1.42623 1.75175 1.92603 2.14026 2.15816 2.15816 2.14026 1.92603 1.75175 1.46674 1.88924 3.63764 4.22385 4.45189 3.86055 1.9565 1.48207 1.8268 1.87667 1.27608 1.04161 1.04229 1.27562 1.86162 1.81419 1.0777 1.01413 1.00047 0.99995 0.999934 1.00047 1.01369 1.0725 1.00451 0.999974 0.999936 0.999951 0.999951 0.999936 0.999985 
1.00384 1.00012 0.999972 0.999999 0.999999 0.999972 1.00012 1.00384 1.02406 1.00197 0.999967 0.999979 0.999979 0.999967 1.00197 1.02404 1.04416 1.05497 1.07631 1.07751 1.07751 1.07631 1.05497 1.04416 1.02916 1.10516 1.48075 1.55465 1.63379 1.56794 1.1193 1.03112 1.06814 1.07516 1.01413 1.00096 1.00097 1.014 1.07333 1.06665 1.00252 1.00003 0.999996 0.999998 0.999999 0.999996 1.00002 1.00227 1.00011 0.999985 0.999999 1 1 0.999999 0.999985 
1.00013 0.999965 0.999998 1 1 0.999998 0.999965 1.00013 1.00052 0.999943 0.999986 1 1 0.999986 0.999943 1.00052 1.00101 1.00116 1.00189 1.00193 1.00193 1.00189 1.00116 1.00101 1.00098 1.00692 1.0586 1.06106 1.07309 1.07196 1.00804 1.0011 1.00257 1.00304 1.0003 0.999963 0.999962 1.00029 1.00288 1.00245 1.00001 0.999963 1 1 1 1 0.999963 1 1.00003 0.999995 1 1 1 1 0.999995 
1.00013 0.999965 0.999998 1 1 0.999998 0.999965 1.00013 1.00052 0.999943 0.999986 1 1 0.999986 0.999943 1.00052 1.00098 1.00112 1.00184 1.00189 1.00193 1.00189 1.00116 1.00101 1.0011 1.00804 1.07196 1.07309 1.07309 1.07196 1.00804 1.0011 1.00245 1.00288 1.00029 0.999962 0.999962 1.00029 1.00288 1.00244 1.00001 0.999963 1 1 1 1 0.999963 1.00001 1.00003 0.999995 1 1 1 1 0.999995 
1.00384 1.00012 0.999972 0.999999 0.999999 0.999972 1.00012 1.00384 1.02406 1.00197 0.999967 0.999979 0.999979 0.999968 1.00197 1.02406 1.04369 1.05436 1.07543 1.07668 1.07751 1.07631 1.05497 1.04416 1.03112 1.1193 1.56794 1.63379 1.63379 1.56794 1.1193 1.03112 1.06665 1.07333 1.014 1.00097 1.00097 1.01401 1.07332 1.06664 1.00237 1.00004 0.999996 0.999999 0.999998 0.999996 1.00006 1.00252 1.00012 0.999985 0.999999 1 1 0.999999 0.999985 
1.07714 1.00439 1.00007 0.99993 0.99993 1.00007 1.00442 1.07719 1.42733 1.06079 1.00291 0.999962 0.999963 1.00292 1.06079 1.42733 1.74872 1.92099 2.13228 2.15136 2.15816 2.14026 1.92603 1.75175 1.48207 1.9565 3.86055 4.45189 4.45189 3.86055 1.9565 1.48207 1.81419 1.86162 1.27562 1.04229 1.04231 1.27571 1.8615 1.81404 1.07493 1.01451 1.00051 0.999938 0.99995 1.00047 1.01494 1.0777 1.00462 0.999985 0.999936 0.999951 0.999951 0.999936 0.999974 
1.65501 1.05394 1.002 1 1 1.00191 1.05201 1.65434 4.11047 1.76341 1.06613 1.00305 1.00321 1.06823 1.76341 4.11047 6.49355 7.64426 8.24691 8.35831 8.12556 8.01308 7.41891 6.31446 4.61623 5.87318 10.7324 13.4347 13.4347 10.7324 5.87318 4.61623 6.33138 6.5801 3.64482 1.77422 1.773 3.64371 6.57969 6.33062 2.02385 1.33565 1.0354 1.00158 1.00196 1.03596 1.34611 2.06151 1.10983 1.0031 0.99999 1.00001 1.00001 0.999982 1.00301 
7.12908 1.99685 1.07355 1.00219 1.00219 1.07355 1.99679 7.13123 16.5978 7.38052 2.13922 1.11904 1.11904 2.13922 7.3624 16.4953 23.0856 26.8576 27.6272 27.7511 27.7511 27.6272 27.158 23.3621 14.2041 14.9863 21.25 25.2398 25.2398 21.25 15.0982 14.3466 15.7798 16.5882 11.2984 6.18018 6.17856 11.2978 16.5877 15.7794 6.074 3.46627 1.54433 1.05487 1.05767 1.5722 3.46087 6.15914 2.75693 1.17077 1.00777 1.00009 1.00009 1.00752 1.17077 
8.51825 2.2359 1.09529 1.00288 1.00288 1.09529 2.23578 8.52006 19.5832 8.98337 2.43999 1.15802 1.15802 2.43999 9.01508 19.6349 25.7023 30.9868 31.9088 32.0114 32.0114 31.9088 30.999 25.7155 13.3782 13.2488 21.4251 27.7692 27.7692 21.4251 13.1628 13.315 17.3129 19.1507 10.9435 3.83751 3.83605 10.9437 19.1505 17.3149 5.08335 2.33974 1.20346 1.0152 1.0149 1.20196 2.32698 5.19536 1.86816 1.06923 1.00274 0.999967 0.999958 1.00254 1.06923 
6.59216 1.8821 1.06429 1.00186 1.00186 1.06429 1.88204 6.59331 15.6471 7.09563 2.05204 1.10719 1.10719 2.05204 7.11497 15.6638 20.0711 24.0646 24.8192 24.8793 24.8793 24.8192 24.0165 20.0479 9.40487 9.25831 16.734 21.409 21.409 16.734 9.19637 9.34349 13.8046 15.3329 8.46322 2.84179 2.84077 8.46173 15.3323 13.8063 3.89421 1.8069 1.10787 1.00717 1.0069 1.10539 1.80119 3.9825 1.52895 1.03704 1.00132 1.00001 1.00001 1.00117 1.03704 
3.14177 1.20866 1.00885 1.00007 1.00007 1.00885 1.20864 3.14198 8.38268 3.15416 1.21743 1.01155 1.01155 1.21743 3.16012 8.39996 10.9613 13.3693 13.5654 13.6894 13.6894 13.5654 13.445 10.9963 4.38208 5.58817 12.7718 16.0096 16.0096 12.7718 5.56351 4.36144 7.89283 8.40838 3.80629 1.36671 1.36656 3.80663 8.40895 7.89333 1.86372 1.13568 1.01006 1.00033 1.00031 1.00971 1.13563 1.90031 1.07032 1.00217 1.00003 0.999994 0.999996 1.00002 1.00217 
3.14198 1.20864 1.00876 1.00007 1.00007 1.00885 1.20864 3.14198 8.39996 3.16012 1.21743 1.01155 1.01129 1.21524 3.15416 8.38268 10.9963 13.445 13.6133 13.7177 13.6894 13.5654 13.445 10.9963 4.36144 5.56351 12.7863 16.0186 16.0096 12.7718 5.58817 4.38208 7.89333 8.40895 3.80663 1.36656 1.36671 3.80629 8.40838 7.89283 1.90031 1.13563 1.00971 1.00031 1.00033 1.01006 1.13568 1.86372 1.06635 1.00217 1.00002 0.999996 0.999994 1.00003 1.00238 
6.59331 1.88204 1.06369 1.00181 1.00186 1.06429 1.88204 6.59331 15.6638 7.11497 2.05204 1.10719 1.10536 2.04322 7.09563 15.6471 20.0479 24.0165 24.7858 24.8605 24.8793 24.8192 24.0165 20.0479 9.34349 9.19637 16.765 21.4352 21.409 16.734 9.25831 9.40487 13.8063 15.3323 8.46173 2.84077 2.84179 8.46322 15.3329 13.8046 3.9825 1.80119 1.10539 1.0069 1.00717 1.10787 1.8069 3.89421 1.50903 1.03704 1.00117 1.00001 1.00001 1.00132 1.03911 
8.52006 2.23578 1.09437 1.00281 1.00288 1.09529 2.23578 8.52006 19.6349 9.01508 2.43999 1.15802 1.15512 2.42639 8.98337 19.5832 25.7155 30.999 31.9029 32.0033 32.0114 31.9088 30.999 25.7155 13.315 13.1628 21.457 27.8115 27.7692 21.4251 13.2488 13.3782 17.3149 19.1505 10.9437 3.83605 3.83751 10.9435 19.1507 17.3129 5.19536 2.32698 1.20196 1.0149 1.0152 1.20346 2.33974 5.08335 1.84101 1.06923 1.00254 0.999958 0.999967 1.00274 1.07209 
7.13123 1.99679 1.07305 1.00215 1.00219 1.07355 1.99679 7.13123 16.4953 7.3624 2.13922 1.11904 1.11709 2.13127 7.38052 16.5978 23.3621 27.158 27.9239 28.0472 27.7511 27.6272 27.158 23.3621 14.3466 15.0982 21.4472 25.4187 25.2398 21.25 14.9863 14.2041 15.7794 16.5877 11.2978 6.17856 6.18018 11.2984 16.5882 15.7798 6.15914 3.46087 1.5722 1.05767 1.05487 1.54433 3.46627 6.074 2.69916 1.17077 1.00752 1.00009 1.00009 1.00777 1.17566 
8.55375 2.23158 1.09325 1.00291 1.00291 1.09325 2.23158 8.55375 20.2168 8.2033 2.2465 1.10575 1.10648 2.25028 8.25913 20.1286 31.3611 33.736 34.3036 34.3708 34.3707 34.3035 33.7347 31.3798 27.7373 28.4223 31.6172 33.303 33.303 31.6172 28.4223 27.7373 28.8655 29.9967 28.5473 27.1406 27.1406 28.5473 29.9967 28.8655 21.4554 19.1375 9.07888 2.6502 2.6502 9.07888 19.1375 21.4554 9.96999 2.39817 1.10672 1.00309 1.00309 1.10672 2.39817 
9.71723 2.43408 1.11192 1.0035 1.0035 1.11192 2.43408 9.71723 22.8115 9.45982 2.48376 1.13151 1.1326 2.48999 9.55545 22.7359 33.2102 34.5013 34.8374 34.8813 34.8803 34.8357 34.4933 33.2744 32.3855 32.5386 33.6704 34.4329 34.4329 33.6704 32.5386 32.3855 32.4379 33.7857 33.6288 33.4053 33.4053 33.6288 33.7857 32.4379 23.6527 22.0785 10.4114 2.94107 2.94107 10.4114 22.0785 23.6527 11.1854 2.61695 1.12492 1.00349 1.00349 1.12492 2.61695 
9.8702 2.45786 1.11367 1.0036 1.0036 1.11367 2.45786 9.8702 23.3305 9.70457 2.52164 1.13559 1.13674 2.52865 9.79286 23.2367 33.6716 34.72 34.9536 34.9845 34.9844 34.9534 34.7148 33.7298 34.136 34.2948 34.6448 34.8587 34.8587 34.6448 34.2948 34.136 33.1116 34.5604 34.8052 34.8114 34.8114 34.8052 34.5604 33.1116 24.3534 22.9757 10.7901 3.00533 3.00533 10.7901 22.9757 24.3534 11.4849 2.66474 1.12871 1.00364 1.00364 1.12871 2.66474 
9.80605 2.43406 1.10927 1.00331 1.00331 1.10927 2.43406 9.80605 23.3785 9.70316 2.5065 1.13206 1.13299 2.51143 9.76759 23.2901 33.7415 34.7628 34.9695 34.9955 34.9955 34.9695 34.7595 33.7921 34.5853 34.8048 34.9149 34.9695 34.9695 34.9149 34.8048 34.5853 33.2148 34.678 34.9476 34.9764 34.9764 34.9476 34.678 33.2148 24.5676 23.1694 10.7974 2.98722 2.98722 10.7974 23.1694 24.5676 11.5286 2.67341 1.12902 1.00356 1.00356 1.12902 2.67341 
9.78187 2.42636 1.10929 1.00331 1.00331 1.10927 2.43406 9.80605 23.2901 9.76759 2.51143 1.13299 1.13299 2.51143 9.76759 23.2901 33.7921 34.7595 34.9695 34.9955 34.9955 34.9695 34.7628 33.7415 34.5796 34.8048 34.9151 34.9696 34.9695 34.9149 34.8048 34.5853 33.2148 34.678 34.9476 34.9764 34.9754 34.9442 34.682 33.2186 24.5535 23.1576 10.7783 2.99206 2.98722 10.7974 23.1694 24.5676 11.5286 2.67341 1.12902 1.00356 1.0036 1.12932 2.67393 
9.83553 2.44797 1.11368 1.0036 1.0036 1.11367 2.45786 9.8702 23.2367 9.79286 2.52865 1.13674 1.13674 2.52865 9.79286 23.2367 33.7298 34.7148 34.9534 34.9844 34.9844 34.9534 34.72 33.6716 34.1286 34.2923 34.6464 34.8594 34.8587 34.6448 34.2948 34.136 33.1116 34.5604 34.8052 34.8114 34.8097 34.7986 34.5669 33.116 24.3312 22.9568 10.7641 3.01304 3.00533 10.7901 22.9757 24.3534 11.4849 2.66474 1.12871 1.00364 1.00369 1.12916 2.66592 
9.68285 2.42443 1.11194 1.0035 1.0035 1.11192 2.43408 9.71723 22.7359 9.55545 2.48999 1.1326 1.1326 2.48999 9.55545 22.7359 33.2744 34.4933 34.8357 34.8803 34.8803 34.8357 34.5013 33.2102 32.3723 32.5283 33.6724 34.4339 34.4329 33.6704 32.5386 32.3855 32.4379 33.7857 33.6288 33.4053 33.4174 33.6203 33.7783 32.4244 23.6282 22.0537 10.3913 2.9503 2.94107 10.4114 22.0785 23.6527 11.1854 2.61695 1.12492 1.00349 1.00354 1.12538 2.61824 
8.51427 2.22223 1.09325 1.00291 1.00291 1.09325 2.23158 8.55375 20.1286 8.25913 2.25028 1.10648 1.10648 2.25028 8.25913 20.1286 31.3798 33.7347 34.3035 34.3707 34.3707 34.3035 33.736 31.3611 27.8887 28.562 31.7028 33.3531 33.303 31.6172 28.4223 27.7373 28.8655 29.9967 28.5473 27.1406 26.7177 28.179 30.2036 29.0761 21.5403 19.2195 9.02159 2.6633 2.6502 9.07888 19.1375 21.4554 9.96999 2.39817 1.10672 1.00309 1.00315 1.10754 2.40427 
4.04282 1.32109 1.01591 1.00029 1.00031 1.01624 1.32447 4.05295 12.7177 3.82655 1.32018 1.01499 1.01472 1.31792 3.82655 12.7177 30.1575 33.8581 34.8143 34.9216 34.9216 34.8143 33.9284 30.4251 34.2522 34.6532 34.8841 34.9203 34.9205 34.8841 34.6532 34.2522 32.7499 34.0873 33.9372 33.7346 33.7299 33.9289 34.1073 32.7301 24.5952 21.7335 10.2594 3.0357 3.16217 10.5311 21.6687 24.5428 12.2433 2.91842 1.19358 1.00879 1.00912 1.19693 2.93835 
2.5529 1.12106 1.00433 0.999975 0.999984 1.00449 1.12333 2.56568 9.31092 2.41384 1.11384 1.00386 1.00366 1.11225 2.41384 9.31092 29.0211 33.6788 34.8305 34.9627 34.9627 34.8305 33.7515 29.3254 34.5767 34.8565 34.9485 34.965 34.965 34.9485 34.8565 34.5767 33.4394 34.6661 34.8117 34.7942 34.7907 34.8087 34.6591 33.3927 25.5979 22.4708 10.524 3.10116 3.24465 10.8275 22.3699 25.5222 12.6953 2.99689 1.20288 1.00918 1.00955 1.20668 3.01961 
2.37227 1.10249 1.00354 1.00003 1.00004 1.00368 1.1046 2.3849 8.7893 2.24863 1.096 1.00321 1.00302 1.09443 2.24863 8.7893 28.8318 33.6525 34.8441 34.9826 34.9826 34.8441 33.7288 29.1481 34.6875 34.9317 34.9847 34.9936 34.9936 34.9847 34.9317 34.6875 33.5461 34.7635 34.9584 34.9767 34.9761 34.9577 34.7576 33.5005 25.786 22.6094 10.5537 3.10256 3.24395 10.8501 22.5104 25.7135 12.7665 3.00432 1.20317 1.00922 1.00958 1.20694 3.02685 
2.3582 1.09933 1.00331 1.00001 1.00002 1.00343 1.10103 2.36763 8.84173 2.26319 1.09549 1.00318 1.00303 1.09433 2.26319 8.84173 28.8793 33.6864 34.8503 34.9855 34.9855 34.8503 33.7439 29.1805 34.7201 34.952 34.9926 34.9982 34.9982 34.9926 34.952 34.7201 33.5889 34.7789 34.9751 34.9957 34.9956 34.975 34.7756 33.5579 25.9495 22.8184 10.5947 3.06622 3.16737 10.7766 22.7513 25.8995 12.7428 2.97312 1.1922 1.00816 1.00843 1.19513 2.99035 
2.36763 1.10103 1.00343 1.00002 1.00002 1.00343 1.10103 2.36763 8.81151 2.25674 1.09433 1.00303 1.00303 1.09433 2.26319 8.84173 29.1805 33.7439 34.8638 34.9858 34.9855 34.8503 33.6864 28.8793 34.7208 34.9519 34.9926 34.9982 34.9982 34.9926 34.952 34.7201 33.5579 34.7756 34.975 34.9956 34.9956 34.975 34.7756 33.5579 25.8995 22.7513 10.7766 3.16737 3.06622 10.5947 22.8184 25.9495 12.7428 2.97312 1.1922 1.00816 1.00816 1.1922 2.97312 
2.3849 1.1046 1.00368 1.00004 1.00004 1.00368 1.1046 2.3849 8.75127 2.23991 1.09443 1.00302 1.00302 1.09443 2.24863 8.7893 29.1481 33.7288 34.8621 34.9831 34.9826 34.8441 33.6525 28.8318 34.6888 34.9316 34.9847 34.9936 34.9936 34.9847 34.9317 34.6875 33.5005 34.7576 34.9577 34.9761 34.9761 34.9577 34.7576 33.5005 25.7135 22.5104 10.8501 3.24395 3.10256 10.5537 22.6094 25.786 12.7665 3.00432 1.20317 1.00922 1.00922 1.20317 3.00432 
2.56568 1.12333 1.00449 0.999984 0.999984 1.00449 1.12333 2.56568 9.27209 2.40481 1.11225 1.00366 1.00366 1.11225 2.41384 9.31092 29.3254 33.7515 34.8476 34.9623 34.9627 34.8305 33.6788 29.0211 34.5776 34.8563 34.9485 34.965 34.965 34.9485 34.8565 34.5767 33.3927 34.6591 34.8087 34.7907 34.7907 34.8087 34.6591 33.3927 25.5222 22.3699 10.8275 3.24465 3.10116 10.524 22.4708 25.5979 12.6953 2.99689 1.20288 1.00918 1.00918 1.20288 2.99689 
4.05295 1.32447 1.01624 1.00031 1.00031 1.01624 1.32447 4.05295 12.6687 3.81185 1.31792 1.01472 1.01472 1.31792 3.82655 12.7177 30.4251 33.9284 34.8396 34.9336 34.9216 34.8143 33.8581 30.1575 34.2527 34.6528 34.8841 34.9205 34.9203 34.8841 34.6532 34.2522 32.7301 34.1073 33.9289 33.7299 33.7299 33.9289 34.1073 32.7301 24.5428 21.6687 10.5311 3.16217 3.0357 10.2594 21.7335 24.5952 12.2433 2.91842 1.19358 1.00879 1.00879 1.19358 2.91842 
7.42269 1.99823 1.07307 1.00214 1.00214 1.07307 1.99823 7.42653 19.0364 7.16287 2.00211 1.08393 1.08393 2.00211 7.16287 19.0364 32.7204 34.2582 34.8114 34.8901 34.8901 34.8114 34.211 32.6413 33.7557 34.5012 34.6035 34.4997 34.4815 34.5915 34.4862 33.7335 31.1163 33.6699 33.503 33.3516 33.2666 33.4201 33.6418 31.0995 19.1002 16.2148 8.74886 3.14105 3.13999 8.7539 16.2411 19.3347 9.83002 2.67819 1.2037 1.01245 1.01245 1.2037 2.67819 
9.04967 2.30434 1.10012 1.00298 1.00298 1.10012 2.30434 9.06322 22.2804 8.92508 2.33398 1.12076 1.12076 2.33398 8.92508 22.2804 33.8911 34.6891 34.9337 34.969 34.969 34.9337 34.6837 33.8583 34.5065 34.8156 34.8667 34.8568 34.8573 34.8668 34.815 34.51 32.9828 34.5856 34.7431 34.7257 34.7315 34.7424 34.5877 33.0417 23.2977 20.1566 11.025 3.89917 3.90258 11.0422 20.1867 23.5375 12.1745 3.2014 1.27925 1.01832 1.01832 1.27925 3.2014 
9.28305 2.34263 1.10323 1.00313 1.00313 1.10323 2.34263 9.29726 22.8047 9.17958 2.37298 1.1246 1.1246 2.37298 9.17958 22.8047 34.0642 34.7772 34.9685 34.9934 34.9934 34.9685 34.7687 34.0291 34.7174 34.9276 34.9666 34.9713 34.9713 34.9664 34.9266 34.718 33.4029 34.7832 34.9561 34.9735 34.9727 34.9534 34.7831 33.4599 24.3346 21.1079 11.4636 4.0031 4.00381 11.4649 21.1106 24.5434 12.7444 3.30972 1.2918 1.01911 1.01911 1.2918 3.30972 
9.3003 2.33957 1.10201 1.00302 1.00302 1.10201 2.33957 9.31025 22.8821 9.19893 2.37522 1.12217 1.12217 2.37522 9.19893 22.8821 34.0809 34.7914 34.9742 34.9968 34.9968 34.9742 34.7847 34.0441 34.7606 34.9533 34.9893 34.9945 34.9945 34.9891 34.9526 34.7617 33.4983 34.8035 34.975 34.9954 34.9951 34.9733 34.8031 33.5396 24.6804 21.6093 11.3235 3.78698 3.7869 11.3241 21.6114 24.8763 12.8462 3.22789 1.26725 1.01593 1.01593 1.26725 3.22789 
9.31025 2.33571 1.10112 1.00295 1.00302 1.10201 2.33957 9.3003 22.9043 9.18809 2.37006 1.12122 1.12217 2.37522 9.19893 22.8821 34.0441 34.7847 34.9742 34.9968 34.9963 34.9714 34.7847 34.0441 34.7617 34.9526 34.9891 34.9945 34.9945 34.9891 34.9526 34.7617 33.5396 34.8031 34.9733 34.9951 34.9953 34.9741 34.8007 33.4983 24.7126 21.5095 11.3931 3.83751 3.83765 11.3932 21.5093 24.6804 12.8462 3.22789 1.26725 1.01593 1.01653 1.27247 3.25452 
9.29726 2.33799 1.10215 1.00305 1.00313 1.10323 2.34263 9.28305 22.8354 9.16232 2.36599 1.12338 1.1246 2.37298 9.17958 22.8047 34.0291 34.7687 34.9685 34.9934 34.9927 34.9646 34.7687 34.0291 34.718 34.9266 34.9664 34.9713 34.9713 34.9664 34.9266 34.718 33.4599 34.7831 34.9534 34.9727 34.9729 34.9545 34.7809 33.4029 24.354 20.9691 11.5555 4.07389 4.07378 11.5552 20.9709 24.3346 12.7444 3.30972 1.2918 1.01911 1.01994 1.29882 3.34574 
9.06322 2.29979 1.09907 1.0029 1.00298 1.10012 2.30434 9.04967 22.3114 8.90854 2.32723 1.11959 1.12076 2.33398 8.92508 22.2804 33.8583 34.6837 34.9337 34.969 34.9681 34.9296 34.6837 33.8583 34.51 34.815 34.8668 34.8573 34.8573 34.8668 34.815 34.51 33.0417 34.5877 34.7424 34.7315 34.7272 34.7403 34.5835 32.9828 23.3406 20.0437 11.1238 3.96975 3.96973 11.1239 20.0449 23.2977 12.1745 3.2014 1.27925 1.01832 1.01913 1.28611 3.23665 
7.42653 1.99449 1.07229 1.00208 1.00214 1.07307 1.99823 7.42269 19.0545 7.15289 1.9978 1.08321 1.08393 2.00211 7.16287 19.0364 32.6413 34.211 34.8114 34.8901 34.8769 34.7886 34.211 32.6413 33.7335 34.4862 34.5915 34.4815 34.4815 34.5915 34.4862 33.7335 31.0995 33.6418 33.4201 33.2666 33.2907 33.4358 33.6114 31.1163 19.082 16.0644 8.78708 3.18359 3.18349 8.78745 16.0654 19.1002 9.83002 2.67819 1.2037 1.01245 1.01298 1.20804 2.69773 
3.56201 1.26663 1.01169 1.00014 1.00015 1.01182 1.26759 3.56065 10.8522 3.33314 1.27622 1.01411 1.01453 1.28061 3.39817 11.2555 29.0248 32.855 34.1552 34.2554 34.2554 34.1552 32.855 29.0248 28.8764 29.5393 29.4426 29.4497 29.4497 29.4426 29.3512 28.7381 23.9684 29.1963 27.5732 26.5794 26.3311 27.3457 29.0989 23.8699 7.9695 5.39871 2.26119 1.14931 1.15695 2.31358 5.34115 7.89199 3.11931 1.22226 1.01307 1.00038 1.00042 1.01377 1.22951 
2.80872 1.16851 1.00633 0.999955 0.999961 1.00649 1.17076 2.8242 9.31756 2.61298 1.16179 1.00729 1.00759 1.16457 2.65124 9.60179 29.446 33.4874 34.7016 34.8542 34.8542 34.7016 33.4874 29.446 30.8412 32.5737 32.7741 32.9886 32.9886 32.7741 32.5848 30.882 24.1566 31.644 32.84 32.8874 32.9315 32.8722 31.6056 24.1478 4.7464 2.14701 1.16698 1.02202 1.02457 1.16688 2.16513 4.75192 1.72802 1.04969 1.00154 0.999939 0.999941 1.00159 1.05048 
2.71951 1.15918 1.00595 1.00001 1.00001 1.0061 1.16137 2.73502 9.04748 2.51954 1.15031 1.00676 1.00704 1.15276 2.55446 9.32329 29.4762 33.5998 34.8023 34.965 34.965 34.8023 33.5998 29.4762 31.7403 34.022 34.3467 34.4683 34.4683 34.3467 34.0326 31.7849 24.1489 32.3477 34.3566 34.6371 34.6404 34.3365 32.3018 24.1511 3.92303 1.40939 1.01812 1.01097 1.01378 1.01909 1.42057 3.92208 1.40202 1.02363 1.00056 1 1.00001 1.0006 1.02429 
2.70624 1.1548 1.00565 1 1.00001 1.00576 1.15646 2.71737 9.12345 2.53039 1.14488 1.00621 1.00643 1.1467 2.55525 9.38314 29.4781 33.602 34.8163 34.9769 34.9769 34.8163 33.602 29.4781 32.048 34.4643 34.8138 34.8823 34.8823 34.8138 34.4713 32.0817 24.2336 32.5682 34.6341 34.9104 34.908 34.6122 32.5319 24.2364 3.82587 1.32261 1.00766 1.00594 1.00819 1.00879 1.33104 3.82507 1.35042 1.01913 1.00043 0.999997 0.999997 1.00046 1.0196 
2.71737 1.15646 1.00576 1.00001 1.00001 1.00576 1.15646 2.71737 9.12345 2.53039 1.14488 1.00621 1.00621 1.14488 2.53039 9.12345 29.458 33.5836 34.8128 34.9756 34.9769 34.8163 33.602 29.4781 32.0817 34.4713 34.8148 34.8825 34.8823 34.8138 34.4643 32.048 24.2364 32.5319 34.5987 34.9043 34.9043 34.5987 32.5319 24.2364 3.82507 1.33104 1.00697 1.00594 1.00594 1.00694 1.33099 3.95544 1.35042 1.01913 1.00043 0.999997 0.999997 1.00043 1.01913 
2.73502 1.16137 1.0061 1.00001 1.00001 1.0061 1.16137 2.73502 9.04748 2.51954 1.15031 1.00676 1.00676 1.15031 2.51954 9.04748 29.4574 33.5615 34.7957 34.963 34.965 34.8023 33.5998 29.4762 31.7849 34.0326 34.3483 34.4685 34.4683 34.3467 34.022 31.7403 24.1511 32.3018 34.3107 34.6294 34.6294 34.3107 32.3018 24.1511 3.92208 1.42057 1.01726 1.01099 1.01097 1.01679 1.41725 4.05783 1.40202 1.02363 1.00056 1 1 1.00056 1.02363 
2.8242 1.17076 1.00649 0.999961 0.999961 1.00649 1.17076 2.8242 9.31756 2.61298 1.16179 1.00729 1.00729 1.16179 2.61298 9.31756 29.4521 33.4275 34.6901 34.8497 34.8542 34.7016 33.4874 29.446 30.882 32.5848 32.7792 32.9907 32.9886 32.7741 32.5737 30.8412 24.1478 31.6056 32.836 32.9181 32.9181 32.836 31.6056 24.1478 4.75192 2.16513 1.16596 1.02238 1.02202 1.1609 2.14445 4.86807 1.72802 1.04969 1.00154 0.999939 0.999939 1.00154 1.04969 
3.56065 1.26759 1.01182 1.00015 1.00015 1.01182 1.26759 3.56065 10.8522 3.33314 1.27622 1.01411 1.01411 1.27622 3.33314 10.8522 29.4205 32.9916 34.1989 34.3104 34.2554 34.1552 32.855 29.0248 28.7381 29.3512 29.2497 29.2672 29.4497 29.4426 29.5393 28.8764 23.8699 29.0989 27.2164 26.1817 26.1817 27.2164 29.0989 23.8699 7.89199 5.34115 2.2176 1.14928 1.14931 2.2181 5.33844 8.01268 3.11931 1.22226 1.01307 1.00038 1.00038 1.01307 1.22226 
2.1826 1.09895 1.0041 1.00012 1.0001 1.00385 1.09625 2.1655 6.77725 2.09292 1.09159 1.00336 1.00336 1.09159 2.08219 6.80969 21.5388 27.4386 28.6193 28.7334 29.0822 28.9832 27.4409 21.6111 13.8801 9.67758 9.0315 8.77826 8.59208 8.82495 9.46658 13.7128 18.8684 21.5435 13.8003 8.4307 8.4307 13.8003 21.5435 18.8684 5.16972 2.16663 1.26101 1.02815 1.02849 1.26589 2.18617 5.26164 1.58949 1.04364 1.00218 1.00012 1.00012 1.00218 1.04364 
2.24232 1.10693 1.00457 1.00004 1.00002 1.00426 1.10414 2.22904 7.02781 2.15658 1.102 1.00384 1.00384 1.102 2.1312 6.9735 23.8902 31.7628 33.2422 33.3646 33.3352 33.2295 31.7446 23.9459 11.0921 4.42404 3.32446 3.02727 3.03311 3.3318 4.42783 11.1 20.5453 22.6912 11.7272 4.24224 4.24224 11.7272 22.6912 20.5453 5.25749 1.86698 1.22816 1.02954 1.02955 1.22833 1.86627 5.33905 1.58599 1.04925 1.00251 1.00004 1.00004 1.00251 1.04925 
2.25329 1.10744 1.00462 1.00009 1.00007 1.00432 1.10465 2.24003 7.11016 2.17154 1.10311 1.00394 1.00394 1.10311 2.14618 7.05436 24.3391 32.692 34.234 34.3282 34.3256 34.2516 32.6884 24.3988 10.1486 2.75356 1.46989 1.31077 1.31078 1.46987 2.7521 10.1568 20.9185 22.9098 11.1889 3.28569 3.28569 11.1889 22.9098 20.9185 5.31042 1.85802 1.22749 1.02962 1.02962 1.2275 1.85637 5.39456 1.59225 1.04979 1.00256 1.00009 1.00009 1.00256 1.04979 
2.19303 1.09566 1.0038 1.00006 1.00005 1.00358 1.09372 2.18459 7.16415 2.14364 1.09315 1.00321 1.00321 1.09315 2.12704 7.12396 24.3851 32.7451 34.2577 34.3342 34.3356 34.2735 32.7458 24.442 10.0282 2.68976 1.41144 1.29829 1.2983 1.41134 2.68814 10.0348 20.8149 22.8072 11.1715 3.41542 3.41542 11.1715 22.8072 20.8149 5.27877 1.81879 1.22418 1.02832 1.02832 1.22418 1.81741 5.36159 1.57769 1.04685 1.00235 1.00008 1.00008 1.00235 1.04685 
2.18459 1.09372 1.00358 1.00005 1.00006 1.0038 1.09372 2.18459 7.16415 2.14364 1.09315 1.00321 1.00351 1.09596 2.14364 7.16415 24.442 32.7458 34.2735 34.3356 34.3356 34.2735 32.7458 24.442 10.0348 2.68814 1.41134 1.2983 1.2983 1.41134 2.68814 10.0348 20.864 22.7845 11.1887 3.4211 3.41542 11.1715 22.8072 20.8149 5.36159 1.81741 1.22418 1.02832 1.02832 1.22418 1.81879 5.27877 1.57769 1.04685 1.00235 1.00008 1.00007 1.00229 1.04678 
2.24003 1.10465 1.00432 1.00007 1.00009 1.00462 1.10465 2.24003 7.11016 2.17154 1.10311 1.00394 1.00438 1.10728 2.17154 7.11016 24.3988 32.6884 34.2516 34.3256 34.3256 34.2516 32.6884 24.3988 10.1568 2.7521 1.46987 1.31078 1.31078 1.46987 2.7521 10.1568 20.9712 22.879 11.209 3.29051 3.28569 11.1889 22.9098 20.9185 5.39456 1.85637 1.2275 1.02962 1.02962 1.22749 1.85802 5.31042 1.59225 1.04979 1.00256 1.00009 1.00009 1.00248 1.04978 
2.22904 1.10414 1.00426 1.00002 1.00004 1.00457 1.10414 2.22904 7.02781 2.15658 1.102 1.00384 1.00428 1.10617 2.15658 7.02781 23.9459 31.7446 33.2295 33.3352 33.3352 33.2295 31.7446 23.9459 11.1 4.42783 3.3318 3.03311 3.03311 3.3318 4.42783 11.1 20.6152 22.6691 11.7304 4.2309 4.24224 11.7272 22.6912 20.5453 5.33905 1.86627 1.22833 1.02955 1.02954 1.22816 1.86698 5.25749 1.58599 1.04925 1.00251 1.00004 1.00004 1.00243 1.04924 
2.1655 1.09625 1.00385 1.0001 1.00012 1.0041 1.09625 2.1655 6.77725 2.09292 1.09159 1.00336 1.00368 1.09401 2.09292 6.77725 21.6111 27.4409 28.9832 29.0822 29.0822 28.9832 27.4409 21.6111 13.7128 9.46658 8.82495 8.59208 8.59208 8.82495 9.46658 13.7128 18.7758 21.2965 13.5325 8.16794 8.4307 13.8003 21.5435 18.8684 5.26164 2.18617 1.26589 1.02849 1.02815 1.26101 2.16663 5.16972 1.58949 1.04364 1.00218 1.00012 1.00012 1.00213 1.04372 
1.03968 1.00167 1.00003 0.999996 0.999995 1.00004 1.00162 1.0387 1.50837 1.03314 1.00102 0.999995 1.00001 1.00145 1.03924 1.60322 7.98806 10.5638 10.8155 10.7564 10.7564 10.8155 10.5638 7.98806 3.22844 1.7543 1.53768 1.52337 1.50506 1.51894 1.7295 3.18512 7.36032 8.08485 4.28302 2.29944 2.38165 4.42694 8.20936 7.45849 1.58794 1.08293 1.01739 1.00123 1.00117 1.01675 1.08427 1.57827 1.03721 1.00151 1.00006 0.999999 1 1.00006 1.00154 
1.00208 0.999999 0.999938 0.999952 0.999952 0.999938 1 1.00214 1.03736 1.00135 0.999925 0.999942 0.99994 0.99993 1.00141 1.0431 2.11221 2.60094 2.67595 2.67195 2.67195 2.67595 2.60094 2.11221 1.249 1.07277 1.05015 1.05018 1.04938 1.04919 1.07145 1.24594 2.22655 2.30167 1.36598 1.08174 1.08487 1.37001 2.26844 2.19445 1.0422 1.00355 1.00058 0.999948 0.999948 1.00059 1.00355 1.04215 1.002 1.00001 0.99994 0.99995 0.99995 0.99994 1.00001 
1.00009 0.999986 1 1 1 1 0.999986 1.00009 1.00128 0.999946 0.999994 1 1 0.999993 0.999942 1.0015 1.07741 1.12152 1.1265 1.12648 1.12648 1.1265 1.12152 1.07741 1.01381 1.0062 1.00652 1.00488 1.00488 1.00652 1.00619 1.01373 1.12975 1.12864 1.01691 1.00025 1.00042 1.01686 1.12511 1.12602 1.00164 0.999975 0.999934 0.999993 0.999993 0.999935 0.999979 1.00164 1.00005 0.999981 0.999999 1 1 0.999999 0.999981 
1.00003 0.999996 1 1 1 1 0.999996 1.00003 0.999988 0.999941 1 1 1 1 0.999941 0.99999 1.00207 1.0036 1.00342 1.00364 1.00364 1.00342 1.0036 1.00207 1.00035 1.00027 1.00036 1.00028 1.00028 1.00036 1.00027 1.00035 1.007 1.00624 1.00031 0.999898 0.99991 1.0003 1.00594 1.00663 1.00001 0.99993 0.999996 1 1 0.999996 0.999928 1.00001 1.00005 0.999995 1 1 1 1 0.999995 
1.00003 0.999996 1 1 1 1 0.999996 1.00003 0.999988 0.999941 1 1 1 1 0.999941 0.999988 1.0021 1.00367 1.0035 1.00375 1.00364 1.00342 1.00367 1.0021 1.00035 1.00027 1.00036 1.00028 1.00028 1.00036 1.00027 1.00035 1.007 1.00624 1.00031 0.999898 0.999898 1.00031 1.00624 1.007 1.00001 0.999928 0.999996 1 1 0.999996 0.999928 1.00001 1.00005 0.999995 1 1 1 1 0.999995 
1.00009 0.999986 1 1 1 1 0.999986 1.00009 1.00128 0.999946 0.999994 1 1 0.999994 0.999946 1.00128 1.07778 1.12249 1.12752 1.12788 1.12648 1.1265 1.12249 1.07778 1.01373 1.00619 1.00652 1.00488 1.00488 1.00652 1.00619 1.01373 1.12975 1.12864 1.01691 1.00025 1.00025 1.01691 1.12864 1.12975 1.00164 0.999979 0.999935 0.999993 0.999993 0.999935 0.999979 1.00164 1.00005 0.999981 0.999999 1 1 0.999999 0.999981 
1.00214 1 0.999938 0.999952 0.999952 0.999938 0.999999 1.00208 1.03736 1.00135 0.999925 0.999942 0.999942 0.999925 1.00135 1.03736 2.11334 2.60557 2.67466 2.67244 2.67195 2.67595 2.60557 2.11334 1.24594 1.07145 1.04919 1.04938 1.04938 1.04919 1.07145 1.24594 2.22655 2.30167 1.36598 1.08174 1.08174 1.36598 2.30167 2.22655 1.04215 1.00355 1.00059 0.999948 0.999948 1.00059 1.00355 1.04215 1.002 1.00001 0.99994 0.99995 0.99995 0.99994 1.00001 
1.0387 1.00162 1.00004 0.999995 0.999995 1.00004 1.00167 1.03968 1.50837 1.03314 1.00102 0.999995 0.999995 1.00102 1.03314 1.50837 7.90586 10.4677 10.6648 10.611 10.7564 10.8155 10.4677 7.90586 3.18512 1.7295 1.51894 1.50506 1.50506 1.51894 1.7295 3.18512 7.36032 8.08485 4.28302 2.29944 2.29944 4.28302 8.08485 7.36032 1.57827 1.08427 1.01675 1.00117 1.00117 1.01675 1.08427 1.57827 1.03721 1.00151 1.00006 0.999999 0.999999 1.00006 1.00151 
1.00101 1.00006 1.00004 1.00005 1.00005 1.00004 1.00006 1.00101 1.02553 1.00103 1.00001 1.00005 1.00005 1.00001 1.00103 1.02553 2.12664 2.60833 2.78784 2.70745 2.70745 2.78784 2.60833 2.12664 1.20614 1.01737 1.01108 1.00398 1.00398 1.01108 1.01737 1.20614 2.18989 2.2827 1.29871 1.09503 1.09503 1.29871 2.2827 2.18989 1.05643 1.00362 1.0008 1.00007 1.00007 1.0008 1.00362 1.05643 1.00246 1.00009 1.00003 1.00005 1.00005 1.00003 1.00009 
1.00002 0.999987 0.999997 0.999996 0.999996 0.999997 0.999987 1.00002 1.00071 0.999948 0.999994 0.999996 0.999996 0.999994 0.999948 1.00071 1.11105 1.16302 1.18834 1.16881 1.16881 1.18834 1.16302 1.11105 1.00999 0.997952 0.997796 0.9979 0.9979 0.997796 0.997952 1.00999 1.09054 1.0956 1.01209 1.00349 1.00349 1.01209 1.0956 1.09054 1.00236 1.00004 0.999936 0.999988 0.999988 0.999936 1.00004 1.00236 1.00011 0.999985 0.999995 0.999996 0.999996 0.999995 0.999985 
1.00004 0.999996 1 1 1 1 0.999996 1.00004 0.99998 0.999944 1 1 1 1 0.999944 0.99998 1.00598 1.00883 1.0111 1.00903 1.00903 1.0111 1.00883 1.00598 1.00032 0.999765 0.999818 0.999843 0.999843 0.999818 0.999765 1.00032 1.00247 1.00253 1.00016 1.00008 1.00008 1.00016 1.00253 1.00247 1.00007 0.999934 0.999994 1 1 0.999994 0.999934 1.00007 1.00003 0.999993 1 1 1 1 0.999993 
1.00005 0.999996 1 1 1 1 0.999996 1.00005 1.00001 0.999952 1 1 1 1 0.999952 1.00001 1.00019 1.00016 1.00029 1.00021 1.00021 1.00029 1.00016 1.00019 1.00004 0.999983 1.00004 1.00003 1.00003 1.00004 0.999983 1.00004 1.00007 0.999925 0.999966 0.999984 0.999984 0.999966 0.999925 1.00007 0.999994 0.999951 1 1 1 1 0.999951 0.999994 1.00005 0.999996 1 1 1 1 0.999996 
0 0 0 0 1 1 0.999996 1.00005 1.00001 0.999952 1 1 1 1 0.999951 1.00001 1.00019 1.00016 1.00029 1.00021 1.0002 1.00027 1.00015 1.00018 1.00004 0.999982 1.00004 1.00003 1.00003 1.00004 0.999983 1.00004 1.00007 0.999925 0.999966 0.999984 0.999982 0.999966 0.99992 1.00006 0.999995 0.999951 1 1 1 1 0.999951 0.999994 1.00005 0.999996 1 1 0 0 0 
0 0 0 0 1 1 0.999996 1.00004 0.99998 0.999944 1 1 1 1 0.999943 0.999986 1.00598 1.00883 1.0111 1.00903 1.00873 1.01072 1.00853 1.00579 1.0003 0.99977 0.999824 0.999849 0.999843 0.999818 0.999765 1.00032 1.00247 1.00253 1.00016 1.00008 1.00009 1.00016 1.00242 1.0023 1.00006 0.999934 0.999994 1 1 0.999994 0.999934 1.00007 1.00003 0.999993 1 1 0 0 0 
0 0 0 0 0.999996 0.999997 0.999987 1.00002 1.00071 0.999948 0.999994 0.999996 0.999996 0.999994 0.999948 1.00079 1.11105 1.16302 1.18834 1.16881 1.16547 1.1843 1.15967 1.10878 1.00963 0.997943 0.997786 0.997893 0.9979 0.997796 0.997952 1.00999 1.09054 1.0956 1.01209 1.00349 1.00365 1.01207 1.09371 1.08823 1.00237 1.00004 0.999936 0.999988 0.999988 0.999936 1.00004 1.00236 1.00011 0.999985 0.999995 0.999996 0 0 0 
