0 0 0 0 1.00004 1.00001 1.00103 1.03458 1.38953 1.05479 1.00345 1.00011 1.00012 1.00347 1.05527 1.39273 1.71074 1.88336 2.08695 2.10833 2.10968 2.08826 1.87616 1.70584 1.47349 2.12025 4.91382 5.74725 5.675 4.8454 2.09721 1.46748 1.66936 1.71201 1.16592 1.02661 1.02614 1.16195 1.70064 1.65863 1.06632 1.02127 1.00181 1.00005 1.00006 1.00197 1.02193 1.06675 1.00731 1.00029 1.00002 1.00005 0 0 0 
0 0 0 0 0.999997 0.999985 0.999987 1.00133 1.0203 1.00168 1 0.999969 0.999969 0.999999 1.00167 1.02033 1.03998 1.05124 1.07125 1.07227 1.07224 1.07121 1.05131 1.03994 1.03111 1.13274 1.77695 1.90289 1.88164 1.75615 1.12864 1.03032 1.0475 1.04938 1.00669 1.00059 1.00061 1.00679 1.04968 1.04779 1.00197 1.00063 1.00005 0.999987 0.999987 1.00005 1.00066 1.002 1.00027 0.999977 0.999992 0.999996 0 0 0 
0 0 0 0 1 1 0.999991 1.00004 1.00034 0.999936 0.999982 0.999999 0.999999 0.999982 0.999935 1.00034 1.00078 1.00093 1.00158 1.00159 1.00159 1.00158 1.00094 1.00078 1.00118 1.00921 1.09305 1.10347 1.10017 1.08986 1.00884 1.00114 1.00114 1.00093 1.00011 0.999985 0.999987 1.00012 1.00096 1.00117 1.00001 0.999942 0.999991 1 0.999999 0.999991 0.999943 1.00001 1.00002 0.999992 1 1 0 0 0 
0 0 0 0 1 1 0.999996 1.00004 0.999972 0.999941 1 1 1 1 0.999941 0.999972 1.00001 0.999912 0.99998 0.999977 0.999977 0.999981 0.999912 1.00001 1.00002 1.00023 1.005 1.00545 1.00524 1.00475 1.00021 1.00002 1.00004 0.999943 0.999978 0.999994 0.999994 0.999978 0.999945 1.00004 1.00001 0.999945 1 1 1 1 0.999944 1.00001 1.00005 0.999996 1 1 0 0 0 
1.00004 0.999996 1 1 1 1 0.999996 1.00004 0.999972 0.999941 1 1 1 1 0.999941 0.999972 1.00001 0.999912 0.999981 0.999977 0.999977 0.999981 0.999912 1.00001 1.00002 1.00023 1.005 1.00545 1.00545 1.005 1.00023 1.00002 1.00004 0.999945 0.999978 0.999994 0.999994 0.999978 0.999945 1.00004 1.00001 0.999944 1 1 1 1 0.999945 1.00001 1.00005 0.999996 1 1 1 1 0.999996 
1.00004 0.999991 1 1 1 1 0.999991 1.00004 1.00034 0.999936 0.999982 0.999999 0.999999 0.999982 0.999936 1.00034 1.00078 1.00094 1.00158 1.00159 1.00159 1.00158 1.00094 1.00078 1.00118 1.00921 1.09305 1.10347 1.10347 1.09305 1.00921 1.00118 1.00117 1.00096 1.00012 0.999987 0.999987 1.00012 1.00096 1.00117 1.00001 0.999943 0.999991 0.999999 1 0.999991 0.999942 1.00001 1.00002 0.999992 1 1 1 1 0.999992 
1.00133 0.999987 0.999985 0.999997 0.999997 0.999985 0.999987 1.00133 1.0203 1.00168 0.999999 0.999969 0.999969 1 1.00168 1.0203 1.03994 1.05131 1.07121 1.07224 1.07224 1.07121 1.05131 1.03994 1.03111 1.13274 1.77695 1.90289 1.90289 1.77695 1.13274 1.03111 1.04779 1.04968 1.00679 1.00061 1.00061 1.00679 1.04968 1.04779 1.002 1.00066 1.00005 0.999987 0.999987 1.00005 1.00063 1.00197 1.00027 0.999977 0.999992 0.999996 0.999996 0.999992 0.999977 
1.03458 1.00103 1.00001 1.00004 1.00004 1.00001 1.00103 1.03458 1.38953 1.05479 1.00347 1.00012 1.00011 1.00345 1.05479 1.38953 1.70584 1.87616 2.08826 2.10968 2.10968 2.08826 1.87616 1.70584 1.47349 2.12025 4.91382 5.74725 5.74725 4.91382 2.12025 1.47349 1.65863 1.70064 1.16195 1.02614 1.02614 1.16195 1.70064 1.65863 1.06675 1.02193 1.00197 1.00006 1.00005 1.00181 1.02127 1.06632 1.00731 1.00029 1.00002 1.00005 1.00005 1.00002 1.00029 
1.68011 1.05594 1.00213 1.00001 1.00001 1.00223 1.05796 1.69907 4.22794 1.81741 1.07366 1.00363 1.00362 1.07343 1.77921 4.12084 6.43623 7.57406 8.36669 8.47714 8.47714 8.36669 7.57406 6.43623 4.74534 6.05369 10.7135 13.3809 13.5073 10.7789 6.02574 4.71941 6.31466 6.56634 3.69499 1.8127 1.8127 3.69499 6.56634 6.31466 1.96139 1.31267 1.03855 1.00182 1.002 1.03641 1.35066 2.06303 1.11872 1.00343 0.999987 1.00001 1.00001 0.999996 1.00343 
1.0819 1.00484 1.00009 0.999926 0.999926 1.00008 1.0048 1.08181 1.442 1.06507 1.0032 0.999969 0.999968 1.00319 1.06413 1.43969 1.78835 1.97531 2.1782 2.19764 2.19764 2.1782 1.97531 1.78835 1.50856 2.0095 3.8613 4.47887 4.58569 3.96586 2.02893 1.51299 1.8421 1.89061 1.29264 1.04651 1.04651 1.29264 1.89061 1.8421 1.07453 1.01398 1.00058 0.999937 0.999947 1.00055 1.01591 1.08087 1.00513 0.999987 0.999933 0.99995 0.99995 0.999933 0.999987 
1.00424 1.00014 0.99997 0.999999 0.999999 0.99997 1.00014 1.00424 1.02566 1.0022 0.999972 0.999977 0.999977 0.99997 1.00214 1.02535 1.04823 1.06056 1.08127 1.08254 1.08254 1.08127 1.06056 1.04823 1.03379 1.12889 1.56886 1.64252 1.67641 1.60648 1.13343 1.03444 1.07088 1.07785 1.01543 1.00112 1.00112 1.01543 1.07785 1.07088 1.0024 1.00001 0.999993 0.999999 0.999997 0.999993 1.00007 1.00269 1.00013 0.999983 0.999999 1 1 0.999999 0.999983 
1.00015 0.999963 0.999997 1 1 0.999997 0.999963 1.00015 1.00058 0.999946 0.999984 1 1 0.999984 0.999943 1.00056 1.00118 1.00138 1.0021 1.00215 1.00215 1.0021 1.00138 1.00118 1.00122 1.00912 1.0746 1.07619 1.08148 1.08057 1.00951 1.00126 1.00272 1.0032 1.00034 0.999962 0.999962 1.00034 1.0032 1.00272 1 0.999963 1 1 1 1 0.999962 1.00001 1.00003 0.999995 1 1 1 1 0.999995 
1.00015 0.999963 0.999997 1 1 0.999997 0.999963 1.00015 1.00056 0.999943 0.999984 1 1 0.999984 0.999946 1.00058 1.00118 1.00138 1.0021 1.00215 1.0021 1.00205 1.00138 1.00118 1.00126 1.00951 1.08057 1.08148 1.08148 1.08057 1.00951 1.00126 1.00272 1.0032 1.00034 0.999963 0.999962 1.00034 1.0032 1.00272 1.00001 0.999962 1 1 1 1 0.999962 1.00001 1.00003 0.999995 1 1 1 1 0.999995 
1.00424 1.00014 0.99997 0.999999 0.999999 0.99997 1.00014 1.00424 1.02535 1.00214 0.999972 0.999977 0.999977 0.999972 1.0022 1.02566 1.04821 1.06056 1.08127 1.08254 1.08165 1.08031 1.06056 1.04823 1.03444 1.13343 1.60648 1.67641 1.67641 1.60648 1.13343 1.03444 1.07079 1.07776 1.01558 1.00114 1.00112 1.01543 1.07785 1.07088 1.00269 1.00007 0.999993 0.999997 0.999997 0.999993 1.00007 1.00269 1.00013 0.999983 0.999999 1 1 0.999999 0.999983 
1.08181 1.0048 1.00008 0.999926 0.999926 1.00008 1.0048 1.08181 1.43969 1.06413 1.0032 0.999969 0.999969 1.0032 1.06507 1.442 1.78695 1.97334 2.17619 2.19594 2.19093 2.17047 1.97531 1.78835 1.51299 2.02893 3.96586 4.58569 4.58569 3.96586 2.02893 1.51299 1.83577 1.88425 1.29377 1.04704 1.04651 1.29264 1.89061 1.8421 1.08087 1.01591 1.00055 0.999947 0.999947 1.00055 1.01591 1.08087 1.00513 0.999987 0.999933 0.99995 0.99995 0.999933 0.999987 
1.69907 1.05796 1.00223 1.00001 1.00001 1.00223 1.05796 1.69907 4.12084 1.77921 1.07366 1.00363 1.00363 1.07366 1.81741 4.22794 6.53357 7.69888 8.48625 8.59499 8.58666 8.47446 7.57406 6.43623 4.71941 6.02574 10.7789 13.5073 13.5073 10.7789 6.02574 4.71941 6.34914 6.60367 3.75119 1.83484 1.8127 3.69499 6.56634 6.31466 2.06303 1.35066 1.03641 1.002 1.002 1.03641 1.35066 2.06303 1.11872 1.00343 0.999987 1.00001 1.00001 0.999987 1.00343 
7.18286 2.02208 1.07719 1.00238 1.00238 1.07719 2.02208 7.18286 16.4343 7.37511 2.15884 1.12401 1.12401 2.15884 7.37563 16.5056 22.9494 26.7955 27.7955 27.9175 27.6245 27.4964 26.7955 22.9494 14.3922 15.168 20.8882 24.8634 25.0446 21.084 15.2791 14.5302 15.7361 16.56 11.3397 6.31708 6.31391 11.3285 16.5323 15.7166 6.15623 3.46357 1.62664 1.06101 1.06101 1.62664 3.46357 6.15623 2.79096 1.18053 1.00844 1.0001 1.0001 1.00844 1.18053 
8.57634 2.26688 1.10008 1.00313 1.00313 1.10008 2.26688 8.57634 19.4869 9.01768 2.4649 1.16481 1.16481 2.4649 8.99268 19.4886 25.4211 30.8529 31.8053 31.9104 31.9116 31.8028 30.8529 25.4211 13.4073 13.2777 21.2019 27.4712 27.5171 21.2329 13.1875 13.3471 17.175 18.9853 10.9463 3.93423 3.93366 10.9356 18.9792 17.1473 5.25472 2.38485 1.20873 1.01684 1.01684 1.20873 2.38485 5.25472 1.89845 1.07368 1.00295 0.999964 0.999964 1.00295 1.07368 
6.6213 1.90115 1.06724 1.00201 1.00201 1.06724 1.90115 6.6213 15.5374 7.11421 2.06883 1.11163 1.11163 2.06883 7.0971 15.5418 19.7587 23.8148 24.7761 24.8389 24.8051 24.7252 23.8148 19.7587 9.41023 9.31092 16.63 21.3088 21.337 16.6614 9.24606 9.35122 13.6828 15.204 8.4544 2.89676 2.89686 8.45248 15.1773 13.6439 4.0162 1.83863 1.10777 1.00782 1.00782 1.10777 1.83863 4.0162 1.54375 1.03899 1.00138 1.00001 1.00001 1.00138 1.03899 
3.21047 1.22153 1.00971 1.00008 1.00008 1.00971 1.22153 3.21047 8.43571 3.21462 1.22805 1.01245 1.01245 1.22805 3.2106 8.43565 11.1032 13.6882 13.6827 13.8122 13.8503 13.739 13.6882 11.1032 4.47432 5.7239 12.8725 16.1451 16.1551 12.8885 5.69669 4.45426 7.88107 8.42145 3.87377 1.38944 1.39072 3.88152 8.44339 7.89803 1.93372 1.14735 1.01031 1.00037 1.00037 1.01031 1.14735 1.93372 1.07503 1.00239 1.00003 0.999995 0.999995 1.00003 1.00239 
3.21438 1.22096 1.00962 1.00008 1.00008 1.00971 1.22153 3.21047 8.43565 3.2106 1.22805 1.01245 1.01251 1.22858 3.2106 8.43565 11.0746 13.6044 13.6827 13.8122 13.8122 13.6827 13.6882 11.1032 4.45426 5.69669 12.8885 16.1551 16.1551 12.8885 5.69669 4.45426 7.89803 8.44339 3.88152 1.39072 1.38944 3.87377 8.42145 7.88107 1.86089 1.1392 1.01099 1.00037 1.00037 1.01031 1.14735 1.93372 1.07503 1.00239 1.00003 0.999995 0.999995 1.00003 1.00261 
6.63999 1.8992 1.06665 1.00196 1.00201 1.06724 1.90115 6.6213 15.5418 7.0971 2.06883 1.11163 1.11179 2.06899 7.0971 15.5418 20.0304 23.8864 24.7761 24.8389 24.8389 24.7761 23.8148 19.7587 9.35122 9.24606 16.6614 21.337 21.337 16.6614 9.24606 9.35122 13.6439 15.1773 8.45248 2.89686 2.89676 8.4544 15.204 13.6828 3.84408 1.81036 1.11326 1.00779 1.00782 1.10777 1.83863 4.0162 1.54375 1.03899 1.00138 1.00001 1.00001 1.00139 1.04111 
8.60105 2.26399 1.09917 1.00306 1.00313 1.10008 2.26688 8.57634 19.4886 8.99268 2.4649 1.16481 1.16512 2.46569 8.99268 19.4886 25.685 30.8539 31.8053 31.9104 31.9104 31.8053 30.8529 25.4211 13.3471 13.1875 21.2329 27.5171 27.5171 21.2329 13.1875 13.3471 17.1473 18.9792 10.9356 3.93366 3.93423 10.9463 18.9853 17.175 5.03681 2.35595 1.21408 1.01658 1.01684 1.20873 2.38485 5.25472 1.89845 1.07368 1.00295 0.999964 0.999965 1.00296 1.07661 
7.22536 2.02286 1.07673 1.00233 1.00238 1.07719 2.02208 7.18286 16.5056 7.37563 2.15884 1.12401 1.1242 2.1592 7.37563 16.5056 23.5502 26.83 27.7955 27.9175 27.9175 27.7955 26.7955 22.9494 14.5302 15.2791 21.084 25.0446 25.0446 21.084 15.2791 14.5302 15.7166 16.5323 11.3285 6.31391 6.31708 11.3397 16.56 15.7361 6.21123 3.63351 1.58383 1.06106 1.06101 1.62664 3.46357 6.15623 2.79096 1.18053 1.00844 1.0001 1.0001 1.00846 1.1855 
8.61928 2.27247 1.10123 1.00336 1.00326 1.1 2.26295 8.5776 20.1276 8.25704 2.27336 1.11135 1.112 2.27706 8.26959 20.1108 31.2435 33.6846 34.3111 34.3864 34.3329 34.2608 33.6387 31.2035 27.6551 28.3711 31.6213 33.2863 33.2863 31.6213 28.3711 27.6551 28.798 29.9826 28.2903 27.0213 26.8666 28.2745 29.7413 28.6128 21.2732 18.9331 9.1223 2.70787 2.72341 9.18901 19.0116 21.273 10.0627 2.44158 1.11369 1.00344 1.00345 1.11374 2.44157 
9.80199 2.48394 1.1218 1.00407 1.00395 1.12036 2.47414 9.76499 22.7268 9.53963 2.51358 1.13845 1.1395 2.52136 9.58506 22.715 33.0714 34.4754 34.8246 34.8741 34.8753 34.8277 34.4882 33.1044 32.2879 32.4496 33.6085 34.3995 34.3995 33.6085 32.4496 32.2879 32.3218 33.7344 33.5918 33.3577 33.3715 33.5863 33.7165 32.3892 23.4518 21.9174 10.4636 3.00802 3.01874 10.4985 21.8908 23.4501 11.2627 2.66508 1.13288 1.00389 1.00389 1.13294 2.66501 
9.96145 2.50938 1.12378 1.00418 1.00405 1.12231 2.49932 9.92394 23.2578 9.79364 2.55413 1.14287 1.14394 2.5617 9.83737 23.2398 33.561 34.7066 34.9481 34.9829 34.9832 34.9499 34.7144 33.5856 34.0831 34.2506 34.6186 34.8466 34.8466 34.6186 34.2506 34.0831 33.0276 34.5421 34.7913 34.7996 34.7995 34.7898 34.5211 33.0858 24.1762 22.8372 10.8611 3.07735 3.08726 10.8913 22.8164 24.1748 11.5763 2.71617 1.13706 1.00406 1.00406 1.13711 2.7161 
9.89502 2.48348 1.11853 1.00382 1.00372 1.11739 2.47575 9.86845 23.3161 9.77751 2.54136 1.13927 1.1401 2.54674 9.8075 23.3034 33.6429 34.7519 34.966 34.9948 34.995 34.9671 34.7569 33.6599 34.5551 34.7874 34.9058 34.9659 34.9659 34.9058 34.7874 34.5551 33.1372 34.6641 34.9417 34.9741 34.974 34.9417 34.6515 33.1954 24.4024 23.0388 10.8705 3.05769 3.06452 10.8899 23.025 24.4014 11.6226 2.72515 1.13741 1.00396 1.00397 1.13741 2.72513 
9.86845 2.47575 1.11739 1.00372 1.00372 1.11739 2.47575 9.86845 23.3034 9.8075 2.54674 1.1401 1.1401 2.54674 9.77751 23.3161 33.6429 34.7519 34.966 34.9948 34.9948 34.966 34.7519 33.6429 34.5495 34.7874 34.9057 34.9659 34.9659 34.9058 34.7874 34.5551 33.1954 34.6515 34.9417 34.974 34.9741 34.9417 34.6641 33.1372 24.4014 23.025 10.8899 3.06452 3.06452 10.8899 23.025 24.4014 11.6226 2.72515 1.13741 1.00396 1.00396 1.13741 2.72515 
9.92394 2.49932 1.12231 1.00405 1.00405 1.12231 2.49932 9.92394 23.2398 9.83737 2.5617 1.14394 1.14394 2.5617 9.79364 23.2578 33.561 34.7066 34.9481 34.9829 34.9829 34.9481 34.7066 33.561 34.0757 34.2479 34.6185 34.8466 34.8466 34.6186 34.2506 34.0831 33.0858 34.5211 34.7898 34.7995 34.7996 34.7913 34.5421 33.0276 24.1748 22.8164 10.8913 3.08726 3.08726 10.8913 22.8164 24.1748 11.5763 2.71617 1.13706 1.00406 1.00406 1.13706 2.71617 
9.76499 2.47414 1.12036 1.00395 1.00395 1.12036 2.47414 9.76499 22.715 9.58506 2.52136 1.1395 1.1395 2.52136 9.53963 22.7268 33.0714 34.4754 34.8246 34.8741 34.8741 34.8246 34.4754 33.0714 32.2747 32.4392 33.6081 34.3992 34.3995 33.6085 32.4496 32.2879 32.3892 33.7165 33.5863 33.3715 33.3577 33.5918 33.7344 32.3218 23.4501 21.8908 10.4985 3.01874 3.01874 10.4985 21.8908 23.4501 11.2627 2.66508 1.13288 1.00389 1.00389 1.13288 2.66508 
8.5776 2.26295 1.1 1.00326 1.00326 1.1 2.26295 8.5776 20.1108 8.26959 2.27706 1.112 1.112 2.27706 8.25704 20.1276 31.2435 33.6846 34.3111 34.3864 34.3864 34.3111 33.6846 31.2435 27.809 28.5116 31.6229 33.2876 33.2863 31.6213 28.3711 27.6551 28.6128 29.7413 28.2745 26.8666 27.0213 28.2903 29.9826 28.798 21.273 19.0116 9.18901 2.72341 2.72341 9.18901 19.0116 21.273 10.0627 2.44158 1.11369 1.00344 1.00344 1.11369 2.44158 
4.13107 1.34169 1.01799 1.00035 1.00035 1.01799 1.34169 4.13107 13.0258 3.92848 1.339 1.01653 1.01653 1.339 3.92848 13.0258 30.3044 33.8666 34.7903 34.9098 34.9098 34.7903 33.8666 30.3044 34.2094 34.6379 34.8767 34.9138 34.9139 34.8772 34.6384 34.2102 32.5719 34.0822 33.9325 33.7482 33.7418 33.9224 34.0837 32.5472 24.3473 21.5505 10.6627 3.2764 3.2764 10.6627 21.5505 24.3473 12.3295 2.98261 1.20636 1.0098 1.0098 1.20636 2.98261 
2.61807 1.13099 1.00507 0.999992 0.999992 1.00507 1.13099 2.61807 9.63388 2.48616 1.1229 1.00438 1.00438 1.1229 2.48616 9.63388 29.1938 33.6854 34.8125 34.9594 34.9594 34.8125 33.6854 29.1938 34.5495 34.8489 34.9453 34.9629 34.9629 34.9453 34.8489 34.5495 33.259 34.6227 34.7919 34.7737 34.7705 34.7887 34.6239 33.2119 25.3103 22.2992 10.9792 3.36976 3.36976 10.9792 22.2992 25.3103 12.7927 3.06611 1.21663 1.01027 1.01027 1.21663 3.06611 
2.4289 1.11073 1.00415 1.00004 1.00004 1.00415 1.11073 2.4289 9.09877 2.31142 1.10357 1.00364 1.00364 1.10357 2.31142 9.09877 29.0087 33.66 34.8267 34.98 34.98 34.8267 33.66 29.0087 34.6654 34.9268 34.9833 34.993 34.993 34.9833 34.9269 34.6655 33.3764 34.7297 34.9523 34.9738 34.9731 34.9515 34.7337 33.3305 25.511 22.4453 11.0013 3.36818 3.36818 11.0013 22.4453 25.511 12.8696 3.07424 1.21695 1.0103 1.0103 1.21695 3.07424 
2.41179 1.107 1.00384 1.00003 1.00003 1.00384 1.107 2.41179 9.13143 2.32095 1.10261 1.00356 1.00356 1.10261 2.32095 9.13143 29.0401 33.6821 34.8349 34.9834 34.9834 34.8349 33.6821 29.0401 34.7015 34.9485 34.9919 34.998 34.998 34.9919 34.9486 34.7015 33.4435 34.754 34.9717 34.995 34.9949 34.9716 34.7573 33.4133 25.7031 22.6615 10.89 3.27298 3.27298 10.89 22.6615 25.7031 12.8514 3.04 1.20503 1.00909 1.00909 1.20503 3.04 
2.42156 1.10863 1.00384 1.00003 1.00003 1.00384 1.107 2.41179 9.10082 2.31444 1.10261 1.00356 1.00356 1.10261 2.32095 9.13143 29.0401 33.6821 34.8349 34.9834 34.9838 34.8395 33.7001 29.0553 34.7015 34.9486 34.9919 34.998 34.998 34.9919 34.9486 34.7015 33.4133 34.7573 34.9716 34.9949 34.995 34.9717 34.7573 33.4133 25.8483 22.7235 10.7961 3.2183 3.2183 10.7961 22.7227 25.8483 12.8514 3.04 1.20503 1.00909 1.00909 1.20212 3.02344 
2.44193 1.11279 1.00415 1.00004 1.00004 1.00415 1.11073 2.4289 9.05972 2.30254 1.10355 1.00364 1.00364 1.10357 2.31142 9.09877 29.0087 33.66 34.8267 34.98 34.9806 34.8326 33.6836 29.0284 34.6655 34.9269 34.9833 34.993 34.993 34.9833 34.9269 34.6655 33.3305 34.7337 34.9515 34.9731 34.9738 34.9523 34.7337 33.3305 25.682 22.5434 10.8488 3.29123 3.29123 10.8488 22.5418 25.682 12.8696 3.07424 1.21695 1.0103 1.0103 1.21315 3.0523 
2.63125 1.13322 1.00507 0.999992 0.999992 1.00507 1.13099 2.61807 9.59386 2.47696 1.12265 1.00436 1.00438 1.1229 2.48616 9.63388 29.1938 33.6854 34.8125 34.9594 34.9594 34.8179 33.7083 29.2143 34.5495 34.8489 34.9453 34.9629 34.9629 34.9453 34.8489 34.5495 33.2119 34.6239 34.7887 34.7705 34.7737 34.7919 34.6239 33.2119 25.4837 22.3994 10.8234 3.29162 3.29162 10.8234 22.3977 25.4837 12.7927 3.06611 1.21663 1.01027 1.01026 1.2128 3.04398 
4.14183 1.34492 1.01799 1.00035 1.00035 1.01799 1.34169 4.13107 12.9744 3.91372 1.33759 1.0164 1.01653 1.339 3.92848 13.0258 30.3044 33.8666 34.7903 34.9098 34.9135 34.7982 33.887 30.326 34.2102 34.6384 34.8772 34.9139 34.9139 34.8772 34.6384 34.2102 32.5472 34.0837 33.9224 33.7418 33.7482 33.9325 34.0837 32.5472 24.4633 21.5903 10.5224 3.20799 3.20799 10.5224 21.5873 24.4633 12.3295 2.98261 1.20636 1.0098 1.00979 1.203 2.96323 
7.4696 2.0266 1.07763 1.00239 1.00233 1.07681 2.02264 7.47092 18.8945 7.20954 2.02234 1.08777 1.08697 2.01696 7.19557 18.8925 32.5833 34.1764 34.7983 34.8827 34.893 34.8157 34.1913 32.6473 33.6828 34.4667 34.5782 34.4647 34.4647 34.5666 34.451 33.6601 30.9405 33.6424 33.455 33.2201 33.1619 33.3099 33.4958 31.0083 18.8942 15.776 8.7701 3.20577 3.29354 8.7701 15.7754 18.7594 9.81707 2.7464 1.21932 1.01424 1.01368 1.21478 2.72577 
9.1111 2.34429 1.10667 1.00334 1.00326 1.10556 2.33971 9.12217 22.1278 8.97674 2.36098 1.12645 1.12519 2.35357 8.95584 22.164 33.8292 34.6642 34.9278 34.9669 34.967 34.9301 34.6642 33.8693 34.4752 34.8029 34.859 34.8492 34.8492 34.859 34.8019 34.4793 32.7988 34.5632 34.7297 34.7171 34.7191 34.726 34.558 33.0429 23.1107 19.7506 11.07 3.9971 4.13956 11.07 19.7502 22.9904 12.225 3.30496 1.30227 1.02107 1.0202 1.29505 3.2676 
9.35327 2.38513 1.1101 1.00351 1.00342 1.10896 2.38046 9.36493 22.6567 9.23672 2.40165 1.13057 1.12927 2.39419 9.21473 22.6928 34.009 34.7565 34.9656 34.9928 34.9932 34.9684 34.7586 34.0499 34.6967 34.9212 34.9634 34.9688 34.9688 34.9632 34.92 34.6977 33.2403 34.7711 34.9527 34.9705 34.97 34.948 34.7641 33.4688 24.1597 20.6877 11.5171 4.10728 4.25307 11.5171 20.687 24.0546 12.8197 3.42194 1.31632 1.022 1.0211 1.30893 3.38375 
9.37339 2.38169 1.10872 1.00338 1.0033 1.10779 2.37781 9.38075 22.7331 9.25973 2.40662 1.12832 1.12731 2.40104 9.24627 22.7594 34.0248 34.7738 34.9718 34.9964 34.9968 34.974 34.7754 34.0665 34.7443 34.9494 34.9881 34.9939 34.9939 34.9879 34.9486 34.7458 33.3545 34.7937 34.9731 34.9946 34.9943 34.9702 34.7858 33.5436 24.5294 21.2672 11.3765 3.88617 3.98957 11.3765 21.2678 24.4262 12.943 3.32676 1.28816 1.01818 1.01754 1.28267 3.29843 
9.38075 2.37781 1.10779 1.0033 1.0033 1.10779 2.37781 9.38075 22.7594 9.24627 2.40104 1.12731 1.12731 2.40104 9.24627 22.7594 34.0248 34.7738 34.9718 34.9964 34.9964 34.9718 34.7738 34.0248 34.7458 34.9486 34.9879 34.9938 34.9939 34.9881 34.9494 34.7443 33.5436 34.7858 34.9702 34.9943 34.9943 34.9701 34.7937 33.3545 24.4262 21.2678 11.5082 3.98957 3.9899 11.5094 21.2672 24.5294 12.943 3.32676 1.28816 1.01818 1.01818 1.28816 3.32676 
9.36493 2.38046 1.10896 1.00342 1.00342 1.10896 2.38046 9.36493 22.6928 9.21473 2.39419 1.12927 1.12927 2.39419 9.21473 22.6928 34.009 34.7565 34.9656 34.9928 34.9928 34.9656 34.7565 34.009 34.6977 34.92 34.9632 34.9688 34.9688 34.9634 34.9212 34.6967 33.4688 34.7641 34.948 34.97 34.9698 34.9478 34.7711 33.2403 24.0546 20.687 11.6925 4.25307 4.25282 11.6918 20.6877 24.1597 12.8197 3.42194 1.31632 1.022 1.022 1.31632 3.42194 
9.12217 2.33971 1.10556 1.00326 1.00326 1.10556 2.33971 9.12217 22.164 8.95584 2.35357 1.12519 1.12519 2.35357 8.95584 22.164 33.8292 34.6642 34.9278 34.9669 34.9669 34.9278 34.6642 33.8292 34.4793 34.8019 34.859 34.8499 34.8492 34.859 34.8029 34.4752 33.0429 34.558 34.726 34.7191 34.7183 34.7253 34.5632 32.7988 22.9904 19.7502 11.2438 4.13956 4.13953 11.2438 19.7506 23.1107 12.225 3.30496 1.30227 1.02107 1.02107 1.30227 3.30496 
7.47092 2.02264 1.07681 1.00233 1.00233 1.07681 2.02264 7.47092 18.8925 7.19557 2.01696 1.08697 1.08697 2.01696 7.19557 18.8925 32.5833 34.1764 34.7983 34.8827 34.8827 34.7983 34.1764 32.5833 33.6601 34.451 34.5666 34.4465 34.4647 34.5782 34.4667 33.6828 31.0083 33.4958 33.3099 33.1619 33.1633 33.3104 33.6424 30.9405 18.7594 15.7754 8.83681 3.29354 3.29337 8.8347 15.776 18.8942 9.81707 2.7464 1.21932 1.01424 1.01424 1.21932 2.7464 
3.61835 1.28214 1.01303 1.00018 1.00018 1.01318 1.28338 3.61882 10.8703 3.40198 1.2897 1.01538 1.01501 1.28624 3.35246 10.7525 28.8108 32.7575 34.0681 34.1735 34.247 34.136 32.818 28.9744 28.794 29.5046 29.6113 29.6079 29.4261 29.4184 29.3184 28.6564 23.9784 29.0517 27.7353 26.7733 25.9841 27.0434 28.871 23.6988 8.05289 5.41668 2.39926 1.18021 1.1471 2.1967 5.29293 7.97617 3.16593 1.23219 1.01395 1.00041 1.00045 1.01469 1.23961 
2.883 1.18155 1.00723 0.999971 0.999978 1.00742 1.18407 2.90005 9.33308 2.67297 1.17138 1.00804 1.00777 1.16912 2.64358 9.31417 29.3902 33.4574 34.6942 34.849 34.845 34.6859 33.4418 29.3965 30.6955 32.4725 32.6885 32.9187 32.9203 32.6932 32.4836 30.7407 24.2098 31.5251 32.8076 32.8341 32.8673 32.7614 31.4534 24.0569 4.87144 2.18126 1.18109 1.0294 1.01949 1.17033 2.21075 4.87709 1.76409 1.05373 1.00173 0.999938 0.999941 1.00178 1.05455 
2.79043 1.17138 1.00677 1.00002 1.00003 1.00695 1.17383 2.80747 9.06488 2.57689 1.15921 1.00745 1.00719 1.15698 2.54826 9.0484 29.4381 33.5626 34.7976 34.9638 34.9619 34.7922 33.5589 29.4324 31.6139 33.9589 34.3018 34.4347 34.4351 34.3038 33.97 31.6639 24.2156 32.2374 34.3567 34.6292 34.6064 34.2566 32.1661 24.0705 4.02801 1.42656 1.02278 1.01883 1.00775 1.01802 1.45706 4.02713 1.41915 1.02517 1.0006 1.00001 1.00001 1.00064 1.02585 
2.7695 1.16571 1.00637 1.00002 1.00002 1.0065 1.16758 2.78196 9.13688 2.58398 1.15325 1.00682 1.00661 1.15161 2.56313 9.12718 29.4474 33.5552 34.8098 34.9759 34.9748 34.8073 33.5599 29.4374 31.9411 34.4269 34.7949 34.8708 34.871 34.7962 34.4343 31.9799 24.2994 32.4606 34.6302 34.9078 34.8942 34.5615 32.4151 24.1572 3.92018 1.33569 1.01106 1.01222 1.00335 1.00727 1.36161 3.91945 1.36448 1.02032 1.00046 0.999997 0.999998 1.00049 1.02079 
2.78196 1.16758 1.0065 1.00002 1.00002 1.00637 1.16758 2.78196 9.12718 2.56313 1.15161 1.00661 1.00661 1.15161 2.56313 9.12718 29.4474 33.5552 34.8073 34.9748 34.9759 34.8098 33.5552 29.4474 31.9799 34.4343 34.7962 34.871 34.8708 34.7949 34.4269 31.9411 24.1572 32.4151 34.5615 34.8942 34.8942 34.5615 32.4151 24.1572 3.91945 1.36161 1.00727 1.00335 1.00334 1.00722 1.34456 4.00573 1.36448 1.02032 1.00049 0.999998 0.999997 1.00046 1.02032 
2.80747 1.17383 1.00695 1.00003 1.00002 1.00677 1.17383 2.80747 9.0484 2.54826 1.15698 1.00719 1.00719 1.15698 2.54826 9.0484 29.4381 33.5626 34.7922 34.9619 34.9638 34.7976 33.5626 29.4381 31.6639 33.97 34.3038 34.4351 34.4347 34.3018 33.9589 31.6139 24.0705 32.1661 34.2566 34.6064 34.6064 34.2566 32.1661 24.0705 4.02713 1.45706 1.01802 1.00775 1.00772 1.0175 1.4348 4.10423 1.41915 1.02517 1.00064 1.00001 1.00001 1.0006 1.02517 
2.90005 1.18407 1.00742 0.999978 0.999971 1.00723 1.18407 2.90005 9.31417 2.64358 1.16912 1.00777 1.00777 1.16912 2.64358 9.31417 29.3902 33.4574 34.6859 34.845 34.849 34.6942 33.4574 29.3902 30.7407 32.4836 32.6932 32.9203 32.9187 32.6885 32.4725 30.6955 24.0569 31.4534 32.7614 32.8673 32.8673 32.7614 31.4534 24.0569 4.87709 2.21075 1.17033 1.01949 1.01912 1.16519 2.17902 4.93218 1.76409 1.05373 1.00178 0.999941 0.999938 1.00173 1.05373 
3.61882 1.28338 1.01318 1.00018 1.00018 1.01303 1.28338 3.61882 10.7525 3.35246 1.28624 1.01501 1.01501 1.28624 3.35246 10.7525 28.8108 32.7575 34.136 34.247 34.1735 34.0681 32.7575 28.8108 28.6564 29.3184 29.4184 29.4261 29.6079 29.6113 29.5046 28.794 23.6988 28.871 27.0434 25.9841 25.9841 27.0434 28.871 23.6988 7.97617 5.29293 2.1967 1.1471 1.147 2.19809 5.35761 8.07651 3.16593 1.23219 1.01469 1.00045 1.00041 1.01395 1.23219 
2.22646 1.10604 1.00433 1.00012 1.0001 1.00406 1.10604 2.22646 6.9471 2.10893 1.09597 1.0036 1.0036 1.09597 2.10893 6.9471 21.7335 27.5967 28.8788 28.9912 28.9912 28.8788 27.5967 21.7335 13.8677 9.70428 9.04051 8.79193 8.60554 8.83437 9.49461 13.6983 18.7064 21.5064 13.9884 8.62572 8.49753 13.8623 21.5064 18.7064 5.30212 2.23417 1.27372 1.02935 1.0297 1.27861 2.25359 5.39325 1.61746 1.04606 1.00229 1.00013 1.00013 1.00229 1.04606 
2.28357 1.1143 1.00481 1.00004 1.00002 1.00449 1.1143 2.28357 7.11746 2.15629 1.10626 1.0041 1.0041 1.10626 2.15629 7.11746 23.8671 31.6925 33.1934 33.3104 33.3104 33.1934 31.6925 23.8671 11.1936 4.55735 3.43069 3.11492 3.1204 3.43772 4.56169 11.1999 20.2977 22.5427 11.8302 4.35163 4.35787 11.8446 22.5427 20.2977 5.36004 1.90486 1.2328 1.0306 1.03062 1.23301 1.90385 5.4408 1.61161 1.0519 1.00265 1.00005 1.00005 1.00265 1.0519 
2.29495 1.11485 1.00487 1.00009 1.00007 1.00455 1.11485 2.29495 7.20151 2.17218 1.10744 1.0042 1.0042 1.10744 2.17218 7.20151 24.3293 32.6693 34.2267 34.3167 34.3167 34.2267 32.6693 24.3293 10.2177 2.82184 1.50721 1.33598 1.336 1.50732 2.82139 10.2239 20.6867 22.7662 11.2708 3.36288 3.36834 11.2871 22.7662 20.6867 5.41557 1.89434 1.23195 1.0307 1.0307 1.23197 1.89231 5.49867 1.6182 1.0525 1.0027 1.0001 1.0001 1.0027 1.0525 
2.23162 1.10204 1.00401 1.00006 1.00005 1.00379 1.10204 2.23162 7.2762 2.15528 1.0975 1.00345 1.00345 1.0975 2.15528 7.2762 24.3732 32.7202 34.2557 34.3344 34.3344 34.2557 32.7202 24.3732 10.0844 2.73374 1.42306 1.30239 1.3024 1.42309 2.73313 10.089 20.5946 22.6658 11.247 3.47823 3.48258 11.2601 22.6658 20.5946 5.38447 1.85256 1.22776 1.02925 1.02925 1.22776 1.85081 5.46614 1.60299 1.04943 1.00248 1.00009 1.00009 1.00248 1.04943 
2.22236 1.10006 1.00379 1.00005 1.00005 1.00379 1.10204 2.23162 7.30962 2.16246 1.09906 1.00359 1.00345 1.0975 2.15528 7.2762 24.3732 32.7202 34.2557 34.3344 34.3346 34.2557 32.6818 24.3549 10.089 2.73313 1.42309 1.3024 1.30239 1.42306 2.73374 10.0844 20.5978 22.6468 11.2601 3.48258 3.47823 11.247 22.6658 20.5946 5.30411 1.82971 1.22358 1.02865 1.02905 1.22498 1.85256 5.38447 1.60299 1.04943 1.00248 1.00009 1.00008 1.00242 1.04935 
2.28057 1.11199 1.00455 1.00007 1.00007 1.00455 1.11485 2.29495 7.25117 2.1831 1.10979 1.00442 1.0042 1.10744 2.17218 7.20151 24.3293 32.6693 34.2267 34.3167 34.3119 34.2195 32.6105 24.3037 10.2239 2.82139 1.50732 1.336 1.33598 1.50721 2.82184 10.2177 20.6907 22.7433 11.2871 3.36834 3.36288 11.2708 22.7662 20.6867 5.33328 1.86576 1.22648 1.02992 1.03043 1.22831 1.89434 5.41557 1.6182 1.0525 1.0027 1.0001 1.00009 1.00262 1.05249 
2.26918 1.11144 1.00449 1.00002 1.00002 1.00449 1.1143 2.28357 7.166 2.16722 1.10861 1.00432 1.0041 1.10626 2.15629 7.11746 23.8671 31.6925 33.1934 33.3104 33.2961 33.1726 31.6442 23.8446 11.1999 4.56169 3.43772 3.1204 3.11492 3.43069 4.55735 11.1936 20.3025 22.5216 11.8446 4.35787 4.35163 11.8302 22.5427 20.2977 5.2799 1.87557 1.22727 1.02986 1.03037 1.22926 1.90486 5.36004 1.61161 1.0519 1.00265 1.00005 1.00004 1.00257 1.05189 
2.20865 1.10325 1.00406 1.0001 1.0001 1.00406 1.10604 2.22646 6.95116 2.11364 1.09779 1.00378 1.0036 1.09597 2.10893 6.9471 21.7335 27.5967 28.8788 28.9912 28.996 28.8855 27.3385 21.511 13.6983 9.49461 8.83437 8.60554 8.79193 9.04051 9.70428 13.8677 18.6177 21.3663 13.8623 8.49753 8.62572 13.9884 21.5064 18.7064 5.19248 2.17779 1.26145 1.02894 1.02946 1.26725 2.23417 5.30212 1.61746 1.04606 1.00229 1.00013 1.00012 1.00224 1.04614 
1.04353 1.00189 1.00004 0.999994 0.999994 1.00004 1.00189 1.04353 1.59986 1.03966 1.00133 1 1 1.00133 1.03966 1.59986 8.08298 10.6937 10.9994 10.9477 10.9477 10.9994 10.6937 8.08298 3.26431 1.77722 1.55198 1.53736 1.53736 1.55198 1.77636 3.2641 7.46157 8.2326 4.48714 2.41585 2.39385 4.4384 8.1489 7.33895 1.57998 1.09355 1.01745 1.00123 1.00133 1.01821 1.09083 1.6523 1.04014 1.00166 1.00007 0.999999 0.999999 1.00007 1.00166 
1.00235 1.00001 0.999936 0.99995 0.99995 0.999936 1.00001 1.00235 1.04483 1.00155 0.999929 0.999939 0.999939 0.999928 1.00155 1.04483 2.14315 2.64825 2.73013 2.72543 2.72543 2.73013 2.64825 2.14315 1.26172 1.0756 1.05127 1.05161 1.05161 1.05127 1.07564 1.26164 2.24929 2.32693 1.39452 1.09103 1.09143 1.38967 2.31603 2.26354 1.04263 1.00396 1.00064 0.999949 0.999947 1.00061 1.00394 1.04968 1.00218 1.00002 0.999938 0.999949 0.999949 0.999938 1.00002 
1.0001 0.999985 0.999999 1 1 0.999999 0.999985 1.0001 1.00161 0.999945 0.999993 1 1 0.999993 0.999945 1.00161 1.08168 1.12836 1.13471 1.13437 1.13437 1.13471 1.12836 1.08168 1.01487 1.0065 1.00673 1.00507 1.00507 1.00673 1.0065 1.01487 1.13719 1.13598 1.01898 1.00055 1.00066 1.01861 1.13312 1.13746 1.00164 0.999989 0.999936 0.999993 0.999992 0.999932 0.999986 1.00218 1.00006 0.999979 0.999999 1 1 0.999999 0.999979 
1.00003 0.999996 1 1 1 1 0.999996 1.00003 0.999992 0.999938 1 1 1 1 0.999938 0.999992 1.00227 1.00394 1.00379 1.004 1.004 1.00379 1.00394 1.00227 1.00039 1.00029 1.00038 1.0003 1.0003 1.00038 1.00029 1.00039 1.00774 1.00691 1.00037 0.999889 0.999903 1.00035 1.00661 1.00774 0.999999 0.999925 0.999995 1 1 0.999995 0.999925 1.00002 1.00005 0.999994 1 1 1 1 0.999994 
1.00003 0.999996 1 1 1 1 0.999996 1.00003 0.99999 0.999939 1 1 1 1 0.999938 0.999992 1.00227 1.00394 1.00379 1.004 1.00407 1.00384 1.00402 1.00231 1.00039 1.00029 1.00038 1.0003 1.0003 1.00038 1.00029 1.00039 1.00774 1.00692 1.00036 0.999891 0.999889 1.00037 1.00691 1.00774 0.999999 0.999925 0.999995 1 1 0.999995 0.999925 0.999999 1.00005 0.999994 1 1 1 1 0.999994 
1.0001 0.999984 0.999999 1 1 0.999999 0.999985 1.0001 1.00139 0.999947 0.999993 1 1 0.999993 0.999945 1.00161 1.08168 1.12836 1.13471 1.13437 1.1353 1.13534 1.12938 1.08216 1.01487 1.0065 1.00672 1.00507 1.00507 1.00673 1.0065 1.01487 1.13746 1.13647 1.01877 1.0005 1.00055 1.01898 1.13598 1.13719 1.00164 0.999984 0.999933 0.999992 0.999993 0.999936 0.999989 1.00164 1.00006 0.999979 0.999999 1 1 0.999999 0.999979 
1.0024 1.00001 0.999936 0.99995 0.99995 0.999936 1.00001 1.00235 1.03955 1.00149 0.999928 0.999939 0.999939 0.999929 1.00155 1.04483 2.14315 2.64825 2.73013 2.72543 2.72761 2.73059 2.65191 2.14434 1.26164 1.07564 1.05132 1.05164 1.05161 1.05127 1.0756 1.26172 2.26354 2.34237 1.38828 1.08873 1.09103 1.39452 2.32693 2.24929 1.04257 1.00392 1.00062 0.999948 0.999949 1.00064 1.00396 1.04263 1.00218 1.00002 0.999938 0.999949 0.999949 0.999938 1.00002 
1.04244 1.00184 1.00005 0.999993 0.999994 1.00004 1.00189 1.04353 1.51378 1.03399 1.00133 1 1 1.00133 1.03966 1.59986 8.08298 10.6937 10.9994 10.9477 10.828 10.8794 10.5983 8.00055 3.2641 1.77636 1.55123 1.53669 1.53736 1.55198 1.77722 3.26431 7.33895 8.08952 4.36806 2.35313 2.41585 4.48714 8.2326 7.46157 1.57 1.08925 1.01816 1.00132 1.00123 1.01745 1.09355 1.57998 1.04014 1.00166 1.00007 0.999999 0.999999 1.00007 1.00166 
1.00116 1.00007 1.00004 1.00005 1.00005 1.00004 1.00007 1.00116 1.02804 1.00117 1.00001 1.00005 1.00005 1.00001 1.00116 1.0269 2.16339 2.67074 2.85633 2.77409 2.77409 2.85633 2.67074 2.16339 1.22356 1.02288 1.01568 1.00734 1.00734 1.01568 1.02288 1.22356 2.19629 2.29915 1.31974 1.10304 1.10335 1.32026 2.29915 2.19629 1.05968 1.00402 1.00084 1.00007 1.00007 1.00085 1.00402 1.05968 1.00275 1.00011 1.00003 1.00005 1.00005 1.00003 1.00011 
1.00002 0.999987 0.999997 0.999996 0.999996 0.999997 0.999987 1.00002 1.00083 0.999951 0.999993 0.999996 0.999996 0.999993 0.999951 1.00075 1.11858 1.17518 1.20239 1.18164 1.18164 1.20239 1.17518 1.11858 1.01143 0.998062 0.997864 0.997932 0.997932 0.997864 0.998062 1.01143 1.09349 1.09959 1.01343 1.00388 1.00389 1.01342 1.09959 1.09349 1.00262 1.00006 0.999934 0.999987 0.999987 0.999934 1.00006 1.00262 1.00013 0.999984 0.999994 0.999996 0.999996 0.999994 0.999984 
1.00004 0.999996 1 1 1 1 0.999996 1.00004 0.999982 0.999941 1 1 1 1 0.999942 0.999977 1.00667 1.00995 1.01248 1.01018 1.01018 1.01248 1.00995 1.00667 1.00037 0.999755 0.999807 0.999831 0.999831 0.999807 0.999755 1.00037 1.00254 1.00269 1.00019 1.00009 1.00009 1.00019 1.00269 1.00254 1.00008 0.999931 0.999993 1 1 0.999993 0.999931 1.00008 1.00003 0.999993 1 1 1 1 0.999993 
1.00005 0.999996 1 1 1 1 0.999996 1.00005 1.00001 0.99995 1 1 1 1 0.99995 1.00001 1.00022 1.0002 1.00034 1.00025 1.00025 1.00034 1.0002 1.00022 1.00004 0.999982 1.00004 1.00003 1.00003 1.00004 0.999982 1.00004 1.00006 0.999917 0.999964 0.999982 0.999982 0.999964 0.999917 1.00006 0.999991 0.999949 1 1 1 1 0.999949 0.999991 1.00005 0.999996 1 1 1 1 0.999996 
0 0 0 0 1 1 0.999996 1.00005 1.00001 0.99995 1 1 1 1 0.99995 1.00001 1.00022 1.0002 1.00034 1.00025 1.00024 1.00032 1.00019 1.0002 1.00004 0.999982 1.00004 1.00003 1.00003 1.00004 0.999982 1.00004 1.00007 0.999923 0.999964 0.999982 0.999982 0.999964 0.999917 1.00006 0.999993 0.999949 1 1 1 1 0.999949 0.999991 1.00005 0.999996 1 1 0 0 0 
0 0 0 0 1 1 0.999996 1.00004 0.999977 0.999942 1 1 1 1 0.999941 0.999982 1.00667 1.00995 1.01248 1.01018 1.00986 1.01206 1.00962 1.00646 1.00035 0.999759 0.999813 0.999837 0.999831 0.999807 0.999755 1.00037 1.00272 1.00281 1.00019 1.00009 1.00009 1.00019 1.00269 1.00254 1.00008 0.999931 0.999993 1 1 0.999993 0.999931 1.00008 1.00003 0.999993 1 1 0 0 0 
0 0 0 0 0.999996 0.999997 0.999987 1.00002 1.00075 0.999951 0.999993 0.999996 0.999996 0.999993 0.999951 1.00083 1.11858 1.17518 1.20239 1.18164 1.17813 1.19813 1.17168 1.11625 1.01105 0.998045 0.997848 0.997924 0.997932 0.997864 0.998062 1.01143 1.0959 1.10148 1.01342 1.00389 1.00388 1.01343 1.09959 1.09349 1.00264 1.00005 0.999934 0.999987 0.999987 0.999934 1.00006 1.00262 1.00013 0.999984 0.999994 0.999996 0 0 0 
