0 0 0 0 1.00003 1.00003 1.0019 1.05028 1.46334 1.07602 1.00555 1.00021 1.00021 1.00554 1.07655 1.46777 1.92275 2.16385 2.36086 2.38299 2.37592 2.35202 2.15173 1.91443 1.68019 2.53868 5.54852 6.55041 6.47934 5.48092 2.51041 1.67223 1.79278 1.84719 1.23271 1.04426 1.0435 1.22766 1.83435 1.78078 1.09818 1.03072 1.00297 1.00009 1.00011 1.00319 1.03164 1.09906 1.01293 1.00056 1.00002 1.00005 0 0 0 
0 0 0 0 0.999996 0.999977 1.00002 1.00239 1.02837 1.00287 1.00006 0.999951 0.999951 1.00006 1.00286 1.02843 1.06122 1.08051 1.10386 1.10517 1.10504 1.10367 1.08027 1.06102 1.05446 1.22129 2.05772 2.23165 2.20647 2.03191 1.21514 1.05322 1.0695 1.07313 1.01213 1.00131 1.00136 1.01229 1.07359 1.06994 1.00355 1.00102 1.00008 0.999981 0.99998 1.00009 1.00107 1.0036 1.00051 0.999969 0.999988 0.999996 0 0 0 
0 0 0 0 1 0.999999 0.999986 1.00008 1.00061 0.999953 0.999969 0.999998 0.999998 0.999969 0.999951 1.00061 1.00145 1.00184 1.00281 1.00284 1.00286 1.00282 1.00184 1.00145 1.00249 1.01964 1.15504 1.17161 1.16698 1.15027 1.01896 1.0024 1.00227 1.00209 1.00027 1.00001 1.00001 1.00028 1.00214 1.00233 1.00004 0.999949 0.999987 0.999999 0.999999 0.999986 0.999952 1.00005 1.00002 0.999988 1 1 0 0 0 
0 0 0 0 1 1 0.999996 1.00004 0.999973 0.999926 1 1 1 1 0.999926 0.999972 1.00001 0.99991 0.999988 0.999985 0.999986 0.99999 0.999911 1.00001 1.00006 1.00074 1.01116 1.01201 1.01154 1.0107 1.0007 1.00006 1.00008 0.999965 0.999972 0.999988 0.999987 0.999972 0.999969 1.00008 1 0.999934 0.999999 1 1 0.999999 0.999934 0.999999 1.00005 0.999996 1 1 0 0 0 
1.00004 0.999996 1 1 1 1 0.999996 1.00004 0.999972 0.999926 1 1 1 1 0.999926 0.999972 1.00001 0.99991 0.999988 0.999985 0.999985 0.999988 0.99991 1.00001 1.00006 1.00074 1.01116 1.01201 1.01201 1.01116 1.00074 1.00006 1.00008 0.999969 0.999972 0.999987 0.999987 0.999972 0.999969 1.00008 0.999999 0.999934 0.999999 1 1 0.999999 0.999934 1 1.00005 0.999996 1 1 1 1 0.999996 
1.00008 0.999986 0.999999 1 1 0.999999 0.999986 1.00008 1.00061 0.999951 0.999969 0.999998 0.999998 0.999969 0.999951 1.00061 1.00145 1.00184 1.00281 1.00284 1.00284 1.00281 1.00184 1.00145 1.00249 1.01964 1.15504 1.17161 1.17161 1.15504 1.01964 1.00249 1.00233 1.00214 1.00028 1.00001 1.00001 1.00028 1.00214 1.00233 1.00005 0.999952 0.999986 0.999999 0.999999 0.999987 0.999949 1.00004 1.00002 0.999988 1 1 1 1 0.999988 
1.00239 1.00002 0.999977 0.999996 0.999996 0.999977 1.00002 1.00239 1.02843 1.00286 1.00006 0.999951 0.999951 1.00006 1.00286 1.02843 1.06122 1.08051 1.10386 1.10517 1.10517 1.10386 1.08051 1.06122 1.05446 1.22129 2.05772 2.23165 2.23165 2.05772 1.22129 1.05446 1.06994 1.07359 1.01229 1.00136 1.00136 1.01229 1.07359 1.06994 1.0036 1.00107 1.00009 0.99998 0.999981 1.00008 1.00102 1.00355 1.00051 0.999969 0.999988 0.999996 0.999996 0.999988 0.999969 
1.05028 1.0019 1.00003 1.00003 1.00003 1.00003 1.0019 1.05028 1.46777 1.07655 1.00554 1.00021 1.00021 1.00555 1.07655 1.46777 1.92275 2.16385 2.36086 2.38299 2.38299 2.36086 2.16385 1.92275 1.68019 2.53868 5.54852 6.55041 6.55041 5.54852 2.53868 1.68019 1.78078 1.83435 1.22766 1.0435 1.0435 1.22766 1.83435 1.78078 1.09906 1.03164 1.00319 1.00011 1.00009 1.00297 1.03072 1.09818 1.01293 1.00056 1.00002 1.00005 1.00005 1.00002 1.00056 
1.8245 1.08339 1.00399 1.00004 1.00004 1.00399 1.08339 1.8245 4.42124 1.9616 1.10769 1.00675 1.00702 1.1101 1.9616 4.42124 7.0407 8.32548 8.5569 8.67001 8.66711 8.5507 8.32548 7.0407 5.28233 6.7725 10.9348 13.7106 13.787 10.9518 6.81091 5.29156 6.2147 6.53232 4.12238 2.13832 2.11885 4.08477 6.53299 6.21556 2.17563 1.41851 1.05175 1.00314 1.00319 1.05209 1.42388 2.1854 1.17507 1.00625 1.00001 1 1 1.00002 1.00641 
1.11397 1.00789 1.00022 0.999905 0.999905 1.00022 1.00789 1.11397 1.51577 1.08746 1.00542 1.00004 1.00004 1.00542 1.08746 1.51577 1.97331 2.22085 2.42083 2.44292 2.43801 2.41428 2.22085 1.97331 1.69545 2.43493 4.43211 5.20086 5.31109 4.541 2.49794 1.70808 2.01828 2.08416 1.39889 1.07858 1.07807 1.40015 2.08398 2.01811 1.10784 1.02445 1.00109 0.999936 0.999943 1.00117 1.02498 1.10819 1.00912 1.00006 0.99992 0.999943 0.999943 0.99992 1.00008 
1.00706 1.00031 0.999951 0.999997 0.999997 0.999951 1.00031 1.00706 1.03414 1.00346 1.00002 0.999955 0.999956 1.00002 1.00346 1.03414 1.07154 1.09282 1.11606 1.11744 1.11647 1.11494 1.09282 1.07154 1.0565 1.22019 1.79646 1.89577 1.93695 1.84388 1.23649 1.05866 1.10363 1.11389 1.02603 1.00247 1.00248 1.02635 1.11387 1.10362 1.0043 1.00029 0.999968 0.999995 0.999995 0.999968 1.00031 1.0043 1.00024 0.99997 0.999999 1 1 0.999998 0.999969 
1.00028 0.999953 0.999994 1 1 0.999994 0.999953 1.00028 1.00093 0.99995 0.99997 1 1 0.99997 0.99995 1.00093 1.00217 1.00277 1.00386 1.00391 1.00383 1.00377 1.00277 1.00217 1.00252 1.02101 1.13348 1.13359 1.14153 1.14284 1.02261 1.00268 1.00539 1.00632 1.00073 0.999971 0.999973 1.00076 1.00632 1.00539 1.00002 0.99995 1 1 1 1 0.99995 1.00002 1.00003 0.999994 1 1 1 1 0.999994 
1.00028 0.999953 0.999994 1 1 0.999994 0.999953 1.00028 1.00093 0.99995 0.99997 1 1 0.99997 0.99995 1.00093 1.00217 1.00277 1.00377 1.00383 1.00391 1.00386 1.00285 1.00223 1.00268 1.02261 1.14284 1.14153 1.14153 1.14284 1.02261 1.00268 1.00539 1.00632 1.00076 0.999973 0.999971 1.00073 1.00607 1.00519 1.00002 0.99995 1 1 1 1 0.99995 1.00002 1.00003 0.999994 1 1 1 1 0.999994 
1.00706 1.00031 0.999951 0.999997 0.999997 0.999951 1.00031 1.00706 1.03415 1.00346 1.00002 0.999956 0.999955 1.00002 1.00346 1.03414 1.07154 1.09282 1.11494 1.11647 1.11744 1.11606 1.09403 1.07243 1.05866 1.23649 1.84388 1.93695 1.93695 1.84388 1.23649 1.05866 1.10362 1.11387 1.02635 1.00248 1.00247 1.02603 1.11141 1.10161 1.0043 1.00031 0.999968 0.999995 0.999993 0.999968 1.00031 1.0043 1.00024 0.99997 0.999999 1 1 0.999999 0.99997 
1.11372 1.00783 1.00022 0.999904 0.999905 1.00022 1.00789 1.11397 1.51573 1.08762 1.00542 1.00004 1.00004 1.00542 1.08746 1.51577 1.97331 2.22085 2.41428 2.43801 2.44292 2.42083 2.23094 1.98101 1.70808 2.49794 4.541 5.31109 5.31109 4.541 2.49794 1.70808 2.01811 2.08398 1.40015 1.07807 1.07858 1.39889 2.06683 2.00428 1.10819 1.02498 1.00117 0.999943 0.999953 1.00117 1.02498 1.10819 1.00912 1.00006 0.99992 0.999943 0.999943 0.99992 1.00006 
1.843 1.08584 1.00413 1.00004 1.00004 1.00399 1.08339 1.8245 4.46961 1.97863 1.1101 1.00702 1.00675 1.10769 1.9616 4.42124 7.0407 8.32548 8.5507 8.66711 8.67001 8.5569 8.33371 7.04771 5.29156 6.81091 10.9518 13.787 13.787 10.9518 6.81091 5.29156 6.21556 6.53299 4.08477 2.11885 2.13832 4.12238 6.55181 6.24652 2.1854 1.42388 1.05209 1.00319 1.00349 1.05209 1.42388 2.1854 1.17507 1.00625 1.00001 1 1 1.00001 1.00625 
7.13261 2.15397 1.10148 1.00391 1.00391 1.10146 2.15433 7.18226 15.5702 7.39601 2.29497 1.16418 1.16418 2.29497 7.39601 15.5702 22.378 26.2843 27.1168 26.9941 26.9941 27.1168 26.2843 22.378 15.1109 15.923 20.8492 24.5557 24.7262 21.0299 16.0423 15.1109 14.9513 15.8113 11.251 6.86777 6.86839 11.2519 15.8111 14.9516 6.39748 3.75088 1.78036 1.09077 1.09077 1.78036 3.82816 6.39748 3.05607 1.24098 1.01352 1.00021 1.00021 1.01352 1.24098 
8.66642 2.46032 1.13389 1.00529 1.00529 1.13386 2.4556 8.69879 18.6996 9.17408 2.65512 1.2217 1.2217 2.65512 9.17408 18.6996 24.7716 30.0819 31.2122 31.3625 31.3625 31.2122 30.0819 24.7716 13.6415 13.4854 20.3364 26.3121 26.357 20.3555 13.4087 13.6415 16.0884 17.8687 11.0547 4.57339 4.57373 11.0554 17.8677 16.089 5.40916 2.61217 1.29173 1.02928 1.02901 1.29173 2.58544 5.40916 2.09692 1.10289 1.00482 0.999964 0.999964 1.00482 1.10289 
6.62404 2.02013 1.08796 1.00331 1.00331 1.08794 2.01721 6.64739 14.8388 7.19768 2.19592 1.14822 1.14822 2.19592 7.19768 14.8388 19.2344 23.3595 24.3771 24.5324 24.5324 24.3771 23.3595 19.2344 9.48179 9.66175 16.4714 21.0875 21.1147 16.4967 9.60063 9.48179 12.7459 14.3272 8.52454 3.271 3.27108 8.52409 14.3275 12.7475 4.06845 1.97164 1.14876 1.0134 1.01336 1.14876 1.95225 4.06845 1.64783 1.05191 1.00209 0.999999 0.999999 1.00209 1.05191 
3.55088 1.30627 1.01631 1.00024 1.00024 1.01631 1.30534 3.55637 8.59337 3.52954 1.30164 1.02015 1.02015 1.30164 3.52954 8.59337 11.531 14.3254 14.5123 14.593 14.593 14.5123 14.3254 11.531 5.00431 6.50084 13.5768 16.931 16.9408 13.591 6.4724 5.00431 7.78121 8.44303 4.3088 1.54455 1.54456 4.30893 8.44268 7.78128 2.07105 1.20264 1.01758 1.00084 1.00084 1.01758 1.1981 2.07105 1.1098 1.00409 1.00004 1 1 1.00004 1.00409 
3.55637 1.30534 1.01631 1.00024 1.00024 1.01631 1.30627 3.55088 8.5958 3.52245 1.30595 1.0208 1.02015 1.30164 3.52954 8.59337 11.531 14.3254 14.5123 14.593 14.6348 14.5714 14.3308 11.5468 4.99066 6.4724 13.591 16.9408 16.931 13.5768 6.50084 5.00431 7.81416 8.48694 4.29759 1.5383 1.54455 4.3088 8.44303 7.78121 2.0711 1.1981 1.01707 1.0008 1.00084 1.01758 1.20264 2.07105 1.1098 1.00409 1.00004 1 0.999999 1.00007 1.00443 
6.64739 2.01721 1.08794 1.00331 1.00331 1.08794 2.02013 6.62404 14.849 7.17451 2.21656 1.15289 1.14822 2.19592 7.19768 14.8388 19.2344 23.3595 24.3771 24.5324 24.5014 24.336 23.377 19.2836 9.4397 9.60063 16.4967 21.1147 21.0875 16.4714 9.66175 9.48179 12.7759 14.3735 8.48545 3.23424 3.271 8.52454 14.3272 12.7459 4.06876 1.95225 1.14484 1.01294 1.0134 1.14876 1.97164 4.06845 1.64783 1.05191 1.00209 0.999999 1.00001 1.00231 1.05456 
8.69879 2.4556 1.13386 1.00529 1.00529 1.13386 2.46032 8.66642 18.7115 9.13947 2.6856 1.22899 1.2217 2.65512 9.17408 18.6996 24.7716 30.0819 31.2122 31.3625 31.3542 31.2106 30.1064 24.8407 13.5945 13.4087 20.3555 26.357 26.3121 20.3364 13.4854 13.6415 16.1204 17.9549 11.0014 4.52009 4.57339 11.0547 17.8687 16.0884 5.40949 2.58544 1.28579 1.02845 1.02928 1.29173 2.61217 5.40916 2.09692 1.10289 1.00482 0.999964 0.999979 1.00513 1.10653 
7.18226 2.15433 1.10146 1.00391 1.00391 1.10146 2.15397 7.13261 15.6437 7.39166 2.31166 1.1688 1.16418 2.29497 7.39601 15.5702 22.378 26.2843 27.1168 26.9941 27.5431 27.4012 26.5727 22.6757 15.2419 16.0423 21.0299 24.7262 24.5557 20.8492 15.923 15.1109 15.055 15.9678 11.3201 6.93982 6.86777 11.251 15.8113 14.9513 6.50291 3.82816 1.81161 1.09462 1.09077 1.78036 3.75088 6.39748 3.05607 1.24098 1.01352 1.00021 1.00022 1.01391 1.24716 
8.8839 2.48175 1.13898 1.00551 1.00537 1.13739 2.47116 8.84442 19.8302 8.38062 2.46258 1.1541 1.15318 2.45674 8.40216 19.7989 30.4312 33.0585 34.0832 34.1863 33.919 33.8215 33.1137 30.4934 26.9312 27.831 31.0904 32.8482 32.8482 31.0904 27.831 26.9312 27.9511 28.8292 27.4767 26.1346 26.4016 27.7302 29.113 28.2575 20.7276 18.3369 9.5403 3.10629 3.08411 9.47018 18.3369 20.7276 10.4597 2.67498 1.15634 1.00589 1.00589 1.15634 2.67498 
10.1694 2.74207 1.16954 1.00688 1.00671 1.16763 2.7311 10.1329 22.4217 9.71013 2.75707 1.19416 1.19268 2.74652 9.7635 22.3944 33.0147 34.3968 34.7589 34.8286 34.8286 34.7665 34.3821 33.0401 31.7543 31.9588 33.2296 34.1809 34.1809 33.2296 31.9588 31.7543 31.7795 33.3545 33.3106 33.0955 33.0672 33.2911 33.3469 31.8575 22.768 21.0303 10.8315 3.43857 3.42402 10.8071 21.0303 22.768 11.6269 2.92649 1.18183 1.00665 1.00665 1.18183 2.92649 
10.3675 2.77736 1.17294 1.00706 1.00688 1.17099 2.76605 10.3306 23.0572 10.0307 2.81446 1.20143 1.19999 2.80495 10.0816 23.0266 33.6238 34.6612 34.9268 34.9742 34.9755 34.9341 34.6504 33.6592 33.7806 33.9831 34.4364 34.7586 34.7586 34.4364 33.9831 33.7806 32.6287 34.34 34.7046 34.7301 34.7274 34.7064 34.3503 32.7488 23.5866 22.0447 11.2986 3.53382 3.51804 11.2666 22.0447 23.5866 12.0161 2.99807 1.18865 1.00695 1.00695 1.18865 2.99807 
10.3078 2.74399 1.16527 1.00645 1.00632 1.16381 2.73594 10.283 23.1592 10.0071 2.79071 1.19416 1.19313 2.78402 10.0434 23.1346 33.7265 34.6891 34.953 34.9915 34.9924 34.9563 34.6835 33.7575 34.381 34.6691 34.8386 34.9377 34.9377 34.8386 34.6691 34.381 32.7776 34.5242 34.907 34.9582 34.9581 34.9098 34.5286 32.8998 23.8804 22.308 11.283 3.49136 3.47935 11.2595 22.308 23.8804 12.0846 3.01083 1.18905 1.0068 1.0068 1.18905 3.01083 
10.283 2.73594 1.16381 1.00632 1.00632 1.16381 2.73594 10.283 23.1346 10.0434 2.78402 1.19313 1.19313 2.78402 10.0434 23.1346 33.7575 34.6835 34.9563 34.9915 34.9915 34.953 34.6835 33.7575 34.3738 34.6693 34.839 34.9379 34.9377 34.8386 34.6691 34.381 32.7784 34.5299 34.9098 34.9581 34.9582 34.907 34.5242 32.7776 23.9581 22.2878 11.3078 3.50386 3.49136 11.283 22.308 23.8804 12.0846 3.01083 1.18905 1.0068 1.00679 1.18899 3.01097 
10.3306 2.76605 1.17099 1.00688 1.00688 1.17099 2.76605 10.3306 23.0266 10.0816 2.80495 1.19999 1.19999 2.80495 10.0816 23.0266 33.6592 34.6504 34.9341 34.9742 34.9742 34.9268 34.6504 33.6592 33.7716 33.9795 34.4389 34.76 34.7586 34.4364 33.9831 33.7806 32.631 34.3494 34.7064 34.7274 34.7301 34.7046 34.34 32.6287 23.6589 22.0227 11.335 3.55042 3.53382 11.2986 22.0447 23.5866 12.0161 2.99807 1.18865 1.00695 1.00695 1.18858 2.99821 
10.1329 2.7311 1.16763 1.00671 1.00671 1.16763 2.7311 10.1329 22.3944 9.7635 2.74652 1.19268 1.19268 2.74652 9.7635 22.3944 33.0401 34.3821 34.7665 34.8286 34.8286 34.7589 34.3821 33.0401 31.7401 31.9466 33.2333 34.1833 34.1809 33.2296 31.9588 31.7543 31.7758 33.3572 33.2911 33.0672 33.0955 33.3106 33.3545 31.7795 22.8456 21.0169 10.8735 3.45597 3.43857 10.8315 21.0303 22.768 11.6269 2.92649 1.18183 1.00665 1.00665 1.18177 2.92662 
8.84442 2.47116 1.13739 1.00537 1.00537 1.13739 2.47116 8.84442 19.7989 8.40216 2.45674 1.15318 1.15318 2.45674 8.40216 19.7989 30.4934 33.1137 33.8215 34.1863 34.1863 34.0832 33.1137 30.4934 27.0778 27.962 31.1863 32.9082 32.8482 31.0904 27.831 26.9312 28.0516 28.9373 27.7302 26.4016 26.1346 27.4767 28.8292 27.9511 20.8696 18.3911 9.61284 3.12946 3.10629 9.5403 18.3369 20.7276 10.4597 2.67498 1.15634 1.00589 1.00589 1.15629 2.67512 
4.63692 1.46445 1.02908 1.0007 1.0007 1.02908 1.46892 4.65485 13.8782 4.40873 1.44848 1.02658 1.02664 1.44954 4.38938 13.5629 30.4447 33.7091 34.7323 34.879 34.8857 34.7429 33.7091 30.4447 34.0483 34.5994 34.8488 34.8827 34.8856 34.8516 34.613 34.0732 32.09 33.7187 33.4594 33.2119 33.2515 33.4887 33.7401 32.0714 23.5797 20.4671 11.1251 3.8537 3.77054 11.0109 20.6681 23.5803 12.7117 3.29515 1.27495 1.01623 1.01671 1.27885 3.31569 
3.01415 1.19356 1.00884 1.00005 1.00005 1.00884 1.19677 3.03391 10.6963 2.86712 1.1771 1.00744 1.00746 1.17747 2.8597 10.408 29.4674 33.5218 34.761 34.9431 34.9441 34.7662 33.5218 29.4674 34.4171 34.8102 34.9254 34.9474 34.9468 34.9252 34.8117 34.4261 32.9564 34.5131 34.7333 34.7152 34.7108 34.7294 34.5021 32.9102 24.6133 21.2381 11.5451 4.00553 3.90529 11.3933 21.4544 24.5883 13.2235 3.39981 1.28995 1.0172 1.01775 1.2945 3.4237 
2.77648 1.16238 1.00709 1.00008 1.00008 1.00709 1.16531 2.79574 10.1075 2.64319 1.14787 1.00602 1.00603 1.14791 2.63988 9.8333 29.2682 33.4923 34.7781 34.9692 34.9702 34.7831 33.4923 29.2682 34.567 34.9026 34.9749 34.9887 34.9888 34.9751 34.9043 34.5773 33.1162 34.6629 34.9407 34.9612 34.9611 34.9391 34.6538 33.0714 24.8701 21.4413 11.5697 3.99765 3.89933 11.4193 21.652 24.8429 13.3355 3.41333 1.29061 1.01723 1.01778 1.29513 3.43694 
2.74317 1.15515 1.00648 1.00006 1.00006 1.00648 1.15741 2.7578 10.0903 2.63225 1.14499 1.00577 1.00577 1.14499 2.63115 9.83553 29.2826 33.5045 34.785 34.9734 34.9741 34.7882 33.5045 29.2826 34.6122 34.9308 34.9878 34.9966 34.9966 34.9879 34.9317 34.6176 33.1692 34.6866 34.9654 34.9919 34.9919 34.9645 34.6813 33.142 25.1279 21.7846 11.3431 3.81657 3.74832 11.246 21.919 25.0623 13.3608 3.37442 1.27522 1.01509 1.01548 1.27858 3.39152 
2.7578 1.15741 1.00667 1.00007 1.00006 1.00648 1.15741 2.7578 9.83553 2.63115 1.14499 1.00577 1.00577 1.14499 2.63388 9.72745 29.1631 33.5182 34.7882 34.9741 34.9741 34.7882 33.5045 29.2826 34.6176 34.9317 34.9879 34.9966 34.9966 34.9879 34.9317 34.6176 33.142 34.6813 34.9645 34.9919 34.9919 34.9645 34.6813 33.142 25.0623 21.919 11.246 3.74832 3.81657 11.3431 21.7846 25.1279 13.3608 3.37442 1.27522 1.01509 1.01509 1.27522 3.37442 
2.79574 1.16531 1.00734 1.0001 1.00008 1.00709 1.16531 2.79574 9.8333 2.63988 1.14787 1.00602 1.00602 1.14787 2.6425 9.72767 29.151 33.5121 34.7831 34.9702 34.9702 34.7831 33.4923 29.2682 34.5773 34.9043 34.9751 34.9888 34.9888 34.9751 34.9043 34.5773 33.0714 34.6538 34.9391 34.9611 34.9611 34.9391 34.6538 33.0714 24.8429 21.652 11.4193 3.89933 3.99765 11.5697 21.4413 24.8701 13.3355 3.41333 1.29061 1.01723 1.01723 1.29061 3.41333 
3.03391 1.19677 1.00913 1.00006 1.00005 1.00884 1.19677 3.03391 10.408 2.8597 1.1771 1.00744 1.00744 1.1771 2.86038 10.2962 29.3542 33.5418 34.7662 34.9441 34.9441 34.7662 33.5218 29.4674 34.4261 34.8117 34.9252 34.9468 34.9468 34.9252 34.8117 34.4261 32.9102 34.5021 34.7294 34.7108 34.7108 34.7294 34.5021 32.9102 24.5883 21.4544 11.3933 3.90529 4.00553 11.5451 21.2381 24.6133 13.2235 3.39981 1.28995 1.0172 1.0172 1.28995 3.39981 
4.65485 1.46892 1.02962 1.00073 1.0007 1.02908 1.46892 4.65485 13.5629 4.38938 1.44848 1.02658 1.02658 1.44848 4.38976 13.4517 30.3796 33.7298 34.7429 34.8857 34.8857 34.7429 33.7091 30.4447 34.0732 34.613 34.8516 34.8856 34.8856 34.8516 34.613 34.0732 32.0714 33.7401 33.4887 33.2515 33.2515 33.4887 33.7401 32.0714 23.5803 20.6681 11.0109 3.77054 3.8537 11.1251 20.4671 23.5797 12.7117 3.29515 1.27495 1.01623 1.01623 1.27495 3.29515 
7.72253 2.1887 1.10639 1.00419 1.00419 1.10639 2.1887 7.72253 18.3689 7.40567 2.16168 1.11541 1.11541 2.16168 7.42554 18.3077 32.3462 34.065 34.7848 34.8785 34.8785 34.7848 34.065 32.3462 33.3552 34.3457 34.5109 34.3866 34.3852 34.5099 34.3443 33.3542 30.5111 33.0954 32.9264 32.7379 32.7385 32.9279 33.0972 30.5102 17.5816 14.5848 8.93752 3.77687 3.87353 8.94628 14.2572 17.4421 9.73798 3.04653 1.29613 1.02345 1.02345 1.29613 3.04653 
9.41235 2.56581 1.14783 1.00602 1.00602 1.14783 2.56581 9.41235 21.5073 9.19608 2.55153 1.16851 1.16851 2.55153 9.21186 21.4309 33.6746 34.5778 34.8979 34.9508 34.9508 34.8979 34.5778 33.6746 34.2527 34.7251 34.8111 34.8022 34.8022 34.8111 34.7251 34.2535 32.5684 34.3699 34.6241 34.627 34.6275 34.6245 34.3705 32.5682 21.6842 18.4246 11.5719 4.88102 5.05436 11.6408 18.1786 21.6208 12.2705 3.73961 1.41432 1.03547 1.03547 1.41432 3.73961 
9.70254 2.62222 1.15351 1.00634 1.00634 1.15351 2.62222 9.70254 22.0757 9.49033 2.60521 1.17489 1.17489 2.60521 9.50428 21.9946 33.91 34.7058 34.9574 34.9896 34.9896 34.9574 34.7058 33.91 34.5472 34.8819 34.9436 34.9525 34.9525 34.9436 34.8819 34.5478 33.0877 34.6542 34.9182 34.9525 34.9526 34.9183 34.6543 33.0872 22.9193 19.488 12.1453 5.05445 5.23009 12.2131 19.2031 22.8474 13.0021 3.90917 1.43812 1.03733 1.03733 1.43812 3.90917 
9.74287 2.61782 1.15118 1.00602 1.00602 1.15118 2.61782 9.74287 22.1736 9.52033 2.6119 1.17155 1.17155 2.6119 9.53505 22.0883 33.9369 34.725 34.9652 34.995 34.995 34.9652 34.725 33.9369 34.6225 34.9262 34.9804 34.9892 34.9892 34.9804 34.9262 34.6231 33.2074 34.6919 34.9533 34.9892 34.9892 34.9533 34.6919 33.2067 23.4219 20.1792 11.9025 4.724 4.85289 11.9577 19.9609 23.363 13.2535 3.77981 1.39505 1.0303 1.0303 1.39505 3.77981 
9.74679 2.61199 1.14992 1.00591 1.00602 1.15118 2.61782 9.74287 22.0883 9.53505 2.6119 1.17155 1.17155 2.61188 9.52033 22.1736 33.9817 34.7163 34.9662 34.9951 34.995 34.9652 34.725 33.9369 34.6231 34.9262 34.9804 34.9892 34.9892 34.9804 34.9262 34.6231 33.2067 34.6919 34.9533 34.9892 34.9892 34.9533 34.6919 33.2074 23.363 19.9609 11.9577 4.85289 4.78943 11.9605 20.0689 23.4515 13.2535 3.77981 1.39505 1.0303 1.03121 1.4019 3.8142 
9.71036 2.61554 1.15199 1.00619 1.00634 1.15351 2.62222 9.70254 21.9946 9.50428 2.60521 1.17489 1.17489 2.60514 9.49033 22.0757 33.9585 34.6928 34.9593 34.99 34.9896 34.9574 34.7058 33.91 34.5478 34.8819 34.9436 34.9525 34.9525 34.9436 34.8819 34.5478 33.0872 34.6543 34.9183 34.9526 34.9525 34.9182 34.6542 33.0877 22.8474 19.2031 12.2131 5.23009 5.14186 12.2166 19.3485 22.94 13.0021 3.90917 1.43812 1.03733 1.03865 1.44773 3.95546 
9.41963 2.55933 1.14637 1.00589 1.00602 1.14783 2.56581 9.41235 21.4309 9.21186 2.55153 1.16851 1.1685 2.55122 9.19608 21.5073 33.727 34.561 34.9012 34.9515 34.9508 34.8979 34.5778 33.6746 34.2535 34.7251 34.8111 34.8022 34.8022 34.8111 34.7251 34.2535 32.5682 34.3705 34.6245 34.6275 34.627 34.6241 34.3699 32.5684 21.6208 18.1786 11.6408 5.05436 4.9682 11.6544 18.3109 21.7301 12.2705 3.73961 1.41432 1.03547 1.03674 1.42365 3.78459 
7.719 2.18315 1.1053 1.00409 1.00419 1.10639 2.1887 7.72253 18.3077 7.42554 2.16168 1.11541 1.11535 2.16059 7.40567 18.3689 32.3838 34.0125 34.794 34.8838 34.8785 34.7848 34.065 32.3462 33.3542 34.3443 34.5099 34.3852 34.3852 34.5099 34.3443 33.3542 30.5102 33.0972 32.9279 32.7385 32.7379 32.9264 33.0954 30.5111 17.4421 14.2572 8.94628 3.87353 3.82523 8.95927 14.4358 17.5722 9.73798 3.04653 1.29613 1.02345 1.02424 1.30178 3.06987 
3.95057 1.36625 1.02051 1.00038 1.00038 1.02051 1.36748 3.95397 11.5532 3.78349 1.36201 1.0229 1.02334 1.3658 3.8121 11.5924 28.9933 32.5665 33.9673 34.1396 34.1072 33.9433 32.5575 28.8687 28.0614 28.9446 29.4141 29.427 29.427 29.4141 28.9446 28.0614 23.6724 28.6355 27.5172 26.5452 26.546 27.5182 28.6362 23.6753 8.22963 5.52154 2.34723 1.18088 1.18871 2.3709 5.47773 8.2287 3.6363 1.34653 1.02606 1.00098 1.00098 1.02606 1.34661 
3.17172 1.23988 1.0116 1.00004 1.00004 1.0116 1.24281 3.19262 10.0639 3.01443 1.22532 1.01252 1.0129 1.22849 3.03551 10.0645 29.3049 33.101 34.5814 34.7926 34.7951 34.5879 33.1239 29.263 29.9893 31.9251 32.2587 32.56 32.56 32.2587 31.9251 29.9893 23.6653 30.9987 32.3929 32.453 32.4536 32.3936 30.9999 23.6675 5.13484 2.48297 1.24338 1.01831 1.02027 1.23979 2.50353 5.13514 2.01375 1.08797 1.00365 0.99997 0.99997 1.00365 1.08798 
3.06033 1.22501 1.01074 1.00009 1.00009 1.01074 1.22786 3.08114 9.79271 2.89874 1.20888 1.0115 1.01187 1.21196 2.91918 9.79274 29.3468 33.2598 34.7187 34.9407 34.9422 34.7237 33.2715 29.317 31.0152 33.6003 34.036 34.2306 34.2306 34.036 33.6003 31.0152 23.6783 31.8445 34.1513 34.4992 34.4989 34.1518 31.8457 23.6808 4.12884 1.59254 1.03397 1.00345 1.00606 1.03406 1.60675 4.12888 1.56222 1.0411 1.00128 1.00002 1.00002 1.00128 1.0411 
3.03422 1.21667 1.00997 1.00007 1.00007 1.00997 1.21872 3.04964 9.83233 2.8852 1.20093 1.01047 1.01074 1.20322 2.90029 9.83234 29.3386 33.2658 34.7404 34.96 34.9609 34.7437 33.2701 29.3226 31.4294 34.21 34.6752 34.7933 34.7933 34.6752 34.21 31.4294 23.7634 32.0867 34.4906 34.8543 34.8543 34.4892 32.0853 23.7665 3.97786 1.45595 1.01473 0.99991 1.00199 1.01528 1.46649 3.97788 1.47641 1.03194 1.0009 1 1 1.0009 1.03194 
3.04964 1.21872 1.01014 1.00008 1.00007 1.00997 1.21872 3.04964 9.83233 2.8852 1.20093 1.01047 1.01047 1.20093 2.8852 9.83233 29.3226 33.2701 34.7437 34.9609 34.9609 34.7437 33.2701 29.3226 31.426 34.2106 34.6752 34.7933 34.7933 34.6752 34.21 31.4294 23.7665 32.0853 34.4892 34.8543 34.8543 34.4906 32.0867 23.7634 3.97788 1.46649 1.01548 1.00403 0.99991 1.01473 1.46649 3.97788 1.47641 1.03194 1.0009 1 1 1.0009 1.03194 
3.08114 1.22786 1.01098 1.0001 1.00009 1.01074 1.22786 3.08114 9.79271 2.89874 1.20888 1.0115 1.0115 1.20888 2.89874 9.79271 29.317 33.2715 34.7237 34.9422 34.9422 34.7237 33.2715 29.317 31.0124 33.6009 34.036 34.2306 34.2306 34.036 33.6003 31.0152 23.6808 31.8457 34.1518 34.4989 34.4992 34.1513 31.8445 23.6783 4.12888 1.60675 1.03434 1.00866 1.00345 1.03397 1.60675 4.12888 1.56222 1.0411 1.00128 1.00002 1.00002 1.00128 1.0411 
3.19262 1.24281 1.01186 1.00005 1.00004 1.0116 1.24281 3.19262 10.0639 3.01443 1.22532 1.01252 1.01252 1.22532 3.01443 10.0639 29.263 33.1239 34.5879 34.7951 34.7951 34.5879 33.1239 29.263 29.9873 31.9257 32.2592 32.5601 32.56 32.2587 31.9251 29.9893 23.6675 30.9999 32.3936 32.4536 32.453 32.3929 30.9987 23.6653 5.13514 2.50353 1.24076 1.02299 1.01831 1.24338 2.50353 5.13514 2.01375 1.08798 1.00365 0.99997 0.99997 1.00365 1.08797 
3.95397 1.36748 1.02071 1.00039 1.00038 1.02051 1.36748 3.95397 11.5532 3.78349 1.36201 1.0229 1.0229 1.36201 3.78349 11.5532 28.8687 32.5575 33.9433 34.1072 34.1072 33.9433 32.5575 28.8687 28.0516 28.9427 29.4131 29.4236 29.427 29.4141 28.9446 28.0614 23.6753 28.6362 27.5182 26.546 26.5452 27.5172 28.6355 23.6724 8.2287 5.47773 2.36623 1.19755 1.18088 2.34723 5.47773 8.2287 3.6363 1.34661 1.02606 1.00098 1.00098 1.02606 1.34653 
2.41767 1.13938 1.00645 1.00016 1.00014 1.00611 1.13938 2.41767 7.15853 2.30623 1.12914 1.00598 1.00619 1.13051 2.30154 7.28443 21.2495 27.1649 28.6485 28.8239 28.8239 28.6485 27.1649 21.2495 14.3713 10.4943 9.88163 9.42524 9.24083 9.67491 10.2827 14.2056 17.6287 20.758 14.5901 9.37256 9.49502 14.723 20.8528 17.6316 5.51371 2.51489 1.32782 1.03536 1.03545 1.32629 2.51489 5.51371 1.77909 1.06214 1.00305 1.00015 1.00016 1.00309 1.06214 
2.47035 1.14864 1.00711 1.00008 1.00006 1.00672 1.14864 2.47035 7.38192 2.35561 1.1398 1.00674 1.00703 1.14229 2.36072 7.5824 23.3758 31.202 32.8801 33.0821 33.0821 32.8801 31.202 23.3758 11.6643 5.31326 4.03205 3.60754 3.61261 4.03838 5.31354 11.6685 19.1703 21.7492 12.3223 4.92863 4.94961 12.3384 21.7457 19.1078 5.47459 2.12225 1.26074 1.03677 1.03647 1.25846 2.12225 5.47459 1.74917 1.06885 1.00358 1.00008 1.00009 1.00365 1.06885 
2.48341 1.1493 1.00717 1.00014 1.00012 1.00678 1.1493 2.48341 7.47402 2.37468 1.14141 1.00687 1.00717 1.1439 2.38008 7.67721 23.8609 32.2772 34.0602 34.2356 34.2356 34.0602 32.2772 23.8609 10.5053 3.22952 1.74767 1.49821 1.49815 1.74748 3.22659 10.5092 19.5999 21.9646 11.6712 3.79105 3.79532 11.67 21.967 19.5533 5.52959 2.10647 1.25909 1.03704 1.0367 1.25677 2.10647 5.52959 1.75686 1.06988 1.00365 1.00014 1.00015 1.00373 1.06988 
2.42283 1.13378 1.00591 1.0001 1.00008 1.00565 1.13378 2.42283 7.54217 2.34954 1.12893 1.00561 1.00579 1.13056 2.35281 7.72556 23.9376 32.3959 34.1641 34.3232 34.3232 34.1641 32.3959 23.9376 10.2988 2.98561 1.49967 1.33013 1.33012 1.49948 2.98276 10.3007 19.559 21.8993 11.614 3.83151 3.83325 11.6117 21.8985 19.5153 5.51078 2.04959 1.24999 1.03471 1.03445 1.24821 2.04959 5.51078 1.74039 1.06608 1.00333 1.00012 1.00012 1.0034 1.06608 
2.41331 1.13171 1.00565 1.00008 1.00008 1.00565 1.13378 2.42283 7.72556 2.35281 1.13056 1.00579 1.00579 1.13056 2.35281 7.72556 23.8716 32.3773 34.1632 34.3235 34.3232 34.1641 32.3959 23.9376 10.3007 2.98276 1.49948 1.33012 1.33012 1.49948 2.98276 10.3007 19.5153 21.8985 11.6117 3.83325 3.83151 11.614 21.8993 19.559 5.51117 2.04031 1.24821 1.03445 1.03471 1.24999 2.00922 5.51078 1.74039 1.06608 1.0034 1.00012 1.00012 1.00333 1.06617 
2.46837 1.14617 1.00678 1.00012 1.00012 1.00678 1.1493 2.48341 7.67721 2.38008 1.1439 1.00717 1.00717 1.1439 2.38008 7.67721 23.7866 32.2554 34.0781 34.2484 34.2356 34.0602 32.2772 23.8609 10.5092 3.22659 1.74748 1.49815 1.49815 1.74748 3.22659 10.5092 19.5533 21.967 11.67 3.79532 3.79105 11.6712 21.9646 19.5999 5.53007 2.09483 1.25677 1.0367 1.03704 1.25909 2.05713 5.52959 1.75686 1.06988 1.00373 1.00015 1.00014 1.00365 1.0701 
2.45522 1.14551 1.00672 1.00006 1.00006 1.00672 1.14864 2.47035 7.5824 2.36072 1.14229 1.00703 1.00703 1.14229 2.36072 7.5824 23.306 31.2006 32.9348 33.1202 33.0821 32.8801 31.202 23.3758 11.6685 5.31354 4.03838 3.61261 3.61261 4.03838 5.31354 11.6685 19.1078 21.7457 12.3384 4.94961 4.92863 12.3223 21.7492 19.1703 5.47505 2.11044 1.25846 1.03647 1.03677 1.26074 2.07529 5.47459 1.74917 1.06885 1.00365 1.00009 1.00008 1.00358 1.06907 
2.39815 1.13627 1.00611 1.00014 1.00014 1.00611 1.13938 2.41767 7.28443 2.30154 1.13051 1.00619 1.00619 1.13051 2.30154 7.28443 21.0577 27.0505 28.6433 28.8113 28.8239 28.6485 27.1649 21.2495 14.2056 10.2827 9.67491 9.24083 9.24083 9.67491 10.2827 14.2056 17.6316 20.8528 14.723 9.49502 9.37256 14.5901 20.758 17.6287 5.50431 2.5004 1.32629 1.03545 1.03536 1.32782 2.46311 5.51371 1.77909 1.06214 1.00309 1.00016 1.00015 1.00305 1.06237 
1.06104 1.00324 1.00011 0.999986 0.999986 1.00011 1.00318 1.05957 1.68004 1.05144 1.00293 1.00003 1.00003 1.00293 1.05144 1.68004 8.38727 11.1664 11.671 11.6976 11.6976 11.671 11.2377 8.44307 3.59146 1.99945 1.71089 1.68849 1.68849 1.71089 1.99945 3.59146 7.44708 8.39924 4.75943 2.61705 2.61636 4.75835 8.39781 7.4466 1.70611 1.14622 1.02451 1.00169 1.00161 1.02174 1.12151 1.6995 1.05887 1.00274 1.00011 0.999994 0.999995 1.00011 1.00279 
1.00441 1.00012 0.99992 0.999942 0.999942 0.99992 1.00013 1.00448 1.06062 1.00259 0.999951 0.99992 0.99992 0.999951 1.00259 1.06062 2.32042 2.92322 3.03403 3.03802 3.03802 3.03403 2.92 2.31939 1.34982 1.09978 1.06294 1.06477 1.06477 1.06294 1.09978 1.34982 2.45341 2.53773 1.52081 1.13287 1.13278 1.5205 2.53732 2.4531 1.06093 1.00697 1.00088 0.999952 0.999955 1.00095 1.00649 1.06375 1.00352 1.00008 0.999924 0.999941 0.999941 0.999924 1.00007 
1.00021 0.999973 0.999998 1 1 0.999998 0.999973 1.00021 1.00255 0.999965 0.999982 1 1 0.999982 0.999965 1.00255 1.11055 1.17584 1.18884 1.18802 1.18802 1.18884 1.17572 1.11055 1.02246 1.00845 1.00781 1.00624 1.00624 1.00781 1.00845 1.02246 1.18922 1.18507 1.03164 1.00235 1.00234 1.03164 1.18506 1.18919 1.00291 1.00008 0.999923 0.999987 0.999987 0.999933 1.00003 1.00315 1.00009 0.999969 0.999998 1 1 0.999998 0.999969 
1.00003 0.999994 1 1 1 1 0.999994 1.00003 1.00001 0.999922 1 1 1 1 0.999922 1.00001 1.00376 1.00658 1.00678 1.00717 1.00717 1.00678 1.00658 1.00376 1.00066 1.00043 1.00055 1.00042 1.00042 1.00055 1.00043 1.00066 1.01367 1.01193 1.00086 0.999837 0.999837 1.00086 1.01193 1.01367 1.00001 0.999903 0.999992 1 1 0.999992 0.999901 1.00003 1.00005 0.999993 1 1 1 1 0.999993 
1.00003 0.999994 1 1 1 1 0.999994 1.00003 1 0.999922 1 1 1 1 0.999922 1.00001 1.00376 1.00658 1.00678 1.00717 1.00717 1.00678 1.00658 1.00376 1.00066 1.00043 1.00055 1.00042 1.00042 1.00055 1.00043 1.00066 1.01424 1.01238 1.00089 0.999822 0.999837 1.00086 1.01193 1.01367 0.999981 0.999901 0.999992 1 1 0.999992 0.999903 1.00001 1.00005 0.999993 1 1 1 1 0.999993 
1.00021 0.999973 0.999998 1 1 0.999998 0.999973 1.00021 1.00225 0.999962 0.999983 1 1 0.999982 0.999965 1.00255 1.11055 1.17584 1.18884 1.18802 1.18802 1.18886 1.17584 1.11055 1.02231 1.00844 1.0078 1.00624 1.00624 1.00781 1.00845 1.02246 1.1939 1.18918 1.03192 1.00216 1.00235 1.03164 1.18507 1.18922 1.00249 1.00003 0.999933 0.999987 0.999987 0.999923 1.00008 1.00291 1.00009 0.999969 0.999998 1 1 0.999998 0.999969 
1.00448 1.00013 0.99992 0.999942 0.999942 0.99992 1.00013 1.00448 1.05458 1.00246 0.99995 0.999921 0.99992 0.999951 1.00259 1.06062 2.32042 2.92322 3.03403 3.03802 3.03993 3.03556 2.92322 2.32042 1.34619 1.09797 1.06162 1.06372 1.06477 1.06294 1.09978 1.34982 2.48155 2.56537 1.51944 1.12986 1.13287 1.52081 2.53773 2.45341 1.05639 1.0065 1.00095 0.999955 0.999952 1.00088 1.00697 1.06093 1.00346 1.00008 0.999924 0.999941 0.999941 0.999924 1.00008 
1.05957 1.00318 1.00012 0.999985 0.999986 1.00011 1.00318 1.05957 1.58285 1.04244 1.00269 1.00002 1.00003 1.00293 1.05144 1.68004 8.38727 11.1664 11.671 11.6976 11.604 11.5855 11.1664 8.38727 3.54831 1.97233 1.69044 1.66919 1.68849 1.71089 1.99945 3.59146 7.39832 8.33816 4.67777 2.5678 2.61705 4.75943 8.39924 7.44708 1.65131 1.1195 1.02174 1.00161 1.00169 1.02451 1.14622 1.70611 1.06027 1.00274 1.00011 0.999995 0.999994 1.00011 1.00274 
1.00232 1.00013 1.00004 1.00005 1.00005 1.00004 1.00013 1.00232 1.04129 1.00209 1.00004 1.00005 1.00005 1.00004 1.00209 1.04129 2.39204 3.05714 3.25192 3.14956 3.14956 3.25192 3.05714 2.39204 1.32853 1.0607 1.0464 1.02935 1.02935 1.0464 1.0607 1.32853 2.34158 2.48687 1.44446 1.15126 1.15126 1.44446 2.48687 2.34158 1.08239 1.00673 1.00121 1.00008 1.00008 1.00122 1.00673 1.08239 1.00474 1.0002 1.00003 1.00005 1.00005 1.00003 1.0002 
1.00004 0.999984 0.999996 0.999996 0.999996 0.999996 0.999984 1.00004 1.00152 0.999979 0.999985 0.999996 0.999996 0.999985 0.999979 1.00152 1.1664 1.25493 1.29384 1.26431 1.26431 1.29384 1.25493 1.1664 1.02186 0.999388 0.998788 0.998401 0.998401 0.998788 0.999388 1.02186 1.12274 1.1333 1.0228 1.00669 1.00669 1.0228 1.1333 1.12274 1.00449 1.00019 0.999928 0.999982 0.999982 0.999929 1.00019 1.00449 1.00025 0.99998 0.999992 0.999996 0.999996 0.999992 0.99998 
1.00004 0.999996 1 1 1 1 0.999996 1.00004 0.999993 0.999928 1 1 1 1 0.999928 0.999993 1.01158 1.01833 1.02272 1.01869 1.01869 1.02272 1.01833 1.01158 1.00082 0.999719 0.999761 0.999785 0.999785 0.999761 0.999719 1.00082 1.00403 1.00446 1.00041 1.00015 1.00015 1.00041 1.00446 1.00403 1.00016 0.999915 0.999988 0.999999 0.999999 0.999988 0.999915 1.00016 1.00003 0.999991 1 1 1 1 0.999991 
1.00006 0.999996 1 1 1 1 0.999996 1.00006 1.00001 0.999944 1 1 1 1 0.999944 1.00001 1.00043 1.00054 1.0008 1.0006 1.0006 1.0008 1.00054 1.00043 1.00005 0.999976 1.00004 1.00004 1.00004 1.00004 0.999976 1.00005 1.00006 0.999905 0.999957 0.999977 0.999977 0.999957 0.999905 1.00006 0.999983 0.999941 1 1 1 1 0.999941 0.999983 1.00005 0.999996 1 1 1 1 0.999996 
0 0 0 0 1 1 0.999996 1.00006 1.00001 0.999944 1 1 1 1 0.999944 1.00001 1.00043 1.00054 1.0008 1.0006 1.00057 1.00076 1.00052 1.00042 1.00005 0.999977 1.00004 1.00004 1.00004 1.00004 0.999976 1.00005 1.00007 0.999912 0.999957 0.999977 0.999977 0.999957 0.999905 1.00006 0.999985 0.999941 1 1 1 1 0.999941 0.999983 1.00005 0.999996 1 1 0 0 0 
0 0 0 0 1 1 0.999996 1.00004 0.999984 0.999928 1 1 1 1 0.999928 0.999993 1.01158 1.01833 1.02272 1.01869 1.01818 1.02207 1.01781 1.01126 1.00079 0.99972 0.999765 0.999789 0.999785 0.999761 0.999719 1.00082 1.00427 1.00462 1.00041 1.00015 1.00015 1.00041 1.00446 1.00403 1.00015 0.999915 0.999988 0.999999 0.999999 0.999988 0.999915 1.00016 1.00003 0.999991 1 1 0 0 0 
0 0 0 0 0.999996 0.999996 0.999984 1.00004 1.0014 0.99998 0.999985 0.999996 0.999996 0.999985 0.999979 1.00152 1.1664 1.25493 1.29384 1.26431 1.25966 1.28825 1.25024 1.16348 1.02127 0.999315 0.99872 0.998369 0.998401 0.998788 0.999388 1.02186 1.12536 1.13534 1.02282 1.00669 1.00669 1.0228 1.1333 1.12274 1.0045 1.00018 0.999929 0.999981 0.999982 0.999928 1.00019 1.00449 1.00025 0.99998 0.999992 0.999996 0 0 0 
