0 0 0 0 1.00002 1.00011 1.00437 1.08879 1.62523 1.12549 1.01144 1.00054 1.00054 1.01151 1.12605 1.62941 2.28783 2.622 2.80687 2.82532 2.81898 2.79767 2.60984 2.28024 2.15317 3.38712 6.5036 7.7592 7.70137 6.45236 3.34998 2.14116 1.98234 2.05987 1.37021 1.09758 1.09628 1.36368 2.04711 1.96918 1.1658 1.05387 1.00724 1.00035 1.00035 1.00725 1.05477 1.16646 1.03013 1.00159 1.00008 1.00005 0 0 0 
0 0 0 0 0.999993 0.99996 1.0002 1.00565 1.04769 1.00623 1.00028 0.99991 0.99991 1.00028 1.00624 1.04798 1.11428 1.15238 1.17988 1.18058 1.18033 1.17934 1.15162 1.11382 1.12881 1.46727 2.69145 2.91947 2.88717 2.65375 1.45627 1.12639 1.11882 1.1271 1.02789 1.00438 1.00448 1.02817 1.12782 1.11942 1.00845 1.0024 1.00025 0.999973 0.999973 1.00025 1.00248 1.00855 1.00144 0.99999 0.999979 0.999996 0 0 0 
0 0 0 0 1 0.999995 0.999977 1.00022 1.00147 1.00001 0.999941 0.999992 0.999992 0.999941 1.00001 1.00148 1.00396 1.00536 1.00706 1.00704 1.00705 1.00705 1.00534 1.00395 1.00861 1.06066 1.33164 1.35512 1.34735 1.32236 1.05891 1.00838 1.00599 1.00605 1.00096 1.00012 1.00013 1.00098 1.00616 1.00609 1.00019 0.999991 0.999981 0.999996 0.999996 0.999981 0.999998 1.00019 1.00007 0.999978 1 1 0 0 0 
0 0 0 0 1 1 0.999992 1.00003 0.999983 0.999891 0.999997 1 1 0.999997 0.999891 0.999983 1.00004 0.999925 1.00003 1.00002 1.00003 1.00003 0.999926 1.00004 1.00032 1.00392 1.03749 1.03808 1.03697 1.03631 1.00377 1.00031 1.00023 1.00009 0.999992 0.999965 0.999965 0.999995 1.0001 1.00024 0.999983 0.99991 0.999997 1 1 0.999997 0.999909 0.999982 1.00005 0.999996 1 1 0 0 0 
1.00003 0.999992 1 1 1 1 0.999992 1.00003 0.999983 0.999891 0.999997 1 1 0.999997 0.999891 0.999983 1.00004 0.999925 1.00003 1.00002 1.00002 1.00003 0.999925 1.00004 1.00032 1.00392 1.03749 1.03808 1.03808 1.03749 1.00392 1.00032 1.00024 1.0001 0.999995 0.999965 0.999965 0.999995 1.0001 1.00024 0.999982 0.999909 0.999997 1 1 0.999997 0.99991 0.999983 1.00005 0.999996 1 1 1 1 0.999996 
1.00022 0.999977 0.999995 1 1 0.999995 0.999977 1.00022 1.00148 1.00001 0.999941 0.999992 0.999992 0.999941 1.00001 1.00148 1.00396 1.00536 1.00706 1.00704 1.00704 1.00706 1.00536 1.00396 1.00861 1.06066 1.33164 1.35512 1.35512 1.33164 1.06066 1.00861 1.00609 1.00616 1.00098 1.00013 1.00013 1.00098 1.00616 1.00609 1.00019 0.999998 0.999981 0.999996 0.999996 0.999981 0.999991 1.00019 1.00007 0.999978 1 1 1 1 0.999978 
1.00565 1.0002 0.99996 0.999993 0.999993 0.99996 1.0002 1.00565 1.04798 1.00624 1.00028 0.99991 0.99991 1.00028 1.00624 1.04798 1.11428 1.15238 1.17988 1.18058 1.18058 1.17988 1.15238 1.11428 1.12881 1.46727 2.69145 2.91947 2.91947 2.69145 1.46727 1.12881 1.11942 1.12782 1.02817 1.00448 1.00448 1.02817 1.12782 1.11942 1.00855 1.00248 1.00025 0.999973 0.999973 1.00025 1.0024 1.00845 1.00144 0.99999 0.999979 0.999996 0.999996 0.999979 0.99999 
1.08879 1.00437 1.00011 1.00002 1.00002 1.00011 1.00437 1.08879 1.62941 1.12605 1.01151 1.00054 1.00054 1.01151 1.12605 1.62941 2.28783 2.622 2.80687 2.82532 2.82532 2.80687 2.622 2.28783 2.15317 3.38712 6.5036 7.7592 7.7592 6.5036 3.38712 2.15317 1.96918 2.04711 1.36368 1.09628 1.09628 1.36368 2.04711 1.96918 1.16646 1.05477 1.00725 1.00035 1.00035 1.00724 1.05387 1.1658 1.03013 1.00159 1.00008 1.00005 1.00005 1.00008 1.00159 
2.16201 1.1574 1.0095 1.00018 1.00018 1.0095 1.1574 2.16201 4.56149 2.15011 1.16067 1.01316 1.01316 1.16067 2.15011 4.56149 6.71269 7.89385 8.7906 8.86068 8.86068 8.7906 7.89385 6.71269 6.25458 7.8513 11.0653 13.8772 13.8946 11.0312 7.85227 6.26781 6.23655 6.51889 4.64176 2.74186 2.77266 4.67873 6.54733 6.25388 2.36642 1.51218 1.08466 1.00685 1.00699 1.08563 1.51847 2.3772 1.2918 1.01541 1.00022 0.999992 0.999992 1.00024 1.01566 
1.18761 1.01731 1.00074 0.999873 0.999873 1.00074 1.01731 1.18761 1.64303 1.13282 1.01103 1.00029 1.00029 1.01103 1.13282 1.64303 2.32737 2.67538 2.82945 2.84821 2.84821 2.82945 2.67538 2.32737 2.13629 3.45625 5.35556 6.33138 6.42737 5.44264 3.54286 2.15569 2.21565 2.26967 1.60673 1.16696 1.167 1.60288 2.26285 2.20769 1.17227 1.0431 1.00307 0.999974 0.999988 1.00321 1.04376 1.17264 1.02209 1.00059 0.99991 0.999928 0.999928 0.999912 1.00062 
1.01534 1.00092 0.999935 0.999989 0.999989 0.999935 1.00092 1.01534 1.0522 1.00677 1.00019 0.999908 0.999908 1.00019 1.00677 1.0522 1.12803 1.16971 1.19356 1.1938 1.1938 1.19356 1.16971 1.12803 1.13352 1.51998 2.32542 2.42564 2.47515 2.39461 1.55226 1.13829 1.15953 1.16912 1.05467 1.00774 1.00769 1.05404 1.16892 1.15926 1.00952 1.00113 0.99992 0.999986 0.999986 0.999923 1.00115 1.00952 1.00082 0.999951 0.999993 1 1 0.999993 0.999952 
1.00074 0.999968 0.999982 1 1 0.999982 0.999968 1.00074 1.00186 0.999977 0.999938 0.999997 0.999997 0.999938 0.999977 1.00186 1.00563 1.00774 1.00929 1.00922 1.00922 1.00929 1.00774 1.00563 1.00916 1.07763 1.30712 1.30157 1.31535 1.32505 1.08309 1.00967 1.01154 1.01282 1.00234 1.00006 1.00006 1.00227 1.01282 1.01154 1.00013 0.999906 1.00001 1 1 1.00001 0.999907 1.00013 1.00004 0.999989 1 1 1 1 0.999989 
1.00074 0.999968 0.999982 1 1 0.999982 0.999968 1.00074 1.00186 0.999977 0.999939 0.999997 0.999997 0.999938 0.999977 1.00186 1.00563 1.00774 1.00929 1.00922 1.00922 1.00929 1.00791 1.00575 1.00967 1.08309 1.32505 1.31535 1.31535 1.32505 1.08309 1.00967 1.01154 1.01282 1.00227 1.00006 1.00006 1.00227 1.01282 1.01154 1.00013 0.999907 1.00001 1 1 1.00001 0.999909 1.00015 1.00004 0.999989 1 1 1 1 0.999989 
1.01533 1.00092 0.999935 0.999989 0.999989 0.999935 1.00092 1.01534 1.05222 1.00678 1.0002 0.999909 0.999908 1.00019 1.00677 1.0522 1.12803 1.16971 1.19356 1.1938 1.1938 1.19357 1.17154 1.12935 1.13829 1.55226 2.39461 2.47515 2.47515 2.39461 1.55226 1.13829 1.15926 1.16892 1.05404 1.00769 1.00774 1.05404 1.16892 1.15926 1.00952 1.00115 0.999909 0.999985 0.999986 0.999925 1.0012 1.00988 1.00082 0.999952 0.999993 1 1 0.999993 0.999951 
1.18705 1.01721 1.00074 0.999872 0.999873 1.00074 1.01731 1.18761 1.64279 1.13303 1.01115 1.00029 1.00029 1.01103 1.13282 1.64303 2.32737 2.67538 2.82945 2.84821 2.84556 2.82674 2.68304 2.33366 2.15569 3.54286 5.44264 6.42737 6.42737 5.44264 3.54286 2.15569 2.20769 2.26285 1.60288 1.167 1.16696 1.60288 2.26285 2.20769 1.17264 1.04376 1.003 1.00001 0.999994 1.00321 1.04493 1.17683 1.02209 1.00062 0.999912 0.999928 0.999928 0.99991 1.00059 
2.18029 1.16083 1.00976 1.00018 1.00018 1.0095 1.1574 2.16201 4.59853 2.16715 1.15772 1.01277 1.01316 1.16067 2.15011 4.56149 6.71269 7.89385 8.7906 8.86068 8.95721 8.88978 8.00204 6.80185 6.26781 7.85227 11.0312 13.8946 13.8946 11.0312 7.85227 6.26781 6.25388 6.54733 4.67873 2.77266 2.74186 4.67873 6.54733 6.25388 2.3772 1.51847 1.08648 1.00779 1.00767 1.09169 1.5379 2.41324 1.2918 1.01566 1.00024 0.999992 0.999991 1.00022 1.01541 
7.15837 2.36688 1.15163 1.00832 1.00832 1.15163 2.36688 7.15837 14.4114 7.39125 2.48948 1.23742 1.23502 2.48034 7.39125 14.4114 21.935 25.8154 26.5599 26.3706 26.4715 26.6427 25.6449 21.754 15.5834 16.6359 20.4108 23.6152 23.6175 20.4141 16.6366 15.5838 13.377 14.0735 11.5624 8.00144 8.00144 11.5624 14.0735 13.377 6.77907 4.17757 2.08426 1.18435 1.1736 2.03788 4.09561 6.62831 3.62489 1.39827 1.02909 1.00076 1.00076 1.02909 1.39827 
8.79164 2.75897 1.20559 1.0118 1.0118 1.20559 2.75897 8.79164 17.4541 9.29183 2.92074 1.32346 1.31937 2.90225 9.29183 17.4541 23.8065 28.9135 30.1876 30.4056 30.4047 30.1809 28.8892 23.7172 13.9847 13.9277 18.9949 24.3259 24.3275 18.9953 13.9304 13.9818 14.3103 15.7556 10.7957 5.49771 5.49771 10.7957 15.7556 14.3103 5.58935 3.04587 1.4457 1.05897 1.06251 1.45577 3.04222 5.72168 2.51524 1.18663 1.01163 1.00015 1.00015 1.01163 1.18663 
6.6801 2.20698 1.13175 1.00715 1.00715 1.13175 2.20698 6.6801 13.8219 7.25064 2.37394 1.21344 1.21084 2.36151 7.25064 13.8219 18.6663 22.8809 23.9437 24.1479 24.1102 23.8777 22.8224 18.5745 9.83882 10.5018 16.4143 20.7603 20.7607 16.4152 10.5009 9.83636 11.3163 12.706 8.27378 3.80132 3.80132 8.27378 12.706 11.3163 4.09915 2.23112 1.22688 1.02621 1.0285 1.23575 2.23988 4.21185 1.87842 1.09241 1.0049 1.00005 1.00005 1.0049 1.09241 
4.11974 1.48469 1.0355 1.00099 1.00099 1.0355 1.48469 4.11974 8.77087 4.0236 1.44332 1.03908 1.0386 1.44012 4.0236 8.77087 12.1245 15.1934 15.6829 15.7505 15.8004 15.7828 15.2558 12.1341 6.03899 8.01405 14.7833 18.0944 18.0949 14.7844 8.01255 6.0385 7.52103 8.31727 4.74094 1.85431 1.85431 4.74094 8.31727 7.52103 2.26413 1.32768 1.03729 1.00233 1.00259 1.03917 1.33284 2.32175 1.20413 1.01144 1.00024 1.00001 1.00001 1.00024 1.01144 
4.12795 1.48377 1.03551 1.00099 1.00099 1.0355 1.48469 4.11974 8.77371 4.01336 1.44012 1.0386 1.0386 1.44012 4.0236 8.77087 12.1341 15.2558 15.7828 15.8004 15.8004 15.7828 15.1934 12.1245 6.0385 8.01255 14.7844 18.0949 18.0944 14.7833 8.01255 6.0385 7.62734 8.39882 4.70728 1.8335 1.85431 4.74094 8.31727 7.52103 2.26419 1.32211 1.03917 1.00259 1.00233 1.03729 1.32768 2.26413 1.20413 1.01144 1.00024 1.00001 1.00001 1.00029 1.01203 
6.71016 2.20463 1.13177 1.00715 1.00715 1.13175 2.20698 6.6801 13.8315 7.22381 2.36151 1.21084 1.21084 2.36151 7.25064 13.8219 18.5745 22.8224 23.8777 24.1102 24.1102 23.8777 22.8809 18.6663 9.83636 10.5009 16.4152 20.7607 20.7603 16.4143 10.5009 9.83636 11.5676 12.9275 8.22641 3.72087 3.80132 8.27378 12.706 11.3163 4.09954 2.21105 1.23575 1.0285 1.02621 1.22688 2.23112 4.09915 1.87842 1.09241 1.0049 1.00005 1.00008 1.00527 1.09594 
8.83364 2.75477 1.20562 1.0118 1.0118 1.20559 2.75897 8.79164 17.4656 9.25308 2.90225 1.31937 1.31937 2.90225 9.29183 17.4541 23.7172 28.8892 30.1809 30.4047 30.4047 30.1809 28.9135 23.8065 13.9818 13.9304 18.9953 24.3275 24.3259 18.9949 13.9304 13.9818 14.6252 16.0424 10.7434 5.38666 5.49771 10.7957 15.7556 14.3103 5.58975 3.01938 1.45577 1.06251 1.05897 1.4457 3.04587 5.58935 2.51524 1.18663 1.01163 1.00015 1.00019 1.01216 1.19137 
7.21448 2.36896 1.15166 1.00832 1.00832 1.15163 2.36688 7.15837 14.4804 7.38518 2.48034 1.23502 1.23502 2.48034 7.39125 14.4114 21.754 25.6449 26.6427 26.4715 26.4715 26.6427 25.8154 21.935 15.5838 16.6366 20.4141 23.6175 23.6152 20.4108 16.6366 15.5838 13.983 14.6796 11.7337 8.12107 8.00144 11.5624 14.0735 13.377 6.8737 4.2488 2.03788 1.1736 1.18435 2.08426 4.17757 6.77907 3.62489 1.39827 1.02909 1.00076 1.00078 1.02974 1.40601 
9.09689 2.77875 1.20868 1.01094 1.01075 1.20703 2.76948 9.0585 19.2439 8.65688 2.74661 1.24651 1.24651 2.74661 8.68455 19.2166 29.4217 32.3225 33.1802 33.2922 33.2922 33.1802 32.3257 29.4178 26.8743 27.9248 30.6662 32.2817 32.2817 30.6662 27.9248 26.8743 26.8837 27.8346 26.4651 25.1572 25.9496 27.2237 27.814 26.9124 19.5215 17.1734 9.89263 3.674 3.55 9.62788 17.0942 19.3376 10.8571 3.07348 1.24576 1.01275 1.01258 1.2441 3.06107 
10.5204 3.11874 1.25843 1.01409 1.01385 1.25653 3.11024 10.482 21.8723 10.0416 3.11285 1.31401 1.31401 3.11285 10.0993 21.8351 32.2402 34.1026 34.6213 34.7115 34.7115 34.6213 34.1005 32.2175 30.7384 31.033 32.4982 33.701 33.701 32.4982 31.033 30.7384 30.8671 32.6925 32.7914 32.5869 32.4926 32.7226 32.6749 30.9158 21.5329 19.6517 11.1923 4.10857 4.01978 11.0681 19.7489 21.6777 12.0526 3.36983 1.28568 1.01447 1.01437 1.28492 3.36563 
10.8153 3.1794 1.26546 1.01451 1.01426 1.26351 3.17056 10.776 22.7098 10.4721 3.20132 1.32862 1.32862 3.20132 10.5276 22.6713 33.1579 34.5212 34.8936 34.9548 34.9548 34.8936 34.5215 33.132 33.0664 33.347 33.9996 34.5229 34.5229 33.9996 33.347 33.0664 31.9844 33.9932 34.5194 34.5741 34.57 34.5299 33.9851 32.0456 22.5095 20.8165 11.765 4.26252 4.17296 11.6377 20.8944 22.6439 12.5683 3.48499 1.30002 1.01524 1.01515 1.29927 3.48084 
10.8209 3.15527 1.25526 1.01332 1.01316 1.25408 3.15048 10.7954 22.9066 10.4287 3.17693 1.31446 1.31446 3.17693 10.4678 22.8764 33.35 34.5616 34.9286 34.9849 34.9849 34.9286 34.566 33.3189 33.9236 34.3423 34.6375 34.8433 34.8433 34.6375 34.3423 33.9236 32.2113 34.2777 34.8279 34.914 34.9147 34.8364 34.2734 32.2733 22.9128 21.1936 11.7499 4.20581 4.14249 11.667 21.2461 22.999 12.6954 3.50805 1.30159 1.01503 1.01497 1.30108 3.50526 
10.7954 3.15048 1.25408 1.01316 1.01316 1.25408 3.15048 10.7954 22.8764 10.4678 3.22256 1.32456 1.31446 3.17693 10.4678 22.8764 33.3189 34.566 34.9263 34.9839 34.9839 34.9286 34.5616 33.35 33.9251 34.3423 34.6375 34.8433 34.8433 34.6375 34.3423 33.9236 32.2198 34.3269 34.8406 34.9162 34.914 34.8279 34.2777 32.2113 22.999 21.2461 11.667 4.14249 4.14249 11.667 21.1802 22.9864 12.6954 3.50805 1.30159 1.01503 1.01503 1.30159 3.50805 
10.776 3.17056 1.26351 1.01426 1.01426 1.26351 3.17056 10.776 22.6713 10.5276 3.26632 1.3428 1.32862 3.20132 10.5276 22.6713 33.132 34.5215 34.8863 34.9518 34.9518 34.8936 34.5212 33.1579 33.0677 33.3469 33.9997 34.5229 34.5229 33.9996 33.347 33.0664 31.9848 34.0883 34.5391 34.5742 34.5741 34.5194 33.9932 31.9844 22.6439 20.8944 11.6377 4.17296 4.17296 11.6377 20.7986 22.5751 12.5683 3.48499 1.30002 1.01524 1.01524 1.30002 3.48499 
10.482 3.11024 1.25653 1.01385 1.01385 1.25653 3.11024 10.482 21.8351 10.0993 3.17291 1.32725 1.31401 3.11285 10.0993 21.8351 32.2175 34.1005 34.6007 34.6965 34.6965 34.6213 34.1026 32.2402 30.7407 31.0314 32.4981 33.7011 33.701 32.4982 31.033 30.7384 30.8284 32.76 32.7321 32.4897 32.5869 32.7914 32.6925 30.8671 21.6777 19.7489 11.0681 4.01978 4.01978 11.0681 19.6426 21.6003 12.0526 3.36983 1.28568 1.01447 1.01447 1.28568 3.36983 
9.0585 2.76948 1.20703 1.01075 1.01075 1.20703 2.76948 9.0585 19.2166 8.68455 2.7896 1.25559 1.24651 2.74661 8.68455 19.2166 29.4178 32.3257 33.3945 33.5223 33.5223 33.1802 32.3225 29.4217 26.8747 27.9293 30.6693 32.2846 32.2817 30.6662 27.9248 26.8743 27.386 28.8116 27.372 26.0928 25.1572 26.4651 27.8346 26.8837 19.3376 17.0942 9.62788 3.55 3.55 9.62788 17.2144 19.6443 10.8571 3.07348 1.24576 1.01275 1.01275 1.24576 3.07348 
5.46623 1.72625 1.06219 1.00229 1.00237 1.06312 1.73233 5.49474 13.9032 5.23899 1.66444 1.05251 1.0526 1.66553 5.26912 14.0573 30.0606 33.3561 34.5322 34.7488 34.7488 34.5322 33.3525 30.1343 33.6563 34.4958 34.7892 34.8105 34.8149 34.7919 34.5096 33.6824 31.2036 32.976 32.9168 32.6723 32.7945 33.0072 33.0459 31.1788 22.167 19.0437 11.5505 4.65355 4.65355 11.5505 19.0124 22.1955 13.0317 3.93506 1.43512 1.03645 1.03645 1.43512 3.93506 
3.75773 1.3484 1.02264 1.00049 1.00052 1.02318 1.35311 3.78576 11.0881 3.62593 1.30522 1.0162 1.01623 1.3057 3.64663 11.2351 29.2311 33.2094 34.6271 34.8969 34.8969 34.6271 33.2037 29.3305 34.1381 34.7274 34.885 34.9094 34.9086 34.8847 34.729 34.1477 32.4494 34.2995 34.547 34.5354 34.5162 34.5263 34.244 32.3533 23.2028 19.8565 12.1054 4.88292 4.88292 12.1054 19.8594 23.2687 13.561 4.08538 1.46201 1.03939 1.03939 1.46201 4.08538 
3.4394 1.29075 1.01785 1.00042 1.00045 1.01833 1.29499 3.46618 10.4855 3.3335 1.25567 1.01267 1.01268 1.25574 3.35071 10.6263 29.0194 33.1756 34.6512 34.9351 34.9351 34.6512 33.17 29.1264 34.3461 34.8402 34.9519 34.9757 34.9758 34.9521 34.8419 34.3565 32.6962 34.5535 34.8865 34.9259 34.925 34.8818 34.5202 32.6036 23.5625 20.1584 12.1418 4.86709 4.86709 12.1418 20.1598 23.629 13.7497 4.11215 1.46374 1.03937 1.03937 1.46374 4.11215 
3.3637 1.27218 1.01564 1.00032 1.00033 1.01597 1.27521 3.38358 10.426 3.26707 1.24594 1.01211 1.01211 1.24596 3.27886 10.5568 29.0284 33.1952 34.6654 34.9431 34.9431 34.6654 33.1903 29.142 34.4079 34.8822 34.9748 34.9918 34.9918 34.9748 34.8829 34.4121 32.6996 34.5559 34.9322 34.9817 34.9815 34.9305 34.5444 32.6442 23.9197 20.5785 11.8612 4.60952 4.60952 11.8612 20.5799 23.9939 13.9267 4.04331 1.43782 1.03374 1.03374 1.43782 4.04331 
3.38358 1.27521 1.01597 1.00033 1.00033 1.01597 1.27521 3.38358 10.426 3.26707 1.24594 1.01211 1.01211 1.24594 3.26707 10.426 29.142 33.1903 34.6654 34.9431 34.9442 34.6698 33.1952 29.0284 34.4121 34.8829 34.9748 34.9918 34.9918 34.9748 34.8822 34.4079 32.6442 34.5444 34.9305 34.9815 34.9817 34.9322 34.5559 32.6996 23.9939 20.5799 11.8605 4.60897 4.60952 11.8612 20.5785 23.9197 13.9267 4.04331 1.43782 1.03374 1.03309 1.4335 4.02226 
3.46618 1.29499 1.01833 1.00045 1.00045 1.01833 1.29499 3.46618 10.4855 3.3335 1.25567 1.01267 1.01267 1.25567 3.3335 10.4855 29.1264 33.17 34.6512 34.9351 34.9369 34.658 33.1756 29.0194 34.3565 34.8419 34.9521 34.9758 34.9757 34.9519 34.8402 34.3461 32.6036 34.5202 34.8818 34.925 34.9259 34.8865 34.5535 32.6962 23.629 20.1598 12.1427 4.86743 4.86709 12.1418 20.1584 23.5625 13.7497 4.11215 1.46374 1.03937 1.0384 1.45767 4.08293 
3.78576 1.35311 1.02318 1.00052 1.00052 1.02318 1.35311 3.78576 11.0881 3.62593 1.30522 1.0162 1.0162 1.30522 3.62593 11.0881 29.3305 33.2037 34.6271 34.8969 34.8978 34.6334 33.2094 29.2311 34.1477 34.729 34.8847 34.9086 34.9094 34.885 34.7274 34.1381 32.3533 34.244 34.5263 34.5162 34.5354 34.547 34.2995 32.4494 23.2687 19.8594 12.105 4.88288 4.88292 12.1054 19.8565 23.2028 13.561 4.08538 1.46201 1.03939 1.0384 1.45589 4.05571 
5.49474 1.73233 1.06312 1.00237 1.00237 1.06312 1.73233 5.49474 13.9032 5.23899 1.66444 1.05251 1.05251 1.66444 5.23899 13.9032 30.1343 33.3525 34.5322 34.7488 34.7576 34.5439 33.3561 30.0606 33.6824 34.5096 34.7919 34.8149 34.8105 34.7892 34.4958 33.6563 31.1788 33.0459 33.0072 32.7945 32.6723 32.9168 32.976 31.2036 22.1955 19.0124 11.5377 4.65185 4.65355 11.5505 19.0437 22.167 13.0317 3.93506 1.43512 1.03645 1.03564 1.43008 3.91011 
8.11509 2.4705 1.16882 1.00944 1.00944 1.16882 2.4705 8.11509 17.7926 7.77247 2.42302 1.17669 1.17669 2.42302 7.77247 17.7926 31.8967 33.7934 34.6452 34.7975 34.7917 34.6371 33.7643 31.8878 32.7837 34.1562 34.4296 34.2706 34.2498 34.4178 34.1348 32.7552 29.3651 32.3999 32.6596 32.5315 32.5494 32.6651 32.3436 29.6187 15.6045 12.5209 9.00839 4.93779 4.93606 8.99513 12.4894 15.4796 9.32119 3.67129 1.4986 1.05839 1.0569 1.49023 3.64312 
9.81798 2.93042 1.23625 1.01394 1.01394 1.23625 2.93042 9.81798 20.7269 9.53566 2.88485 1.25891 1.25891 2.88485 9.53566 20.7269 33.3614 34.3978 34.8451 34.9243 34.9223 34.837 34.39 33.3725 33.8145 34.552 34.7095 34.7086 34.7089 34.7087 34.5485 33.8152 31.6911 34.0172 34.3902 34.3975 34.3796 34.362 33.9834 31.9157 19.5429 16.1554 12.0654 6.8142 6.8107 12.0482 16.1312 19.4332 11.9096 4.67276 1.71946 1.09185 1.0893 1.70483 4.61502 
10.1919 3.01937 1.24818 1.01477 1.01477 1.24818 3.01937 10.1919 21.3355 9.87973 2.96138 1.27091 1.27091 2.96138 9.87973 21.3355 33.7101 34.5905 34.9279 34.9808 34.9795 34.9242 34.5838 33.7166 34.2482 34.7793 34.8905 34.9112 34.9111 34.8898 34.7766 34.2458 32.3869 34.451 34.858 34.9119 34.9115 34.8571 34.4383 32.6197 20.9567 17.3457 12.7982 7.12268 7.12189 12.7946 17.3328 20.8638 12.8679 4.97777 1.77453 1.09808 1.09539 1.75927 4.91711 
10.2555 3.02046 1.24422 1.01392 1.01392 1.24422 3.02046 10.2555 21.4064 9.9389 2.97279 1.26783 1.26783 2.97279 9.9389 21.4064 33.7611 34.6148 34.9414 34.9899 34.9895 34.9401 34.6117 33.7641 34.3831 34.8632 34.9565 34.9746 34.9745 34.9561 34.8615 34.3821 32.5732 34.5178 34.921 34.9785 34.9787 34.9217 34.5085 32.7735 21.9735 18.1543 12.5067 6.52275 6.52236 12.5039 18.1488 21.8925 13.3189 4.73476 1.67605 1.07552 1.07375 1.66598 4.69185 
10.24 3.0131 1.2425 1.01371 1.01392 1.24422 3.02046 10.2555 21.4064 9.9389 2.97279 1.26783 1.26783 2.97278 9.91864 21.4998 33.7641 34.6117 34.9401 34.9895 34.9895 34.9401 34.6117 33.7641 34.3821 34.8615 34.9561 34.9745 34.9745 34.9561 34.8615 34.3821 32.7735 34.5085 34.921 34.9785 34.9785 34.921 34.5178 32.5732 21.8925 18.1488 12.5039 6.52236 6.52275 12.5039 18.1488 21.8925 13.3189 4.73476 1.67605 1.07552 1.07552 1.67605 4.73476 
10.1779 3.01073 1.24604 1.0145 1.01477 1.24818 3.01937 10.1919 21.3355 9.87973 2.96138 1.27091 1.2709 2.96131 9.86084 21.425 33.7166 34.5838 34.9242 34.9795 34.9795 34.9242 34.5838 33.7166 34.2458 34.7766 34.8898 34.9111 34.9111 34.8898 34.7766 34.2458 32.6197 34.4383 34.858 34.9119 34.9119 34.858 34.451 32.3869 20.8638 17.3328 12.7946 7.12189 7.12268 12.7946 17.3328 20.8638 12.8679 4.97777 1.77453 1.09808 1.09808 1.77453 4.97777 
9.80418 2.92212 1.2342 1.01368 1.01394 1.23625 2.93042 9.81798 20.7269 9.53566 2.88485 1.25891 1.25888 2.88454 9.51621 20.8119 33.3725 34.39 34.837 34.9223 34.9223 34.837 34.39 33.3725 33.8152 34.5485 34.7087 34.7089 34.7089 34.7087 34.5485 33.8152 31.9157 33.9834 34.3902 34.3975 34.3975 34.3902 34.0172 31.6911 19.4332 16.1312 12.0482 6.8107 6.8142 12.0482 16.1312 19.4332 11.9096 4.67276 1.71946 1.09185 1.09185 1.71946 4.67276 
8.09203 2.46301 1.16726 1.00926 1.00944 1.16882 2.4705 8.11509 17.7926 7.77247 2.42302 1.17669 1.1766 2.42177 7.75054 17.8617 31.8878 33.7643 34.6371 34.7917 34.7917 34.6371 33.7643 31.8878 32.7552 34.1348 34.4178 34.2498 34.2498 34.4178 34.1348 32.7552 29.6187 32.3436 32.6596 32.5315 32.5315 32.6596 32.3999 29.3651 15.4796 12.4894 8.99513 4.93606 4.93779 8.99513 12.4894 15.4796 9.32119 3.67129 1.4986 1.05839 1.05839 1.4986 3.67129 
4.62321 1.55262 1.04111 1.00122 1.00124 1.04142 1.55456 4.63363 12.3686 4.45794 1.53783 1.04516 1.04516 1.53783 4.50268 12.3192 27.949 32.0296 33.6303 33.892 33.892 33.6303 32.0296 27.949 27.4356 28.6946 29.2083 29.2422 29.2422 29.2083 28.6946 27.4356 22.8877 27.6948 27.0101 26.2718 26.2718 27.0101 27.5983 22.7984 8.49237 5.79847 3.00125 1.45777 1.37043 3.00125 5.79847 8.49237 4.43111 1.63011 1.0629 1.00339 1.00339 1.0629 1.63011 
3.82172 1.38119 1.0246 1.00042 1.00045 1.02506 1.38558 3.85171 11.1362 3.68299 1.36689 1.02736 1.02736 1.36689 3.71709 11.037 28.445 32.7187 34.3777 34.6779 34.6779 34.3777 32.7187 28.445 28.7058 30.9104 31.5244 31.9505 31.9505 31.5244 30.9104 28.7058 22.8097 30.0479 31.8596 32.0132 32.0132 31.8596 30.0055 22.7965 5.51669 2.92985 1.45404 1.0644 1.04678 1.45404 2.92985 5.51669 2.49886 1.1834 1.01093 1.0002 1.0002 1.01093 1.1834 
3.67581 1.35489 1.02247 1.00043 1.00045 1.0229 1.35914 3.70552 10.8639 3.53297 1.33907 1.02487 1.02487 1.33907 3.56754 10.7651 28.5488 32.9009 34.5791 34.8918 34.8918 34.5791 32.9009 28.5488 29.8368 32.7743 33.4358 33.7813 33.7813 33.4358 32.7743 29.8368 22.793 31.0598 33.7594 34.2754 34.2754 33.7594 31.0106 22.7909 4.22879 1.82605 1.09001 1.03457 1.01977 1.09001 1.82605 4.22879 1.833 1.08576 1.00387 1.00006 1.00006 1.00387 1.08576 
3.62222 1.33867 1.02032 1.00036 1.00037 1.02061 1.3416 3.64415 10.8614 3.47952 1.32167 1.02212 1.02212 1.32167 3.50612 10.7627 28.5671 32.893 34.6131 34.9245 34.9245 34.6131 32.893 28.5671 30.4478 33.6706 34.3498 34.5787 34.5787 34.3498 33.6706 30.4478 22.884 31.4003 34.2188 34.744 34.744 34.2188 31.3657 22.8813 3.98136 1.60659 1.04063 1.02288 1.01208 1.04063 1.60659 3.98136 1.66874 1.06189 1.00245 1.00002 1.00002 1.00245 1.06189 
3.64415 1.3416 1.02061 1.00037 1.00037 1.02061 1.33867 3.62222 10.7627 3.50612 1.32167 1.02212 1.02167 1.31779 3.47952 10.8614 28.5743 32.9081 34.6168 34.926 34.9245 34.6131 32.893 28.5671 30.4888 33.6815 34.3525 34.5794 34.5787 34.3498 33.6706 30.4478 22.7427 31.3064 34.2188 34.744 34.7379 34.1907 31.2876 22.886 3.86127 1.59798 1.03959 1.01029 1.02288 1.04063 1.60659 3.98136 1.66874 1.06189 1.00245 1.00002 1.00002 1.00237 1.06094 
3.70552 1.35914 1.0229 1.00045 1.00045 1.0229 1.35489 3.67581 10.7651 3.56754 1.33907 1.02487 1.02422 1.33376 3.53297 10.8639 28.5445 32.9302 34.5854 34.8942 34.8918 34.5791 32.9009 28.5488 29.8951 32.7905 33.4401 33.7825 33.7813 33.4358 32.7743 29.8368 22.653 30.9134 33.7594 34.2754 34.2662 33.7164 30.8989 22.7969 4.10242 1.81857 1.08747 1.01745 1.03457 1.09001 1.82605 4.22879 1.833 1.08576 1.00387 1.00006 1.00006 1.00374 1.08424 
3.85171 1.38558 1.02506 1.00045 1.00045 1.02506 1.38119 3.82172 11.037 3.71709 1.36689 1.02736 1.02668 1.36141 3.68299 11.1362 28.4235 32.7637 34.3873 34.6822 34.6779 34.3777 32.7187 28.445 28.7572 30.9246 31.5287 31.9518 31.9505 31.5244 30.9104 28.7058 22.6499 29.9071 31.8596 32.0132 32.0287 31.8434 29.9058 22.7882 5.40875 2.93499 1.44447 1.04527 1.0644 1.45404 2.92985 5.51669 2.49886 1.1834 1.01093 1.0002 1.0002 1.01073 1.18142 
4.63363 1.55456 1.04142 1.00124 1.00124 1.04142 1.55262 4.62321 12.3192 4.50268 1.53783 1.04516 1.04443 1.53151 4.45794 12.3686 27.7848 31.994 33.6095 33.8626 33.892 33.6303 32.0296 27.949 27.3114 28.5198 29.0227 29.0706 29.2422 29.2083 28.6946 27.4356 22.5291 27.4037 27.0101 26.2718 26.0436 26.7903 27.3871 22.6222 8.43802 5.8352 2.94874 1.35882 1.45777 3.00125 5.79847 8.49237 4.43111 1.63011 1.0629 1.00339 1.00339 1.06073 1.61529 
2.82828 1.22315 1.01304 1.00039 1.00035 1.01256 1.21931 2.80926 7.796 2.65082 1.19952 1.01238 1.01238 1.19995 2.64468 7.89445 21.5275 27.466 28.8256 29.083 28.9774 28.717 27.2502 21.3815 14.5957 11.4959 10.6799 10.2823 10.2823 10.6799 11.4959 14.5957 16.6566 20.1262 14.8733 10.1113 10.1919 14.9393 20.2028 16.7764 5.72933 2.73579 1.43862 1.05219 1.05287 1.42686 2.75941 5.80847 2.08428 1.10237 1.00518 1.00019 1.00019 1.00518 1.10237 
2.85997 1.23235 1.01416 1.00032 1.00027 1.01361 1.22872 2.84825 7.83935 2.64346 1.20808 1.01352 1.01352 1.2081 2.6286 7.90438 22.7776 30.5928 32.5288 32.8115 32.8154 32.5302 30.5709 22.8073 12.315 6.70719 5.17951 4.52326 4.52326 5.17951 6.70719 12.315 17.6367 20.6148 12.9549 5.88994 5.87085 12.9296 20.632 17.698 5.65522 2.33957 1.3149 1.04924 1.04756 1.30501 2.33892 5.71108 2.02799 1.10844 1.00602 1.00014 1.00014 1.00602 1.10844 
2.87492 1.23281 1.01419 1.00039 1.00035 1.01364 1.2292 2.86356 7.94532 2.66837 1.21049 1.0137 1.0137 1.2105 2.65399 8.01165 23.2808 31.775 33.8288 34.1131 34.1124 33.8263 31.7614 23.3104 10.8607 4.06185 2.31548 1.88411 1.88411 2.31548 4.06185 10.8607 18.0408 20.7705 12.231 4.58507 4.5764 12.2154 20.79 18.0885 5.7158 2.31603 1.31089 1.04984 1.04791 1.30017 2.31357 5.77358 2.03748 1.11066 1.00618 1.00021 1.00021 1.00618 1.11066 
2.80748 1.20961 1.01169 1.00027 1.00024 1.01135 1.20735 2.80204 8.0544 2.66127 1.19497 1.01124 1.01124 1.19496 2.65374 8.12422 23.3732 31.9163 33.998 34.2855 34.2854 33.9986 31.9234 23.4003 10.4835 3.4524 1.6894 1.40873 1.40873 1.6894 3.4524 10.4835 18.0634 20.7374 12.1141 4.49845 4.49496 12.1061 20.7533 18.104 5.71873 2.26248 1.29346 1.04559 1.04418 1.28569 2.26018 5.77662 2.01214 1.10448 1.0056 1.00018 1.00018 1.0056 1.10448 
2.80204 1.20735 1.01135 1.00024 1.00027 1.01169 1.20735 2.80204 8.12422 2.65374 1.19496 1.01124 1.01148 1.19629 2.66127 8.0544 23.4003 31.9234 33.9986 34.2854 34.2854 33.9986 31.9234 23.4003 10.4994 3.44937 1.68907 1.40871 1.40873 1.6894 3.4524 10.4835 18.104 20.7533 12.1061 4.49496 4.49845 12.1141 20.7374 18.0634 5.77662 2.26018 1.28569 1.04418 1.04559 1.29346 2.26248 5.71873 2.01214 1.10448 1.0056 1.00018 1.00018 1.0056 1.10444 
2.86356 1.2292 1.01364 1.00035 1.00039 1.01419 1.2292 2.86356 8.01165 2.65399 1.2105 1.0137 1.01411 1.21293 2.66837 7.94532 23.3104 31.7614 33.8263 34.1124 34.1124 33.8263 31.7614 23.3104 10.8805 4.05813 2.31513 1.88409 1.88411 2.31548 4.06185 10.8607 18.0885 20.79 12.2154 4.5764 4.58507 12.231 20.7705 18.0408 5.77358 2.31357 1.30017 1.04791 1.04984 1.31089 2.31603 5.7158 2.03748 1.11066 1.00618 1.00021 1.00021 1.00618 1.11062 
2.84825 1.22872 1.01361 1.00027 1.00032 1.01416 1.22872 2.84825 7.90438 2.6286 1.2081 1.01352 1.01393 1.21056 2.64346 7.83935 22.8073 30.5709 32.5302 32.8154 32.8154 32.5302 30.5709 22.8073 12.3353 6.70512 5.18372 4.52719 4.52326 5.17951 6.70719 12.315 17.698 20.632 12.9296 5.87085 5.88994 12.9549 20.6148 17.6367 5.71108 2.33892 1.30501 1.04756 1.04924 1.3149 2.33957 5.65522 2.02799 1.10844 1.00602 1.00014 1.00014 1.00602 1.10841 
2.80926 1.21931 1.01256 1.00035 1.00039 1.01304 1.21931 2.80926 7.89445 2.64468 1.19995 1.01238 1.01264 1.20098 2.65082 7.796 21.3815 27.2502 28.717 28.9774 28.9774 28.717 27.2502 21.3815 14.4482 11.2856 10.4768 10.1033 10.2823 10.6799 11.4959 14.5957 16.7764 20.2028 14.9393 10.1919 10.1113 14.8733 20.1262 16.6566 5.80847 2.75941 1.42686 1.05287 1.05219 1.43862 2.73579 5.72933 2.08428 1.10237 1.00518 1.00019 1.00019 1.00518 1.10234 
1.1088 1.00753 1.00033 0.999978 0.999978 1.00033 1.00744 1.10639 1.75615 1.07891 1.00576 1.00008 1.0001 1.00605 1.08276 1.77665 8.50802 11.511 12.5551 12.6572 12.6572 12.5551 11.511 8.50802 4.00367 2.36838 2.04637 2.00205 1.97901 2.02284 2.36851 4.00367 7.38702 8.62189 5.70785 3.4026 3.35471 5.63599 8.62384 7.37733 1.83397 1.19328 1.03101 1.00261 1.00284 1.03381 1.20927 1.86482 1.10104 1.00573 1.00024 0.999979 0.99998 1.00024 1.00574 
1.01005 1.0005 0.999903 0.999925 0.999925 0.999905 1.00052 1.01015 1.08834 1.00582 1.00007 0.999883 0.999882 1.00007 1.00591 1.08845 2.6077 3.38456 3.59113 3.6061 3.6061 3.59113 3.38456 2.6077 1.51338 1.15546 1.09888 1.10251 1.10111 1.0971 1.15555 1.51338 2.71269 2.88813 1.80397 1.26002 1.25683 1.80315 2.90753 2.73435 1.09604 1.01437 1.00187 0.999985 0.999985 1.00189 1.01487 1.09481 1.00811 1.00032 0.999903 0.999926 0.999926 0.999902 1.00032 
1.00054 0.999953 0.999991 1 1 0.999991 0.999953 1.00055 1.00466 1.00007 0.99995 0.999999 0.999999 0.999949 1.00007 1.00466 1.17236 1.27929 1.30422 1.30299 1.30299 1.30422 1.27929 1.17236 1.04157 1.0134 1.01026 1.00904 1.00904 1.01025 1.01341 1.04157 1.27805 1.28324 1.06682 1.01014 1.0099 1.06725 1.28809 1.28377 1.00559 1.00025 0.999946 0.999974 0.999974 0.999948 1.00029 1.00547 1.0003 0.999943 0.999993 1 1 0.999993 0.999943 
1.00003 0.999987 1 1 1 1 0.999987 1.00003 1.00005 0.999885 0.999999 1 1 0.999999 0.999885 1.00005 1.00847 1.01535 1.01551 1.01613 1.01613 1.01551 1.01535 1.00847 1.00169 1.00082 1.0009 1.00073 1.00073 1.0009 1.00082 1.00169 1.02787 1.02571 1.00295 0.999908 0.999892 1.00302 1.02644 1.02879 1.00005 0.999859 0.999981 0.999999 0.999999 0.999981 0.999862 1.00002 1.00004 0.999989 1 1 1 1 0.999989 
1.00003 0.999987 1 1 1 1 0.999987 1.00003 1.00005 0.999885 0.999999 1 1 0.999999 0.999885 1.00005 1.00876 1.01601 1.01577 1.01645 1.01613 1.01551 1.01535 1.00847 1.00169 1.00082 1.0009 1.00073 1.00073 1.0009 1.00082 1.00169 1.02879 1.02644 1.00302 0.999892 0.999892 1.00302 1.02644 1.02879 1.00002 0.999862 0.999981 0.999999 0.999999 0.999981 0.999862 1.00002 1.00004 0.999989 1 1 1 1 0.999989 
1.00055 0.999953 0.999991 1 1 0.999991 0.999953 1.00055 1.00466 1.00007 0.99995 0.999999 0.999999 0.99995 1.00007 1.00466 1.17432 1.28406 1.30592 1.30514 1.30299 1.30422 1.27929 1.17236 1.04157 1.01341 1.01025 1.00904 1.00904 1.01026 1.0134 1.04157 1.28377 1.28809 1.06725 1.0099 1.0099 1.06725 1.28809 1.28377 1.00547 1.00029 0.999948 0.999974 0.999974 0.999946 1.00029 1.00547 1.0003 0.999943 0.999993 1 1 0.999993 0.999943 
1.01015 1.00052 0.999905 0.999925 0.999925 0.999905 1.00052 1.01015 1.08834 1.00582 1.00007 0.999883 0.999883 1.00007 1.00582 1.08834 2.60352 3.39377 3.59277 3.61088 3.6061 3.59113 3.38456 2.6077 1.51341 1.15555 1.0971 1.10111 1.10251 1.09888 1.15546 1.51338 2.73435 2.90753 1.80315 1.25683 1.25683 1.80315 2.90753 2.73435 1.09481 1.01487 1.00189 0.999985 0.999985 1.00187 1.01487 1.09481 1.00811 1.00032 0.999903 0.999926 0.999926 0.999903 1.00032 
1.10639 1.00744 1.00033 0.999978 0.999978 1.00033 1.00744 1.10639 1.75615 1.07891 1.00576 1.00008 1.00008 1.00576 1.07891 1.75615 8.29208 11.2898 12.333 12.4411 12.6572 12.5551 11.511 8.50802 4.00379 2.36851 2.02284 1.97901 2.00205 2.04637 2.36838 4.00367 7.37733 8.62384 5.63599 3.35471 3.35471 5.63599 8.62384 7.37733 1.86482 1.20927 1.03381 1.00284 1.00261 1.03101 1.20927 1.86482 1.10104 1.00573 1.00024 0.999979 0.999979 1.00024 1.00573 
1.00586 1.00038 1.00004 1.00006 1.00006 1.00004 1.00038 1.00586 1.07449 1.00499 1.00018 1.00005 1.00005 1.00018 1.00499 1.07449 2.7484 3.68045 3.96201 3.85412 3.85412 3.96201 3.68045 2.7484 1.54573 1.15978 1.12758 1.08461 1.08461 1.12758 1.15978 1.54573 2.67463 2.90397 1.71788 1.26728 1.26728 1.71788 2.90397 2.67463 1.12991 1.01392 1.00208 1.00013 1.00014 1.00211 1.01392 1.12991 1.01023 1.0005 1.00003 1.00006 1.00006 1.00003 1.0005 
1.00016 0.999979 0.999992 0.999996 0.999996 0.999992 0.999979 1.00016 1.00376 1.00011 0.999955 0.999994 0.999994 0.999955 1.00011 1.00376 1.27422 1.4426 1.50766 1.4596 1.4596 1.50766 1.4426 1.27422 1.05261 1.00635 1.00408 1.00125 1.00125 1.00408 1.00635 1.05261 1.19545 1.21551 1.04936 1.01472 1.01472 1.04936 1.21551 1.19545 1.00968 1.00066 0.999933 0.999967 0.999967 0.999933 1.00066 1.00968 1.00069 0.999977 0.999985 0.999996 0.999996 0.999985 0.999977 
1.00003 0.999993 1 1 1 1 0.999993 1.00003 1.00007 0.999903 0.999998 1 1 0.999998 0.999903 1.00007 1.02656 1.04569 1.05552 1.04586 1.04586 1.05552 1.04569 1.02656 1.00276 0.999856 0.999817 0.99978 0.99978 0.999817 0.999856 1.00276 1.00969 1.01049 1.00133 1.00038 1.00038 1.00133 1.01049 1.00969 1.00044 0.999911 0.999975 0.999998 0.999998 0.999975 0.999911 1.00044 1.00005 0.999985 1 1 1 1 0.999985 
1.00007 0.999996 1 1 1 1 0.999996 1.00007 1.00001 0.99993 1 1 1 1 0.99993 1.00001 1.00132 1.00217 1.00291 1.00218 1.00218 1.00291 1.00217 1.00132 1.00014 0.999935 1.00002 1.00003 1.00003 1.00002 0.999935 1.00014 1.00018 0.999991 0.999959 0.999971 0.999971 0.999959 0.999991 1.00018 0.999978 0.999922 1 1 1 1 0.999922 0.999978 1.00006 0.999996 1 1 1 1 0.999996 
0 0 0 0 1 1 0.999996 1.00007 1.00001 0.99993 1 1 1 1 0.999929 1.00001 1.00132 1.00217 1.00291 1.00218 1.00211 1.0028 1.00209 1.00128 1.00013 0.999936 1.00002 1.00003 1.00003 1.00002 0.999935 1.00014 1.00018 0.999991 0.999959 0.999971 0.999971 0.999959 0.999991 1.00018 0.999979 0.999923 1 1 1 1 0.999922 0.999978 1.00006 0.999996 1 1 0 0 0 
0 0 0 0 1 1 0.999993 1.00003 1.00007 0.999903 0.999998 1 1 0.999998 0.999902 1.0001 1.02656 1.04569 1.05552 1.04586 1.04489 1.05424 1.04465 1.02598 1.00268 0.999845 0.999808 0.999776 0.99978 0.999817 0.999856 1.00276 1.00968 1.01048 1.00133 1.00038 1.00038 1.00133 1.01049 1.00969 1.00042 0.999908 0.999975 0.999998 0.999998 0.999975 0.999911 1.00044 1.00005 0.999985 1 1 0 0 0 
0 0 0 0 0.999996 0.999992 0.999979 1.00016 1.00376 1.00011 0.999955 0.999994 0.999994 0.999955 1.0001 1.00398 1.27422 1.4426 1.50766 1.4596 1.45294 1.49929 1.43564 1.27019 1.05156 1.00611 1.00386 1.00114 1.00125 1.00408 1.00635 1.05261 1.19548 1.21558 1.04937 1.01472 1.01472 1.04936 1.21551 1.19545 1.00969 1.00065 0.999933 0.999967 0.999967 0.999933 1.00066 1.00968 1.00069 0.999977 0.999985 0.999996 0 0 0 
