0 0 0 0 1.00001 1.00016 1.00522 1.10169 1.66709 1.14149 1.0136 1.00069 1.0007 1.0137 1.14177 1.67017 2.37314 2.72345 2.92401 2.94163 2.93491 2.91413 2.7108 2.36562 2.30211 3.62759 6.70729 8.02461 7.97249 6.6624 3.58875 2.28884 2.03191 2.11418 1.41287 1.1191 1.11769 1.40611 2.10176 2.01902 1.18426 1.05996 1.00828 1.00043 1.00047 1.0087 1.06004 1.18506 1.03633 1.00206 1.00011 1.00005 0 0 0 
0 0 0 0 0.999991 0.999958 1.00028 1.00692 1.05372 1.0075 1.00038 0.999902 0.999903 1.00038 1.00752 1.054 1.13093 1.17443 1.20378 1.20424 1.20393 1.20312 1.17352 1.13039 1.15818 1.55595 2.89443 3.12748 3.09309 2.85332 1.54337 1.15532 1.13389 1.14367 1.03359 1.00579 1.00591 1.03393 1.1445 1.13454 1.0102 1.0029 1.0003 0.999975 0.999975 1.00032 1.0029 1.01031 1.00187 1.00001 0.999975 0.999995 0 0 0 
0 0 0 0 1 0.999994 0.999976 1.00028 1.0018 1.00004 0.999935 0.99999 0.99999 0.999935 1.00004 1.00181 1.005 1.00682 1.00874 1.00867 1.00868 1.00872 1.00679 1.00498 1.01167 1.07917 1.39712 1.41978 1.41098 1.38631 1.07697 1.01137 1.00745 1.00764 1.00128 1.00018 1.00019 1.00132 1.00778 1.00757 1.00025 1.00001 0.999983 0.999995 0.999995 0.999983 1.00001 1.00025 1.0001 0.999975 0.999998 1 0 0 0 
0 0 0 0 1 1 0.99999 1.00003 0.999987 0.99988 0.999996 1 1 0.999996 0.99988 0.999987 1.00005 0.999938 1.00005 1.00005 1.00005 1.00005 0.999938 1.00005 1.00049 1.00578 1.05018 1.04985 1.0485 1.04862 1.00558 1.00047 1.00031 1.00016 1.00001 0.999959 0.999958 1.00001 1.00018 1.00032 0.999979 0.999902 0.999997 1 1 0.999996 0.999902 0.999979 1.00005 0.999995 1 1 0 0 0 
1.00003 0.99999 1 1 1 1 0.99999 1.00003 0.999987 0.99988 0.999996 1 1 0.999996 0.99988 0.999987 1.00005 0.999938 1.00005 1.00005 1.00005 1.00005 0.999938 1.00005 1.00049 1.00578 1.05018 1.04985 1.04985 1.05018 1.00578 1.00049 1.00032 1.00018 1.00001 0.999958 0.999958 1.00001 1.00018 1.00032 0.999979 0.999902 0.999996 1 1 0.999997 0.999902 0.999979 1.00005 0.999995 1 1 1 1 0.999995 
1.00028 0.999976 0.999994 1 1 0.999994 0.999976 1.00028 1.00181 1.00004 0.999935 0.99999 0.99999 0.999935 1.00004 1.00181 1.00498 1.00679 1.00872 1.00868 1.00868 1.00872 1.00679 1.00498 1.01167 1.07917 1.39712 1.41978 1.41978 1.39712 1.07917 1.01167 1.00757 1.00778 1.00132 1.00019 1.00019 1.00132 1.00778 1.00757 1.00025 1.00001 0.999983 0.999995 0.999995 0.999983 1.00001 1.00025 1.0001 0.999975 0.999998 1 1 0.999998 0.999975 
1.00692 1.00028 0.999958 0.999991 0.999991 0.999958 1.00028 1.00692 1.054 1.00752 1.00038 0.999903 0.999903 1.00038 1.00752 1.054 1.13039 1.17352 1.20312 1.20393 1.20393 1.20312 1.17352 1.13039 1.15818 1.55595 2.89443 3.12748 3.12748 2.89443 1.55595 1.15818 1.13454 1.1445 1.03393 1.00591 1.00591 1.03393 1.1445 1.13454 1.01031 1.0029 1.00032 0.999975 0.999975 1.0003 1.0029 1.01031 1.00187 1.00001 0.999975 0.999995 0.999995 0.999975 1.00001 
1.10169 1.00522 1.00016 1.00001 1.00001 1.00016 1.00522 1.10169 1.67017 1.14177 1.0137 1.0007 1.0007 1.0137 1.14177 1.67017 2.36562 2.7108 2.91413 2.93491 2.93491 2.91413 2.7108 2.36562 2.30211 3.62759 6.70729 8.02461 8.02461 6.70729 3.62759 2.30211 2.01902 2.10176 1.40611 1.11769 1.11769 1.40611 2.10176 2.01902 1.18506 1.06004 1.0087 1.00047 1.00043 1.00828 1.06004 1.18506 1.03633 1.00206 1.00011 1.00005 1.00005 1.00011 1.00206 
2.22075 1.17501 1.01134 1.00024 1.00024 1.01134 1.17861 2.23844 4.56728 2.19759 1.17656 1.01542 1.01542 1.17656 2.19759 4.56728 6.82885 8.0366 8.89465 8.96674 8.96674 8.89465 8.0366 6.82885 6.50549 8.06379 11.0496 13.854 13.8595 11.0107 8.05484 6.5193 6.19405 6.52884 4.8164 2.9682 3.00375 4.85665 6.53561 6.27855 2.48255 1.57433 1.09998 1.00938 1.00835 1.09173 1.58013 2.49195 1.32325 1.01916 1.00037 0.99999 0.999992 1.00039 1.01943 
1.21248 1.02132 1.001 0.999873 0.999873 1.001 1.02119 1.21185 1.68367 1.14929 1.01324 1.00043 1.00043 1.01324 1.14929 1.68367 2.40873 2.77473 2.94953 2.96308 2.96308 2.94953 2.77473 2.40873 2.28327 3.74295 5.56706 6.58162 6.67253 5.64402 3.83114 2.3055 2.27462 2.27842 1.65828 1.199 1.1996 1.65518 2.27918 2.23194 1.1954 1.05135 1.00405 1.00006 1.00003 1.00381 1.05099 1.1957 1.02676 1.0009 0.999916 0.999923 0.999922 0.999918 1.00093 
1.01852 1.00121 0.999944 0.999986 0.999986 0.999944 1.00121 1.01851 1.05866 1.00818 1.00028 0.999897 0.999897 1.00028 1.00818 1.05866 1.1453 1.19293 1.21974 1.21895 1.21895 1.21974 1.19293 1.1453 1.16516 1.63709 2.4956 2.57761 2.62949 2.57152 1.67533 1.17102 1.1763 1.17893 1.06316 1.00994 1.0099 1.06251 1.17897 1.17037 1.0118 1.00157 0.999922 0.999983 0.999984 0.999915 1.00155 1.0118 1.0011 0.999956 0.99999 1 1 0.99999 0.999958 
1.00095 0.999982 0.999977 1 1 0.999977 0.999981 1.00095 1.00228 1.00001 0.99993 0.999995 0.999995 0.99993 1.00001 1.00228 1.00701 1.00975 1.01164 1.01143 1.01143 1.01164 1.00975 1.00701 1.01271 1.10535 1.37299 1.36253 1.37801 1.3953 1.11244 1.01341 1.01382 1.01435 1.00292 1.00011 1.00011 1.00284 1.01436 1.01305 1.00021 0.999902 1.00001 1 1 1.00001 0.999902 1.00021 1.00005 0.999986 1 1 1 1 0.999986 
1.00095 0.999981 0.999977 1 1 0.999977 0.999981 1.00095 1.00228 1.00001 0.99993 0.999995 0.999995 0.99993 1.00001 1.00228 1.00687 1.00955 1.01146 1.01129 1.01143 1.01164 1.00975 1.00701 1.01341 1.11244 1.3953 1.37801 1.37801 1.3953 1.11244 1.01341 1.01305 1.01436 1.00284 1.00011 1.00011 1.00292 1.01435 1.01343 1.00021 0.999902 1.00001 1 1 1.00001 0.999905 1.00024 1.00005 0.999986 1 1 1 1 0.999986 
1.01851 1.00121 0.999943 0.999986 0.999986 0.999944 1.00121 1.01851 1.05875 1.00823 1.00028 0.999897 0.999897 1.00028 1.00818 1.05866 1.14385 1.19103 1.21818 1.21779 1.21895 1.21974 1.19293 1.1453 1.17102 1.67533 2.57152 2.62949 2.62949 2.57152 1.67533 1.17102 1.17037 1.17897 1.06251 1.0099 1.00994 1.06316 1.17893 1.17333 1.0118 1.00155 0.999915 0.999984 0.999983 0.999943 1.00163 1.01232 1.0011 0.999956 0.99999 1 1 0.99999 0.999956 
1.21185 1.02119 1.00098 0.999871 0.999873 1.001 1.02119 1.21185 1.68097 1.15067 1.01329 1.00043 1.00043 1.01324 1.14929 1.68367 2.39807 2.76146 2.93598 2.95342 2.96308 2.94953 2.77473 2.40873 2.3055 3.83114 5.64402 6.67253 6.67253 5.64402 3.83114 2.3055 2.23194 2.27918 1.65518 1.1996 1.199 1.65828 2.27842 2.2528 1.1957 1.05099 1.00381 1.00003 1.00009 1.00443 1.05269 1.20219 1.02676 1.0009 0.999916 0.999923 0.999923 0.999916 1.0009 
2.23844 1.17861 1.01163 1.00025 1.00024 1.01134 1.17861 2.23844 4.78815 2.30199 1.18001 1.01587 1.01542 1.17656 2.19759 4.56728 6.89703 8.13903 9.10685 9.16946 8.96674 8.89465 8.0366 6.82885 6.5193 8.05484 11.0107 13.8595 13.8595 11.0107 8.05484 6.5193 6.27855 6.53561 4.85665 3.00375 2.9682 4.8164 6.52884 6.23415 2.49195 1.58013 1.09173 1.00835 1.01016 1.10665 1.5941 2.53554 1.32325 1.01916 1.00037 0.99999 0.99999 1.00037 1.01916 
7.17689 2.42003 1.16607 1.00991 1.00991 1.16607 2.42298 7.23285 14.3068 7.39686 2.54624 1.26319 1.26059 2.53688 7.37926 14.368 22.033 25.9198 27.0626 26.9387 26.933 27.0516 25.9044 21.9925 15.6377 16.7476 20.081 23.1512 23.1512 20.081 16.751 15.6428 13.0931 13.7736 11.5347 8.20521 8.08396 11.359 13.6298 12.9646 6.70323 4.14474 2.12065 1.20957 1.20953 2.12015 4.14561 6.70642 3.87109 1.45262 1.03614 1.00105 1.00103 1.03541 1.45262 
8.81429 2.82914 1.2258 1.01417 1.01417 1.2258 2.82568 8.85568 17.1177 9.27697 3.00392 1.36026 1.35576 2.98478 9.19829 17.1723 23.5428 28.617 29.9377 30.1559 30.1501 29.9248 28.6017 23.4892 14.014 14.0277 18.6997 23.7704 23.7704 18.6997 14.029 14.0128 13.9503 15.2565 10.7619 5.77666 5.8904 10.7938 15.1624 13.9158 5.88772 3.145 1.49919 1.07203 1.07152 1.4947 3.14417 5.88893 2.667 1.21743 1.01539 1.00029 1.00025 1.01478 1.21743 
6.70431 2.25401 1.14433 1.00854 1.00854 1.14433 2.25212 6.73435 13.5866 7.24536 2.43 1.23698 1.23412 2.4171 7.18603 13.6173 18.4934 22.7244 23.8522 24.0707 24.0549 23.8233 22.6809 18.436 9.95196 10.7483 16.4145 20.6451 20.6451 16.4145 10.7476 9.95432 11.0451 12.3346 8.23096 3.97034 4.05586 8.2717 12.2661 11.0123 4.32968 2.30984 1.25812 1.03208 1.03196 1.25691 2.30959 4.33117 1.97095 1.10825 1.00673 1.00011 1.00008 1.00632 1.10825 
4.26204 1.53745 1.0424 1.00135 1.00135 1.0424 1.53661 4.27047 8.78541 4.13049 1.48795 1.04663 1.04607 1.48451 4.11117 8.80795 12.3119 15.495 15.9746 16.0413 16.0655 16.0239 15.5642 12.3356 6.31933 8.44061 15.0878 18.3504 18.3504 15.0878 8.43954 6.32003 7.45202 8.25658 4.83501 1.96013 1.98458 4.87356 8.22805 7.44024 2.4361 1.37444 1.04636 1.00319 1.00321 1.04652 1.37438 2.43678 1.24306 1.01491 1.00044 1.00001 1.00001 1.00039 1.01491 
4.27047 1.53661 1.04213 1.00133 1.00135 1.0424 1.53745 4.26204 8.80795 4.11117 1.48451 1.04607 1.04607 1.48451 4.11117 8.80795 12.3356 15.5642 16.0239 16.0655 16.0413 15.9746 15.5642 12.3356 6.32003 8.43954 15.0875 18.3504 18.3504 15.0878 8.44061 6.31933 7.44024 8.22805 4.87356 1.98458 1.96013 4.83501 8.25658 7.45202 2.40224 1.36283 1.04426 1.00298 1.00319 1.04636 1.37444 2.4361 1.23693 1.01491 1.00039 1.00001 1.00001 1.00044 1.0156 
6.73435 2.25212 1.14335 1.0084 1.00854 1.14433 2.25401 6.70431 13.6173 7.18603 2.4171 1.23412 1.23412 2.4171 7.18603 13.6173 18.436 22.6809 23.8233 24.0549 24.0707 23.8522 22.6809 18.436 9.95432 10.7476 16.4144 20.6449 20.6451 16.4145 10.7483 9.95196 11.0123 12.2661 8.2717 4.05586 3.97034 8.23096 12.3346 11.0451 4.27235 2.27534 1.24857 1.03043 1.03208 1.25812 2.30984 4.32968 1.94929 1.10825 1.00632 1.00008 1.00011 1.00673 1.11207 
8.85568 2.82568 1.22426 1.01394 1.01417 1.2258 2.82914 8.81429 17.1723 9.19829 2.98478 1.35576 1.35576 2.98478 9.19829 17.1723 23.4892 28.6017 29.9248 30.1501 30.1559 29.9377 28.6017 23.4892 14.0128 14.029 18.6998 23.7713 23.7704 18.6997 14.0277 14.014 13.9158 15.1624 10.7938 5.8904 5.77666 10.7619 15.2565 13.9503 5.82492 3.10727 1.48768 1.06934 1.07203 1.49919 3.145 5.88772 2.63891 1.21743 1.01478 1.00025 1.00029 1.01539 1.2225 
7.23285 2.42298 1.16551 1.00979 1.00991 1.16607 2.42003 7.17689 14.368 7.37926 2.53688 1.26059 1.26059 2.53688 7.37926 14.368 21.9925 25.9044 27.0516 26.933 26.9387 27.0626 25.9044 21.9925 15.6428 16.751 20.0819 23.1534 23.1512 20.081 16.7476 15.6377 12.9646 13.6298 11.359 8.08396 8.20521 11.5347 13.7736 13.0931 6.83426 4.28779 2.18155 1.2191 1.20957 2.12065 4.14474 6.70323 3.80187 1.45262 1.03541 1.00103 1.00105 1.03614 1.46049 
9.20381 2.87218 1.23112 1.01305 1.01305 1.23112 2.87218 9.20381 19.1411 8.66758 2.82599 1.27643 1.27643 2.82599 8.74418 19.0482 29.2599 32.2568 32.9233 33.0366 33.0355 32.9218 32.2568 29.2599 26.5362 27.6213 30.391 32.0083 32.0083 30.391 27.6213 26.5362 26.1757 27.1744 26.5612 24.6681 24.6439 25.8715 27.1523 26.1982 19.2121 16.8545 9.7376 3.77672 3.77672 9.74535 16.8545 19.1073 10.9322 3.19767 1.27485 1.01552 1.01552 1.27485 3.19757 
10.6564 3.23143 1.28683 1.01692 1.01692 1.28683 3.23143 10.6564 21.7938 10.0232 3.20529 1.35222 1.35222 3.20529 10.1565 21.6803 32.0015 33.9863 34.5699 34.6669 34.6655 34.5685 33.9863 32.0015 30.5306 30.8399 32.2957 33.547 33.547 32.2957 30.8399 30.5306 30.6987 32.4554 32.654 32.4724 32.469 32.6411 32.4414 30.7552 21.4529 19.3755 11.1499 4.25593 4.25593 11.1317 19.3755 21.3937 12.1455 3.49278 1.3181 1.01752 1.01752 1.3181 3.4927 
10.9806 3.30152 1.29537 1.01745 1.01745 1.29537 3.30152 10.9806 22.6994 10.4916 3.30919 1.37013 1.37013 3.30919 10.6132 22.5682 33.0099 34.4618 34.8804 34.9472 34.9467 34.8799 34.4618 33.0099 32.8852 33.1587 33.8455 34.4326 34.4326 33.8455 33.1587 32.8852 31.8684 33.8402 34.4809 34.5259 34.5255 34.4452 33.8313 31.9353 22.4613 20.5434 11.7489 4.42584 4.42584 11.7357 20.5434 22.4028 12.695 3.62088 1.33512 1.01851 1.01851 1.33512 3.62079 
10.9848 3.27484 1.28411 1.016 1.016 1.28411 3.27484 10.9848 22.9179 10.4771 3.28327 1.3532 1.3532 3.28327 10.5648 22.7948 33.2298 34.5205 34.9193 34.9821 34.982 34.9192 34.5205 33.2298 33.8024 34.2247 34.5584 34.8029 34.8029 34.5584 34.2247 33.8024 32.1117 34.1725 34.8082 34.8963 34.896 34.7903 34.1664 32.181 22.8545 20.9308 11.7755 4.37566 4.37566 11.7655 20.9308 22.7919 12.8395 3.64559 1.33698 1.01826 1.01826 1.33698 3.64547 
10.9582 3.26921 1.28283 1.01582 1.016 1.28411 3.27484 10.9848 22.7948 10.5648 3.30143 1.35711 1.3532 3.28327 10.5648 22.9179 33.1797 34.5236 34.9192 34.982 34.9821 34.9193 34.5236 33.1797 33.7938 34.2242 34.5595 34.8037 34.8029 34.5584 34.2247 33.8024 31.9489 34.2339 34.7903 34.896 34.9022 34.8105 34.2253 32.1117 22.7919 20.8821 11.7655 4.36417 4.37566 11.7755 20.9308 22.8545 12.8419 3.64547 1.33698 1.01826 1.01825 1.33684 3.64559 
10.9397 3.29165 1.29324 1.01717 1.01745 1.29537 3.30152 10.9806 22.5682 10.6132 3.33654 1.37593 1.37013 3.30919 10.6132 22.6994 32.9561 34.4584 34.8799 34.9467 34.9472 34.8804 34.4584 32.9561 32.8739 33.1527 33.8491 34.4361 34.4326 33.8455 33.1587 32.8852 31.704 33.9489 34.4452 34.5255 34.5361 34.4822 33.937 31.8684 22.4028 20.4587 11.7357 4.41215 4.42584 11.7489 20.5434 22.4613 12.6974 3.62079 1.33512 1.01851 1.0185 1.33499 3.62088 
10.6167 3.22199 1.28475 1.01664 1.01692 1.28683 3.23143 10.6564 21.6803 10.1565 3.23438 1.35812 1.35222 3.20529 10.1565 21.7938 31.9406 33.9746 34.5685 34.6655 34.6669 34.5699 33.9746 31.9406 30.5155 30.8267 32.3007 33.5533 33.547 32.2957 30.8399 30.5306 30.5293 32.5566 32.6411 32.469 32.406 32.6314 32.537 30.6987 21.3937 19.273 11.1317 4.24224 4.25593 11.1499 19.3755 21.4529 12.1481 3.4927 1.3181 1.01752 1.01751 1.31798 3.49278 
9.16499 2.86209 1.22932 1.01285 1.01305 1.23112 2.87218 9.20381 19.0482 8.74418 2.84263 1.28 1.27643 2.82599 8.74418 19.1411 29.3003 32.3123 32.9218 33.0355 33.0366 32.9233 32.3123 29.3003 26.6638 27.7478 30.4999 32.0825 32.0083 30.391 27.6213 26.5362 26.7853 27.9906 25.8715 24.6439 25.4613 26.6933 27.9866 26.1757 19.1073 16.9749 9.74535 3.76722 3.77672 9.7376 16.8545 19.2121 10.9356 3.19757 1.27485 1.01552 1.01552 1.27478 3.19767 
5.69851 1.81008 1.07475 1.00306 1.00306 1.07475 1.81008 5.69851 14.2968 5.46716 1.77036 1.06821 1.06821 1.77036 5.46716 14.2968 29.554 33.183 34.5064 34.6888 34.6899 34.4477 33.2838 30.0555 33.5489 34.468 34.7735 34.7892 34.7938 34.776 34.4825 33.5747 30.9395 32.9173 32.9674 32.7859 32.7495 32.9449 32.9229 31.0035 21.8918 18.6942 11.5566 4.91889 4.91889 11.5566 18.6942 21.8918 13.0622 4.10916 1.48697 1.04423 1.04423 1.48697 4.10916 
3.98429 1.40393 1.02857 1.00073 1.00073 1.02857 1.40393 3.98429 11.569 3.84096 1.3744 1.02353 1.02353 1.3744 3.84096 11.569 28.7114 33.0584 34.606 34.8769 34.8771 34.572 33.1516 29.2716 34.0517 34.7025 34.8727 34.8967 34.8959 34.8726 34.7048 34.0632 32.1489 34.1241 34.4433 34.4428 34.4539 34.4586 34.1307 32.1869 23.0081 19.5566 12.1438 5.1776 5.1776 12.1438 19.5566 23.0081 13.5927 4.26869 1.51773 1.04796 1.04796 1.51773 4.26869 
3.64448 1.33727 1.02248 1.0006 1.0006 1.02248 1.33727 3.64448 10.9472 3.52356 1.31457 1.01875 1.01875 1.31457 3.52356 10.9472 28.4843 33.0263 34.6328 34.9194 34.9195 34.5998 33.1199 29.0709 34.2764 34.8196 34.9439 34.9708 34.9708 34.9442 34.8219 34.2889 32.4297 34.4374 34.8565 34.9111 34.9125 34.86 34.437 32.4625 23.3948 19.8827 12.1833 5.1576 5.1576 12.1833 19.8827 23.3948 13.803 4.30007 1.51989 1.04791 1.04791 1.51989 4.30007 
3.55116 1.31346 1.01947 1.00045 1.00045 1.01947 1.31346 3.55116 10.8598 3.43807 1.29565 1.01695 1.01695 1.29565 3.43807 10.8598 28.5215 33.07 34.6433 34.9298 34.9299 34.6207 33.1349 29.0781 34.343 34.8655 34.9697 34.9897 34.9897 34.9698 34.8667 34.3491 32.4866 34.4822 34.9169 34.9772 34.9776 34.9182 34.4793 32.5253 23.7765 20.311 11.909 4.86898 4.86898 11.909 20.311 23.7765 14.0229 4.22531 1.49005 1.04088 1.04088 1.49005 4.22531 
3.57261 1.31701 1.01987 1.00047 1.00045 1.01947 1.31346 3.55116 10.8297 3.42119 1.29205 1.01657 1.01695 1.29565 3.43807 10.8598 29.0781 33.1349 34.6207 34.9299 34.937 34.649 33.1349 29.0781 34.3491 34.8667 34.9698 34.9897 34.9897 34.9697 34.8667 34.3491 32.4582 34.4783 34.917 34.9771 34.9772 34.9169 34.4901 32.455 23.8186 20.3785 11.9131 4.86889 4.86898 11.909 20.311 23.7765 14.0229 4.22531 1.49005 1.04088 1.04014 1.48539 4.2032 
3.67376 1.34224 1.02305 1.00064 1.0006 1.02248 1.33727 3.64448 10.905 3.50083 1.30972 1.01821 1.01875 1.31457 3.52356 10.9472 29.0709 33.1199 34.5998 34.9195 34.93 34.6413 33.1199 29.0709 34.2889 34.8219 34.9442 34.9708 34.9708 34.9439 34.8219 34.2889 32.3833 34.4289 34.8559 34.9107 34.9111 34.8565 34.455 32.3995 23.4467 19.9906 12.1896 5.15704 5.1576 12.1833 19.8827 23.3948 13.803 4.30007 1.51989 1.04791 1.0468 1.5133 4.26933 
4.01505 1.40947 1.02923 1.00077 1.00073 1.02857 1.40393 3.98429 11.5277 3.81715 1.36965 1.02299 1.02353 1.3744 3.84096 11.569 29.2716 33.1516 34.572 34.8771 34.8851 34.6136 33.1516 29.2716 34.0632 34.7048 34.8726 34.8959 34.8967 34.8727 34.7048 34.0632 32.1015 34.1119 34.4431 34.4425 34.4428 34.4433 34.1355 32.1158 23.0603 19.6679 12.1489 5.17664 5.1776 12.1438 19.5566 23.0081 13.5927 4.26869 1.51773 1.04796 1.04683 1.51107 4.23746 
5.73024 1.81715 1.07584 1.00315 1.00306 1.07475 1.81008 5.69851 14.2416 5.43129 1.76484 1.06756 1.06821 1.77036 5.46716 14.2968 30.0555 33.2838 34.4477 34.6899 34.744 34.5229 33.2838 30.0555 33.5747 34.4825 34.776 34.7938 34.7892 34.7735 34.4825 33.5747 30.9262 32.9385 32.966 32.783 32.7859 32.9674 32.8726 30.8701 21.9179 18.7624 11.5521 4.916 4.91889 11.5566 18.6942 21.8918 13.0622 4.10916 1.48697 1.04423 1.0433 1.48155 4.0829 
8.21166 2.54676 1.18759 1.01128 1.01108 1.1859 2.53877 8.18531 17.7635 7.85748 2.49689 1.19443 1.19395 2.49874 7.90096 17.6812 31.8287 33.7122 34.5808 34.7581 34.7502 34.5674 33.7122 31.8287 32.5789 34.0581 34.3871 34.2042 34.2042 34.3871 34.0581 32.5789 29.3971 32.1611 32.5255 32.4175 32.5585 32.6708 32.1055 29.4554 15.0252 12.3026 8.9811 5.19124 5.24836 8.95963 12.1465 14.9023 9.1837 3.844 1.56217 1.07291 1.07117 1.55298 3.81444 
9.91201 3.02447 1.26229 1.01674 1.01644 1.26011 3.01586 9.89528 20.6375 9.61194 2.97548 1.28294 1.28183 2.97567 9.65842 20.5534 33.3137 34.3394 34.8163 34.9126 34.913 34.8151 34.3394 33.3137 33.6999 34.4887 34.677 34.6806 34.6806 34.677 34.4887 33.6999 31.6958 33.8632 34.3288 34.3446 34.3148 34.2983 33.8547 31.7995 18.8045 15.81 12.0184 7.22686 7.34453 12.0392 15.698 18.7457 11.7451 4.92587 1.81494 1.11566 1.11264 1.79865 4.86446 
10.3078 3.12336 1.27646 1.01779 1.01748 1.27419 3.11438 10.2907 21.2548 9.97027 3.05918 1.29677 1.2956 3.05918 10.0171 21.1669 33.7013 34.5572 34.9118 34.9756 34.9752 34.9099 34.5572 33.7013 34.1669 34.7365 34.8697 34.8968 34.8968 34.8697 34.7365 34.1669 32.455 34.3713 34.8344 34.8983 34.8989 34.8405 34.3675 32.5579 20.3105 17.0805 12.8387 7.57829 7.69746 12.8574 16.9539 20.246 12.7607 5.27639 1.88212 1.12404 1.12083 1.86504 5.21153 
10.3755 3.12686 1.27236 1.01678 1.01654 1.27055 3.11943 10.3584 21.3302 10.0293 3.07392 1.29595 1.29532 3.07508 10.0735 21.2398 33.7634 34.5844 34.9306 34.9871 34.9868 34.9296 34.5844 33.7634 34.3227 34.8362 34.946 34.9685 34.9685 34.946 34.8362 34.3227 32.6416 34.4531 34.9067 34.9737 34.9753 34.9125 34.4496 32.7273 21.4704 17.8711 12.582 6.9209 7.00225 12.6051 17.7723 21.4312 13.2673 4.99847 1.76535 1.09434 1.09228 1.75424 4.95303 
10.3584 3.11943 1.27055 1.01654 1.01654 1.27055 3.11943 10.3584 21.2398 10.0735 3.07508 1.29532 1.29532 3.07392 10.0735 21.2398 33.7673 34.5798 34.9296 34.9868 34.9868 34.9296 34.5844 33.7634 34.322 34.8361 34.9454 34.9684 34.9685 34.946 34.8362 34.3227 32.7733 34.4506 34.9026 34.9722 34.9737 34.9067 34.4506 32.7733 21.4312 17.7723 12.6051 7.00225 7.00238 12.6051 17.7723 21.4312 13.2673 4.99847 1.76535 1.09434 1.09434 1.76535 4.99847 
10.2907 3.11438 1.27419 1.01748 1.01748 1.27419 3.11438 10.2907 21.1669 10.0171 3.05918 1.2956 1.29561 3.05918 10.0171 21.1669 33.7084 34.5483 34.9099 34.9752 34.9752 34.9099 34.5572 33.7013 34.166 34.7363 34.8688 34.8966 34.8968 34.8697 34.7365 34.1669 32.6237 34.3714 34.8275 34.8955 34.8983 34.8344 34.3714 32.6237 20.246 16.9539 12.8574 7.69746 7.69882 12.8574 16.9539 20.246 12.7607 5.27639 1.88212 1.12404 1.12404 1.88212 5.27639 
9.89528 3.01586 1.26011 1.01644 1.01644 1.26011 3.01586 9.89528 20.5534 9.65842 2.97567 1.28183 1.28186 2.97548 9.65842 20.5534 33.3268 34.3298 34.8151 34.913 34.913 34.8151 34.3394 33.3137 33.699 34.4885 34.6759 34.6809 34.6806 34.677 34.4887 33.6999 31.8788 33.8726 34.3347 34.3616 34.3446 34.3288 33.8726 31.8788 18.7457 15.698 12.0392 7.34453 7.34899 12.0392 15.698 18.7457 11.7451 4.92587 1.81494 1.11566 1.11566 1.81494 4.92587 
8.18531 2.53877 1.1859 1.01108 1.01108 1.1859 2.53877 8.18531 17.6812 7.90096 2.49874 1.19395 1.19401 2.49689 7.90096 17.6812 31.824 33.6794 34.5674 34.7502 34.7502 34.5674 33.7122 31.8287 32.5792 34.058 34.3764 34.1847 34.2042 34.3871 34.0581 32.5789 29.3974 32.025 32.3776 32.285 32.4175 32.5255 32.025 29.3974 14.9023 12.1465 8.95963 5.24836 5.25073 8.95963 12.1465 14.9023 9.1837 3.844 1.56217 1.07291 1.07291 1.56217 3.844 
4.78895 1.60807 1.04844 1.00158 1.00158 1.04844 1.60807 4.78895 12.5201 4.66649 1.59846 1.0545 1.05273 1.58414 4.58562 12.4934 28.1255 31.9187 33.5412 33.8398 33.8398 33.5412 31.9187 28.1255 27.1826 28.7028 29.3666 29.3836 29.216 29.184 28.533 27.0588 22.1191 26.8925 26.7331 26.4189 25.5724 26.2889 26.7964 22.0362 8.57069 5.89094 3.12324 1.42863 1.47202 3.19154 5.89094 8.57069 4.49526 1.69092 1.07515 1.00427 1.00427 1.07515 1.69092 
3.97956 1.42404 1.0293 1.0006 1.0006 1.0293 1.42404 3.97956 11.3141 3.8909 1.41819 1.03418 1.0326 1.40668 3.833 11.3719 28.3737 32.4832 34.3095 34.6437 34.6437 34.3095 32.4832 28.3737 28.4325 30.6694 31.3583 31.8101 31.8117 31.3635 30.6844 28.4782 22.4107 29.5023 31.6783 31.8853 31.9154 31.6131 29.4659 22.4001 5.65047 3.05316 1.52352 1.05584 1.06203 1.52606 3.05316 5.65047 2.62041 1.21378 1.01399 1.00032 1.00032 1.01399 1.21378 
3.82555 1.39417 1.02668 1.00059 1.00059 1.02668 1.39417 3.82555 11.0447 3.73294 1.38659 1.03106 1.02954 1.37516 3.6752 11.1032 28.4532 32.7072 34.5281 34.8732 34.8732 34.5281 32.7072 28.4532 29.5545 32.505 33.2298 33.635 33.6368 33.2354 32.5232 29.6069 22.4313 30.5397 33.6074 34.2244 34.1733 33.5082 30.4971 22.4303 4.30047 1.89344 1.10965 1.02086 1.02789 1.11059 1.89344 4.30047 1.88782 1.09837 1.00488 1.00007 1.00007 1.00488 1.09837 
3.76953 1.37593 1.02406 1.00049 1.00049 1.02406 1.37593 3.76953 11.0314 3.66078 1.36407 1.02725 1.0262 1.35581 3.61802 11.0986 28.4438 32.7273 34.5684 34.9103 34.9103 34.5684 32.7273 28.4438 30.2106 33.4868 34.2288 34.4993 34.5004 34.2325 33.4993 30.2446 22.5321 31.0027 34.1072 34.7139 34.6822 34.052 30.9778 22.5288 4.0162 1.64803 1.04858 1.01242 1.0176 1.04939 1.64803 4.0162 1.70524 1.06997 1.00303 1.00002 1.00002 1.00303 1.06997 
3.78993 1.37881 1.02438 1.00051 1.00049 1.02406 1.37593 3.76953 11.0986 3.61802 1.35581 1.0262 1.0262 1.35581 3.66078 11.0314 28.4304 32.7635 34.5679 34.9103 34.9103 34.5684 32.7273 28.4438 30.2446 33.4993 34.2325 34.5004 34.5004 34.2325 33.4993 30.2446 22.5288 30.9778 34.052 34.6822 34.7139 34.1072 31.0027 22.5321 3.97834 1.63062 1.04939 1.01588 1.01242 1.04858 1.64803 4.0162 1.70524 1.06997 1.00303 1.00002 1.00002 1.00303 1.06991 
3.85432 1.39852 1.02717 1.00061 1.00059 1.02668 1.39417 3.82555 11.1032 3.6752 1.37516 1.02954 1.02954 1.37516 3.73294 11.0447 28.4288 32.7601 34.5275 34.8731 34.8732 34.5281 32.7072 28.4532 29.6069 32.5232 33.2354 33.6368 33.6368 33.2354 32.5232 29.6069 22.4303 30.4971 33.5082 34.1733 34.2244 33.6074 30.5397 22.4313 4.24088 1.86856 1.11059 1.02562 1.02086 1.10965 1.89344 4.30047 1.88782 1.09837 1.00488 1.00007 1.00007 1.00488 1.09828 
4.00863 1.42853 1.02982 1.00063 1.0006 1.0293 1.42404 3.97956 11.3719 3.833 1.40668 1.0326 1.0326 1.40668 3.8909 11.3141 28.3301 32.5504 34.3066 34.6421 34.6437 34.3095 32.4832 28.3737 28.4782 30.6844 31.3635 31.8117 31.8117 31.3635 30.6844 28.4782 22.4001 29.4659 31.6131 31.9154 31.8853 31.6783 29.5023 22.4107 5.5808 3.01886 1.52606 1.06062 1.05584 1.52352 3.05316 5.65047 2.62041 1.21378 1.01399 1.00032 1.00032 1.01399 1.21364 
4.79804 1.60985 1.04878 1.00161 1.00158 1.04844 1.60807 4.78895 12.4934 4.58562 1.58414 1.05273 1.05273 1.58414 4.66649 12.5201 27.9381 31.9001 33.5401 33.8397 33.8398 33.5412 31.9187 28.1255 27.0588 28.533 29.184 29.216 29.216 29.184 28.533 27.0588 22.0362 26.7964 26.2889 25.5724 26.4189 26.7331 26.8925 22.1191 8.57779 5.90596 3.19154 1.45933 1.42863 3.12324 5.89094 8.57069 4.49526 1.69092 1.07515 1.00427 1.00426 1.07514 1.69056 
2.89847 1.24075 1.0148 1.00042 1.00038 1.01429 1.23695 2.87898 8.01247 2.73563 1.22472 1.01545 1.01454 1.22019 2.73563 8.01247 21.1673 27.0644 28.6099 28.8931 28.8931 28.6099 27.0644 21.1673 14.8405 12.0037 11.1485 10.7333 10.5543 10.945 11.7941 14.6941 16.4393 20.0228 15.075 10.4327 10.3175 14.9522 19.9114 16.3565 5.80339 2.86655 1.46395 1.05913 1.05946 1.47794 2.86655 5.80339 2.15749 1.11479 1.00601 1.0002 1.0002 1.00601 1.11479 
2.93215 1.24954 1.01592 1.00036 1.00031 1.01535 1.24605 2.92062 8.05445 2.72117 1.2345 1.01698 1.01566 1.22678 2.72117 8.05445 22.6178 30.4286 32.4456 32.7535 32.7535 32.4456 30.4286 22.6178 12.451 7.09966 5.5006 4.77915 4.78327 5.50476 7.09761 12.468 17.2632 20.3639 13.0961 6.15592 6.15904 13.1013 20.3561 17.2675 5.66433 2.43875 1.32323 1.05184 1.05275 1.32885 2.43875 5.66433 2.08944 1.12013 1.00699 1.00018 1.00018 1.00699 1.12013 
2.9479 1.2499 1.01591 1.00044 1.00038 1.01534 1.24645 2.93681 8.16023 2.74725 1.23696 1.01716 1.01585 1.22939 2.74725 8.16023 23.1159 31.6144 33.7585 34.0781 34.0781 33.7585 31.6144 23.1159 10.9198 4.315 2.50152 2.01095 2.0109 2.50107 4.3114 10.9367 17.6535 20.4897 12.3413 4.80158 4.80485 12.3495 20.4784 17.6573 5.72225 2.41318 1.31716 1.0522 1.05329 1.32293 2.41318 5.72225 2.09873 1.1226 1.00719 1.00025 1.00025 1.00719 1.1226 
2.89132 1.22758 1.01327 1.00032 1.00029 1.01293 1.22551 2.88605 8.26581 2.74266 1.21794 1.01385 1.01312 1.21384 2.74266 8.26581 23.2117 31.7917 33.9471 34.2704 34.2704 33.9471 31.7917 23.2117 10.4935 3.58851 1.75654 1.43882 1.43879 1.75616 3.58565 10.5062 17.6895 20.4618 12.2101 4.68158 4.68329 12.2155 20.4537 17.6932 5.73377 2.34987 1.30009 1.04775 1.04854 1.30415 2.34987 5.73377 2.07473 1.11605 1.0065 1.00021 1.00021 1.0065 1.11605 
2.88605 1.22551 1.01293 1.00029 1.00029 1.01293 1.22551 2.88605 8.14313 2.75284 1.21794 1.01385 1.01385 1.21794 2.75284 8.14313 23.2117 31.7917 33.9471 34.2704 34.2697 33.9442 31.7748 23.2069 10.5062 3.58565 1.75616 1.43879 1.43879 1.75616 3.58565 10.5062 17.6932 20.4537 12.2155 4.68329 4.68329 12.2155 20.4547 17.7248 5.8782 2.33351 1.29603 1.04775 1.04775 1.30009 2.33351 5.8782 2.07473 1.11605 1.0065 1.00021 1.0002 1.00647 1.11648 
2.93681 1.24645 1.01534 1.00038 1.00038 1.01534 1.24645 2.93681 8.04177 2.76412 1.23696 1.01716 1.01716 1.23696 2.76412 8.04177 23.1159 31.6144 33.7585 34.0781 34.0767 33.7526 31.5752 23.1054 10.9367 4.3114 2.50107 2.0109 2.0109 2.50107 4.3114 10.9367 17.6573 20.4784 12.3495 4.80485 4.80485 12.3495 20.4801 17.6916 5.87958 2.39154 1.31149 1.0522 1.0522 1.31716 2.39154 5.87958 2.09873 1.1226 1.00719 1.00025 1.00024 1.00715 1.12337 
2.92062 1.24605 1.01535 1.00031 1.00031 1.01535 1.24605 2.92062 7.93776 2.73871 1.2345 1.01698 1.01698 1.2345 2.73871 7.93776 22.6178 30.4286 32.4456 32.7535 32.7567 32.4438 30.3927 22.6108 12.468 7.09761 5.50476 4.78327 4.78327 5.50476 7.09761 12.468 17.2675 20.3561 13.1013 6.15904 6.15904 13.1013 20.3564 17.3155 5.81111 2.42042 1.31757 1.05184 1.05184 1.32323 2.42042 5.81111 2.08944 1.12013 1.00699 1.00018 1.00017 1.00695 1.12088 
2.87898 1.23695 1.01429 1.00038 1.00038 1.01429 1.23695 2.87898 7.87232 2.74733 1.22472 1.01545 1.01545 1.22472 2.74733 7.87232 21.1673 27.0644 28.6099 28.8931 28.8024 28.5167 26.7453 20.8862 14.6941 11.7941 10.945 10.5543 10.5543 10.945 11.7941 14.6941 16.3565 19.9114 14.9522 10.3175 10.3175 14.9522 19.924 16.4299 5.7676 2.84426 1.4525 1.05913 1.05913 1.46395 2.84426 5.7676 2.15749 1.11479 1.00601 1.0002 1.0002 1.00603 1.11534 
1.1199 1.00894 1.00043 0.999979 0.999979 1.00043 1.00884 1.11756 1.86543 1.09863 1.00633 1.00007 1.00009 1.00634 1.10295 1.88623 8.7326 11.8062 12.9246 13.0443 13.0249 12.8947 11.8062 8.7326 4.09204 2.4696 2.11581 2.07318 2.04834 2.08964 2.43633 4.04731 7.3439 8.64642 5.76298 3.49318 3.49318 5.76298 8.64673 7.33285 1.96966 1.23773 1.04059 1.00342 1.00342 1.03899 1.23773 1.98798 1.11396 1.00684 1.00029 0.999975 0.999975 1.00029 1.00698 
1.01242 1.0007 0.999908 0.99992 0.99992 0.999911 1.00071 1.01255 1.10525 1.00732 1.00012 0.999873 0.999872 1.00012 1.00744 1.10536 2.68742 3.49838 3.73957 3.75687 3.75499 3.73576 3.49838 2.68742 1.55853 1.17371 1.10931 1.11443 1.113 1.1074 1.17127 1.5539 2.83814 3.0331 1.88865 1.29307 1.29307 1.88865 3.01566 2.81906 1.11449 1.01795 1.00222 0.999989 0.999989 1.00223 1.01795 1.12025 1.0099 1.00043 0.999901 0.999921 0.999921 0.999899 1.00042 
1.0007 0.999952 0.999988 1 1 0.999988 0.999953 1.0007 1.00595 1.00012 0.999941 0.999998 0.999998 0.99994 1.00013 1.00595 1.19212 1.31095 1.3412 1.33942 1.34017 1.34169 1.31095 1.19212 1.04809 1.01516 1.01108 1.01003 1.01003 1.01107 1.01514 1.04776 1.32221 1.32688 1.08166 1.01269 1.01269 1.08166 1.32153 1.31598 1.00754 1.00044 0.999951 0.999969 0.999969 0.999952 1.00044 1.00829 1.00041 0.999939 0.999991 1 1 0.999991 0.999939 
1.00003 0.999985 1 1 1 1 0.999984 1.00003 1.00009 0.999873 0.999998 1 1 0.999998 0.999874 1.00009 1.01016 1.01842 1.01858 1.01922 1.01937 1.0187 1.01842 1.01016 1.00214 1.00096 1.00101 1.00083 1.00083 1.00101 1.00096 1.00212 1.03612 1.03306 1.00423 0.999926 0.999926 1.00423 1.0322 1.03506 1.00016 0.999857 0.999976 0.999999 0.999999 0.999976 0.999857 1.00023 1.00004 0.999987 1 1 1 1 0.999987 
1.00003 0.999984 1 1 1 1 0.999984 1.00003 1.00009 0.999873 0.999998 1 1 0.999998 0.999873 1.00009 1.01016 1.01842 1.0187 1.01937 1.01922 1.01858 1.01842 1.01016 1.00212 1.00096 1.00101 1.00083 1.00083 1.00101 1.00096 1.00214 1.03506 1.0322 1.00412 0.999935 0.999926 1.00423 1.03306 1.03612 1.00023 0.999857 0.999976 0.999999 0.999999 0.999976 0.999854 1.00009 1.00004 0.999987 1 1 1 1 0.999987 
1.0007 0.999953 0.999988 1 1 0.999988 0.999953 1.0007 1.00595 1.00012 0.999941 0.999998 0.999998 0.999941 1.00012 1.00595 1.19213 1.31087 1.34169 1.34017 1.33942 1.3412 1.31095 1.19212 1.04776 1.01514 1.01107 1.01003 1.01003 1.01108 1.01516 1.04809 1.31598 1.32153 1.0807 1.01282 1.01269 1.08166 1.32688 1.32221 1.00829 1.00044 0.999952 0.999969 0.999969 0.999951 1.00042 1.00679 1.00041 0.999939 0.999991 1 1 0.999991 0.999939 
1.01255 1.00071 0.999911 0.99992 0.99992 0.999911 1.00071 1.01255 1.10525 1.00732 1.00012 0.999873 0.999873 1.00012 1.00732 1.10525 2.68725 3.49803 3.73576 3.75499 3.75687 3.73957 3.49838 2.68742 1.5539 1.17127 1.1074 1.113 1.11443 1.10931 1.17371 1.55853 2.81906 3.01566 1.88601 1.2944 1.29307 1.88865 3.0331 2.83814 1.12025 1.01795 1.00223 0.999989 0.999998 1.00222 1.01801 1.10878 1.0099 1.00043 0.999901 0.999921 0.999921 0.999901 1.00043 
1.11756 1.00884 1.00043 0.999979 0.999979 1.00043 1.00884 1.11756 1.86543 1.09863 1.00633 1.00007 1.00007 1.00633 1.09863 1.86543 8.73316 11.8069 12.8947 13.0249 13.0443 12.9246 11.8062 8.7326 4.04731 2.43633 2.08964 2.04834 2.07318 2.11581 2.4696 4.09204 7.33285 8.64673 5.79552 3.51316 3.49318 5.76298 8.64642 7.3439 1.98798 1.23773 1.03899 1.00342 1.00326 1.04059 1.23385 1.91452 1.11396 1.00684 1.00029 0.999975 0.999975 1.00029 1.00684 
1.0072 1.00049 1.00004 1.00006 1.00006 1.00004 1.00049 1.0072 1.08513 1.00617 1.00023 1.00004 1.00004 1.00023 1.00617 1.08513 2.85909 3.86979 4.18235 4.07297 4.07297 4.18235 3.86979 2.85909 1.60932 1.19293 1.15387 1.10254 1.10254 1.15387 1.19293 1.60932 2.75046 3.00488 1.79914 1.30591 1.30591 1.79914 3.00488 2.75046 1.14457 1.01661 1.00246 1.00016 1.00016 1.00246 1.01661 1.14457 1.01215 1.00062 1.00004 1.00006 1.00006 1.00004 1.00062 
1.00021 0.999978 0.99999 0.999996 0.999996 0.99999 0.999978 1.00021 1.00458 1.00017 0.999946 0.999993 0.999993 0.999946 1.00017 1.00458 1.30935 1.50508 1.57973 1.52499 1.52499 1.57973 1.50508 1.30935 1.06402 1.00963 1.0066 1.00262 1.00262 1.0066 1.00963 1.06402 1.21676 1.23993 1.05908 1.01788 1.01788 1.05908 1.23993 1.21676 1.01154 1.00085 0.999942 0.999961 0.999961 0.999942 1.00085 1.01154 1.00087 0.99998 0.999983 0.999996 0.999996 0.999983 0.99998 
1.00002 0.999992 1 1 1 1 0.999992 1.00002 1.00011 0.999896 0.999997 1 1 0.999997 0.999896 1.00011 1.03233 1.05659 1.0686 1.05666 1.05666 1.0686 1.05659 1.03233 1.00369 0.999971 0.999888 0.999812 0.999812 0.999888 0.999971 1.00369 1.0118 1.01276 1.00177 1.00048 1.00048 1.00177 1.01276 1.0118 1.00055 0.999916 0.99997 0.999997 0.999997 0.99997 0.999916 1.00055 1.00006 0.999983 1 1 1 1 0.999983 
1.00007 0.999996 1 1 1 1 0.999996 1.00007 1 0.999925 1 1 1 1 0.999925 1 1.00173 1.00301 1.004 1.003 1.003 1.004 1.00301 1.00173 1.00018 0.999926 1.00001 1.00002 1.00002 1.00001 0.999926 1.00018 1.00025 1.00005 0.999962 0.999969 0.999969 0.999962 1.00005 1.00025 0.999982 0.999917 1 1 1 1 0.999917 0.999982 1.00006 0.999996 1 1 1 1 0.999996 
0 0 0 0 1 1 0.999996 1.00007 1 0.999925 1 1 1 1 0.999925 1 1.00173 1.00301 1.004 1.003 1.0029 1.00386 1.00291 1.00168 1.00017 0.999927 1.00001 1.00002 1.00002 1.00001 0.999926 1.00018 1.00025 1.00005 0.999962 0.999969 0.999969 0.999962 1.00005 1.00025 0.999982 0.999917 1 1 1 1 0.999917 0.999982 1.00006 0.999996 1 1 0 0 0 
0 0 0 0 1 1 0.999992 1.00002 1.00011 0.999896 0.999997 1 1 0.999996 0.999896 1.00014 1.03233 1.05659 1.0686 1.05666 1.05553 1.06709 1.05536 1.03166 1.0036 0.999957 0.999877 0.999805 0.999812 0.999888 0.999971 1.00369 1.0118 1.01276 1.00177 1.00048 1.00048 1.00177 1.01276 1.0118 1.00054 0.999912 0.99997 0.999997 0.999997 0.99997 0.999916 1.00055 1.00006 0.999983 1 1 0 0 0 
0 0 0 0 0.999996 0.99999 0.999978 1.00021 1.00458 1.00017 0.999946 0.999993 0.999993 0.999946 1.00016 1.00485 1.30935 1.50508 1.57973 1.52499 1.51764 1.57045 1.49729 1.3049 1.06282 1.00933 1.00633 1.00248 1.00262 1.0066 1.00963 1.06402 1.21676 1.23993 1.05908 1.01788 1.01788 1.05907 1.23997 1.2168 1.01156 1.00084 0.999942 0.999961 0.999961 0.999942 1.00085 1.01154 1.00087 0.99998 0.999983 0.999996 0 0 0 
