0 0 0 0 1.00001 1.00017 1.00532 1.10319 1.67259 1.14325 1.01391 1.00071 1.00072 1.014 1.14382 1.67666 2.37876 2.72847 2.93172 2.9507 2.9448 2.92272 2.7166 2.37188 2.31921 3.65458 6.72812 8.05199 8.00077 6.68419 3.61617 2.30602 2.03716 2.11983 1.41756 1.12165 1.12027 1.41086 2.10751 2.02451 1.18664 1.06007 1.00861 1.00046 1.00046 1.00858 1.06118 1.18751 1.03706 1.00212 1.00011 1.00005 0 0 0 
0 0 0 0 0.999991 0.999958 1.0003 1.00707 1.05454 1.00766 1.00039 0.999902 0.999902 1.00039 1.00768 1.05487 1.13256 1.1765 1.20617 1.20676 1.20653 1.20559 1.17562 1.13206 1.1617 1.56636 2.9175 3.15097 3.11632 2.87598 1.5536 1.1588 1.13558 1.14554 1.03426 1.00596 1.00609 1.0346 1.14638 1.13624 1.01044 1.00289 1.00032 0.999975 0.999976 1.00032 1.00299 1.01055 1.00192 1.00002 0.999975 0.999995 0 0 0 
0 0 0 0 1 0.999993 0.999975 1.00029 1.00185 1.00005 0.999935 0.99999 0.99999 0.999935 1.00005 1.00186 1.00511 1.00698 1.00893 1.00887 1.00887 1.00892 1.00695 1.00509 1.01206 1.08145 1.40483 1.42731 1.4184 1.39385 1.0792 1.01175 1.00763 1.00783 1.00133 1.00019 1.0002 1.00136 1.00798 1.00775 1.00026 1 0.999984 0.999995 0.999995 0.999984 1.00001 1.00026 1.0001 0.999974 0.999998 1 0 0 0 
0 0 0 0 1 1 0.99999 1.00003 0.999988 0.999879 0.999995 1 1 0.999995 0.999879 0.999988 1.00005 0.99994 1.00006 1.00005 1.00006 1.00006 0.99994 1.00005 1.00051 1.00603 1.05178 1.05131 1.04992 1.05017 1.00582 1.00049 1.00032 1.00017 1.00001 0.999958 0.999958 1.00001 1.00018 1.00033 0.999979 0.999902 0.999996 1 1 0.999996 0.999901 0.999979 1.00005 0.999995 1 1 0 0 0 
1.00003 0.99999 1 1 1 1 0.99999 1.00003 0.999988 0.999879 0.999995 1 1 0.999995 0.999879 0.999988 1.00005 0.99994 1.00006 1.00006 1.00006 1.00006 0.99994 1.00005 1.00051 1.00603 1.05178 1.05131 1.05131 1.05178 1.00603 1.00051 1.00033 1.00018 1.00001 0.999958 0.999958 1.00001 1.00018 1.00033 0.999979 0.999901 0.999996 1 1 0.999996 0.999902 0.999979 1.00005 0.999995 1 1 1 1 0.999995 
1.00029 0.999975 0.999993 1 1 0.999993 0.999975 1.00029 1.00186 1.00005 0.999935 0.99999 0.99999 0.999935 1.00005 1.00185 1.00509 1.00695 1.00892 1.00887 1.00887 1.00892 1.00695 1.00509 1.01206 1.08145 1.40483 1.42731 1.42731 1.40483 1.08145 1.01206 1.00775 1.00798 1.00136 1.0002 1.0002 1.00136 1.00798 1.00775 1.00026 1.00001 0.999984 0.999995 0.999995 0.999984 1 1.00026 1.0001 0.999974 0.999998 1 1 0.999998 0.999974 
1.00707 1.0003 0.999958 0.999991 0.999991 0.999958 1.0003 1.00707 1.05487 1.00766 1.00039 0.999902 0.999902 1.00039 1.00766 1.05454 1.13206 1.17562 1.20559 1.20653 1.20653 1.20559 1.17562 1.13206 1.1617 1.56636 2.9175 3.15097 3.15097 2.9175 1.56636 1.1617 1.13624 1.14638 1.0346 1.00609 1.00609 1.0346 1.14638 1.13624 1.01055 1.00299 1.00032 0.999975 0.999975 1.00032 1.00289 1.01044 1.00192 1.00002 0.999975 0.999995 0.999995 0.999975 1.00002 
1.10319 1.00532 1.00017 1.00001 1.00001 1.00017 1.00532 1.10319 1.67666 1.14325 1.01391 1.00071 1.00071 1.01391 1.14325 1.67259 2.37188 2.7166 2.92272 2.9448 2.9448 2.92272 2.7166 2.37188 2.31921 3.65458 6.72812 8.05199 8.05199 6.72812 3.65458 2.31921 2.02451 2.10751 1.41086 1.12027 1.12027 1.41086 2.10751 2.02451 1.18751 1.06118 1.00861 1.00046 1.00046 1.00861 1.06007 1.18664 1.03706 1.00212 1.00011 1.00005 1.00005 1.00011 1.00212 
2.23815 1.17936 1.01147 1.00024 1.00025 1.01176 1.18307 2.25732 4.80878 2.31766 1.18376 1.01642 1.01546 1.17675 2.21152 4.548 6.81062 8.00669 8.86083 8.93504 8.93504 8.86083 8.00669 6.81062 6.48586 8.01872 11.0253 13.8252 13.8536 11.0073 8.07461 6.54648 6.25994 6.5141 4.83317 2.99365 2.99365 4.83317 6.5141 6.25994 2.48411 1.57755 1.09979 1.00935 1.00935 1.09979 1.57185 2.48065 1.32796 1.0194 1.00037 0.999989 0.999991 1.00039 1.01967 
1.21496 1.02172 1.00103 0.999873 0.999872 1.00102 1.02159 1.21433 1.68573 1.15311 1.01358 1.00045 1.00044 1.01351 1.15073 1.68894 2.42201 2.791 2.96642 2.97827 2.97827 2.96642 2.791 2.42201 2.28739 3.72376 5.56392 6.57792 6.69801 5.66506 3.86274 2.32271 2.24595 2.29407 1.66291 1.20286 1.20286 1.66291 2.29407 2.24595 1.19647 1.05102 1.00435 1.00007 1.00007 1.00435 1.05254 1.19828 1.02713 1.00091 0.999914 0.999922 0.999922 0.999917 1.00094 
1.01889 1.00124 0.999946 0.999986 0.999986 0.999945 1.00124 1.01888 1.05965 1.00845 1.0003 0.999897 0.999896 1.00029 1.00829 1.05955 1.14793 1.19645 1.22331 1.22226 1.22226 1.22331 1.19645 1.14793 1.1656 1.62901 2.47856 2.56983 2.64662 2.59148 1.69002 1.17499 1.1732 1.18205 1.06371 1.01016 1.01016 1.06371 1.18205 1.1732 1.01192 1.00157 0.999933 0.999983 0.999983 0.999933 1.00163 1.01205 1.00112 0.999955 0.99999 1 1 0.99999 0.999958 
1.00098 0.999983 0.999977 1 1 0.999977 0.999983 1.00098 1.00235 1.00002 0.99993 0.999995 0.999995 0.99993 1.00001 1.00235 1.00724 1.01009 1.01199 1.01175 1.01175 1.01199 1.01009 1.00724 1.01278 1.10486 1.36966 1.36202 1.38532 1.40379 1.11608 1.01389 1.01344 1.01479 1.00295 1.00012 1.00012 1.00295 1.01479 1.01344 1.00022 0.9999 1.00001 1 1 1.00001 0.999902 1.00022 1.00005 0.999986 1 1 1 1 0.999986 
1.00098 0.999983 0.999977 1 1 0.999977 0.999983 1.00098 1.00235 1.00002 0.99993 0.999995 0.999995 0.99993 1.00002 1.00235 1.00696 1.00967 1.01181 1.01161 1.01175 1.01199 1.01009 1.00724 1.01389 1.11608 1.40379 1.38532 1.38532 1.40379 1.11608 1.01389 1.0138 1.01477 1.00286 1.00012 1.00012 1.00286 1.01479 1.01344 1.00024 0.999905 1.00001 1 1 1.00001 0.999905 1.00024 1.00005 0.999986 1 1 1 1 0.999986 
1.01888 1.00124 0.999945 0.999986 0.999986 0.999945 1.00124 1.01888 1.05965 1.00845 1.0003 0.999897 0.999897 1.0003 1.00845 1.05965 1.14495 1.19255 1.22169 1.22105 1.22226 1.22331 1.19645 1.14793 1.17499 1.69002 2.59148 2.64662 2.64662 2.59148 1.69002 1.17499 1.17575 1.18164 1.06301 1.01011 1.01011 1.06301 1.18205 1.1732 1.01246 1.00167 0.999933 0.999982 0.999982 0.999939 1.00167 1.01246 1.00112 0.999955 0.99999 1 1 0.99999 0.999955 
1.21433 1.02159 1.00102 0.999872 0.999872 1.00102 1.02159 1.21433 1.68573 1.15311 1.01358 1.00045 1.00045 1.01358 1.15311 1.68573 2.40135 2.76532 2.95834 2.97322 2.97827 2.96642 2.791 2.42201 2.32271 3.86274 5.66506 6.69801 6.69801 5.66506 3.86274 2.32271 2.25819 2.28617 1.65862 1.20295 1.20295 1.65862 2.29407 2.24595 1.20341 1.05348 1.00435 1.0001 1.0001 1.00451 1.05348 1.20341 1.02713 1.00091 0.999914 0.999922 0.999922 0.999914 1.00091 
2.25732 1.18307 1.01176 1.00025 1.00025 1.01176 1.18307 2.25732 4.80878 2.31766 1.18376 1.01642 1.01642 1.18376 2.31766 4.80878 6.94607 8.21098 8.86113 8.93533 8.93504 8.86083 8.00669 6.81062 6.54648 8.07461 11.0073 13.8536 13.8536 11.0073 8.07461 6.54648 6.23491 6.538 4.86838 3.0263 3.0263 4.86838 6.5141 6.25994 2.53702 1.59775 1.09979 1.01032 1.01032 1.10739 1.59775 2.53702 1.32796 1.0194 1.00037 0.999989 0.999989 1.00037 1.0194 
7.20985 2.42749 1.1679 1.01013 1.01013 1.1679 2.42749 7.20985 14.2395 7.40076 2.5564 1.26724 1.26724 2.5564 7.40076 14.2395 22.0574 25.9567 26.9884 26.8656 26.8656 26.9884 25.847 21.9608 15.5962 16.7084 19.9915 23.0468 23.2096 20.1559 16.8248 15.7044 13.0921 13.7328 11.4389 8.158 8.21578 11.5164 13.7291 13.0826 6.6835 4.14662 2.12106 1.21191 1.21191 2.12106 4.14662 6.6835 3.84953 1.45489 1.03648 1.00108 1.00108 1.03648 1.45489 
8.83857 2.83491 1.22856 1.01453 1.01453 1.22856 2.83491 8.83857 17.0652 9.2857 3.02103 1.36636 1.36636 3.02103 9.2857 17.0652 23.5029 28.5801 29.9143 30.1311 30.1311 29.9143 28.5873 23.5326 14.0344 14.064 18.669 23.6937 23.7448 18.6688 14.0075 13.9904 13.9501 15.1835 10.778 5.87449 5.82111 10.7678 15.1821 13.9487 5.87781 3.16535 1.50361 1.07346 1.07346 1.50361 3.16535 5.87781 2.66453 1.21816 1.01543 1.00029 1.00029 1.01543 1.21816 
6.72329 2.25824 1.14607 1.00875 1.00875 1.14607 2.25824 6.72329 13.5496 7.25356 2.44211 1.24095 1.24095 2.44211 7.25356 13.5496 18.4615 22.6937 23.8571 24.0719 24.0719 23.8571 22.7304 18.5018 9.98076 10.803 16.4089 20.6217 20.6541 16.4285 10.7411 9.94941 11.0442 12.2872 8.25248 4.04067 3.9981 8.23224 12.2851 11.0448 4.318 2.32247 1.26161 1.03282 1.03282 1.26161 2.32247 4.318 1.96639 1.10795 1.00667 1.0001 1.0001 1.00667 1.10795 
4.28204 1.54293 1.0433 1.00141 1.00141 1.0433 1.54293 4.28204 8.77687 4.14361 1.4938 1.04769 1.04769 1.4938 4.14361 8.77687 12.3439 15.552 15.979 16.0591 16.0591 15.979 15.4824 12.3146 6.35234 8.50506 15.1156 18.373 18.3866 15.1327 8.46534 6.34788 7.44741 8.23932 4.86845 1.98701 1.97449 4.84522 8.23658 7.44899 2.43398 1.38003 1.04764 1.00332 1.00332 1.04764 1.38003 2.43398 1.24333 1.01496 1.00043 1.00001 1.00001 1.00043 1.01496 
4.28187 1.54285 1.04302 1.00138 1.00141 1.0433 1.54293 4.28204 8.77687 4.14361 1.4938 1.04769 1.04667 1.48786 4.11639 8.82405 12.3439 15.552 15.979 16.0591 16.0845 16.0289 15.552 12.3439 6.34788 8.46534 15.1327 18.3866 18.373 15.1156 8.50506 6.35234 7.47295 8.279 4.84522 1.97449 1.98701 4.86845 8.23932 7.44741 2.43333 1.37401 1.04764 1.00299 1.00332 1.04764 1.38003 2.43398 1.24333 1.01496 1.00043 1.00001 1.00001 1.00043 1.01564 
6.72311 2.258 1.14507 1.00861 1.00875 1.14607 2.25824 6.72329 13.5496 7.25356 2.44211 1.24095 1.23513 2.41587 7.16397 13.6129 18.4615 22.6937 23.8571 24.0719 24.0554 23.8291 22.6937 18.4615 9.94941 10.7411 16.4285 20.6541 20.6217 16.4089 10.803 9.98076 11.0679 12.3306 8.23224 3.9981 4.04067 8.25248 12.2872 11.0442 4.31655 2.30234 1.26152 1.03025 1.03282 1.26161 2.32247 4.318 1.96639 1.10795 1.00667 1.0001 1.0001 1.00668 1.11176 
8.83826 2.8345 1.22699 1.01429 1.01453 1.22856 2.83491 8.83857 17.0652 9.2857 3.02103 1.36636 1.35737 2.98335 9.16949 17.1684 23.5029 28.5801 29.9143 30.1311 30.1255 29.9029 28.5801 23.5029 13.9904 14.0075 18.6688 23.7448 23.6937 18.669 14.064 14.0344 13.9793 15.2572 10.7678 5.82111 5.87449 10.778 15.1835 13.9501 5.87701 3.13962 1.50355 1.06919 1.07346 1.50361 3.16535 5.87781 2.66453 1.21816 1.01543 1.00029 1.00029 1.01544 1.22323 
7.20998 2.42727 1.16731 1.01001 1.01013 1.1679 2.42749 7.20985 14.2395 7.40076 2.5564 1.26724 1.26205 2.53812 7.37257 14.4163 22.0574 25.9567 26.9884 26.8656 26.9833 27.0979 25.9567 22.0574 15.7044 16.8248 20.1559 23.2096 23.0468 19.9915 16.7084 15.5962 13.1851 13.8502 11.5164 8.21578 8.158 11.4389 13.7328 13.0921 6.76846 4.21352 2.12097 1.22382 1.21191 2.12106 4.14662 6.6835 3.84953 1.45489 1.03648 1.00108 1.00108 1.03649 1.46233 
9.23291 2.88702 1.23468 1.01342 1.01342 1.23468 2.87675 9.19372 19.056 8.7318 2.83087 1.27895 1.27895 2.83087 8.7318 19.056 29.214 32.2146 32.8869 32.9983 33.0534 32.9381 32.3118 29.3114 26.4888 27.5774 30.3376 31.9624 31.9624 30.3376 27.5774 26.4888 26.1109 27.0918 25.8197 24.5979 24.6174 26.4728 27.0926 26.1085 19.1389 16.9482 9.77328 3.79885 3.81068 9.76674 16.8412 19.1906 10.9619 3.2163 1.27902 1.01595 1.01574 1.2771 3.20179 
10.6893 3.24812 1.29123 1.01742 1.01742 1.29123 3.23841 10.649 21.6922 10.1256 3.20839 1.35506 1.35506 3.20839 10.1256 21.6922 31.979 33.982 34.5644 34.6618 34.66 34.5605 33.9499 31.9462 30.5098 30.8198 32.2716 33.5272 33.5272 32.2716 30.8198 30.5098 30.7058 32.4227 32.6295 32.4581 32.4538 32.6326 32.4205 30.7052 21.425 19.2438 11.154 4.27381 4.28779 11.1627 19.3171 21.3894 12.1576 3.50846 1.32216 1.01794 1.01782 1.32126 3.50257 
11.0174 3.3195 1.29999 1.01796 1.01796 1.29999 3.30934 10.9757 22.5909 10.5887 3.31419 1.37337 1.37337 3.31419 10.5887 22.5909 32.9889 34.4606 34.8789 34.946 34.9463 34.8782 34.4414 32.9741 32.8668 33.1382 33.827 34.421 34.421 33.827 33.1382 32.8668 31.8867 33.8184 34.4383 34.5207 34.5184 34.4692 33.8191 31.8856 22.438 20.4233 11.7562 4.44436 4.46018 11.7673 20.4925 22.403 12.7111 3.63802 1.33949 1.01895 1.01883 1.3386 3.63209 
11.0153 3.29063 1.28814 1.01642 1.01642 1.28814 3.28476 10.9878 22.8162 10.5515 3.29054 1.35663 1.35663 3.29054 10.5515 22.8162 33.2085 34.5198 34.9183 34.9817 34.9818 34.918 34.5114 33.1944 33.7901 34.211 34.5487 34.7978 34.7978 34.5487 34.211 33.7901 32.1338 34.1566 34.7864 34.8942 34.8939 34.8025 34.1579 32.1313 22.8318 20.8486 11.782 4.39246 4.40604 11.792 20.8891 22.8047 12.8574 3.66233 1.34127 1.01868 1.0186 1.34064 3.65805 
10.9878 3.28476 1.28679 1.01624 1.01642 1.28814 3.29063 11.0153 22.7242 10.6015 3.31713 1.36238 1.36238 3.31713 10.5515 22.8162 33.1944 34.5114 34.918 34.9818 34.9818 34.918 34.5114 33.1944 33.7816 34.2104 34.5499 34.7986 34.7978 34.5487 34.211 33.7901 32.0698 34.2215 34.8098 34.9013 34.8945 34.7884 34.1566 32.0698 22.8047 20.8891 11.792 4.40604 4.39246 11.782 20.8486 22.8318 12.8574 3.66233 1.34127 1.01868 1.01868 1.34127 3.66233 
10.9757 3.30934 1.29778 1.01767 1.01796 1.29999 3.3195 11.0174 22.4978 10.6559 3.35462 1.38196 1.38196 3.35462 10.5887 22.5909 32.9741 34.4414 34.8782 34.9463 34.9463 34.8782 34.4414 32.9741 32.8553 33.1322 33.8307 34.4247 34.421 33.827 33.1382 32.8668 31.8257 33.9353 34.4815 34.5337 34.5211 34.4408 33.8184 31.8257 22.403 20.4925 11.7673 4.46018 4.44436 11.7562 20.4233 22.438 12.7111 3.63802 1.33949 1.01895 1.01895 1.33949 3.63802 
10.649 3.23841 1.28908 1.01713 1.01742 1.29123 3.24812 10.6893 21.6195 10.2028 3.25208 1.3639 1.3639 3.25208 10.1256 21.6922 31.9462 33.9499 34.5605 34.66 34.66 34.5605 33.9499 31.9462 30.4947 30.8063 32.2766 33.534 33.5272 32.2716 30.8198 30.5098 30.65 32.5291 32.6211 32.39 32.435 32.6082 32.4227 30.65 21.3894 19.3171 11.1627 4.28779 4.27381 11.154 19.2438 21.425 12.1576 3.50846 1.32216 1.01794 1.01794 1.32216 3.50846 
9.19372 2.87675 1.23283 1.01321 1.01342 1.23468 2.88702 9.23291 18.9902 8.77977 2.85601 1.28429 1.28429 2.85601 8.7318 19.056 29.3114 32.3118 32.9381 33.0534 33.0534 32.9381 32.3118 29.3114 26.6155 27.7018 30.4455 32.0357 31.9624 30.3376 27.5774 26.4888 26.196 28.0257 26.7569 25.5313 24.7273 25.9524 27.0918 26.196 19.1906 16.8412 9.76674 3.81068 3.79885 9.77328 16.9482 19.1389 10.9619 3.2163 1.27902 1.01595 1.01595 1.27902 3.2163 
5.70477 1.81513 1.0755 1.0031 1.00319 1.07659 1.82191 5.73667 14.1808 5.43357 1.76775 1.06845 1.06993 1.78015 5.50298 14.2265 30.0818 33.2576 34.4333 34.6786 34.7454 34.5252 33.2835 30.0922 33.5475 34.4709 34.7728 34.7887 34.7889 34.7729 34.4854 33.5745 30.953 32.8928 32.9078 32.7113 32.7496 32.9367 32.8928 30.953 21.8446 18.6476 11.5823 4.96706 4.9646 11.567 18.6155 21.8659 13.0705 4.11056 1.48918 1.04452 1.04547 1.49471 4.13742 
3.99066 1.40684 1.02885 1.00073 1.00077 1.02951 1.4122 4.02168 11.475 3.8228 1.37175 1.02328 1.02443 1.38204 3.87935 11.5156 29.3211 33.1279 34.5645 34.8743 34.8846 34.6145 33.1503 29.3161 34.0472 34.7007 34.8713 34.8949 34.8949 34.8713 34.703 34.0584 32.1678 34.1232 34.4512 34.4484 34.4428 34.4447 34.1232 32.1678 22.942 19.49 12.1694 5.23202 5.23197 12.1689 19.4923 23.0034 13.6015 4.26763 1.51953 1.04821 1.04937 1.52634 4.29961 
3.6494 1.33951 1.02266 1.0006 1.00064 1.02323 1.34431 3.6789 10.8552 3.50686 1.3115 1.01841 1.01952 1.32149 3.56022 10.8961 29.1236 33.0961 34.5926 34.9172 34.93 34.6423 33.119 29.1187 34.2741 34.8183 34.9431 34.9702 34.9702 34.943 34.8205 34.2862 32.4481 34.4344 34.8573 34.9106 34.9106 34.8563 34.4344 32.4481 23.3323 19.8196 12.209 5.21092 5.211 12.2095 19.8209 23.3943 13.8138 4.29987 1.52179 1.04817 1.04931 1.52853 4.33138 
3.55894 1.31601 1.01967 1.00045 1.00048 1.02006 1.31938 3.58057 10.7827 3.43021 1.29419 1.01679 1.01757 1.30154 3.46967 10.8114 29.1293 33.1143 34.6148 34.9282 34.9367 34.6485 33.131 29.1262 34.3385 34.8641 34.9692 34.9895 34.9895 34.9691 34.8652 34.3445 32.5048 34.4764 34.9169 34.9771 34.977 34.9162 34.4764 32.5048 23.7188 20.2602 11.929 4.91171 4.91168 11.9292 20.2618 23.788 14.0373 4.2303 1.49282 1.04123 1.04198 1.49759 4.25321 
3.58057 1.31938 1.02006 1.00048 1.00048 1.02006 1.31938 3.55894 10.8114 3.46967 1.29419 1.01679 1.01679 1.29419 3.43021 10.7827 29.1262 33.131 34.6485 34.9367 34.9367 34.6485 33.131 29.1262 34.3445 34.8652 34.9691 34.9895 34.9895 34.9691 34.8641 34.3385 32.4062 34.483 34.915 34.9765 34.9768 34.9155 34.4764 32.5048 23.7588 20.3269 11.8852 4.8696 4.91171 11.929 20.2602 23.7188 14.0294 4.25321 1.49759 1.04198 1.04123 1.49282 4.2303 
3.6789 1.34431 1.02323 1.00064 1.00064 1.02323 1.34431 3.6494 10.8961 3.56022 1.3115 1.01841 1.01841 1.3115 3.50686 10.8552 29.1187 33.119 34.6423 34.93 34.93 34.6423 33.119 29.1187 34.2862 34.8205 34.943 34.9702 34.9702 34.943 34.8183 34.2741 32.3384 34.4438 34.8523 34.9088 34.9099 34.854 34.4344 32.4481 23.3835 19.9256 12.146 5.14664 5.21092 12.209 19.8196 23.3323 13.8045 4.33138 1.52853 1.04931 1.04817 1.52179 4.29987 
4.02168 1.4122 1.02951 1.00077 1.00077 1.02951 1.4122 3.99066 11.5156 3.87935 1.37175 1.02328 1.02328 1.37175 3.8228 11.475 29.3161 33.1503 34.6145 34.8846 34.8846 34.6145 33.1503 29.3161 34.0584 34.703 34.8713 34.8949 34.8949 34.8713 34.7007 34.0472 32.0492 34.1158 34.4282 34.4304 34.4375 34.4393 34.1232 32.1678 22.9947 19.5995 12.1067 5.1659 5.23202 12.1694 19.49 22.942 13.5916 4.29961 1.52634 1.04937 1.04821 1.51953 4.26763 
5.73667 1.82191 1.07659 1.00319 1.00319 1.07659 1.82191 5.70477 14.2265 5.50298 1.76775 1.06845 1.06845 1.76775 5.43357 14.1808 30.0922 33.2835 34.5252 34.7454 34.7454 34.5252 33.2835 30.0922 33.5745 34.4854 34.7729 34.7889 34.7889 34.7729 34.4709 33.5475 30.8118 32.8648 32.9695 32.7942 32.7957 32.9769 32.8928 30.953 21.8663 18.7156 11.5269 4.91272 4.96706 11.5823 18.6476 21.8446 13.0615 4.13742 1.49471 1.04547 1.04452 1.48918 4.11056 
8.2094 2.55083 1.18872 1.01138 1.01138 1.18872 2.55083 8.2094 17.7174 7.86672 2.50519 1.19701 1.19701 2.50519 7.86672 17.7174 31.8325 33.7187 34.5706 34.7518 34.7518 34.5706 33.7187 31.8325 32.5816 34.0681 34.3916 34.2133 34.2133 34.3916 34.0443 32.5538 29.3844 32.1157 32.6833 32.5718 32.4297 32.5336 32.1564 29.4397 14.9484 12.245 8.97549 5.22498 5.28455 8.95415 12.0895 14.8262 9.16063 3.86647 1.57048 1.07486 1.07308 1.56116 3.83675 
9.91426 3.03004 1.26392 1.0169 1.0169 1.26392 3.03004 9.91426 20.5727 9.61535 2.98564 1.28663 1.28663 2.98564 9.61535 20.5727 33.3074 34.3366 34.8123 34.9111 34.9111 34.8123 34.3366 33.3074 33.6842 34.4854 34.6742 34.6773 34.6773 34.6742 34.4808 33.6887 31.6989 33.8467 34.2954 34.3089 34.3281 34.3083 33.833 31.6966 18.7163 15.7482 12.0143 7.28452 7.40617 12.0339 15.6367 18.6569 11.7222 4.96055 1.82768 1.11888 1.11579 1.81113 4.89873 
10.3123 3.12986 1.2783 1.01797 1.01797 1.2783 3.12986 10.3123 21.1916 9.9743 3.06992 1.30069 1.30069 3.06992 9.9743 21.1916 33.703 34.5571 34.9095 34.9749 34.9749 34.9095 34.5571 33.703 34.1578 34.7345 34.8679 34.8952 34.8952 34.8679 34.7311 34.159 32.4644 34.3634 34.8393 34.8977 34.8967 34.8319 34.3572 32.4693 20.2317 17.0243 12.8442 7.64183 7.7619 12.8617 16.8982 20.1667 12.7437 5.31667 1.89638 1.12755 1.12426 1.87903 5.25134 
10.3803 3.13441 1.27443 1.01697 1.01697 1.27443 3.13441 10.3803 21.2685 10.0354 3.08398 1.29969 1.29969 3.08398 10.0354 21.2685 33.7684 34.5825 34.9291 34.9867 34.9867 34.9291 34.5825 33.7684 34.3151 34.8349 34.9451 34.9679 34.9679 34.9451 34.8328 34.3172 32.6511 34.4463 34.9118 34.9751 34.9734 34.9057 34.4428 32.6578 21.4099 17.8203 12.5926 6.9734 7.0547 12.6151 17.7211 21.3707 13.2573 5.03254 1.77678 1.09684 1.09474 1.76552 4.98674 
10.3624 3.12753 1.27267 1.01674 1.01697 1.27443 3.13441 10.3803 21.2685 10.0354 3.08398 1.29969 1.29849 3.08673 10.1047 21.1795 33.7716 34.5793 34.9282 34.9864 34.9867 34.9291 34.5825 33.7684 34.3172 34.8328 34.9446 34.9678 34.9679 34.9451 34.8349 34.3151 32.7417 34.4456 34.9043 34.973 34.9714 34.9003 34.4427 32.7898 21.3707 17.7211 12.6151 7.0547 7.0547 12.6151 17.7211 21.3707 13.2573 5.03254 1.77678 1.09684 1.09684 1.77678 5.03254 
10.2942 3.1214 1.27607 1.01766 1.01797 1.2783 3.12986 10.3123 21.1916 9.9743 3.06992 1.30069 1.29841 3.07033 10.0505 21.1042 33.7104 34.5496 34.9075 34.9744 34.9749 34.9095 34.5571 33.703 34.159 34.7311 34.867 34.895 34.8952 34.8679 34.7345 34.1578 32.5936 34.3661 34.8313 34.8968 34.8935 34.8234 34.3625 32.6389 20.1667 16.8982 12.8617 7.7619 7.7619 12.8617 16.8982 20.1667 12.7437 5.31667 1.89638 1.12755 1.12755 1.89638 5.31667 
9.89654 3.02191 1.26179 1.01661 1.0169 1.26392 3.03004 9.91426 20.5727 9.61535 2.98564 1.28663 1.28444 2.98616 9.69063 20.4898 33.3205 34.3284 34.8112 34.9115 34.9111 34.8123 34.3366 33.3074 33.6887 34.4808 34.673 34.6776 34.6773 34.6742 34.4854 33.6842 31.8415 33.8667 34.3274 34.3443 34.3553 34.3242 33.8573 31.8923 18.6569 15.6367 12.0339 7.40617 7.40617 12.0339 15.6367 18.6569 11.7222 4.96055 1.82768 1.11888 1.11888 1.82768 4.96055 
8.18227 2.54317 1.18706 1.01118 1.01138 1.18872 2.55083 8.2094 17.7174 7.86672 2.50519 1.19701 1.19597 2.50784 7.93274 17.6195 31.829 33.6884 34.5574 34.7441 34.7518 34.5706 33.7187 31.8325 32.5538 34.0443 34.3797 34.1921 34.2133 34.3916 34.0681 32.5816 29.3124 32.0047 32.5194 32.4012 32.247 32.3235 31.9666 29.3881 14.8262 12.0895 8.95415 5.28455 5.28455 8.95415 12.0895 14.8262 9.16063 3.86647 1.57048 1.07486 1.07486 1.57048 3.86647 
4.80431 1.61361 1.04914 1.00161 1.00164 1.04947 1.61361 4.80431 12.5782 4.61384 1.59358 1.05413 1.05324 1.58639 4.65766 12.5265 27.8404 31.8713 33.5033 33.8053 33.8152 33.5215 31.9064 28.0616 27.0873 28.5918 29.2439 29.2711 29.2711 29.2439 28.5918 27.0873 22.0395 26.8302 26.3484 25.6382 26.3399 26.6694 26.8315 22.0383 8.5899 5.9141 3.22676 1.48953 1.48953 3.22676 5.9141 8.5899 4.52793 1.70511 1.07774 1.0045 1.0045 1.07774 1.70511 
3.9857 1.42698 1.02962 1.00061 1.00064 1.03014 1.42698 3.9857 11.4537 3.85799 1.4145 1.03368 1.03288 1.40892 3.89165 11.3578 28.2729 32.5595 34.3064 34.6407 34.6427 34.3093 32.492 28.3622 28.4249 30.6527 31.3436 31.7956 31.7956 31.3436 30.6527 28.4249 22.3406 29.4558 31.579 31.8839 31.8676 31.6395 29.4592 22.3386 5.65137 3.05979 1.53526 1.06453 1.06453 1.53526 3.05979 5.65137 2.6378 1.21824 1.01447 1.00034 1.00034 1.01447 1.21824 
3.83091 1.39676 1.02696 1.00059 1.00062 1.02744 1.39676 3.83091 11.1846 3.69881 1.38242 1.03052 1.02976 1.37698 3.73286 11.0889 28.3726 32.7676 34.5281 34.8727 34.8727 34.5277 32.7105 28.4548 29.55 32.4867 33.2111 33.62 33.62 33.2111 32.4867 29.55 22.361 30.5014 33.4999 34.1668 34.2102 33.5769 30.5057 22.3591 4.2951 1.8951 1.11332 1.0293 1.0293 1.11332 1.8951 4.2951 1.89941 1.10056 1.00507 1.00008 1.00008 1.00507 1.10056 
3.77811 1.37895 1.02435 1.0005 1.00051 1.02467 1.37895 3.77811 11.1733 3.63865 1.36193 1.02697 1.02646 1.35807 3.66431 11.079 28.371 32.7692 34.5675 34.9099 34.9097 34.5669 32.7207 28.4581 30.2007 33.4737 34.2174 34.4908 34.4908 34.2174 33.4737 30.2007 22.4621 30.9749 34.0474 34.679 34.7061 34.0897 30.9794 22.4608 4.00747 1.64828 1.05054 1.01855 1.01855 1.05054 1.64828 4.00747 1.71283 1.07132 1.00314 1.00003 1.00003 1.00314 1.07132 
3.79793 1.38162 1.02467 1.00051 1.00051 1.02467 1.37895 3.77811 11.079 3.66431 1.35807 1.02646 1.02646 1.35807 3.66431 11.079 28.371 32.7692 34.5675 34.9099 34.9099 34.5675 32.7692 28.371 30.2326 33.4871 34.2211 34.4919 34.4908 34.2174 33.4737 30.2007 22.4608 30.9794 34.0897 34.7061 34.7061 34.0897 30.9794 22.4608 4.00663 1.6581 1.04926 1.0117 1.01855 1.05054 1.64828 4.00747 1.71283 1.07132 1.00314 1.00003 1.00002 1.00305 1.07035 
3.85908 1.40091 1.02744 1.00062 1.00062 1.02744 1.39676 3.83091 11.0889 3.73286 1.37698 1.02976 1.02976 1.37698 3.73286 11.0889 28.3726 32.7676 34.5281 34.8727 34.8727 34.5281 32.7676 28.3726 29.601 32.5055 33.2167 33.6218 33.62 33.2111 32.4867 29.55 22.3591 30.5057 33.5769 34.2102 34.2102 33.5769 30.5057 22.3591 4.2942 1.90963 1.11181 1.02 1.0293 1.11332 1.8951 4.2951 1.89941 1.10056 1.00507 1.00008 1.00007 1.00491 1.09892 
4.01418 1.43126 1.03014 1.00064 1.00064 1.03014 1.42698 3.9857 11.3578 3.89165 1.40892 1.03288 1.03288 1.40892 3.89165 11.3578 28.2729 32.5595 34.3064 34.6407 34.6407 34.3064 32.5595 28.2729 28.4699 30.6687 31.3488 31.7972 31.7956 31.3436 30.6527 28.4249 22.3386 29.4592 31.6395 31.8676 31.8676 31.6395 29.4592 22.3386 5.65739 3.08164 1.53226 1.05611 1.06453 1.53526 3.05979 5.65137 2.6378 1.21824 1.01447 1.00034 1.00033 1.01422 1.21608 
4.81238 1.61511 1.04947 1.00164 1.00164 1.04947 1.61361 4.80431 12.5265 4.65766 1.58639 1.05324 1.05324 1.58639 4.65766 12.5265 27.8404 31.8713 33.5033 33.8053 33.8053 33.5033 31.8713 27.8404 26.9591 28.4214 29.0609 29.1022 29.2711 29.2439 28.5918 27.0873 22.0383 26.8315 26.6694 26.3399 26.3399 26.6694 26.8315 22.0383 8.53621 5.88569 3.10826 1.42668 1.48953 3.22676 5.9141 8.5899 4.52793 1.70511 1.07774 1.0045 1.00427 1.07519 1.68883 
2.89991 1.24146 1.01483 1.00041 1.00037 1.01432 1.2377 2.88018 8.06011 2.7441 1.22181 1.01466 1.01466 1.22181 2.7441 8.06011 21.1907 27.1013 28.6532 28.9377 28.9377 28.6532 27.1013 21.1907 14.7674 11.9183 11.0626 10.6623 10.484 10.8594 11.7087 14.6224 16.36 19.9543 15.0397 10.4145 10.2921 14.9107 19.8539 16.348 5.78503 2.87241 1.47863 1.05968 1.0606 1.47618 2.87241 5.86477 2.16341 1.11598 1.00609 1.0002 1.0002 1.00609 1.11598 
2.93613 1.25029 1.01592 1.00035 1.0003 1.01535 1.24686 2.92456 8.08665 2.72513 1.22774 1.01572 1.01572 1.22774 2.72513 8.08665 22.5961 30.4217 32.4414 32.7478 32.7478 32.4414 30.4217 22.5961 12.476 7.14224 5.5391 4.81036 4.81412 5.54277 7.13917 12.4941 17.2128 20.332 13.1174 6.19023 6.19386 13.1225 20.3234 17.2645 5.64748 2.44972 1.33107 1.05331 1.05246 1.3265 2.44972 5.70081 2.09201 1.12119 1.00711 1.00019 1.00019 1.00711 1.12119 
2.95211 1.25065 1.01592 1.00042 1.00037 1.01535 1.24726 2.94098 8.19351 2.75151 1.2304 1.01592 1.01592 1.2304 2.75151 8.19351 23.0928 31.6042 33.7548 34.0754 34.0754 33.7548 31.6042 23.0928 10.9365 4.34157 2.52257 2.02546 2.02541 2.52206 4.33738 10.9546 17.6042 20.4533 12.3583 4.8282 4.83221 12.3666 20.4426 17.6419 5.70428 2.42446 1.3253 1.0539 1.05282 1.31994 2.42446 5.7597 2.10109 1.12368 1.00732 1.00026 1.00026 1.00732 1.12368 
2.89861 1.22891 1.01334 1.00031 1.00028 1.01299 1.22691 2.89327 8.30206 2.74939 1.21536 1.01323 1.01323 1.21536 2.74939 8.30206 23.187 31.7776 33.9421 34.2689 34.2689 33.9421 31.7776 23.187 10.5018 3.60225 1.76418 1.44242 1.44238 1.76374 3.59886 10.5158 17.6427 20.4275 12.223 4.70276 4.70522 12.2285 20.4191 17.6773 5.71697 2.36017 1.3061 1.04903 1.04824 1.30229 2.36017 5.77258 2.07837 1.11721 1.00662 1.00022 1.00022 1.00662 1.11721 
2.89327 1.22691 1.01299 1.00028 1.00031 1.01334 1.22691 2.89327 8.11674 2.76729 1.22089 1.01422 1.01323 1.21536 2.74939 8.30206 23.187 31.7776 33.9421 34.2689 34.2686 33.9414 31.7584 23.2027 10.5158 3.59886 1.76374 1.44238 1.44242 1.76418 3.60225 10.5018 17.6773 20.4191 12.2285 4.70522 4.70276 12.223 20.4275 17.6427 5.8611 2.33693 1.30229 1.04824 1.04786 1.29621 2.33585 5.92274 2.07837 1.11721 1.00662 1.00022 1.00021 1.00659 1.11762 
2.94098 1.24726 1.01535 1.00037 1.00042 1.01592 1.24726 2.94098 8.0139 2.78236 1.24054 1.01767 1.01592 1.2304 2.75151 8.19351 23.0928 31.6042 33.7548 34.0754 34.0729 33.7495 31.5512 23.1025 10.9546 4.33738 2.52206 2.02541 2.02546 2.52257 4.34157 10.9365 17.6419 20.4426 12.3666 4.83221 4.8282 12.3583 20.4533 17.6042 5.86193 2.39317 1.31994 1.05282 1.05228 1.3114 2.39228 5.92591 2.10109 1.12368 1.00732 1.00026 1.00025 1.00728 1.12444 
2.92456 1.24686 1.01535 1.0003 1.00035 1.01592 1.24686 2.92456 7.91001 2.7572 1.23807 1.0175 1.01572 1.22774 2.72513 8.08665 22.5961 30.4217 32.4414 32.7478 32.7396 32.4266 30.3625 22.6076 12.4941 7.13917 5.54277 4.81412 4.81036 5.5391 7.14224 12.476 17.2645 20.3234 13.1225 6.19386 6.19023 13.1174 20.332 17.2128 5.79394 2.4212 1.3265 1.05246 1.05199 1.31816 2.42247 5.85537 2.09201 1.12119 1.00711 1.00019 1.00018 1.00708 1.12192 
2.88018 1.2377 1.01432 1.00037 1.00041 1.01483 1.2377 2.88018 7.82685 2.76124 1.22787 1.01588 1.01466 1.22181 2.7441 8.06011 21.1907 27.1013 28.6532 28.9377 28.9383 28.6547 26.678 20.853 14.6224 11.7087 10.8594 10.484 10.6623 11.0626 11.9183 14.7674 16.348 19.8539 14.9107 10.2921 10.4145 15.0397 19.9543 16.36 5.74218 2.83629 1.47618 1.0606 1.05974 1.45291 2.83937 5.79656 2.16341 1.11598 1.00609 1.0002 1.0002 1.00612 1.11655 
1.12118 1.0091 1.00044 0.999979 0.999979 1.00045 1.009 1.11882 1.86117 1.09895 1.00636 1.00007 1.00007 1.00636 1.0994 1.87509 8.68373 11.7603 12.9447 13.0732 13.0732 12.9447 11.8511 8.77408 4.08143 2.46472 2.11133 2.07003 2.07012 2.11237 2.46618 4.08126 7.34851 8.66973 5.78606 3.51572 3.51572 5.78606 8.66973 7.34851 1.99574 1.24522 1.04074 1.00359 1.00345 1.04062 1.2396 1.99597 1.11495 1.00695 1.0003 0.999974 0.999975 1.00029 1.00708 
1.0127 1.00072 0.999909 0.999919 0.999919 0.999912 1.00074 1.01283 1.10612 1.00746 1.00013 0.999872 0.999871 1.00013 1.00746 1.10683 2.69524 3.51419 3.75374 3.77265 3.77265 3.75374 3.51135 2.69763 1.56141 1.17458 1.10954 1.11512 1.11519 1.10975 1.17482 1.5614 2.82884 3.02743 1.89935 1.29772 1.29772 1.89935 3.02743 2.82884 1.1206 1.01843 1.00228 0.999992 0.999988 1.00224 1.01826 1.12065 1.01015 1.00045 0.999901 0.999921 0.999921 0.999899 1.00043 
1.00071 0.999952 0.999988 1 1 0.999988 0.999953 1.00072 1.00604 1.00013 0.99994 0.999998 0.999998 0.999939 1.00012 1.00607 1.19453 1.31516 1.34583 1.34418 1.34418 1.34583 1.31395 1.19405 1.04871 1.01535 1.01117 1.01014 1.01015 1.01118 1.01536 1.0487 1.32092 1.32637 1.08363 1.01305 1.01305 1.08363 1.32637 1.32092 1.0083 1.00047 0.999954 0.999968 0.999968 0.99995 1.00046 1.00831 1.00043 0.999939 0.99999 1 1 0.99999 0.999938 
1.00003 0.999984 1 1 1 1 0.999984 1.00003 1.00009 0.999873 0.999997 1 1 0.999998 0.999871 1.00009 1.01039 1.01888 1.01902 1.01968 1.01968 1.01902 1.01867 1.0103 1.00219 1.00098 1.00103 1.00084 1.00084 1.00103 1.00098 1.00219 1.03604 1.03307 1.0044 0.999933 0.999933 1.0044 1.03307 1.03604 1.00023 0.999857 0.999976 0.999999 0.999999 0.999976 0.999856 1.00023 1.00004 0.999986 1 1 1 1 0.999987 
1.00003 0.999984 1 1 1 1 0.999984 1.00003 1.00009 0.999873 0.999997 1 1 0.999997 0.999873 1.00009 1.01039 1.01888 1.01913 1.01982 1.01968 1.01902 1.01888 1.01039 1.00219 1.00098 1.00103 1.00084 1.00084 1.00103 1.00098 1.00219 1.03713 1.03396 1.00429 0.999941 0.999933 1.0044 1.03307 1.03604 1.00008 0.999853 0.999976 0.999999 0.999999 0.999976 0.999853 1.00008 1.00004 0.999986 1 1 1 1 0.999986 
1.00072 0.999953 0.999988 1 1 0.999988 0.999953 1.00072 1.00604 1.00013 0.99994 0.999998 0.999998 0.99994 1.00013 1.00604 1.19453 1.31516 1.3462 1.34474 1.34418 1.34583 1.31516 1.19453 1.0487 1.01536 1.01118 1.01015 1.01014 1.01117 1.01535 1.04871 1.32748 1.33219 1.08266 1.01318 1.01305 1.08363 1.32637 1.32092 1.00677 1.00042 0.999954 0.999968 0.999968 0.999954 1.00042 1.00677 1.00043 0.999939 0.99999 1 1 0.99999 0.999939 
1.01283 1.00074 0.999912 0.999919 0.999919 0.999912 1.00074 1.01283 1.10612 1.00746 1.00013 0.999872 0.999872 1.00013 1.00746 1.10612 2.69524 3.51419 3.75272 3.77332 3.77265 3.75374 3.51419 2.69524 1.5614 1.17482 1.10975 1.11519 1.11512 1.10954 1.17458 1.56141 2.85854 3.05666 1.89682 1.29909 1.29772 1.89935 3.02743 2.82884 1.10901 1.01833 1.00229 1 1 1.00229 1.01833 1.10901 1.01015 1.00045 0.999901 0.999921 0.999921 0.999901 1.00045 
1.11882 1.009 1.00045 0.999979 0.999979 1.00045 1.009 1.11882 1.86117 1.09895 1.00636 1.00007 1.00007 1.00636 1.09895 1.86117 8.68373 11.7603 12.836 12.9667 13.0732 12.9447 11.7603 8.68373 4.08126 2.46618 2.11237 2.07012 2.07003 2.11133 2.46472 4.08143 7.30495 8.60753 5.8182 3.53614 3.51572 5.78606 8.66973 7.34851 1.91031 1.2338 1.04065 1.00328 1.00328 1.04065 1.2338 1.91031 1.11495 1.00695 1.0003 0.999974 0.999974 1.0003 1.00695 
1.00737 1.0005 1.00004 1.00006 1.00006 1.00004 1.0005 1.00737 1.08579 1.0063 1.00024 1.00004 1.00004 1.00024 1.0063 1.08579 2.87163 3.89188 4.20892 4.09942 4.09942 4.20892 3.89188 2.87163 1.61644 1.19674 1.15684 1.10458 1.10458 1.15684 1.19674 1.61644 2.74651 3.00642 1.80997 1.30929 1.30929 1.80997 3.02806 2.77332 1.14593 1.01689 1.00248 1.00017 1.00017 1.00248 1.01689 1.14593 1.01237 1.00063 1.00004 1.00006 1.00006 1.00004 1.00063 
1.00022 0.999978 0.99999 0.999996 0.999996 0.99999 0.999978 1.00022 1.00463 1.00017 0.999945 0.999993 0.999993 0.999945 1.00017 1.00463 1.31341 1.51233 1.58818 1.53266 1.53266 1.58818 1.51233 1.31341 1.06536 1.01003 1.00691 1.00278 1.00278 1.00691 1.01003 1.06536 1.21746 1.24138 1.06034 1.0181 1.0181 1.06034 1.24434 1.22126 1.01175 1.00088 0.999943 0.99996 0.99996 0.999943 1.00088 1.01175 1.0009 0.99998 0.999982 0.999996 0.999996 0.999982 0.99998 
1.00002 0.999992 1 1 1 1 0.999992 1.00002 1.00011 0.999896 0.999996 1 1 0.999996 0.999896 1.00011 1.03302 1.0579 1.07017 1.05796 1.05796 1.07017 1.0579 1.03302 1.00381 0.999987 0.999898 0.999817 0.999817 0.999898 0.999987 1.00381 1.01186 1.01289 1.00183 1.00048 1.00048 1.00183 1.01319 1.01229 1.00057 0.999917 0.99997 0.999997 0.999997 0.99997 0.999917 1.00057 1.00007 0.999982 1 1 1 1 0.999982 
1.00007 0.999996 1 1 1 1 0.999996 1.00007 1 0.999925 1 1 1 1 0.999925 1 1.00179 1.00312 1.00414 1.0031 1.0031 1.00414 1.00312 1.00179 1.00019 0.999925 1.00001 1.00002 1.00002 1.00001 0.999925 1.00019 1.00025 1.00005 0.999963 0.999968 0.999968 0.999963 1.00006 1.00027 0.999982 0.999916 1 1 1 1 0.999916 0.999982 1.00006 0.999996 1 1 1 1 0.999996 
0 0 0 0 1 1 0.999996 1.00007 1 0.999925 1 1 1 1 0.999924 1 1.00179 1.00312 1.00414 1.0031 1.003 1.004 1.00301 1.00174 1.00018 0.999926 1.00001 1.00002 1.00002 1.00001 0.999925 1.00019 1.00027 1.00006 0.999963 0.999968 0.99997 0.999963 1.00005 1.00025 0.999982 0.999916 1 1 1 1 0.999916 0.999982 1.00006 0.999996 1 1 0 0 0 
0 0 0 0 1 1 0.999992 1.00002 1.00011 0.999896 0.999996 1 1 0.999996 0.999896 1.00013 1.03302 1.0579 1.07017 1.05796 1.0568 1.06863 1.05665 1.03234 1.00371 0.999972 0.999886 0.999809 0.999817 0.999898 0.999987 1.00381 1.01229 1.01319 1.00183 1.00048 1.0005 1.00181 1.01289 1.01186 1.00056 0.999913 0.999969 0.999997 0.999997 0.99997 0.999917 1.00057 1.00007 0.999982 1 1 0 0 0 
0 0 0 0 0.999996 0.99999 0.999978 1.00022 1.00463 1.00017 0.999945 0.999993 0.999993 0.999945 1.00017 1.00489 1.31341 1.51233 1.58818 1.53266 1.52523 1.57878 1.50444 1.30887 1.06414 1.00972 1.00663 1.00264 1.00278 1.00691 1.01003 1.06536 1.22126 1.24434 1.06034 1.0181 1.01838 1.06016 1.24138 1.21746 1.01177 1.00086 0.999943 0.99996 0.99996 0.999943 1.00088 1.01175 1.0009 0.99998 0.999982 0.999996 0 0 0 
