0 0 0 0 0.999989 1.00043 1.00983 1.16274 1.84601 1.21628 1.02436 1.00168 1.0017 1.02453 1.21726 1.85165 2.69192 3.09073 3.34598 3.3632 3.35532 3.33403 3.07685 2.68346 2.95116 4.5279 7.28521 8.78272 8.75398 7.26332 4.49187 2.93333 2.21575 2.30944 1.59882 1.23756 1.23513 1.59087 2.29709 2.2016 1.25896 1.08885 1.01501 1.00114 1.00118 1.01552 1.09035 1.25972 1.0661 1.00511 1.00032 1.00004 0 0 0 
0 0 0 0 0.999983 0.99999 1.00081 1.01386 1.08324 1.01449 1.001 0.999901 0.999902 1.001 1.01455 1.08378 1.20475 1.26888 1.30834 1.30769 1.30727 1.30738 1.26768 1.2042 1.31844 2.00126 3.74793 3.99799 3.95678 3.69687 1.98105 1.31349 1.19873 1.21555 1.0633 1.01544 1.0157 1.0639 1.21681 1.19953 1.01907 1.00556 1.00073 0.999998 1 1.00076 1.0057 1.01921 1.00455 1.00024 0.999959 0.999992 0 0 0 
0 0 0 0 1 0.999986 0.999985 1.00064 1.00368 1.00027 0.999927 0.999975 0.999975 0.999927 1.00027 1.0037 1.01071 1.01471 1.01778 1.01743 1.01743 1.01774 1.01464 1.0107 1.03356 1.196 1.72796 1.73352 1.72031 1.71026 1.19102 1.03284 1.01538 1.01648 1.00356 1.0006 1.00062 1.00364 1.01673 1.01558 1.00068 1.00011 1.00001 0.999987 0.999987 1.00001 1.00013 1.00068 1.00027 0.999958 0.999993 1 0 0 0 
0 0 0 0 1 1 0.999982 1.00004 1.00001 0.99984 0.999987 1 1 0.999987 0.99984 1.00002 1.00015 1.00009 1.00028 1.00027 1.00027 1.00028 1.00009 1.00015 1.00196 1.02235 1.13565 1.12433 1.12161 1.13199 1.02169 1.00191 1.0008 1.00067 1.00012 0.999956 0.999958 1.00013 1.00069 1.00082 0.999976 0.999874 0.999992 1 1 0.999991 0.999873 0.999977 1.00004 0.999992 1 1 0 0 0 
1.00004 0.999982 1 1 1 1 0.999982 1.00004 1.00002 0.99984 0.999987 1 1 0.999987 0.99984 1.00002 1.00015 1.00009 1.00028 1.00027 1.00027 1.00028 1.00009 1.00015 1.00196 1.02235 1.13565 1.12433 1.12433 1.13565 1.02235 1.00196 1.00082 1.00069 1.00013 0.999958 0.999958 1.00013 1.00069 1.00082 0.999977 0.999873 0.999991 1 1 0.999992 0.999874 0.999976 1.00004 0.999992 1 1 1 1 0.999992 
1.00064 0.999985 0.999986 1 1 0.999986 0.999985 1.00064 1.0037 1.00027 0.999927 0.999975 0.999975 0.999927 1.00027 1.0037 1.01071 1.01471 1.01778 1.01743 1.01743 1.01778 1.01471 1.01071 1.03356 1.196 1.72796 1.73352 1.73352 1.72796 1.196 1.03356 1.01558 1.01673 1.00364 1.00062 1.00062 1.00364 1.01673 1.01558 1.00068 1.00013 1.00001 0.999987 0.999987 1.00001 1.00011 1.00068 1.00027 0.999958 0.999993 1 1 0.999993 0.999958 
1.01386 1.00081 0.99999 0.999983 0.999983 0.99999 1.00081 1.01386 1.08378 1.01455 1.001 0.999902 0.999902 1.001 1.01455 1.08378 1.20475 1.26888 1.30834 1.30769 1.30769 1.30834 1.26888 1.20475 1.31844 2.00126 3.74793 3.99799 3.99799 3.74793 2.00126 1.31844 1.19953 1.21681 1.0639 1.0157 1.0157 1.0639 1.21681 1.19953 1.01921 1.0057 1.00076 1 0.999998 1.00073 1.00556 1.01907 1.00455 1.00024 0.999959 0.999992 0.999992 0.999959 1.00024 
1.16274 1.00983 1.00043 0.999989 0.999989 1.00043 1.00983 1.16274 1.85165 1.21726 1.02453 1.0017 1.0017 1.02453 1.21726 1.85165 2.69192 3.09073 3.34598 3.3632 3.3632 3.34598 3.09073 2.69192 2.95116 4.5279 7.28521 8.78272 8.78272 7.28521 4.5279 2.95116 2.2016 2.29709 1.59087 1.23513 1.23513 1.59087 2.29709 2.2016 1.25972 1.09035 1.01552 1.00118 1.00114 1.01501 1.08885 1.25896 1.0661 1.00511 1.00032 1.00004 1.00004 1.00032 1.00511 
2.51749 1.27059 1.02173 1.00074 1.00076 1.02217 1.27495 2.53393 4.85176 2.50467 1.25944 1.02894 1.02894 1.25944 2.50467 4.85176 7.13244 8.34977 9.50362 9.58569 9.68332 9.60781 8.45544 7.21843 7.42834 8.67489 10.9329 13.633 13.5992 10.8485 8.57665 7.38166 6.28993 6.5456 5.38437 3.83577 3.83577 5.38437 6.5456 6.28993 2.79385 1.66893 1.13906 1.0174 1.01739 1.13911 1.67565 2.79385 1.44973 1.03647 1.00118 0.999985 0.999985 1.00118 1.0365 
1.32287 1.04288 1.00264 0.99991 0.999908 1.00262 1.04268 1.32178 1.84631 1.22797 1.02479 1.00141 1.00141 1.02479 1.22797 1.84631 2.71167 3.13157 3.3407 3.35218 3.35438 3.34579 3.1389 2.71742 2.99318 4.79892 6.20898 7.30576 7.35204 6.24088 4.83135 3.00759 2.39112 2.42964 1.88455 1.36704 1.36704 1.88455 2.42964 2.39112 1.27842 1.07508 1.00761 1.00037 1.00037 1.00761 1.07595 1.2784 1.0499 1.00266 0.999958 0.999897 0.999897 0.999957 1.00266 
1.03563 1.00323 1.00006 0.999966 0.999966 1.00006 1.00322 1.0356 1.08938 1.01607 1.00089 0.999882 0.999882 1.00089 1.01607 1.08938 1.22274 1.2943 1.32958 1.32513 1.32682 1.33199 1.29708 1.22476 1.36088 2.287 3.25698 3.20638 3.23645 3.30397 2.31314 1.36595 1.23132 1.23768 1.10683 1.02455 1.02455 1.10683 1.23768 1.23132 1.02181 1.00336 0.999952 0.999969 0.999969 0.999951 1.0034 1.02181 1.00285 1.00003 0.999974 0.999999 0.999999 0.999974 1.00003 
1.00231 1.0001 0.999948 0.999998 0.999998 0.999949 1.0001 1.00231 1.0047 1.00029 0.999908 0.999983 0.999983 0.999908 1.00029 1.0047 1.01485 1.02107 1.02425 1.02323 1.02348 1.02459 1.02145 1.01512 1.04264 1.29794 1.7665 1.66509 1.67658 1.78722 1.305 1.0435 1.02326 1.02465 1.00689 1.00065 1.00065 1.00689 1.02465 1.02326 1.00075 0.999888 1.00002 1 1 1.00002 0.999891 1.00075 1.00013 0.999971 0.999998 1 1 0.999998 0.999971 
1.00231 1.0001 0.999949 0.999998 0.999998 0.999949 1.0001 1.00231 1.00463 1.00028 0.999907 0.999983 0.999983 0.999908 1.00029 1.0047 1.01512 1.02145 1.02459 1.02348 1.02348 1.02459 1.02145 1.01512 1.0435 1.305 1.78722 1.67658 1.67658 1.78722 1.305 1.0435 1.02324 1.02463 1.00693 1.00066 1.00065 1.00689 1.02465 1.02326 1.00075 0.999891 1.00002 1 1 1.00002 0.999891 1.00075 1.00013 0.999971 0.999998 1 1 0.999998 0.999971 
1.0356 1.00322 1.00006 0.999966 0.999966 1.00006 1.00322 1.0356 1.08892 1.01593 1.00089 0.999882 0.999882 1.00089 1.01607 1.08938 1.22476 1.29708 1.33199 1.32682 1.32682 1.33199 1.29708 1.22476 1.36595 2.31314 3.30397 3.23645 3.23645 3.30397 2.31314 1.36595 1.2308 1.23732 1.10733 1.02476 1.02455 1.10683 1.23768 1.23132 1.02181 1.0034 0.999951 0.999969 0.999969 0.999951 1.0034 1.02181 1.00285 1.00003 0.999974 0.999999 0.999999 0.999974 1.00003 
1.32178 1.04268 1.00262 0.999908 0.999908 1.00262 1.04268 1.32178 1.84217 1.22717 1.02486 1.00142 1.00141 1.02479 1.22797 1.84631 2.71742 3.1389 3.34579 3.35438 3.35438 3.34579 3.1389 2.71742 3.00759 4.83135 6.24088 7.35204 7.35204 6.24088 4.83135 3.00759 2.38222 2.42307 1.88442 1.36855 1.36704 1.88455 2.42964 2.39112 1.2784 1.07595 1.00761 1.00037 1.00037 1.00761 1.07595 1.2784 1.0499 1.00266 0.999958 0.999897 0.999897 0.999958 1.00266 
2.53393 1.27495 1.02217 1.00076 1.00076 1.02217 1.27495 2.53393 4.91089 2.53665 1.26735 1.03031 1.02894 1.25944 2.50467 4.85176 7.21843 8.45544 9.60781 9.68332 9.68332 9.60781 8.45544 7.21843 7.38166 8.57665 10.8485 13.5992 13.5992 10.8485 8.57665 7.38166 6.3092 6.57803 5.4296 3.88111 3.83577 5.38437 6.5456 6.28993 2.79385 1.67565 1.13911 1.01739 1.01739 1.13911 1.67565 2.79385 1.44973 1.03647 1.00118 0.999985 0.999985 1.00118 1.03647 
7.09705 2.59056 1.2236 1.01723 1.01723 1.2236 2.59056 7.09705 13.3862 7.41561 2.82642 1.40034 1.40034 2.82642 7.41727 13.3365 20.5637 24.7453 25.3977 25.518 25.518 25.3977 24.7453 20.5637 15.9797 17.251 19.6637 22.2653 22.4223 19.8176 17.2567 15.9839 12.5664 13.1502 11.2502 8.84282 8.90731 11.4419 13.4137 12.9162 6.93778 4.3845 2.28647 1.32704 1.32704 2.28647 4.3845 6.93778 4.37655 1.67468 1.0675 1.00299 1.00299 1.0675 1.67468 
8.67825 3.05842 1.3014 1.02499 1.02499 1.3014 3.05842 8.67825 15.8459 9.19727 3.44726 1.56701 1.56701 3.44726 9.20309 15.8164 22.302 27.445 28.8778 29.2067 29.2067 28.8778 27.445 22.302 14.002 14.2508 17.933 22.1378 22.1828 17.9304 14.2517 14.0035 12.9534 13.8274 10.5751 6.81685 6.76649 10.5804 13.9487 13.1618 6.13027 3.56657 1.71154 1.13647 1.13647 1.71154 3.56657 6.13027 3.09651 1.34601 1.03155 1.0012 1.0012 1.03155 1.34601 
6.70683 2.43197 1.1936 1.01491 1.01491 1.1936 2.43197 6.70683 12.716 7.24536 2.74318 1.37092 1.37092 2.74318 7.24673 12.6837 17.7909 22.2502 23.425 23.7682 23.7682 23.425 22.2502 17.7909 10.4056 11.5734 16.5819 20.4114 20.4426 16.5975 11.5721 10.405 10.3139 11.2708 8.1013 4.62832 4.58126 8.08561 11.3654 10.481 4.46581 2.58974 1.38621 1.06209 1.06209 1.38621 2.58974 4.46581 2.20612 1.17111 1.01386 1.00047 1.00047 1.01386 1.17111 
4.72991 1.75513 1.0752 1.00355 1.00355 1.0752 1.75513 4.72991 8.7764 4.50109 1.69069 1.09061 1.09061 1.69069 4.50351 8.76564 12.7922 16.2789 17.1302 17.1402 17.1402 17.1302 16.2789 12.7922 7.34611 9.99924 16.3098 19.265 19.2787 16.3248 9.99736 7.34644 7.32601 8.13613 5.17669 2.43111 2.413 5.15138 8.16493 7.38828 2.69439 1.55063 1.09185 1.00858 1.00858 1.09185 1.55063 2.69439 1.38016 1.03271 1.00137 1.00003 1.00003 1.00137 1.03271 
4.74136 1.75406 1.07481 1.00351 1.00355 1.0752 1.75513 4.72991 8.77765 4.49139 1.68623 1.08961 1.09061 1.69069 4.50109 8.7764 12.869 16.4189 17.1892 17.1708 17.1402 17.1302 16.2789 12.7922 7.34644 9.99736 16.3248 19.2787 19.2787 16.3248 9.99736 7.34644 7.38828 8.16493 5.15138 2.39869 2.38315 5.14156 8.14618 7.35316 2.69446 1.54353 1.09027 1.00837 1.00858 1.09185 1.55063 2.69439 1.38016 1.03271 1.00137 1.00003 1.00003 1.00147 1.03376 
6.7409 2.43037 1.19251 1.0147 1.01491 1.1936 2.43197 6.70683 12.7212 7.22387 2.72781 1.36651 1.37092 2.74318 7.24536 12.716 17.7967 22.2254 23.4063 23.7553 23.7682 23.425 22.2502 17.7909 10.405 11.5721 16.5975 20.4426 20.4426 16.5975 11.5721 10.405 10.481 11.3654 8.08561 4.53255 4.48812 8.07594 11.3262 10.3999 4.466 2.56896 1.37909 1.06064 1.06209 1.38621 2.58974 4.46581 2.20612 1.17111 1.01386 1.00047 1.00053 1.01454 1.1759 
8.72511 3.05516 1.2997 1.02465 1.02499 1.3014 3.05842 8.67825 15.8518 9.1698 3.42455 1.56001 1.56701 3.44726 9.19727 15.8459 22.3377 27.46 28.8762 29.2016 29.2067 28.8778 27.445 22.302 14.0035 14.2517 17.9304 22.1828 22.1828 17.9304 14.2517 14.0035 13.1618 13.9487 10.5804 6.69368 6.63186 10.573 13.8981 13.0626 6.13033 3.54103 1.70117 1.1339 1.13647 1.71154 3.56657 6.13027 3.09651 1.34601 1.03155 1.0012 1.00128 1.03252 1.35217 
7.15746 2.59504 1.22315 1.01706 1.01723 1.2236 2.59056 7.09705 13.4482 7.41298 2.81575 1.39651 1.40034 2.82642 7.41561 13.3862 21.017 25.2275 25.9999 26.1159 25.518 25.3977 24.7453 20.5637 15.9839 17.2567 19.8176 22.4223 22.4223 19.8176 17.2567 15.9839 12.9162 13.4137 11.4419 8.94347 8.9995 11.5383 13.2928 12.7628 7.0198 4.44889 2.31438 1.33249 1.32704 2.28647 4.3845 6.93778 4.37655 1.67468 1.0675 1.00299 1.00305 1.06864 1.68284 
9.52732 3.21903 1.33189 1.02479 1.02478 1.33179 3.20702 9.47786 18.6558 9.00539 3.1249 1.40606 1.39333 3.06622 9.00539 18.6558 28.8442 31.8943 32.7025 32.8589 32.8589 32.7025 31.8943 28.8442 26.0541 27.3515 29.5626 31.0684 31.0684 29.5626 27.3515 26.0541 24.9954 26.1679 25.9846 24.9687 24.9504 25.967 25.6919 24.6838 18.1406 15.8181 9.37747 4.20527 4.24243 9.44479 15.8418 18.235 11.1048 3.59474 1.3955 1.03009 1.02973 1.39287 3.57779 
11.0795 3.64582 1.41271 1.03266 1.03266 1.4126 3.63426 11.0239 21.1155 10.4681 3.56212 1.51684 1.49853 3.48507 10.4681 21.1155 31.0533 33.3701 34.2886 34.452 34.452 34.2886 33.3701 31.0533 29.6791 30.083 31.4743 32.8201 32.8201 31.4743 30.083 29.6791 29.6968 31.6306 32.0239 31.8278 31.8176 32.0102 31.5241 29.8561 20.3903 18.252 10.9398 4.81327 4.84062 10.9809 18.2398 20.4475 12.3777 3.91967 1.45134 1.03334 1.03315 1.45019 3.91305 
11.5048 3.75752 1.42961 1.03393 1.03392 1.42949 3.74527 11.4473 22.1471 11.0295 3.70874 1.54809 1.52903 3.62856 11.0295 22.1471 32.2806 34.0634 34.7776 34.8966 34.8966 34.7776 34.0634 32.2806 32.053 32.3313 33.1448 33.9573 33.9573 33.1448 32.3313 32.053 31.177 33.4109 34.2284 34.3263 34.3212 34.222 33.2956 31.3349 21.5342 19.5298 11.6573 5.05352 5.0784 11.6912 19.5118 21.5929 13.0574 4.10199 1.48114 1.03558 1.03539 1.48001 4.09522 
11.5111 3.7237 1.41204 1.03066 1.03065 1.41195 3.71661 11.4704 22.4637 10.9858 3.6762 1.51969 1.50809 3.62482 10.9858 22.4637 32.64 34.2405 34.8597 34.9635 34.9635 34.8597 34.2405 32.64 33.182 33.6374 34.1329 34.5621 34.5621 34.1329 33.6374 33.182 31.5452 33.8398 34.6782 34.8215 34.82 34.6765 33.7714 31.6894 22.0265 20.0174 11.8028 5.0297 5.04459 11.8206 20.0051 22.0923 13.287 4.14419 1.48524 1.03522 1.03509 1.48445 4.1395 
11.4704 3.71661 1.41195 1.03065 1.03065 1.41195 3.71661 11.4704 22.3822 11.0463 3.6762 1.51969 1.51969 3.6762 11.0463 22.3822 32.5858 34.2287 34.8625 34.9638 34.9635 34.8597 34.2405 32.64 33.1699 33.6341 34.1353 34.5649 34.5621 34.1329 33.6374 33.182 31.5395 33.8544 34.6837 34.8225 34.8208 34.6809 33.8398 31.5452 22.0923 20.0051 11.8206 5.04459 5.04459 11.8206 20.0051 22.0923 13.287 4.14419 1.48524 1.03522 1.03522 1.48524 4.14419 
11.4473 3.74527 1.42949 1.03392 1.03392 1.42949 3.74527 11.4473 22.0722 11.1089 3.70874 1.54809 1.54809 3.70874 11.1089 22.0722 32.2213 34.0402 34.7812 34.8962 34.8966 34.7776 34.0634 32.2806 32.0362 32.3205 33.1487 33.9665 33.9573 33.1448 32.3313 32.053 31.1707 33.4335 34.2372 34.3279 34.3226 34.2298 33.4109 31.177 21.5929 19.5118 11.6912 5.0784 5.0784 11.6912 19.5118 21.5929 13.0574 4.10199 1.48114 1.03558 1.03558 1.48114 4.10199 
11.0239 3.63426 1.4126 1.03266 1.03266 1.4126 3.63426 11.0239 21.0606 10.5563 3.56212 1.51684 1.51684 3.56212 10.5563 21.0606 30.9883 33.3383 34.2948 34.4527 34.452 34.2886 33.3701 31.0533 29.6586 30.0649 31.4796 32.8349 32.8201 31.4743 30.083 29.6791 29.6856 31.6454 32.0249 31.8183 31.8022 32.0012 31.6306 29.6968 20.4475 18.2398 10.9809 4.84062 4.84066 10.9809 18.2398 20.4475 12.3777 3.91967 1.45134 1.03334 1.03334 1.45134 3.91967 
9.47786 3.20702 1.33179 1.02478 1.02478 1.33179 3.20702 9.47786 18.6115 9.06567 3.1249 1.40606 1.40606 3.1249 9.06567 18.6115 28.8873 31.9297 32.6442 32.7945 32.8589 32.7025 31.8943 28.8442 26.1646 27.4711 29.6838 31.1532 31.0684 29.5626 27.3515 26.0541 25.0824 26.279 26.1012 25.0851 25.0969 26.1083 26.1679 24.9954 18.235 15.8418 9.44479 4.24243 4.24238 9.44479 15.8418 18.235 11.1048 3.59474 1.3955 1.03009 1.03009 1.3955 3.59474 
6.46546 2.13627 1.13367 1.00751 1.00768 1.13532 2.14572 6.50645 14.3597 6.16019 2.11272 1.14269 1.14269 2.11272 6.19677 14.3524 29.2285 32.7732 34.2773 34.5655 34.5659 34.2785 32.7974 29.3433 33.0808 34.3271 34.6956 34.6729 34.6728 34.6957 34.3429 33.1102 29.9037 32.366 32.4125 32.2375 32.2511 32.4305 32.3726 29.9728 20.9261 17.6452 11.4965 5.70741 5.7075 11.4965 17.6452 20.9261 13.0749 4.66054 1.68557 1.08111 1.08111 1.68557 4.66054 
4.78358 1.63848 1.05952 1.00235 1.00244 1.06065 1.64644 4.82218 11.9704 4.59051 1.63356 1.06224 1.06224 1.63356 4.62863 11.9711 28.5312 32.6945 34.4441 34.8037 34.8044 34.4455 32.7164 28.6616 33.6617 34.5946 34.8239 34.8431 34.843 34.824 34.5978 33.6797 31.2072 33.5898 34.241 34.2683 34.2733 34.2497 33.5974 31.2497 22.2814 18.7494 12.2 6.04689 6.04695 12.2 18.7494 22.2814 13.5994 4.82122 1.72488 1.08773 1.08773 1.72488 4.82122 
4.3728 1.53396 1.0465 1.00172 1.0018 1.04748 1.54105 4.40919 11.3358 4.21127 1.53808 1.05031 1.05031 1.53808 4.24671 11.3358 28.3417 32.6767 34.4962 34.8767 34.8767 34.4962 32.6992 28.4786 33.941 34.7188 34.9036 34.9447 34.9448 34.9037 34.7216 33.9589 31.6151 34.0618 34.7703 34.8579 34.8594 34.7731 34.0611 31.6507 22.7761 19.141 12.2496 6.02223 6.02226 12.2496 19.141 22.7761 13.8935 4.87316 1.72952 1.08752 1.08752 1.72952 4.87316 
4.22966 1.48966 1.03909 1.00131 1.00136 1.03971 1.49436 4.25433 11.2234 4.08345 1.48971 1.04224 1.04224 1.48971 4.10738 11.2234 28.379 32.7408 34.513 34.888 34.888 34.513 32.7551 28.5121 34.0515 34.7801 34.9408 34.9771 34.9772 34.9409 34.7814 34.0617 31.7841 34.1916 34.8613 34.9576 34.958 34.862 34.188 31.8255 23.1521 19.5019 11.9725 5.72628 5.72626 11.9725 19.5019 23.1521 14.2467 4.81331 1.69065 1.07464 1.07464 1.69065 4.81331 
4.25433 1.49436 1.03971 1.00136 1.00131 1.03971 1.48966 4.22966 11.2234 4.08345 1.48971 1.04224 1.04139 1.48446 4.08345 11.2234 28.5121 32.7551 34.513 34.888 34.888 34.513 32.7551 28.5121 34.0617 34.7814 34.9409 34.9772 34.9771 34.9408 34.7801 34.0515 31.7567 34.1877 34.8602 34.9572 34.9568 34.8588 34.2131 31.9079 23.1496 19.5027 11.9723 5.72626 5.72628 11.9725 19.5019 23.1521 14.2467 4.81331 1.69065 1.07464 1.07465 1.6907 4.79367 
4.40919 1.54105 1.04748 1.0018 1.00172 1.04748 1.53396 4.3728 11.3358 4.21127 1.53808 1.05031 1.04902 1.5305 4.21127 11.3358 28.4786 32.6992 34.4962 34.8767 34.8767 34.4962 32.6992 28.4786 33.9589 34.7216 34.9037 34.9448 34.9447 34.9036 34.7188 33.941 31.5725 34.0527 34.7677 34.8573 34.8566 34.7651 34.1082 31.7794 22.7749 19.1416 12.2495 6.02226 6.02223 12.2496 19.141 22.7761 13.8935 4.87316 1.72952 1.08752 1.08752 1.72952 4.84382 
4.82218 1.64644 1.06065 1.00244 1.00235 1.06065 1.63848 4.78358 11.9704 4.59051 1.63356 1.06224 1.06089 1.62618 4.59051 11.9704 28.6616 32.7164 34.4455 34.8044 34.8044 34.4455 32.7164 28.6616 33.6797 34.5978 34.824 34.843 34.8431 34.8239 34.5946 33.6617 31.1645 33.5749 34.2304 34.2588 34.253 34.224 33.6592 31.3796 22.2803 18.7501 12.1999 6.04695 6.04689 12.2 18.7494 22.2814 13.5994 4.82122 1.72488 1.08773 1.08773 1.72487 4.79097 
6.50645 2.14572 1.13532 1.00768 1.00751 1.13532 2.13627 6.46546 14.3597 6.16019 2.11272 1.14269 1.14091 2.10409 6.16019 14.3597 29.3433 32.7974 34.2785 34.5659 34.5659 34.2785 32.7974 29.3433 33.1102 34.3429 34.6957 34.6728 34.6729 34.6956 34.3271 33.0808 29.8947 32.3989 32.4562 32.2869 32.3276 32.4903 32.2696 29.9903 20.9235 17.6456 11.496 5.7075 5.70741 11.4965 17.6452 20.9261 13.0749 4.66054 1.68557 1.08111 1.08111 1.68554 4.63487 
8.53525 2.82786 1.26228 1.01994 1.01994 1.26228 2.81904 8.49661 17.2952 8.28297 2.77737 1.2892 1.28797 2.78247 8.26726 17.4476 31.039 33.4056 34.4181 34.6609 34.6609 34.4181 33.4376 31.1261 32.0267 33.8891 34.291 34.0867 34.0634 34.2775 33.8633 31.9986 27.8392 31.4862 32.2299 32.1436 32.32 32.4214 31.7367 27.8835 13.7806 11.3082 8.99782 5.93942 5.93814 8.98835 11.2882 13.7762 8.90569 4.35419 1.77444 1.1397 1.13684 1.76271 4.32387 
10.1883 3.35702 1.36264 1.0297 1.0297 1.36264 3.34888 10.1595 19.9148 9.98404 3.31566 1.41278 1.4104 3.32236 9.98284 20.1013 32.6771 34.1688 34.7369 34.8661 34.8661 34.7369 34.1732 32.7353 33.1468 34.2696 34.5582 34.5712 34.5712 34.5566 34.2649 33.156 30.4508 33.4395 34.0813 34.1246 34.1008 34.0622 33.4073 30.1421 16.8609 14.4243 11.8158 8.36611 8.35876 11.7953 14.3979 16.8556 11.1198 5.53212 2.10459 1.22231 1.21723 2.08343 5.46968 
10.6688 3.49999 1.38743 1.03196 1.03196 1.38743 3.49152 10.6389 20.5811 10.3846 3.42484 1.436 1.4336 3.43251 10.3839 20.7655 33.1848 34.4491 34.8707 34.9588 34.9588 34.8707 34.4572 33.2501 33.7627 34.5629 34.7721 34.8289 34.8285 34.7708 34.5595 33.7687 31.4285 34.098 34.7372 34.8321 34.8355 34.7452 34.083 31.1319 18.5502 15.8275 12.8144 8.85944 8.85852 12.8089 15.8112 18.5448 12.3148 6.05347 2.22569 1.24321 1.23773 2.20327 5.98587 
10.7531 3.51269 1.38345 1.03034 1.03034 1.38345 3.50669 10.7297 20.6929 10.4332 3.43566 1.4361 1.43476 3.4432 10.4222 20.8726 33.3009 34.4895 34.8971 34.9763 34.9763 34.8971 34.4938 33.365 34.0052 34.722 34.8906 34.9355 34.9353 34.8899 34.7203 34.0112 31.7513 34.2291 34.8509 34.9515 34.9544 34.8569 34.2245 31.5268 20.1163 16.7218 12.6884 8.05802 8.05714 12.6837 16.7152 20.1127 13.0252 5.71912 2.06551 1.18162 1.17833 2.05202 5.67487 
10.7297 3.50669 1.38171 1.03003 1.03034 1.38345 3.50669 10.7297 20.8726 10.4222 3.4432 1.43476 1.43476 3.4432 10.4222 20.8726 33.3009 34.4895 34.8964 34.9761 34.9761 34.8964 34.4895 33.3009 34.0112 34.7203 34.8899 34.9353 34.9353 34.8899 34.7203 34.0112 31.6889 34.2339 34.8548 34.9535 34.9515 34.8509 34.2291 31.7513 20.1127 16.7152 12.6837 8.05714 8.05714 12.6837 16.7152 20.1127 13.0252 5.71912 2.06551 1.18162 1.18162 2.06551 5.71912 
10.6389 3.49152 1.38499 1.03153 1.03196 1.38743 3.49152 10.6389 20.7655 10.3839 3.43251 1.4336 1.4336 3.43251 10.3839 20.7655 33.1848 34.4491 34.8696 34.9586 34.9586 34.8696 34.4491 33.1848 33.7687 34.5595 34.7708 34.8285 34.8285 34.7708 34.5595 33.7687 31.3642 34.1024 34.7431 34.834 34.8321 34.7372 34.098 31.4285 18.5448 15.8112 12.8089 8.85852 8.85852 12.8089 15.8112 18.5448 12.3148 6.05347 2.22569 1.24321 1.24321 2.22569 6.05347 
10.1595 3.34888 1.3603 1.02929 1.0297 1.36264 3.34888 10.1595 20.1013 9.98284 3.32236 1.4104 1.4104 3.32236 9.98284 20.1013 32.6771 34.1688 34.7383 34.867 34.867 34.7383 34.1688 32.6771 33.156 34.2649 34.5566 34.5712 34.5712 34.5566 34.2649 33.156 30.3791 33.447 34.0744 34.1086 34.1246 34.0813 33.4395 30.4508 16.8556 14.3979 11.7953 8.35876 8.35876 11.7953 14.3979 16.8556 11.1198 5.53212 2.10459 1.22231 1.22231 2.10459 5.53212 
8.49661 2.81904 1.26034 1.01964 1.01994 1.26228 2.81904 8.49661 17.4476 8.26726 2.78247 1.28797 1.28797 2.78247 8.26726 17.4476 31.039 33.4056 34.4004 34.6506 34.6506 34.4004 33.4056 31.039 31.9986 33.8633 34.2775 34.0634 34.0634 34.2775 33.8633 31.9986 27.761 31.5313 32.4039 32.2971 32.1436 32.2299 31.4862 27.8392 13.7762 11.2882 8.98835 5.93814 5.93814 8.98835 11.2882 13.7762 8.90569 4.35419 1.77444 1.1397 1.1397 1.77444 4.35419 
5.3671 1.83433 1.082 1.00363 1.00363 1.082 1.83433 5.3671 13.2315 5.17306 1.82857 1.10211 1.10211 1.82857 5.17306 13.2315 27.3677 31.3873 33.1547 33.548 33.548 33.1547 31.3873 27.3677 26.0598 27.8138 28.4063 28.4642 28.4642 28.4063 27.6507 25.9534 20.744 25.531 25.5269 24.944 25.0519 25.6325 25.6276 20.9015 8.83655 6.03916 3.51964 1.66788 1.66788 3.51964 6.03916 8.83655 4.81106 1.92398 1.12603 1.01042 1.01042 1.12603 1.92398 
4.47149 1.58082 1.04973 1.00161 1.00161 1.04973 1.58082 4.47149 12.4141 4.48588 1.6256 1.07104 1.07104 1.6256 4.48588 12.4141 27.7289 32.0663 34.0577 34.5163 34.5163 34.0577 32.0663 27.7289 27.4261 29.893 30.729 31.2479 31.2479 30.729 29.9104 27.485 21.1438 28.1336 30.672 31.3098 31.3318 30.7332 28.1988 21.2602 6.25605 3.45175 1.75927 1.09501 1.09501 1.75927 3.45175 6.25605 3.10183 1.34872 1.03042 1.00125 1.00125 1.03042 1.34872 
4.28483 1.53523 1.04461 1.00143 1.00143 1.04461 1.53523 4.28483 12.1609 4.29821 1.57672 1.06434 1.06434 1.57672 4.29821 12.1609 27.8636 32.3334 34.3322 34.7988 34.7988 34.3322 32.3334 27.8636 28.4503 31.5079 32.4525 33.0404 33.0404 32.4525 31.5281 28.5178 21.2119 29.3671 32.7995 33.7856 33.8094 32.8551 29.419 21.3354 4.81103 2.1634 1.19629 1.02371 1.02371 1.19629 2.1634 4.81103 2.16435 1.15638 1.01004 1.00022 1.00022 1.01004 1.15638 
4.25337 1.51956 1.04053 1.00125 1.00125 1.04053 1.51956 4.25337 12.1099 4.20171 1.53578 1.05444 1.05444 1.53578 4.20171 12.1099 27.8602 32.3449 34.3935 34.8474 34.8474 34.3935 32.3449 27.8602 29.2197 32.7103 33.6661 34.1116 34.1116 33.6661 32.7222 29.2689 21.3441 30.0331 33.5685 34.4458 34.4583 33.5987 30.057 21.468 4.44163 1.83217 1.08759 1.01183 1.01183 1.08759 1.83217 4.44163 1.88784 1.10482 1.00579 1.00006 1.00006 1.00579 1.10482 
4.2526 1.51956 1.04079 1.00127 1.00125 1.04053 1.51956 4.25337 12.0932 4.22566 1.53577 1.05445 1.05444 1.53578 4.20171 12.1099 27.8602 32.3449 34.3935 34.8474 34.8472 34.3933 32.3539 28.0431 29.2689 32.7222 33.669 34.1126 34.1116 33.6661 32.7103 29.2197 21.468 30.057 33.5466 34.4457 34.4443 33.5551 29.9744 21.4823 4.49641 1.85802 1.08716 1.00778 1.01183 1.08759 1.83217 4.44163 1.88784 1.10482 1.00579 1.00006 1.00005 1.00567 1.10372 
4.28428 1.53524 1.04512 1.00147 1.00143 1.04461 1.53523 4.28483 12.133 4.33229 1.57594 1.06427 1.06434 1.57672 4.29821 12.1609 27.8636 32.3334 34.3322 34.7988 34.7984 34.3323 32.3684 28.0534 28.5178 31.5281 32.4584 33.0423 33.0404 32.4525 31.5079 28.4503 21.3354 29.419 32.7673 33.7852 33.7901 32.7902 29.298 21.3549 4.88801 2.20431 1.19596 1.01793 1.02371 1.19629 2.1634 4.81103 2.16435 1.15638 1.01004 1.00022 1.00021 1.00979 1.15434 
4.47094 1.58082 1.05027 1.00166 1.00161 1.04973 1.58082 4.47149 12.3849 4.51987 1.62347 1.07087 1.07104 1.6256 4.48588 12.4141 27.7289 32.0663 34.0577 34.5163 34.5171 34.0629 32.1115 27.9047 27.485 29.9104 30.7342 31.2496 31.2479 30.729 29.893 27.4261 21.2602 28.1988 30.655 31.3098 31.3429 30.6983 28.0849 21.2618 6.34556 3.51059 1.75694 1.08771 1.09501 1.75927 3.45175 6.25605 3.10183 1.34872 1.03042 1.00125 1.00122 1.02998 1.34589 
5.36611 1.83431 1.08219 1.00367 1.00363 1.082 1.83433 5.3671 13.169 5.2198 1.82589 1.10185 1.10211 1.82857 5.17306 13.2315 27.3677 31.3873 33.1547 33.548 33.548 33.165 31.3481 27.4457 25.9534 27.6507 28.2312 28.3066 28.4642 28.4063 27.8138 26.0598 20.9015 25.6276 25.4129 24.9393 24.8506 25.4343 25.4071 20.7461 8.81435 6.01171 3.40874 1.60288 1.66788 3.51964 6.03916 8.83655 4.81106 1.92398 1.12603 1.01042 1.00996 1.12217 1.90414 
3.3268 1.34829 1.02873 1.00121 1.00121 1.02873 1.34829 3.3268 8.57635 3.08923 1.31547 1.02641 1.02678 1.31724 3.08918 8.53461 20.9606 26.8521 28.2882 28.6733 28.9599 28.5859 26.8647 20.9812 14.9268 12.6712 11.7497 11.4335 11.2627 11.5527 12.4732 14.7823 15.7392 19.6624 15.6075 11.5458 11.6506 15.7126 19.7546 15.7478 6.35769 3.20634 1.63559 1.09263 1.0912 1.62171 3.16545 6.27278 2.40583 1.16477 1.00971 1.00026 1.00025 1.0096 1.16413 
3.33348 1.35254 1.03031 1.00123 1.00123 1.03031 1.35254 3.33348 8.84226 3.0906 1.31597 1.02683 1.02739 1.31906 3.10068 8.83697 22.0578 29.8018 32.0811 32.4882 32.4799 32.0635 29.7717 22.056 12.9973 8.61398 6.78674 5.8178 5.82005 6.78794 8.60955 12.9992 16.0076 19.5147 13.5629 7.21676 7.23615 13.5804 19.5189 15.9605 6.08425 2.68901 1.4022 1.07001 1.06929 1.39748 2.67709 6.03833 2.26324 1.16466 1.01164 1.00043 1.00044 1.01166 1.16378 
3.34935 1.35221 1.03009 1.0013 1.0013 1.03009 1.35221 3.34935 8.95068 3.1184 1.31905 1.02705 1.0276 1.32206 3.12801 8.9413 22.572 31.0508 33.4695 33.9192 33.9222 33.4682 31.024 22.5742 11.2222 5.37017 3.34644 2.584 2.58384 3.34563 5.36642 11.2242 16.3134 19.4963 12.6906 5.66036 5.66509 12.6919 19.4961 16.2727 6.14169 2.64097 1.38531 1.07008 1.06937 1.38173 2.63249 6.09589 2.26752 1.16798 1.01206 1.00052 1.00053 1.01208 1.16707 
3.28701 1.32439 1.02453 1.00091 1.00091 1.02453 1.32439 3.28701 9.00879 3.10559 1.30143 1.02289 1.02319 1.30308 3.11072 8.99309 22.7058 31.2802 33.7239 34.1903 34.1917 33.7197 31.2538 22.71 10.5489 4.14143 2.09959 1.613 1.61292 2.09902 4.13874 10.5485 16.3868 19.4661 12.4949 5.40691 5.40823 12.4927 19.4645 16.3514 6.16384 2.57556 1.35868 1.06263 1.06217 1.35635 2.57044 6.11823 2.2658 1.16321 1.01101 1.00043 1.00044 1.01105 1.16278 
3.28081 1.32214 1.02412 1.00087 1.00091 1.02453 1.32439 3.28701 8.99309 3.11072 1.30308 1.02319 1.02319 1.30308 3.11072 8.99309 22.7058 31.2802 33.7197 34.1917 34.1903 33.7239 31.2802 22.7058 10.5485 4.13874 2.09902 1.61292 1.61292 2.09902 4.13874 10.5485 16.3514 19.4645 12.4927 5.40823 5.40691 12.4949 19.4661 16.3868 6.11823 2.57044 1.35868 1.06263 1.06263 1.35868 2.57556 6.16384 2.2658 1.16278 1.01105 1.00044 1.00043 1.01101 1.16321 
3.33756 1.34835 1.02938 1.00122 1.0013 1.03009 1.35221 3.34935 8.9413 3.12801 1.32206 1.0276 1.0276 1.32206 3.12801 8.9413 22.572 31.0508 33.4682 33.9222 33.9192 33.4695 31.0508 22.572 11.2242 5.36642 3.34563 2.58384 2.58384 3.34563 5.36642 11.2242 16.2727 19.4961 12.6919 5.66509 5.66036 12.6906 19.4963 16.3134 6.09589 2.63249 1.38531 1.07008 1.07008 1.38531 2.64097 6.14169 2.26752 1.16707 1.01208 1.00053 1.00052 1.01206 1.16798 
3.32103 1.3486 1.02958 1.00115 1.00123 1.03031 1.35254 3.33348 8.83697 3.10068 1.31906 1.02739 1.02739 1.31906 3.10068 8.83697 22.0578 29.8018 32.0635 32.4799 32.4882 32.0811 29.8018 22.0578 12.9992 8.60955 6.78794 5.82005 5.82005 6.78794 8.60955 12.9992 15.9605 19.5189 13.5804 7.23615 7.21676 13.5629 19.5147 16.0076 6.03833 2.67709 1.4022 1.07001 1.07001 1.4022 2.68901 6.08425 2.26324 1.16378 1.01166 1.00044 1.00043 1.01164 1.16466 
3.30458 1.34372 1.02806 1.00115 1.00121 1.02873 1.34829 3.3268 8.53461 3.08918 1.31724 1.02678 1.02678 1.31724 3.08918 8.53461 20.9606 26.8521 28.5859 28.9599 28.6733 28.2882 26.8521 20.9606 14.7823 12.4732 11.5527 11.2627 11.2627 11.5527 12.4732 14.7823 15.7478 19.7546 15.7126 11.6506 11.5458 15.6075 19.6624 15.7392 6.27278 3.16545 1.63559 1.09263 1.09263 1.63559 3.20634 6.35769 2.40583 1.16413 1.0096 1.00025 1.00026 1.00971 1.16477 
1.18368 1.01706 1.00101 1 1 1.00101 1.01689 1.18005 1.99058 1.14376 1.01144 1.00027 1.00031 1.01196 1.14868 2.03833 8.6048 11.8275 12.9259 13.1867 13.1867 12.9259 11.8945 8.66601 4.62619 3.02313 2.52195 2.49506 2.49506 2.52195 3.02313 4.62619 7.29982 8.82256 6.47101 4.19593 4.21778 6.50399 8.8279 7.29873 2.25721 1.38917 1.07148 1.00598 1.00598 1.07148 1.3817 2.27246 1.18508 1.01351 1.00059 0.999964 0.999963 1.0006 1.01376 
1.02401 1.00172 0.999956 0.999895 0.999895 0.999962 1.00175 1.02417 1.15328 1.01465 1.0005 0.999831 0.999831 1.0005 1.01469 1.15821 2.9632 3.96705 4.29032 4.36231 4.36231 4.29032 3.9622 2.96443 1.76377 1.27706 1.17189 1.1833 1.1833 1.17189 1.27706 1.76377 3.06688 3.41533 2.24462 1.47552 1.47553 2.23921 3.39572 3.04686 1.19159 1.03571 1.00445 1.00005 1.00005 1.00445 1.03543 1.19884 1.01979 1.00106 0.999906 0.9999 0.999901 0.999903 1.00104 
1.00154 0.999994 0.999974 0.999998 0.999998 0.999974 0.999996 1.00155 1.01058 1.00047 0.9999 0.999991 0.999991 0.999899 1.00046 1.01102 1.27798 1.45627 1.51205 1.51748 1.51748 1.51205 1.45578 1.27819 1.08084 1.02449 1.01526 1.01528 1.01528 1.01526 1.02449 1.08084 1.44414 1.47103 1.15566 1.02984 1.02977 1.15386 1.46424 1.43635 1.0173 1.00159 0.999999 0.999942 0.999942 0.999999 1.00157 1.01858 1.00109 0.999954 0.99998 1 1 0.999981 0.999952 
1.00008 0.99997 0.999998 1 1 0.999998 0.99997 1.00009 1.00025 0.999837 0.99999 1 1 0.999991 0.999836 1.00027 1.02038 1.03774 1.03986 1.04125 1.04125 1.03986 1.03771 1.02039 1.0049 1.00172 1.0015 1.00133 1.00133 1.0015 1.00172 1.0049 1.06609 1.06383 1.01219 1.00049 1.00049 1.01194 1.06244 1.06444 1.00105 0.999882 0.999951 0.999998 0.999998 0.999951 0.999882 1.00121 1.00004 0.999973 0.999999 1 1 0.999999 0.999974 
1.00009 0.99997 0.999998 1 1 0.999998 0.99997 1.00009 1.00025 0.999837 0.99999 1 1 0.99999 0.999837 1.00025 1.02039 1.03771 1.03986 1.04125 1.04125 1.03987 1.03774 1.02038 1.00485 1.00171 1.0015 1.00133 1.00133 1.0015 1.00172 1.0049 1.06444 1.06244 1.01194 1.00049 1.00049 1.01219 1.06383 1.06609 1.00121 0.999882 0.999951 0.999998 0.999998 0.99995 0.999863 1.00099 1.00004 0.999973 0.999999 1 1 0.999999 0.999973 
1.00155 0.999996 0.999974 0.999998 0.999998 0.999974 0.999996 1.00155 1.01058 1.00047 0.9999 0.999991 0.999991 0.9999 1.00047 1.01058 1.27819 1.45578 1.51205 1.51748 1.5175 1.51218 1.45627 1.27798 1.08028 1.02445 1.01527 1.01528 1.01528 1.01526 1.02449 1.08084 1.43635 1.46424 1.15386 1.02977 1.02984 1.15566 1.47103 1.44414 1.01858 1.00157 0.999999 0.999942 0.999942 1 1.00143 1.01671 1.00109 0.999954 0.999981 1 1 0.99998 0.999954 
1.02417 1.00175 0.999962 0.999895 0.999895 0.999962 1.00175 1.02417 1.15328 1.01465 1.0005 0.999831 0.999831 1.0005 1.01465 1.15328 2.96443 3.9622 4.29032 4.36231 4.3676 4.29475 3.96705 2.9632 1.7587 1.27426 1.17199 1.18337 1.1833 1.17189 1.27706 1.76377 3.04686 3.39572 2.23921 1.47553 1.47552 2.24462 3.41533 3.06688 1.19884 1.03543 1.00445 1.00005 1.00006 1.00451 1.03454 1.18867 1.01979 1.00106 0.999903 0.999901 0.9999 0.999906 1.00106 
1.18005 1.01689 1.00101 1 1 1.00101 1.01689 1.18005 1.99058 1.14376 1.01144 1.00027 1.00027 1.01144 1.14376 1.99058 8.66601 11.8945 12.9259 13.1867 13.0944 12.8447 11.8275 8.6048 4.58371 2.99224 2.52274 2.49566 2.49506 2.52195 3.02313 4.62619 7.29873 8.8279 6.50399 4.21778 4.19593 6.47101 8.82256 7.29982 2.27246 1.3817 1.07148 1.00598 1.00622 1.07394 1.35896 2.19039 1.18508 1.01351 1.0006 0.999963 0.999964 1.00059 1.01351 
1.01437 1.00122 1.0001 1.00007 1.00007 1.0001 1.00122 1.01437 1.14096 1.01282 1.00061 1.00003 1.00003 1.00061 1.01282 1.14096 3.23021 4.52832 4.93399 4.82996 4.82996 4.93399 4.52832 3.23021 1.86344 1.34817 1.2731 1.18272 1.18272 1.2731 1.34817 1.86344 2.92152 3.28194 2.12604 1.46867 1.46789 2.13194 3.30608 2.95017 1.21217 1.03085 1.00459 1.00034 1.00034 1.00459 1.03085 1.21217 1.02164 1.00133 1.0001 1.00006 1.00006 1.0001 1.00133 
1.00057 0.999987 0.999983 0.999996 0.999996 0.999983 0.999987 1.00057 1.01037 1.00056 0.999918 0.999985 0.999985 0.999918 1.00056 1.01037 1.46397 1.78668 1.90766 1.82376 1.82376 1.90766 1.78668 1.46397 1.12106 1.02995 1.02198 1.01086 1.01086 1.02198 1.02995 1.12106 1.28942 1.32844 1.10862 1.03453 1.03419 1.10905 1.33173 1.29378 1.02089 1.00199 1.00003 0.999932 0.999932 1.00003 1.00199 1.02089 1.00197 1.00003 0.999972 0.999995 0.999995 0.999972 1.00003 
1.00001 0.999986 1 1 1 1 0.999986 1.00001 1.0005 0.999887 0.999988 1 1 0.999988 0.999887 1.0005 1.0637 1.11763 1.14221 1.11715 1.11715 1.14221 1.11763 1.0637 1.00985 1.00105 1.00058 1.00014 1.00014 1.00058 1.00105 1.00985 1.02045 1.02238 1.00455 1.00124 1.00121 1.00457 1.02278 1.02104 1.00125 0.999966 0.999946 0.999992 0.999992 0.999946 0.999966 1.00125 1.00016 0.999973 0.999996 1 1 0.999996 0.999973 
1.00007 0.999996 1 1 1 1 0.999996 1.00007 1 0.999905 0.999999 1 1 0.999999 0.999905 1 1.00464 1.00938 1.01218 1.00904 1.00904 1.01218 1.00938 1.00464 1.00053 0.999934 0.999999 0.999987 0.999987 0.999999 0.999934 1.00053 1.00053 1.00035 0.999992 0.999967 0.999964 0.999993 1.00037 1.00058 1.00001 0.999891 0.999997 1 1 0.999997 0.999891 1.00001 1.00006 0.999995 1 1 1 1 0.999995 
0 0 0 0 1 1 0.999996 1.00007 1 0.999905 0.999999 1 1 0.999999 0.999904 1 1.00464 1.00938 1.01218 1.00904 1.00881 1.01185 1.00912 1.00453 1.00051 0.999932 0.999999 0.999987 0.999987 0.999999 0.999934 1.00053 1.00058 1.00037 0.999993 0.999964 0.999967 0.999992 1.00035 1.00053 1.00001 0.999892 0.999997 1 1 0.999997 0.999891 1.00001 1.00006 0.999995 1 1 0 0 0 
0 0 0 0 1 1 0.999986 1.00001 1.0005 0.999887 0.999988 1 1 0.999988 0.999887 1.00056 1.0637 1.11763 1.14221 1.11715 1.11515 1.13945 1.11541 1.06258 1.00965 1.00101 1.00055 1.00013 1.00014 1.00058 1.00105 1.00985 1.02104 1.02278 1.00457 1.00121 1.00124 1.00455 1.02238 1.02045 1.00123 0.999959 0.999946 0.999992 0.999992 0.999946 0.999966 1.00125 1.00016 0.999973 0.999996 1 0 0 0 
0 0 0 0 0.999996 0.999983 0.999987 1.00057 1.01037 1.00056 0.999918 0.999985 0.999985 0.999917 1.00056 1.01086 1.46397 1.78668 1.90766 1.82376 1.81379 1.89445 1.77565 1.45806 1.11927 1.02933 1.02143 1.01059 1.01086 1.02198 1.02995 1.12106 1.29378 1.33173 1.10905 1.03419 1.03453 1.10862 1.32844 1.28942 1.02088 1.00196 1.00003 0.999932 0.999932 1.00003 1.00199 1.02089 1.00197 1.00003 0.999972 0.999995 0 0 0 
