0 0 0 0 0.999982 1.00065 1.01379 1.2047 1.93345 1.261 1.03267 1.00267 1.0027 1.03291 1.26211 1.93954 2.88876 3.32416 3.61162 3.63907 3.63048 3.59935 3.30655 2.87753 3.36454 4.97331 7.50112 9.06387 9.04628 7.4883 4.94079 3.34204 2.31581 2.41101 1.7081 1.32229 1.31946 1.69916 2.39767 2.30012 1.30779 1.10751 1.01914 1.00164 1.00164 1.01916 1.10755 1.30791 1.08792 1.00804 1.00053 1.00004 0 0 0 
0 0 0 0 0.999975 1.00005 1.00133 1.0197 1.10252 1.01999 1.0016 0.999931 0.999932 1.00161 1.02007 1.10314 1.25716 1.33237 1.37871 1.37927 1.37905 1.37791 1.33102 1.25675 1.45059 2.33977 4.24855 4.524 4.48103 4.19726 2.31439 1.44398 1.24119 1.26327 1.08708 1.02524 1.02561 1.08785 1.26478 1.24199 1.02566 1.00783 1.0011 1.00002 1.00002 1.0011 1.00783 1.02566 1.00706 1.00049 0.999956 0.999988 0 0 0 
0 0 0 0 0.999999 0.999982 1.00001 1.001 1.00523 1.00054 0.999935 0.999962 0.999962 0.999936 1.00054 1.00527 1.01579 1.0213 1.02527 1.0248 1.02481 1.02522 1.02121 1.01581 1.05752 1.30873 1.98587 1.96329 1.94739 1.96285 1.30116 1.05639 1.022 1.02403 1.00596 1.00114 1.00117 1.00608 1.02438 1.02224 1.00111 1.00023 1.00003 0.999981 0.999981 1.00003 1.00023 1.00111 1.00044 0.999957 0.999988 1 0 0 0 
0 0 0 0 1 0.999999 0.999976 1.00006 1.00004 0.999823 0.999978 1 1 0.999978 0.999823 1.00004 1.00032 1.00031 1.00057 1.00056 1.00056 1.00058 1.00031 1.00033 1.00421 1.04488 1.22092 1.19627 1.19243 1.21551 1.04376 1.0041 1.00131 1.00122 1.00027 0.999979 0.999981 1.00028 1.00126 1.00134 0.999981 0.999861 0.999987 0.999999 0.999999 0.999987 0.999861 0.999981 1.00004 0.999988 1 1 0 0 0 
1.00006 0.999976 0.999999 1 1 0.999999 0.999976 1.00006 1.00004 0.999823 0.999978 1 1 0.999978 0.999823 1.00004 1.00032 1.00031 1.00057 1.00056 1.00056 1.00057 1.00031 1.00032 1.00421 1.04488 1.22092 1.19627 1.19627 1.22092 1.04488 1.00421 1.00134 1.00126 1.00028 0.999981 0.999981 1.00028 1.00126 1.00134 0.999981 0.999861 0.999987 0.999999 0.999999 0.999987 0.999861 0.999981 1.00004 0.999988 1 1 1 1 0.999988 
1.001 1.00001 0.999982 0.999999 0.999999 0.999982 1.00001 1.001 1.00523 1.00054 0.999935 0.999962 0.999962 0.999935 1.00054 1.00523 1.01579 1.0213 1.02527 1.0248 1.0248 1.02527 1.0213 1.01579 1.05752 1.30873 1.98587 1.96329 1.96329 1.98587 1.30873 1.05752 1.02224 1.02438 1.00608 1.00117 1.00117 1.00608 1.02438 1.02224 1.00111 1.00023 1.00003 0.999981 0.999981 1.00003 1.00023 1.00111 1.00044 0.999957 0.999988 1 1 0.999988 0.999957 
1.0197 1.00133 1.00005 0.999975 0.999975 1.00005 1.00133 1.0197 1.10252 1.01999 1.0016 0.999931 0.999931 1.0016 1.01999 1.10252 1.25716 1.33237 1.37871 1.37927 1.37927 1.37871 1.33237 1.25716 1.45059 2.33977 4.24855 4.524 4.524 4.24855 2.33977 1.45059 1.24199 1.26478 1.08785 1.02561 1.02561 1.08785 1.26478 1.24199 1.02566 1.00783 1.0011 1.00002 1.00002 1.0011 1.00783 1.02566 1.00706 1.00049 0.999956 0.999988 0.999988 0.999956 1.00049 
1.2047 1.01379 1.00065 0.999982 0.999982 1.00065 1.01379 1.2047 1.93345 1.261 1.03267 1.00267 1.00267 1.03267 1.261 1.93345 2.88876 3.32416 3.61162 3.63907 3.63907 3.61162 3.32416 2.88876 3.36454 4.97331 7.50112 9.06387 9.06387 7.50112 4.97331 3.36454 2.30012 2.39767 1.69916 1.31946 1.31946 1.69916 2.39767 2.30012 1.30791 1.10755 1.01916 1.00164 1.00164 1.01914 1.10751 1.30779 1.08792 1.00804 1.00053 1.00004 1.00004 1.00053 1.00804 
2.62829 1.32146 1.03006 1.00128 1.00128 1.03006 1.32146 2.62829 4.76978 2.55681 1.31658 1.04178 1.04178 1.31658 2.55681 4.76978 7.81351 9.189 10.2099 10.2927 10.1241 10.0276 9.189 7.81351 7.82302 8.83575 10.8029 13.4037 13.3643 10.7137 8.73165 7.76445 6.22442 6.47598 5.48943 4.16968 4.13739 5.52129 6.5098 6.24726 2.69252 1.65054 1.13901 1.01855 1.01855 1.13901 1.65054 2.69247 1.52688 1.04967 1.00193 0.999968 0.999968 1.00193 1.04967 
1.39822 1.06122 1.00429 0.999975 0.999975 1.00429 1.06122 1.39822 1.94145 1.27909 1.03468 1.00252 1.00252 1.03468 1.27909 1.94145 2.92623 3.38377 3.58627 3.59304 3.60392 3.57585 3.38377 2.92623 3.47148 5.26768 6.46662 7.5414 7.57994 6.48738 5.29251 3.49009 2.52696 2.58488 2.03226 1.48429 1.48655 2.03278 2.57828 2.5177 1.31012 1.08793 1.00872 1.00057 1.00057 1.00874 1.08798 1.31023 1.06716 1.00436 1 0.999881 0.999881 1 1.00436 
1.0499 1.00542 1.00021 0.999948 0.999948 1.00021 1.00542 1.0499 1.11129 1.02279 1.00158 0.999906 0.999906 1.00158 1.02279 1.11129 1.28955 1.37756 1.40749 1.39976 1.39972 1.40174 1.37756 1.28955 1.5429 2.73591 3.6943 3.55675 3.58937 3.74196 2.7696 1.55063 1.27801 1.28968 1.14154 1.03837 1.03892 1.14206 1.28916 1.27719 1.02673 1.00469 0.99989 0.999956 0.999956 0.99989 1.00469 1.02674 1.00447 1.00014 0.999963 0.999996 0.999996 0.999963 1.00014 
1.00375 1.00025 0.999925 0.999994 0.999994 0.999925 1.00025 1.00375 1.00695 1.00064 0.999909 0.999969 0.999969 0.999909 1.00064 1.00695 1.02359 1.03332 1.03544 1.03357 1.03357 1.03455 1.03332 1.02359 1.07995 1.48673 2.08528 1.87216 1.88515 2.11493 1.49854 1.08152 1.03277 1.03528 1.01119 1.00137 1.00142 1.01124 1.03523 1.03271 1.0011 0.999886 1.00002 1 1 1.00002 0.999887 1.0011 1.00023 0.999957 0.999995 1 1 0.999995 0.999957 
1.00375 1.00025 0.999925 0.999994 0.999994 0.999925 1.00025 1.00375 1.00695 1.00064 0.999909 0.999969 0.99997 0.999904 1.00063 1.00687 1.02359 1.03332 1.03544 1.03357 1.03357 1.03544 1.03332 1.02362 1.08152 1.49854 2.11493 1.88515 1.88515 2.11493 1.49854 1.08152 1.03271 1.03523 1.01124 1.00142 1.00137 1.01119 1.03451 1.03218 1.00115 0.999892 1.00002 1 1 1.00002 0.999892 1.00115 1.00023 0.999957 0.999995 1 1 0.999995 0.999957 
1.04985 1.00541 1.0002 0.999948 0.999948 1.00021 1.00542 1.0499 1.11129 1.02279 1.00158 0.999906 0.999902 1.00155 1.02256 1.11076 1.28955 1.37756 1.40749 1.39976 1.39976 1.40749 1.37766 1.28962 1.55063 2.7696 3.74196 3.58937 3.58937 3.74196 2.7696 1.55063 1.27719 1.28916 1.14206 1.03892 1.03837 1.14154 1.28552 1.27501 1.02736 1.00481 0.99989 0.99996 0.99996 0.999932 1.00481 1.02736 1.00447 1.00014 0.999963 0.999996 0.999997 0.999964 1.00013 
1.39698 1.06096 1.00427 0.999972 0.999975 1.00429 1.06122 1.39822 1.94145 1.27909 1.03468 1.00252 1.00249 1.0344 1.27736 1.93904 2.92623 3.38377 3.58627 3.59304 3.59304 3.58627 3.37287 2.91674 3.49009 5.29251 6.48738 7.57994 7.57994 6.48738 5.29251 3.49009 2.5177 2.57828 2.03278 1.48655 1.48429 2.03226 2.5668 2.51216 1.31557 1.08969 1.00874 1.00064 1.00064 1.00934 1.08969 1.31557 1.06716 1.00436 1 0.999881 0.999882 0.999992 1.00429 
2.64494 1.32616 1.03058 1.00131 1.00128 1.03006 1.32146 2.62829 4.76978 2.55681 1.31658 1.04178 1.04271 1.32106 2.5543 4.77859 7.81351 9.189 10.2099 10.2927 10.2927 10.2099 9.3663 7.95121 7.76445 8.73165 10.7137 13.3643 13.3643 10.7137 8.73165 7.76445 6.24726 6.5098 5.52129 4.13739 4.16968 5.48943 6.50615 6.26329 2.7385 1.67315 1.13901 1.02025 1.02025 1.14873 1.67315 2.7385 1.52688 1.04967 1.00193 0.999968 0.99996 1.00187 1.04934 
7.29241 2.70047 1.26063 1.02227 1.0221 1.26062 2.70838 7.35675 13.2885 7.39287 3.00939 1.50644 1.49621 2.9844 7.39326 13.458 20.6494 24.571 25.2226 25.3288 25.3194 25.1999 24.4002 20.4904 15.8429 17.1175 19.3623 21.7751 21.7751 19.3623 17.1175 15.8429 12.782 13.1986 11.4791 9.37685 9.53733 11.8154 13.6436 13.2695 7.07475 4.63912 2.4388 1.40815 1.40815 2.4388 4.63912 7.07475 4.60473 1.7941 1.09034 1.00479 1.00471 1.089 1.7842 
8.75863 3.15382 1.34531 1.03209 1.03171 1.34402 3.15447 8.80951 15.5045 9.11406 3.72471 1.73034 1.71224 3.67493 9.03626 15.5159 21.7776 26.8224 28.2965 28.6813 28.6816 28.293 26.795 21.6964 14.0422 14.5133 17.7179 21.3783 21.3783 17.7179 14.5133 14.0422 12.7514 13.2877 10.4387 7.15851 6.92252 10.4618 13.522 12.9759 6.13072 3.7786 1.85433 1.19209 1.19209 1.85433 3.7786 6.13072 3.31562 1.4206 1.04373 1.00202 1.00192 1.04258 1.41395 
6.85943 2.53121 1.22514 1.01921 1.01898 1.22427 2.53197 6.89713 12.5325 7.21238 2.94424 1.47747 1.46603 2.91069 7.15402 12.5458 17.5737 22.0088 23.3332 23.6615 23.6501 23.3066 21.9696 17.5041 10.825 12.2436 16.7033 20.2939 20.2939 16.7033 12.2436 10.825 10.1992 10.8774 7.97889 4.8314 4.64299 7.9571 11.0613 10.3867 4.41838 2.71546 1.46755 1.08861 1.08861 1.46755 2.71546 4.41838 2.32753 1.20463 1.01901 1.00076 1.00069 1.01819 1.19932 
5.01893 1.88813 1.09903 1.00555 1.00549 1.0987 1.88787 5.03267 8.9136 4.68606 1.83258 1.12997 1.12699 1.82107 4.65826 8.91694 13.0922 16.7168 17.471 17.5915 17.6105 17.5167 16.772 13.1068 7.9657 11.0067 16.9779 19.7054 19.7054 16.9779 11.0067 7.9657 7.37008 8.08463 5.29069 2.67041 2.60267 5.25159 8.16951 7.45291 2.74663 1.64669 1.12352 1.01402 1.01402 1.12352 1.64669 2.74663 1.46555 1.04536 1.00226 1.00004 1.00003 1.00211 1.04408 
5.03267 1.88787 1.0987 1.00549 1.00549 1.0987 1.88787 5.03267 8.91694 4.65826 1.82107 1.12699 1.12699 1.82107 4.65826 8.91694 13.1068 16.772 17.5167 17.6105 17.5915 17.471 16.7168 13.0922 7.95721 10.9743 16.9915 19.7193 19.7054 16.9779 11.0067 7.9657 7.45291 8.16951 5.25159 2.60267 2.65234 5.27799 8.08463 7.37008 2.72023 1.64669 1.12352 1.01402 1.0134 1.11387 1.63397 2.73044 1.46555 1.04536 1.00226 1.00004 1.00004 1.00226 1.04536 
6.89713 2.53197 1.22427 1.01898 1.01898 1.22427 2.53197 6.89713 12.5458 7.15402 2.91069 1.46603 1.46603 2.91069 7.15402 12.5458 17.5041 21.9696 23.3066 23.6501 23.6615 23.3332 22.0088 17.5737 10.8055 12.1916 16.716 20.3247 20.2939 16.7033 12.2436 10.825 10.3867 11.0613 7.9571 4.64299 4.78238 7.97799 10.8774 10.1992 4.38133 2.71546 1.46755 1.08861 1.08511 1.42915 2.68249 4.39266 2.32753 1.20463 1.01901 1.00076 1.00076 1.01901 1.20463 
8.80951 3.15447 1.34402 1.03171 1.03171 1.34402 3.15447 8.80951 15.5159 9.03626 3.67493 1.71224 1.71224 3.67493 9.03626 15.5159 21.6964 26.795 28.293 28.6816 28.6813 28.2965 26.8224 21.7776 14.015 14.4698 17.7166 21.4187 21.3783 17.7179 14.5133 14.0422 12.9759 13.522 10.4618 6.92252 7.09958 10.4569 13.2877 12.7514 6.0969 3.7786 1.85433 1.19209 1.18652 1.80322 3.75057 6.10201 3.31562 1.4206 1.04373 1.00202 1.00202 1.04373 1.4206 
7.35675 2.70838 1.26062 1.0221 1.0221 1.26062 2.70838 7.35675 13.458 7.39326 2.9844 1.49621 1.49621 2.9844 7.39326 13.458 20.4904 24.4002 25.1999 25.3194 25.3288 25.2226 24.571 20.6494 15.9568 17.248 19.5174 21.9286 21.7751 19.3623 17.1175 15.8429 13.2695 13.6436 11.8154 9.53733 9.42093 11.5746 13.1986 12.782 7.12368 4.63912 2.4388 1.40815 1.41646 2.53548 4.73865 7.11522 4.60473 1.7941 1.09034 1.00479 1.00479 1.09034 1.7941 
9.88733 3.47291 1.40538 1.03528 1.03528 1.40538 3.4564 9.83147 18.4579 9.16224 3.31134 1.49944 1.49944 3.31134 9.16224 18.4579 28.0732 31.3224 32.2867 32.4667 32.4706 32.2894 31.3218 28.0891 25.9465 27.4671 29.425 30.8091 30.8091 29.425 27.4671 25.9465 23.8962 25.1 24.6809 23.9291 23.9192 24.6658 25.085 23.9203 17.6296 15.2797 9.31689 4.47809 4.47801 9.25074 15.2755 17.6904 11.1489 3.82699 1.47171 1.04194 1.04194 1.47171 3.82682 
11.5001 3.94003 1.50314 1.04675 1.04675 1.50314 3.92271 11.4376 20.8869 10.6144 3.76809 1.63225 1.63225 3.76809 10.6144 20.8869 30.5734 33.2359 34.1433 34.3342 34.331 34.1382 33.2264 30.5652 29.2197 29.6819 31.0504 32.4201 32.4201 31.0504 29.6819 29.2197 29.2017 31.0544 31.7032 31.6325 31.6249 31.6896 31.0359 29.2529 19.8774 17.6498 10.8519 5.14204 5.14491 10.8361 17.6724 19.9911 12.4341 4.15716 1.53529 1.04615 1.04615 1.53529 4.15727 
11.9874 4.07959 1.52724 1.04883 1.04883 1.52724 4.06124 11.9228 21.9955 11.2399 3.94901 1.67516 1.67516 3.94901 11.2399 21.9955 31.8372 33.9826 34.7107 34.8566 34.8548 34.7077 33.9765 31.827 31.5027 31.7679 32.653 33.6172 33.6172 32.653 31.7679 31.5027 30.7845 32.9629 33.9837 34.1839 34.1809 33.978 32.9516 30.8487 21.0888 18.98 11.6328 5.42609 5.42696 11.6112 18.9941 21.1992 13.1854 4.37395 1.5745 1.04958 1.04958 1.5745 4.37407 
11.9409 4.02246 1.5032 1.04367 1.04367 1.5032 4.01037 11.8969 22.3435 11.2177 3.91249 1.63738 1.63738 3.91249 11.2177 22.3435 32.318 34.1511 34.819 34.9472 34.9467 34.8182 34.1526 32.2971 32.7303 33.1816 33.7886 34.3527 34.3527 33.7886 33.1816 32.7303 31.1806 33.5199 34.5269 34.7523 34.751 34.5246 33.5114 31.2463 21.6277 19.5274 11.8188 5.41113 5.41166 11.806 19.5334 21.7229 13.4747 4.43061 1.58136 1.04925 1.04925 1.58136 4.43072 
11.8969 4.01037 1.50077 1.04333 1.04367 1.5032 4.01037 11.8969 22.3799 11.3362 3.92552 1.64088 1.63738 3.91249 11.2177 22.3435 32.2971 34.1526 34.8182 34.9467 34.9472 34.819 34.1511 32.318 32.715 33.1775 33.7913 34.3563 34.3527 33.7886 33.1816 32.7303 31.2463 33.5114 34.5246 34.751 34.7523 34.5269 33.5571 31.225 21.6089 19.5075 11.8199 5.42471 5.41113 11.8188 19.5274 21.6277 13.4766 4.43072 1.58136 1.04925 1.04942 1.5825 4.43061 
11.9228 4.06124 1.52335 1.04824 1.04883 1.52724 4.06124 11.9228 22.0198 11.4188 3.97004 1.68058 1.67516 3.94901 11.2399 21.9955 31.827 33.9765 34.7077 34.8548 34.8566 34.7107 33.9826 31.8372 31.4814 31.7553 32.6565 33.6285 33.6172 32.653 31.7679 31.5027 30.8487 32.9516 33.978 34.1809 34.1839 33.9837 33.0407 30.7951 21.0604 18.9448 11.6339 5.45007 5.42609 11.6328 18.98 21.0888 13.1882 4.37407 1.5745 1.04958 1.04983 1.57606 4.37395 
11.4376 3.92271 1.49941 1.04617 1.04675 1.50314 3.92271 11.4376 20.9022 10.7777 3.79116 1.63794 1.63225 3.76809 10.6144 20.8869 30.5652 33.2264 34.1382 34.331 34.3342 34.1433 33.2359 30.5734 29.193 29.6627 31.0566 32.4363 32.4201 31.0504 29.6819 29.2197 29.2529 31.0359 31.6896 31.6249 31.6325 31.7032 31.0989 29.1641 19.8493 17.6089 10.8528 5.16706 5.14204 10.8519 17.6498 19.8774 12.4385 4.15727 1.53529 1.04615 1.0464 1.53683 4.15716 
9.83147 3.4564 1.40223 1.03485 1.03528 1.40538 3.4564 9.83147 18.5815 9.31044 3.32613 1.50308 1.49944 3.31134 9.16224 18.4579 28.0891 31.3218 32.2894 32.4706 32.4667 32.2867 31.3224 28.0732 26.0474 27.5904 29.5513 30.8996 30.8091 29.425 27.4671 25.9465 23.9203 25.085 24.6658 23.9192 23.9291 24.6809 25.4061 24.1803 17.6807 15.3063 9.31857 4.51715 4.47809 9.31689 15.2797 17.6296 11.1173 3.82682 1.47171 1.04194 1.04242 1.47498 3.82699 
6.91509 2.34681 1.17963 1.01191 1.01215 1.18172 2.35809 6.96024 15.0319 6.5487 2.33962 1.20482 1.2109 2.36658 6.53905 15.1113 29.3844 32.6429 34.1311 34.4663 34.4663 34.1311 32.6751 29.3492 32.7814 34.2455 34.6371 34.5849 34.5936 34.6409 34.261 32.8119 29.2916 31.8768 32.3238 32.1504 32.1556 32.3255 31.8941 29.212 20.4281 17.0905 11.4517 6.11044 6.21708 11.5502 17.0557 20.3763 13.0497 4.96576 1.80457 1.10907 1.11069 1.8112 4.96576 
5.27042 1.80494 1.08681 1.00422 1.00437 1.08834 1.81473 5.31236 12.804 5.01805 1.81916 1.09896 1.10327 1.83994 5.01411 12.8988 28.8006 32.5913 34.3347 34.7464 34.7464 34.3347 32.6141 28.7274 33.4107 34.522 34.7909 34.8057 34.8043 34.7909 34.5261 33.4268 30.802 33.3518 33.9742 34.0642 34.0509 33.9559 33.3376 30.7167 21.9656 18.336 12.2336 6.5058 6.6389 12.3447 18.3386 21.7816 13.5942 5.11368 1.84427 1.11686 1.11892 1.85269 5.11368 
4.82124 1.67489 1.06782 1.00302 1.00315 1.06914 1.68355 4.8605 12.1416 4.58807 1.69473 1.07972 1.08359 1.71401 4.58028 12.2303 28.6517 32.5917 34.4042 34.8403 34.8403 34.4042 32.6133 28.5678 33.7216 34.6445 34.8731 34.9234 34.9234 34.8737 34.6481 33.7381 31.2951 33.913 34.6644 34.8014 34.7981 34.6595 33.9169 31.2185 22.538 18.7682 12.2879 6.48434 6.61286 12.4005 18.7712 22.361 13.9356 5.17651 1.85124 1.11642 1.11844 1.85944 5.17651 
4.63128 1.61196 1.05607 1.00227 1.00234 1.05687 1.61751 4.65662 11.9932 4.4217 1.62236 1.06508 1.0675 1.63497 4.41386 12.0852 28.6687 32.6182 34.4257 34.8542 34.8542 34.4257 32.6297 28.579 33.8604 34.7136 34.9155 34.9652 34.9653 34.9158 34.7156 33.8691 31.4787 34.0526 34.802 34.9347 34.9338 34.8007 34.0594 31.413 22.9423 19.1037 11.9868 6.20082 6.28007 12.0614 19.11 22.81 14.3401 5.12766 1.8114 1.09996 1.10121 1.81663 5.12766 
4.65662 1.61751 1.05687 1.00234 1.00234 1.05687 1.61751 4.65662 12.0852 4.41386 1.62236 1.06508 1.06508 1.62236 4.41386 12.0852 28.579 32.6297 34.425 34.8541 34.8542 34.4257 32.6182 28.6687 33.8691 34.7156 34.9158 34.9653 34.9652 34.9155 34.7156 33.8691 31.413 34.0594 34.8007 34.9338 34.9347 34.802 34.0526 31.413 22.9423 19.1037 11.9868 6.20082 6.20082 11.9868 19.1037 22.9423 14.3401 5.12766 1.81663 1.10121 1.09996 1.8114 5.10839 
4.8605 1.68355 1.06914 1.00315 1.00315 1.06914 1.68355 4.8605 12.2303 4.58028 1.69473 1.07972 1.07972 1.69473 4.58028 12.2303 28.5678 32.6133 34.4034 34.8401 34.8403 34.4042 32.5917 28.6517 33.7381 34.6481 34.8737 34.9234 34.9234 34.8731 34.6481 33.7381 31.2185 33.9169 34.6595 34.7981 34.8014 34.6644 33.913 31.2185 22.538 18.7682 12.2879 6.48434 6.48434 12.2879 18.7682 22.538 13.9356 5.17651 1.85944 1.11844 1.11642 1.85124 5.14736 
5.31236 1.81473 1.08834 1.00437 1.00437 1.08834 1.81473 5.31236 12.8988 5.01411 1.81916 1.09896 1.09896 1.81916 5.01411 12.8988 28.7274 32.6141 34.3336 34.7459 34.7464 34.3347 32.5913 28.8006 33.4268 34.5261 34.7909 34.8043 34.8057 34.7909 34.5261 33.4268 30.7167 33.3376 33.9559 34.0509 34.0642 33.9742 33.3518 30.7167 21.9656 18.336 12.2336 6.5058 6.5058 12.2336 18.336 21.9656 13.5942 5.11368 1.85269 1.11892 1.11686 1.84427 5.08335 
6.96024 2.35809 1.18172 1.01215 1.01215 1.18172 2.35809 6.96024 15.1113 6.53905 2.33962 1.20482 1.20482 2.33962 6.53905 15.1113 29.3492 32.6751 34.1373 34.4708 34.4663 34.1311 32.6429 29.3844 32.8119 34.261 34.6409 34.5936 34.5849 34.6371 34.261 32.8119 29.212 31.8941 32.3255 32.1556 32.1504 32.3238 31.8768 29.212 20.4281 17.0905 11.4517 6.11044 6.11044 11.4517 17.0905 20.4281 13.0497 4.96576 1.8112 1.11069 1.10907 1.80457 4.93988 
8.67991 2.97762 1.30675 1.02606 1.02572 1.3049 2.9698 8.63229 17.6427 8.43787 2.95247 1.35748 1.35844 2.97049 8.47522 17.6637 30.7507 33.2342 34.306 34.5903 34.6008 34.3253 33.2707 30.8384 31.6189 33.727 34.1948 33.9707 33.9445 34.1792 33.6968 31.5843 27.0376 31.3284 32.2052 32.1667 32.1743 32.2031 31.3353 27.0376 13.9018 11.4412 8.99443 6.13281 6.30228 8.97682 11.2421 13.6023 8.74198 4.61922 1.92733 1.19449 1.19083 1.91394 4.59293 
10.2899 3.52473 1.41967 1.03865 1.03819 1.41764 3.51893 10.2508 20.2476 10.1536 3.51911 1.50187 1.50159 3.53763 10.2011 20.2589 32.3809 34.0292 34.6801 34.8353 34.8338 34.6788 34.0344 32.4367 32.7482 34.1256 34.4826 34.5019 34.5017 34.4804 34.119 32.7499 29.2906 33.1005 33.9447 34.0019 33.9968 33.933 33.0784 29.2906 16.4363 14.177 11.6926 8.55483 8.85286 11.6813 14.0353 16.1965 10.7347 5.81959 2.31116 1.30632 1.29983 2.28655 5.76343 
10.8219 3.69909 1.4523 1.04193 1.04145 1.4502 3.69325 10.7805 20.9355 10.5746 3.64285 1.53175 1.53143 3.6616 10.6237 20.9395 32.9594 34.3577 34.8394 34.946 34.9462 34.8411 34.3676 33.0242 33.4253 34.425 34.699 34.778 34.7775 34.6972 34.4201 33.4241 30.3763 33.8453 34.6723 34.7914 34.793 34.672 33.8302 30.3763 18.2001 15.6797 12.7736 9.11886 9.43817 12.774 15.5146 17.9557 11.9944 6.43705 2.47059 1.33952 1.33245 2.44457 6.37517 
10.9277 3.7214 1.44981 1.04008 1.03975 1.44851 3.71835 10.8965 21.0431 10.5854 3.6492 1.53241 1.53284 3.66491 10.6225 21.0402 33.1185 34.414 34.8734 34.9675 34.9677 34.8745 34.4197 33.1814 33.7318 34.6231 34.8404 34.9059 34.9056 34.8394 34.6202 33.7317 30.8705 34.0298 34.8107 34.9365 34.9373 34.8104 34.0185 30.8705 19.7442 16.5451 12.7164 8.38741 8.58611 12.7214 16.4295 19.5848 12.8353 6.07478 2.26318 1.25178 1.24764 2.24851 6.03288 
10.8965 3.71835 1.44851 1.03975 1.03975 1.44851 3.71835 10.8965 21.0402 10.6225 3.66491 1.53284 1.53284 3.66491 10.6225 21.0402 33.1185 34.414 34.8734 34.9675 34.9675 34.8734 34.414 33.1185 33.7317 34.6202 34.8394 34.9056 34.9059 34.8404 34.6231 33.7318 30.9026 34.0334 34.8104 34.9373 34.9365 34.8107 34.0298 30.8705 19.5848 16.4295 12.7214 8.58611 8.58611 12.7214 16.4295 19.5848 12.8353 6.07478 2.26318 1.25178 1.25178 2.26318 6.07478 
10.7805 3.69325 1.4502 1.04145 1.04145 1.4502 3.69325 10.7805 20.9395 10.6237 3.6616 1.53143 1.53143 3.6616 10.6237 20.9395 32.9594 34.3577 34.8394 34.946 34.946 34.8394 34.3577 32.9594 33.4241 34.4201 34.6972 34.7775 34.778 34.699 34.425 33.4253 30.4199 33.855 34.672 34.793 34.7914 34.6723 33.8453 30.3763 17.9557 15.5146 12.774 9.43817 9.43817 12.774 15.5146 17.9557 11.9944 6.43705 2.47059 1.33952 1.33952 2.47059 6.43705 
10.2508 3.51893 1.41764 1.03819 1.03819 1.41764 3.51893 10.2508 20.2589 10.2011 3.53763 1.50159 1.50159 3.53763 10.2011 20.2589 32.3809 34.0292 34.6801 34.8353 34.8353 34.6801 34.0292 32.3809 32.7499 34.119 34.4804 34.5017 34.5019 34.4826 34.1256 32.7482 29.3402 33.1175 33.933 33.9968 34.0019 33.9447 33.1005 29.2906 16.1965 14.0353 11.6813 8.85286 8.85286 11.6813 14.0353 16.1965 10.7347 5.81959 2.31116 1.30632 1.30632 2.31116 5.81959 
8.63229 2.9698 1.3049 1.02572 1.02572 1.3049 2.9698 8.63229 17.6637 8.47522 2.97049 1.35844 1.35844 2.97049 8.47522 17.6637 30.7507 33.2342 34.306 34.5903 34.5903 34.306 33.2342 30.7507 31.5843 33.6968 34.1792 33.9445 33.9707 34.1948 33.727 31.6189 26.9616 31.2302 32.2031 32.1743 32.1667 32.2052 31.3284 27.0376 13.6023 11.2421 8.97682 6.30228 6.30228 8.97682 11.2421 13.6023 8.74198 4.61922 1.92733 1.19449 1.19449 1.92733 4.61922 
5.69299 1.97609 1.1086 1.00576 1.00581 1.10886 1.97609 5.69299 12.9797 5.38653 1.96631 1.13886 1.13886 1.96631 5.37564 13.0437 26.861 31.0784 32.9314 33.3971 33.3971 32.9314 31.0967 26.9085 25.2263 27.0525 27.8111 27.9049 27.9024 27.808 26.887 25.1208 20.127 24.6594 25.0362 24.5635 24.5643 25.0375 24.6646 20.1218 8.7581 6.13128 3.66302 1.84856 1.76313 3.53808 6.13128 8.71509 4.94295 2.03662 1.15739 1.01512 1.01578 1.16216 2.05842 
4.86679 1.70223 1.06812 1.00285 1.00292 1.06883 1.70223 4.86679 12.3299 4.77561 1.75504 1.1014 1.1014 1.75504 4.76772 12.4052 27.3162 31.8674 33.89 34.4233 34.4233 33.89 31.8378 27.2967 26.8622 29.3865 30.2953 30.8609 30.861 30.2954 29.4038 26.9283 20.7247 27.2629 30.199 31.0064 31.0039 30.1975 27.2657 20.7138 6.47474 3.7059 1.90763 1.13918 1.12815 1.90348 3.7059 6.47756 3.36392 1.43987 1.04415 1.00224 1.00229 1.04474 1.44306 
4.66103 1.64514 1.0607 1.00245 1.00252 1.06137 1.64514 4.66103 12.0924 4.58462 1.6975 1.09189 1.09189 1.6975 4.57586 12.1694 27.4667 32.1545 34.2014 34.7454 34.7454 34.2014 32.1277 27.4451 27.9039 30.9735 31.9909 32.6594 32.6593 31.9906 30.9922 27.9791 20.8772 28.5733 32.3523 33.5428 33.5415 32.3515 28.5771 20.8653 4.91389 2.34422 1.2611 1.03023 1.02347 1.26217 2.34422 4.91308 2.32548 1.1973 1.01439 1.0004 1.00042 1.0147 1.19954 
4.60517 1.6225 1.05463 1.00209 1.00212 1.05496 1.6225 4.60517 12.06 4.49786 1.64526 1.07649 1.07649 1.64526 4.48934 12.1404 27.4737 32.1737 34.2806 34.7999 34.7999 34.2806 32.1572 27.459 28.6631 32.1827 33.2466 33.8143 33.8142 33.2463 32.1926 28.7153 21.0203 29.3556 33.2094 34.2645 34.2644 33.2089 29.3607 21.0045 4.44722 1.95274 1.11745 1.01386 1.00919 1.11807 1.95274 4.44633 1.99316 1.12837 1.00794 1.00009 1.0001 1.00809 1.12952 
4.62265 1.62475 1.05496 1.00212 1.00212 1.05496 1.6225 4.60517 12.1404 4.48934 1.62929 1.07214 1.07214 1.62929 4.49786 12.06 27.5319 32.1628 34.2806 34.7999 34.804 34.2901 32.1737 27.4737 28.7153 32.1926 33.2463 33.8142 33.8142 33.2463 32.1926 28.7153 21.0045 29.3607 33.2089 34.2644 34.2645 33.2094 29.3556 21.0203 4.44633 2.00476 1.11807 1.00919 1.01386 1.11745 1.95274 4.44722 1.99939 1.12952 1.00809 1.0001 1.00009 1.00794 1.12837 
4.68988 1.64967 1.06137 1.00252 1.00252 1.06137 1.64514 4.66103 12.1694 4.57586 1.67306 1.08483 1.08483 1.67306 4.58462 12.0924 27.5009 32.1548 34.2014 34.7454 34.7512 34.2176 32.1545 27.4667 27.9791 30.9922 31.9906 32.6593 32.6593 31.9906 30.9922 27.9791 20.8653 28.5771 32.3515 33.5415 33.5428 32.3523 28.5733 20.8772 4.91308 2.42094 1.26217 1.02347 1.03023 1.2611 2.34422 4.91389 2.33614 1.19954 1.0147 1.00042 1.0004 1.01439 1.1973 
4.89652 1.70694 1.06883 1.00292 1.00292 1.06883 1.70223 4.86679 12.4052 4.76772 1.72966 1.09409 1.09409 1.72966 4.77561 12.3299 27.3386 31.8717 33.89 34.4233 34.4316 33.9092 31.8674 27.3162 26.9283 29.4038 30.2954 30.861 30.861 30.2954 29.4038 26.9283 20.7138 27.2657 30.1975 31.0039 31.0064 30.199 27.2629 20.7247 6.47756 3.80126 1.90348 1.12815 1.13918 1.90763 3.7059 6.47474 3.3722 1.44306 1.04474 1.00229 1.00224 1.04415 1.43987 
5.70106 1.9766 1.10886 1.00581 1.00581 1.10886 1.97609 5.69299 13.0437 5.37564 1.93453 1.13124 1.13124 1.93453 5.38653 12.9797 26.8763 31.0884 32.9314 33.3971 33.3678 32.906 31.0784 26.861 25.1208 26.887 27.808 27.9024 27.9024 27.808 26.887 25.1208 20.1218 24.6646 25.0375 24.5643 24.5635 25.0362 24.6594 20.127 8.71509 6.08587 3.53808 1.76313 1.84856 3.66302 6.13128 8.7581 4.97914 2.05842 1.16216 1.01578 1.01512 1.15739 2.03662 
3.61628 1.4352 1.04028 1.00195 1.00195 1.04028 1.4352 3.61628 8.70161 3.30585 1.38249 1.03627 1.03668 1.38333 3.30422 8.66281 20.6565 26.5697 28.1243 28.5465 28.4597 28.0378 26.5756 20.7104 14.8177 12.8253 11.9194 11.6807 11.6807 11.9194 12.6329 14.6845 15.488 19.5466 15.6032 11.8886 11.631 15.3495 19.4019 15.3297 6.18532 3.45654 1.73662 1.11913 1.11798 1.67506 3.45654 6.18532 2.56304 1.2015 1.01251 1.00034 1.00033 1.01251 1.20083 
3.58137 1.43303 1.04193 1.00209 1.00209 1.04193 1.43303 3.58137 8.88869 3.28941 1.37904 1.0354 1.03613 1.38223 3.29771 8.88346 21.8014 29.5483 31.882 32.3247 32.332 31.8811 29.5268 21.8198 13.2368 9.39371 7.46429 6.3985 6.3985 7.46429 9.38693 13.2418 15.3845 19.1159 13.7103 7.78566 7.79398 13.7147 19.1212 15.3518 5.90127 2.87609 1.45458 1.08433 1.08088 1.4251 2.87609 5.90127 2.40425 1.19645 1.01507 1.00059 1.0006 1.01507 1.19546 
3.59346 1.43136 1.04147 1.00215 1.00215 1.04147 1.43136 3.59346 8.99396 3.31941 1.38194 1.03557 1.0363 1.38503 3.32714 8.98491 22.2805 30.7497 33.308 33.8091 33.8106 33.306 30.7389 22.3005 11.4199 6.10474 3.95191 2.98176 2.98176 3.95191 6.09979 11.4263 15.5934 18.9868 12.831 6.16242 6.17415 12.839 18.9821 15.5606 5.94918 2.82174 1.43381 1.08449 1.08029 1.40296 2.82174 5.94918 2.40717 1.20034 1.0157 1.0007 1.00071 1.0157 1.19932 
3.51842 1.39559 1.0339 1.00146 1.00146 1.0339 1.39559 3.51842 9.05761 3.31138 1.36112 1.03049 1.0309 1.36274 3.31495 9.04587 22.3996 30.9894 33.5954 34.1254 34.1255 33.597 30.9855 22.4191 10.55 4.52303 2.38159 1.76969 1.76969 2.38159 4.51972 10.5558 15.6985 18.9415 12.6049 5.83846 5.84651 12.6085 18.9364 15.6716 5.99024 2.74001 1.40008 1.07426 1.07133 1.37908 2.74001 5.99024 2.40578 1.19563 1.01444 1.00059 1.0006 1.01444 1.19519 
3.51379 1.39303 1.0334 1.00141 1.00146 1.0339 1.39559 3.51842 9.04587 3.31495 1.36274 1.0309 1.0309 1.36274 3.31495 9.04587 22.4191 30.9855 33.597 34.1255 34.1255 33.597 30.9855 22.4191 10.5558 4.51972 2.38096 1.76957 1.76969 2.38159 4.52303 10.55 15.6716 18.9364 12.6085 5.84651 5.83846 12.6049 18.9415 15.6985 6.08078 2.68122 1.3765 1.07076 1.07314 1.39529 2.73176 6.03564 2.39752 1.19519 1.01444 1.0006 1.00059 1.01441 1.19563 
3.58365 1.42702 1.0406 1.00205 1.00215 1.04147 1.43136 3.59346 8.98491 3.32714 1.38503 1.0363 1.0363 1.38503 3.32714 8.98491 22.3005 30.7389 33.306 33.8106 33.8106 33.306 30.7389 22.3005 11.4263 6.09979 3.95089 2.98151 2.98176 3.95191 6.10474 11.4199 15.5606 18.9821 12.839 6.17415 6.16242 12.831 18.9868 15.5934 6.04373 2.73766 1.39899 1.07946 1.08269 1.42662 2.81073 5.99618 2.39479 1.19932 1.0157 1.00071 1.0007 1.0157 1.20034 
3.57074 1.4286 1.04105 1.00199 1.00209 1.04193 1.43303 3.58137 8.88346 3.29771 1.38223 1.03613 1.03613 1.38223 3.29771 8.88346 21.8198 29.5268 31.8811 32.332 32.332 31.8811 29.5268 21.8198 13.2418 9.38693 7.46429 6.39988 6.3985 7.46429 9.39371 13.2368 15.3518 19.1212 13.7147 7.79398 7.78566 13.7103 19.1159 15.3845 5.9943 2.79111 1.41947 1.07997 1.08296 1.448 2.86768 5.9476 2.39252 1.19546 1.01507 1.0006 1.00059 1.01508 1.19645 
3.59427 1.42989 1.03943 1.00188 1.00195 1.04028 1.4352 3.61628 8.66281 3.30422 1.38333 1.03668 1.03668 1.38333 3.30422 8.66281 20.7104 26.5756 28.0378 28.4597 28.4597 28.0378 26.5756 20.7104 14.6845 12.6329 11.7245 11.5123 11.6807 11.9194 12.8253 14.8177 15.3297 19.4019 15.3495 11.631 11.8886 15.6032 19.5466 15.488 6.24843 3.27289 1.65929 1.11611 1.1183 1.72143 3.44639 6.22055 2.55899 1.20083 1.01251 1.00033 1.00034 1.01268 1.2015 
1.21719 1.02299 1.00157 1.00004 1.00004 1.00156 1.02275 1.21304 2.22576 1.19619 1.01621 1.00058 1.00058 1.01621 1.19619 2.22576 8.84688 12.1192 13.2513 13.5642 13.5642 13.2513 12.1192 8.84688 4.92485 3.32484 2.75784 2.77494 2.77494 2.75784 3.32484 4.92485 7.33126 9.06022 6.70364 4.57961 4.60075 6.73708 9.06883 7.33766 2.37552 1.44079 1.10026 1.00985 1.00914 1.09503 1.42996 2.33133 1.24044 1.01978 1.0009 0.999964 0.999963 1.00091 1.02014 
1.03286 1.00275 1.00004 0.999877 0.999877 1.00005 1.00279 1.03307 1.20208 1.02101 1.00091 0.999818 0.999818 1.00091 1.02101 1.20208 3.12404 4.20888 4.59086 4.69189 4.69189 4.59086 4.20888 3.12404 1.89606 1.35631 1.22279 1.24222 1.24222 1.22279 1.35631 1.89606 3.14857 3.573 2.43714 1.60692 1.60697 2.43128 3.55417 3.13017 1.22884 1.0485 1.00724 1.00024 1.00025 1.00715 1.04814 1.22178 1.02865 1.00172 0.999931 0.999886 0.999886 0.999926 1.00169 
1.00238 1.00007 0.999963 0.999996 0.999995 0.999963 1.00008 1.00239 1.01609 1.00086 0.999887 0.999983 0.999983 0.999887 1.00086 1.01609 1.3309 1.54306 1.6217 1.63583 1.63583 1.6217 1.54306 1.3309 1.10545 1.03261 1.01903 1.02008 1.02008 1.01903 1.03261 1.10545 1.50528 1.54617 1.20439 1.04548 1.04531 1.20213 1.53891 1.49714 1.0222 1.00244 1.00012 0.999924 0.999926 1.00011 1.00234 1.02076 1.00181 1 0.999972 0.999998 0.999998 0.999972 0.999996 
1.00014 0.999958 0.999994 1 1 0.999994 0.999958 1.00015 1.00055 0.999827 0.999983 1 1 0.999983 0.999827 1.00055 1.0287 1.05333 1.05887 1.06093 1.06093 1.05887 1.05333 1.0287 1.00745 1.00242 1.00186 1.00175 1.00175 1.00186 1.00242 1.00745 1.08623 1.08489 1.01924 1.00133 1.00131 1.01887 1.08319 1.08432 1.00152 0.999882 0.999928 0.999996 0.999996 0.99993 0.999866 1.00132 1.00007 0.999961 0.999997 1 1 0.999997 0.999962 
1.00015 0.999958 0.999994 1 1 0.999994 0.999958 1.00015 1.00051 0.999832 0.999983 1 1 0.999983 0.999827 1.00055 1.02897 1.05398 1.0595 1.06155 1.06093 1.05887 1.05333 1.0287 1.00738 1.00241 1.00186 1.00175 1.00175 1.00186 1.00242 1.00745 1.08631 1.08499 1.01915 1.00131 1.00133 1.01924 1.08489 1.08623 1.00111 0.999857 0.999931 0.999996 0.999996 0.999931 0.999857 1.00111 1.00007 0.999961 0.999997 1 1 0.999997 0.999961 
1.00239 1.00008 0.999963 0.999995 0.999995 0.999963 1.00008 1.00239 1.01554 1.00088 0.999888 0.999983 0.999983 0.999887 1.00086 1.01609 1.33197 1.54677 1.62548 1.63955 1.63583 1.6217 1.54306 1.3309 1.10474 1.03254 1.01902 1.02008 1.02008 1.01903 1.03261 1.10545 1.50611 1.54707 1.20365 1.04523 1.04548 1.20439 1.54617 1.50528 1.01927 1.0023 1.00012 0.999927 0.999927 1.00012 1.0023 1.01927 1.00181 1 0.999972 0.999998 0.999998 0.999972 1 
1.03307 1.00279 1.00005 0.999877 0.999877 1.00005 1.00279 1.03307 1.196 1.021 1.00091 0.999818 0.999818 1.00091 1.02101 1.20208 3.12171 4.22166 4.60708 4.70955 4.69189 4.59086 4.20888 3.12404 1.89093 1.35339 1.22054 1.24034 1.24222 1.22279 1.35631 1.89606 3.1608 3.58391 2.4365 1.60449 1.60692 2.43714 3.573 3.14857 1.2144 1.04821 1.00728 1.00026 1.00026 1.00728 1.04821 1.2144 1.02865 1.00172 0.999931 0.999886 0.999886 0.999931 1.00172 
1.21304 1.02275 1.00156 1.00004 1.00004 1.00156 1.02275 1.21304 2.16494 1.19008 1.01556 1.00053 1.00058 1.01621 1.19619 2.22576 8.75287 12.0331 13.16 13.473 13.5642 13.2513 12.1192 8.84688 4.88411 3.29491 2.73332 2.74959 2.77494 2.75784 3.32484 4.92485 7.29479 9.00157 6.66919 4.54641 4.57961 6.70364 9.06022 7.33126 2.30093 1.4271 1.09502 1.00911 1.00911 1.09502 1.4271 2.30093 1.24044 1.01978 1.0009 0.999964 0.999964 1.0009 1.01978 
1.01986 1.00194 1.00017 1.00006 1.00006 1.00017 1.00194 1.01986 1.16783 1.01766 1.00099 1.00003 1.00003 1.00099 1.01766 1.16783 3.40931 4.85205 5.25331 5.17556 5.17556 5.25331 4.85205 3.40931 2.0188 1.46249 1.35996 1.24168 1.24168 1.35996 1.46249 2.0188 3.04782 3.48273 2.33817 1.59143 1.59207 2.3392 3.48273 3.04782 1.25747 1.04207 1.00658 1.00053 1.00053 1.00658 1.04207 1.25747 1.02945 1.00203 1.00015 1.00006 1.00006 1.00015 1.00203 
1.00097 1.00002 0.999978 0.999995 0.999995 0.999978 1.00002 1.00097 1.01391 1.00098 0.999921 0.999977 0.999977 0.999921 1.00098 1.01391 1.56636 1.98236 2.13583 2.02777 2.02777 2.13583 1.98236 1.56636 1.16395 1.04909 1.03629 1.01853 1.01853 1.03629 1.04909 1.16395 1.33563 1.38906 1.14659 1.04809 1.04811 1.14662 1.38906 1.33563 1.02827 1.00318 1.00014 0.999913 0.999913 1.00014 1.00318 1.02827 1.00298 1.0001 0.999965 0.999993 0.999993 0.999965 1.0001 
1.00002 0.99998 0.999999 1 1 0.999999 0.99998 1.00002 1.00076 0.999905 0.99998 0.999999 0.999999 0.99998 0.999905 1.00076 1.08994 1.17054 1.20656 1.16871 1.16871 1.20656 1.17054 1.08994 1.01587 1.00253 1.00153 1.00057 1.00057 1.00153 1.00253 1.01587 1.02734 1.03031 1.00736 1.00198 1.00198 1.00736 1.03031 1.02734 1.00193 1.00005 0.999929 0.999986 0.999986 0.999929 1.00005 1.00193 1.00027 0.999968 0.999994 1 1 0.999994 0.999968 
1.00007 0.999995 1 1 1 1 0.999995 1.00007 0.99999 0.999893 0.999998 1 1 0.999998 0.999893 0.99999 1.00788 1.0168 1.0218 1.0159 1.0159 1.0218 1.0168 1.00788 1.00094 0.999988 1.00002 0.999989 0.999989 1.00002 0.999988 1.00094 1.00087 1.00071 1.00004 0.99997 0.99997 1.00004 1.00071 1.00087 1.00005 0.999874 0.999994 1 1 0.999994 0.999874 1.00005 1.00005 0.999992 1 1 1 1 0.999992 
0 0 0 0 1 1 0.999995 1.00007 0.99999 0.999893 0.999998 1 1 0.999998 0.999892 0.999996 1.00788 1.0168 1.0218 1.0159 1.01555 1.02126 1.01639 1.0077 1.00092 0.999983 1.00002 0.999989 0.999989 1.00002 0.999988 1.00094 1.00087 1.00071 1.00004 0.99997 0.99997 1.00004 1.00071 1.00087 1.00005 0.999874 0.999995 1 1 0.999994 0.999874 1.00005 1.00005 0.999992 1 1 0 0 0 
0 0 0 0 1 0.999999 0.99998 1.00002 1.00076 0.999905 0.99998 0.999999 0.999999 0.99998 0.999904 1.00084 1.08994 1.17054 1.20656 1.16871 1.16604 1.20258 1.16743 1.08847 1.01559 1.00245 1.00148 1.00054 1.00057 1.00153 1.00253 1.01587 1.02734 1.0303 1.00736 1.00198 1.00198 1.00736 1.03031 1.02734 1.00191 1.00004 0.999928 0.999987 0.999986 0.999929 1.00005 1.00193 1.00027 0.999968 0.999994 1 0 0 0 
0 0 0 0 0.999995 0.999978 1.00002 1.00097 1.01391 1.00098 0.999921 0.999977 0.999977 0.999921 1.00097 1.01454 1.56636 1.98236 2.13583 2.02777 2.01638 2.11975 1.96903 1.55957 1.16181 1.04822 1.03554 1.01816 1.01853 1.03629 1.04909 1.16395 1.33562 1.38908 1.14662 1.04811 1.04809 1.14659 1.38906 1.33563 1.02823 1.00314 1.00014 0.999913 0.999913 1.00014 1.00318 1.02827 1.00298 1.0001 0.999965 0.999993 0 0 0 
