0 0 0 0 0.99997 1.00136 1.0258 1.29445 2.10026 1.35328 1.0549 1.00601 1.00605 1.05521 1.35456 2.10711 3.37501 3.92273 4.2141 4.22069 4.2138 4.20229 3.90812 3.36711 4.20572 5.61656 7.73558 9.39942 9.39571 7.73461 5.60227 4.1789 2.50724 2.59519 1.94409 1.54064 1.53665 1.93376 2.58053 2.48932 1.41258 1.14965 1.032 1.00346 1.00354 1.0319 1.14932 1.41199 1.14126 1.01745 1.00135 1.00008 0 0 0 
0 0 0 0 0.999955 1.00023 1.00294 1.03608 1.1478 1.03462 1.00369 1.00009 1.0001 1.00371 1.03475 1.14871 1.39372 1.49823 1.55595 1.55105 1.54964 1.55357 1.49539 1.39291 1.81521 3.15535 5.07572 5.50968 5.47191 5.03974 3.12201 1.80444 1.33721 1.3728 1.15052 1.05759 1.05827 1.15172 1.375 1.33793 1.04414 1.01387 1.00234 1.00009 1.0001 1.00233 1.01386 1.04413 1.01494 1.00143 1.00001 0.999972 0 0 0 
0 0 0 0 0.999995 0.999979 1.00014 1.00231 1.00969 1.00149 1.00001 0.999921 0.99992 1.00001 1.0015 1.00976 1.03288 1.04355 1.04898 1.04711 1.04699 1.04874 1.04325 1.03289 1.14897 1.67863 2.71542 2.5413 2.5192 2.67777 1.66378 1.1464 1.04113 1.04659 1.01455 1.00366 1.00374 1.0148 1.04722 1.04145 1.00268 1.00063 1.0001 0.999966 0.999965 1.0001 1.00063 1.00268 1.00106 1.00002 0.999972 0.999998 0 0 0 
0 0 0 0 1 0.999993 0.999963 1.00016 1.00015 0.999811 0.999952 0.999997 0.999997 0.999952 0.999812 1.00015 1.00116 1.0014 1.0018 1.0017 1.0017 1.00179 1.00138 1.00117 1.01727 1.14896 1.5053 1.42898 1.42209 1.49362 1.14574 1.0169 1.00327 1.0035 1.00094 1.00012 1.00013 1.00097 1.00357 1.00332 1.00003 0.999854 0.999971 0.999998 0.999997 0.999971 0.999854 1.00003 1.00006 0.999974 0.999998 1 0 0 0 
1.00016 0.999963 0.999993 1 1 0.999993 0.999963 1.00016 1.00015 0.999812 0.999952 0.999997 0.999997 0.999952 0.999811 1.00015 1.00117 1.00138 1.00179 1.0017 1.0017 1.00179 1.00138 1.00117 1.01727 1.14896 1.5053 1.42898 1.42898 1.5053 1.14896 1.01727 1.00332 1.00357 1.00097 1.00013 1.00013 1.00097 1.00357 1.00332 1.00003 0.999854 0.999971 0.999997 0.999998 0.999971 0.999854 1.00003 1.00006 0.999974 0.999998 1 1 0.999998 0.999974 
1.00231 1.00014 0.999979 0.999995 0.999995 0.999979 1.00014 1.00231 1.00976 1.0015 1.00001 0.99992 0.99992 1.00001 1.00149 1.00969 1.03289 1.04325 1.04874 1.04699 1.04699 1.04874 1.04325 1.03289 1.14897 1.67863 2.71542 2.5413 2.5413 2.71542 1.67863 1.14897 1.04145 1.04722 1.0148 1.00374 1.00374 1.0148 1.04722 1.04145 1.00268 1.00063 1.0001 0.999965 0.999966 1.0001 1.00063 1.00268 1.00106 1.00002 0.999972 0.999998 0.999998 0.999972 1.00002 
1.03608 1.00294 1.00023 0.999955 0.999955 1.00023 1.00294 1.03608 1.14871 1.03475 1.00371 1.0001 1.0001 1.00371 1.03462 1.1478 1.39291 1.49539 1.55357 1.54964 1.54964 1.55357 1.49539 1.39291 1.81521 3.15535 5.07572 5.50968 5.50968 5.07572 3.15535 1.81521 1.33793 1.375 1.15172 1.05827 1.05827 1.15172 1.375 1.33793 1.04413 1.01386 1.00233 1.0001 1.00009 1.00234 1.01387 1.04414 1.01494 1.00143 1.00001 0.999972 0.999972 1.00001 1.00143 
1.29445 1.0258 1.00136 0.99997 0.99997 1.00136 1.0258 1.29445 2.10711 1.35456 1.05521 1.00605 1.00605 1.05521 1.35328 2.10026 3.36711 3.90812 4.20229 4.2138 4.2138 4.20229 3.90812 3.36711 4.20572 5.61656 7.73558 9.39942 9.39942 7.73558 5.61656 4.20572 2.48932 2.58053 1.93376 1.53665 1.53665 1.93376 2.58053 2.48932 1.41199 1.14932 1.0319 1.00354 1.00346 1.032 1.14965 1.41258 1.14126 1.01745 1.00135 1.00008 1.00008 1.00135 1.01745 
2.77745 1.42192 1.05515 1.0035 1.0035 1.05515 1.42192 2.77745 4.80753 2.65916 1.40705 1.07124 1.07266 1.41245 2.67623 4.83748 7.94394 9.40334 9.97453 10.0813 10.0813 9.97453 9.40334 7.94394 8.22487 8.89489 10.4831 12.8187 12.7584 10.421 8.8499 8.21556 6.28037 6.57557 5.99267 4.97399 4.97399 5.99267 6.62692 6.32592 2.84915 1.81764 1.22541 1.04687 1.05529 1.25879 1.87031 2.85986 1.67653 1.08316 1.00451 0.999966 0.999978 1.00452 1.08315 
1.56153 1.11098 1.01019 1.00028 1.00028 1.01019 1.11098 1.56153 2.10161 1.37052 1.05692 1.00594 1.00598 1.05715 1.37104 2.10075 3.30701 3.81151 4.08691 4.09953 4.09953 4.08691 3.81151 3.30701 4.40582 5.90794 6.82228 7.7645 7.76479 6.81352 5.94527 4.48734 2.6649 2.73675 2.29749 1.78207 1.78207 2.29749 2.69433 2.63198 1.38972 1.11993 1.01697 1.00203 1.00256 1.02067 1.12582 1.38995 1.10804 1.00969 1.00024 0.999854 0.999855 1.00024 1.0097 
1.0901 1.01354 1.00082 0.999907 0.999907 1.00082 1.01354 1.0901 1.1584 1.03858 1.00364 1.00001 1.00001 1.00365 1.03864 1.1584 1.41484 1.51901 1.5657 1.55623 1.55623 1.5657 1.51901 1.41484 2.06935 3.58603 4.45261 4.17826 4.25066 4.54763 3.70478 2.13088 1.35773 1.36965 1.22147 1.08504 1.08504 1.22147 1.35989 1.35259 1.04218 1.00853 1.0002 0.999926 0.999956 1.00043 1.00899 1.04218 1.00944 1.00055 0.99995 0.999989 0.999989 0.99995 1.00055 
1.00924 1.00101 0.999901 0.999977 0.999977 0.999901 1.00101 1.00924 1.01292 1.0018 0.999913 0.999924 0.999924 0.999914 1.00181 1.01292 1.0448 1.0602 1.06461 1.06081 1.06081 1.06461 1.0602 1.0448 1.23748 2.04902 2.90127 2.33283 2.37826 3.04364 2.12628 1.25386 1.05358 1.0568 1.02405 1.00482 1.00482 1.02405 1.05452 1.0525 1.0025 0.999977 0.999994 1 0.999997 1.00001 1 1.0025 1.00058 0.999938 0.999983 1 1 0.999983 0.999938 
1.00924 1.00101 0.999901 0.999977 0.999977 0.999901 1.00101 1.00924 1.01292 1.00181 0.999914 0.999924 0.999924 0.999914 1.00181 1.01292 1.04424 1.05946 1.06461 1.06081 1.06081 1.06461 1.0602 1.0448 1.25386 2.12628 3.04364 2.37826 2.37826 3.04364 2.12628 1.25386 1.0525 1.05452 1.0237 1.00477 1.00477 1.0237 1.05453 1.05252 1.0025 1.00001 1.00001 0.999997 0.999999 0.999998 1.00001 1.00259 1.00058 0.999938 0.999983 1 1 0.999983 0.999938 
1.09003 1.01351 1.00082 0.999907 0.999907 1.00082 1.01354 1.0901 1.1584 1.03864 1.00365 1.00001 1.00001 1.00365 1.03864 1.1584 1.41175 1.51542 1.56569 1.5562 1.55623 1.5657 1.51901 1.41484 2.13088 3.70478 4.54763 4.25066 4.25066 4.54763 3.70478 2.13088 1.35259 1.35989 1.21961 1.08488 1.0849 1.21964 1.35988 1.35276 1.04218 1.00913 1.00046 0.999963 0.999937 1.00027 1.00913 1.04295 1.00944 1.00055 0.99995 0.999989 0.999989 0.99995 1.00055 
1.56009 1.11055 1.01013 1.00027 1.00028 1.01019 1.11098 1.56153 2.10075 1.37104 1.05715 1.00598 1.00598 1.05715 1.37104 2.10075 3.28937 3.79435 4.07463 4.08846 4.09953 4.08691 3.81151 3.30701 4.48734 5.94527 6.81352 7.76479 7.76479 6.81352 5.94527 4.48734 2.63198 2.69433 2.28782 1.78181 1.78179 2.28773 2.69417 2.63229 1.38995 1.12715 1.02114 1.00267 1.00219 1.01806 1.12715 1.39535 1.10804 1.00969 1.00024 0.999854 0.999854 1.00024 1.00969 
2.79359 1.42681 1.05584 1.00356 1.0035 1.05515 1.42192 2.77745 4.83748 2.67623 1.41245 1.07266 1.07266 1.41245 2.67623 4.83748 7.98438 9.47026 10.1298 10.2311 10.0813 9.97453 9.40334 7.94394 8.21556 8.8499 10.421 12.7584 12.7584 10.421 8.8499 8.21556 6.32592 6.62692 6.017 5.01669 5.01694 6.0162 6.6272 6.32646 2.85986 1.90228 1.27192 1.05877 1.04956 1.23685 1.90228 2.89447 1.67653 1.08316 1.00451 0.999966 0.999966 1.00451 1.08316 
7.25191 2.85346 1.34157 1.03578 1.03578 1.34157 2.85346 7.25191 12.9128 7.43818 3.29772 1.72894 1.72894 3.29772 7.43818 12.9128 19.2141 22.8497 23.8457 24.0168 24.1589 24.0125 22.9302 19.2768 15.3486 16.6459 18.3841 20.4825 20.4825 18.3841 16.6459 15.3486 11.4828 12.007 11.2929 10.0721 10.07 11.2415 12.0068 11.4843 7.22253 4.94092 2.6375 1.59523 1.59518 2.63716 4.94092 7.22253 4.76174 2.03249 1.14496 1.01046 1.01046 1.14496 2.03249 
8.55064 3.30161 1.44165 1.05108 1.05108 1.44165 3.30161 8.55064 14.5999 8.93472 4.09637 2.06056 2.06056 4.09637 8.93472 14.5999 20.4098 25.3056 27.0752 27.6503 27.6479 27.087 25.3256 20.3812 13.9776 14.9913 17.5213 20.3129 20.3129 17.5213 14.9913 13.9776 11.477 11.6804 10.144 8.38081 8.38081 10.1534 11.6815 11.4761 6.24118 4.10163 2.17736 1.33241 1.33241 2.1773 4.10163 6.24118 3.62238 1.58656 1.07471 1.00446 1.00446 1.07471 1.58656 
6.91762 2.72351 1.30308 1.03155 1.03155 1.30308 2.72351 6.91762 12.0314 7.1855 3.23793 1.7002 1.7002 3.23793 7.1855 12.0314 17.0097 21.4557 22.8949 23.3138 23.3368 22.9291 21.4545 16.982 11.6765 13.6001 17.0229 19.9576 19.9576 17.0229 13.6001 11.6765 9.27963 9.63026 7.78817 5.72555 5.72493 7.7835 9.63093 9.27878 4.46669 2.94516 1.67874 1.16163 1.16163 1.67863 2.94516 4.46669 2.47523 1.27805 1.03122 1.00151 1.00151 1.03122 1.27805 
5.42147 2.17133 1.16488 1.01247 1.01247 1.16488 2.17133 5.42147 9.05787 5.01128 2.10182 1.23003 1.23003 2.10182 5.01128 9.05787 13.6451 17.3436 18.5182 18.6469 18.6204 18.4704 17.4075 13.6667 9.32671 13.1621 18.2313 20.3689 20.3689 18.2313 13.1621 9.32671 7.10197 7.69502 5.52762 3.33512 3.33473 5.5221 7.69541 7.10244 2.96293 1.85738 1.22014 1.03332 1.03332 1.22014 1.85738 2.96293 1.62417 1.07973 1.00509 1.00008 1.00008 1.00509 1.07973 
5.43744 2.17174 1.16458 1.01238 1.01247 1.16488 2.17133 5.42147 9.02081 5.00906 2.0926 1.22754 1.23003 2.10182 5.01128 9.05787 13.6667 17.4075 18.4704 18.6204 18.6469 18.5182 17.4075 13.6667 9.31496 13.1274 18.247 20.3856 20.3689 18.2313 13.1621 9.32671 7.10244 7.69541 5.5221 3.33473 3.31281 5.52106 7.69502 7.10197 2.98543 1.85739 1.22014 1.03332 1.03332 1.22014 1.85738 2.96293 1.62417 1.07973 1.00509 1.00008 1.0001 1.00534 1.0815 
6.95738 2.72644 1.30249 1.03125 1.03155 1.30308 2.72351 6.91762 11.9787 7.18191 3.22044 1.69313 1.7002 3.23793 7.1855 12.0314 16.982 21.4545 22.9291 23.3368 23.3138 22.8949 21.4545 16.982 11.6457 13.5572 17.0331 19.9911 19.9576 17.0229 13.6001 11.6765 9.27878 9.63093 7.7835 5.72493 5.67261 7.79461 9.63026 9.27963 4.49226 2.94512 1.67863 1.16163 1.16163 1.67874 2.94516 4.46669 2.47523 1.27805 1.03122 1.00151 1.00163 1.03237 1.28408 
8.60245 3.30564 1.44086 1.05061 1.05108 1.44165 3.30161 8.55064 14.5355 8.92651 4.06897 2.04937 2.06056 4.09637 8.93472 14.5999 20.3812 25.3256 27.087 27.6479 27.6503 27.0752 25.3256 20.3812 13.9423 14.9551 17.5227 20.3503 20.3129 17.5213 14.9913 13.9776 11.4761 11.6815 10.1534 8.38081 8.32595 10.1696 11.6804 11.477 6.25947 4.10166 2.1773 1.33241 1.33241 2.17736 4.10163 6.24118 3.62238 1.58656 1.07471 1.00446 1.00464 1.07622 1.59359 
7.31836 2.86506 1.34227 1.03562 1.03578 1.34157 2.85346 7.25191 12.8683 7.45036 3.28313 1.72228 1.72894 3.29772 7.43818 12.9128 19.2768 22.9302 24.0125 24.1589 24.0168 23.8457 22.9302 19.2768 15.4538 16.7844 18.5409 20.6387 20.4825 18.3841 16.6459 15.3486 11.4843 12.0068 11.2415 10.07 10.1128 11.394 12.007 11.4828 7.24688 4.9404 2.63716 1.59518 1.59523 2.6375 4.94092 7.22253 4.76174 2.03249 1.14496 1.01046 1.01061 1.14672 2.04404 
10.1852 3.87442 1.57722 1.06692 1.06616 1.57258 3.85364 10.1325 18.0089 9.56501 3.70804 1.7413 1.75316 3.74889 9.54616 18.0782 27.1804 30.5485 31.7429 31.9849 31.924 31.6855 30.5013 27.1303 25.5588 27.4376 28.8273 29.8102 29.8102 28.8273 27.4376 25.5588 23.1607 24.2701 24.1477 23.8894 23.8894 24.1477 24.2701 23.1607 16.9986 14.4195 9.33335 5.12935 5.08369 9.27713 14.41 16.925 11.1285 4.26821 1.64396 1.07649 1.07564 1.63952 4.24618 
11.8973 4.42934 1.71272 1.08888 1.08786 1.70721 4.40604 11.8366 20.3532 11.0308 4.23805 1.93333 1.94931 4.28859 10.9977 20.3815 29.5026 32.5659 33.7661 34.0466 34.0497 33.7762 32.6058 29.5513 28.3464 28.9229 30.1055 31.4706 31.4706 30.1055 28.9229 28.3464 27.9232 29.9957 30.8138 30.921 30.921 30.8138 29.9957 27.9232 18.8228 16.3935 10.7459 5.86029 5.82192 10.6959 16.4099 18.7751 12.3839 4.61087 1.71755 1.08248 1.08204 1.71552 4.60154 
12.4754 4.61767 1.75546 1.094 1.09294 1.74968 4.59338 12.4139 21.5703 11.7359 4.47463 2.00435 2.02145 4.52878 11.714 21.6129 30.8922 33.5112 34.5225 34.7527 34.7546 34.5306 33.5434 30.9407 30.393 30.6063 31.5524 32.7209 32.7209 31.5524 30.6063 30.393 29.9065 32.3213 33.5209 33.8722 33.8722 33.5209 32.3213 29.9065 20.1327 17.7733 11.6028 6.2331 6.20046 11.5642 17.7892 20.0779 13.2521 4.89455 1.779 1.08969 1.08925 1.77693 4.8846 
12.4386 4.54127 1.7145 1.0828 1.08217 1.71101 4.52609 12.4023 22.0174 11.7041 4.40545 1.9353 1.94635 4.4379 11.682 22.072 31.5401 33.8183 34.7046 34.8955 34.8969 34.709 33.8326 31.583 31.6833 32.0049 32.7978 33.6686 33.6686 32.7978 32.0049 31.6833 30.515 32.9884 34.2174 34.5795 34.5795 34.2174 32.9884 30.515 20.8404 18.4907 11.8392 6.20885 6.19093 11.8177 18.4993 20.7775 13.695 4.99535 1.79423 1.08958 1.08928 1.79282 4.98888 
12.4023 4.52609 1.71101 1.08217 1.08217 1.71101 4.52609 12.4023 22.072 11.682 4.4379 1.94635 1.94635 4.4379 11.682 22.072 31.5401 33.8183 34.7046 34.8955 34.8955 34.7046 33.8183 31.5401 31.67 31.9961 32.7988 33.6772 33.6686 32.7978 32.0049 31.6833 30.4483 33.0156 34.2302 34.5848 34.5827 34.2262 32.9924 30.5599 20.7775 18.4993 11.8177 6.19093 6.20885 11.8392 18.4993 20.7775 13.695 4.99535 1.79423 1.08958 1.08958 1.79423 4.99535 
12.4139 4.59338 1.74968 1.09294 1.09294 1.74968 4.59338 12.4139 21.6129 11.714 4.52878 2.02145 2.02145 4.52878 11.714 21.6129 30.8922 33.5112 34.5225 34.7527 34.7527 34.5225 33.5112 30.8922 30.3668 30.59 31.5535 32.7385 32.7209 31.5524 30.6063 30.393 29.838 32.3665 33.5456 33.8826 33.8775 33.5361 32.339 29.9323 20.0779 17.7892 11.5642 6.20046 6.2331 11.6028 17.7892 20.0779 13.2521 4.89455 1.779 1.08969 1.08969 1.779 4.89455 
11.8366 4.40604 1.70721 1.08786 1.08786 1.70721 4.40604 11.8366 20.3815 10.9977 4.28859 1.94931 1.94931 4.28859 10.9977 20.3815 29.5026 32.5659 33.7661 34.0466 34.0466 33.7661 32.5659 29.5026 28.3173 28.8994 30.111 31.4931 31.4706 30.1055 28.9229 28.3464 27.8663 30.0416 30.8352 30.9256 30.9084 30.8072 29.9912 27.9272 18.7751 16.4099 10.6959 5.82192 5.86029 10.7459 16.4099 18.7751 12.3839 4.61087 1.71755 1.08248 1.08248 1.71755 4.61087 
10.1325 3.85364 1.57258 1.06616 1.06616 1.57258 3.85364 10.1325 18.0782 9.54616 3.74889 1.75316 1.75316 3.74889 9.54616 18.0782 27.1804 30.5485 31.7429 31.9849 31.9849 31.7429 30.5485 27.1804 25.6515 27.5724 28.9661 29.9147 29.8102 28.8273 27.4376 25.5588 23.2145 24.3941 24.2724 24.0149 24.0162 24.2743 24.3758 23.2757 16.925 14.41 9.27713 5.08369 5.12935 9.33335 14.41 16.925 11.1285 4.26821 1.64396 1.07649 1.07649 1.64396 4.26821 
7.62705 2.75573 1.30019 1.02808 1.02808 1.30019 2.76924 7.6655 15.3529 7.00076 2.691 1.34921 1.34921 2.691 7.00076 15.3529 28.4869 32.2393 33.8674 34.25 34.25 33.8674 32.2393 28.4869 32.1436 34.0759 34.4934 34.3809 34.3947 34.4992 34.0913 32.1778 27.8738 30.8875 31.4276 31.4305 31.4322 31.4338 30.8644 28.014 19.5224 16.2457 11.5364 6.93707 6.93033 11.4258 16.2457 19.5224 12.983 5.55281 2.08384 1.19688 1.19923 2.09221 5.58358 
6.08704 2.15043 1.16739 1.0124 1.0124 1.16739 2.16222 6.12117 13.4408 5.57728 2.12676 1.19183 1.19183 2.12676 5.57728 13.4408 28.0316 32.3147 34.1661 34.6304 34.6304 34.1661 32.3147 28.0316 32.8562 34.3684 34.7055 34.7008 34.6985 34.7053 34.3725 32.8776 29.6758 32.5951 33.4728 33.6569 33.6705 33.4932 32.6372 29.8044 21.3576 17.6923 12.5237 7.49003 7.47746 12.487 17.6923 21.3576 13.5961 5.66823 2.11958 1.20765 1.2107 2.13055 5.7036 
5.57439 1.9659 1.13066 1.00889 1.00889 1.13066 1.97616 5.6056 12.7831 5.09966 1.95137 1.15257 1.15257 1.95137 5.09966 12.7831 27.8662 32.3368 34.2607 34.7601 34.7601 34.2607 32.3368 27.8662 33.2291 34.4761 34.7973 34.8629 34.863 34.7978 34.48 33.2505 30.4135 33.4527 34.4319 34.6434 34.6494 34.4411 33.4585 30.5199 22.087 18.1901 12.5868 7.47383 7.46519 12.5563 18.1901 22.087 14.0107 5.7426 2.13031 1.20575 1.20871 2.14089 5.77659 
5.34461 1.86794 1.10516 1.00628 1.00628 1.10516 1.87393 5.36096 12.6629 4.952 1.85243 1.1213 1.1213 1.85243 4.952 12.6629 27.9239 32.3703 34.2777 34.779 34.779 34.2777 32.3703 27.9239 33.4187 34.541 34.8414 34.9266 34.9266 34.8416 34.5429 33.4307 30.6918 33.6999 34.6737 34.866 34.868 34.6764 33.6922 30.7869 22.5544 18.4866 12.1374 7.20032 7.19912 12.1209 18.4866 22.5544 14.4813 5.72165 2.08538 1.17687 1.17862 2.092 5.74533 
5.36096 1.87393 1.10633 1.00642 1.00628 1.10516 1.86794 5.34461 12.4846 4.97155 1.8405 1.11801 1.1213 1.85243 4.952 12.6629 27.9239 32.3703 34.2777 34.779 34.7802 34.2816 32.38 28.034 33.4307 34.5429 34.8416 34.9266 34.9266 34.8414 34.541 33.4307 30.7061 33.6683 34.6663 34.8647 34.8669 34.6728 33.6853 30.7306 22.7447 18.6801 12.0935 7.19912 7.20032 12.1374 18.4866 22.5544 14.4599 5.74533 2.092 1.17862 1.17687 2.08538 5.72165 
5.6056 1.97616 1.13274 1.00917 1.00889 1.13066 1.9659 5.57439 12.5951 5.12199 1.93006 1.14669 1.15257 1.95137 5.09966 12.7831 27.8662 32.3368 34.2607 34.7601 34.7631 34.268 32.3523 27.9819 33.2505 34.48 34.7978 34.863 34.8629 34.7973 34.4761 33.2505 30.4167 33.4045 34.4227 34.6432 34.6477 34.4349 33.4372 30.4517 22.346 18.5011 12.5104 7.46519 7.47383 12.5868 18.1901 22.087 13.9818 5.77659 2.14089 1.20871 1.20575 2.13031 5.7426 
6.12117 2.16222 1.16985 1.01273 1.0124 1.16739 2.15043 6.08704 13.2451 5.59391 2.09944 1.18462 1.19183 2.12676 5.57728 13.4408 28.0316 32.3147 34.1661 34.6304 34.6315 34.1725 32.3288 28.1385 32.8776 34.3725 34.7053 34.6985 34.7008 34.7055 34.3684 32.8776 29.6848 32.5482 33.457 33.6442 33.6645 33.4846 32.5927 29.7236 21.6186 17.9965 12.4442 7.47746 7.49003 12.5237 17.6923 21.3576 13.5637 5.7036 2.13055 1.2107 1.20765 2.11958 5.66823 
7.6655 2.76924 1.30324 1.02854 1.02808 1.30019 2.75573 7.62705 15.1581 7.01369 2.65076 1.33846 1.34921 2.691 7.00076 15.3529 28.4869 32.2393 33.8674 34.25 34.2653 33.8839 32.258 28.581 32.1778 34.0913 34.4992 34.3947 34.3809 34.4934 34.0759 32.1778 27.9343 30.9482 31.548 31.5582 31.4708 31.4653 30.8971 27.9435 19.5883 16.3299 11.413 6.93033 6.93707 11.5364 16.2457 19.5224 12.9577 5.58358 2.09221 1.19923 1.19688 2.08384 5.55281 
9.2884 3.37999 1.44357 1.04868 1.04868 1.44357 3.37999 9.2884 17.7411 8.55328 3.22013 1.51695 1.51889 3.23659 8.57714 17.6897 29.9128 32.6551 34.0645 34.4312 34.4112 34.0256 32.5982 29.9188 30.73 33.3535 33.9779 33.7211 33.7211 33.9779 33.3535 30.73 25.4395 30.3422 31.5211 31.5337 31.3661 31.3285 30.1659 25.5124 13.0483 10.8932 8.94776 7.09012 7.12748 8.93029 10.8001 12.9513 8.43048 5.03332 2.3215 1.3541 1.34834 2.30306 5.018 
10.7446 3.91902 1.57985 1.0695 1.0695 1.57985 3.91902 10.7446 20.2029 10.1907 3.82909 1.71448 1.71591 3.85268 10.2119 20.1364 31.6544 33.6134 34.5305 34.7545 34.7512 34.5148 33.5875 31.6816 31.9252 33.79 34.3133 34.3466 34.3466 34.3133 33.79 31.9252 27.8448 32.4256 33.6103 33.741 33.7574 33.6138 32.4106 28.0381 15.2357 13.323 11.5707 10.0027 10.1129 11.6035 13.2799 15.1831 10.0512 6.17367 2.83552 1.53636 1.52632 2.80229 6.13571 
11.3589 4.1609 1.63438 1.07648 1.07648 1.63438 4.1609 11.3589 20.9761 10.652 3.97984 1.75972 1.76149 4.00626 10.6727 20.9031 32.3509 34.0416 34.7558 34.91 34.9064 34.7426 34.0155 32.3708 32.6712 34.08 34.5245 34.6488 34.6488 34.5245 34.08 32.6712 29.0982 33.3021 34.4759 34.6734 34.67 34.4669 33.2893 29.2944 17.0147 14.8314 12.7865 10.7517 10.8476 12.8034 14.7741 16.9606 11.3371 6.93714 3.08743 1.61446 1.60331 3.05153 6.89478 
11.4378 4.16971 1.62457 1.07183 1.07183 1.62457 4.16971 11.4378 21.1441 10.708 3.99355 1.75212 1.75359 4.01061 10.7286 21.0688 32.6024 34.1536 34.8107 34.9433 34.9415 34.8043 34.1363 32.6154 33.0882 34.3247 34.6854 34.8155 34.8155 34.6854 34.3247 33.0882 29.7243 33.5667 34.673 34.8744 34.8712 34.665 33.5493 29.8811 18.7922 15.8552 12.8354 9.72585 9.7883 12.8491 15.8118 18.7683 12.421 6.64651 2.70936 1.45364 1.44731 2.69176 6.61059 
11.4166 4.16171 1.6224 1.07132 1.07183 1.62457 4.16971 11.4378 21.1501 10.7347 4.01061 1.75359 1.75212 3.99355 10.708 21.1441 32.6154 34.1363 34.8043 34.9415 34.9415 34.8043 34.1363 32.6154 33.0876 34.3245 34.6853 34.8155 34.8155 34.6854 34.3247 33.0882 29.8935 33.5466 34.6612 34.8688 34.8744 34.673 33.5466 29.8935 18.7683 15.8118 12.8491 9.7883 9.78844 12.8491 15.8118 18.7683 12.421 6.61059 2.70936 1.44731 1.45364 2.70936 6.64651 
11.3235 4.14869 1.63112 1.07571 1.07648 1.63438 4.1609 11.3589 20.9879 10.6942 4.00626 1.76149 1.75972 3.97984 10.652 20.9761 32.3708 34.0155 34.7426 34.9064 34.9064 34.7426 34.0155 32.3708 32.6704 34.0797 34.5244 34.6488 34.6488 34.5245 34.08 32.6712 29.3174 33.2903 34.4617 34.6665 34.6734 34.4759 33.2903 29.3174 16.9606 14.7741 12.8034 10.8476 10.8477 12.8034 14.7741 16.9606 11.3371 6.89478 3.08743 1.60331 1.61446 3.08743 6.93714 
10.7093 3.90718 1.5767 1.06877 1.0695 1.57985 3.91902 10.7446 20.2226 10.2328 3.85268 1.71591 1.71448 3.82909 10.1907 20.2029 31.6816 33.5875 34.5148 34.7512 34.7512 34.5148 33.5875 31.6816 31.9245 33.7898 34.3133 34.3466 34.3466 34.3133 33.79 31.9252 28.0711 32.421 33.6246 33.773 33.741 33.6103 32.421 28.0711 15.1831 13.2799 11.6035 10.1129 10.1131 11.6035 13.2799 15.1831 10.0512 6.13571 2.83552 1.52632 1.53636 2.83552 6.17367 
9.24313 3.36661 1.44059 1.0481 1.04868 1.44357 3.37999 9.2884 17.7653 8.58572 3.23659 1.51889 1.51695 3.22013 8.55328 17.7411 29.9188 32.5982 34.0256 34.4112 34.4112 34.0256 32.5982 29.9188 30.7322 33.3519 33.979 33.7211 33.7211 33.9779 33.3535 30.73 25.4276 30.0705 31.2319 31.2707 31.5337 31.5211 30.0705 25.4276 12.9513 10.8001 8.93029 7.12748 7.12754 8.93029 10.8001 12.9513 8.43048 5.018 2.3215 1.34834 1.3541 2.3215 5.03332 
6.27789 2.27107 1.17835 1.01296 1.01304 1.17872 2.27197 6.28963 13.7918 5.85704 2.25984 1.23665 1.23673 2.26062 5.92009 13.6979 26.5611 30.4899 32.6062 33.2196 33.2196 32.6062 30.4899 26.5611 24.4418 26.6602 27.2125 27.1969 27.0425 27.0385 26.4987 24.3386 19.311 23.9069 24.724 24.3213 24.393 24.8211 23.946 19.1906 8.73859 6.24593 3.72934 2.03888 2.00865 3.68592 6.236 8.73859 5.13035 2.31311 1.25068 1.03411 1.0354 1.25782 2.33919 
5.62375 1.9775 1.12065 1.0073 1.00743 1.12172 1.98356 5.65806 13.4009 5.34215 2.04368 1.1852 1.18533 2.04489 5.3915 13.2641 27.0007 31.1366 33.4587 34.1706 34.1706 33.4587 31.1366 27.0007 25.5085 28.3175 29.3836 30.0545 30.0562 29.3884 28.3353 25.5747 19.6658 26.0889 29.1813 30.1877 30.1821 29.1843 26.0669 19.4898 6.97501 4.29455 2.1734 1.23163 1.22908 2.17365 4.32067 6.97501 3.86524 1.66352 1.08681 1.0065 1.0066 1.08778 1.66801 
5.39256 1.89444 1.10636 1.00611 1.00622 1.10736 1.90018 5.42565 13.2342 5.14234 1.96538 1.16706 1.16715 1.96622 5.19204 13.0926 27.2322 31.4657 33.8345 34.5653 34.5653 33.8345 31.4657 27.2322 26.4223 29.7036 30.9937 31.7961 31.7979 30.9987 29.7238 26.4978 19.8317 27.5254 31.5352 32.9424 32.9471 31.5572 27.5178 19.618 5.36866 2.82971 1.42055 1.03783 1.0364 1.42188 2.84836 5.36866 2.69352 1.31377 1.02986 1.00134 1.00138 1.03038 1.31706 
5.29435 1.85415 1.0939 1.00498 1.00504 1.09437 1.85692 5.31507 13.1693 5.02964 1.88606 1.13613 1.13616 1.88646 5.06813 13.0261 27.2794 31.524 33.9819 34.65 34.65 33.9819 31.524 27.2794 27.2104 30.8232 32.1711 33.0294 33.0304 32.1735 30.8338 27.2569 20.008 28.4131 32.5474 33.8207 33.825 32.5621 28.4235 19.8058 4.73364 2.28464 1.20144 1.00778 1.007 1.20217 2.29546 4.73364 2.22973 1.19311 1.01508 1.00036 1.00038 1.01529 1.19472 
5.31507 1.85692 1.09437 1.00504 1.00504 1.09437 1.85692 5.31507 13.0261 5.06813 1.88646 1.13616 1.13613 1.88606 5.06813 13.0261 27.2232 31.5659 34.0103 34.6622 34.65 33.9819 31.524 27.2794 27.2569 30.8338 32.1735 33.0304 33.0304 32.1735 30.8338 27.2569 19.8058 28.4235 32.5621 33.825 33.825 32.5621 28.4235 19.8058 4.73323 2.29546 1.20217 1.007 1.0069 1.20126 2.29039 4.81743 2.23825 1.19472 1.01529 1.00038 1.00036 1.01508 1.19311 
5.42565 1.90018 1.10736 1.00622 1.00622 1.10736 1.90018 5.42565 13.0926 5.19204 1.96622 1.16715 1.16706 1.96538 5.19204 13.0926 27.1399 31.52 33.8808 34.5844 34.5653 33.8345 31.4657 27.2322 26.4978 29.7238 30.9987 31.7979 31.7979 30.9987 29.7238 26.4978 19.618 27.5178 31.5572 32.9471 32.9471 31.5572 27.5178 19.618 5.36823 2.84836 1.42188 1.0364 1.03577 1.4173 2.8331 5.45722 2.70781 1.31706 1.03038 1.00138 1.00134 1.02986 1.31377 
5.65806 1.98356 1.12172 1.00743 1.00743 1.12172 1.98356 5.65806 13.2641 5.3915 2.04489 1.18533 1.1852 2.04368 5.3915 13.2641 26.8975 31.1961 33.5061 34.1932 34.1706 33.4587 31.1366 27.0007 25.5747 28.3353 29.3884 30.0562 30.0562 29.3884 28.3353 25.5747 19.4898 26.0669 29.1843 30.1821 30.1821 29.1843 26.0669 19.4898 6.97554 4.32067 2.17365 1.22908 1.22559 2.1595 4.29171 7.04655 3.87724 1.66801 1.08778 1.0066 1.0065 1.08681 1.66352 
6.28963 2.27197 1.17872 1.01304 1.01304 1.17872 2.27197 6.28963 13.6979 5.92009 2.26062 1.23673 1.23665 2.25984 5.92009 13.6979 26.4175 30.5065 32.5676 33.1582 33.2196 32.6062 30.4899 26.5611 24.3386 26.4987 27.0385 27.0425 27.0425 27.0385 26.4987 24.3386 19.1906 23.946 24.8211 24.393 24.393 24.8211 23.946 19.1906 8.70305 6.236 3.68592 2.00865 2.00871 3.6865 6.23082 8.7832 5.16306 2.33919 1.25782 1.0354 1.03411 1.25068 2.31311 
3.95452 1.57331 1.06893 1.0044 1.0044 1.06893 1.57331 3.95452 8.60016 3.68303 1.52647 1.06718 1.06733 1.52747 3.68303 8.60016 20.5203 26.287 28.0862 28.5002 28.676 28.2673 26.2644 20.4533 14.5149 13.0492 12.285 12.0975 11.9389 12.0993 12.8654 14.3937 14.3966 18.2023 15.3972 12.4163 12.3316 15.289 18.2023 14.3966 6.23818 3.84657 1.82677 1.18233 1.18381 1.84327 3.87581 6.31119 2.81075 1.27974 1.02066 1.00065 1.00062 1.02035 1.2789 
3.95475 1.56637 1.07032 1.00468 1.00468 1.07032 1.56637 3.95475 8.98915 3.75261 1.51727 1.0639 1.06389 1.51701 3.75261 8.98915 21.3837 28.8548 31.4202 32.0175 32.0056 31.4175 28.8733 21.3672 13.5394 10.5712 8.54646 7.45371 7.45387 8.54495 10.5639 13.5463 14.4413 18.2801 13.8515 8.88709 8.90085 13.8447 18.2801 14.4413 5.89612 3.17901 1.5293 1.12165 1.12076 1.5316 3.18095 5.93418 2.61467 1.26289 1.02407 1.00113 1.00115 1.02401 1.26151 
3.96245 1.56183 1.06892 1.00467 1.00467 1.06892 1.56183 3.96245 9.0817 3.77694 1.51903 1.06363 1.06361 1.51873 3.77694 9.0817 21.8261 30.0695 32.9339 33.5975 33.5963 32.9364 30.0817 21.8104 12.0431 7.89292 5.42267 3.97484 3.97422 5.42089 7.88601 12.0506 14.4675 18.0731 12.9501 7.19839 7.21314 12.9432 18.0731 14.4675 5.92248 3.09636 1.49916 1.12114 1.12013 1.49944 3.09503 5.9571 2.61056 1.26803 1.02536 1.00132 1.00133 1.02532 1.26662 
3.91444 1.52963 1.05744 1.00334 1.00334 1.05744 1.52963 3.91444 9.13956 3.73773 1.49381 1.05451 1.05449 1.49355 3.73773 9.13956 21.9179 30.382 33.2931 33.9757 33.9745 33.2914 30.3864 21.9076 10.6472 5.55381 3.24173 2.2446 2.2443 3.24076 5.55056 10.6549 14.5449 17.9904 12.6734 6.74455 6.75576 12.6673 17.9904 14.5449 5.97471 2.99852 1.46423 1.10395 1.10327 1.46421 2.99638 6.00834 2.62623 1.26686 1.02366 1.00114 1.00115 1.02368 1.26622 
3.90882 1.52751 1.0569 1.00326 1.00334 1.05744 1.52963 3.91444 9.34389 3.70832 1.49355 1.05449 1.05451 1.49381 3.73773 9.13956 21.9076 30.3864 33.2914 33.9745 33.9757 33.2931 30.382 21.9179 10.6549 5.55056 3.24076 2.2443 2.2446 3.24173 5.55381 10.6472 14.5444 17.9904 12.6673 6.75576 6.74455 12.6734 17.9904 14.5449 6.00834 2.99638 1.46421 1.10327 1.10395 1.4643 2.98222 6.01551 2.61705 1.26622 1.02368 1.00115 1.00114 1.02366 1.26686 
3.95248 1.55785 1.0679 1.00452 1.00467 1.06892 1.56183 3.96245 9.29906 3.73663 1.51873 1.06361 1.06363 1.51903 3.77694 9.0817 21.8104 30.0817 32.9364 33.5963 33.5975 32.9339 30.0695 21.8261 12.0506 7.88601 5.42089 3.97422 3.97484 5.42267 7.89292 12.0431 14.4672 18.0745 12.9432 7.21314 7.19839 12.9501 18.0731 14.4675 5.9571 3.09503 1.49944 1.12013 1.12114 1.49964 3.07341 5.96565 2.5967 1.26662 1.02532 1.00133 1.00132 1.02536 1.26803 
3.94382 1.56218 1.06928 1.00454 1.00468 1.07032 1.56637 3.95475 9.20767 3.71049 1.51701 1.06389 1.0639 1.51727 3.75261 8.98915 21.3672 28.8733 31.4175 32.0056 32.0175 31.4202 28.8548 21.3837 13.5463 10.5639 8.54495 7.45387 7.45371 8.54646 10.5712 13.5394 14.4405 18.284 13.8447 8.90085 8.88709 13.8515 18.2801 14.4413 5.93418 3.18095 1.5316 1.12076 1.12165 1.53202 3.1581 5.94001 2.60156 1.26151 1.02401 1.00115 1.00113 1.02407 1.26289 
3.9295 1.56768 1.06788 1.00427 1.0044 1.06893 1.57331 3.95452 8.87794 3.6577 1.52747 1.06733 1.06718 1.52647 3.68303 8.60016 20.4533 26.2644 28.2673 28.676 28.5002 28.0862 26.287 20.5203 14.3937 12.8654 12.0993 11.9389 12.0975 12.285 13.0492 14.5149 14.3307 18.1129 15.289 12.3316 12.4163 15.3972 18.2023 14.3966 6.31119 3.87581 1.84327 1.18381 1.18233 1.84237 3.81898 6.26359 2.80498 1.2789 1.02035 1.00062 1.00065 1.02066 1.27974 
1.30676 1.03981 1.0034 1.00018 1.00018 1.00338 1.03949 1.30158 2.29478 1.25866 1.02723 1.00148 1.00157 1.02807 1.25916 2.30828 9.28961 12.6263 13.3509 13.7359 14.0213 13.6263 12.846 9.53536 5.33964 3.8006 3.19889 3.24951 3.24951 3.19889 3.8006 5.33964 7.41921 9.46663 7.298 5.60779 5.60779 7.298 9.46663 7.41921 2.41042 1.56286 1.1397 1.01807 1.01807 1.1399 1.56403 2.49055 1.33637 1.03448 1.00202 0.999994 0.999993 1.00205 1.03499 
1.05876 1.0063 1.0004 0.999847 0.999847 1.00042 1.00638 1.05906 1.27529 1.03832 1.00246 0.999837 0.999837 1.00247 1.03822 1.27597 3.46528 4.70087 5.33518 5.49068 5.44969 5.28902 4.65233 3.47479 2.14688 1.5314 1.34975 1.38694 1.38694 1.34975 1.5314 2.14688 3.30579 3.89328 2.84105 1.962 1.962 2.84105 3.89328 3.30579 1.28939 1.08182 1.01512 1.00093 1.00093 1.01507 1.08185 1.30102 1.05564 1.00452 1.0001 0.999848 0.999848 1.0001 1.00447 
1.00546 1.00043 0.999945 0.999984 0.999984 0.999946 1.00044 1.00548 1.02721 1.00245 0.999929 0.999957 0.999957 0.999929 1.00242 1.0272 1.45463 1.74515 1.92396 1.95131 1.94455 1.91567 1.73384 1.4535 1.16372 1.05653 1.03147 1.03611 1.03611 1.03147 1.05653 1.16372 1.64294 1.7174 1.33443 1.1004 1.1004 1.33443 1.7174 1.64294 1.0298 1.00526 1.00052 0.999903 0.999903 1.00052 1.00527 1.03284 1.00466 1.00026 0.999946 0.999992 0.999992 0.999947 1.00025 
1.0004 0.999936 0.999981 1 1 0.999981 0.999937 1.0004 1.00142 0.999867 0.999958 1 1 0.999958 0.999862 1.00142 1.05287 1.09882 1.12714 1.13021 1.12882 1.12558 1.09654 1.05217 1.01476 1.00479 1.00305 1.00322 1.00322 1.00305 1.00479 1.01476 1.13967 1.14344 1.04495 1.00572 1.00572 1.04495 1.14344 1.13967 1.00227 0.999886 0.9999 0.999986 0.999986 0.9999 0.999886 1.00276 1.00022 0.999925 0.999988 1 1 0.999988 0.999925 
1.0004 0.999937 0.999981 1 1 0.999981 0.999937 1.0004 1.00142 0.999862 0.999958 1 1 0.999958 0.999867 1.00142 1.05287 1.09882 1.12714 1.13021 1.13021 1.12714 1.09882 1.05287 1.01461 1.00478 1.00305 1.00322 1.00322 1.00305 1.00479 1.01476 1.13716 1.141 1.04422 1.00565 1.00572 1.04495 1.14344 1.13967 1.00227 0.99982 0.999904 0.999987 0.999987 0.999904 0.99982 1.00227 1.00022 0.999925 0.999988 1 1 0.999988 0.999925 
1.00548 1.00044 0.999946 0.999984 0.999984 0.999946 1.00044 1.00548 1.0272 1.00242 0.999925 0.999957 0.999957 0.999929 1.00245 1.02721 1.45463 1.74515 1.92396 1.95131 1.95131 1.92396 1.74515 1.45463 1.16262 1.0564 1.03146 1.03611 1.03611 1.03147 1.05653 1.16372 1.63401 1.70897 1.33095 1.09981 1.1004 1.33443 1.7174 1.64294 1.02978 1.00477 1.00052 0.999908 0.999908 1.00052 1.00477 1.02978 1.00466 1.00026 0.999946 0.999992 0.999992 0.999946 1.00026 
1.05906 1.00638 1.00042 0.999847 0.999847 1.00042 1.00638 1.05906 1.27597 1.03822 1.00245 0.999836 0.999837 1.00246 1.03832 1.27529 3.46528 4.70087 5.33518 5.49068 5.49068 5.33518 4.70087 3.46528 2.14171 1.52841 1.3474 1.38494 1.38694 1.34975 1.5314 2.14688 3.28955 3.8734 2.83295 1.96071 1.962 2.84105 3.89328 3.30579 1.28958 1.07953 1.01523 1.00096 1.00096 1.01523 1.07953 1.28958 1.05564 1.00452 1.0001 0.999848 0.999848 1.0001 1.00452 
1.30158 1.03949 1.00338 1.00018 1.00018 1.00338 1.03949 1.30158 2.30828 1.25916 1.02723 1.00148 1.00148 1.02723 1.25866 2.29478 9.28961 12.6263 13.3509 13.7359 13.7359 13.3509 12.6263 9.28961 5.30199 3.77236 3.17536 3.22407 3.24951 3.19889 3.8006 5.33964 7.43286 9.47943 7.33006 5.62814 5.60779 7.298 9.46663 7.41921 2.39341 1.51359 1.13249 1.01617 1.01617 1.13249 1.51359 2.39341 1.33637 1.03448 1.00202 0.999994 0.999994 1.00202 1.03448 
1.03487 1.0043 1.00043 1.00006 1.00006 1.00043 1.0043 1.03487 1.2501 1.03197 1.00237 1.00009 1.00009 1.00236 1.03171 1.24493 3.76688 5.40283 5.70878 5.75087 5.75087 5.70878 5.40283 3.76688 2.32935 1.71598 1.5614 1.3866 1.3866 1.5614 1.71598 2.32935 3.29516 3.88881 2.75438 1.89957 1.89953 2.75452 3.91295 3.32258 1.35154 1.07153 1.01199 1.00114 1.00114 1.01199 1.07153 1.35154 1.05075 1.00442 1.00034 1.00005 1.00005 1.00034 1.00442 
1.00244 1.0002 0.999969 0.99999 0.99999 0.999969 1.0002 1.00244 1.02734 1.00245 1.00002 0.999951 0.999951 1.00002 1.00246 1.02625 1.81257 2.46181 2.69645 2.50826 2.50826 2.69645 2.46181 1.81257 1.27166 1.10825 1.07997 1.04308 1.04308 1.07997 1.10825 1.27166 1.43451 1.52338 1.24128 1.09007 1.09006 1.24127 1.52774 1.43987 1.04724 1.00703 1.00056 0.99989 0.99989 1.00056 1.00703 1.04724 1.00623 1.00042 0.99996 0.999985 0.999985 0.99996 1.00042 
1.00006 0.999966 0.999993 1 1 0.999993 0.999966 1.00006 1.00224 1.00002 0.999957 0.999994 0.999994 0.999957 1.00002 1.00208 1.16705 1.33113 1.40299 1.31996 1.31996 1.40299 1.33113 1.16705 1.03564 1.00955 1.00597 1.00249 1.00249 1.00597 1.00955 1.03564 1.04539 1.05176 1.01658 1.00479 1.00479 1.01658 1.05241 1.04633 1.00411 1.00037 0.999901 0.999967 0.999967 0.999901 1.00037 1.00411 1.00063 0.999966 0.999984 1 1 0.999984 0.999966 
1.00006 0.999991 1 1 1 1 0.999991 1.00006 1.00003 0.999867 0.999994 1 1 0.999994 0.999868 1.00002 1.02085 1.04843 1.06385 1.04402 1.04402 1.06385 1.04843 1.02085 1.00273 1.00037 1.00023 1.00007 1.00007 1.00023 1.00037 1.00273 1.00205 1.00204 1.00031 1.00002 1.00002 1.00031 1.0021 1.00216 1.00019 0.999843 0.999983 1 1 0.999983 0.999843 1.00019 1.00005 0.999984 1 1 1 1 0.999984 
0 0 0 0 1 1 0.999991 1.00006 1.00002 0.999868 0.999994 1 1 0.999994 0.999867 1.00003 1.02085 1.04843 1.06385 1.04402 1.04323 1.0625 1.04742 1.02045 1.00268 1.00036 1.00022 1.00006 1.00007 1.00023 1.00037 1.00273 1.00216 1.0021 1.00031 1.00002 1.00002 1.00031 1.00204 1.00205 1.00018 0.999843 0.999983 1 1 0.999983 0.999843 1.00019 1.00005 0.999984 1 1 0 0 0 
0 0 0 0 1 0.999993 0.999966 1.00006 1.00208 1.00002 0.999957 0.999994 0.999994 0.999957 1.00002 1.00224 1.16705 1.33113 1.40299 1.31996 1.31532 1.39545 1.32528 1.16459 1.03515 1.00935 1.00583 1.00244 1.00249 1.00597 1.00955 1.03564 1.04633 1.05241 1.01658 1.00479 1.00479 1.01658 1.05176 1.04539 1.00408 1.00036 0.999901 0.999966 0.999967 0.999901 1.00037 1.00411 1.00063 0.999966 0.999984 1 0 0 0 
0 0 0 0 0.99999 0.999969 1.0002 1.00244 1.02625 1.00246 1.00002 0.999951 0.999951 1.00002 1.00245 1.02734 1.81257 2.46181 2.69645 2.50826 2.4936 2.67414 2.44284 1.80372 1.26879 1.10673 1.07872 1.04246 1.04308 1.07997 1.10825 1.27166 1.43987 1.52774 1.24127 1.09006 1.09007 1.24128 1.52338 1.43451 1.04717 1.00697 1.00056 0.999891 0.99989 1.00056 1.00703 1.04724 1.00623 1.00042 0.99996 0.999985 0 0 0 
