0 0 0 0 0.99997 1.00154 1.02831 1.30915 2.12668 1.36793 1.05906 1.00675 1.00678 1.05936 1.36918 2.13352 3.44543 3.99933 4.28456 4.29306 4.28559 4.272 3.98237 3.43642 4.33089 5.69207 7.75169 9.43472 9.43224 7.75203 5.68007 4.30416 2.53566 2.62112 1.98437 1.57963 1.57556 1.97402 2.60659 2.51694 1.42842 1.15865 1.03472 1.00391 1.00389 1.0346 1.15882 1.42849 1.15117 1.0195 1.00156 1.0001 0 0 0 
0 0 0 0 0.999952 1.00027 1.00331 1.03933 1.15581 1.03741 1.00416 1.00014 1.00014 1.00418 1.03755 1.15678 1.41849 1.52605 1.58504 1.57978 1.5783 1.58253 1.52304 1.4177 1.88855 3.29207 5.17613 5.64912 5.61327 5.14374 3.25877 1.87693 1.35417 1.3924 1.1632 1.06483 1.06557 1.16448 1.39474 1.35487 1.04762 1.01526 1.00262 1.00011 1.00011 1.00262 1.01527 1.04761 1.01666 1.00167 1.00003 0.999969 0 0 0 
0 0 0 0 0.999994 0.999981 1.00017 1.00263 1.01067 1.00172 1.00003 0.999912 0.999912 1.00003 1.00173 1.01074 1.03672 1.0481 1.05394 1.05183 1.0517 1.05367 1.04777 1.03676 1.17151 1.76147 2.85679 2.65307 2.6298 2.81696 1.74511 1.16858 1.0451 1.05138 1.01659 1.00437 1.00446 1.01686 1.05206 1.04544 1.00305 1.00074 1.00012 0.999963 0.999963 1.00012 1.00074 1.00305 1.00121 1.00004 0.999969 0.999998 0 0 0 
0 0 0 0 1 0.999991 0.999962 1.00019 1.00018 0.999812 0.999946 0.999996 0.999996 0.999946 0.999812 1.00018 1.00141 1.00168 1.00211 1.00199 1.00199 1.0021 1.00166 1.00143 1.02134 1.17666 1.57317 1.47945 1.472 1.55991 1.17285 1.0209 1.00377 1.00409 1.00113 1.00016 1.00017 1.00116 1.00417 1.00382 1.00004 0.999857 0.999968 0.999997 0.999997 0.999968 0.999857 1.00004 1.00007 0.99997 0.999998 1 0 0 0 
1.00019 0.999962 0.999991 1 1 0.999991 0.999962 1.00019 1.00018 0.999812 0.999946 0.999996 0.999996 0.999946 0.999812 1.00018 1.00143 1.00166 1.0021 1.00199 1.00199 1.0021 1.00166 1.00143 1.02134 1.17666 1.57317 1.47945 1.47945 1.57317 1.17666 1.02134 1.00382 1.00417 1.00116 1.00017 1.00017 1.00116 1.00417 1.00382 1.00004 0.999857 0.999968 0.999997 0.999997 0.999968 0.999857 1.00004 1.00007 0.99997 0.999998 1 1 0.999998 0.99997 
1.00263 1.00017 0.999981 0.999994 0.999994 0.999981 1.00017 1.00263 1.01067 1.00172 1.00003 0.999912 0.999912 1.00003 1.00172 1.01067 1.03676 1.04777 1.05367 1.0517 1.0517 1.05367 1.04777 1.03676 1.17151 1.76147 2.85679 2.65307 2.65307 2.85679 1.76147 1.17151 1.04544 1.05206 1.01686 1.00446 1.00446 1.01686 1.05206 1.04544 1.00305 1.00074 1.00012 0.999963 0.999963 1.00012 1.00074 1.00305 1.00121 1.00004 0.999969 0.999998 0.999998 0.999969 1.00004 
1.03933 1.00331 1.00027 0.999952 0.999952 1.00027 1.00331 1.03933 1.15581 1.03741 1.00416 1.00014 1.00014 1.00416 1.03741 1.15581 1.4177 1.52304 1.58253 1.5783 1.5783 1.58253 1.52304 1.4177 1.88855 3.29207 5.17613 5.64912 5.64912 5.17613 3.29207 1.88855 1.35487 1.39474 1.16448 1.06557 1.06557 1.16448 1.39474 1.35487 1.04761 1.01527 1.00262 1.00011 1.00011 1.00262 1.01527 1.04761 1.01666 1.00167 1.00003 0.999969 0.999969 1.00003 1.00167 
1.30915 1.02831 1.00154 0.99997 0.99997 1.00154 1.02831 1.30915 2.12668 1.36793 1.05906 1.00675 1.00675 1.05906 1.36793 2.12668 3.43642 3.98237 4.272 4.28559 4.28559 4.272 3.98237 3.43642 4.33089 5.69207 7.75169 9.43472 9.43472 7.75169 5.69207 4.33089 2.51694 2.60659 1.97402 1.57556 1.57556 1.97402 2.60659 2.51694 1.42849 1.15882 1.0346 1.00389 1.00389 1.0346 1.15882 1.42849 1.15117 1.0195 1.00156 1.0001 1.0001 1.00156 1.0195 
2.78082 1.43136 1.05819 1.00385 1.00385 1.05819 1.43136 2.78082 4.74218 2.63645 1.40977 1.07361 1.07361 1.40977 2.63645 4.74218 8.01289 9.41075 9.91837 10.0196 10.0196 9.91837 9.41075 8.01289 8.29154 8.92602 10.4498 12.7032 12.6534 10.3774 8.85501 8.25066 6.30579 6.60817 6.08898 5.19435 5.19439 6.08894 6.60805 6.30751 2.82715 1.88016 1.23239 1.04949 1.04949 1.23239 1.88016 2.82715 1.69652 1.08992 1.00534 1.00001 1.00001 1.00534 1.08992 
1.58923 1.1213 1.0117 1.00038 1.00038 1.0117 1.1213 1.58923 2.13004 1.38448 1.06081 1.00661 1.00661 1.06081 1.38448 2.13004 3.41116 3.91669 4.17809 4.18339 4.18339 4.17809 3.91669 3.41116 4.58482 5.99954 6.84655 7.75891 7.76784 6.84347 6.01864 4.63231 2.65669 2.70784 2.32133 1.83646 1.83649 2.32137 2.70785 2.65762 1.39753 1.13153 1.01866 1.00231 1.00231 1.01866 1.13153 1.39753 1.1166 1.01107 1.00034 0.999853 0.999853 1.00034 1.01107 
1.09817 1.01558 1.001 0.999906 0.999906 1.001 1.01558 1.09817 1.16657 1.04139 1.00406 1.00003 1.00003 1.00406 1.04139 1.16657 1.45037 1.55596 1.59906 1.58698 1.58698 1.59906 1.55596 1.45037 2.21102 3.77025 4.60182 4.29676 4.34666 4.66156 3.84391 2.25283 1.36698 1.36923 1.23211 1.09523 1.09522 1.2321 1.36923 1.36752 1.04423 1.00973 1.00027 0.999921 0.999921 1.00027 1.00973 1.04423 1.01068 1.00068 0.999953 0.999986 0.999986 0.999953 1.00068 
1.01057 1.00123 0.999907 0.999972 0.999972 0.999907 1.00123 1.01057 1.01416 1.00207 0.999919 0.999915 0.999915 0.999919 1.00207 1.01416 1.05179 1.06822 1.07191 1.06726 1.06726 1.07191 1.06822 1.05179 1.288 2.2063 3.1248 2.43704 2.46948 3.22769 2.26308 1.3 1.05651 1.05755 1.02611 1.00564 1.00564 1.02611 1.05755 1.05682 1.00272 1.00003 0.999988 0.999999 0.999999 0.999988 1.00003 1.00272 1.00068 0.99994 0.999979 1 1 0.999979 0.99994 
1.01057 1.00123 0.999906 0.999972 0.999972 0.999907 1.00123 1.01057 1.01416 1.00207 0.999919 0.999915 0.999915 0.999915 1.00204 1.01404 1.05117 1.06736 1.07121 1.06678 1.06726 1.07191 1.06822 1.05179 1.3 2.26308 3.22769 2.46948 2.46948 3.22769 2.26308 1.3 1.05682 1.05755 1.02611 1.00564 1.00564 1.02611 1.05755 1.05651 1.00278 1.00002 1 0.999995 0.999999 0.999988 1.00003 1.00272 1.00068 0.99994 0.999979 1 1 0.99998 0.99994 
1.0981 1.01553 1.001 0.999905 0.999906 1.001 1.01558 1.09817 1.16657 1.04139 1.00406 1.00003 1.00003 1.00402 1.04106 1.16603 1.44703 1.55179 1.59585 1.58496 1.58698 1.59906 1.55596 1.45037 2.25283 3.84391 4.66156 4.34666 4.34666 4.66156 3.84391 2.25283 1.36752 1.36923 1.2321 1.09522 1.09523 1.23211 1.36923 1.36698 1.04479 1.00962 1.00057 0.999954 0.999921 1.00027 1.00973 1.04423 1.01068 1.00068 0.999953 0.999986 0.999987 0.999952 1.00067 
1.58786 1.12082 1.01164 1.00037 1.00038 1.0117 1.1213 1.58923 2.13004 1.38448 1.06081 1.00661 1.00657 1.06053 1.38254 2.12841 3.39631 3.90228 4.16145 4.17165 4.18339 4.17809 3.91669 3.41116 4.63231 6.01864 6.84347 7.76784 7.76784 6.84347 6.01864 4.63231 2.65762 2.70785 2.32137 1.83649 1.83646 2.32133 2.70784 2.65669 1.40034 1.12977 1.02321 1.00304 1.00231 1.01866 1.13153 1.39753 1.1166 1.01107 1.00034 0.999853 0.999853 1.00032 1.01094 
2.79748 1.43623 1.05889 1.00391 1.00385 1.05819 1.43136 2.78082 4.74218 2.63645 1.40977 1.07361 1.07361 1.40977 2.6343 4.7511 8.01057 9.41234 9.98892 10.0934 10.0196 9.91837 9.41075 8.01289 8.25066 8.85501 10.3774 12.6534 12.6534 10.3774 8.85501 8.25066 6.30751 6.60805 6.08894 5.19439 5.19435 6.08898 6.60817 6.30579 2.87311 1.88281 1.27817 1.06195 1.04949 1.23239 1.88016 2.82715 1.69652 1.08992 1.00534 1.00001 0.999995 1.00522 1.08967 
7.26326 2.87903 1.35593 1.03827 1.03812 1.35681 2.89128 7.33051 12.7959 7.44018 3.31904 1.75564 1.7496 3.30717 7.44127 12.8566 19.2689 22.9048 24.0709 24.2647 24.2647 24.0709 22.6482 19.0693 15.2163 16.5368 18.2303 20.3019 20.3019 18.2303 16.5368 15.2163 11.345 11.8407 11.1906 10.192 10.192 11.1906 11.841 11.3924 7.1103 4.94404 2.6867 1.62153 1.62898 2.71142 5.03422 7.29416 4.76628 2.0654 1.15452 1.01167 1.01167 1.15453 2.06555 
8.53232 3.32133 1.45633 1.05414 1.05367 1.45568 3.32598 8.58511 14.4673 8.92755 4.10304 2.09465 2.08305 4.07717 8.9018 14.4666 20.1424 25.1082 26.8942 27.4823 27.4823 26.8942 25.06 20.117 13.9456 15.0784 17.4968 20.1873 20.1873 17.4968 15.0784 13.9456 11.2838 11.4508 10.1201 8.59262 8.59245 10.1198 11.4509 11.3351 6.25912 4.16779 2.23617 1.36387 1.36019 2.22706 4.12066 6.24238 3.65959 1.61328 1.08052 1.00498 1.00498 1.08052 1.61327 
6.93898 2.75434 1.31626 1.0337 1.0334 1.31576 2.7577 6.97964 11.9658 7.20035 3.24984 1.72465 1.71704 3.23129 7.17919 11.9648 16.8892 21.3842 22.8727 23.2711 23.2711 22.8727 21.3454 16.8795 11.7973 13.8035 17.0975 19.9055 19.9055 17.0975 13.8035 11.7973 9.13727 9.44398 7.75237 5.88496 5.88516 7.75253 9.44382 9.17341 4.4907 2.99526 1.71742 1.1798 1.17716 1.70889 2.95702 4.47527 2.49491 1.28957 1.03344 1.00166 1.00166 1.03344 1.28955 
5.4858 2.21848 1.17749 1.01394 1.01385 1.17722 2.21904 5.50255 9.08716 5.06963 2.1354 1.24572 1.24358 2.12887 5.05909 9.08403 13.802 17.6054 18.6625 18.8044 18.8044 18.6625 17.5883 13.8044 9.55677 13.5397 18.4244 20.4577 20.4577 18.4244 13.5397 9.55677 7.05436 7.62176 5.55163 3.44878 3.44883 5.55168 7.62188 7.07336 3.01238 1.89958 1.23858 1.03857 1.03793 1.23555 1.88294 2.99984 1.64977 1.08616 1.00572 1.00009 1.00009 1.00572 1.08616 
5.50255 2.21904 1.17722 1.01385 1.01385 1.17722 2.21904 5.50255 9.08403 5.05909 2.12887 1.24358 1.24358 2.12887 5.05909 9.08403 13.802 17.6054 18.6625 18.8044 18.7754 18.6105 17.6054 13.802 9.55627 13.5388 18.4421 20.4744 20.4577 18.4244 13.5397 9.55677 7.07336 7.62188 5.55168 3.44883 3.44878 5.55163 7.62176 7.05436 2.99984 1.88294 1.23555 1.03793 1.03857 1.23858 1.89958 3.01238 1.64976 1.08616 1.00572 1.00009 1.00009 1.00572 1.08616 
6.97964 2.7577 1.31576 1.0334 1.0334 1.31576 2.7577 6.97964 11.9648 7.17919 3.23129 1.71704 1.71704 3.23129 7.17919 11.9648 16.8892 21.3842 22.8727 23.2711 23.2904 22.8965 21.3842 16.8892 11.7966 13.8033 17.1088 19.9389 19.9055 17.0975 13.8035 11.7973 9.17341 9.44382 7.75253 5.88516 5.88496 7.75237 9.44398 9.13727 4.47527 2.95702 1.70889 1.17716 1.1798 1.71742 2.99526 4.4907 2.4948 1.28955 1.03344 1.00166 1.00166 1.03344 1.28957 
8.58511 3.32598 1.45568 1.05367 1.05367 1.45568 3.32598 8.58511 14.4666 8.9018 4.07717 2.08305 2.08305 4.07717 8.9018 14.4666 20.1424 25.1082 26.8942 27.4823 27.4786 26.9006 25.1082 20.1424 13.9459 15.0779 17.4985 20.2243 20.1873 17.4968 15.0784 13.9456 11.3351 11.4509 10.1198 8.59245 8.59262 10.1201 11.4508 11.2838 6.24238 4.12066 2.22706 1.36019 1.36387 2.23617 4.16779 6.25912 3.65942 1.61327 1.08052 1.00498 1.00498 1.08052 1.61328 
7.33051 2.89128 1.35681 1.03812 1.03812 1.35681 2.89128 7.33051 12.8566 7.44127 3.30717 1.7496 1.7496 3.30717 7.44127 12.8566 19.2689 22.9048 24.0709 24.2647 24.2873 24.1129 22.9048 19.2689 15.2196 16.539 18.3885 20.4563 20.3019 18.2303 16.5368 15.2163 11.3924 11.841 11.1906 10.192 10.192 11.1906 11.8407 11.345 7.29416 5.03422 2.71142 1.62898 1.62153 2.6867 4.94404 7.1103 4.765 2.06555 1.15453 1.01167 1.01167 1.15452 2.0654 
10.2031 3.92597 1.61377 1.07487 1.07402 1.60887 3.9056 10.1449 18.195 9.65808 3.7962 1.79379 1.79355 3.79505 9.65808 18.195 27.106 30.4583 31.7286 31.9998 31.9305 31.6681 30.4583 27.106 25.6073 27.4407 28.787 29.7287 29.8356 28.9245 27.5768 25.6168 23.2425 24.4927 24.3279 24.0701 23.8364 24.0824 24.2726 23.0792 16.8626 14.3075 9.28968 5.28708 5.28708 9.28968 14.3075 16.8626 11.1476 4.34863 1.67716 1.0844 1.0844 1.67716 4.34863 
11.9257 4.49373 1.75713 1.09945 1.09829 1.75127 4.47122 11.856 20.3237 11.0991 4.3365 1.99767 1.99692 4.33234 11.0991 20.3237 29.339 32.4091 33.6898 33.9954 34.0016 33.7041 32.4091 29.339 28.1757 28.8392 29.9891 31.3386 31.3613 29.9944 28.8187 28.1745 27.6867 29.9036 30.7264 30.8344 30.8221 30.6852 29.8727 27.7286 18.5435 16.1459 10.6459 6.00911 6.00911 10.6459 16.1459 18.5435 12.3487 4.68429 1.74954 1.09018 1.09018 1.74954 4.68429 
12.5195 4.68964 1.80358 1.10534 1.10414 1.79746 4.6662 12.4484 21.5982 11.8539 4.58674 2.07517 2.07507 4.58536 11.8539 21.5982 30.7499 33.3916 34.4833 34.7353 34.7379 34.4932 33.3916 30.7499 30.1712 30.3838 31.3546 32.5674 32.5855 31.3549 30.3667 30.17 29.7187 32.3005 33.4923 33.8325 33.8156 33.449 32.2503 29.7523 19.8387 17.5293 11.531 6.39887 6.39887 11.531 17.5293 19.8387 13.232 4.9785 1.81466 1.09817 1.09817 1.81466 4.9785 
12.501 4.61471 1.75633 1.09213 1.09141 1.75266 4.60071 12.4546 22.1074 11.7791 4.50136 1.99621 1.99607 4.50076 11.7791 22.1074 31.4309 33.7357 34.6786 34.8848 34.8864 34.6841 33.7357 31.4309 31.4696 31.7762 32.602 33.5297 33.5384 32.6024 31.7674 31.4688 30.3802 32.94 34.1932 34.5556 34.5456 34.1722 32.9182 30.3939 20.5745 18.2946 11.8021 6.35763 6.35763 11.8021 18.2946 20.5745 13.7074 5.08716 1.83132 1.09802 1.09802 1.83132 5.08716 
12.4546 4.60071 1.75266 1.09141 1.09141 1.75266 4.60071 12.4546 22.0919 11.8252 4.50136 1.99621 1.99621 4.50136 11.7791 22.1074 31.4309 33.7357 34.6786 34.8848 34.8848 34.6786 33.7106 31.4737 31.4688 31.7674 32.6024 33.5384 33.5297 32.6024 31.7762 31.4696 30.3939 32.9182 34.1829 34.5509 34.5566 34.1981 32.94 30.3802 20.559 18.2712 11.8189 6.3766 6.35763 11.8239 18.2946 20.5745 13.7074 5.08716 1.83132 1.09802 1.09839 1.83315 5.09774 
12.4484 4.6662 1.79746 1.10414 1.10414 1.79746 4.6662 12.4484 21.5776 11.9243 4.58674 2.07517 2.07517 4.58674 11.8539 21.5982 30.7499 33.3916 34.4833 34.7353 34.7353 34.4833 33.3576 30.7978 30.17 30.3667 31.3549 32.5855 32.5674 31.3549 30.3838 30.1712 29.7523 32.2503 33.4709 33.8244 33.8327 33.4985 32.3005 29.7187 19.8174 17.489 11.5564 6.43167 6.39887 11.5653 17.5293 19.8387 13.232 4.9785 1.81466 1.09817 1.09869 1.81717 4.99195 
11.856 4.47122 1.75127 1.09829 1.09829 1.75127 4.47122 11.856 20.3073 11.1687 4.3365 1.99767 1.99767 4.3365 11.0991 20.3237 29.339 32.4091 33.6898 33.9954 33.9954 33.6898 32.3648 29.3768 28.1745 28.8187 29.9944 31.3613 31.3386 29.9944 28.8392 28.1757 27.7286 29.8727 30.7047 30.8268 30.8133 30.7031 29.9036 27.6867 18.5245 16.1023 10.6727 6.04229 6.00911 10.6863 16.1459 18.5435 12.3487 4.68429 1.74954 1.09018 1.09069 1.75196 4.69654 
10.1449 3.9056 1.60887 1.07402 1.07402 1.60887 3.9056 10.1449 18.2232 9.70686 3.7962 1.79379 1.79379 3.7962 9.65808 18.195 27.106 30.4583 31.7286 31.9998 31.9998 31.7286 30.4787 27.1762 25.6168 27.5768 28.9245 29.8356 29.7287 28.9245 27.4407 25.6073 23.0792 24.2726 24.2099 23.9596 24.191 24.4433 24.4927 23.2425 16.913 14.3194 9.35478 5.33538 5.28708 9.35247 14.3075 16.8626 11.1476 4.34863 1.67716 1.0844 1.08537 1.68208 4.37326 
7.79209 2.8453 1.32712 1.03246 1.03246 1.32712 2.86002 7.83372 15.7779 7.15296 2.7191 1.36717 1.36717 2.7191 7.15821 15.653 28.4966 32.0573 33.7469 34.153 34.153 33.7469 32.0386 28.4067 32.0889 34.0539 34.4738 34.3573 34.3704 34.4792 34.0687 32.124 27.6875 30.7727 31.3864 31.3756 31.4726 31.435 30.7832 27.7569 19.4574 16.174 11.3391 6.9347 6.9959 11.4468 16.2386 19.4136 12.9955 5.61745 2.12617 1.2122 1.21464 2.1346 5.64736 
6.26241 2.22893 1.18689 1.01492 1.01492 1.18689 2.24157 6.29841 13.8978 5.71595 2.15757 1.20386 1.20386 2.15757 5.73107 13.78 28.1515 32.1893 34.106 34.5991 34.5991 34.106 32.1753 28.048 32.7971 34.3416 34.6885 34.6771 34.6751 34.6882 34.3453 32.8201 29.4828 32.429 33.4012 33.6193 33.5714 33.3617 32.4265 29.5346 21.3856 17.709 12.3971 7.47663 7.54435 12.4814 17.7308 21.2886 13.6264 5.72544 2.15794 1.22234 1.22551 2.16899 5.75998 
5.73707 2.03262 1.14599 1.01075 1.01075 1.14599 2.04359 5.77009 13.2279 5.21829 1.97818 1.1617 1.1617 1.97818 5.23555 13.1152 28.0186 32.2233 34.2069 34.7329 34.7329 34.2069 32.2081 27.9059 33.1807 34.4482 34.7827 34.8505 34.8505 34.7832 34.4516 33.2031 30.264 33.3382 34.3888 34.6264 34.6103 34.3715 33.3229 30.306 22.1367 18.2186 12.465 7.47394 7.53665 12.5488 18.2345 22.0349 14.0447 5.7995 2.16885 1.22011 1.22318 2.17949 5.83235 
5.48046 1.92211 1.1165 1.00745 1.00745 1.1165 1.92852 5.49889 13.0694 5.04693 1.88225 1.12931 1.12931 1.88225 5.06101 12.9661 28.0839 32.2747 34.2365 34.7587 34.7587 34.2365 32.266 27.9768 33.3628 34.5079 34.8258 34.918 34.918 34.8259 34.5094 33.3757 30.5703 33.6203 34.6447 34.8553 34.8488 34.6371 33.6053 30.6117 22.5595 18.4616 12.0638 7.27097 7.30602 12.1156 18.4697 22.48 14.5198 5.79075 2.12625 1.19029 1.19209 2.13275 5.81241 
5.49889 1.92852 1.11778 1.00761 1.00745 1.1165 1.92852 5.49889 12.9661 5.06101 1.88225 1.12931 1.12462 1.86544 5.03084 12.7673 28.08 32.2907 34.2365 34.7587 34.7626 34.2473 32.2747 28.0839 33.3757 34.5094 34.8259 34.918 34.918 34.8258 34.5079 33.3628 30.6117 33.6053 34.6371 34.8488 34.8488 34.6371 33.6053 30.6117 22.48 18.4697 12.0636 7.27119 7.27097 12.0638 18.4616 22.5595 14.5198 5.79075 2.12625 1.19029 1.19029 2.12625 5.79075 
5.77009 2.04359 1.14828 1.01107 1.01075 1.14599 2.04359 5.77009 13.1152 5.23555 1.97818 1.1617 1.15306 1.94821 5.16772 12.8905 28.012 32.2455 34.2069 34.7329 34.7404 34.2253 32.2233 28.0186 33.2031 34.4516 34.7832 34.8505 34.8505 34.7827 34.4482 33.1807 30.306 33.3229 34.3715 34.6103 34.6103 34.3715 33.3229 30.306 22.0349 18.2345 12.4641 7.47364 7.47394 12.465 18.2186 22.1367 14.0447 5.7995 2.16885 1.22011 1.22011 2.16885 5.7995 
6.29841 2.24157 1.18962 1.0153 1.01492 1.18689 2.24157 6.29841 13.78 5.73107 2.15757 1.20386 1.19365 2.12123 5.64781 13.5449 28.1445 32.2113 34.106 34.5991 34.6044 34.1252 32.1893 28.1515 32.8201 34.3453 34.6882 34.6751 34.6771 34.6885 34.3416 32.7971 29.5346 32.4265 33.3617 33.5714 33.5714 33.3617 32.4265 29.5346 21.2886 17.7308 12.3985 7.47694 7.47663 12.3971 17.709 21.3856 13.6264 5.72544 2.15794 1.22234 1.22234 2.15794 5.72544 
7.83372 2.86002 1.33048 1.03298 1.03246 1.32712 2.86002 7.83372 15.653 7.15821 2.7191 1.36717 1.35353 2.67208 7.06035 15.427 28.5124 32.0982 33.7469 34.153 34.188 33.7869 32.0573 28.4966 32.124 34.0687 34.4792 34.3704 34.3573 34.4738 34.0539 32.0889 27.7569 30.7832 31.435 31.4726 31.4726 31.435 30.7832 27.7569 19.4136 16.2386 11.3688 6.94237 6.9347 11.3391 16.174 19.4574 12.9955 5.61745 2.12617 1.2122 1.2122 2.12617 5.61745 
9.45605 3.4755 1.46913 1.05368 1.05305 1.4657 3.4755 9.45605 17.4437 8.6685 3.25211 1.54342 1.54342 3.25211 8.6354 17.4614 29.8758 32.5996 33.9675 34.379 34.3673 33.9441 32.5456 29.8818 30.5904 33.2921 33.9324 33.6719 33.6703 33.9314 33.29 30.59 25.4111 29.9445 31.1562 31.2451 31.2451 31.1562 29.9445 25.4111 12.7642 10.6497 8.91 7.28675 7.16381 8.98009 10.5434 12.6664 8.49327 5.05505 2.38362 1.37705 1.37096 2.36502 5.03953 
10.8717 4.0098 1.60883 1.07609 1.0753 1.60519 4.0098 10.8717 19.8487 10.2739 3.86058 1.74964 1.74964 3.86058 10.2301 19.8471 31.5971 33.5452 34.4776 34.7348 34.7337 34.4722 33.5207 31.6255 31.798 33.7307 34.2808 34.3179 34.3179 34.2807 33.7303 31.7983 27.9238 32.2707 33.5355 33.6975 33.6975 33.5355 32.2707 27.9238 14.9451 13.0881 11.5762 10.3376 10.2106 11.5734 13.0263 14.8905 10.0229 6.127 2.90514 1.56532 1.55475 2.87199 6.08993 
11.4918 4.26299 1.66747 1.08394 1.08311 1.66368 4.26299 11.4918 20.6273 10.7413 4.01509 1.79741 1.79741 4.01509 10.6992 20.628 32.3187 33.9955 34.7191 34.8979 34.896 34.7129 33.9705 32.3395 32.5504 34.0184 34.492 34.6239 34.6239 34.4918 34.018 32.5507 29.2081 33.1889 34.4314 34.65 34.65 34.4314 33.1889 29.2081 16.7251 14.5923 12.7977 11.1088 10.9278 12.7863 14.521 16.6695 11.3127 6.8941 3.17297 1.65078 1.63906 3.1371 6.85267 
11.5421 4.26132 1.65645 1.07867 1.07812 1.65385 4.26132 11.5421 20.8186 10.8101 4.03809 1.78898 1.78898 4.03809 10.7849 20.8189 32.5825 34.1115 34.788 34.9353 34.9343 34.7847 34.0959 32.5951 32.9808 34.2636 34.6514 34.7958 34.7958 34.6513 34.2633 32.9809 29.805 33.4585 34.6386 34.8584 34.8584 34.6386 33.4585 29.805 18.5708 15.6685 12.8697 10.0111 9.90103 12.8564 15.6171 18.5477 12.4135 6.64103 2.77509 1.48453 1.47789 2.75757 6.60693 
11.5275 4.25025 1.65385 1.07812 1.07812 1.65385 4.26132 11.5421 20.8186 10.8101 4.03809 1.78898 1.78907 4.04189 10.8101 20.8186 32.5951 34.0959 34.7847 34.9343 34.9343 34.7847 34.0959 32.5951 32.9809 34.2633 34.6513 34.7958 34.7958 34.6513 34.2633 32.9809 29.8457 33.4454 34.6238 34.8522 34.8574 34.6351 33.4585 29.805 18.5477 15.6171 12.8765 10.0714 10.074 12.8697 15.6171 18.5477 12.4627 6.60693 2.75757 1.47789 1.48453 2.77509 6.64103 
11.4628 4.24731 1.66368 1.08311 1.08311 1.66368 4.26299 11.4918 20.6273 10.7413 4.01509 1.79741 1.79773 4.02263 10.7413 20.6273 32.3395 33.9705 34.7129 34.896 34.896 34.7129 33.9705 32.3395 32.5507 34.018 34.4918 34.6239 34.6239 34.4918 34.018 32.5507 29.2709 33.1801 34.4129 34.6418 34.6491 34.4269 33.1889 29.2081 16.6695 14.521 12.8051 11.2038 11.2053 12.7977 14.521 16.6695 11.3749 6.85267 3.1371 1.63906 1.65078 3.17297 6.8941 
10.8415 3.99481 1.60519 1.0753 1.0753 1.60519 4.0098 10.8717 19.8487 10.2739 3.86058 1.74964 1.75006 3.86852 10.2739 19.8487 31.6255 33.5207 34.4722 34.7337 34.7337 34.4722 33.5207 31.6255 31.7983 33.7303 34.2807 34.3179 34.3179 34.2807 33.7303 31.7983 28.0064 32.2849 33.5515 33.7293 33.7028 33.5317 32.2707 27.9238 14.8905 13.0263 11.5867 10.4349 10.4485 11.5762 13.0263 14.8905 10.0774 6.08993 2.87199 1.55475 1.56532 2.90514 6.127 
9.41474 3.45951 1.4657 1.05305 1.05305 1.4657 3.4755 9.45605 17.4437 8.6685 3.25211 1.54342 1.54432 3.25908 8.6685 17.4437 29.8818 32.5456 33.9441 34.3673 34.3673 33.9441 32.5456 29.8818 30.59 33.29 33.9314 33.6703 33.6703 33.9314 33.29 30.59 25.2628 29.7537 30.9656 31.0674 31.1666 31.0604 29.9445 25.4111 12.6664 10.5434 8.88621 7.32377 7.32323 8.91 10.5434 12.6664 8.57888 5.03953 2.36502 1.37096 1.37705 2.38362 5.05505 
6.4016 2.3253 1.1925 1.01471 1.01471 1.1925 2.32686 6.41575 13.6834 6.13476 2.30968 1.25579 1.25579 2.30968 6.13476 13.6834 26.5109 30.3788 32.5532 33.1945 33.1945 32.5532 30.3788 26.5109 24.3273 26.6073 26.9964 26.9976 26.9958 26.9947 26.6062 24.3284 18.9235 23.5405 24.4413 24.0843 24.6485 25.0052 23.7491 19.0379 8.7883 6.27516 3.75571 2.02958 1.96811 3.59167 6.2418 8.80688 5.17467 2.35838 1.27082 1.03868 1.04011 1.27837 2.38473 
5.79087 2.03683 1.13233 1.00848 1.00848 1.13233 2.04377 5.82767 13.1957 5.60276 2.09577 1.20236 1.20236 2.09577 5.60276 13.1957 26.9309 30.9935 33.3666 34.1199 34.1199 33.3666 30.9935 26.9309 25.3098 28.161 29.2385 29.921 29.9213 29.2391 28.1625 25.314 19.3791 25.7547 28.9174 30.0364 30.0842 29.1414 25.8502 19.3615 7.10761 4.36719 2.21691 1.24075 1.23226 2.17823 4.39232 7.24466 3.95054 1.70459 1.0962 1.00762 1.00774 1.09724 1.70924 
5.55631 1.94892 1.11657 1.00708 1.00708 1.11657 1.9555 5.59179 13.023 5.40086 2.01557 1.18258 1.18258 2.01557 5.40086 13.023 27.1764 31.3306 33.7526 34.5246 34.5246 33.7526 31.3306 27.1764 26.1807 29.4852 30.8258 31.6466 31.6467 30.8261 29.4848 26.1835 19.5487 27.217 31.2586 32.7805 32.9106 31.5648 27.3044 19.5122 5.51132 2.898 1.44949 1.03874 1.0353 1.442 2.92668 5.6792 2.76754 1.33686 1.03358 1.00159 1.00164 1.03413 1.34027 
5.43845 1.90159 1.10242 1.00571 1.00571 1.10242 1.905 5.46091 12.9507 5.24369 1.93221 1.14865 1.14865 1.93221 5.24369 12.9507 27.2533 31.4086 33.9136 34.6181 34.6181 33.9136 31.4086 27.2533 26.9597 30.5698 31.9705 32.8784 32.8785 31.9708 30.5701 26.9624 19.7134 28.1837 32.3677 33.7091 33.7833 32.5377 28.2368 19.6895 4.83669 2.33295 1.21749 1.00688 1.00523 1.21841 2.35731 4.997 2.27731 1.20577 1.01674 1.00044 1.00046 1.01697 1.20742 
5.46091 1.905 1.10295 1.00577 1.00571 1.10242 1.905 5.46091 12.9507 5.24369 1.93221 1.14865 1.14539 1.91867 5.19395 13.0204 27.1002 31.4982 33.915 34.6188 34.6181 33.9136 31.4086 27.2533 26.9624 30.5701 31.9708 32.8785 32.8785 31.9708 30.5698 26.9597 19.6136 28.1921 32.3516 33.6996 33.7091 32.3677 28.1837 19.7134 4.997 2.35731 1.21841 1.00523 1.00688 1.21749 2.35731 4.997 2.27731 1.20742 1.01697 1.00046 1.00044 1.01674 1.20577 
5.59179 1.9555 1.11768 1.00721 1.00708 1.11657 1.9555 5.59179 13.023 5.40086 2.01557 1.18258 1.17689 1.99452 5.32734 13.0891 26.9795 31.4391 33.7546 34.5267 34.5246 33.7526 31.3306 27.1764 26.1835 29.4848 30.8261 31.6467 31.6467 30.8261 29.4852 26.1807 19.4524 27.2123 31.2293 32.7623 32.7805 31.2586 27.217 19.5487 5.6792 2.92668 1.442 1.0353 1.03874 1.44949 2.92668 5.6792 2.76754 1.34027 1.03413 1.00164 1.00159 1.03358 1.33686 
5.82767 2.04377 1.13352 1.00863 1.00848 1.13233 2.04377 5.82767 13.1957 5.60276 2.09577 1.20236 1.19641 2.07399 5.52733 13.2596 26.7247 31.1097 33.3668 34.1231 34.1199 33.3666 30.9935 26.9309 25.314 28.1625 29.2391 29.9213 29.9213 29.2391 28.161 25.3098 19.2945 25.7453 28.8761 30.0094 30.0364 28.9174 25.7547 19.3791 7.24466 4.39232 2.17823 1.23226 1.24075 2.21691 4.39232 7.24466 3.95054 1.70924 1.09724 1.00774 1.00762 1.0962 1.70459 
6.41575 2.32686 1.19296 1.01481 1.01471 1.1925 2.32686 6.41575 13.6834 6.13476 2.30968 1.25579 1.24959 2.28386 6.03862 13.6805 26.2274 30.4066 32.5442 33.1932 33.1945 32.5532 30.3788 26.5109 24.3284 26.6062 26.9947 26.9958 26.9958 26.9947 26.6073 24.3273 18.866 23.5605 24.4367 24.0753 24.0843 24.4413 23.5405 18.9235 8.80688 6.2418 3.59167 1.96811 2.02958 3.75571 6.2418 8.80688 5.17467 2.38473 1.27837 1.04011 1.03868 1.27082 2.35838 
4.05542 1.61018 1.07613 1.00517 1.00517 1.07613 1.61018 4.05542 8.94477 3.73101 1.54923 1.07254 1.07254 1.54923 3.72102 8.95017 20.3773 26.1844 28.1745 28.6179 28.7206 28.2848 26.2801 20.4657 14.4553 13.0594 12.2927 12.1392 12.1392 12.2927 12.876 14.3342 14.4194 18.222 15.4566 12.5693 12.6949 15.6015 18.3384 14.499 6.37643 3.9787 1.90544 1.20024 1.20024 1.90544 3.9787 6.37643 2.85056 1.29309 1.02227 1.00072 1.00072 1.02227 1.29309 
4.03731 1.59982 1.07737 1.00548 1.00548 1.07737 1.59982 4.03731 9.19528 3.76221 1.53197 1.06751 1.06751 1.53197 3.76716 9.24414 21.2989 28.7812 31.3601 31.9712 31.9723 31.3546 28.7774 21.3081 13.5618 10.7094 8.67686 7.60245 7.60245 8.67686 10.7021 13.5674 14.2749 18.1533 13.883 9.06731 9.04436 13.8937 18.1487 14.3125 5.93331 3.24367 1.56383 1.12928 1.12928 1.56383 3.24367 5.93331 2.645 1.27367 1.02581 1.00126 1.00126 1.02581 1.27367 
4.04171 1.59416 1.0757 1.00544 1.00544 1.0757 1.59416 4.04171 9.28825 3.78952 1.53389 1.06721 1.06721 1.53389 3.79382 9.33462 21.7383 29.9916 32.8725 33.5584 33.5596 32.8669 29.9866 21.7498 12.1634 8.19367 5.67611 4.16056 4.16056 5.67611 8.18611 12.1697 14.266 17.9356 12.9709 7.36362 7.33847 12.9806 17.9356 14.3024 5.94471 3.14919 1.52911 1.12823 1.12823 1.52911 3.14919 5.94471 2.63916 1.27901 1.02726 1.00146 1.00146 1.02726 1.27901 
3.98807 1.5587 1.06293 1.00389 1.00389 1.06293 1.5587 3.98807 9.33007 3.76704 1.51214 1.05831 1.05831 1.51214 3.7678 9.37458 21.829 30.3054 33.2389 33.946 33.9457 33.2341 30.3017 21.8365 10.691 5.77408 3.4323 2.34714 2.34714 3.4323 5.77014 10.6967 14.3469 17.8526 12.6809 6.8863 6.86874 12.6887 17.852 14.3782 5.99782 3.04312 1.48734 1.10949 1.10949 1.48734 3.04312 5.99782 2.65789 1.27876 1.02551 1.00126 1.00126 1.02551 1.27876 
3.9835 1.55632 1.06234 1.0038 1.00389 1.06293 1.5587 3.98807 9.37458 3.7678 1.51214 1.05831 1.06079 1.51419 3.7678 9.37458 21.829 30.3054 33.2389 33.946 33.946 33.2389 30.3054 21.829 10.6967 5.77014 3.43121 2.34682 2.34714 3.4323 5.77408 10.6967 14.3464 17.8539 12.6869 6.88025 6.8863 12.6809 17.8526 14.3725 6.00676 3.0276 1.48167 1.10878 1.10878 1.48448 3.04312 5.99782 2.65789 1.27876 1.02551 1.00126 1.00126 1.02549 1.27877 
4.03294 1.58988 1.07463 1.00528 1.00544 1.0757 1.59416 4.04171 9.33462 3.79382 1.53389 1.06721 1.07168 1.53762 3.79382 9.33462 21.7383 29.9916 32.8725 33.5584 33.5584 32.8725 29.9916 21.7383 12.1697 8.18611 5.67433 4.15995 4.16056 5.67611 8.19367 12.1697 14.2654 17.9438 12.9849 7.35903 7.36362 12.9709 17.9356 14.3007 5.95466 3.12596 1.52047 1.127 1.127 1.52513 3.14919 5.94471 2.63916 1.27901 1.02726 1.00146 1.00146 1.02731 1.27903 
4.02751 1.59532 1.07626 1.00532 1.00548 1.07737 1.59982 4.03731 9.24414 3.76716 1.53197 1.06751 1.07221 1.53587 3.76716 9.24414 21.2989 28.7812 31.3601 31.9712 31.9712 31.3601 28.7812 21.2989 13.5674 10.7021 8.67463 7.60195 7.60245 8.67686 10.7094 13.5674 14.2741 18.1694 13.9103 9.07458 9.06731 13.883 18.1533 14.3084 5.94025 3.219 1.55584 1.12852 1.12852 1.56264 3.24367 5.93331 2.645 1.27367 1.02581 1.00126 1.00126 1.02587 1.27369 
4.03056 1.60411 1.075 1.00503 1.00517 1.07613 1.61018 4.05542 8.95017 3.72102 1.54923 1.07254 1.07505 1.5501 3.72102 8.95017 20.3773 26.1844 28.1745 28.6179 28.6179 28.1745 26.1844 20.3773 14.3342 12.876 12.1108 11.9869 12.1392 12.2927 13.0594 14.3342 14.3578 18.2128 15.5464 12.6454 12.5693 15.4566 18.222 14.4086 6.33095 3.92051 1.88798 1.19811 1.19811 1.90544 3.9787 6.37643 2.85056 1.29309 1.02227 1.00072 1.00072 1.02259 1.29318 
1.32262 1.04323 1.00381 1.00021 1.00022 1.00379 1.04288 1.31728 2.36278 1.28139 1.02802 1.00152 1.00152 1.02803 1.28189 2.37689 9.38856 12.7158 13.4511 13.8362 13.9348 13.5438 12.7833 9.45059 5.39694 3.87007 3.26544 3.32503 3.29963 3.24194 3.84224 5.35948 7.45443 9.54737 7.47998 5.82329 5.8463 7.51533 9.56403 7.47139 2.47034 1.55147 1.13992 1.01724 1.01724 1.13552 1.54219 2.45363 1.35115 1.0373 1.00228 1 1 1.00232 1.03785 
1.0638 1.00711 1.0005 0.999845 0.999847 1.00051 1.00719 1.06413 1.29236 1.04221 1.00282 0.999846 0.999845 1.0028 1.04211 1.29304 3.52471 4.77715 5.43964 5.60198 5.59423 5.43037 4.76592 3.52763 2.18766 1.56245 1.37347 1.41408 1.41207 1.37112 1.55946 2.18262 3.30256 3.92273 2.89933 2.03098 2.02941 2.89079 3.90187 3.28651 1.3098 1.08578 1.01642 1.0011 1.0011 1.01624 1.08527 1.31001 1.06053 1.00518 1.00015 0.999841 0.999841 1.00015 1.00512 
1.00617 1.00052 0.999946 0.999981 0.999981 0.999946 1.00053 1.00619 1.02996 1.00286 0.999947 0.999951 0.999951 0.999942 1.00283 1.02995 1.47646 1.77974 1.97714 2.0062 2.00607 1.97667 1.77867 1.47729 1.17466 1.06159 1.03431 1.03973 1.03973 1.0343 1.06145 1.17355 1.65443 1.73911 1.35679 1.11289 1.11222 1.35309 1.73024 1.64523 1.03408 1.00549 1.00061 0.999902 0.999902 1.0006 1.00544 1.03411 1.00525 1.00032 0.999943 0.99999 0.999991 0.999943 1.00031 
1.00046 0.999935 0.999978 1 1 0.999978 0.999936 1.00046 1.00168 0.999883 0.999953 1 1 0.999953 0.999878 1.00168 1.05767 1.10792 1.14213 1.14522 1.14521 1.1421 1.10781 1.05776 1.01631 1.00534 1.00334 1.00359 1.00359 1.00334 1.00533 1.01615 1.14656 1.15263 1.05034 1.00694 1.00685 1.04954 1.15003 1.14394 1.00291 0.999843 0.999898 0.999985 0.999985 0.999897 0.999843 1.00292 1.00025 0.999919 0.999986 1 1 0.999986 0.999919 
1.00046 0.999936 0.999978 1 1 0.999978 0.999936 1.00046 1.00168 0.999883 0.999953 1 1 0.999953 0.999883 1.00168 1.05767 1.10792 1.14213 1.14522 1.14522 1.14213 1.10792 1.05767 1.01615 1.00533 1.00334 1.00359 1.00359 1.00334 1.00534 1.01631 1.14394 1.15003 1.04954 1.00685 1.00689 1.05057 1.15263 1.14656 1.00292 0.999843 0.999897 0.999985 0.999985 0.9999 0.999793 1.00238 1.00025 0.999919 0.999986 1 1 0.999986 0.999919 
1.00619 1.00053 0.999946 0.999981 0.999981 0.999946 1.00053 1.00619 1.02996 1.00286 0.999947 0.999951 0.999951 0.999947 1.00286 1.02996 1.47646 1.77974 1.97714 2.0062 2.0062 1.97714 1.77974 1.47646 1.17355 1.06145 1.0343 1.03973 1.03973 1.03431 1.06159 1.17466 1.64523 1.73024 1.35309 1.11222 1.11198 1.35761 1.73911 1.65443 1.03411 1.00544 1.0006 0.999902 0.999911 1.00059 1.0051 1.03083 1.00525 1.00032 0.999943 0.99999 0.99999 0.999943 1.00032 
1.06413 1.00719 1.00051 0.999847 0.999847 1.00051 1.00719 1.06413 1.29236 1.04221 1.00282 0.999846 0.999846 1.00282 1.04221 1.29236 3.52471 4.77715 5.43964 5.60198 5.60198 5.43964 4.77715 3.52471 2.18262 1.55946 1.37112 1.41207 1.41408 1.37347 1.56245 2.18766 3.28651 3.90187 2.89079 2.02941 2.02289 2.91059 3.92273 3.30256 1.31001 1.08527 1.01624 1.0011 1.00113 1.01633 1.08429 1.29812 1.06053 1.00518 1.00015 0.999841 0.999841 1.00015 1.00518 
1.31728 1.04288 1.00379 1.00022 1.00022 1.00379 1.04288 1.31728 2.36278 1.28139 1.02802 1.00152 1.00152 1.02802 1.28139 2.36278 9.38856 12.7158 13.4511 13.8362 13.8362 13.4511 12.7158 9.38856 5.35948 3.84224 3.24194 3.29963 3.32503 3.26544 3.87007 5.39694 7.47139 9.56403 7.51533 5.8463 5.67377 7.32671 9.54737 7.45443 2.45363 1.54219 1.13552 1.01724 1.01645 1.13169 1.50978 2.36838 1.35115 1.0373 1.00228 1 1 1.00228 1.0373 
1.03794 1.00483 1.0005 1.00006 1.00006 1.0005 1.00483 1.03794 1.26458 1.03492 1.0027 1.00011 1.00011 1.0027 1.03492 1.26458 3.81528 5.4659 5.75376 5.82182 5.82182 5.75376 5.4659 3.81528 2.3786 1.75861 1.5966 1.41324 1.41324 1.5966 1.75861 2.3786 3.31959 3.93879 2.8206 1.95846 1.95832 2.82039 3.93895 3.31986 1.36609 1.07645 1.0132 1.00126 1.00129 1.01346 1.07645 1.36609 1.05479 1.00496 1.00038 1.00004 1.00004 1.00038 1.00496 
1.00279 1.00025 0.999968 0.999988 0.999988 0.999968 1.00025 1.00279 1.03011 1.00284 1.00005 0.999946 0.999946 1.00005 1.00284 1.03011 1.85853 2.55056 2.79728 2.59395 2.59395 2.79728 2.55056 1.85853 1.29172 1.12078 1.08914 1.04845 1.04845 1.08914 1.12078 1.29172 1.44846 1.54432 1.25901 1.09938 1.09941 1.25907 1.54435 1.44849 1.05092 1.00786 1.00068 0.999892 0.999893 1.00068 1.00786 1.05092 1.00694 1.0005 0.999962 0.999984 0.999984 0.999962 1.0005 
1.00007 0.999964 0.999991 1 1 0.999991 0.999964 1.00007 1.0026 1.00006 0.999951 0.999993 0.999993 0.999951 1.00006 1.0026 1.18349 1.36539 1.44454 1.35154 1.35154 1.44454 1.36539 1.18349 1.04005 1.01144 1.00716 1.00302 1.00302 1.00716 1.01144 1.04005 1.04837 1.05564 1.01861 1.00548 1.00549 1.0186 1.05564 1.04836 1.0046 1.00045 0.999899 0.999962 0.999962 0.999899 1.00045 1.0046 1.00071 0.999969 0.999981 0.999999 0.999999 0.999981 0.999969 
1.00006 0.99999 1 1 1 1 0.99999 1.00006 1.00005 0.999864 0.999992 1 1 0.999992 0.999864 1.00005 1.02419 1.05683 1.07507 1.05133 1.05133 1.07507 1.05683 1.02419 1.0032 1.0005 1.0003 1.0001 1.0001 1.0003 1.0005 1.0032 1.00226 1.00233 1.00039 1.00004 1.00004 1.00039 1.00233 1.00226 1.00023 0.999841 0.999981 1 1 0.999981 0.999841 1.00023 1.00005 0.999983 1 1 1 1 0.999983 
0 0 0 0 1 1 0.99999 1.00006 1.00005 0.999864 0.999992 1 1 0.999992 0.999864 1.00007 1.02419 1.05683 1.07507 1.05133 1.05043 1.07351 1.05568 1.02374 1.00315 1.00048 1.00029 1.00009 1.0001 1.0003 1.0005 1.0032 1.00226 1.00233 1.00039 1.00004 1.00004 1.00039 1.00233 1.00226 1.00022 0.99984 0.999981 1 1 0.999981 0.999841 1.00023 1.00005 0.999983 1 1 0 0 0 
0 0 0 0 1 0.999991 0.999964 1.00007 1.0026 1.00006 0.999951 0.999993 0.999993 0.999951 1.00006 1.00279 1.18349 1.36539 1.44454 1.35154 1.34652 1.43631 1.35896 1.1808 1.03951 1.0112 1.007 1.00296 1.00302 1.00716 1.01144 1.04005 1.04836 1.05564 1.0186 1.00549 1.00548 1.01861 1.05564 1.04837 1.00457 1.00044 0.999899 0.999962 0.999962 0.999899 1.00045 1.0046 1.00071 0.999969 0.999981 0.999999 0 0 0 
0 0 0 0 0.999988 0.999968 1.00025 1.00279 1.03011 1.00284 1.00005 0.999946 0.999946 1.00005 1.00283 1.03132 1.85853 2.55056 2.79728 2.59395 2.57878 2.77423 2.53059 1.8493 1.28875 1.11913 1.08781 1.04779 1.04845 1.08914 1.12078 1.29172 1.44849 1.54435 1.25907 1.09941 1.09938 1.25901 1.54432 1.44846 1.05084 1.0078 1.00068 0.999893 0.999892 1.00068 1.00786 1.05092 1.00694 1.0005 0.999962 0.999984 0 0 0 
