0 0 0 0 1.00001 1.00267 1.04138 1.37466 2.21849 1.42964 1.07751 1.01038 1.01042 1.07785 1.43101 2.22604 3.75069 4.29351 4.56372 4.58795 4.57742 4.54703 4.29253 3.75009 4.79779 5.95439 7.76585 9.54811 9.54853 7.77139 5.95042 4.77653 2.65044 2.72511 2.17126 1.77597 1.77085 2.16003 2.70917 2.62986 1.50187 1.19294 1.04261 1.00594 1.00618 1.04405 1.19484 1.50199 1.19887 1.03075 1.00285 1.0002 0 0 0 
0 0 0 0 0.999939 1.00047 1.00555 1.0557 1.18947 1.05065 1.00669 1.0004 1.0004 1.00672 1.05079 1.19051 1.54029 1.65287 1.71729 1.71282 1.71134 1.71447 1.6528 1.54027 2.27021 3.83463 5.50389 6.17818 6.15266 5.48585 3.808 2.2544 1.43376 1.48494 1.22805 1.10489 1.10593 1.22976 1.48787 1.43431 1.06566 1.02107 1.00375 1.00018 1.0002 1.00386 1.0214 1.06571 1.02606 1.00314 1.0002 0.999953 0 0 0 
0 0 0 0 0.999987 0.999995 1.00041 1.00451 1.01534 1.00299 1.00016 0.999876 0.999876 1.00016 1.003 1.01544 1.05874 1.07132 1.07933 1.07627 1.07609 1.07896 1.07133 1.05876 1.31055 2.22283 3.51251 3.21548 3.18702 3.46856 2.19838 1.3055 1.06643 1.07716 1.02868 1.00908 1.00923 1.0291 1.07814 1.06678 1.00523 1.00127 1.00018 0.999959 0.999959 1.00019 1.00131 1.00521 1.00216 1.0002 0.999956 0.999991 0 0 0 
0 0 0 0 1 0.999985 0.99996 1.00035 1.00039 0.999828 0.999917 0.999988 0.999988 0.999917 0.999828 1.0004 1.00326 1.00344 1.00401 1.00378 1.00377 1.00398 1.00344 1.00326 1.05215 1.35916 1.98415 1.75114 1.74082 1.96114 1.35159 1.05118 1.00688 1.00791 1.0024 1.00049 1.00051 1.00245 1.00805 1.00695 1.00014 0.999866 0.999958 0.999993 0.999993 0.999957 0.99987 1.00014 1.00015 0.999955 0.999991 1 0 0 0 
1.00035 0.99996 0.999985 1 1 0.999985 0.99996 1.00035 1.0004 0.999828 0.999917 0.999988 0.999988 0.999917 0.999828 1.00039 1.00326 1.00344 1.00401 1.00378 1.00378 1.00401 1.00344 1.00326 1.05215 1.35916 1.98415 1.75114 1.75114 1.98415 1.35916 1.05215 1.00695 1.00805 1.00245 1.00051 1.00051 1.00245 1.00805 1.00695 1.00014 0.99987 0.999957 0.999993 0.999993 0.999957 0.99987 1.00014 1.00015 0.999955 0.999991 1 1 0.999991 0.999955 
1.00451 1.00041 0.999995 0.999987 0.999987 0.999995 1.00041 1.00451 1.01544 1.003 1.00016 0.999876 0.999876 1.00016 1.00299 1.01534 1.05876 1.07133 1.07933 1.07627 1.07627 1.07933 1.07132 1.05874 1.31055 2.22283 3.51251 3.21548 3.21548 3.51251 2.22283 1.31055 1.06678 1.07814 1.0291 1.00923 1.00923 1.0291 1.07814 1.06678 1.00521 1.00131 1.00019 0.999959 0.999959 1.00019 1.00131 1.00521 1.00216 1.0002 0.999956 0.999991 0.999991 0.999956 1.0002 
1.0557 1.00555 1.00047 0.999939 0.999939 1.00047 1.00555 1.0557 1.19051 1.05079 1.00669 1.0004 1.0004 1.00669 1.05065 1.18947 1.54027 1.6528 1.71729 1.71282 1.71282 1.71729 1.65287 1.54029 2.27021 3.83463 5.50389 6.17818 6.17818 5.50389 3.83463 2.27021 1.43431 1.48787 1.22976 1.10593 1.10593 1.22976 1.48787 1.43431 1.06571 1.0214 1.00386 1.0002 1.0002 1.00386 1.0214 1.06571 1.02606 1.00314 1.0002 0.999953 0.999953 1.0002 1.00314 
1.37466 1.04138 1.00267 1.00001 1.00001 1.00267 1.04138 1.37466 2.22604 1.43101 1.07751 1.01038 1.01038 1.07751 1.42964 2.21849 3.75009 4.29253 4.56372 4.58795 4.58795 4.56372 4.29351 3.75069 4.79779 5.95439 7.76585 9.54811 9.54811 7.76585 5.95439 4.79779 2.62986 2.70917 2.16003 1.77085 1.77085 2.16003 2.70917 2.62986 1.50199 1.19484 1.04405 1.00618 1.00618 1.04405 1.19484 1.50199 1.19887 1.03075 1.00285 1.0002 1.0002 1.00285 1.03075 
2.91608 1.51078 1.07878 1.00635 1.00635 1.07878 1.51562 2.93165 4.97073 2.83332 1.45536 1.09322 1.09134 1.44855 2.76344 4.83332 8.07006 9.34892 10.0311 10.1302 10.4199 10.3243 9.64205 8.30786 8.27775 8.87429 10.2752 12.202 12.1637 10.1962 8.88218 8.29082 6.189 6.51358 6.19012 5.59741 5.60129 6.18196 6.51548 6.17205 2.96513 1.98013 1.31575 1.08439 1.07424 1.27122 1.98788 2.9736 1.79601 1.12091 1.00888 1.00016 1.00016 1.00888 1.12091 
1.7025 1.1698 1.01982 1.00103 1.00103 1.01982 1.16911 1.70094 2.24091 1.46258 1.08078 1.0104 1.01034 1.08055 1.46372 2.2478 3.76848 4.27274 4.53478 4.51958 4.48565 4.49349 4.23509 3.73603 5.05176 6.24222 6.91097 7.70538 7.72222 6.91192 6.25245 5.14653 2.8121 2.85105 2.52664 2.08945 2.0935 2.54514 2.88017 2.81475 1.46058 1.16293 1.03079 1.00472 1.00446 1.02885 1.16412 1.4607 1.15152 1.01718 1.00083 0.999854 0.999854 1.00083 1.01718 
1.13847 1.02739 1.00218 0.999934 0.999934 1.00218 1.0273 1.13838 1.20716 1.05817 1.00665 1.00021 1.0002 1.00663 1.05862 1.2087 1.59347 1.70102 1.75315 1.73048 1.72743 1.74856 1.6964 1.59441 2.71147 4.2575 5.08371 4.69695 4.72309 5.10942 4.39533 2.87328 1.44611 1.44006 1.30267 1.15035 1.15145 1.30792 1.44972 1.44506 1.05904 1.01408 1.00102 0.999918 0.99991 1.00089 1.01419 1.05904 1.0165 1.00133 0.99998 0.999975 0.999975 0.99998 1.00133 
1.01846 1.0028 0.999988 0.999943 0.999943 0.999988 1.0028 1.01845 1.02141 1.00387 1.00001 0.999868 0.999869 1.00001 1.00397 1.02176 1.08638 1.10489 1.11069 1.10159 1.10083 1.10959 1.10376 1.08674 1.52912 2.79348 4.06605 2.90204 2.92449 4.12731 2.99215 1.59018 1.08175 1.08071 1.04184 1.01162 1.01179 1.04301 1.08339 1.08141 1.00458 1.00027 0.99997 0.999988 0.999988 0.999963 1.00028 1.00458 1.00125 0.999977 0.999962 0.999998 0.999998 0.999962 0.999977 
1.01845 1.0028 0.999987 0.999943 0.999943 0.999988 1.0028 1.01845 1.0216 1.00392 1.00001 0.999869 0.999868 1.00001 1.00387 1.02141 1.08674 1.10376 1.10959 1.10083 1.10083 1.10959 1.10376 1.08674 1.59018 2.99215 4.12731 2.92449 2.92449 4.12731 2.99215 1.59018 1.08175 1.08071 1.04301 1.01162 1.01162 1.04184 1.08071 1.08175 1.00458 1.00028 0.999963 0.999988 0.999988 0.99997 1.00027 1.00458 1.00125 0.999977 0.999962 0.999998 0.999998 0.999962 0.999976 
1.13838 1.0273 1.00217 0.999932 0.999934 1.00218 1.0273 1.13838 1.20803 1.05828 1.00663 1.0002 1.00021 1.00665 1.05817 1.20716 1.59441 1.6964 1.74856 1.72743 1.72743 1.74856 1.6964 1.59441 2.87328 4.39533 5.10942 4.72309 4.72309 5.10942 4.39533 2.87328 1.44611 1.44006 1.30792 1.15035 1.15035 1.30267 1.44006 1.44611 1.05904 1.01419 1.00089 0.99991 0.999918 1.00102 1.01408 1.05904 1.0165 1.00133 0.99998 0.999975 0.999975 0.999977 1.00131 
1.70094 1.16911 1.01972 1.00102 1.00103 1.01982 1.16911 1.70094 2.24565 1.46231 1.08055 1.01034 1.0104 1.08078 1.46258 2.24091 3.73603 4.23509 4.49349 4.48565 4.48565 4.49349 4.23509 3.73603 5.14653 6.25245 6.91192 7.72222 7.72222 6.91192 6.25245 5.14653 2.8121 2.85105 2.54514 2.08945 2.08945 2.52664 2.85105 2.8121 1.4607 1.16412 1.02885 1.00446 1.00472 1.03079 1.16293 1.46058 1.15152 1.01718 1.00083 0.999854 0.999852 1.00081 1.01701 
2.93165 1.51562 1.07956 1.00642 1.00635 1.07878 1.51562 2.93165 4.87217 2.77958 1.44855 1.09134 1.09322 1.45536 2.83332 4.97073 8.30786 9.64205 10.3243 10.4199 10.4199 10.3243 9.64205 8.30786 8.29082 8.88218 10.1962 12.1637 12.1637 10.1962 8.88218 8.29082 6.189 6.51358 6.18196 5.59741 5.59741 6.19012 6.51358 6.189 2.9736 1.98788 1.27122 1.07424 1.08439 1.31575 1.98013 2.96513 1.79601 1.12091 1.00888 1.00016 1.00015 1.00872 1.12065 
7.25109 2.97997 1.42029 1.0516 1.0516 1.42029 2.97997 7.25109 12.3583 7.46598 3.4242 1.88111 1.88803 3.4374 7.4556 12.508 19.0324 22.5565 23.4438 23.7228 23.7838 23.4135 22.6908 19.1066 14.6145 16.108 17.6173 19.5195 19.6764 17.7752 16.108 14.6145 11.0274 11.2897 10.9442 10.7235 10.7235 10.9944 11.2897 11.0274 6.95192 5.01976 2.94418 1.79566 1.79573 2.94418 5.01976 6.95192 4.82182 2.22308 1.2048 1.01887 1.01887 1.2048 2.22308 
8.40633 3.39674 1.52065 1.06925 1.06925 1.52065 3.39674 8.40633 13.8995 8.8619 4.15066 2.24865 2.26058 4.17804 8.84679 13.9716 19.4332 24.1796 26.0114 26.7078 26.7184 26.0054 24.2034 19.4237 13.6743 15.3366 17.4364 19.6746 19.7116 17.4384 15.3366 13.6743 10.6525 10.5359 9.88749 9.38238 9.38238 9.93883 10.5359 10.6525 6.24696 4.37864 2.48332 1.4925 1.49075 2.48332 4.37864 6.24696 3.8391 1.74605 1.11425 1.00853 1.00853 1.11425 1.74605 
6.99952 2.88874 1.37873 1.04485 1.04485 1.37873 2.88874 6.99952 11.6941 7.25313 3.3259 1.83973 1.84785 3.34514 7.22691 11.7548 16.7846 21.1544 22.6892 23.0945 23.0618 22.6697 21.1773 16.7661 12.2393 14.6772 17.4592 19.7612 19.7963 17.4704 14.6772 12.2393 8.70189 8.76518 7.63719 6.54343 6.54343 7.63835 8.76518 8.70189 4.50353 3.16279 1.8844 1.25523 1.25459 1.8844 3.16279 4.50353 2.60374 1.3517 1.04791 1.00296 1.00296 1.04791 1.3517 
5.74255 2.43163 1.2417 1.02228 1.02228 1.2417 2.43163 5.74255 9.20828 5.31885 2.28 1.32278 1.32539 2.28727 5.31078 9.2594 14.2267 17.9873 19.2062 19.4192 19.4817 19.2573 17.9988 14.2135 10.6113 15.233 19.2152 20.7577 20.775 19.2321 15.233 10.6113 6.97154 7.3893 5.70009 3.94936 3.94936 5.68536 7.3893 6.97154 3.14716 2.07403 1.3249 1.06353 1.06351 1.3249 2.07403 3.14716 1.7785 1.12171 1.01012 1.0003 1.0003 1.01012 1.12171 
5.76163 2.43298 1.24154 1.02218 1.02228 1.2417 2.43163 5.74255 9.20828 5.31885 2.28 1.32278 1.32278 2.28 5.31885 9.20828 14.2135 17.9988 19.2573 19.4817 19.4817 19.2573 17.9988 14.2135 10.5865 15.2074 19.2321 20.775 20.7577 19.2152 15.233 10.6113 6.97154 7.3893 5.68536 3.94936 3.9299 5.69793 7.41791 6.95521 3.14741 2.06581 1.32116 1.06262 1.06353 1.3249 2.07403 3.14716 1.7785 1.12171 1.01012 1.0003 1.00034 1.01049 1.12397 
7.04293 2.89389 1.3786 1.04455 1.04485 1.37873 2.88874 6.99952 11.6941 7.25313 3.3259 1.83973 1.83973 3.3259 7.25313 11.6941 16.7661 21.1773 22.6697 23.0618 23.0618 22.6697 21.1773 16.7661 12.1952 14.64 17.4704 19.7963 19.7612 17.4592 14.6772 12.2393 8.70189 8.76518 7.63835 6.54343 6.49592 7.64278 8.80432 8.68915 4.50321 3.14895 1.87105 1.25102 1.25523 1.8844 3.16279 4.50353 2.60374 1.3517 1.04791 1.00296 1.00316 1.04933 1.35824 
8.46154 3.40381 1.52058 1.0688 1.06925 1.52065 3.39674 8.40633 13.8995 8.8619 4.15066 2.24865 2.24865 4.15066 8.8619 13.8995 19.4237 24.2034 26.0054 26.7184 26.7184 26.0054 24.2034 19.4237 13.6323 15.3048 17.4384 19.7116 19.6746 17.4364 15.3366 13.6743 10.6525 10.5359 9.93883 9.38238 9.30883 9.9083 10.5489 10.6158 6.2451 4.36593 2.46587 1.48612 1.4925 2.48332 4.37864 6.24696 3.8391 1.74605 1.11425 1.00853 1.0088 1.11602 1.75306 
7.32004 2.99478 1.42196 1.05154 1.0516 1.42029 2.97997 7.25109 12.3583 7.46598 3.4242 1.88111 1.88111 3.4242 7.46598 12.3583 19.1066 22.6908 23.4135 23.7838 23.7838 23.4135 22.6908 19.1066 14.7176 16.2543 17.7752 19.6764 19.5195 17.6173 16.108 14.6145 11.0274 11.2897 10.9944 10.7235 10.7319 11.0278 11.3552 11.0517 7.02242 5.08021 2.96799 1.80374 1.79566 2.94418 5.01976 6.95192 4.82182 2.22308 1.2048 1.01887 1.01908 1.20692 2.2355 
10.2068 4.10709 1.73017 1.10732 1.10732 1.73017 4.10709 10.2068 17.9311 9.93161 4.22674 2.07509 2.07509 4.22674 9.93161 17.9311 26.5051 29.6961 30.8954 31.1595 31.033 30.8954 29.6961 26.5051 25.3481 27.5126 28.62 29.3207 29.4346 28.7639 27.6544 25.4458 22.5886 23.8015 23.694 24.225 23.0642 23.0144 23.3559 22.2271 16.1494 13.7163 9.41878 5.60217 5.65177 9.47661 13.7298 16.2013 11.0699 4.58828 1.80896 1.123 1.12165 1.80326 4.56334 
11.9206 4.71962 1.89793 1.14182 1.14182 1.89793 4.71962 11.9206 19.984 11.4024 4.87369 2.35683 2.35683 4.87369 11.4024 19.984 28.9944 32.0008 33.4986 33.8095 33.8144 33.4986 32.0008 28.9944 27.6133 28.5318 29.6005 30.8051 30.8281 29.6048 28.5107 27.583 26.9076 29.3416 30.2596 30.4494 30.4787 30.2568 29.215 27.0394 18.0196 15.6143 10.5957 6.41234 6.44477 10.6194 15.5725 18.0033 12.2419 4.93467 1.88397 1.12846 1.12778 1.88134 4.92466 
12.5956 4.95462 1.95985 1.15143 1.15143 1.95985 4.95462 12.5956 21.3165 12.1898 5.15505 2.45811 2.45811 5.15505 12.1898 21.3165 30.5303 33.1231 34.4165 34.6688 34.6709 34.4165 33.1231 30.5303 29.2941 29.4004 30.4897 31.8376 31.8584 30.4879 29.3847 29.2663 29.0278 31.8358 33.1526 33.6035 33.5358 33.0484 31.6775 29.1622 19.3087 16.9466 11.4834 6.87919 6.91173 11.5045 16.908 19.2904 13.1531 5.26469 1.964 1.14028 1.1396 1.9613 5.25404 
12.6819 4.91538 1.90933 1.13295 1.13295 1.90933 4.91538 12.6819 21.8976 12.1179 4.96624 2.31837 2.31837 4.96624 12.1179 21.8976 31.2443 33.4986 34.6224 34.8475 34.8494 34.6224 33.4986 31.2443 30.4771 30.5894 31.5716 32.7829 32.795 31.569 30.5799 30.4648 29.7703 32.5661 33.9615 34.4055 34.3653 33.8985 32.4674 29.8741 20.0623 17.7056 11.77 6.87846 6.89645 11.7824 17.6846 20.0494 13.7485 5.43388 1.99325 1.14075 1.14028 1.99138 5.426 
12.632 4.90375 1.90572 1.13203 1.13295 1.90933 4.91538 12.6819 21.8976 12.1179 4.96624 2.31837 2.31821 4.96459 12.1076 22.0135 31.2108 33.4796 34.6187 34.8475 34.8475 34.6187 33.4986 31.2443 30.4648 30.5799 31.569 32.795 32.795 31.569 30.5894 30.4771 29.8103 32.4975 33.9064 34.3716 34.4055 33.9615 32.5654 29.7703 20.0494 17.6846 11.7824 6.89645 6.89645 11.7824 17.6846 20.0494 13.7485 5.43388 1.99325 1.14075 1.14075 1.99325 5.43388 
12.5179 4.93283 1.95313 1.14985 1.15143 1.95985 4.95462 12.5956 21.3165 12.1898 5.15505 2.45811 2.45826 5.15261 12.1985 21.4157 30.4886 33.0877 34.4136 34.6688 34.6688 34.4136 33.1231 30.5303 29.2663 29.3847 30.4879 31.8584 31.8584 30.4879 29.4004 29.2941 29.102 31.7206 33.0672 33.5469 33.6035 33.1526 31.8464 29.0278 19.2904 16.908 11.5045 6.91173 6.91173 11.5045 16.908 19.2904 13.1531 5.26469 1.964 1.14028 1.14028 1.964 5.26469 
11.8442 4.69834 1.89147 1.14032 1.14182 1.89793 4.71962 11.9206 19.984 11.4024 4.87369 2.35683 2.35465 4.86235 11.3881 20.0596 28.9576 31.96 33.5071 33.8095 33.8095 33.5071 32.0008 28.9944 27.583 28.5107 29.6048 30.8281 30.8281 29.6048 28.5318 27.6133 26.9865 29.2534 30.2727 30.481 30.4494 30.2596 29.3286 26.9076 18.0033 15.5725 10.6194 6.44477 6.44477 10.6194 15.5725 18.0033 12.2419 4.93467 1.88397 1.12846 1.12846 1.88397 4.93467 
10.1441 4.08701 1.72465 1.1062 1.10732 1.73017 4.10709 10.2068 17.9311 9.93161 4.22674 2.07509 2.07611 4.23184 9.98003 18.0936 26.5484 29.7234 30.8884 31.1595 31.1595 30.8884 29.6961 26.5051 25.4458 27.6544 28.7639 29.4346 29.4346 28.7639 27.5126 25.3481 22.2726 23.474 23.1331 23.1874 24.225 23.694 23.9059 22.5886 16.2013 13.7298 9.47661 5.65177 5.65177 9.47661 13.7298 16.2013 11.0699 4.58828 1.80896 1.123 1.123 1.80896 4.58828 
8.13806 3.11148 1.44197 1.05549 1.05628 1.44607 3.11148 8.13806 15.6528 7.38425 2.90565 1.47069 1.47069 2.90565 7.45269 15.7018 28.167 31.5624 33.4512 33.9326 33.9326 33.4512 31.5624 28.167 31.6123 33.8904 34.3563 34.2068 34.2232 34.3647 33.9065 31.6439 27.068 30.1318 30.958 31.1112 31.0028 30.8884 30.1023 27.1364 18.766 15.6737 11.5678 7.5289 7.5289 11.5678 15.6737 18.766 12.9373 6.03951 2.36656 1.31061 1.31061 2.36656 6.03951 
6.71157 2.47554 1.27434 1.02885 1.02946 1.27776 2.47554 6.71157 14.0355 6.07986 2.33616 1.2733 1.2733 2.33616 6.13386 14.0783 27.9981 31.79 33.905 34.4608 34.4608 33.905 31.79 27.9981 32.3664 34.1915 34.5993 34.572 34.5696 34.5992 34.1965 32.3886 28.9076 31.8453 33.0707 33.3439 33.3811 33.0934 31.8892 28.9839 20.5439 17.0621 12.5919 8.16446 8.16446 12.5919 17.0621 20.5439 13.6188 6.13384 2.39053 1.32129 1.32129 2.39053 6.13384 
6.16403 2.24075 1.21302 1.02076 1.02125 1.21586 2.24075 6.16403 13.3799 5.56553 2.13179 1.21428 1.21428 2.13179 5.61494 13.4217 27.9133 31.8748 34.0589 34.6455 34.6455 34.0589 31.8748 27.9133 32.795 34.2996 34.7055 34.7836 34.7836 34.7061 34.3045 32.8175 29.8126 32.8576 34.1733 34.4853 34.4989 34.1878 32.8851 29.8785 21.4074 17.5933 12.6739 8.1643 8.1643 12.6739 17.5933 21.4074 14.0721 6.18522 2.39596 1.31564 1.31564 2.39596 6.18522 
5.92854 2.11661 1.16843 1.01385 1.01409 1.16992 2.11661 5.92854 13.2872 5.43169 2.03937 1.17479 1.17479 2.03937 5.45672 13.3127 27.9919 31.9743 34.1028 34.6784 34.6784 34.1028 31.9743 27.9919 33.0185 34.3382 34.7426 34.8693 34.8692 34.7429 34.3407 33.0298 30.2072 33.2455 34.5024 34.7765 34.7832 34.5099 33.254 30.26 21.9849 17.9028 12.2001 7.92058 7.92058 12.2001 17.9028 21.9849 14.6131 6.17484 2.34193 1.27206 1.27206 2.34193 6.17484 
5.94299 2.1225 1.16992 1.01409 1.01385 1.16843 2.11661 5.92854 13.2872 5.43169 2.05851 1.18148 1.17479 2.03937 5.43169 13.2872 27.991 31.9744 34.1028 34.6784 34.6784 34.1028 31.9743 27.9919 33.0298 34.3407 34.7429 34.8692 34.8692 34.7429 34.3407 33.0298 30.26 33.254 34.5099 34.7793 34.7765 34.5024 33.2455 30.2072 21.9949 17.9615 12.176 7.88616 7.92058 12.2001 17.9028 21.9849 14.6131 6.17484 2.34193 1.27206 1.26975 2.34173 6.15348 
6.1924 2.2518 1.21586 1.02125 1.02076 1.21302 2.24075 6.16403 13.3799 5.56553 2.16966 1.22748 1.21428 2.13179 5.56553 13.3799 27.9136 31.875 34.0589 34.6455 34.6453 34.0589 31.8748 27.9133 32.8175 34.3045 34.7061 34.7836 34.7836 34.7061 34.3045 32.8175 29.8785 32.8851 34.1878 34.4902 34.4853 34.1733 32.8576 29.8126 21.4309 17.6847 12.6396 8.1015 8.1643 12.6739 17.5933 21.4074 14.0721 6.18522 2.39596 1.31564 1.31163 2.39571 6.15359 
6.74277 2.48834 1.27776 1.02946 1.02885 1.27434 2.47554 6.71157 14.0355 6.07986 2.38315 1.28918 1.2733 2.33616 6.07986 14.0355 27.998 31.7902 33.905 34.4608 34.4603 33.9046 31.79 27.9981 32.3886 34.1965 34.5992 34.5696 34.5696 34.5992 34.1965 32.3886 28.9839 31.8892 33.0934 33.3588 33.3439 33.0707 31.8453 28.9076 20.5741 17.1551 12.5597 8.09689 8.16446 12.5919 17.0621 20.5439 13.6188 6.13384 2.39053 1.32129 1.3171 2.39026 6.10016 
8.1762 3.12653 1.44607 1.05628 1.05549 1.44197 3.11148 8.13806 15.6528 7.38425 2.97247 1.4932 1.47069 2.90565 7.38425 15.6528 28.1681 31.5621 33.4512 33.9326 33.9398 33.4534 31.5624 28.167 31.6439 33.9065 34.3647 34.2232 34.2232 34.3647 33.9065 31.6439 27.1364 30.1023 30.8884 31.0419 31.1112 30.958 30.1318 27.068 18.7542 15.7293 11.5387 7.48001 7.5289 11.5678 15.6737 18.766 12.9373 6.03951 2.36656 1.31061 1.30737 2.36633 6.01026 
9.6623 3.73718 1.58404 1.07998 1.07998 1.58404 3.73718 9.6623 17.4429 8.71814 3.44935 1.66886 1.66989 3.45306 8.71814 17.4429 29.0896 32.1272 33.6449 34.176 34.1757 33.6465 32.1156 29.1553 29.9828 33.0535 33.7498 33.4758 33.4758 33.7293 33.0162 29.9761 24.4228 28.5575 30.0294 30.4475 30.3859 29.9381 28.5805 24.5419 12.1165 10.0416 8.79648 7.93619 7.96272 8.77763 10.0404 12.1165 8.52341 5.28045 2.61437 1.49859 1.49859 2.61432 5.27099 
10.9876 4.25678 1.73529 1.10972 1.10972 1.73529 4.25678 10.9876 19.7106 10.2417 4.08294 1.90817 1.90892 4.08785 10.2417 19.7106 30.9797 33.2978 34.3205 34.6554 34.655 34.3179 33.2835 31.0473 31.2468 33.4521 34.1223 34.1762 34.1762 34.1176 33.4395 31.2894 27.5656 31.6192 33.1456 33.4813 33.4692 33.1206 31.6044 27.6319 14.1339 12.3083 11.4769 11.3017 11.4091 11.5079 12.3087 14.1342 9.79896 6.20881 3.11098 1.71744 1.71746 3.11078 6.18115 
11.6495 4.5536 1.81306 1.12244 1.12244 1.81306 4.5536 11.6495 20.5522 10.7491 4.26194 1.96703 1.96765 4.26635 10.7491 20.5522 31.7382 33.7729 34.6124 34.8519 34.8515 34.6108 33.7613 31.804 32.0147 33.7133 34.3326 34.5004 34.5004 34.3286 33.7037 32.0521 28.9329 32.6612 34.1319 34.5076 34.5093 34.1339 32.6705 29.009 15.9286 13.8481 12.7851 12.1829 12.2686 12.8039 13.8482 15.9285 11.0354 6.98277 3.43795 1.83462 1.83466 3.43783 6.9529 
11.748 4.55403 1.79853 1.1142 1.1142 1.79853 4.55403 11.748 20.788 10.8709 4.28275 1.95587 1.95603 4.28377 10.8709 20.788 32.0008 33.9151 34.7071 34.8997 34.8994 34.7063 33.905 32.0576 32.485 33.9508 34.4723 34.6883 34.6883 34.4703 33.9475 32.5091 29.5136 32.9939 34.4073 34.7607 34.7618 34.4094 32.9984 29.5801 17.9189 15.0968 12.9104 10.9772 11.0336 12.9247 15.0966 17.9199 12.225 6.81759 3.01451 1.64372 1.64376 3.01446 6.79224 
11.7415 4.5433 1.79548 1.11346 1.1142 1.79853 4.55403 11.748 20.8736 10.8611 4.28377 1.95603 1.95603 4.28377 10.8611 20.8736 32.0576 33.905 34.7063 34.8994 34.8994 34.7063 33.905 32.0576 32.5091 33.9475 34.4703 34.6874 34.6883 34.4723 33.9508 32.485 29.5801 32.9984 34.4094 34.7618 34.7574 34.3975 32.972 29.6023 17.9199 15.0966 12.9247 11.0336 11.0336 12.9247 15.0966 17.9199 12.225 6.81759 3.01451 1.64372 1.64372 3.01451 6.81759 
11.6317 4.53702 1.80834 1.1213 1.12244 1.81306 4.5536 11.6495 20.6434 10.7516 4.26635 1.96765 1.96765 4.26635 10.7516 20.6434 31.804 33.7613 34.6108 34.8515 34.8515 34.6108 33.7613 31.804 32.0521 33.7037 34.3286 34.4989 34.5004 34.3326 33.7133 32.0147 29.009 32.6705 34.1339 34.5093 34.5026 34.1187 32.6349 29.043 15.9285 13.8482 12.8039 12.2686 12.2686 12.8039 13.8482 15.9285 11.0354 6.98277 3.43795 1.83462 1.83462 3.43795 6.98277 
10.9674 4.24076 1.73071 1.10864 1.10972 1.73529 4.25678 10.9876 19.8043 10.2464 4.08785 1.90892 1.90892 4.08785 10.2464 19.8043 31.0473 33.2835 34.3179 34.655 34.655 34.3179 33.2835 31.0473 31.2894 33.4395 34.1176 34.1749 34.1762 34.1223 33.4521 31.2468 27.6319 31.6044 33.1206 33.4692 33.4828 33.1323 31.5904 27.6792 14.1342 12.3087 11.5079 11.4091 11.4091 11.5079 12.3087 14.1342 9.79896 6.20881 3.11098 1.71744 1.71744 3.11098 6.20881 
9.62762 3.71986 1.57966 1.07908 1.07998 1.58404 3.73718 9.6623 17.5148 8.71448 3.45306 1.66989 1.66989 3.45306 8.71448 17.5148 29.1553 32.1156 33.6465 34.1757 34.1757 33.6465 32.1156 29.1553 29.9761 33.0162 33.7293 33.4429 33.4758 33.7498 33.0535 29.9828 24.5419 28.5805 29.9381 30.3859 30.3667 29.9233 28.4638 24.4708 12.1165 10.0404 8.77763 7.96272 7.96272 8.77763 10.0404 12.1165 8.52341 5.28045 2.61437 1.49859 1.49859 2.61437 5.28045 
6.79684 2.55107 1.26079 1.02419 1.02433 1.26139 2.55306 6.80618 13.6031 6.24317 2.41017 1.3142 1.31793 2.42448 6.27001 13.7229 25.7699 29.9553 32.2213 32.9327 32.9327 32.2213 29.9553 25.7699 24.2116 27.1234 27.7252 27.6248 27.6248 27.7252 26.9697 24.1214 18.3186 22.5697 23.551 23.5844 23.5784 23.5496 22.5888 18.2651 8.84895 6.3209 3.88839 2.31818 2.31818 3.88839 6.3209 8.84895 5.34667 2.59044 1.38297 1.06939 1.06939 1.38297 2.59044 
6.27161 2.26194 1.18516 1.01439 1.01459 1.18668 2.26992 6.30478 13.4265 5.86406 2.2247 1.25434 1.25781 2.23624 5.87911 13.5195 26.2843 30.6757 33.159 33.9745 33.9745 33.159 30.6757 26.2843 24.3452 27.5856 28.753 29.4386 29.4386 28.753 27.6065 24.4163 18.8623 24.7228 27.8868 29.3798 29.3503 27.8446 24.7125 18.7903 7.39481 4.5984 2.39115 1.35843 1.35843 2.39115 4.5984 7.39481 4.29923 1.90483 1.14925 1.01525 1.01525 1.14925 1.90483 
6.03507 2.15514 1.16214 1.01187 1.01205 1.16354 2.16258 6.0666 13.2961 5.67281 2.13791 1.22777 1.23102 2.14848 5.68582 13.3904 26.5474 31.0364 33.583 34.4141 34.4141 33.583 31.0364 26.5474 24.793 28.3361 29.9298 30.908 30.908 29.9298 28.3572 24.8717 19.0945 26.2048 30.2233 32.1484 32.1263 30.1881 26.197 19.0099 5.86802 3.159 1.57377 1.07423 1.07423 1.57377 3.159 5.86802 3.11091 1.46005 1.05618 1.00352 1.00352 1.05618 1.46005 
5.91385 2.09483 1.14305 1.00957 1.00965 1.1437 2.09852 5.93184 13.2675 5.55855 2.0686 1.1922 1.19388 2.07444 5.56151 13.352 26.6566 31.1582 33.7461 34.512 34.512 33.7461 31.1582 26.6566 25.5751 29.2534 30.9357 32.101 32.101 30.9357 29.2644 25.6252 19.2419 27.3061 31.6096 33.2289 33.2179 31.5918 27.3122 19.1521 5.12407 2.5303 1.2914 1.01841 1.01841 1.2914 2.5303 5.12407 2.49957 1.27271 1.02666 1.00106 1.00106 1.02666 1.27271 
5.93184 2.09852 1.1437 1.00965 1.00965 1.1437 2.09852 5.93184 13.2675 5.55855 2.0686 1.1922 1.1922 2.0686 5.55855 13.2675 26.5629 31.1796 33.746 34.512 34.512 33.7461 31.1582 26.6566 25.6252 29.2644 30.9414 32.104 32.101 30.9357 29.2534 25.5751 19.1521 27.3122 31.5918 33.2179 33.2179 31.5918 27.3122 19.1521 5.2002 2.53499 1.29281 1.01684 1.01753 1.29144 2.5303 5.12407 2.49957 1.27271 1.02666 1.00106 1.00103 1.02635 1.2707 
6.0666 2.16258 1.16354 1.01205 1.01205 1.16354 2.16258 6.0666 13.2961 5.67281 2.13791 1.22777 1.22777 2.13791 5.67281 13.2961 26.4409 31.0549 33.5826 34.4138 34.4141 33.583 31.0364 26.5474 24.8717 28.3572 29.9387 30.9123 30.908 29.9298 28.3361 24.793 19.0099 26.197 30.1881 32.1263 32.1263 30.1881 26.197 19.0099 5.94644 3.16131 1.57271 1.07066 1.07192 1.57036 3.159 5.86802 3.11091 1.46005 1.05618 1.00352 1.00343 1.05542 1.4559 
6.30478 2.26992 1.18668 1.01459 1.01459 1.18668 2.26992 6.30478 13.4265 5.86406 2.2247 1.25434 1.25434 2.2247 5.86406 13.4265 26.1805 30.6924 33.1565 33.9731 33.9745 33.159 30.6757 26.2843 24.4163 27.6065 28.7611 29.442 29.4386 28.753 27.5856 24.3452 18.7903 24.7125 27.8446 29.3503 29.3503 27.8446 24.7125 18.7903 7.46053 4.59728 2.37955 1.34851 1.35118 2.37789 4.5984 7.39481 4.29923 1.90483 1.14925 1.01525 1.01505 1.14782 1.89913 
6.80618 2.55306 1.26139 1.02433 1.02433 1.26139 2.55306 6.80618 13.6031 6.24317 2.41017 1.3142 1.3142 2.41017 6.24317 13.6031 25.6866 29.9732 32.2209 32.9331 32.9327 32.2213 29.9553 25.7699 24.1214 26.9697 27.5489 27.471 27.6248 27.7252 27.1234 24.2116 18.2651 22.5888 23.5496 23.5784 23.5784 23.5496 22.5888 18.2651 8.86663 6.31051 3.81124 2.24928 2.28266 3.84979 6.3209 8.84895 5.34667 2.59044 1.38297 1.06939 1.06728 1.37344 2.56247 
4.34169 1.74112 1.10461 1.00878 1.00878 1.10461 1.74112 4.34169 9.23138 4.00273 1.65465 1.10208 1.10208 1.65465 4.00273 9.23138 19.9563 25.8988 28.1697 28.6931 28.5238 28.003 25.8988 19.9563 14.3488 13.2847 12.3555 12.3595 12.3561 12.3518 13.1069 14.2304 14.1816 17.8003 15.6918 13.2662 13.2662 15.6918 17.8003 14.1816 6.61847 4.10808 2.04639 1.26952 1.26983 2.04701 4.10843 6.61899 3.01411 1.35468 1.03014 1.00094 1.00087 1.02971 1.35405 
4.31282 1.72373 1.10498 1.00911 1.00911 1.10498 1.72373 4.31282 9.32482 3.97204 1.62302 1.0917 1.0917 1.62302 3.97204 9.32482 20.9689 28.4171 31.0774 31.7505 31.7577 31.0908 28.4171 20.9689 13.6087 11.2091 9.15969 8.19406 8.19429 9.15995 11.2033 13.6094 13.8199 17.6667 13.9924 9.79936 9.79936 13.9924 17.6667 13.8199 6.01328 3.39765 1.65809 1.16438 1.16439 1.65813 3.39758 6.01357 2.76795 1.32238 1.03423 1.002 1.00201 1.03413 1.32098 
4.30736 1.71359 1.102 1.00888 1.00888 1.102 1.71359 4.30736 9.42539 4.00396 1.62504 1.09094 1.09094 1.62504 4.00396 9.42539 21.406 29.6046 32.5707 33.3409 33.3452 32.5844 29.6046 21.406 12.6492 9.39799 6.73793 5.043 5.04292 6.73758 9.39185 12.6507 13.6922 17.3888 13.0273 8.0364 8.0364 13.0273 17.3888 13.6922 5.97226 3.28915 1.61633 1.1616 1.16161 1.61633 3.2891 5.97245 2.75303 1.32859 1.03662 1.00233 1.00235 1.03654 1.32717 
4.25909 1.67666 1.0868 1.00654 1.00654 1.0868 1.67666 4.25909 9.45118 4.00385 1.60979 1.08109 1.08109 1.60979 4.00385 9.45118 21.4909 29.9272 32.9749 33.7764 33.7806 32.9853 29.9272 21.4909 11.0913 7.05209 4.52242 2.92727 2.92723 4.52227 7.04771 11.0925 13.7102 17.2862 12.6848 7.4842 7.4842 12.6848 17.2862 13.7102 6.0229 3.18257 1.56255 1.13641 1.13642 1.56257 3.18249 6.02335 2.78728 1.33342 1.03489 1.00208 1.00209 1.03492 1.3329 
4.25738 1.67421 1.08679 1.00654 1.00654 1.0868 1.67666 4.25909 9.45118 4.00385 1.60979 1.08109 1.08308 1.61561 4.01064 9.40031 21.4817 29.9376 32.9853 33.7806 33.7764 32.9749 29.9272 21.4909 11.0925 7.04771 4.52227 2.92723 2.92723 4.52227 7.04771 11.0925 13.7391 17.2833 12.6832 7.48598 7.48598 12.6832 17.2833 13.7391 5.99921 3.16781 1.54993 1.13642 1.13641 1.56255 3.16781 6.0229 2.77822 1.3329 1.03492 1.00209 1.00208 1.03489 1.33342 
4.30183 1.70917 1.10198 1.00888 1.00888 1.102 1.71359 4.30736 9.42539 4.00396 1.62504 1.09094 1.09473 1.63782 4.01507 9.37032 21.3885 29.6211 32.5844 33.3452 33.3409 32.5707 29.6046 21.406 12.6507 9.39185 6.73758 5.04292 5.04292 6.73758 9.39185 12.6507 13.7268 17.3789 13.0182 8.03769 8.03769 13.0182 17.3789 13.7268 5.94641 3.26666 1.59675 1.16161 1.1616 1.61633 3.26666 5.97226 2.73892 1.32717 1.03654 1.00235 1.00233 1.03662 1.32859 
4.30601 1.71901 1.10496 1.00911 1.00911 1.10498 1.72373 4.31282 9.32482 3.97204 1.62302 1.0917 1.09568 1.63687 3.98494 9.27178 20.9597 28.4298 31.0908 31.7577 31.7505 31.0774 28.4171 20.9689 13.6094 11.2033 9.15995 8.19429 8.19429 9.15995 11.2033 13.6094 13.8568 17.6495 13.9699 9.79029 9.79029 13.9699 17.6495 13.8568 5.97918 3.37316 1.63969 1.16439 1.16438 1.65809 3.37316 6.01328 2.75461 1.32098 1.03413 1.00201 1.002 1.03423 1.32238 
4.31844 1.73435 1.10459 1.00878 1.00878 1.10461 1.74112 4.34169 9.23138 4.00273 1.65465 1.10208 1.10403 1.65798 4.00626 9.14834 19.8289 25.7356 28.003 28.5238 28.6931 28.1697 25.8988 19.9563 14.2304 13.1069 12.3518 12.3561 12.3561 12.3518 13.1069 14.2304 14.174 17.7302 15.605 13.1919 13.1919 15.605 17.7302 14.174 6.49792 4.0521 2.0071 1.26983 1.26952 2.04639 4.0521 6.61847 3.009 1.35405 1.02971 1.00087 1.00094 1.03014 1.35468 
1.4246 1.06253 1.00636 1.00042 1.00042 1.00636 1.06253 1.4246 2.82326 1.42175 1.05412 1.00442 1.00459 1.05412 1.43142 2.84853 9.79219 12.9938 14.1498 14.5928 14.5928 14.1498 12.9938 9.79219 5.56588 4.11684 3.58894 3.68384 3.68384 3.58894 4.11684 5.56588 7.49725 9.62625 7.89718 6.45324 6.45324 7.89718 9.62625 7.49725 2.85744 1.74383 1.19295 1.02793 1.02683 1.18332 1.69464 2.7319 1.4401 1.05309 1.00398 1.00006 1.00006 1.00404 1.05384 
1.09307 1.0119 1.00099 0.999853 0.999853 1.00099 1.0119 1.09307 1.41188 1.06493 1.00523 0.999941 0.999942 1.00523 1.06562 1.41189 3.78678 5.12394 5.8443 6.03217 6.03217 5.8443 5.12394 3.78678 2.3508 1.69967 1.49173 1.54917 1.54917 1.49173 1.69967 2.3508 3.37769 4.10042 3.19876 2.34002 2.34002 3.19876 4.10042 3.37769 1.41109 1.12248 1.02413 1.00225 1.00229 1.02404 1.12191 1.3914 1.08732 1.00894 1.00044 0.999813 0.999812 1.00043 1.00886 
1.01055 1.00107 0.999965 0.999967 0.999967 0.999965 1.00107 1.01055 1.04938 1.0053 1.00008 0.999911 0.999911 1.00008 1.00537 1.04938 1.58928 1.97118 2.21985 2.25432 2.25432 2.21985 1.97118 1.58928 1.22412 1.08827 1.0507 1.06035 1.06035 1.0507 1.08827 1.22412 1.71333 1.843 1.46754 1.17831 1.17831 1.46754 1.843 1.71333 1.05699 1.01043 1.00122 0.999928 0.999931 1.0012 1.00962 1.05074 1.00883 1.00071 0.999938 0.99998 0.999981 0.999938 1.0007 
1.00089 0.999952 0.99996 0.999997 0.999997 0.99996 0.999952 1.00089 1.00361 0.999988 0.999914 0.999998 0.999998 0.999914 0.999994 1.00361 1.0858 1.16612 1.22483 1.2266 1.2266 1.22483 1.16612 1.0858 1.0236 1.00857 1.00508 1.00596 1.00596 1.00508 1.00857 1.0236 1.17815 1.1981 1.0811 1.01479 1.01479 1.0811 1.1981 1.17815 1.00642 1.00012 0.999885 0.999969 0.99997 0.999884 0.999986 1.00521 1.00048 0.999904 0.999974 1 1 0.999974 0.999904 
1.00089 0.999952 0.99996 0.999997 0.999997 0.99996 0.999952 1.00089 1.00361 0.999994 0.999914 0.999998 0.999998 0.999915 0.999988 1.00361 1.08637 1.16799 1.22765 1.22891 1.2266 1.22483 1.16612 1.0858 1.0236 1.00857 1.00508 1.00596 1.00596 1.00508 1.00857 1.0236 1.17815 1.1981 1.0811 1.01479 1.0147 1.08087 1.19838 1.17845 1.00521 0.999986 0.999884 0.99997 0.999969 0.999885 1.00012 1.00642 1.00048 0.999904 0.999974 1 1 0.999974 0.999904 
1.01061 1.00109 0.999967 0.999966 0.999967 0.999965 1.00107 1.01055 1.04938 1.00537 1.00008 0.999911 0.999911 1.00008 1.0053 1.04938 1.59054 1.97946 2.23132 2.26342 2.25432 2.21985 1.97118 1.58928 1.22412 1.08828 1.0507 1.06036 1.06035 1.0507 1.08827 1.22412 1.71333 1.843 1.46754 1.17831 1.17753 1.46661 1.8441 1.71536 1.05074 1.00962 1.0012 0.999931 0.999928 1.00122 1.01043 1.05699 1.00883 1.00071 0.999938 0.99998 0.99998 0.999938 1.00071 
1.09371 1.01204 1.00101 0.999856 0.999853 1.00099 1.0119 1.09307 1.41189 1.06562 1.00523 0.999942 0.999941 1.00521 1.06493 1.41188 3.78615 5.1543 5.87945 6.06092 6.03217 5.8443 5.12394 3.78678 2.3508 1.69975 1.49177 1.54918 1.54917 1.49173 1.69967 2.3508 3.37769 4.10042 3.19876 2.34002 2.33711 3.20312 4.11266 3.39155 1.3914 1.12191 1.02404 1.00229 1.00225 1.02413 1.12248 1.41109 1.08732 1.00894 1.00044 0.999813 0.999813 1.00044 1.00894 
1.41991 1.06212 1.00634 1.00042 1.00042 1.00636 1.06253 1.4246 2.84853 1.43142 1.05412 1.00459 1.00442 1.05286 1.42175 2.82326 9.70415 12.9251 14.0576 14.4979 14.5928 14.1498 12.9938 9.79219 5.56589 4.11718 3.58788 3.68266 3.68384 3.58894 4.11684 5.56588 7.49725 9.62625 7.89718 6.45324 6.39041 7.8286 9.56899 7.46987 2.7319 1.69464 1.18332 1.02683 1.02793 1.19295 1.74383 2.85744 1.4401 1.05309 1.00398 1.00006 1.00006 1.00398 1.05309 
1.05431 1.00783 1.00089 1.00008 1.00008 1.00089 1.00783 1.05431 1.32575 1.05082 1.00473 1.00025 1.00025 1.00473 1.05053 1.3201 3.96961 5.63354 5.91953 6.11534 6.11534 5.91953 5.63354 3.96961 2.58751 1.94749 1.75895 1.54166 1.54166 1.75895 1.94749 2.58751 3.4363 4.13996 3.1271 2.25143 2.25172 3.12745 4.14064 3.43684 1.43864 1.10574 1.01989 1.00218 1.00218 1.01989 1.10574 1.43864 1.075 1.00794 1.00062 1.00004 1.00004 1.00062 1.00794 
1.00475 1.00057 0.999977 0.99998 0.99998 0.999977 1.00057 1.00475 1.03986 1.00507 1.00028 0.999919 0.999919 1.00028 1.00507 1.0382 2.08517 2.96806 3.24345 2.99209 2.99209 3.24345 2.96806 2.08517 1.39012 1.18749 1.13774 1.07803 1.07803 1.13774 1.18749 1.39012 1.51149 1.63641 1.34402 1.14981 1.14982 1.34404 1.63645 1.51151 1.06876 1.01257 1.00137 0.999937 0.999937 1.00137 1.01257 1.06876 1.01094 1.001 0.999997 0.999973 0.999973 0.999997 1.001 
1.00011 0.999966 0.999984 1 1 0.999984 0.999966 1.00011 1.00379 1.00031 0.99993 0.999983 0.999983 0.99993 1.00032 1.00347 1.27409 1.55047 1.67189 1.51882 1.51882 1.67189 1.55047 1.27409 1.06477 1.02347 1.01467 1.00654 1.00654 1.01467 1.02347 1.06477 1.06271 1.07383 1.02993 1.00966 1.00966 1.02992 1.07382 1.06271 1.00732 1.00094 0.999913 0.999937 0.999937 0.999913 1.00094 1.00732 1.00122 1.00001 0.999972 0.999997 0.999997 0.999972 1.00001 
1.00003 0.999984 0.999999 1 1 0.999999 0.999984 1.00003 1.00008 0.999855 0.999985 1 1 0.999985 0.999855 1.00004 1.04597 1.1116 1.14709 1.09794 1.09794 1.14709 1.1116 1.04597 1.00631 1.00146 1.00083 1.00032 1.00032 1.00083 1.00146 1.00631 1.00344 1.00388 1.001 1.00017 1.00017 1.001 1.00388 1.00344 1.00045 0.999846 0.999966 0.999997 0.999997 0.999966 0.999846 1.00045 1.0001 0.999971 0.999997 1 1 0.999997 0.999971 
0 0 0 0 1 0.999999 0.999984 1.00003 1.00004 0.999855 0.999985 1 1 0.999985 0.999855 1.00008 1.04597 1.1116 1.14709 1.09794 1.09641 1.14426 1.10952 1.04523 1.00622 1.00143 1.00081 1.0003 1.00032 1.00083 1.00146 1.00631 1.00344 1.00388 1.001 1.00017 1.00017 1.001 1.00388 1.00344 1.00044 0.999843 0.999967 0.999997 0.999997 0.999966 0.999846 1.00045 1.0001 0.999971 0.999997 1 0 0 0 
0 0 0 0 1 0.999984 0.999966 1.00011 1.00347 1.00032 0.99993 0.999983 0.999983 0.999929 1.00031 1.00379 1.27409 1.55047 1.67189 1.51882 1.51199 1.65957 1.54095 1.27016 1.06402 1.02307 1.01441 1.00642 1.00654 1.01467 1.02347 1.06477 1.06271 1.07382 1.02992 1.00966 1.00966 1.02993 1.07383 1.06271 1.00727 1.00092 0.999912 0.999937 0.999937 0.999913 1.00094 1.00732 1.00122 1.00001 0.999972 0.999997 0 0 0 
0 0 0 0 0.99998 0.999977 1.00057 1.00475 1.0382 1.00507 1.00028 0.999919 0.999918 1.00028 1.00507 1.03986 2.08517 2.96806 3.24345 2.99209 2.97509 3.22043 2.94494 2.07417 1.38663 1.18523 1.13596 1.07713 1.07803 1.13774 1.18749 1.39012 1.51151 1.63645 1.34404 1.14982 1.14981 1.34402 1.63641 1.51149 1.06866 1.01249 1.00137 0.999939 0.999937 1.00137 1.01257 1.06876 1.01094 1.001 0.999997 0.999973 0 0 0 
