0 0 0 0 1.00005 1.00322 1.04668 1.39754 2.27162 1.45438 1.08394 1.01181 1.01186 1.08431 1.45573 2.27934 3.86654 4.41302 4.66368 4.69959 4.6889 4.64645 4.39445 3.85904 4.91938 6.02101 7.75058 9.57198 9.57299 7.75751 6.01863 4.90025 2.68446 2.7527 2.23084 1.84225 1.83708 2.21964 2.73665 2.66358 1.52859 1.20717 1.04806 1.00723 1.00722 1.04808 1.20718 1.52858 1.21622 1.03538 1.00345 1.00026 0 0 0 
0 0 0 0 0.999939 1.00056 1.00657 1.06203 1.20501 1.05613 1.00772 1.00053 1.00053 1.00775 1.0563 1.20622 1.58637 1.7019 1.7646 1.76215 1.76042 1.76141 1.69826 1.58641 2.41715 3.98092 5.57585 6.32328 6.30128 5.56125 3.95792 2.4 1.462 1.51798 1.25324 1.12146 1.12261 1.25512 1.52114 1.46249 1.07266 1.02371 1.00449 1.00026 1.00026 1.00449 1.02371 1.07266 1.0299 1.00384 1.00028 0.999949 0 0 0 
0 0 0 0 0.999984 1 1.00052 1.00534 1.01752 1.00357 1.00023 0.999865 0.999865 1.00023 1.00357 1.01764 1.06804 1.08105 1.08916 1.08597 1.08575 1.08872 1.08056 1.06841 1.37549 2.40649 3.72343 3.42412 3.39437 3.68148 2.37956 1.36952 1.07507 1.08765 1.0341 1.01137 1.01156 1.03458 1.08874 1.0754 1.00613 1.00155 1.00023 0.99996 0.99996 1.00023 1.00155 1.00613 1.00259 1.00029 0.999952 0.999988 0 0 0 
0 0 0 0 0.999999 0.999982 0.999963 1.00042 1.00051 0.999839 0.999907 0.999984 0.999984 0.999907 0.999839 1.00051 1.00418 1.00429 1.00488 1.00461 1.0046 1.00484 1.00425 1.00426 1.06941 1.45062 2.17375 1.86243 1.85089 2.14594 1.44121 1.06817 1.00835 1.00974 1.00305 1.00068 1.0007 1.00311 1.00991 1.00841 1.00019 0.999878 0.999953 0.99999 0.99999 0.999953 0.999878 1.00019 1.00019 0.99995 0.999988 1 0 0 0 
1.00042 0.999963 0.999982 0.999999 0.999999 0.999982 0.999963 1.00042 1.00051 0.999839 0.999907 0.999984 0.999984 0.999907 0.999839 1.00051 1.00426 1.00425 1.00484 1.0046 1.0046 1.00484 1.00425 1.00426 1.06941 1.45062 2.17375 1.86243 1.86243 2.17375 1.45062 1.06941 1.00841 1.00991 1.00311 1.0007 1.0007 1.00311 1.00991 1.00841 1.00019 0.999878 0.999953 0.99999 0.99999 0.999953 0.999878 1.00019 1.00019 0.99995 0.999988 1 1 0.999988 0.99995 
1.00534 1.00052 1 0.999984 0.999984 1 1.00052 1.00534 1.01764 1.00357 1.00023 0.999865 0.999865 1.00023 1.00357 1.01752 1.06841 1.08056 1.08872 1.08575 1.08575 1.08872 1.08056 1.06841 1.37549 2.40649 3.72343 3.42412 3.42412 3.72343 2.40649 1.37549 1.0754 1.08874 1.03458 1.01156 1.01156 1.03458 1.08874 1.0754 1.00613 1.00155 1.00023 0.99996 0.99996 1.00023 1.00155 1.00613 1.00259 1.00029 0.999952 0.999988 0.999988 0.999952 1.00029 
1.06203 1.00657 1.00056 0.999939 0.999939 1.00056 1.00657 1.06203 1.20622 1.0563 1.00775 1.00053 1.00053 1.00772 1.05613 1.20501 1.58641 1.69826 1.76141 1.76042 1.76042 1.76141 1.69826 1.58641 2.41715 3.98092 5.57585 6.32328 6.32328 5.57585 3.98092 2.41715 1.46249 1.52114 1.25512 1.12261 1.12261 1.25512 1.52114 1.46249 1.07266 1.02371 1.00449 1.00026 1.00026 1.00449 1.02371 1.07266 1.0299 1.00384 1.00028 0.999949 0.999949 1.00028 1.00384 
1.39754 1.04668 1.00322 1.00005 1.00005 1.00322 1.04668 1.39754 2.27934 1.45573 1.08431 1.01186 1.01181 1.08394 1.45438 2.27162 3.85904 4.39445 4.64645 4.6889 4.6889 4.64645 4.39445 3.85904 4.91938 6.02101 7.75058 9.57198 9.57198 7.75058 6.02101 4.91938 2.66358 2.73665 2.21964 1.83708 1.83708 2.21964 2.73665 2.66358 1.52858 1.20718 1.04808 1.00722 1.00723 1.04806 1.20717 1.52859 1.21622 1.03538 1.00345 1.00026 1.00026 1.00345 1.03538 
2.95283 1.53671 1.08624 1.0074 1.0074 1.08624 1.53671 2.95283 4.81706 2.74193 1.44888 1.09226 1.09226 1.44887 2.77476 4.88675 8.34352 9.6748 10.0435 10.1493 10.1493 10.0435 9.82129 8.46836 8.34317 8.97329 10.1645 12.0682 11.9999 10.1257 8.88537 8.2731 6.16423 6.48319 6.22118 5.73759 5.73759 6.22118 6.48319 6.16423 2.96379 1.97467 1.27476 1.07573 1.08258 1.27881 1.98243 2.96292 1.82855 1.13191 1.01005 1.00022 1.00024 1.01022 1.13212 
1.74281 1.18895 1.02336 1.00137 1.00137 1.02336 1.18895 1.74281 2.28727 1.47922 1.08674 1.01154 1.01159 1.08708 1.47829 2.28367 3.84847 4.34632 4.64434 4.62707 4.62707 4.64434 4.31807 3.82388 5.2634 6.30091 6.96518 7.73355 7.68871 6.91391 6.30135 5.26795 2.86765 2.89854 2.5955 2.17904 2.17904 2.5955 2.89854 2.86765 1.48047 1.17364 1.03039 1.00483 1.00518 1.03096 1.17495 1.48418 1.16283 1.0193 1.00103 0.999854 0.999857 1.00105 1.01949 
1.154 1.03272 1.00278 0.999963 0.999963 1.00278 1.03272 1.154 1.22239 1.06293 1.00758 1.00027 1.00027 1.00763 1.06265 1.22144 1.64623 1.74675 1.80545 1.77998 1.77998 1.80545 1.74181 1.64537 3.07357 4.53447 5.16223 4.77617 4.83072 5.24431 4.5571 3.09536 1.47718 1.46629 1.3292 1.17288 1.17288 1.3292 1.46629 1.47718 1.06426 1.01568 1.00101 0.999877 0.999899 1.00104 1.01581 1.06468 1.01865 1.0016 0.999993 0.99997 0.99997 0.999997 1.00162 
1.02195 1.00363 1.00005 0.99993 0.99993 1.00005 1.00363 1.02195 1.02441 1.00454 1.00006 0.999851 0.999852 1.00006 1.00448 1.02418 1.10189 1.11828 1.1261 1.11532 1.11532 1.1261 1.11707 1.10185 1.71868 3.2309 4.21257 3.02483 3.09782 4.44893 3.27584 1.72938 1.0928 1.09005 1.04868 1.01453 1.01453 1.04868 1.09005 1.0928 1.00534 1.00037 0.999942 0.999985 0.999985 0.999944 1.00039 1.00541 1.0015 1 0.999955 0.999996 0.999996 0.999954 1 
1.02195 1.00362 1.00004 0.99993 0.99993 1.00005 1.00363 1.02195 1.02418 1.00448 1.00006 0.999852 0.999851 1.00006 1.00448 1.02418 1.10185 1.11707 1.1249 1.11451 1.11532 1.1261 1.11828 1.10189 1.72938 3.27584 4.44893 3.09782 3.09782 4.44893 3.27584 1.72938 1.09309 1.08842 1.04825 1.01434 1.01453 1.04868 1.09005 1.0928 1.00547 1.00039 0.999939 0.999985 0.999985 0.999942 1.00037 1.00534 1.00151 1 0.999954 0.999996 0.999996 0.999955 1 
1.15394 1.0326 1.00277 0.999961 0.999963 1.00278 1.03272 1.154 1.22144 1.06265 1.00763 1.00027 1.00027 1.00758 1.06265 1.22144 1.64537 1.74181 1.80054 1.77684 1.77998 1.80545 1.74675 1.64623 3.09536 4.5571 5.24431 4.83072 4.83072 5.24431 4.5571 3.09536 1.47656 1.46028 1.32709 1.17265 1.17288 1.3292 1.46629 1.47718 1.06515 1.01582 1.00098 0.999893 0.999877 1.00101 1.01568 1.06426 1.01878 1.00162 0.999997 0.99997 0.99997 0.999993 1.0016 
1.74135 1.18815 1.02324 1.00135 1.00137 1.02336 1.18895 1.74281 2.28367 1.47829 1.08708 1.01159 1.01154 1.08674 1.47829 2.28367 3.82388 4.31807 4.61531 4.60493 4.62707 4.64434 4.34632 3.84847 5.26795 6.30135 6.91391 7.68871 7.68871 6.91391 6.30135 5.26795 2.85364 2.87447 2.58307 2.1794 2.17904 2.5955 2.89854 2.86765 1.48622 1.1742 1.03034 1.00512 1.00483 1.03039 1.17364 1.48047 1.16363 1.01949 1.00105 0.999857 0.999854 1.00103 1.0193 
2.96812 1.54137 1.08703 1.00747 1.0074 1.08624 1.53671 2.95283 4.88675 2.77476 1.44887 1.09226 1.09226 1.44888 2.77476 4.88675 8.46836 9.82129 10.197 10.3004 10.1493 10.0435 9.6748 8.34352 8.2731 8.88537 10.1257 11.9999 11.9999 10.1257 8.88537 8.2731 6.20054 6.51902 6.27936 5.82623 5.73759 6.22118 6.48319 6.16423 3.00504 1.99132 1.28294 1.08412 1.07573 1.27476 1.97467 2.96379 1.82794 1.13212 1.01022 1.00024 1.00022 1.01005 1.13191 
7.15952 2.99035 1.43804 1.05708 1.05708 1.43804 2.99035 7.15952 12.6199 7.44862 3.47158 1.9289 1.9289 3.47158 7.44862 12.6199 19.1103 22.6962 23.3821 23.6586 23.6586 23.3821 22.6962 19.1103 14.4701 15.9776 17.4721 19.3558 19.5118 17.6312 16.1269 14.5763 11.1786 11.3764 11.0979 10.9437 10.8582 10.9562 11.2757 11.0716 6.99814 5.14379 3.09656 1.8576 1.85825 3.09743 5.20454 7.06805 5.04406 2.29597 1.22822 1.02245 1.02222 1.22598 2.29522 
8.30014 3.40724 1.54144 1.0761 1.0761 1.54144 3.40724 8.30014 13.8668 8.76829 4.18498 2.30512 2.30512 4.18498 8.76829 13.8668 19.3467 23.9803 25.731 26.4387 26.4387 25.731 23.9803 19.3467 13.5674 15.4085 17.432 19.5528 19.5875 17.435 15.3786 13.5259 10.5511 10.386 9.89156 9.49893 9.61009 9.90652 10.3401 10.5119 6.21946 4.43901 2.5265 1.54557 1.54347 2.51929 4.42878 6.21705 3.97499 1.80463 1.13164 1.01085 1.01055 1.12979 1.80452 
6.96931 2.92517 1.40108 1.05003 1.05003 1.40108 2.92517 6.96931 11.7379 7.18752 3.36074 1.882 1.882 3.36074 7.18752 11.7379 16.812 21.1527 22.6711 23.0559 23.0559 22.6711 21.1527 16.812 12.3257 14.9398 17.6129 19.7729 19.8063 17.6247 14.9052 12.2814 8.67285 8.6434 7.6215 6.67551 6.76971 7.61371 8.60764 8.63374 4.48435 3.2018 1.90649 1.28839 1.28745 1.90318 3.18987 4.48355 2.70916 1.38653 1.05733 1.0041 1.00388 1.05582 1.38641 
5.80186 2.50135 1.26669 1.0261 1.0261 1.26669 2.50135 5.80186 9.35937 5.37223 2.33894 1.3541 1.3541 2.33894 5.37223 9.35937 14.2698 17.9512 19.3324 19.6056 19.6056 19.3324 17.9512 14.2698 10.9728 15.7816 19.4504 20.8211 20.8375 19.466 15.7595 10.9478 7.01734 7.33925 5.73765 4.08404 4.12742 5.72762 7.32591 6.99525 3.16716 2.12357 1.34556 1.07459 1.07455 1.34529 2.11555 3.16729 1.8531 1.13988 1.01307 1.00052 1.00048 1.01266 1.13985 
5.82082 2.50279 1.26652 1.02598 1.0261 1.26669 2.50135 5.80186 9.34163 5.38527 2.33894 1.3541 1.35173 2.3332 5.37223 9.35937 14.2313 17.9074 19.285 19.5774 19.6056 19.3324 17.9512 14.2698 10.9478 15.7595 19.466 20.8375 20.8211 19.4504 15.7595 10.9478 6.99525 7.32591 5.73303 4.08285 4.08404 5.73765 7.33925 7.01734 3.16729 2.11555 1.34529 1.07455 1.07354 1.34114 2.12357 3.16729 1.8531 1.13988 1.01307 1.00052 1.00052 1.01307 1.13988 
7.0122 2.93053 1.40101 1.04972 1.05003 1.40108 2.92517 6.96931 11.7192 7.21715 3.36074 1.882 1.87334 3.3404 7.18752 11.7379 16.81 21.1747 22.6893 23.0732 23.0559 22.6711 21.1527 16.812 12.2814 14.9052 17.6247 19.8063 19.7729 17.6129 14.9052 12.2814 8.63374 8.60764 7.62175 6.67595 6.67551 7.6215 8.6434 8.67285 4.48355 3.18987 1.90318 1.28745 1.28269 1.88867 3.2018 4.48355 2.70916 1.38653 1.05733 1.0041 1.0041 1.05733 1.38653 
8.3544 3.41453 1.54147 1.07563 1.0761 1.54144 3.40724 8.30014 13.8426 8.80021 4.18498 2.30512 2.29311 4.1585 8.76829 13.8668 19.3657 23.9989 25.7356 26.4349 26.4387 25.731 23.9803 19.3467 13.5259 15.3786 17.435 19.5875 19.5528 17.432 15.3786 13.5259 10.5119 10.3401 9.90766 9.50698 9.49893 9.89156 10.386 10.5511 6.21705 4.42878 2.51929 1.54347 1.53669 2.50073 4.43901 6.21705 3.97499 1.80463 1.13164 1.01085 1.01085 1.13164 1.80463 
7.22856 3.0055 1.43988 1.05704 1.05708 1.43804 2.99035 7.15952 12.5193 7.45367 3.47158 1.9289 1.92221 3.46029 7.44862 12.6199 19.1233 22.7559 23.4434 23.6953 23.6586 23.3821 22.6962 19.1103 14.5763 16.1269 17.6312 19.5118 19.3558 17.4721 16.1269 14.5763 11.0716 11.2757 11.0945 10.9286 10.9437 11.0979 11.3764 11.1786 7.06805 5.20454 3.09743 1.85825 1.86 3.10219 5.14379 7.06805 5.04406 2.29597 1.22822 1.02245 1.02245 1.22822 2.29597 
10.217 4.17045 1.77236 1.12082 1.11959 1.76656 4.15023 10.1599 17.7921 10.0046 4.39834 2.18513 2.17292 4.3651 10.0046 17.7921 26.2512 29.5561 30.6665 30.8477 30.8497 30.6655 29.4537 26.1834 25.3795 27.6962 28.6618 29.1708 29.1708 28.6618 27.6962 25.3795 21.8699 23.0352 23.5046 23.8858 23.8797 23.4924 23.0178 21.9046 15.9143 13.5701 9.51743 5.85251 5.75622 9.35661 13.5671 15.9663 11.0574 4.68703 1.8505 1.13697 1.13697 1.85041 4.66 
11.9414 4.79789 1.94857 1.15928 1.15765 1.94182 4.77625 11.8722 19.848 11.469 5.08693 2.49591 2.48059 5.04943 11.469 19.848 28.5927 31.8828 33.4077 33.7307 33.7257 33.4046 31.985 28.7759 27.4007 28.4352 29.4723 30.6317 30.6317 29.4723 28.4352 27.4007 26.7914 28.9877 30.0974 30.3589 30.3503 30.0824 28.9659 26.8338 17.6548 15.4389 10.6193 6.62613 6.55261 10.5353 15.4377 17.6391 12.1836 5.01998 1.9279 1.1428 1.14281 1.92787 5.00841 
12.6422 5.0478 2.01647 1.17045 1.16875 2.00947 5.02584 12.5729 21.1981 12.2599 5.37498 2.60635 2.59045 5.33655 12.2599 21.1981 30.1064 33.0367 34.3714 34.6422 34.6419 34.3741 33.1321 30.3132 28.962 29.0655 30.2128 31.5939 31.5939 30.2128 29.0655 28.962 28.9461 31.4785 33.0275 33.5024 33.4983 33.0204 31.4593 29.0024 18.9062 16.7461 11.4913 7.11955 7.05154 11.4182 16.7452 18.8884 13.0907 5.35717 2.01193 1.15596 1.15597 2.0119 5.34459 
12.7527 5.01739 1.96438 1.14964 1.14866 1.96071 5.00591 12.7118 21.7992 12.1963 5.14053 2.44086 2.431 5.11871 12.1963 21.7992 30.8963 33.4424 34.5873 34.8315 34.8318 34.5895 33.4876 31.0522 30.0907 30.125 31.1687 32.483 32.483 31.1687 30.125 30.0907 29.6692 32.3023 33.8682 34.3377 34.3354 33.8643 32.2853 29.7327 19.6815 17.5025 11.7695 7.09589 7.05827 11.7261 17.502 19.6694 13.7256 5.54838 2.04753 1.15716 1.15718 2.04751 5.53858 
12.7118 5.00591 1.96071 1.14866 1.14866 1.96071 5.01739 12.7527 21.7992 12.1963 5.13926 2.44056 2.44086 5.14053 12.2034 21.836 31.0522 33.4876 34.5895 34.8318 34.8318 34.5895 33.4876 31.0522 30.0763 30.1159 31.1684 32.4957 32.483 31.1687 30.125 30.0907 29.7327 32.2853 33.8643 34.3354 34.3377 33.8682 32.3023 29.6692 19.6694 17.502 11.7261 7.05827 7.09589 11.7695 17.5025 19.6815 13.7341 5.53858 2.04751 1.15718 1.15716 2.04753 5.54838 
12.5729 5.02584 2.00947 1.16875 1.16875 2.00947 5.0478 12.6422 21.1981 12.2599 5.37314 2.60621 2.60635 5.37498 12.2888 21.2217 30.3132 33.1321 34.3741 34.6419 34.6419 34.3741 33.1321 30.3132 28.9332 29.0489 30.2127 31.6151 31.5939 30.2128 29.0655 28.962 29.0024 31.4593 33.0204 33.4983 33.5024 33.0275 31.4785 28.9461 18.8884 16.7452 11.4182 7.05154 7.11955 11.4913 16.7461 18.9062 13.1032 5.34459 2.0119 1.15597 1.15596 2.01193 5.35717 
11.8722 4.77625 1.94182 1.15765 1.15765 1.94182 4.79789 11.9414 19.848 11.469 5.08097 2.49472 2.49591 5.08693 11.4877 19.8615 28.7759 31.985 33.4046 33.7257 33.7257 33.4046 31.985 28.7759 27.3692 28.4175 29.4707 30.6548 30.6317 29.4723 28.4352 27.4007 26.8338 28.9659 30.0824 30.3503 30.3589 30.0974 28.9877 26.7914 17.6391 15.4377 10.5353 6.55261 6.62613 10.6193 15.4389 17.6548 12.1979 5.00841 1.92787 1.14281 1.1428 1.9279 5.01998 
10.1599 4.15023 1.76656 1.11959 1.11959 1.76656 4.17045 10.217 17.7921 10.0046 4.39756 2.18491 2.18513 4.39834 10.048 17.8769 26.1834 29.4537 30.6655 30.8497 30.8497 30.6655 29.4537 26.1834 25.4726 27.8278 28.6651 29.2887 29.1708 28.6618 27.6962 25.3795 21.9046 23.0178 23.4924 23.8797 23.8858 23.5046 23.0352 21.8699 15.9663 13.5671 9.35661 5.75622 5.85251 9.51743 13.5701 15.9143 11.0388 4.66 1.85041 1.13697 1.13697 1.8505 4.68703 
8.17821 3.17161 1.47605 1.06398 1.06485 1.48014 3.18554 8.22249 16.1089 7.66716 3.03412 1.53051 1.536 3.04862 7.65365 16.1669 28.0036 31.3963 33.3409 33.8373 33.8585 33.3698 31.4489 27.9812 31.4461 33.8287 34.3128 34.1646 34.1826 34.3228 33.8457 31.4832 26.9263 29.8368 30.7766 30.9807 30.9893 30.79 29.8649 26.8585 18.4944 15.4242 11.7108 7.62737 7.73963 11.6898 15.4745 18.4841 12.9272 6.16187 2.43889 1.34742 1.35101 2.4491 6.19233 
6.80167 2.53637 1.30172 1.0342 1.03489 1.3052 2.54845 6.83771 14.5564 6.34521 2.44542 1.3149 1.31928 2.45821 6.34181 14.6324 27.8914 31.6616 33.834 34.4103 34.4127 33.8451 31.6977 27.8274 32.2209 34.1333 34.5635 34.5325 34.5301 34.5636 34.1395 32.2485 28.8425 31.7479 32.9385 33.2464 33.2297 32.9094 31.724 28.7583 20.2003 16.764 12.7583 8.27804 8.40879 12.7341 16.8485 20.2299 13.6161 6.25532 2.45419 1.35714 1.3618 2.46787 6.29103 
6.25678 2.29292 1.23335 1.02447 1.02502 1.23622 2.30331 6.28949 13.89 5.80213 2.22434 1.2469 1.25064 2.23536 5.79246 13.9578 27.8081 31.7654 34.0086 34.6137 34.6189 34.0215 31.7995 27.732 32.666 34.2432 34.6748 34.7566 34.7565 34.6754 34.2494 32.694 29.7667 32.7684 34.0879 34.4297 34.4232 34.0757 32.7652 29.6947 21.1117 17.3046 12.8498 8.28637 8.40591 12.8232 17.3876 21.1342 14.071 6.30056 2.45803 1.34987 1.35431 2.47105 6.33411 
6.05226 2.1759 1.18551 1.01632 1.01658 1.18697 2.18108 6.07083 13.7352 5.61345 2.11561 1.19893 1.20086 2.12152 5.60275 13.8061 27.8896 31.8816 34.0577 34.6495 34.6523 34.065 31.9039 27.8113 32.8995 34.2748 34.7099 34.8486 34.8485 34.7102 34.2784 32.9157 30.1598 33.1521 34.4489 34.7436 34.7409 34.4446 33.1573 30.0987 21.7722 17.664 12.3373 8.07988 8.14813 12.3152 17.7167 21.7809 14.6129 6.29169 2.40673 1.30264 1.30518 2.41443 6.31456 
6.07083 2.18108 1.18697 1.01658 1.01658 1.18697 2.18108 6.07083 13.7352 5.61345 2.11561 1.19893 1.19893 2.11561 5.61345 13.7352 27.8113 31.9039 34.065 34.6523 34.6523 34.065 31.9039 27.8113 32.9157 34.2784 34.7102 34.8485 34.8485 34.7102 34.2784 32.9157 30.0987 33.1573 34.4446 34.7409 34.7436 34.4489 33.1521 30.1598 21.7809 17.7167 12.3152 8.14813 8.07988 12.3373 17.664 21.7722 14.584 6.29169 2.41443 1.30518 1.30264 2.40673 6.29169 
6.28949 2.30331 1.23622 1.02502 1.02502 1.23622 2.30331 6.28949 13.89 5.80213 2.22434 1.2469 1.2469 2.22434 5.80213 13.89 27.732 31.7995 34.0215 34.6189 34.6189 34.0215 31.7995 27.732 32.694 34.2494 34.6754 34.7565 34.7565 34.6754 34.2494 32.694 29.6947 32.7652 34.0757 34.4232 34.4297 34.0879 32.7684 29.7667 21.1342 17.3876 12.8232 8.40591 8.28637 12.8498 17.3046 21.1117 14.0348 6.30056 2.47105 1.35431 1.34987 2.45803 6.30056 
6.83771 2.54845 1.3052 1.03489 1.03489 1.3052 2.54845 6.83771 14.5564 6.34521 2.44542 1.3149 1.3149 2.44542 6.34521 14.5564 27.8274 31.6977 33.8451 34.4127 34.4127 33.8451 31.6977 27.8274 32.2485 34.1395 34.5636 34.5301 34.5301 34.5636 34.1395 32.2485 28.7583 31.724 32.9094 33.2297 33.2464 32.9385 31.7479 28.8425 20.2299 16.8485 12.7341 8.40879 8.27804 12.7583 16.764 20.2003 13.5762 6.25532 2.46787 1.3618 1.35714 2.45419 6.25532 
8.22249 3.18554 1.48014 1.06485 1.06485 1.48014 3.18554 8.22249 16.1089 7.66716 3.03412 1.53051 1.53051 3.03412 7.66716 16.1089 27.9812 31.4489 33.3698 33.8585 33.8585 33.3698 31.4489 27.9812 31.4832 33.8457 34.3228 34.1826 34.1826 34.3228 33.8457 31.4832 26.8585 29.8649 30.79 30.9893 30.9807 30.7766 29.8368 26.9263 18.4841 15.4745 11.6898 7.73963 7.62737 11.7108 15.4242 18.4944 12.8949 6.16187 2.4491 1.35101 1.34742 2.43889 6.16187 
9.62165 3.76372 1.61316 1.08842 1.08842 1.61316 3.76372 9.62165 17.4406 8.88988 3.5341 1.72028 1.72028 3.5341 8.88988 17.4406 29.0784 31.9233 33.6354 34.1581 34.1581 33.6354 31.9233 29.0784 29.7843 32.952 33.7075 33.4337 33.4 33.6856 32.9116 29.7705 24.4497 28.4785 30.0044 30.4302 30.4135 29.983 28.5562 24.6176 12.0674 10.061 8.84107 8.00946 8.22367 8.84107 10.061 12.0674 8.44063 5.35089 2.69918 1.5542 1.5542 2.69918 5.35089 
10.9642 4.28168 1.7664 1.12026 1.12026 1.7664 4.28168 10.9642 19.7306 10.4223 4.17807 1.96976 1.96976 4.17807 10.4223 19.7306 30.9636 33.1136 34.2835 34.6327 34.6327 34.2835 33.1136 30.9636 31.0883 33.3473 34.0667 34.1269 34.1252 34.0613 33.3352 31.1237 27.4031 31.4205 32.995 33.3468 33.343 32.9809 31.3966 27.4545 13.8587 12.1957 11.4539 11.3669 11.8355 11.4539 12.1957 13.8587 9.65969 6.22767 3.18687 1.7885 1.7885 3.18687 6.22767 
11.6448 4.5905 1.8505 1.13484 1.13484 1.8505 4.5905 11.6448 20.5756 10.9294 4.36288 2.03215 2.03215 4.36288 10.9294 20.5756 31.7472 33.6288 34.5955 34.8422 34.8422 34.5955 33.6288 31.7472 31.8597 33.599 34.2723 34.4544 34.4527 34.2676 33.5901 31.8895 28.8367 32.5603 34.0797 34.4748 34.4769 34.0819 32.569 28.9096 15.6514 13.7493 12.7806 12.2575 12.73 12.7806 13.7493 15.6514 10.8695 6.99257 3.53007 1.91754 1.91754 3.53007 6.99257 
11.7904 4.61591 1.83935 1.1264 1.1264 1.83935 4.61591 11.7904 20.8069 10.9977 4.3721 2.01791 2.01791 4.3721 10.9977 20.8069 32.0238 33.788 34.6876 34.8906 34.8906 34.6876 33.788 32.0238 32.3298 33.8277 34.4017 34.6445 34.6435 34.3993 33.8242 32.3466 29.4356 32.897 34.3601 34.7376 34.7386 34.3616 32.8977 29.5005 17.611 14.999 12.9352 11.1362 11.4329 12.9352 14.999 17.611 12.0862 6.85534 3.09947 1.71127 1.71127 3.09947 6.85534 
11.7758 4.60884 1.83672 1.12565 1.1264 1.83935 4.61591 11.7904 20.8069 10.9977 4.3721 2.01791 2.0179 4.37199 10.9776 20.8751 31.9485 33.8148 34.6938 34.8925 34.8906 34.6876 33.788 32.0238 32.3466 33.8242 34.3993 34.6435 34.6435 34.3993 33.8277 32.3298 29.4356 32.897 34.3616 34.7386 34.7304 34.3439 32.897 29.4356 17.6333 14.8822 12.9605 11.4329 11.1362 12.9352 14.999 17.611 12.0862 6.85534 3.09947 1.71127 1.71121 3.11796 6.85551 
11.6193 4.57741 1.84607 1.13366 1.13484 1.8505 4.5905 11.6448 20.5756 10.9294 4.36288 2.03215 2.0321 4.3625 10.9105 20.6404 31.6904 33.6637 34.6072 34.8457 34.8422 34.5955 33.6288 31.7472 31.8895 33.5901 34.2676 34.4527 34.4527 34.2676 33.599 31.8597 28.8367 32.5603 34.0819 34.4769 34.464 34.0557 32.5603 28.8367 15.5812 13.5891 12.8128 12.73 12.2575 12.7806 13.7493 15.6514 10.8695 6.99257 3.53007 1.91754 1.91769 3.56789 6.99276 
10.9374 4.26864 1.76203 1.11914 1.12026 1.7664 4.28168 10.9642 19.7306 10.4223 4.17807 1.96976 1.96959 4.17686 10.404 19.7938 30.9145 33.1619 34.2989 34.6373 34.6327 34.2835 33.1136 30.9636 31.1237 33.3352 34.0613 34.1252 34.1252 34.0613 33.3473 31.0883 27.4031 31.4205 32.9809 33.343 33.363 32.996 31.4205 27.4031 13.7926 12.0643 11.474 11.8355 11.3669 11.4539 12.1957 13.8587 9.65969 6.22767 3.18687 1.7885 1.78866 3.22111 6.22804 
9.58155 3.74868 1.60892 1.08747 1.08842 1.61316 3.76372 9.62165 17.4406 8.88988 3.5341 1.72028 1.71968 3.53083 8.86458 17.4805 29.0081 31.9545 33.66 34.1713 34.1581 33.6354 31.9233 29.0784 29.7705 32.9116 33.6856 33.4 33.4 33.6856 32.952 29.7843 24.4497 28.4785 29.983 30.4135 30.3306 29.8919 28.4785 24.4497 11.8284 9.76316 8.72371 8.22367 8.00946 8.84107 10.061 12.0674 8.44063 5.35089 2.69918 1.5542 1.55429 2.72017 5.35142 
6.92383 2.63017 1.28661 1.02841 1.02856 1.28733 2.63285 6.93841 13.7971 6.54423 2.47955 1.34508 1.36068 2.53661 6.57734 13.9235 26.0263 29.7539 32.098 32.8385 32.8386 32.097 29.7539 26.0263 23.9063 26.9094 27.6623 27.5768 27.5768 27.6623 26.9094 23.9063 18.2312 22.472 23.5788 23.6602 23.5682 23.4844 22.472 18.2312 8.85246 6.33697 3.99475 2.46672 2.34499 3.90128 6.34617 8.84661 5.36518 2.66026 1.41489 1.08152 1.08393 1.42533 2.68839 
6.44163 2.34951 1.20659 1.01714 1.01738 1.20829 2.35825 6.47968 13.5105 6.15055 2.29755 1.28289 1.29755 2.34559 6.17112 13.6094 26.3362 30.2986 33.0656 33.9188 33.9172 33.0629 30.2986 26.3362 24.2096 27.4762 28.6741 29.3359 29.3359 28.6741 27.4762 24.2096 18.6504 24.464 27.5974 29.1121 29.1011 27.5556 24.464 18.6504 7.4465 4.65398 2.4626 1.41393 1.39232 2.46587 4.72615 7.51311 4.39036 1.97532 1.16968 1.01887 1.01912 1.17125 1.9812 
6.20472 2.23641 1.18072 1.0141 1.01431 1.18227 2.24455 6.24104 13.3796 5.95342 2.20829 1.25346 1.26737 2.25428 5.972 13.4798 26.5884 30.6709 33.506 34.3723 34.3719 33.5054 30.6709 26.5884 24.551 28.0219 29.6337 30.6522 30.6522 29.6337 28.0219 24.551 18.874 25.9362 30.0016 31.9476 31.9211 29.9424 25.9362 18.874 5.95083 3.22706 1.6179 1.09258 1.08523 1.62551 3.27992 6.01827 3.21191 1.50671 1.06529 1.00447 1.00457 1.06611 1.511 
6.07255 2.16801 1.15943 1.01134 1.01143 1.16016 2.17215 6.09475 13.3225 5.78343 2.13401 1.21404 1.22161 2.16157 5.79097 13.4123 26.6702 30.8577 33.678 34.4713 34.4713 33.678 30.8577 26.6702 25.1951 28.7823 30.5436 31.8043 31.8043 30.5436 28.7823 25.1951 19.0266 27.0507 31.4175 33.0728 33.0569 31.3814 27.0507 19.0266 5.1931 2.58289 1.31642 1.02507 1.02201 1.32093 2.6117 5.2362 2.56594 1.29835 1.03067 1.00137 1.0014 1.031 1.30043 
6.09475 2.17215 1.16016 1.01143 1.01143 1.16016 2.17215 6.09475 13.3225 5.78343 2.13401 1.21404 1.21404 2.13401 5.78343 13.3225 26.6702 30.8577 33.678 34.4713 34.4713 33.678 30.8382 26.7653 25.244 28.7927 30.5496 31.8076 31.8043 30.5436 28.7823 25.1951 18.9444 27.0332 31.3814 33.0569 33.0569 31.3814 27.0332 18.9444 5.2362 2.6117 1.32093 1.02201 1.02419 1.31636 2.60453 5.23552 2.56594 1.29835 1.03067 1.0014 1.00137 1.03067 1.29835 
6.24104 2.24455 1.18227 1.01431 1.01431 1.18227 2.24455 6.24104 13.3796 5.95342 2.20829 1.25346 1.25346 2.20829 5.95342 13.3796 26.5884 30.6709 33.5054 34.3719 34.3723 33.506 30.6553 26.6904 24.6301 28.0427 29.6434 30.6571 30.6522 29.6337 28.0219 24.551 18.7956 25.8931 29.9424 31.9211 31.9211 29.9424 25.8931 18.7956 6.01827 3.27992 1.62551 1.08523 1.09014 1.61426 3.26109 6.01747 3.21191 1.50671 1.06529 1.00457 1.00447 1.06529 1.50671 
6.47968 2.35825 1.20829 1.01738 1.01738 1.20829 2.35825 6.47968 13.5105 6.15055 2.29755 1.28289 1.28289 2.29755 6.15055 13.5105 26.3362 30.2986 33.0629 33.9172 33.9188 33.0656 30.2853 26.4357 24.281 27.4974 28.6829 29.3397 29.3359 28.6741 27.4762 24.2096 18.5802 24.41 27.5556 29.1011 29.1011 27.5556 24.41 18.5802 7.51311 4.72615 2.46587 1.39232 1.40627 2.44896 4.69792 7.51252 4.39036 1.97532 1.16968 1.01912 1.01887 1.16968 1.97532 
6.93841 2.63285 1.28733 1.02856 1.02856 1.28733 2.63285 6.93841 13.7971 6.54423 2.47955 1.34508 1.34508 2.47955 6.54423 13.7971 26.0263 29.7539 32.097 32.8386 32.8385 32.098 29.7409 26.1083 23.8155 26.7547 27.4878 27.4218 27.5768 27.6623 26.9094 23.9063 18.1212 22.3922 23.4844 23.5682 23.5682 23.4844 22.3922 18.1212 8.84661 6.34617 3.90128 2.34499 2.43047 3.9566 6.34004 8.84684 5.36518 2.66026 1.41489 1.08393 1.08152 1.41489 2.66026 
4.44954 1.7899 1.11265 1.00979 1.00958 1.11118 1.78275 4.42673 9.36381 4.09384 1.69123 1.11316 1.11214 1.68942 4.09384 9.36381 20.1315 26.0014 27.9474 28.5008 28.4213 27.8746 25.9363 20.081 14.0808 13.0016 12.285 12.3591 12.3567 12.2829 12.9991 14.0791 14.117 17.6204 15.6829 13.4105 13.4105 15.6829 17.6204 14.117 6.55656 4.12801 2.07101 1.3021 1.3033 2.06763 4.15763 6.5574 3.06826 1.37812 1.03264 1.001 1.001 1.03264 1.37812 
4.39966 1.76773 1.11267 1.01006 1.00983 1.11134 1.76289 4.39445 9.40702 4.04199 1.65362 1.10039 1.09844 1.64726 4.04199 9.40702 20.9065 28.2262 30.9795 31.6779 31.6887 30.995 28.2439 20.9003 13.5913 11.3044 9.27077 8.35483 8.3551 9.27122 11.3048 13.5917 13.7108 17.4935 13.9773 10.0129 10.0129 13.9773 17.4935 13.7108 5.99033 3.43875 1.68269 1.18007 1.18013 1.67632 3.44204 5.99092 2.80521 1.33921 1.03705 1.00231 1.00231 1.03705 1.33921 
4.39122 1.75551 1.10926 1.00977 1.00954 1.10799 1.751 4.38741 9.50895 4.07559 1.65568 1.09944 1.0976 1.64997 4.07559 9.50895 21.3587 29.3971 32.4845 33.2791 33.2855 32.4959 29.4172 21.3472 12.7821 9.74158 7.05456 5.34684 5.34681 7.05442 9.74106 12.7821 13.5416 17.2066 13.0173 8.25562 8.25562 13.0173 17.2066 13.5416 5.94181 3.32661 1.6378 1.17568 1.17561 1.62788 3.32581 5.94233 2.78679 1.34565 1.04002 1.00272 1.00272 1.04002 1.34565 
4.34306 1.71756 1.09456 1.00738 1.00726 1.09386 1.71504 4.34265 9.52638 4.08001 1.64277 1.08948 1.08858 1.6405 4.08001 9.52638 21.4108 29.7372 32.8978 33.7242 33.7276 32.9049 29.7541 21.3976 11.3158 7.59404 4.9856 3.17894 3.17894 4.98557 7.59368 11.316 13.5327 17.1028 12.6702 7.6854 7.6854 12.6702 17.1028 13.5327 5.99504 3.22103 1.58301 1.14752 1.14749 1.57631 3.21913 5.99546 2.82703 1.35263 1.03855 1.00244 1.00244 1.03855 1.35263 
4.34265 1.71504 1.09386 1.00726 1.00738 1.09456 1.71504 4.34265 9.52638 4.08001 1.64277 1.08948 1.08948 1.64277 4.08356 9.51476 21.3976 29.7541 32.9049 33.7276 33.7276 32.9049 29.7541 21.3976 11.316 7.59368 4.98557 3.17894 3.17894 4.98557 7.59368 11.316 13.5332 17.1031 12.6689 7.69188 7.6854 12.6702 17.1028 13.5327 5.99546 3.21913 1.57631 1.14749 1.14752 1.58301 3.22103 5.99504 2.82703 1.35263 1.03855 1.00244 1.00242 1.03851 1.35317 
4.38741 1.751 1.10799 1.00954 1.00977 1.10926 1.751 4.38741 9.50895 4.07559 1.65568 1.09944 1.09944 1.65568 4.08639 9.49343 21.3472 29.4172 32.4959 33.2855 33.2855 32.4959 29.4172 21.3472 12.7821 9.74106 7.05442 5.34681 5.34681 7.05442 9.74106 12.7821 13.542 17.207 13.0091 8.2657 8.25562 13.0173 17.2066 13.5416 5.94233 3.32581 1.62788 1.17561 1.17568 1.6378 3.32661 5.94181 2.78679 1.34565 1.04002 1.00272 1.0027 1.0401 1.34713 
4.39445 1.76289 1.11134 1.00983 1.01006 1.11267 1.76289 4.39445 9.40702 4.04199 1.65362 1.10039 1.10039 1.65362 4.05513 9.3942 20.9003 28.2439 30.995 31.6887 31.6887 30.995 28.2439 20.9003 13.5917 11.3048 9.27122 8.3551 8.3551 9.27122 11.3048 13.5917 13.7107 17.494 13.9558 10.0134 10.0129 13.9773 17.4935 13.7108 5.99092 3.44204 1.67632 1.18013 1.18007 1.68269 3.43875 5.99033 2.80521 1.33921 1.03705 1.00231 1.00229 1.03716 1.34067 
4.42673 1.78275 1.11118 1.00958 1.00979 1.11265 1.78275 4.42673 9.36381 4.09384 1.69123 1.11316 1.11316 1.69123 4.08285 9.2794 20.081 25.9363 27.8746 28.4213 28.4213 27.8746 25.9363 20.081 14.0791 12.9991 12.2829 12.3567 12.3567 12.2829 12.9991 14.0791 14.1161 17.6179 15.5051 13.2641 13.4105 15.6829 17.6204 14.117 6.5574 4.15763 2.06763 1.3033 1.3021 2.07101 4.12801 6.55656 3.06826 1.37812 1.03264 1.001 1.00108 1.0331 1.37866 
1.47112 1.07133 1.00753 1.00051 1.00052 1.00752 1.0709 1.46569 2.79482 1.42952 1.05936 1.00527 1.00545 1.06066 1.44825 2.83249 9.69237 12.9117 13.7927 14.246 14.246 13.7927 12.9117 9.69237 5.70154 4.26202 3.70398 3.80946 3.78391 3.68025 4.23448 5.66631 7.4778 9.56805 8.09753 6.70264 6.74108 8.12277 9.56669 7.4695 2.96521 1.78145 1.19558 1.02968 1.03079 1.19575 1.77859 2.84134 1.48334 1.06039 1.00481 1.00009 1.00009 1.00489 1.06124 
1.10518 1.01395 1.0012 0.999863 0.999866 1.00123 1.0141 1.10581 1.43106 1.07197 1.00629 0.999992 0.999993 1.0063 1.07343 1.43021 3.8595 5.26135 6.11785 6.28307 6.28307 6.11785 5.26135 3.8595 2.41837 1.75622 1.53631 1.60036 1.59835 1.53402 1.75317 2.41357 3.42785 4.1844 3.28732 2.45164 2.45608 3.28982 4.20022 3.44084 1.46077 1.13487 1.02615 1.00259 1.00268 1.02651 1.13536 1.43688 1.09794 1.01051 1.00057 0.999804 0.999803 1.00056 1.01042 
1.0125 1.00132 0.999981 0.999961 0.99996 0.999983 1.00133 1.01257 1.05343 1.00614 1.00014 0.999894 0.999894 1.00014 1.00634 1.05344 1.62583 2.03775 2.35161 2.37622 2.37622 2.35161 2.03775 1.62583 1.246 1.09967 1.05785 1.06929 1.06929 1.05783 1.09944 1.24456 1.74258 1.88822 1.49766 1.20324 1.20515 1.50322 1.89794 1.75193 1.06951 1.01233 1.00142 0.999924 0.999933 1.00143 1.01222 1.06167 1.01035 1.00089 0.999943 0.999976 0.999977 0.999942 1.00087 
1.0011 0.999968 0.999952 0.999996 0.999996 0.999952 0.999969 1.0011 1.00416 1.00002 0.999902 0.999996 0.999996 0.999901 1.00004 1.00416 1.09688 1.18932 1.27146 1.26969 1.26969 1.27146 1.18932 1.09688 1.02718 1.01012 1.0059 1.00712 1.00712 1.0059 1.01009 1.02691 1.19221 1.21835 1.09088 1.01824 1.01855 1.09238 1.22171 1.19534 1.00875 1.00027 0.999876 0.999964 0.999963 0.999878 1.00025 1.00722 1.00059 0.999906 0.999969 1 1 0.999969 0.999905 
1.0011 0.999969 0.999952 0.999996 0.999996 0.999952 0.999969 1.0011 1.00416 1.00002 0.999902 0.999996 0.999996 0.999902 1.00002 1.00416 1.09752 1.19145 1.27507 1.27256 1.26969 1.27146 1.18932 1.09688 1.02691 1.01009 1.0059 1.00712 1.00712 1.0059 1.01009 1.02691 1.19534 1.22171 1.09347 1.01864 1.01824 1.09088 1.21835 1.19221 1.00722 1.00025 0.999878 0.999963 0.999963 0.999878 1.00025 1.00722 1.00059 0.999906 0.999969 1 1 0.999969 0.999906 
1.01257 1.00133 0.999983 0.99996 0.99996 0.999983 1.00133 1.01257 1.05343 1.00614 1.00014 0.999894 0.999894 1.00014 1.00614 1.05343 1.62717 2.0468 2.36596 2.3872 2.37622 2.35161 2.03775 1.62583 1.24456 1.09944 1.05783 1.06929 1.06929 1.05783 1.09944 1.24456 1.75193 1.89794 1.50702 1.20524 1.20324 1.49766 1.88822 1.74258 1.06167 1.01222 1.00143 0.999933 0.999933 1.00143 1.01222 1.06167 1.01035 1.00089 0.999943 0.999976 0.999976 0.999943 1.00089 
1.10581 1.0141 1.00123 0.999866 0.999866 1.00123 1.0141 1.10581 1.43106 1.07197 1.00629 0.999992 0.999992 1.00629 1.07197 1.43106 3.85733 5.29084 6.16363 6.31923 6.28307 6.11785 5.26135 3.8595 2.41357 1.75317 1.53402 1.59835 1.59835 1.53402 1.75317 2.41357 3.44084 4.20022 3.30009 2.45277 2.45164 3.28732 4.1844 3.42785 1.43688 1.13536 1.02651 1.00268 1.00268 1.02651 1.13536 1.43688 1.09794 1.01051 1.00057 0.999804 0.999804 1.00057 1.01051 
1.46569 1.0709 1.00752 1.00052 1.00052 1.00752 1.0709 1.46569 2.79482 1.42952 1.05936 1.00527 1.00527 1.05936 1.42952 2.79482 9.59912 12.8378 13.601 14.0485 14.246 13.7927 12.9117 9.69237 5.66631 4.23448 3.68025 3.78391 3.78391 3.68025 4.23448 5.66631 7.4695 9.56669 8.05536 6.67821 6.70264 8.09753 9.56805 7.4778 2.84134 1.77859 1.19575 1.03079 1.03079 1.19575 1.77859 2.84134 1.48334 1.06039 1.00481 1.00009 1.00009 1.00481 1.06039 
1.06166 1.00911 1.00107 1.00009 1.00009 1.00107 1.00911 1.06166 1.36811 1.0584 1.00581 1.00033 1.00033 1.00581 1.0584 1.36811 4.01302 5.67696 5.96342 6.20349 6.20349 5.96342 5.67696 4.01302 2.65336 2.01132 1.81613 1.58834 1.58834 1.81613 2.01132 2.65336 3.47897 4.21424 3.23044 2.35851 2.3597 3.23998 4.23738 3.50416 1.46927 1.11876 1.0224 1.00257 1.00257 1.0224 1.11876 1.46927 1.08271 1.00919 1.00072 1.00005 1.00005 1.00072 1.00919 
1.00562 1.00072 0.999988 0.999976 0.999976 0.999988 1.00072 1.00562 1.05006 1.00607 1.00038 0.999907 0.999907 1.00038 1.00607 1.05006 2.16792 3.1055 3.38229 3.12983 3.12983 3.38229 3.1055 2.16792 1.42695 1.21425 1.15719 1.09032 1.09032 1.15719 1.21425 1.42695 1.53319 1.66977 1.37458 1.17065 1.17036 1.3757 1.67386 1.53833 1.07558 1.01456 1.00168 0.999964 0.999964 1.00168 1.01456 1.07558 1.01264 1.00123 1.00002 0.999969 0.999969 1.00002 1.00123 
1.00014 0.999972 0.999981 0.999999 0.999999 0.999981 0.999972 1.00014 1.0055 1.00043 0.999923 0.999978 0.999978 0.999923 1.00043 1.0055 1.31172 1.62704 1.76953 1.58579 1.58579 1.76953 1.62704 1.31172 1.07526 1.02916 1.01821 1.00825 1.00825 1.01821 1.02916 1.07526 1.06798 1.08082 1.03448 1.01162 1.01156 1.03462 1.08154 1.06907 1.00844 1.00115 0.999929 0.999927 0.999927 0.999929 1.00115 1.00844 1.00146 1.00003 0.999968 0.999996 0.999996 0.999968 1.00003 
1.00001 0.999981 0.999998 1 1 0.999998 0.999981 1.00001 1.00027 0.999855 0.999982 0.999999 0.999999 0.999982 0.999855 1.00027 1.05662 1.13789 1.18034 1.12002 1.12002 1.18034 1.13789 1.05662 1.00785 1.002 1.00113 1.00044 1.00044 1.00113 1.002 1.00785 1.00391 1.00457 1.0013 1.00025 1.00024 1.0013 1.00466 1.00407 1.00056 0.999854 0.99996 0.999995 0.999995 0.99996 0.999854 1.00056 1.00012 0.999967 0.999996 1 1 0.999996 0.999967 
0 0 0 0 1 0.999998 0.999981 1.00001 1.00027 0.999855 0.999982 0.999999 0.999999 0.999982 0.999854 1.00032 1.05662 1.13789 1.18034 1.12002 1.11822 1.17697 1.13538 1.05574 1.00775 1.00196 1.00111 1.00043 1.00044 1.00113 1.002 1.00785 1.00407 1.00466 1.0013 1.00024 1.00025 1.0013 1.00457 1.00391 1.00054 0.99985 0.99996 0.999995 0.999995 0.99996 0.999854 1.00056 1.00012 0.999967 0.999996 1 0 0 0 
0 0 0 0 0.999999 0.999981 0.999972 1.00014 1.0055 1.00043 0.999923 0.999978 0.999978 0.999923 1.00043 1.00589 1.31172 1.62704 1.76953 1.58579 1.57831 1.75544 1.61618 1.30734 1.07441 1.02868 1.0179 1.00811 1.00825 1.01821 1.02916 1.07526 1.06907 1.08154 1.03462 1.01156 1.01162 1.03448 1.08082 1.06798 1.00839 1.00113 0.999928 0.999927 0.999927 0.999929 1.00115 1.00844 1.00146 1.00003 0.999968 0.999996 0 0 0 
0 0 0 0 0.999976 0.999988 1.00072 1.00562 1.05006 1.00607 1.00038 0.999907 0.999906 1.00037 1.00607 1.05203 2.16792 3.1055 3.38229 3.12983 3.11254 3.36069 3.08246 2.15642 1.42327 1.21176 1.15526 1.08932 1.09032 1.15719 1.21425 1.42695 1.53833 1.67386 1.3757 1.17036 1.17065 1.37458 1.66977 1.53319 1.07548 1.01447 1.00169 0.999967 0.999964 1.00168 1.01456 1.07558 1.01264 1.00123 1.00002 0.999969 0 0 0 
