0 0 0 0 1.00019 1.00468 1.05891 1.44359 2.33427 1.49381 1.09801 1.01499 1.01506 1.09842 1.49534 2.34287 4.07128 4.58095 4.86591 4.89869 4.88798 4.84776 4.55873 4.06212 5.11508 6.12844 7.69584 9.59952 9.60124 7.70492 6.12894 5.10122 2.74955 2.80148 2.34606 1.9803 1.97508 2.33452 2.78511 2.72837 1.581 1.23155 1.05467 1.00938 1.00938 1.05466 1.23154 1.58094 1.25252 1.04611 1.005 1.00041 0 0 0 
0 0 0 0 0.99995 1.00078 1.00918 1.07596 1.23188 1.06709 1.01021 1.00086 1.00086 1.01025 1.06728 1.23322 1.68799 1.78989 1.86253 1.86005 1.85818 1.85913 1.78642 1.68892 2.72898 4.21931 5.67835 6.57079 6.55508 5.6688 4.20312 2.70977 1.52088 1.58684 1.30908 1.15964 1.16105 1.31133 1.59043 1.5211 1.08795 1.02901 1.00568 1.00041 1.00041 1.00568 1.02901 1.08794 1.03872 1.00568 1.00051 0.999944 0 0 0 
0 0 0 0 0.999977 1.00004 1.00083 1.00733 1.02198 1.00491 1.00041 0.99985 0.99985 1.00041 1.00492 1.02212 1.09316 1.10073 1.11146 1.10762 1.10736 1.11095 1.10022 1.09395 1.54199 2.79147 4.09473 3.85449 3.82387 4.06089 2.76182 1.53384 1.0949 1.11175 1.04752 1.01738 1.01763 1.04817 1.11308 1.09511 1.00838 1.00217 1.00032 0.999969 0.999969 1.00032 1.00217 1.00838 1.00371 1.00052 0.999948 0.99998 0 0 0 
0 0 0 0 0.999998 0.999978 0.999981 1.00061 1.00081 0.999873 0.999886 0.999974 0.999974 0.999886 0.999873 1.00081 1.00743 1.00628 1.00708 1.00668 1.00666 1.00704 1.00624 1.0076 1.12073 1.69513 2.64908 2.12582 2.11125 2.60987 1.68088 1.11875 1.01214 1.0145 1.00485 1.00122 1.00125 1.00494 1.01473 1.01217 1.00033 0.999908 0.99995 0.999986 0.999986 0.99995 0.999908 1.00033 1.00029 0.999946 0.999981 1 0 0 0 
1.00061 0.999981 0.999978 0.999998 0.999998 0.999978 0.999981 1.00061 1.00081 0.999873 0.999886 0.999974 0.999974 0.999886 0.999873 1.00081 1.00743 1.00628 1.00708 1.00668 1.00668 1.00708 1.00628 1.00743 1.12073 1.69513 2.64908 2.12582 2.12582 2.64908 1.69513 1.12073 1.01217 1.01473 1.00494 1.00125 1.00125 1.00494 1.01473 1.01217 1.00033 0.999908 0.99995 0.999986 0.999986 0.99995 0.999908 1.00033 1.00029 0.999946 0.999981 1 1 0.999981 0.999946 
1.00733 1.00083 1.00004 0.999977 0.999977 1.00004 1.00083 1.00733 1.02212 1.00492 1.00041 0.99985 0.99985 1.00041 1.00492 1.02212 1.09316 1.10073 1.11146 1.10762 1.10762 1.11146 1.10073 1.09316 1.54199 2.79147 4.09473 3.85449 3.85449 4.09473 2.79147 1.54199 1.09511 1.11308 1.04817 1.01763 1.01763 1.04817 1.11308 1.09511 1.00838 1.00217 1.00032 0.999969 0.999969 1.00032 1.00217 1.00838 1.00371 1.00052 0.999948 0.99998 0.99998 0.999948 1.00052 
1.07596 1.00918 1.00078 0.99995 0.99995 1.00078 1.00918 1.07596 1.23322 1.06728 1.01025 1.00086 1.00086 1.01025 1.06728 1.23322 1.68799 1.78989 1.86253 1.86005 1.86005 1.86253 1.78989 1.68799 2.72898 4.21931 5.67835 6.57079 6.57079 5.67835 4.21931 2.72898 1.5211 1.59043 1.31133 1.16105 1.16105 1.31133 1.59043 1.5211 1.08794 1.02901 1.00568 1.00041 1.00041 1.00568 1.02901 1.08795 1.03872 1.00568 1.00051 0.999944 0.999944 1.00051 1.00568 
1.44359 1.05891 1.00468 1.00019 1.00019 1.00468 1.05891 1.44359 2.34287 1.49534 1.09842 1.01506 1.01506 1.09842 1.49534 2.34287 4.07128 4.58095 4.86591 4.89869 4.89869 4.86591 4.58095 4.07128 5.11508 6.12844 7.69584 9.59952 9.59952 7.69584 6.12844 5.11508 2.72837 2.78511 2.33452 1.97508 1.97508 2.33452 2.78511 2.72837 1.58094 1.23154 1.05466 1.00938 1.00938 1.05467 1.23155 1.581 1.25252 1.04611 1.005 1.00041 1.00041 1.005 1.04611 
3.04901 1.60053 1.10506 1.01021 1.01021 1.10506 1.60053 3.04901 4.86565 2.80813 1.46239 1.10245 1.10245 1.46239 2.80813 4.86565 8.67209 9.97409 10.3362 10.437 10.437 10.3362 9.97409 8.67209 8.28167 8.96049 10.0351 11.716 11.6771 9.95661 8.87386 8.20892 6.13359 6.41755 6.30852 6.02888 6.11743 6.36568 6.45225 6.17031 3.00137 2.01366 1.30078 1.09063 1.08877 1.29613 1.97792 2.9556 1.88799 1.15575 1.01309 1.00041 1.00041 1.01309 1.15575 
1.8218 1.22916 1.0315 1.00223 1.00223 1.0315 1.22916 1.8218 2.35948 1.52899 1.10027 1.01461 1.01461 1.10027 1.52899 2.35948 4.10733 4.58622 4.79765 4.79178 4.79178 4.79765 4.58622 4.10733 5.44552 6.36286 6.89862 7.58799 7.60104 6.89536 6.36003 5.44351 2.98555 2.96725 2.72298 2.3623 2.36333 2.70208 2.94423 2.97511 1.53322 1.19755 1.0345 1.00642 1.00646 1.03508 1.19585 1.53188 1.19005 1.02488 1.00154 0.999863 0.999863 1.00154 1.02488 
1.18824 1.04549 1.00437 1.00005 1.00005 1.00437 1.04549 1.18824 1.25515 1.07662 1.00988 1.00049 1.00049 1.00988 1.07662 1.25515 1.78683 1.86775 1.8997 1.87337 1.87337 1.8997 1.86775 1.78683 3.4956 4.83565 5.47108 5.00091 5.0212 5.49174 4.85484 3.51555 1.55482 1.51216 1.38352 1.22373 1.2234 1.37757 1.50597 1.55699 1.078 1.01969 1.00126 0.999835 0.999841 1.00133 1.01944 1.07777 1.02413 1.00237 1.00004 0.99996 0.99996 1.00004 1.00237 
1.03056 1.00591 1.00022 0.999898 0.999898 1.00022 1.00591 1.03056 1.03187 1.00654 1.0002 0.999819 0.999819 1.0002 1.00654 1.03187 1.14726 1.15657 1.15815 1.14448 1.14448 1.15815 1.15657 1.14726 2.07707 3.83544 5.04125 3.4532 3.47964 5.10355 3.88445 2.09382 1.12213 1.10826 1.06439 1.02211 1.02184 1.063 1.10648 1.12341 1.00761 1.00069 0.999884 0.999978 0.999978 0.99989 1.00068 1.00761 1.0022 1.00008 0.999938 0.999993 0.999993 0.999938 1.00008 
1.03056 1.0059 1.00022 0.999898 0.999898 1.00022 1.00591 1.03056 1.03213 1.00669 1.00021 0.99982 0.999819 1.0002 1.00654 1.03187 1.14726 1.15657 1.15815 1.14448 1.14545 1.15966 1.15833 1.14974 2.09382 3.88445 5.10355 3.47964 3.47964 5.10355 3.88445 2.09382 1.12341 1.10648 1.063 1.02184 1.02211 1.06439 1.10826 1.12213 1.00761 1.00068 0.99989 0.999978 0.999978 0.999896 1.00069 1.00761 1.0022 1.00008 0.999938 0.999993 0.999993 0.999938 1.00008 
1.18816 1.04533 1.00435 1.00005 1.00005 1.00437 1.04549 1.18824 1.25589 1.0775 1.00995 1.0005 1.00049 1.00988 1.07662 1.25515 1.78683 1.86775 1.8997 1.87337 1.87683 1.9055 1.87476 1.79668 3.51555 4.85484 5.49174 5.0212 5.0212 5.49174 4.85484 3.51555 1.55699 1.50597 1.37757 1.2234 1.22373 1.38352 1.51216 1.55482 1.07777 1.01944 1.00133 0.999841 0.999864 1.0014 1.01969 1.078 1.02413 1.00237 1.00004 0.99996 0.99996 1.00004 1.00237 
1.82017 1.22818 1.03134 1.00221 1.00223 1.0315 1.22916 1.8218 2.3612 1.5325 1.10064 1.01467 1.01461 1.10027 1.52899 2.35948 4.10733 4.58622 4.79765 4.79178 4.79407 4.80543 4.59656 4.1234 5.44351 6.36003 6.89536 7.60104 7.60104 6.89536 6.36003 5.44351 2.97511 2.94423 2.70208 2.36333 2.3623 2.72298 2.96725 2.98555 1.53188 1.19585 1.03508 1.00646 1.00673 1.03585 1.19755 1.53322 1.19005 1.02488 1.00154 0.999863 0.999863 1.00154 1.02488 
3.06259 1.60499 1.10589 1.01029 1.01021 1.10506 1.60053 3.04901 4.81629 2.79395 1.46233 1.10245 1.10245 1.46239 2.80813 4.86565 8.67209 9.97409 10.3362 10.437 10.517 10.42 10.0504 8.7533 8.20892 8.87386 9.95661 11.6771 11.6771 9.95661 8.87386 8.20892 6.17031 6.45225 6.36568 6.11743 6.02888 6.30852 6.41755 6.13359 2.9556 1.97792 1.29613 1.08877 1.09532 1.31561 2.01366 3.00137 1.88799 1.15575 1.01309 1.00041 1.00041 1.01308 1.15574 
7.03239 3.01271 1.47627 1.06908 1.0691 1.47856 3.02856 7.10361 12.1791 7.4667 3.4866 1.98374 1.99022 3.5018 7.47236 12.0447 18.7902 22.2751 23.8007 24.0738 24.3856 24.1323 22.4634 18.9018 14.4365 16.0859 17.2353 19.1727 19.1756 17.2373 16.0904 14.4419 10.8 11.0106 11.5219 11.3954 11.3954 11.5219 11.0106 10.8 7.27082 5.44372 3.30851 2.01585 2.01585 3.30851 5.44372 7.27082 5.34722 2.44516 1.2748 1.03066 1.03037 1.27232 2.43118 
8.11986 3.42318 1.57931 1.08968 1.08923 1.57963 3.4307 8.17643 13.3877 8.71076 4.08813 2.33971 2.35191 4.1166 8.78907 13.3985 19.021 23.4495 25.3541 26.0293 26.042 25.3874 23.4836 18.971 13.277 15.475 17.4038 19.3462 19.3469 17.4043 15.4747 13.2768 10.0765 9.85182 9.83702 9.59578 9.59578 9.83702 9.85182 10.0765 6.18016 4.513 2.6329 1.63014 1.63014 2.6329 4.513 6.18016 4.1844 1.92763 1.16715 1.01622 1.01585 1.16515 1.92002 
6.93354 2.99726 1.44568 1.06097 1.06066 1.4458 3.00285 6.97879 11.4719 7.238 3.3197 1.91556 1.92313 3.33737 7.30009 11.4807 16.8178 20.9724 22.6409 23.022 23.0313 22.6696 21.0046 16.7712 12.3518 15.3684 17.9699 19.8666 19.8667 17.9698 15.3682 12.3515 8.35625 8.19306 7.59854 6.81433 6.81433 7.59854 8.19306 8.35625 4.45584 3.24867 1.97525 1.34222 1.34222 1.97525 3.24867 4.45584 2.87202 1.46248 1.07651 1.00667 1.0064 1.07478 1.45508 
5.92124 2.64016 1.32014 1.03498 1.03484 1.32001 2.64152 5.94216 9.35302 5.53402 2.40431 1.40155 1.40509 2.41588 5.56749 9.358 14.589 18.0943 19.5678 19.9137 19.9188 19.5805 18.1632 14.6007 11.6358 16.7693 19.8537 20.9038 20.9041 19.8539 16.7691 11.6348 6.96812 7.16328 5.83843 4.30142 4.30142 5.83843 7.16328 6.96812 3.21389 2.20698 1.39963 1.09621 1.09621 1.39963 2.20698 3.21389 1.9871 1.18062 1.0198 1.00108 1.00103 1.01928 1.17777 
5.94216 2.64152 1.32001 1.03484 1.03484 1.32001 2.64152 5.94216 9.35302 5.53402 2.40431 1.40155 1.40155 2.40431 5.53402 9.35302 14.6007 18.1632 19.5805 19.9188 19.9188 19.5805 18.1632 14.6007 11.6348 16.7691 19.8539 20.9041 20.9041 19.8539 16.7693 11.6358 6.99298 7.17563 5.84169 4.27999 4.30142 5.83843 7.16328 6.96812 3.21389 2.20698 1.39963 1.09621 1.09366 1.39001 2.18976 3.20784 1.9871 1.18062 1.0198 1.00108 1.00108 1.0198 1.18062 
6.97879 3.00285 1.4458 1.06066 1.06066 1.4458 3.00285 6.97879 11.4719 7.238 3.3197 1.91556 1.91556 3.3197 7.238 11.4719 16.7712 21.0046 22.6696 23.0313 23.0313 22.6696 21.0046 16.7712 12.3515 15.3682 17.9698 19.8667 19.8667 17.9698 15.3684 12.3518 8.39315 8.22926 7.60263 6.76908 6.81433 7.59854 8.19306 8.35625 4.45584 3.24867 1.97525 1.34222 1.32993 1.94182 3.22155 4.45232 2.87202 1.46248 1.07651 1.00667 1.00667 1.07651 1.46248 
8.17643 3.4307 1.57963 1.08923 1.08923 1.57963 3.4307 8.17643 13.3877 8.71076 4.08813 2.33971 2.33971 4.08813 8.71076 13.3877 18.971 23.4836 25.3874 26.042 26.042 25.3874 23.4836 18.971 13.2768 15.4747 17.4043 19.3469 19.3469 17.4043 15.475 13.277 10.1158 9.89715 9.8351 9.54827 9.59578 9.83702 9.85182 10.0765 6.18016 4.513 2.6329 1.63014 1.61275 2.58883 4.48002 6.17679 4.1844 1.92763 1.16715 1.01622 1.01622 1.16715 1.92763 
7.10361 3.02856 1.47856 1.0691 1.0691 1.47856 3.02856 7.10361 12.1791 7.4667 3.4866 1.98374 1.98374 3.4866 7.4667 12.1791 18.9018 22.4634 24.1323 24.3856 24.3856 24.1323 22.4634 18.9018 14.4419 16.0904 17.2373 19.1756 19.1756 17.2373 16.0859 14.4365 10.8941 11.1014 11.5839 11.4271 11.3954 11.5219 11.0106 10.8 7.27082 5.44372 3.30851 2.01585 2.02089 3.32027 5.50849 7.37715 5.34722 2.44516 1.2748 1.03066 1.03066 1.2748 2.44516 
10.4262 4.36648 1.83598 1.14541 1.14407 1.82938 4.34307 10.3628 17.636 10.3455 4.52292 2.35228 2.31417 4.41964 10.1765 17.4991 25.6445 29.0525 30.1846 30.4942 30.6065 30.2746 29.0525 25.6445 24.6666 26.8827 28.0571 28.6311 28.7522 28.2084 27.0314 24.7625 21.6814 23.0098 23.6303 23.8524 23.8481 23.6218 22.9949 21.7165 15.5759 13.2953 9.52247 6.05178 6.05046 9.51789 13.322 15.6809 11.0413 4.89427 1.96036 1.17648 1.17459 1.95338 4.8651 
12.224 5.03892 2.02564 1.19051 1.18875 2.01803 5.01215 12.1455 19.5096 11.8218 5.21796 2.70191 2.6542 5.09846 11.6846 19.5181 28.2927 31.8399 33.2522 33.5415 33.5275 33.2227 31.8399 28.2927 27.1669 28.2675 29.1768 30.2121 30.2345 29.1804 28.2515 27.135 26.1443 28.6132 29.8146 30.1371 30.1273 29.7969 28.5896 26.183 17.3639 15.0184 10.5828 6.876 6.88161 10.5959 14.8948 17.2827 12.0559 5.18781 2.02811 1.1788 1.17786 2.02484 5.1748 
12.9685 5.31931 2.10643 1.20519 1.20336 2.09856 5.29233 12.889 20.8657 12.6212 5.53034 2.83089 2.78028 5.40541 12.4721 20.8695 29.8278 33.0531 34.3081 34.5732 34.5698 34.2922 33.0531 29.8278 28.554 28.6151 29.6974 31.0604 31.0831 29.6946 28.5999 28.5257 28.3473 31.2367 32.847 33.3392 33.334 32.8376 31.214 28.3994 18.5952 16.2802 11.4182 7.40494 7.40765 11.4299 16.1631 18.5125 12.9348 5.52708 2.11849 1.19462 1.19367 2.11511 5.51309 
13.0334 5.27083 2.06421 1.18287 1.18186 2.06012 5.25573 12.9812 21.5093 12.5094 5.33085 2.6488 2.61853 5.25886 12.4138 21.4982 30.6331 33.4193 34.5341 34.7913 34.7903 34.5272 33.4193 30.6331 29.3838 29.2368 30.3355 31.7891 31.8041 30.3297 29.2283 29.3722 29.1401 32.0551 33.7231 34.2081 34.2057 33.7184 32.0365 29.1977 19.3646 17.0589 11.7068 7.4266 7.42862 11.7154 16.9943 19.3156 13.6412 5.76442 2.16511 1.1966 1.19595 2.16271 5.75309 
12.9812 5.25573 2.06012 1.18186 1.18186 2.06012 5.25573 12.9812 21.5093 12.5094 5.33085 2.6488 2.6488 5.33085 12.5094 21.5093 30.619 33.3785 34.5272 34.7903 34.7903 34.5341 33.4193 30.6331 29.3722 29.2283 30.3297 31.8041 31.7891 30.3355 29.2368 29.3838 29.1977 32.0365 33.7184 34.2057 34.2081 33.7231 32.0551 29.1401 19.3156 16.9943 11.7399 7.49867 7.4266 11.7068 17.0589 19.3646 13.6412 5.76442 2.16271 1.19595 1.1966 2.16511 5.76442 
12.889 5.29233 2.09856 1.20336 1.20336 2.09856 5.29233 12.889 20.8657 12.6212 5.53034 2.83089 2.83089 5.53034 12.6212 20.8657 29.8247 32.9752 34.2922 34.5698 34.5698 34.3081 33.0531 29.8278 28.5257 28.5999 29.6946 31.0831 31.0604 29.6974 28.6151 28.554 28.3994 31.214 32.8376 33.334 33.3392 32.847 31.2367 28.3473 18.5125 16.1631 11.4813 7.5291 7.40494 11.4182 16.2802 18.5952 12.9348 5.52708 2.11511 1.19367 1.19462 2.11849 5.52708 
12.1455 5.01215 2.01803 1.18875 1.18875 2.01803 5.01215 12.1455 19.5096 11.8218 5.21796 2.70191 2.70191 5.21796 11.8218 19.5096 28.2813 31.7416 33.2227 33.5275 33.5275 33.2522 31.8399 28.2927 27.135 28.2515 29.1804 30.2345 30.2121 29.1768 28.2675 27.1669 26.183 28.5896 29.7969 30.1273 30.1371 29.8146 28.6132 26.1443 17.2827 14.8948 10.6536 6.99741 6.876 10.5828 15.0184 17.3639 12.0559 5.18781 2.02484 1.17786 1.1788 2.02811 5.18781 
10.3628 4.34307 1.82938 1.14407 1.14407 1.82938 4.34307 10.3628 17.636 10.3455 4.52292 2.35228 2.35228 4.52292 10.3455 17.636 25.7631 29.0941 30.2746 30.6065 30.6065 30.1846 29.0525 25.6445 24.7625 27.0314 28.2084 28.7522 28.6311 28.0571 26.8827 24.6666 21.7165 22.9949 23.6218 23.8481 23.8524 23.6303 23.0098 21.6814 15.6809 13.322 9.69177 6.25992 6.05178 9.52247 13.2953 15.5759 11.0413 4.89427 1.95338 1.17459 1.17648 1.96036 4.89427 
8.6529 3.43303 1.56291 1.08665 1.08665 1.56291 3.43303 8.6529 16.4525 8.20802 3.2791 1.64122 1.64122 3.2791 8.20802 16.4525 28.0645 31.3452 33.2194 33.7263 33.7263 33.2194 31.3452 28.0645 31.216 33.7305 34.2249 34.0843 34.0851 34.2252 33.7464 31.2508 26.4766 29.4209 30.4369 30.7156 30.6711 30.3931 29.4465 26.4039 17.8323 15.0571 11.9434 8.2858 8.23141 11.9243 15.1048 17.8261 12.8467 6.3966 2.59616 1.42719 1.43118 2.60639 6.3966 
7.31806 2.7912 1.37575 1.04963 1.04963 1.37575 2.7912 7.31806 15.0893 6.90781 2.6618 1.39196 1.39196 2.6618 6.90781 15.0893 28.1108 31.6198 33.7426 34.3239 34.3239 33.7426 31.6198 28.1108 32.0218 34.0262 34.4831 34.449 34.4488 34.4829 34.0302 32.0481 28.4121 31.4288 32.7487 33.0903 33.1144 32.7875 31.4063 28.3216 19.2747 16.2151 12.9323 9.05518 8.98132 12.9117 16.2928 19.3043 13.5109 6.48393 2.59194 1.43261 1.43775 2.60595 6.48393 
6.74733 2.51226 1.28915 1.03529 1.03529 1.28915 2.51226 6.74733 14.42 6.31791 2.40362 1.30527 1.30527 2.40362 6.31791 14.42 28.0834 31.7445 33.9497 34.5623 34.5623 33.9497 31.7445 28.0834 32.4971 34.1415 34.6052 34.6946 34.6946 34.6051 34.1462 32.524 29.4132 32.5374 33.9685 34.3436 34.3536 33.9885 32.534 29.3349 20.2615 16.7493 13.0234 9.03384 8.96492 13.0003 16.8273 20.2838 13.9667 6.51928 2.59206 1.4213 1.42616 2.60518 6.51928 
6.47643 2.35947 1.22956 1.0232 1.0232 1.22956 2.35947 6.47643 14.1955 6.03957 2.27003 1.24713 1.24713 2.27003 6.03957 14.1955 28.1192 31.8347 33.9921 34.5981 34.5981 33.9921 31.8347 28.1192 32.7121 34.1532 34.6372 34.7994 34.7994 34.6371 34.1554 32.7264 29.864 32.9599 34.3549 34.6824 34.6872 34.3622 32.9654 29.7987 21.1266 17.1939 12.5435 8.68142 8.64507 12.5196 17.2434 21.1339 14.5172 6.49708 2.53954 1.3675 1.37017 2.54683 6.49708 
6.50232 2.3664 1.23135 1.02353 1.0232 1.22956 2.35947 6.47643 14.2686 6.00222 2.27003 1.24713 1.24501 2.26311 6.00297 14.0987 28.0533 31.8533 33.9961 34.6 34.5981 33.9921 31.8347 28.1192 32.7264 34.1554 34.6371 34.7994 34.7994 34.6372 34.1532 32.7121 29.7987 32.9654 34.3504 34.6798 34.6798 34.3504 32.9654 29.7987 21.1339 17.2434 12.5196 8.64507 8.68142 12.5435 17.1939 21.1266 14.5172 6.49708 2.54683 1.37017 1.3675 2.53954 6.47623 
6.78843 2.52525 1.29266 1.03599 1.03529 1.28915 2.51226 6.74733 14.4896 6.26614 2.40362 1.30527 1.30114 2.39161 6.25244 14.3089 28.0246 31.7759 33.9599 34.5673 34.5623 33.9497 31.7445 28.0834 32.524 34.1462 34.6051 34.6946 34.6946 34.6052 34.1415 32.4971 29.3349 32.534 33.9567 34.338 34.338 33.9567 32.534 29.3349 20.2838 16.8273 13.0003 8.96492 9.03384 13.0234 16.7493 20.2615 13.9667 6.51928 2.60518 1.42616 1.4213 2.59206 6.48611 
7.36282 2.80626 1.38001 1.05053 1.04963 1.37575 2.7912 7.31806 15.1666 6.85947 2.6618 1.39196 1.38761 2.65075 6.82951 14.9727 28.0622 31.6543 33.7516 34.3263 34.3239 33.7426 31.6198 28.1108 32.0481 34.0302 34.4829 34.4488 34.449 34.4831 34.0262 32.0218 28.3216 31.4063 32.725 33.0789 33.0789 32.725 31.4063 28.3216 19.3043 16.2928 12.9117 8.98132 9.05518 12.9323 16.2151 19.2747 13.5109 6.48393 2.60595 1.43775 1.43261 2.59194 6.44797 
8.70812 3.45071 1.56798 1.08776 1.08665 1.56291 3.43303 8.6529 16.522 8.14815 3.2791 1.64122 1.63491 3.2625 8.1236 16.3612 28.061 31.3982 33.2467 33.7478 33.7263 33.2194 31.3452 28.0645 31.2508 33.7464 34.2252 34.0851 34.0843 34.2249 33.7305 31.216 26.4039 29.4465 30.4462 30.7197 30.7197 30.4462 29.4465 26.4039 17.8261 15.1048 11.9243 8.23141 8.2858 11.9434 15.0571 17.8323 12.8467 6.3966 2.60639 1.43118 1.42719 2.59616 6.36668 
9.87878 3.97768 1.69783 1.11453 1.11453 1.69783 3.97768 9.87878 17.3072 8.88998 3.67761 1.82449 1.82449 3.67761 8.92004 17.2137 28.6882 31.8485 33.5317 34.0873 34.0756 33.5091 31.8485 28.6882 29.3975 32.7362 33.606 33.3302 33.3302 33.606 32.6933 29.3713 23.9414 28.2238 29.6915 30.0826 30.3327 29.8923 28.2737 24.1111 11.6868 9.86876 8.82764 8.36455 8.44333 8.76429 9.65807 11.4383 8.33987 5.47317 2.92108 1.68292 1.67264 2.899 5.47288 
11.0897 4.47009 1.85432 1.15172 1.15172 1.85432 4.47009 11.0897 19.4689 10.3534 4.33399 2.09658 2.09658 4.33399 10.3645 19.3249 30.4876 33.0126 34.2141 34.5883 34.5826 34.1987 33.0126 30.4876 30.7265 33.1534 33.9469 34.0222 34.0222 33.9469 33.1435 30.7554 26.6029 31.0711 32.7106 33.1307 33.0986 32.6895 31.0268 26.6765 13.3119 11.9146 11.3609 11.8337 12.0803 11.3651 11.8187 13.1728 9.42733 6.27157 3.41791 1.95027 1.93313 3.3831 6.25412 
11.7919 4.80661 1.95158 1.17104 1.17104 1.95158 4.80661 11.7919 20.3871 10.903 4.5301 2.16667 2.16667 4.5301 10.9199 20.2472 31.3531 33.5653 34.5512 34.82 34.8157 34.5393 33.5653 31.3531 31.5142 33.3925 34.1372 34.3531 34.3531 34.1372 33.3855 31.5385 28.0941 32.2969 33.9036 34.3621 34.3927 33.957 32.2807 28.1837 15.0613 13.4609 12.743 12.7737 12.9974 12.7505 13.3533 14.9152 10.5685 7.00237 3.79086 2.10348 2.08508 3.7526 6.98449 
11.9275 4.82517 1.93883 1.15919 1.15919 1.93883 4.82517 11.9275 20.6693 11.0585 4.53885 2.14902 2.14902 4.53885 11.0871 20.5328 31.6733 33.6964 34.6407 34.8693 34.8671 34.6357 33.6964 31.6733 31.9741 33.5624 34.2397 34.5424 34.5424 34.2397 33.5594 31.9869 28.8038 32.6694 34.2329 34.6592 34.6822 34.2625 32.6525 28.8822 17.0682 14.7241 12.9896 11.6651 11.7957 13.0139 14.6398 16.9983 11.811 6.9181 3.31749 1.85578 1.8467 3.29784 6.89961 
11.9299 4.81444 1.93557 1.15829 1.15919 1.93883 4.82517 11.9275 20.5328 11.0871 4.5368 2.14828 2.14902 4.53885 11.0585 20.6693 31.6733 33.6964 34.6357 34.8671 34.8671 34.6357 33.6882 31.6689 31.9869 33.5594 34.237 34.5411 34.5424 34.2397 33.5624 31.9741 28.8822 32.6525 34.2625 34.6822 34.6592 34.2329 32.6525 28.8822 16.9983 14.6398 13.0139 11.7957 11.8004 13.0238 14.6398 16.9983 11.811 6.9181 3.31749 1.85578 1.85578 3.31749 6.9181 
11.7839 4.78951 1.94623 1.1696 1.17104 1.95158 4.80661 11.7919 20.2472 10.9199 4.52465 2.16506 2.16667 4.5301 10.903 20.3871 31.3531 33.5653 34.5393 34.8157 34.8157 34.5393 33.5476 31.3406 31.5385 33.3855 34.132 34.351 34.3531 34.1372 33.3925 31.5142 28.1837 32.2807 33.957 34.3927 34.3621 33.9036 32.2807 28.1837 14.9152 13.3533 12.7505 12.9974 12.9982 12.7639 13.3533 14.9152 10.5685 7.00237 3.79086 2.10348 2.10348 3.79086 7.00237 
11.0786 4.45343 1.84899 1.15035 1.15172 1.85432 4.47009 11.0897 19.3249 10.3645 4.32818 2.09476 2.09658 4.33399 10.3534 19.4689 30.4876 33.0126 34.1987 34.5826 34.5826 34.1987 32.9922 30.4777 30.7554 33.1435 33.9411 34.0201 34.0222 33.9469 33.1534 30.7265 26.6765 31.0268 32.6895 33.0986 33.1307 32.7106 31.0268 26.6765 13.1728 11.8187 11.3651 12.0803 12.0979 11.3857 11.8187 13.1728 9.42733 6.27157 3.41791 1.95027 1.95027 3.41791 6.27157 
9.84837 3.95912 1.69268 1.11335 1.11453 1.69783 3.97768 9.87878 17.2137 8.92004 3.67748 1.82261 1.82449 3.67761 8.88998 17.3072 28.6882 31.8485 33.5091 34.0756 34.0756 33.5091 31.8151 28.6617 29.3713 32.6933 33.5808 33.2957 33.3302 33.606 32.7362 29.3975 24.1111 28.2737 29.8923 30.3327 30.0826 29.6915 28.2737 24.1111 11.4383 9.65807 8.76429 8.44333 8.44131 8.7685 9.65807 11.4383 8.33987 5.47317 2.92108 1.68292 1.68292 2.92108 5.47317 
7.13236 2.78129 1.34217 1.03875 1.03895 1.34303 2.78118 7.13198 13.1697 6.55743 2.55526 1.38095 1.39725 2.5705 6.58577 13.2918 25.4266 29.4682 31.8251 32.5747 32.5747 31.8251 29.4845 25.3454 23.4677 26.6318 27.6616 27.578 27.4267 27.4916 26.6276 23.4721 18.3979 22.1181 23.2975 23.8164 23.545 23.0096 22.0225 18.3524 8.77992 6.42709 4.08568 2.56872 2.4792 3.99504 6.42709 8.77992 5.47853 2.80785 1.51253 1.11214 1.11214 1.51253 2.80785 
6.73102 2.51216 1.25476 1.02419 1.02449 1.25674 2.51213 6.73115 13.0429 6.2834 2.39075 1.31675 1.33178 2.40306 6.29988 13.1381 25.8511 30.1375 32.9523 33.8259 33.8259 32.9523 30.153 25.75 23.8588 27.2097 28.4417 29.0938 29.098 28.4509 27.2116 23.8632 18.4814 23.9319 27.2235 28.8218 28.7677 27.0669 23.8858 18.5044 7.6518 4.94867 2.58864 1.48702 1.47716 2.58877 4.94867 7.6518 4.60878 2.12416 1.22061 1.02845 1.02845 1.22061 2.12416 
6.49465 2.38785 1.22265 1.01983 1.02009 1.22444 2.38782 6.49485 12.9219 6.1053 2.30145 1.28333 1.29728 2.31263 6.11942 13.0177 26.1004 30.5131 33.4157 34.3045 34.3045 33.4157 30.5314 25.9942 24.0694 27.4458 29.1124 30.1737 30.179 29.122 27.4463 24.073 18.6976 25.3839 29.6501 31.7176 31.6253 29.449 25.3376 18.7397 6.22964 3.51108 1.71251 1.12065 1.11717 1.72031 3.51108 6.22964 3.4852 1.61418 1.08969 1.00718 1.00718 1.08969 1.61418 
6.34728 2.30773 1.19609 1.01581 1.01592 1.19692 2.30764 6.34721 12.9272 5.99726 2.23706 1.24842 1.25538 2.24286 6.00081 13.012 26.2721 30.7073 33.581 34.3999 34.3999 33.581 30.7267 26.1793 24.42 27.8052 29.7088 31.1537 31.1569 29.7142 27.806 24.4232 18.8931 26.5182 31.0689 32.8198 32.7616 30.9625 26.4873 18.9191 5.34363 2.76554 1.37554 1.03548 1.03385 1.38058 2.76554 5.34363 2.74165 1.35828 1.04139 1.00225 1.00225 1.04139 1.35828 
6.34721 2.30764 1.19692 1.01592 1.01592 1.19692 2.30764 6.34721 12.9272 5.99726 2.24286 1.25538 1.24842 2.23706 5.99726 12.9272 26.1704 30.7267 33.5958 34.4061 34.3999 33.581 30.757 26.1704 24.4232 27.806 29.7142 31.1569 31.1569 29.7142 27.806 24.4232 18.9191 26.4873 30.9625 32.7616 32.8198 31.0689 26.4873 18.9191 5.41883 2.78039 1.38439 1.03362 1.03548 1.37554 2.76554 5.34363 2.74165 1.35828 1.04139 1.00225 1.00221 1.04099 1.35587 
6.49485 2.38782 1.22444 1.02009 1.02009 1.22444 2.38782 6.49485 12.9219 6.1053 2.31263 1.29728 1.28333 2.30145 6.1053 12.9219 25.9859 30.5314 33.4444 34.3148 34.3045 33.4157 30.5751 25.9859 24.073 27.4463 29.122 30.179 30.179 29.122 27.4463 24.073 18.7397 25.3376 29.449 31.6253 31.7176 29.6501 25.3376 18.7397 6.30548 3.53221 1.73031 1.11748 1.12065 1.71251 3.51108 6.22964 3.4852 1.61418 1.08969 1.00718 1.00704 1.08869 1.60928 
6.73115 2.51213 1.25674 1.02449 1.02449 1.25674 2.51213 6.73115 13.0429 6.2834 2.40306 1.33178 1.31675 2.39075 6.2834 13.0429 25.7421 30.153 32.9835 33.8395 33.8259 32.9523 30.1978 25.7421 23.8632 27.2116 28.4509 29.098 29.098 28.4509 27.2116 23.8632 18.5044 23.8858 27.0669 28.7677 28.8218 27.2235 23.8858 18.5044 7.72088 4.97761 2.60467 1.47908 1.48702 2.58864 4.94867 7.6518 4.60878 2.12416 1.22061 1.02845 1.02811 1.2187 2.11759 
7.13198 2.78118 1.34303 1.03895 1.03895 1.34303 2.78118 7.13198 13.1697 6.55743 2.5705 1.39725 1.38095 2.55526 6.55743 13.1697 25.2858 29.4845 31.8166 32.5494 32.5747 31.8251 29.4885 25.2858 23.4721 26.6276 27.4916 27.4267 27.4267 27.4916 26.6276 23.4721 18.3524 22.0225 23.0096 23.545 23.8164 23.2975 22.0225 18.3524 8.81442 6.42372 3.97851 2.45977 2.56872 4.08568 6.42709 8.77992 5.47853 2.80785 1.51253 1.11214 1.10905 1.50034 2.77865 
4.6334 1.87783 1.13452 1.01286 1.01261 1.13287 1.87783 4.6334 9.50139 4.25456 1.76552 1.13702 1.13795 1.76816 4.25456 9.50139 19.9865 25.7151 27.7636 28.3132 28.3132 27.7636 25.7151 19.9865 14.4072 13.6195 12.7151 12.8335 12.8303 12.7118 13.4463 14.3008 13.8452 16.959 15.267 13.3742 13.3742 15.267 16.959 13.8452 6.78486 4.30326 2.1446 1.35775 1.36397 2.13807 4.33275 6.85304 3.19123 1.42815 1.03987 1.00139 1.00139 1.03987 1.42815 
4.56724 1.84799 1.13315 1.01302 1.01274 1.13171 1.84799 4.56724 9.6033 4.20373 1.71007 1.11755 1.11857 1.71275 4.20373 9.6033 20.7245 27.9835 30.7827 31.5339 31.5339 30.7827 27.9835 20.7245 13.5834 11.5901 9.50697 8.67724 8.67746 9.50704 11.5843 13.5858 13.5497 17.1136 13.9456 10.4668 10.4668 13.9456 17.1136 13.5497 6.16939 3.58243 1.74305 1.21141 1.21226 1.73457 3.58608 6.20532 2.9093 1.3784 1.04359 1.00297 1.00297 1.04359 1.3784 
4.55467 1.8317 1.12855 1.01253 1.01227 1.12719 1.8317 4.55467 9.70028 4.23705 1.71264 1.11616 1.11708 1.71475 4.23705 9.70028 21.1652 29.1425 32.2919 33.1468 33.1468 32.2919 29.1425 21.1652 12.9523 10.3361 7.64326 5.94163 5.94156 7.64293 10.3303 12.9556 13.3043 16.8473 12.9912 8.72899 8.72899 12.9912 16.8473 13.3043 6.07489 3.45091 1.68967 1.20342 1.20366 1.6701 3.44992 6.10423 2.88355 1.38511 1.04777 1.00358 1.00358 1.04777 1.38511 
4.51532 1.79792 1.11355 1.00975 1.00962 1.11281 1.79792 4.51532 9.70284 4.24107 1.70996 1.10701 1.10741 1.71055 4.24107 9.70284 21.1993 29.4939 32.7207 33.6047 33.6047 32.7207 29.4939 21.1993 11.8616 8.85987 6.0497 3.79561 3.79555 6.04945 8.85424 11.8663 13.2419 16.737 12.6256 8.11124 8.11124 12.6256 16.737 13.2419 6.10955 3.32927 1.63005 1.17047 1.17045 1.61662 3.32725 6.13512 2.92375 1.39415 1.0466 1.00329 1.00329 1.0466 1.39415 
4.5158 1.79552 1.11281 1.00962 1.00962 1.11281 1.79792 4.51532 9.70284 4.24107 1.71126 1.10783 1.10783 1.71126 4.23674 9.74879 21.1863 29.5022 32.7256 33.607 33.607 32.7256 29.5022 21.1863 11.8663 8.85424 6.04945 3.79555 3.79561 6.0497 8.85987 11.8616 13.2407 16.7374 12.6258 8.09806 8.11805 12.6164 16.737 13.2419 6.13953 3.31334 1.61662 1.17045 1.17047 1.63005 3.32927 6.10955 2.92375 1.39415 1.0466 1.00329 1.00326 1.04655 1.39477 
4.55269 1.82731 1.12719 1.01227 1.01227 1.12719 1.8317 4.55467 9.70028 4.23705 1.71703 1.11802 1.11802 1.71703 4.23317 9.75101 21.1535 29.1549 32.3003 33.1504 33.1504 32.3003 29.1549 21.1535 12.9556 10.3303 7.64293 5.94156 5.94163 7.64326 10.3361 12.9523 13.3029 16.8476 12.9836 8.70731 8.73616 12.9758 16.8473 13.3043 6.10893 3.42799 1.6701 1.20366 1.20342 1.68967 3.45091 6.07489 2.88355 1.38511 1.04777 1.00358 1.00356 1.04787 1.38674 
4.56353 1.84319 1.13171 1.01274 1.01274 1.13171 1.84799 4.56724 9.6033 4.20373 1.71544 1.11958 1.11958 1.71544 4.19907 9.6518 20.7201 27.9946 30.7949 31.5415 31.5415 30.7949 27.9946 20.7201 13.5858 11.5843 9.50704 8.67746 8.67724 9.50697 11.5901 13.5834 13.5481 17.114 13.9267 10.438 10.4659 13.9214 17.1136 13.5497 6.20731 3.56175 1.73457 1.21226 1.21141 1.74305 3.58243 6.16939 2.9093 1.3784 1.04359 1.00297 1.00296 1.04372 1.38003 
4.61074 1.87029 1.13287 1.01261 1.01261 1.13287 1.87783 4.6334 9.50139 4.25456 1.76823 1.13839 1.13839 1.76823 4.24695 9.54144 19.9486 25.6533 27.7003 28.2442 28.2442 27.7003 25.6533 19.9486 14.3008 13.4463 12.7118 12.8303 12.8335 12.7151 13.6195 14.4072 13.8426 16.9575 15.3074 13.4131 13.3116 15.1894 16.959 13.8452 6.8075 4.27303 2.13807 1.36397 1.35775 2.1446 4.30326 6.78486 3.19123 1.42815 1.03987 1.00139 1.00149 1.0404 1.42882 
1.55139 1.09045 1.01043 1.00077 1.00078 1.01042 1.09046 1.55135 2.9918 1.51517 1.068 1.00637 1.00659 1.06949 1.51549 3.00375 9.7795 12.9223 14.4871 14.9927 15.1712 14.6675 13.0719 9.7795 5.87296 4.47933 3.92001 4.04997 4.02303 3.89593 4.45227 5.87146 7.46492 9.51311 8.26728 7.04361 7.1414 8.34499 9.59668 7.51384 3.00529 1.88642 1.24225 1.04535 1.04376 1.23691 1.85283 2.82325 1.55161 1.0737 1.00646 1.00016 1.00016 1.00656 1.07466 
1.13368 1.01945 1.00181 0.999898 0.999904 1.00184 1.01945 1.13369 1.50211 1.09196 1.00887 1.00014 1.00014 1.0089 1.09188 1.50299 4.03003 5.56464 6.21183 6.4248 6.38111 6.14885 5.49751 4.03003 2.54689 1.86952 1.63128 1.70961 1.70762 1.6289 1.86619 2.54686 3.52125 4.34613 3.5118 2.68862 2.69735 3.50286 4.32616 3.49408 1.49969 1.16552 1.03377 1.00404 1.00411 1.03429 1.1649 1.47608 1.12349 1.01468 1.00096 0.999797 0.999795 1.00095 1.01458 
1.01746 1.00202 1.00004 0.999949 0.999948 1.00005 1.00202 1.01746 1.06828 1.00879 1.00034 0.999865 0.999864 1.00034 1.00873 1.06829 1.71624 2.20712 2.45891 2.49881 2.4807 2.43314 2.1845 1.71624 1.29015 1.12558 1.07517 1.09081 1.0908 1.07514 1.12528 1.29012 1.81069 1.99294 1.59208 1.26715 1.26947 1.59382 1.99043 1.80542 1.07728 1.01704 1.00216 0.999978 0.99998 1.00218 1.01641 1.06863 1.01444 1.00141 0.999972 0.999966 0.999966 0.99997 1.00139 
1.00166 1.00003 0.999934 0.999991 0.999991 0.999934 1.00003 1.00166 1.00605 1.00019 0.999882 0.999989 0.999989 0.999881 1.00018 1.00606 1.12578 1.25313 1.33235 1.33036 1.32464 1.32451 1.24731 1.12578 1.03494 1.01403 1.00804 1.0102 1.0102 1.00803 1.01399 1.03493 1.22654 1.26742 1.12252 1.02885 1.02915 1.123 1.26682 1.22566 1.00985 1.00065 0.999888 0.999943 0.999944 0.999889 1.00055 1.00798 1.00094 0.999935 0.999955 0.999997 0.999998 0.999956 0.999932 
1.00166 1.00003 0.999934 0.999991 0.999991 0.999934 1.00003 1.00166 1.00605 1.00019 0.999881 0.99999 0.999989 0.999882 1.00019 1.00605 1.12735 1.25313 1.33235 1.33036 1.33036 1.33235 1.25313 1.12735 1.03493 1.01399 1.00803 1.0102 1.0102 1.00804 1.01403 1.03494 1.22968 1.27099 1.12441 1.02929 1.02885 1.12252 1.26742 1.22654 1.00798 1.00055 0.999889 0.999944 0.999944 0.999889 1.00055 1.00798 1.00094 0.999935 0.999955 0.999997 0.999997 0.999955 0.999935 
1.01746 1.00202 1.00005 0.999948 0.999948 1.00005 1.00202 1.01746 1.06828 1.00879 1.00033 0.999864 0.999865 1.00034 1.00879 1.06828 1.71947 2.20712 2.45891 2.49881 2.49881 2.45891 2.20712 1.71947 1.29012 1.12528 1.07514 1.0908 1.09081 1.07517 1.12558 1.29015 1.81803 2.0028 1.59832 1.26962 1.26715 1.59208 1.99294 1.81069 1.06863 1.01641 1.00218 0.99998 0.99998 1.00218 1.01641 1.06863 1.01444 1.00141 0.999972 0.999966 0.999966 0.999972 1.00141 
1.13369 1.01945 1.00184 0.999904 0.999904 1.00184 1.01945 1.13369 1.50211 1.09196 1.00884 1.00014 1.00014 1.00887 1.09196 1.50211 4.02975 5.56464 6.21183 6.4248 6.4248 6.21183 5.56464 4.02975 2.54686 1.86619 1.6289 1.70762 1.70961 1.63128 1.86952 2.54689 3.52007 4.35444 3.51419 2.69434 2.68862 3.5118 4.34613 3.52125 1.47608 1.1649 1.03429 1.00411 1.00411 1.03429 1.1649 1.47608 1.12349 1.01468 1.00096 0.999797 0.999797 1.00096 1.01468 
1.55135 1.09046 1.01042 1.00078 1.00078 1.01042 1.09046 1.55135 2.9918 1.51517 1.068 1.00637 1.00637 1.068 1.51517 2.9918 9.59163 12.9223 14.4871 14.9927 14.9927 14.4871 12.9223 9.59163 5.87146 4.45227 3.89593 4.02303 4.04997 3.92001 4.47933 5.87296 7.47214 9.54107 8.28368 7.07967 7.04361 8.26728 9.51311 7.46492 2.82325 1.85283 1.23691 1.04376 1.04376 1.23691 1.85283 2.82325 1.55161 1.0737 1.00646 1.00016 1.00016 1.00646 1.0737 
1.07927 1.01227 1.00153 1.00014 1.00014 1.00153 1.01227 1.07927 1.42457 1.07387 1.00816 1.00052 1.00051 1.00812 1.07387 1.42457 4.06553 5.73366 6.08543 6.40915 6.40915 6.08543 5.73366 4.06553 2.78063 2.14159 1.93275 1.68704 1.68704 1.93275 2.14159 2.78063 3.51109 4.30356 3.42491 2.58285 2.58459 3.43416 4.32756 3.53643 1.52574 1.14573 1.0287 1.00361 1.00361 1.0287 1.14573 1.52574 1.09998 1.01211 1.00098 1.00007 1.00007 1.00098 1.01211 
1.00781 1.00112 1.00003 0.999968 0.999968 1.00003 1.00112 1.00781 1.06276 1.00872 1.00065 0.999896 0.999897 1.00066 1.00872 1.06276 2.341 3.36064 3.62971 3.40416 3.40416 3.62971 3.36064 2.341 1.50778 1.27545 1.20126 1.11903 1.11903 1.20126 1.27545 1.50778 1.56514 1.72863 1.43721 1.21994 1.21951 1.43818 1.73241 1.57014 1.09049 1.01946 1.00258 1.00005 1.00005 1.00258 1.01946 1.09049 1.01667 1.00184 1.0001 0.999959 0.999959 1.0001 1.00184 
1.00022 0.999997 0.999975 0.999997 0.999997 0.999975 0.999997 1.00022 1.0075 1.00077 0.999921 0.999966 0.999966 0.999922 1.00077 1.0075 1.40035 1.81158 1.99778 1.73929 1.73929 1.99778 1.81158 1.40035 1.10006 1.04378 1.02724 1.01277 1.01277 1.02724 1.04378 1.10006 1.07657 1.09418 1.04454 1.01684 1.01675 1.04466 1.09488 1.07767 1.01112 1.00173 0.999982 0.999905 0.999905 0.999982 1.00173 1.01112 1.00205 1.00011 0.999963 0.999993 0.999993 0.999963 1.00011 
0.999978 0.999974 0.999997 1 1 0.999997 0.999974 0.999978 1.00047 0.999866 0.999972 0.999997 0.999997 0.999972 0.999866 1.00047 1.08483 1.20419 1.26655 1.17673 1.17673 1.26655 1.20419 1.08483 1.01202 1.00362 1.00202 1.00081 1.00081 1.00202 1.00362 1.01202 1.0046 1.00597 1.00205 1.0005 1.00049 1.00206 1.00606 1.00478 1.00083 0.999889 0.999946 0.999991 0.999991 0.999946 0.999889 1.00083 1.00019 0.999959 0.999991 1 1 0.999991 0.999959 
0 0 0 0 1 0.999997 0.999974 0.999978 1.00047 0.999866 0.999972 0.999997 0.999997 0.999972 0.999866 1.00056 1.08483 1.20419 1.26655 1.17673 1.17426 1.26151 1.20063 1.0836 1.01189 1.00355 1.00198 1.00079 1.00081 1.00202 1.00362 1.01202 1.00478 1.00606 1.00206 1.00049 1.0005 1.00205 1.00597 1.0046 1.00081 0.999884 0.999947 0.999991 0.999991 0.999946 0.999889 1.00083 1.00019 0.999959 0.999991 1 0 0 0 
0 0 0 0 0.999997 0.999975 0.999997 1.00022 1.0075 1.00077 0.999922 0.999966 0.999966 0.999921 1.00077 1.00804 1.40035 1.81158 1.99778 1.73929 1.73041 1.98039 1.79733 1.39485 1.09902 1.04312 1.02682 1.01259 1.01277 1.02724 1.04378 1.10006 1.07767 1.09488 1.04466 1.01675 1.01684 1.04454 1.09418 1.07657 1.01105 1.00171 0.999981 0.999904 0.999905 0.999982 1.00173 1.01112 1.00205 1.00011 0.999963 0.999993 0 0 0 
0 0 0 0 0.999968 1.00003 1.00112 1.00781 1.06276 1.00872 1.00066 0.999897 0.999896 1.00065 1.00871 1.06524 2.341 3.36064 3.62971 3.40416 3.387 3.61199 3.33978 2.32879 1.50372 1.27241 1.19899 1.11784 1.11903 1.20126 1.27545 1.50778 1.57014 1.73241 1.43818 1.21951 1.21994 1.43721 1.72863 1.56514 1.09036 1.01936 1.00259 1.00005 1.00005 1.00258 1.01946 1.09049 1.01667 1.00184 1.0001 0.999959 0 0 0 
