0 0 0 0 1.00056 1.00745 1.07837 1.50396 2.46897 1.5537 1.11846 1.0202 1.02026 1.11886 1.5552 2.47815 4.35345 4.88165 5.13053 5.15624 5.14485 5.11109 4.85836 4.34359 5.28383 6.21265 7.59093 9.60383 9.60441 7.60168 6.21626 5.2754 2.82686 2.85642 2.49041 2.16936 2.1621 2.47681 2.83861 2.80412 1.65647 1.26182 1.06387 1.01264 1.01295 1.06532 1.26411 1.65656 1.30297 1.06322 1.00789 1.00072 0 0 0 
0 0 0 0 0.999999 1.00125 1.01405 1.0964 1.2799 1.08455 1.01434 1.00151 1.00152 1.0144 1.08483 1.28171 1.8324 1.92753 1.99581 1.9927 1.99062 1.99183 1.92322 1.83408 3.12597 4.44204 5.74055 6.815 6.80533 5.73621 4.43186 3.10754 1.60203 1.68103 1.39296 1.22054 1.22229 1.39577 1.68515 1.6014 1.11141 1.03612 1.00737 1.00067 1.0007 1.00756 1.03658 1.11124 1.05259 1.00923 1.00098 0.999964 0 0 0 
0 0 0 0 0.999964 1.00012 1.00144 1.01063 1.03025 1.00732 1.00079 0.999855 0.999857 1.00079 1.00735 1.03046 1.13436 1.13381 1.14614 1.14084 1.1405 1.14547 1.13315 1.13578 1.84325 3.25857 4.47766 4.39101 4.36369 4.45405 3.23231 1.83117 1.12591 1.14977 1.07125 1.02876 1.02914 1.07217 1.15147 1.12582 1.01238 1.00311 1.00048 0.999988 0.999991 1.0005 1.00317 1.01231 1.00579 1.00099 0.999966 0.999966 0 0 0 
0 0 0 0 0.999993 0.999974 1.00004 1.00097 1.00146 0.99996 0.999866 0.999955 0.999955 0.999867 0.999961 1.00147 1.01412 1.0102 1.01114 1.01045 1.01041 1.01107 1.01014 1.01453 1.23726 2.16507 3.43269 2.57171 2.55177 3.38118 2.14133 1.23373 1.01911 1.02341 1.00867 1.00245 1.0025 1.00881 1.02374 1.01904 1.00069 0.999964 0.999955 0.999979 0.999978 0.999955 0.999972 1.00068 1.0005 0.999966 0.999967 0.999996 0 0 0 
1.00097 1.00004 0.999974 0.999993 0.999993 0.999974 1.00004 1.00097 1.00147 0.999961 0.999867 0.999955 0.999955 0.999866 0.999961 1.00147 1.01453 1.01014 1.01107 1.01041 1.01041 1.01107 1.01014 1.01453 1.23726 2.16507 3.43269 2.57171 2.57171 3.43269 2.16507 1.23726 1.01904 1.02374 1.00881 1.0025 1.0025 1.00881 1.02374 1.01904 1.00068 0.999972 0.999955 0.999978 0.999978 0.999955 0.999972 1.00068 1.0005 0.999966 0.999967 0.999996 0.999996 0.999967 0.999966 
1.01063 1.00144 1.00012 0.999964 0.999964 1.00012 1.00144 1.01063 1.03046 1.00735 1.00079 0.999857 0.999855 1.00079 1.00735 1.03046 1.13578 1.13315 1.14547 1.1405 1.1405 1.14547 1.13315 1.13578 1.84325 3.25857 4.47766 4.39101 4.39101 4.47766 3.25857 1.84325 1.12582 1.15147 1.07217 1.02914 1.02914 1.07217 1.15147 1.12582 1.01231 1.00317 1.0005 0.999991 0.999991 1.0005 1.00317 1.01231 1.00579 1.00099 0.999966 0.999966 0.999966 0.999966 1.00099 
1.0964 1.01405 1.00125 0.999999 0.999999 1.00125 1.01405 1.0964 1.28171 1.08483 1.0144 1.00152 1.00151 1.01434 1.08483 1.28171 1.83408 1.92322 1.99183 1.99062 1.99062 1.99183 1.92322 1.83408 3.12597 4.44204 5.74055 6.815 6.815 5.74055 4.44204 3.12597 1.6014 1.68515 1.39577 1.22229 1.22229 1.39577 1.68515 1.6014 1.11124 1.03658 1.00756 1.0007 1.0007 1.00756 1.03658 1.11124 1.05259 1.00923 1.00098 0.999964 0.999964 1.00098 1.00923 
1.50396 1.07837 1.00745 1.00056 1.00056 1.00745 1.07837 1.50396 2.47815 1.5552 1.11886 1.02026 1.0202 1.11846 1.5552 2.47815 4.34359 4.85836 5.11109 5.14485 5.14485 5.11109 4.85836 4.34359 5.28383 6.21265 7.59093 9.60383 9.60383 7.59093 6.21265 5.28383 2.80412 2.83861 2.47681 2.1621 2.1621 2.47681 2.83861 2.80412 1.65656 1.26411 1.06532 1.01295 1.01295 1.06532 1.26411 1.65656 1.30297 1.06322 1.00789 1.00072 1.00072 1.00789 1.06322 
3.14243 1.67897 1.13682 1.0156 1.0157 1.13766 1.68296 3.15715 4.85053 2.78929 1.48454 1.11842 1.11805 1.48275 2.77856 4.86296 8.4409 9.71061 10.2959 10.4114 10.4884 10.3755 9.71061 8.4409 8.13717 8.83957 9.82039 11.4305 11.3787 9.77674 8.80809 8.09464 6.09165 6.37379 6.4178 6.30066 6.39715 6.48141 6.41304 6.12694 3.20294 2.12163 1.40191 1.13605 1.1677 1.44425 2.21319 3.27805 1.97874 1.19147 1.01768 1.00075 1.00077 1.0179 1.19138 
1.93217 1.2914 1.04446 1.0038 1.00378 1.04425 1.29005 1.93098 2.47199 1.57973 1.11584 1.01888 1.01878 1.11517 1.57481 2.47279 4.41117 4.90345 5.09161 5.07024 5.06339 5.08388 4.90345 4.41117 5.54425 6.41036 6.94671 7.51192 7.45735 6.89559 6.3804 5.55714 3.12647 3.10092 2.91942 2.6161 2.62067 2.90633 3.07859 3.11711 1.61814 1.23378 1.04816 1.01096 1.01256 1.05016 1.23922 1.61383 1.22763 1.03392 1.0024 0.999873 0.99988 1.00245 1.03419 
1.24018 1.06762 1.00735 1.00026 1.00026 1.00733 1.06735 1.24021 1.30492 1.09347 1.01281 1.00087 1.00085 1.01267 1.09239 1.30463 1.95207 2.01935 2.04872 2.01168 2.0116 2.04862 2.01935 1.95207 3.86632 5.13991 5.66445 5.20819 5.22954 5.69699 5.20462 3.96531 1.65991 1.59464 1.47184 1.30523 1.30647 1.4687 1.58804 1.66529 1.1022 1.02638 1.00233 0.99999 1.00013 1.00252 1.02732 1.10094 1.03279 1.00386 1.00015 0.999944 0.999944 1.00015 1.00389 
1.04557 1.01054 1.00062 0.999853 0.999853 1.00062 1.01051 1.04559 1.04479 1.00953 1.00041 0.999765 0.999762 1.00039 1.00933 1.04464 1.21535 1.21521 1.21446 1.19398 1.19395 1.21445 1.21521 1.21535 2.60493 4.53283 5.69509 3.95963 4.04474 5.93859 4.71522 2.74198 1.1669 1.14268 1.09257 1.03745 1.0374 1.0917 1.14085 1.17011 1.01219 1.00136 0.999854 0.999965 0.999966 0.999872 1.00142 1.01174 1.00353 1.00026 0.999913 0.999986 0.999986 0.999913 1.00026 
1.04559 1.01051 1.00062 0.999853 0.999853 1.00062 1.01051 1.04559 1.04479 1.00953 1.00041 0.999765 0.999765 1.00041 1.00953 1.04479 1.21799 1.21527 1.21445 1.19395 1.19395 1.21445 1.21521 1.21535 2.74198 4.71522 5.93859 4.04474 4.04474 5.93859 4.71522 2.74198 1.17011 1.14085 1.0917 1.0374 1.0374 1.0917 1.14085 1.17011 1.01174 1.00142 0.999872 0.999966 0.999967 0.99988 1.00139 1.01223 1.00353 1.00026 0.999913 0.999986 0.999986 0.999913 1.00026 
1.24021 1.06735 1.00733 1.00026 1.00026 1.00733 1.06735 1.24021 1.30492 1.09347 1.01281 1.00087 1.00087 1.01281 1.09347 1.30492 1.95928 2.01955 2.04862 2.0116 2.0116 2.04862 2.01935 1.95207 3.96531 5.20462 5.69699 5.22954 5.22954 5.69699 5.20462 3.96531 1.66529 1.58804 1.4687 1.30647 1.30647 1.4687 1.58804 1.66529 1.10094 1.02732 1.00252 1.00013 1.00007 1.0026 1.02698 1.10314 1.03279 1.00386 1.00015 0.999944 0.999944 1.00015 1.00386 
1.93098 1.29005 1.04425 1.00378 1.00378 1.04425 1.29005 1.93098 2.47199 1.57973 1.11584 1.01888 1.01888 1.11584 1.57973 2.47199 4.41138 4.8966 5.08388 5.06339 5.06339 5.08388 4.90345 4.41117 5.55714 6.3804 6.89559 7.45735 7.45735 6.89559 6.3804 5.55714 3.11711 3.07859 2.90633 2.62067 2.62067 2.90633 3.07859 3.11711 1.61383 1.23922 1.05016 1.01256 1.01181 1.05089 1.23799 1.62437 1.22763 1.03392 1.0024 0.999873 0.999873 1.0024 1.03392 
3.15715 1.68296 1.13766 1.0157 1.0157 1.13766 1.68296 3.15715 4.85053 2.78929 1.48454 1.11842 1.11842 1.48454 2.78929 4.85053 8.51821 9.78242 10.3755 10.4884 10.4884 10.3755 9.71061 8.4409 8.09464 8.80809 9.77674 11.3787 11.3787 9.77674 8.80809 8.09464 6.12694 6.41304 6.48141 6.39715 6.39715 6.48141 6.41304 6.12694 3.27805 2.21319 1.44425 1.1677 1.1504 1.439 2.17566 3.2798 1.97874 1.19147 1.01768 1.00075 1.00075 1.01768 1.19147 
6.8788 3.02171 1.51423 1.08628 1.08628 1.51423 3.02171 6.8788 12.0465 7.45341 3.66468 2.12816 2.12816 3.66468 7.45341 12.0465 18.0986 21.524 22.8835 23.3575 23.3575 22.8835 21.6546 18.1488 14.1046 15.9382 17.4981 19.3112 19.4613 17.6502 16.0852 14.2121 10.2686 11.0597 11.3451 11.5974 11.5974 11.3451 11.0597 10.2686 7.04692 5.33641 3.48667 2.18683 2.18526 3.46263 5.27638 6.99864 5.397 2.60248 1.3306 1.04293 1.04293 1.3306 2.60248 
7.85735 3.41723 1.61807 1.1096 1.1096 1.61807 3.41723 7.85735 12.8656 8.45291 4.32458 2.50519 2.50519 4.32458 8.45291 12.8656 18.321 22.6894 24.6734 25.4365 25.4365 24.6734 22.7206 18.2864 13.176 15.6643 17.4765 19.2723 19.3023 17.4802 15.6434 13.1341 9.38179 9.5093 9.72322 9.98103 9.98103 9.72322 9.5093 9.38179 6.14732 4.58385 2.88097 1.79476 1.79294 2.89232 4.57547 6.1484 4.33956 2.08094 1.21213 1.02382 1.02382 1.21213 2.08094 
6.87415 3.07806 1.50163 1.07833 1.07833 1.50163 3.07806 6.87415 11.1796 7.13551 3.54073 2.05042 2.05042 3.54073 7.13551 11.1796 16.5483 20.6836 22.4459 22.8684 22.8684 22.4459 20.7135 16.5092 12.4067 16.0067 18.5381 20.1246 20.153 18.5519 15.9816 12.3628 7.89863 7.87087 7.55091 7.277 7.277 7.55091 7.87087 7.89863 4.50924 3.34006 2.15816 1.45324 1.45244 2.17 3.34105 4.51704 2.99746 1.55033 1.09961 1.00985 1.00985 1.09961 1.55033 
6.05298 2.81397 1.39602 1.05031 1.05031 1.39602 2.81397 6.05298 9.39015 5.64589 2.57424 1.49929 1.49929 2.57424 5.64589 9.39015 14.9377 18.375 20.0211 20.4075 20.4075 20.0211 18.394 14.9176 12.474 17.8679 20.2882 20.9824 20.9975 20.3 17.8557 12.4476 6.80483 7.01602 5.93002 4.76162 4.76162 5.93002 7.01602 6.80483 3.39526 2.35738 1.50928 1.13946 1.13942 1.51383 2.36097 3.40644 2.13147 1.23296 1.02922 1.00194 1.00194 1.02922 1.23296 
6.07036 2.81567 1.39586 1.05013 1.05031 1.39602 2.81397 6.05298 9.41893 5.62218 2.57424 1.49929 1.49348 2.56239 5.62218 9.41893 14.9176 18.394 20.0268 20.4097 20.4075 20.0211 18.394 14.9176 12.4476 17.8557 20.3 20.9975 20.9975 20.3 17.8557 12.4476 6.85706 7.02421 5.92911 4.73972 4.73972 5.93002 7.02421 6.85706 3.39542 2.35736 1.50912 1.13942 1.13946 1.50928 2.35738 3.39526 2.13147 1.23296 1.02922 1.00194 1.00203 1.0299 1.23626 
6.91392 3.08409 1.50188 1.078 1.07833 1.50163 3.07806 6.87415 11.2172 7.08988 3.54073 2.05042 2.03242 3.50254 7.08988 11.2172 16.5092 20.7135 22.4583 22.8726 22.8684 22.4459 20.7135 16.5092 12.3628 15.9816 18.5519 20.153 20.153 18.5519 15.9816 12.3628 7.95584 7.90364 7.55089 7.23753 7.23753 7.55091 7.90364 7.95584 4.51018 3.34041 2.15767 1.45244 1.45324 2.15816 3.34006 4.50924 2.99746 1.55033 1.09961 1.00985 1.01019 1.1016 1.55804 
7.90594 3.42527 1.61861 1.10915 1.1096 1.61807 3.41723 7.85735 12.9124 8.39886 4.32458 2.50519 2.48045 4.27283 8.39886 12.9124 18.2864 22.7206 24.6868 25.4421 25.4365 24.6734 22.7206 18.2864 13.1341 15.6434 17.4802 19.3023 19.3023 17.4802 15.6434 13.1341 9.45174 9.56613 9.73951 9.9481 9.9481 9.72322 9.56613 9.45174 6.14821 4.58358 2.88046 1.79294 1.79476 2.88097 4.58385 6.14732 4.33956 2.08094 1.21213 1.02382 1.02428 1.21424 2.08823 
6.94542 3.03837 1.51695 1.08639 1.08628 1.51423 3.02171 6.8788 12.2304 7.46112 3.66468 2.12816 2.11557 3.64713 7.46112 12.2304 18.1488 21.6546 23.0057 23.4689 23.3575 22.8835 21.6546 18.1488 14.2121 16.0852 17.6502 19.4613 19.4613 17.6502 16.0852 14.2121 10.4015 11.1711 11.4285 11.6415 11.6415 11.3451 11.1711 10.4015 7.04836 5.33571 3.48548 2.18526 2.18683 3.48667 5.33641 7.04692 5.397 2.60248 1.3306 1.04293 1.0433 1.33341 2.61692 
10.2984 4.45011 1.91352 1.18137 1.18137 1.91352 4.42796 10.2382 17.2772 10.2656 5.11315 2.75729 2.72426 5.0407 10.2656 17.2772 25.2004 28.5902 29.8889 30.2264 30.2229 29.8844 28.5902 25.2004 24.4164 26.6683 27.8792 28.2478 28.366 27.8821 26.6701 24.4188 21.1071 22.0898 23.0941 23.4765 23.1596 22.6731 22.4637 21.1074 15.3759 12.9927 9.7067 6.54591 6.60386 9.76577 13.0041 15.3308 10.9947 5.16902 2.11014 1.23592 1.23589 2.11005 5.13536 
12.0739 5.16313 2.12164 1.23558 1.23558 2.12164 5.13842 11.9981 19.2501 11.7489 5.975 3.22649 3.17906 5.86668 11.7489 19.2501 27.7119 31.381 32.9511 33.3012 33.3025 32.9511 31.381 27.7119 26.5586 27.8253 28.7486 29.6618 29.6821 28.7484 27.8249 26.5582 25.575 27.9696 29.3235 29.798 29.7886 29.3024 28.0256 25.5746 16.8277 14.3585 10.598 7.27729 7.3082 10.623 14.3871 16.7879 11.8917 5.39637 2.16025 1.23279 1.23277 2.16026 5.38072 
12.8775 5.48525 2.22158 1.25635 1.25635 2.22158 5.46097 12.8022 20.6217 12.5456 6.28984 3.37941 3.33221 6.18869 12.5456 20.6217 29.3053 32.7277 34.149 34.4636 34.4631 34.1466 32.7277 29.3053 27.8026 27.8856 28.9872 30.4148 30.4378 28.9873 27.8857 27.8024 27.8527 30.5934 32.4529 33.0688 33.0342 32.3715 30.7303 27.8515 18.0471 15.5327 11.3778 7.84077 7.87133 11.4009 15.5519 17.9903 12.7059 5.71358 2.25143 1.2513 1.25128 2.25144 5.69693 
13.0698 5.49771 2.19653 1.23324 1.23324 2.19653 5.48584 13.0255 21.2961 12.5315 5.8893 3.09437 3.06523 5.83477 12.5315 21.2961 30.1626 33.1858 34.4286 34.7253 34.7248 34.4266 33.1858 30.1626 28.3608 28.0838 29.2456 30.8439 30.8596 29.2451 28.0838 28.3607 28.6913 31.5305 33.4231 33.9933 33.973 33.3721 31.6241 28.6905 18.9286 16.3999 11.6519 7.86906 7.88775 11.6664 16.4084 18.8632 13.4727 6.00502 2.31494 1.25569 1.25568 2.31496 5.99103 
13.0255 5.48584 2.19296 1.23223 1.23324 2.19653 5.48584 13.0255 21.2352 12.5614 5.8893 3.09437 3.09437 5.8893 12.5315 21.2961 30.121 33.1613 34.4266 34.7248 34.7253 34.4286 33.1858 30.1626 28.3607 28.0838 29.2451 30.8596 30.8439 29.2456 28.0838 28.3607 28.6905 31.6241 33.3975 33.9828 33.9933 33.4231 31.6226 28.6913 18.8632 16.4084 11.6664 7.88775 7.9102 11.6895 16.3999 18.9286 13.4727 6.00502 2.31494 1.25569 1.25569 2.31494 6.00502 
12.8022 5.46097 2.21381 1.25439 1.25635 2.22158 5.46097 12.8022 20.5638 12.5768 6.28984 3.37941 3.37941 6.28984 12.5456 20.6217 29.2637 32.6824 34.1466 34.4631 34.4636 34.149 32.7277 29.3053 27.8024 27.8857 28.9873 30.4378 30.4148 28.9872 27.8857 27.8024 27.8515 30.7303 32.413 33.0523 33.0688 32.4529 30.7291 27.8527 17.9903 15.5519 11.4009 7.87133 7.90789 11.4353 15.5327 18.0471 12.7059 5.71358 2.25143 1.2513 1.2513 2.25143 5.71358 
11.9981 5.13842 2.11401 1.23368 1.23558 2.12164 5.13842 11.9981 19.1989 11.787 5.975 3.22649 3.22649 5.975 11.7489 19.2501 27.6864 31.3377 32.9511 33.3025 33.3012 32.9511 31.381 27.7119 26.5582 27.8249 28.7484 29.6821 29.6618 28.7486 27.8249 26.5582 25.5746 28.0256 29.3124 29.8009 29.798 29.3235 28.0243 25.575 16.7879 14.3871 10.623 7.3082 7.34824 10.6577 14.3585 16.8277 11.8917 5.39637 2.16025 1.23279 1.23279 2.16025 5.39637 
10.2382 4.42796 1.90665 1.17987 1.18137 1.91352 4.42796 10.2382 17.2113 10.2718 5.11315 2.75729 2.75729 5.11315 10.2656 17.2772 25.2563 28.6209 29.8844 30.2229 30.2264 29.8889 28.5902 25.2004 24.4188 26.6701 27.8821 28.366 28.2478 27.8792 26.6701 24.4188 21.1074 22.4637 22.8833 23.2698 23.4765 23.0941 22.4685 21.1071 15.3308 13.0041 9.76577 6.60386 6.6648 9.81408 12.9927 15.3759 10.9947 5.16902 2.11014 1.23592 1.23592 2.11014 5.16902 
8.79798 3.60836 1.63174 1.10995 1.10995 1.63174 3.60836 8.79798 16.4367 8.73902 3.60273 1.84002 1.84002 3.60273 8.73902 16.4367 27.6605 31.1823 33.0209 33.5354 33.5354 33.0209 31.1823 27.6605 30.6974 33.4702 34.0125 33.8286 33.8519 34.0269 33.4896 30.7337 25.8078 28.7596 30.0137 30.3792 30.4035 30.0546 28.8585 25.7623 16.83 14.3196 12.1239 9.40794 9.40808 12.1237 14.3196 16.8329 12.5394 6.85927 2.89712 1.58046 1.58574 2.91002 6.89127 
7.61826 2.99766 1.44163 1.06493 1.06493 1.44163 2.99766 7.61826 15.3181 7.56338 2.9675 1.53772 1.53772 2.9675 7.56338 15.3181 27.7364 31.5309 33.598 34.1903 34.1903 33.598 31.5309 27.7364 31.5606 33.8322 34.354 34.3316 34.3293 34.3539 33.8367 31.589 27.8467 31.0679 32.4232 32.8491 32.8063 32.3434 30.9526 27.717 18.0117 15.2906 13.1514 10.5079 10.5079 13.1513 15.2907 18.0149 13.1105 6.98542 2.89268 1.58647 1.59343 2.91064 7.02556 
7.0549 2.69495 1.33631 1.04496 1.04496 1.33631 2.69495 7.0549 14.6457 6.92652 2.6654 1.41785 1.41785 2.6654 6.92652 14.6457 27.7044 31.6837 33.8491 34.476 34.476 33.8491 31.6837 27.7044 32.0795 33.9537 34.4926 34.6008 34.6005 34.4928 33.9583 32.1077 28.9338 32.249 33.7448 34.1885 34.1684 33.7002 32.1718 28.8198 19.0255 15.8201 13.2721 10.414 10.4136 13.2717 15.8202 19.029 13.5457 6.99186 2.87481 1.5652 1.57169 2.89138 7.03039 
6.83812 2.55471 1.2779 1.03112 1.03112 1.2779 2.55471 6.83812 14.4165 6.57732 2.49537 1.33451 1.33451 2.49537 6.57732 14.4165 27.7514 31.7554 33.8923 34.5193 34.5193 33.8923 31.7554 27.7514 32.3484 33.9622 34.5275 34.7217 34.7215 34.5274 33.9642 32.3633 29.4532 32.6975 34.1966 34.5749 34.5644 34.178 32.6645 29.3729 20.2087 16.4376 12.9159 9.66685 9.66734 12.9161 16.4379 20.2111 14.1221 6.86775 2.77233 1.48575 1.48931 2.78158 6.89455 
6.86673 2.56068 1.27789 1.03112 1.03112 1.2779 2.55471 6.83812 14.4165 6.57732 2.49537 1.33451 1.33186 2.48629 6.5635 14.5066 27.7514 31.7554 33.8923 34.5193 34.5204 33.894 31.7617 27.9425 32.3633 33.9642 34.5274 34.7215 34.7217 34.5275 33.9622 32.3484 29.4438 32.6809 34.178 34.5644 34.5698 34.1861 32.6975 29.4532 20.2111 16.4787 12.8152 9.4571 9.66685 12.9159 16.4787 20.2087 14.0763 6.89455 2.78158 1.48931 1.48575 2.77233 6.86775 
7.10181 2.70752 1.33631 1.04496 1.04496 1.33631 2.69495 7.0549 14.6457 6.92652 2.6654 1.41785 1.41265 2.65022 6.91179 14.7496 27.7044 31.6837 33.8491 34.476 34.4803 33.8565 31.7057 27.9154 32.1077 33.9583 34.4928 34.6005 34.6008 34.4926 33.9537 32.0795 28.9178 32.2159 33.7002 34.1684 34.1817 33.7261 32.249 28.9338 19.029 15.8838 13.1998 10.0265 10.414 13.2721 15.8838 19.0255 13.4913 7.03039 2.89138 1.57169 1.5652 2.87481 6.99186 
7.67011 3.01223 1.44163 1.06494 1.06493 1.44163 2.99766 7.61826 15.3181 7.56338 2.9675 1.53772 1.53224 2.95339 7.55337 15.4234 27.7364 31.5309 33.598 34.1903 34.1951 33.6071 31.5568 27.9314 31.589 33.8367 34.3539 34.3293 34.3316 34.354 33.8322 31.5606 27.8284 31.0231 32.3434 32.8063 32.8326 32.3942 31.0679 27.8467 18.0149 15.3615 13.0893 10.1021 10.5079 13.1514 15.3615 18.0117 13.055 7.02556 2.91064 1.59343 1.58647 2.89268 6.98542 
8.86038 3.62531 1.63175 1.10996 1.10995 1.63174 3.60836 8.79798 16.4367 8.73902 3.60273 1.84002 1.83147 3.58047 8.73701 16.5413 27.6605 31.1823 33.0209 33.5354 33.5638 33.0488 31.2313 27.8293 30.7337 33.4896 34.0269 33.8519 33.8286 34.0125 33.4702 30.6974 25.8157 28.7975 30.0546 30.4035 30.452 30.0799 28.7596 25.8078 16.8329 14.3989 12.0401 9.11247 9.40794 12.1239 14.3989 16.83 12.497 6.89127 2.91002 1.58574 1.58046 2.89712 6.85927 
9.98227 4.12717 1.79475 1.14994 1.14994 1.79475 4.11087 9.95061 17.4842 8.95567 3.82528 1.96197 1.96197 3.82528 8.97248 17.4942 28.3291 31.5919 33.2526 33.8928 33.9141 33.2952 31.4645 28.2662 28.9346 32.6328 33.5136 33.2556 33.2556 33.5136 32.6328 28.9346 23.2586 27.7361 29.2183 29.717 29.717 29.2183 27.7361 23.2586 10.8885 9.34746 8.70384 8.8803 8.8803 8.70384 9.34746 10.8885 8.00651 5.57326 3.19573 1.88489 1.88489 3.19573 5.57326 
11.1503 4.59238 1.952 1.1932 1.1932 1.952 4.57907 11.1398 19.6426 10.3658 4.48803 2.26 2.26 4.48803 10.3839 19.6648 30.0924 32.7745 34.0326 34.4875 34.4852 34.0299 32.7227 30.11 30.1654 32.9409 33.8008 33.8923 33.8923 33.8008 32.9409 30.1654 25.7159 30.5182 32.3058 32.8137 32.8137 32.3058 30.5182 25.7159 12.5292 11.4684 11.3142 12.5626 12.5626 11.3142 11.4684 12.5292 9.00437 6.29912 3.68864 2.19533 2.19533 3.68864 6.29912 
11.8992 4.95742 2.06509 1.21937 1.21937 2.06509 4.9444 11.8927 20.6369 10.9599 4.71021 2.34159 2.34159 4.71021 10.9716 20.6511 31.0251 33.3621 34.424 34.7572 34.7567 34.4253 33.3108 31.0197 30.9586 33.129 33.958 34.2085 34.2085 33.958 33.129 30.9586 27.2674 31.8503 33.6502 34.1947 34.1947 33.6502 31.8503 27.2674 14.249 13.0433 12.6914 13.5701 13.5701 12.6914 13.0433 14.249 10.0572 6.96786 4.06882 2.37998 2.37998 4.06882 6.96786 
12.1029 5.01355 2.05858 1.20512 1.20512 2.05858 5.00676 12.1026 20.9543 11.1178 4.72925 2.32373 2.32373 4.72925 11.1214 20.9613 31.3509 33.4873 34.548 34.8207 34.821 34.5485 33.4698 31.329 31.4143 33.1941 34.0017 34.3845 34.3845 34.0017 33.1941 31.4143 28.0695 32.2891 34.0404 34.5354 34.5354 34.0404 32.2891 28.0695 16.3175 14.2792 13.1076 12.4848 12.4848 13.1076 14.2792 16.3175 11.3104 6.95254 3.58698 2.06111 2.06111 3.58698 6.95254 
12.1026 5.00676 2.05559 1.20409 1.20512 2.05858 5.00676 12.1026 20.9613 11.1214 4.73077 2.32441 2.32373 4.72925 11.1214 20.9613 31.329 33.4698 34.5485 34.821 34.821 34.5485 33.4698 31.329 31.4291 33.1916 33.9998 34.3834 34.3845 34.0017 33.1941 31.4143 28.0695 32.2891 34.0404 34.5354 34.5153 34.0112 32.2906 28.0863 16.3923 14.2734 13.136 12.5975 12.4848 13.1076 14.2792 16.3175 11.3104 6.95254 3.58698 2.06111 2.07155 3.60772 6.96684 
11.8927 4.9444 2.05974 1.21767 1.21937 2.06509 4.9444 11.8927 20.6511 10.9716 4.7152 2.34328 2.34159 4.71021 10.9716 20.6511 31.0197 33.3108 34.4253 34.7567 34.7567 34.4253 33.3108 31.0197 30.985 33.1234 33.9535 34.2063 34.2085 33.958 33.129 30.9586 27.2674 31.8503 33.6502 34.1947 34.1644 33.6023 31.8512 27.2965 14.3101 13.0344 12.6878 13.7811 13.5701 12.6914 13.0433 14.249 10.0572 6.96786 4.06882 2.37998 2.40301 4.1051 6.97731 
11.1398 4.57907 1.94642 1.19158 1.1932 1.952 4.57907 11.1398 19.6648 10.3839 4.49495 2.26225 2.26 4.48803 10.3839 19.6648 30.11 32.7227 34.0299 34.4852 34.4852 34.0299 32.7227 30.11 30.1954 32.9335 33.7953 33.8898 33.8923 33.8008 32.9409 30.1654 25.7159 30.5182 32.3058 32.8137 32.8378 32.3061 30.5514 25.7613 12.5834 11.457 11.322 12.7965 12.5626 11.3142 11.4684 12.5292 9.00437 6.29912 3.68864 2.19533 2.21686 3.72218 6.30855 
9.95061 4.11087 1.7894 1.14852 1.14994 1.79475 4.11087 9.95061 17.4942 8.97248 3.83423 1.96511 1.96197 3.82528 8.97248 17.4942 28.2662 31.4645 33.2952 33.9141 33.9141 33.2952 31.4645 28.2662 28.9094 32.5909 33.4842 33.2175 33.2556 33.5136 32.6328 28.9346 23.2586 27.7361 29.2183 29.717 29.5276 29.0108 27.5802 23.1172 10.8844 9.28734 8.62187 8.93852 8.8803 8.70384 9.34746 10.8885 8.00651 5.57326 3.19573 1.88489 1.89802 3.21821 5.56411 
7.35104 2.97461 1.42411 1.05766 1.05798 1.42535 2.97461 7.35104 13.2804 6.66349 2.77051 1.5005 1.5005 2.77051 6.66349 13.2804 24.9951 29.0942 31.575 32.4284 32.4284 31.575 29.0942 24.9951 23.0572 26.3765 27.3148 27.2498 27.2481 27.3131 26.3753 23.0545 17.7241 21.5727 22.767 23.2469 23.2491 22.7742 21.5906 17.6757 8.75702 6.44833 4.17753 2.76055 2.62873 4.05042 6.46962 8.7609 5.63717 3.0014 1.65987 1.16193 1.16629 1.67525 3.0316 
7.04572 2.73113 1.33439 1.03879 1.03924 1.33696 2.73113 7.04572 13.231 6.46065 2.61152 1.42992 1.42992 2.61152 6.46065 13.231 25.4526 29.776 32.5999 33.6124 33.6124 32.5999 29.776 25.4526 23.3697 26.87 28.1033 28.7382 28.7384 28.105 26.8715 23.3694 17.8498 23.1791 26.3038 28.1937 28.171 26.2696 23.1717 17.793 7.86496 5.12631 2.76297 1.6063 1.58341 2.73797 5.20368 7.92366 4.9079 2.33306 1.30282 1.04665 1.04719 1.30536 2.34072 
6.8149 2.59376 1.29264 1.03181 1.0322 1.29494 2.59376 6.8149 13.1382 6.29916 2.51385 1.38629 1.38629 2.51385 6.29916 13.1382 25.7151 30.1695 33.1119 34.1356 34.1356 33.1119 30.1695 25.7151 23.419 26.7185 28.4792 29.6036 29.6036 28.4793 26.7185 23.4177 17.9728 24.5762 28.6817 31.0171 30.9945 28.6419 24.5634 17.8997 6.59426 3.75569 1.85454 1.17199 1.16464 1.85288 3.81602 6.65534 3.89918 1.78494 1.13266 1.01276 1.01296 1.13402 1.79079 
6.65522 2.49542 1.25414 1.02452 1.02469 1.25524 2.49542 6.65522 13.151 6.22114 2.42436 1.33013 1.33013 2.42436 6.22114 13.151 25.9276 30.4208 33.3467 34.2506 34.2506 33.3467 30.4208 25.9276 23.4411 26.5695 28.6364 30.252 30.2521 28.6369 26.5694 23.4398 18.1549 25.8124 30.3281 32.2345 32.2205 30.3032 25.8174 18.0716 5.6625 2.96085 1.46696 1.05599 1.05375 1.47073 2.99338 5.69701 3.02499 1.45699 1.06086 1.00412 1.00418 1.06142 1.45994 
6.67133 2.50038 1.25524 1.02469 1.02452 1.25414 2.49542 6.65522 13.3041 6.25584 2.42432 1.33018 1.33013 2.42436 6.22114 13.151 25.8551 30.495 33.3906 34.2726 34.2506 33.3467 30.4208 25.9276 23.4398 26.5694 28.6369 30.2521 30.2521 28.6369 26.5694 23.4398 18.0716 25.8174 30.3032 32.2205 32.2345 30.3281 25.8124 18.1549 5.69701 2.99338 1.47073 1.05375 1.05375 1.47073 2.99338 5.69701 3.02499 1.45699 1.06086 1.00412 1.00412 1.06086 1.45699 
6.84511 2.6036 1.29494 1.0322 1.03181 1.29264 2.59376 6.8149 13.3252 6.37775 2.51357 1.38621 1.38629 2.51385 6.29916 13.1382 25.5696 30.2847 33.1981 34.1704 34.1356 33.1119 30.1695 25.7151 23.4177 26.7185 28.4793 29.6036 29.6036 28.4793 26.7185 23.4177 17.8997 24.5634 28.6419 30.9945 31.0171 28.6817 24.5762 17.9728 6.65534 3.81602 1.85288 1.16464 1.16464 1.85288 3.81602 6.65534 3.89918 1.78494 1.13266 1.01276 1.01276 1.13266 1.78494 
7.0781 2.74189 1.33696 1.03924 1.03879 1.33439 2.73113 7.04572 13.4221 6.54922 2.61088 1.42978 1.42992 2.61152 6.46065 13.231 25.3066 29.894 32.6947 33.6551 33.6124 32.5999 29.776 25.4526 23.3694 26.8715 28.105 28.7384 28.7384 28.105 26.8715 23.3694 17.793 23.1717 26.2696 28.171 28.1937 26.3038 23.1791 17.8498 7.92366 5.20368 2.73797 1.58341 1.58341 2.73797 5.20368 7.92366 4.9079 2.33306 1.30282 1.04665 1.04665 1.30282 2.33306 
7.35737 2.97808 1.42535 1.05798 1.05766 1.42411 2.97461 7.35104 13.5815 6.79397 2.76807 1.50008 1.5005 2.77051 6.66349 13.2804 24.7345 29.0951 31.5478 32.36 32.4284 31.575 29.0942 24.9951 23.0545 26.3753 27.3131 27.2481 27.2481 27.3131 26.3753 23.0545 17.6757 21.5906 22.7742 23.2491 23.2469 22.767 21.5727 17.7241 8.7609 6.46962 4.05042 2.62873 2.62873 4.05042 6.46962 8.7609 5.63717 3.0014 1.65987 1.16193 1.16193 1.65987 3.0014 
4.79192 1.96892 1.16888 1.01874 1.01874 1.16887 1.9615 4.77068 9.54187 4.5397 1.87456 1.17812 1.17809 1.87438 4.50943 9.46535 20.0887 25.7658 28.0261 28.6797 28.3231 27.6698 25.4915 19.8551 14.1083 13.3501 12.964 13.1915 13.1915 12.964 13.3501 14.1083 13.7204 16.9064 15.5835 13.9576 13.7712 15.3483 16.9063 13.7214 6.65348 4.4023 2.25764 1.45804 1.45804 2.25764 4.4023 6.65348 3.3412 1.49443 1.0524 1.002 1.002 1.0524 1.49443 
4.74415 1.93769 1.16472 1.01864 1.01864 1.16473 1.93362 4.74369 9.47125 4.42323 1.81426 1.15163 1.15162 1.81428 4.42334 9.48375 20.5424 27.5706 30.4717 31.314 31.3397 30.5258 27.6405 20.4803 13.5669 11.9153 9.88084 9.1072 9.1072 9.88084 11.9153 13.5669 13.1601 16.7574 14.0262 10.9892 10.9916 13.9835 16.7569 13.1618 6.13537 3.69061 1.82893 1.2653 1.2653 1.82893 3.69061 6.13537 3.06101 1.43098 1.05396 1.00404 1.00404 1.05396 1.43098 
4.72964 1.9194 1.15813 1.01777 1.01777 1.15814 1.91576 4.73111 9.55432 4.45894 1.81379 1.14862 1.14863 1.81387 4.45415 9.56524 20.9501 28.6713 31.9516 32.9131 32.9402 32.0192 28.7617 20.8687 13.1257 10.9759 8.3454 6.67414 6.67414 8.3454 10.9759 13.1257 12.8376 16.4724 13.0243 9.25659 9.27239 13.0016 16.4716 12.8393 6.03081 3.54379 1.75706 1.25083 1.25083 1.75706 3.54379 6.03081 3.02797 1.43785 1.05955 1.00503 1.00503 1.05955 1.43785 
4.70865 1.89847 1.14213 1.01409 1.01409 1.14214 1.8967 4.7115 9.53414 4.47553 1.81053 1.13731 1.13732 1.81061 4.46445 9.55507 20.9471 29.067 32.4202 33.3965 33.4158 32.4668 29.1297 20.9006 12.7105 10.6599 7.62854 4.82259 4.82259 7.62854 10.6599 12.7105 12.7562 16.3156 12.5957 8.6045 8.61332 12.5868 16.3148 12.7577 6.05886 3.42229 1.69071 1.20765 1.20765 1.69071 3.42229 6.05886 3.05917 1.44973 1.05886 1.00474 1.00474 1.05886 1.44973 
4.7115 1.8967 1.14214 1.01409 1.01409 1.14214 1.8967 4.7115 9.55507 4.46445 1.81061 1.13732 1.13731 1.81053 4.46445 9.55507 20.9006 29.1297 32.4668 33.4158 33.3965 32.4668 29.1297 20.9006 12.7111 10.6586 7.62386 4.82128 4.82259 7.62854 10.6599 12.7105 12.7577 16.3148 12.5868 8.61332 8.61332 12.5868 16.3148 12.7577 6.06197 3.41057 1.68333 1.20537 1.20652 1.68349 3.41403 6.06133 3.05917 1.44973 1.05886 1.00474 1.00471 1.05881 1.45037 
4.73111 1.91576 1.15814 1.01777 1.01777 1.15814 1.91576 4.73111 9.56524 4.45415 1.81387 1.14863 1.14862 1.81379 4.45415 9.56524 20.8687 28.7617 32.0192 32.9402 32.9131 32.0192 28.7617 20.8687 13.1254 10.9726 8.33967 6.6722 6.67414 8.3454 10.9759 13.1257 12.8393 16.4716 13.0016 9.27239 9.27239 13.0016 16.4716 12.8393 6.03362 3.52467 1.74496 1.24692 1.24907 1.74523 3.53326 6.03298 3.02797 1.43785 1.05955 1.00503 1.00501 1.05967 1.43961 
4.74369 1.93362 1.16473 1.01864 1.01864 1.16473 1.93362 4.74369 9.48375 4.42334 1.81428 1.15162 1.15163 1.81426 4.42334 9.48375 20.4803 27.6405 30.5258 31.3397 31.314 30.5258 27.6405 20.4803 13.5656 11.9113 9.87586 9.10553 9.1072 9.88084 11.9153 13.5669 13.1618 16.7569 13.9835 10.9916 10.9916 13.9835 16.7569 13.1618 6.13559 3.66872 1.8177 1.2626 1.26513 1.81809 3.68384 6.13497 3.06101 1.43098 1.05396 1.00404 1.00403 1.05411 1.43276 
4.77068 1.9615 1.16887 1.01874 1.01874 1.16887 1.9615 4.77068 9.46535 4.50943 1.87438 1.17809 1.17812 1.87456 4.50943 9.46535 19.8551 25.4915 27.6698 28.3231 28.6797 27.6698 25.4915 19.8551 14.0061 13.1807 12.7912 13.0428 13.1915 12.964 13.3501 14.1083 13.7214 16.9063 15.3483 13.7712 13.7712 15.3483 16.9063 13.7214 6.60711 4.34482 2.23283 1.45406 1.45959 2.23252 4.3912 6.6067 3.3412 1.49443 1.0524 1.002 1.00216 1.05296 1.49499 
1.67475 1.1221 1.01559 1.00129 1.00129 1.01559 1.1221 1.67475 3.27252 1.65312 1.09531 1.01064 1.01061 1.09526 1.65312 3.27252 10.3198 13.5247 14.9919 15.4987 15.4987 14.9919 13.5247 10.3198 6.06287 4.73224 4.13117 4.29091 4.2635 4.10753 4.70625 6.0304 7.36425 9.32824 8.38331 7.37015 7.37015 8.38331 9.32824 7.36425 2.99705 2.00537 1.29412 1.06823 1.0664 1.28788 1.9914 3.0218 1.61687 1.09137 1.00905 1.00029 1.0003 1.00918 1.09246 
1.17775 1.02866 1.00296 0.999988 0.999988 1.00296 1.02866 1.17775 1.60389 1.12613 1.01332 1.00047 1.00048 1.01337 1.12613 1.60389 4.24402 5.60042 6.41677 6.6871 6.6871 6.41677 5.60042 4.24402 2.71873 2.02268 1.75988 1.85798 1.85623 1.75754 2.01952 2.71478 3.66457 4.56434 3.77965 2.98349 2.98349 3.77965 4.56434 3.66457 1.54248 1.21321 1.04801 1.00711 1.00711 1.0481 1.21259 1.54987 1.16269 1.02201 1.00175 0.99982 0.999816 1.00173 1.02187 
1.02605 1.00336 1.00019 0.999931 0.999931 1.00019 1.00336 1.02605 1.09224 1.01382 1.00072 0.999824 0.999826 1.00073 1.01382 1.09224 1.81568 2.2825 2.61227 2.67425 2.67425 2.61227 2.2825 1.81568 1.35474 1.1668 1.1045 1.12712 1.12712 1.10446 1.16641 1.35279 1.92152 2.15835 1.71306 1.35886 1.35886 1.71306 2.15835 1.92152 1.08606 1.02453 1.00368 1.00013 1.00013 1.00367 1.02426 1.08902 1.02214 1.00249 1.00007 0.999945 0.999946 1.00006 1.00246 
1.00277 1.00018 0.999907 0.999982 0.999982 0.999907 1.00018 1.00277 1.00951 1.00061 0.999857 0.999977 0.999976 0.999859 1.00061 1.00951 1.16223 1.30781 1.42524 1.42415 1.42415 1.42524 1.30781 1.16223 1.04742 1.02138 1.01222 1.01625 1.01625 1.01222 1.02132 1.047 1.28324 1.34915 1.16824 1.04741 1.04741 1.16824 1.34915 1.28324 1.01034 1.00128 0.999947 0.999914 0.999915 0.999945 1.00124 1.01109 1.0018 1.00004 0.999932 0.999993 0.999993 0.999933 1.00004 
1.00278 1.00018 0.999907 0.999982 0.999982 0.999907 1.00018 1.00277 1.00933 1.0006 0.999859 0.999976 0.999977 0.999857 1.00061 1.00951 1.16344 1.3108 1.42989 1.42733 1.42415 1.42524 1.30781 1.16223 1.047 1.02132 1.01222 1.01625 1.01625 1.01222 1.02138 1.047 1.29297 1.35968 1.17225 1.04809 1.04741 1.16824 1.34915 1.28324 1.01033 1.00115 0.999945 0.999915 0.999915 0.999939 1.00115 1.01071 1.0018 1.00004 0.999932 0.999993 0.999993 0.999932 1.00004 
1.02619 1.00338 1.00019 0.999931 0.999931 1.00019 1.00336 1.02605 1.09049 1.01373 1.00073 0.999826 0.999824 1.00072 1.01382 1.09224 1.8188 2.29151 2.62485 2.68281 2.67425 2.61227 2.2825 1.81568 1.35279 1.16641 1.10446 1.12712 1.12712 1.1045 1.1668 1.35279 1.95062 2.18612 1.72429 1.36078 1.35886 1.71306 2.15835 1.92152 1.08603 1.02388 1.00367 1.00011 1.0001 1.00361 1.02388 1.08712 1.02214 1.00249 1.00007 0.999945 0.999945 1.00007 1.00249 
1.17878 1.02893 1.00299 0.999995 0.999988 1.00296 1.02866 1.17775 1.59535 1.12555 1.01337 1.00048 1.00047 1.01332 1.12613 1.60389 4.24414 5.61518 6.43519 6.69954 6.6871 6.41677 5.60042 4.24402 2.71478 2.01952 1.75754 1.85623 1.85798 1.75988 2.02268 2.71478 3.72354 4.62121 3.79547 2.98276 2.98349 3.77965 4.56434 3.66457 1.54266 1.21278 1.04817 1.00692 1.00678 1.0474 1.21278 1.54552 1.16269 1.02201 1.00175 0.99982 0.99982 1.00175 1.02201 
1.66897 1.12166 1.01558 1.0013 1.00129 1.01559 1.1221 1.67475 3.22814 1.64341 1.09526 1.01061 1.01064 1.09531 1.65312 3.27252 10.2857 13.5098 14.9832 15.4916 15.4987 14.9919 13.5247 10.3198 6.0304 4.70625 4.10753 4.2635 4.29091 4.13117 4.73224 6.0304 7.26349 9.19396 8.32014 7.30676 7.37015 8.38331 9.32824 7.36425 2.97841 1.97486 1.2872 1.06462 1.06463 1.28722 1.97486 2.98747 1.61687 1.09137 1.00905 1.00029 1.00029 1.00905 1.09137 
1.1082 1.01782 1.00244 1.00025 1.00025 1.00244 1.01782 1.1082 1.51737 1.10061 1.0122 1.00089 1.00089 1.0122 1.1001 1.51141 4.15188 5.87539 6.35553 6.78467 6.78467 6.35553 5.87539 4.15188 2.93226 2.3077 2.08242 1.82516 1.82516 2.08242 2.3077 2.93226 3.63401 4.47631 3.67785 2.87758 2.87758 3.67785 4.47631 3.63401 1.58823 1.18459 1.03941 1.00558 1.00572 1.04023 1.18459 1.59226 1.12491 1.01686 1.00147 1.00012 1.00012 1.00147 1.01686 
1.01182 1.00188 1.00014 0.999958 0.999958 1.00014 1.00188 1.01182 1.09393 1.01368 1.00117 0.999909 0.999909 1.00117 1.01369 1.09058 2.56087 3.62681 3.90467 3.75097 3.75097 3.90467 3.62681 2.56087 1.62797 1.37168 1.26895 1.16581 1.16581 1.26895 1.37168 1.62797 1.62558 1.81929 1.52531 1.29535 1.29535 1.52531 1.81929 1.62558 1.11163 1.02769 1.00418 1.00021 1.00021 1.00418 1.02769 1.11152 1.02332 1.003 1.00027 0.999946 0.999946 1.00027 1.003 
1.00043 1.00007 0.999968 0.999991 0.999991 0.999968 1.00007 1.00043 1.01354 1.00146 0.99996 0.999943 0.999943 0.99996 1.00146 1.01266 1.551 2.10623 2.33056 1.98328 1.98328 2.33056 2.10623 1.551 1.1413 1.07057 1.04375 1.02146 1.02146 1.04375 1.07057 1.1413 1.09358 1.11719 1.06059 1.02603 1.02603 1.06059 1.11719 1.09358 1.01556 1.00284 1.00011 0.999873 0.999872 1.00011 1.00284 1.01546 1.00319 1.0003 0.99996 0.999985 0.999985 0.99996 1.0003 
0.999918 0.999961 0.999993 1 1 0.999993 0.999961 0.999918 1.00138 0.999925 0.999954 0.999993 0.999993 0.999954 0.999925 1.00124 1.13863 1.33011 1.43306 1.27915 1.27915 1.43306 1.33011 1.13863 1.02037 1.00736 1.00401 1.00165 1.00165 1.00401 1.00736 1.02037 1.00662 1.00872 1.00348 1.00107 1.00107 1.00348 1.00872 1.00662 1.00137 0.999985 0.999926 0.999981 0.999981 0.999926 0.999985 1.00135 1.00034 0.99995 0.999983 1 1 0.999983 0.99995 
0 0 0 0 1 0.999993 0.999961 0.999918 1.00124 0.999925 0.999954 0.999993 0.999993 0.999954 0.999925 1.00138 1.13863 1.33011 1.43306 1.27915 1.27565 1.42518 1.32426 1.13675 1.02017 1.00724 1.00394 1.00162 1.00165 1.00401 1.00736 1.02037 1.00684 1.00884 1.00349 1.00106 1.00107 1.00348 1.00872 1.00662 1.00135 0.999977 0.999926 0.999981 0.999981 0.999926 0.999985 1.00137 1.00034 0.99995 0.999983 1 0 0 0 
0 0 0 0 0.999991 0.999968 1.00007 1.00043 1.01266 1.00146 0.999962 0.999943 0.999943 0.99996 1.00146 1.01354 1.551 2.10623 2.33056 1.98328 1.97234 2.31023 2.08832 1.5437 1.13994 1.06958 1.04315 1.02118 1.02146 1.04375 1.07057 1.1413 1.09478 1.11797 1.06075 1.02592 1.02603 1.06059 1.11719 1.09358 1.01546 1.00281 1.00011 0.999872 0.999873 1.00011 1.00284 1.01556 1.00319 1.0003 0.99996 0.999985 0 0 0 
0 0 0 0 0.999958 1.00014 1.00188 1.01182 1.09058 1.01369 1.00118 0.99991 0.999909 1.00117 1.01368 1.09393 2.56087 3.62681 3.90467 3.75097 3.73467 3.89116 3.61034 2.54939 1.62337 1.36779 1.26619 1.16434 1.16581 1.26895 1.37168 1.62797 1.63091 1.82328 1.52645 1.29498 1.29535 1.52531 1.81929 1.62558 1.11152 1.02756 1.00418 1.00021 1.00021 1.00418 1.02769 1.11163 1.02332 1.003 1.00027 0.999946 0 0 0 
