0 0 0 0 1.00063 1.0079 1.0812 1.51157 2.49411 1.56253 1.12117 1.02094 1.021 1.12155 1.56408 2.50349 4.3776 4.90128 5.15405 5.18258 5.17008 5.13323 4.87826 4.36798 5.30049 6.21928 7.57572 9.60321 9.60355 7.58679 6.22304 5.29249 2.83545 2.86317 2.50862 2.19445 2.18691 2.49473 2.84496 2.81211 1.66838 1.27024 1.06793 1.01377 1.01415 1.06808 1.27287 1.66902 1.30988 1.06577 1.00835 1.00077 0 0 0 
0 0 0 0 1.00001 1.00133 1.01484 1.09921 1.28821 1.08731 1.01496 1.00162 1.00163 1.01502 1.08761 1.29011 1.85301 1.94354 2.01145 2.00927 2.00718 2.00743 1.93922 1.85497 3.17311 4.46548 5.74375 6.84053 6.83149 5.7399 4.45592 3.1552 1.61309 1.69372 1.40493 1.22953 1.23133 1.40783 1.69791 1.61232 1.11467 1.03775 1.00789 1.00076 1.00079 1.00789 1.03822 1.11454 1.05461 1.00982 1.00106 0.99997 0 0 0 
0 0 0 0 0.999962 1.00014 1.00154 1.01112 1.03169 1.00773 1.00085 0.999859 0.99986 1.00085 1.00776 1.03192 1.14151 1.13837 1.15069 1.14533 1.14501 1.15002 1.13772 1.14309 1.88993 3.31345 4.52127 4.45597 4.4294 4.4985 3.28811 1.87727 1.13043 1.15537 1.07497 1.03062 1.03101 1.07593 1.15713 1.1303 1.01291 1.00333 1.00053 0.999995 0.999998 1.00053 1.00339 1.01284 1.00613 1.00108 0.999972 0.999964 0 0 0 
0 0 0 0 0.999992 0.999974 1.00005 1.00103 1.00158 0.999978 0.999865 0.999952 0.999952 0.999866 0.99998 1.00159 1.01557 1.01081 1.01174 1.01102 1.01099 1.01167 1.01075 1.01604 1.25837 2.24014 3.54582 2.64005 2.61932 3.49334 2.21495 1.25454 1.02023 1.02485 1.00934 1.00268 1.00272 1.00949 1.02519 1.02013 1.00074 0.999984 0.999957 0.999977 0.999976 0.999957 0.999992 1.00073 1.00053 0.999972 0.999965 0.999995 0 0 0 
1.00103 1.00005 0.999974 0.999992 0.999992 0.999974 1.00005 1.00103 1.00158 0.99998 0.999865 0.999952 0.999952 0.999865 0.999978 1.00158 1.01604 1.01075 1.01167 1.01099 1.01099 1.01167 1.01075 1.01604 1.25837 2.24014 3.54582 2.64005 2.64005 3.54582 2.24014 1.25837 1.02013 1.02519 1.00949 1.00272 1.00272 1.00949 1.02519 1.02013 1.00073 0.999992 0.999957 0.999976 0.999977 0.999957 0.999984 1.00074 1.00053 0.999972 0.999965 0.999995 0.999995 0.999965 0.999972 
1.01112 1.00154 1.00014 0.999962 0.999962 1.00014 1.00154 1.01112 1.03169 1.00776 1.00085 0.999859 0.999859 1.00085 1.00773 1.03169 1.14309 1.13772 1.15002 1.14501 1.14501 1.15002 1.13772 1.14309 1.88993 3.31345 4.52127 4.45597 4.45597 4.52127 3.31345 1.88993 1.1303 1.15713 1.07593 1.03101 1.03101 1.07593 1.15713 1.1303 1.01284 1.00339 1.00053 0.999998 0.999995 1.00053 1.00333 1.01291 1.00613 1.00108 0.999972 0.999964 0.999964 0.999972 1.00108 
1.09921 1.01484 1.00133 1.00001 1.00001 1.00133 1.01484 1.09921 1.28821 1.08761 1.01496 1.00162 1.00162 1.01496 1.08731 1.28821 1.85497 1.93922 2.00743 2.00718 2.00718 2.00743 1.93922 1.85497 3.17311 4.46548 5.74375 6.84053 6.84053 5.74375 4.46548 3.17311 1.61232 1.69791 1.40783 1.23133 1.23133 1.40783 1.69791 1.61232 1.11454 1.03822 1.00789 1.00079 1.00076 1.00789 1.03775 1.11467 1.05461 1.00982 1.00106 0.99997 0.99997 1.00106 1.00982 
1.51157 1.0812 1.0079 1.00063 1.00063 1.0079 1.0812 1.51157 2.49411 1.56408 1.12117 1.02094 1.02094 1.12117 1.56253 2.49411 4.36798 4.87826 5.13323 5.17008 5.17008 5.13323 4.87826 4.36798 5.30049 6.21928 7.57572 9.60321 9.60321 7.57572 6.21928 5.30049 2.81211 2.84496 2.49473 2.18691 2.18691 2.49473 2.84496 2.81211 1.66902 1.27287 1.06808 1.01415 1.01377 1.06793 1.27024 1.66838 1.30988 1.06577 1.00835 1.00077 1.00077 1.00835 1.06577 
3.13812 1.68485 1.13991 1.01628 1.01639 1.14074 1.68485 3.13812 4.92908 2.8532 1.47798 1.11754 1.11962 1.48391 2.7685 4.86556 8.38035 9.66846 10.455 10.5766 10.5861 10.4693 9.80829 8.52843 8.14807 8.87913 9.83939 11.3854 11.3455 9.75775 8.79311 8.07624 6.11586 6.42947 6.51383 6.45344 6.45344 6.51383 6.42947 6.11586 3.32438 2.25407 1.47466 1.17994 1.16323 1.44772 2.22251 3.33224 1.99163 1.19636 1.01843 1.00078 1.00081 1.01843 1.19636 
1.94779 1.30173 1.04677 1.00411 1.00408 1.04654 1.30173 1.94779 2.48022 1.59258 1.11704 1.01932 1.01935 1.11702 1.57781 2.48821 4.41769 4.91579 5.10639 5.08581 5.09512 5.12198 4.93855 4.45415 5.57261 6.38689 6.89915 7.42983 7.43961 6.89859 6.38262 5.5647 3.13217 3.09803 2.93394 2.65903 2.65903 2.93394 3.09803 3.13217 1.62685 1.24668 1.05344 1.01364 1.01286 1.05463 1.24641 1.63678 1.23314 1.03524 1.00255 0.999871 0.999878 1.00255 1.03524 
1.24758 1.07131 1.00789 1.0003 1.0003 1.00786 1.07131 1.24758 1.3113 1.09699 1.01308 1.00091 1.00091 1.01304 1.09396 1.31152 1.9616 2.03017 2.06794 2.02988 2.03373 2.07472 2.04597 1.98808 4.00331 5.22952 5.70318 5.23823 5.25454 5.71331 5.24574 4.01631 1.6714 1.60085 1.48222 1.31975 1.31975 1.48222 1.60085 1.6714 1.10454 1.02867 1.00281 1.00019 1.00012 1.00293 1.02852 1.1067 1.03413 1.00409 1.00017 0.999942 0.999942 1.00017 1.00409 
1.04789 1.01135 1.0007 0.999849 0.999849 1.0007 1.01135 1.04789 1.04662 1.01013 1.00043 0.999757 0.999755 1.00043 1.00966 1.0466 1.22231 1.22117 1.2226 1.20113 1.20238 1.22456 1.22575 1.23053 2.81147 4.77464 5.97575 4.09534 4.12417 6.04487 4.82568 2.83851 1.17294 1.14658 1.09621 1.04011 1.04011 1.09621 1.14658 1.17294 1.01238 1.00155 0.999878 0.999963 0.999963 0.999889 1.00154 1.01286 1.00375 1.00029 0.99991 0.999985 0.999985 0.99991 1.00029 
1.04792 1.01132 1.0007 0.999849 0.999849 1.0007 1.01135 1.04789 1.0466 1.00966 1.00043 0.999755 0.999755 1.00043 1.00966 1.0466 1.23053 1.22575 1.22456 1.20238 1.20238 1.22456 1.22575 1.23053 2.83851 4.82568 6.04487 4.12417 4.12417 6.04487 4.82568 2.83851 1.17294 1.1484 1.09623 1.04011 1.04011 1.09621 1.14658 1.17294 1.01286 1.00154 0.999899 0.999965 0.999965 0.999878 1.00155 1.01238 1.00375 1.00029 0.99991 0.999985 0.999985 0.99991 1.00028 
1.24764 1.07102 1.00786 1.0003 1.0003 1.00789 1.07131 1.24758 1.31152 1.09396 1.01304 1.00091 1.00091 1.01304 1.09396 1.31152 1.98808 2.04597 2.07472 2.03373 2.03373 2.07472 2.04597 1.98808 4.01631 5.24574 5.71331 5.25454 5.25454 5.71331 5.24574 4.01631 1.67138 1.60671 1.4822 1.31973 1.31975 1.48222 1.60085 1.6714 1.1067 1.02852 1.00303 1.00014 1.00023 1.00281 1.02867 1.10454 1.03413 1.00409 1.00017 0.999942 0.999942 1.00016 1.00406 
1.94676 1.30029 1.04654 1.00408 1.00411 1.04677 1.30173 1.94779 2.48821 1.57781 1.11702 1.01935 1.01935 1.11702 1.57781 2.48821 4.45415 4.93855 5.12198 5.09512 5.09512 5.12198 4.93855 4.45415 5.5647 6.38262 6.89859 7.43961 7.43961 6.89859 6.38262 5.5647 3.13213 3.11436 2.93401 2.65912 2.65903 2.93394 3.09803 3.13217 1.63678 1.24641 1.05564 1.01309 1.01412 1.05344 1.24668 1.62685 1.23314 1.03524 1.00255 0.999878 0.999871 1.0025 1.03497 
3.15354 1.68882 1.14074 1.01639 1.01628 1.13991 1.68485 3.13812 4.86556 2.7685 1.48391 1.11962 1.11962 1.48391 2.7685 4.86556 8.52843 9.80829 10.4693 10.5861 10.5861 10.4693 9.80829 8.52843 8.07624 8.79311 9.75775 11.3455 11.3455 9.75775 8.79311 8.07624 6.11603 6.41671 6.51434 6.45458 6.45344 6.51383 6.42947 6.11586 3.33224 2.22251 1.46934 1.16635 1.18589 1.47466 2.25407 3.32438 1.99163 1.19636 1.01843 1.00081 1.00078 1.01821 1.1964 
6.93606 3.04062 1.5225 1.08882 1.08883 1.52258 3.05733 7.00253 12.1392 7.44879 3.66338 2.13376 2.13367 3.66336 7.44879 12.1392 18.1431 21.5805 22.6848 23.1795 23.048 22.5337 21.5805 18.1431 14.1409 16.0509 17.6297 19.4093 19.5565 17.7816 16.0545 14.2502 10.0984 10.9012 11.2494 11.5817 11.6064 11.3034 10.9782 10.0984 6.92916 5.22196 3.46977 2.20425 2.20632 3.49393 5.28131 6.92916 5.24256 2.59072 1.33209 1.04396 1.04396 1.33209 2.59072 
7.87409 3.42366 1.62318 1.11174 1.11175 1.62325 3.43155 7.92192 12.8407 8.38891 4.28868 2.50083 2.50065 4.28877 8.38891 12.8407 18.2942 22.6397 24.5695 25.344 25.3402 24.5477 22.6397 18.2942 13.1277 15.6669 17.5086 19.2965 19.3253 17.5129 15.6667 13.0873 9.23676 9.38865 9.68404 10.0524 10.009 9.68394 9.42916 9.23676 6.13853 4.58793 2.94251 1.82592 1.82554 2.92499 4.5832 6.13853 4.29616 2.08616 1.21403 1.02399 1.02399 1.21403 2.08616 
6.90738 3.09438 1.50924 1.08041 1.08041 1.50929 3.1003 6.94658 11.1786 7.09734 3.52029 2.04965 2.04954 3.52038 7.09734 11.1786 16.5524 20.6905 22.4239 22.8603 22.8421 22.3987 20.6905 16.5524 12.3797 16.0781 18.6216 20.1733 20.2007 18.6359 16.0782 12.3367 7.79302 7.78102 7.55198 7.3682 7.33034 7.5514 7.81543 7.79302 4.52273 3.3603 2.20987 1.47551 1.47529 2.19436 3.35173 4.52273 2.9694 1.54681 1.09877 1.0096 1.0096 1.09877 1.54681 
6.08816 2.83769 1.40622 1.05242 1.05243 1.40625 2.83931 6.10531 9.42405 5.64444 2.58096 1.50652 1.50654 2.581 5.64444 9.42405 14.9476 18.3677 20.0377 20.4443 20.4695 20.0763 18.3677 14.9476 12.5491 17.9785 20.3419 20.9968 21.0115 20.3537 17.9789 12.5229 6.73798 6.98268 5.9454 4.84389 4.82365 5.94802 6.9947 6.73798 3.42882 2.38706 1.53504 1.14773 1.14768 1.52977 2.38024 3.42882 2.12827 1.2334 1.02921 1.0019 1.0019 1.02921 1.2334 
6.10531 2.83931 1.40625 1.05243 1.05242 1.40622 2.83931 6.10531 9.41746 5.63633 2.581 1.50654 1.50654 2.581 5.64444 9.42405 14.9092 18.3326 20.0377 20.4443 20.4443 20.0377 18.3677 14.9476 12.5229 17.9789 20.3537 21.0115 21.0115 20.3537 17.9789 12.5229 6.76111 6.9947 5.94802 4.82365 4.79966 5.9454 6.98268 6.73798 3.41775 2.37684 1.52977 1.14768 1.14773 1.53504 2.38706 3.42882 2.12827 1.2334 1.02921 1.0019 1.00199 1.0299 1.23664 
6.94658 3.1003 1.50929 1.08041 1.08041 1.50924 3.1003 6.94658 11.1712 7.08051 3.52038 2.04954 2.04954 3.52038 7.09734 11.1786 16.5418 20.7089 22.4239 22.8603 22.8603 22.4239 20.6905 16.5524 12.3367 16.0782 18.6359 20.2007 20.2007 18.6359 16.0782 12.3367 7.82598 7.81543 7.5514 7.33034 7.2907 7.55198 7.78102 7.79302 4.51339 3.3519 2.19436 1.47529 1.47551 2.20987 3.3603 4.52273 2.9694 1.54681 1.09877 1.0096 1.00995 1.10074 1.55425 
7.92192 3.43155 1.62325 1.11175 1.11174 1.62318 3.43155 7.92192 12.8351 8.36955 4.28877 2.50065 2.50065 4.28877 8.38891 12.8407 18.2996 22.6583 24.5695 25.344 25.344 24.5695 22.6397 18.2942 13.0873 15.6667 17.5129 19.3253 19.3253 17.5129 15.6667 13.0873 9.27259 9.42916 9.68394 10.009 9.98814 9.68404 9.38865 9.23676 6.13582 4.59172 2.92499 1.82554 1.82592 2.94251 4.58793 6.13853 4.29616 2.08616 1.21403 1.02399 1.02444 1.21605 2.09274 
7.00253 3.05733 1.52258 1.08883 1.08882 1.5225 3.05733 7.00253 12.19 7.45643 3.66336 2.13367 2.13367 3.66336 7.44879 12.1392 18.1496 21.6385 22.6848 23.1795 23.1795 22.6848 21.5805 18.1431 14.2502 16.0545 17.7816 19.5565 19.5565 17.7816 16.0545 14.2502 10.1876 10.9782 11.3034 11.6064 11.6729 11.2494 10.9012 10.0984 7.04146 5.34021 3.49393 2.20632 2.20425 3.46977 5.22196 6.92916 5.24256 2.59072 1.33209 1.04396 1.04432 1.33485 2.60463 
10.3339 4.48221 1.93854 1.18986 1.18986 1.93854 4.48221 10.3339 17.151 10.1536 5.01991 2.73811 2.73811 5.01991 10.1998 17.1736 25.0683 28.5009 29.7275 30.0549 30.0549 29.7275 28.4959 25.0881 24.3792 26.6587 27.8512 28.3408 28.457 27.9985 26.665 24.3822 21.1266 21.9982 22.9595 23.353 23.241 22.8453 21.8995 21.0623 15.2821 12.9714 9.60298 6.70937 6.70937 9.59717 12.9514 15.3309 10.9939 5.21176 2.13152 1.2453 1.24265 2.12255 5.1778 
12.1211 5.2018 2.15079 1.24623 1.24623 2.15079 5.2018 12.1211 19.2407 11.6589 5.85902 3.20009 3.20009 5.85902 11.7009 19.2101 27.6539 31.3938 32.9414 33.2842 33.2842 32.9414 31.3869 27.6697 26.4799 27.7628 28.6953 29.6167 29.6356 28.7016 27.7632 26.4801 25.4838 27.8476 29.2334 29.7392 29.7438 29.2327 27.8443 25.5122 16.7085 14.3 10.5444 7.3867 7.3867 10.5555 14.3033 16.8013 11.8626 5.42778 2.17836 1.24097 1.23964 2.17427 5.41192 
12.9322 5.53001 2.25373 1.26805 1.26805 2.25373 5.53001 12.9322 20.6152 12.4561 6.17266 3.35296 3.35296 6.17266 12.4997 20.5847 29.2361 32.7379 34.1416 34.4515 34.4515 34.1416 32.7265 29.2396 27.7009 27.7798 28.8881 30.3536 30.3761 28.8855 27.7798 27.7018 27.7631 30.4844 32.3719 33.0146 33.0055 32.3521 30.4522 27.7981 17.8997 15.4474 11.3169 7.94899 7.94899 11.3293 15.4612 18.0113 12.6632 5.73846 2.26885 1.25971 1.25839 2.26463 5.72166 
13.1072 5.53858 2.22193 1.24275 1.24275 2.22193 5.53858 13.1072 21.2801 12.4928 5.84776 3.09579 3.09579 5.84776 12.5169 21.2597 30.1003 33.1839 34.4185 34.7161 34.7161 34.4185 33.1762 30.094 28.2288 27.9379 29.1067 30.7374 30.7522 29.1 27.9378 28.2297 28.6227 31.4423 33.3649 33.9541 33.9486 33.3539 31.423 28.6453 18.7888 16.3183 11.6044 7.96308 7.96308 11.6141 16.3293 18.8842 13.4377 6.03487 2.33464 1.26445 1.26356 2.33156 6.02101 
13.0714 5.52566 2.21812 1.24165 1.24275 2.22193 5.53858 13.1072 21.2597 12.5169 5.87279 3.10981 3.09579 5.84776 12.5169 21.2597 30.1003 33.1839 34.4185 34.7161 34.7154 34.4145 33.1839 30.1003 28.2297 27.9378 29.1 30.7522 30.7522 29.1 27.9378 28.2297 28.5363 31.6383 33.4024 33.9728 33.9541 33.3649 31.4423 28.6227 18.7811 16.2947 11.6208 7.97967 8.00178 11.6453 16.2872 18.8449 13.4377 6.03487 2.33464 1.26445 1.26445 2.33464 6.03487 
12.8651 5.50458 2.24561 1.26596 1.26805 2.25373 5.53001 12.9322 20.5847 12.4997 6.22162 3.37525 3.35296 6.17266 12.4997 20.5847 29.2361 32.7379 34.1416 34.4515 34.4495 34.133 32.7379 29.2361 27.7018 27.7798 28.8855 30.3761 30.3761 28.8855 27.7798 27.7018 27.673 30.7734 32.4379 33.0474 33.0146 32.3719 30.4844 27.7631 17.8888 15.4064 11.3419 7.97649 8.01151 11.3777 15.3883 17.9442 12.6632 5.73846 2.26885 1.25971 1.25971 2.26885 5.73846 
12.0524 5.17595 2.14282 1.2442 1.24623 2.15079 5.2018 12.1211 19.2101 11.7009 5.90894 3.22186 3.20009 5.85902 11.7009 19.2101 27.6539 31.3938 32.9414 33.2842 33.2791 32.9298 31.3938 27.6539 26.4801 27.7632 28.7016 29.6356 29.6356 28.7016 27.7632 26.4801 25.4051 28.0113 29.2926 29.7658 29.7392 29.2334 27.8476 25.4838 16.6986 14.2572 10.5706 7.41282 7.45056 10.6062 14.2288 16.7363 11.8626 5.42778 2.17836 1.24097 1.24097 2.17836 5.42778 
10.2792 4.45944 1.93141 1.18826 1.18986 1.93854 4.48221 10.3339 17.1736 10.1998 5.05588 2.75377 2.73811 5.01991 10.1998 17.1736 25.0683 28.5009 29.7275 30.0549 30.1186 29.7832 28.5009 25.0683 24.3822 26.665 27.9985 28.457 28.457 27.9985 26.665 24.3822 21.2215 22.7123 23.1811 23.5599 23.353 22.9595 21.9982 21.1266 15.3285 12.9748 9.6641 6.77012 6.82699 9.71505 12.9639 15.3728 10.9939 5.21176 2.13152 1.2453 1.2453 2.13152 5.21176 
8.77713 3.61791 1.63767 1.11249 1.11371 1.64271 3.63415 8.83757 16.3526 8.77826 3.64748 1.86955 1.86955 3.64748 8.77826 16.3526 27.5541 31.1797 32.9904 33.5064 33.5064 32.9904 31.1797 27.5541 30.6465 33.4432 33.9943 33.8085 33.8085 33.9943 33.4432 30.6465 25.5954 28.7519 29.9872 30.3561 30.3662 30.0028 28.7416 25.6066 16.7162 14.2493 12.1771 9.37499 9.444 12.1031 14.2491 16.7015 12.4881 6.89396 2.92909 1.59926 1.60464 2.94237 6.92574 
7.62185 3.01327 1.44788 1.06645 1.06755 1.45216 3.02731 7.67223 15.2479 7.62841 3.0099 1.55986 1.55986 3.0099 7.62841 15.2479 27.5937 31.5326 33.5698 34.1645 34.1645 33.5698 31.5326 27.5937 31.5158 33.8055 34.3344 34.3124 34.3124 34.3344 33.8055 31.5158 27.5614 30.934 32.3316 32.7882 32.7731 32.3038 30.9538 27.5682 17.8376 15.3237 13.1685 10.4704 10.549 13.1558 15.1802 17.8296 13.043 7.01872 2.92108 1.60432 1.61134 2.93932 7.05882 
7.0649 2.71012 1.34069 1.04582 1.04668 1.34422 2.72218 7.11021 14.5822 6.99199 2.70186 1.43497 1.43497 2.70186 6.99199 14.5822 27.5411 31.6877 33.833 34.4622 34.4622 33.833 31.6877 27.5411 32.0402 33.9285 34.4759 34.5869 34.5869 34.4759 33.9285 32.0402 28.685 32.1476 33.6855 34.153 34.1463 33.6715 32.1654 28.6911 18.8257 15.868 13.2926 10.3762 10.4509 13.2796 15.7069 18.8363 13.4718 7.02303 2.9009 1.58174 1.58829 2.91769 7.06156 
6.86459 2.5764 1.28359 1.03208 1.03244 1.28523 2.58186 6.89136 14.3639 6.64289 2.52662 1.34794 1.34794 2.52662 6.64289 14.3639 27.575 31.7518 33.8775 34.5078 34.5078 33.8775 31.7518 27.575 32.3084 33.9362 34.5116 34.7101 34.7101 34.5116 33.9362 32.3084 29.261 32.6334 34.1631 34.5522 34.5487 34.1571 32.6414 29.2652 20.0204 16.4563 12.9501 9.6758 9.71974 12.9322 16.346 20.0574 14.0507 6.89479 2.79711 1.50062 1.50424 2.80641 6.92107 
6.89136 2.58186 1.28523 1.03244 1.03208 1.28359 2.58186 6.89136 14.5137 6.59765 2.50832 1.34241 1.34794 2.52662 6.64289 14.3639 27.575 31.7518 33.8775 34.5078 34.509 33.8792 31.739 27.73 32.3086 33.9362 34.5115 34.71 34.7101 34.5116 33.9362 32.3084 29.2652 32.6414 34.1571 34.5487 34.5466 34.1518 32.6225 29.316 20.1388 16.4638 12.912 9.6776 9.6758 12.9306 16.4891 20.1278 14.0507 6.92107 2.80641 1.50424 1.50062 2.79711 6.89479 
7.11021 2.72218 1.34422 1.04668 1.04582 1.34069 2.72218 7.11021 14.7459 6.92995 2.67032 1.42443 1.43497 2.70186 6.99199 14.5822 27.5411 31.6877 33.833 34.4622 34.4667 33.8402 31.6717 27.6971 32.0408 33.9284 34.4758 34.5869 34.5869 34.4759 33.9285 32.0402 28.6911 32.1654 33.6715 34.1463 34.1441 33.6651 32.1382 28.7488 18.9959 15.8859 13.2637 10.3708 10.3762 13.2785 15.9184 18.9659 13.4718 7.06156 2.91769 1.58829 1.58174 2.9009 7.02303 
7.67223 3.02731 1.45216 1.06755 1.06645 1.44788 3.02731 7.67223 15.4173 7.57459 2.97813 1.54825 1.55986 3.0099 7.62841 15.2479 27.5937 31.5326 33.5698 34.1645 34.1692 33.5787 31.5157 27.7313 31.5166 33.8052 34.3343 34.3123 34.3124 34.3344 33.8055 31.5158 27.5682 30.9538 32.3038 32.7731 32.7696 32.3017 30.9338 27.6356 18.0004 15.3567 13.1426 10.4651 10.4704 13.1556 15.3652 17.965 13.043 7.05882 2.93932 1.61134 1.60432 2.92108 7.01872 
8.83757 3.63415 1.64271 1.11371 1.11249 1.63767 3.63415 8.83757 16.5197 8.72254 3.59618 1.85068 1.86955 3.64748 8.77826 16.3526 27.5541 31.1797 32.9904 33.5064 33.5338 33.0198 31.1521 27.6389 30.6479 33.4438 33.9932 33.8083 33.8085 33.9943 33.4432 30.6465 25.6066 28.7416 30.0028 30.3662 30.4268 30.0496 28.746 25.672 16.777 14.3475 12.1165 9.39315 9.37499 12.1288 14.2248 16.7676 12.4881 6.92574 2.94237 1.60464 1.59926 2.92909 6.89396 
9.98132 4.14036 1.8039 1.15411 1.15268 1.79858 4.12446 9.95037 17.4302 9.01754 3.84165 1.97943 1.98127 3.83184 8.94031 17.5121 28.2049 31.4961 33.2679 33.8993 33.8993 33.2679 31.4953 28.1863 28.8833 32.6283 33.5106 33.2576 33.2573 33.5097 32.5902 28.8632 22.8853 27.586 28.9864 29.4975 29.5117 28.9907 27.5882 22.9998 11.1826 9.44792 8.70463 8.91125 8.94272 8.66954 9.29344 10.8389 8.0545 5.59034 3.21346 1.90204 1.88892 3.19118 5.59902 
11.1535 4.60366 1.96096 1.19801 1.19639 1.95546 4.59087 11.144 19.6112 10.4273 4.50509 2.28105 2.28271 4.4962 10.3308 19.6357 30.0055 32.7182 34.0375 34.4854 34.4854 34.0375 32.7248 29.9874 30.0712 32.9136 33.7836 33.8767 33.8769 33.7839 32.9081 30.1052 25.4803 30.4978 32.2573 32.7962 32.787 32.2458 30.476 25.5569 12.7939 11.5246 11.3323 12.6213 12.6839 11.3199 11.4209 12.5016 9.01059 6.28982 3.69727 2.21012 2.18872 3.66438 6.28045 
11.9078 4.97195 2.07614 1.22508 1.22338 2.0709 4.95956 11.9024 20.6061 11.0187 4.73197 2.36477 2.36624 4.72624 10.944 20.6514 30.9355 33.3137 34.4306 34.7585 34.7585 34.4306 33.3177 30.9114 30.8606 33.0916 33.9348 34.1891 34.1891 33.935 33.0875 30.8907 27.0154 31.8006 33.5568 34.1334 34.1437 33.5714 31.7947 27.1015 14.5359 13.1138 12.7114 13.6155 13.6933 12.6908 12.9993 14.2245 10.0584 6.95052 4.07385 2.39736 2.37452 4.03822 6.94125 
12.1216 5.03583 2.07225 1.21096 1.20993 2.0694 5.02957 12.1224 20.9243 11.1625 4.75435 2.34746 2.34806 4.75237 11.1184 20.9805 31.2612 33.4572 34.5443 34.8187 34.8187 34.5443 33.4637 31.2253 31.3216 33.1428 33.9686 34.3619 34.3619 33.9689 33.1413 31.3397 27.8447 32.2524 33.9749 34.4926 34.4994 33.9843 32.2446 27.9166 16.5279 14.3148 13.1304 12.5652 12.5987 13.1321 14.2328 16.2923 11.2943 6.9387 3.60574 2.07974 2.06947 3.5855 6.92586 
12.1224 5.02957 2.0694 1.20993 1.20993 2.0694 5.02957 12.1224 20.9243 11.1625 4.75435 2.34746 2.34746 4.75435 11.1625 20.9243 31.2253 33.4637 34.5419 34.8173 34.8187 34.5443 33.4585 31.2237 31.3397 33.1413 33.9689 34.3619 34.3619 33.9689 33.1413 31.3397 27.9166 32.2446 33.9843 34.4994 34.4926 33.9749 32.2365 27.9276 16.2923 14.2328 13.1321 12.5987 12.5987 13.1321 14.2328 16.2923 11.2943 6.9387 3.60574 2.07974 2.07974 3.60574 6.9387 
11.9024 4.95956 2.0709 1.22338 1.22338 2.0709 4.95956 11.9024 20.6061 11.0187 4.73197 2.36477 2.36477 4.73197 11.0187 20.6061 30.9114 33.3177 34.4235 34.7558 34.7585 34.4306 33.3039 30.9063 30.8907 33.0875 33.935 34.1891 34.1891 33.935 33.0875 30.8907 27.1015 31.7947 33.5714 34.1437 34.1334 33.5568 31.7858 27.1176 14.2245 12.9993 12.6908 13.6933 13.6933 12.6908 12.9993 14.2245 10.0584 6.95052 4.07385 2.39736 2.39736 4.07385 6.95052 
11.144 4.59087 1.95546 1.19639 1.19639 1.95546 4.59087 11.144 19.6112 10.4273 4.50509 2.28105 2.28105 4.50509 10.4273 19.6112 29.9874 32.7248 34.0303 34.4823 34.4854 34.0375 32.7104 29.9849 30.1052 32.9081 33.7839 33.8769 33.8769 33.7839 32.9081 30.1052 25.5569 30.476 32.2458 32.787 32.7962 32.2573 30.4845 25.5808 12.5016 11.4209 11.3199 12.6839 12.6839 11.3199 11.4209 12.5016 9.01059 6.28982 3.69727 2.21012 2.21012 3.69727 6.28982 
9.95037 4.12446 1.79858 1.15268 1.15268 1.79858 4.12446 9.95037 17.4302 9.01754 3.84165 1.97943 1.97943 3.84165 9.01754 17.4302 28.1863 31.4953 33.2373 33.8829 33.8993 33.2679 31.4583 28.1569 28.8632 32.5902 33.5097 33.2573 33.2573 33.5097 32.5902 28.8632 22.9998 27.5882 28.9907 29.5117 29.4975 28.9864 27.503 22.9306 10.8389 9.29344 8.66954 8.94272 8.94272 8.66954 9.29344 10.8389 8.0545 5.59034 3.21346 1.90204 1.90204 3.21346 5.59034 
7.36296 2.99418 1.43307 1.0599 1.0599 1.43307 2.99418 7.36296 13.3735 6.74648 2.81172 1.52066 1.52066 2.81172 6.74648 13.3735 24.7792 29.0689 31.521 32.3319 32.3319 31.521 29.0689 24.7792 22.9588 26.2626 27.19 27.1403 27.1403 27.0233 26.2626 22.9588 17.6068 21.5749 22.6789 23.2487 23.3273 22.8612 21.642 17.6982 8.79248 6.45919 4.0892 2.68424 2.59233 3.99869 6.46375 8.79248 5.63108 3.00072 1.66688 1.16654 1.17097 1.6823 3.03061 
7.03099 2.74449 1.34074 1.04017 1.04017 1.34074 2.74449 7.03099 13.2815 6.5347 2.65303 1.44932 1.44932 2.65303 6.5347 13.2815 25.246 29.7919 32.6812 33.6409 33.6409 32.6812 29.7919 25.246 23.3264 26.8386 28.0671 28.6878 28.6878 28.0759 26.8386 23.3264 17.7006 23.0929 26.1471 28.0668 28.1006 26.233 23.1427 17.7582 7.96777 5.19484 2.75185 1.60148 1.59291 2.7556 5.22379 7.96777 4.93365 2.35496 1.31272 1.04926 1.04982 1.31532 2.36261 
6.80502 2.607 1.29821 1.0329 1.0329 1.29821 2.607 6.80502 13.1919 6.3718 2.55346 1.40404 1.40404 2.55346 6.3718 13.1919 25.499 30.1924 33.1902 34.1603 34.1603 33.1902 30.1924 25.499 23.3551 26.6388 28.396 29.5335 29.5335 28.4041 26.6388 23.3551 17.7891 24.4737 28.5011 30.8853 30.9352 28.6176 24.5208 17.8592 6.71752 3.82446 1.86493 1.17289 1.17031 1.87581 3.84755 6.71752 3.9369 1.80528 1.13813 1.01358 1.01379 1.13952 1.81119 
6.66737 2.51332 1.26041 1.02553 1.02553 1.26041 2.51332 6.66737 13.1997 6.27486 2.4553 1.34347 1.34347 2.4553 6.27486 13.1997 25.7338 30.4333 33.3773 34.2602 34.2602 33.3773 30.4333 25.7338 23.3272 26.4261 28.5018 30.133 30.133 28.5055 26.4261 23.3272 17.9695 25.7326 30.1955 32.1351 32.1661 30.2573 25.7529 18.0397 5.76207 3.00936 1.48052 1.05738 1.05646 1.48724 3.02172 5.76207 3.05515 1.46952 1.06347 1.0044 1.00446 1.06404 1.47254 
6.68383 2.51793 1.26146 1.02571 1.02553 1.26041 2.51332 6.66737 13.1997 6.27486 2.4553 1.34347 1.33659 2.43765 6.26073 13.1997 25.7338 30.4333 33.3773 34.2602 34.266 33.3899 30.4089 25.9197 23.3697 26.4412 28.5055 30.1341 30.133 28.5018 26.4261 23.3272 18.0878 25.6894 30.1693 32.1183 32.1328 30.1955 25.6897 18.0896 5.76188 3.02172 1.48724 1.05646 1.05738 1.48052 3.00936 5.76207 3.06575 1.47254 1.06404 1.00446 1.0044 1.06347 1.46952 
6.83593 2.61648 1.30048 1.03329 1.0329 1.29821 2.607 6.80502 13.1919 6.3718 2.55346 1.40404 1.39082 2.51847 6.34505 13.1917 25.499 30.1924 33.1902 34.1603 34.1687 33.2165 30.1575 25.672 23.432 26.6663 28.4041 29.5375 29.5335 28.396 26.6388 23.3551 17.9136 24.4353 28.4598 30.8582 30.883 28.5011 24.436 17.9144 6.71718 3.84755 1.87581 1.17031 1.17289 1.86493 3.82446 6.71752 3.95518 1.81119 1.13952 1.01379 1.01358 1.13813 1.80528 
7.06412 2.75486 1.34327 1.04062 1.04017 1.34074 2.74449 7.03099 13.2815 6.5347 2.65303 1.44932 1.43516 2.61532 6.50565 13.2812 25.246 29.7919 32.6812 33.6409 33.6526 32.7125 29.7622 25.3978 23.3969 26.8653 28.0759 28.6917 28.6878 28.0671 26.8386 23.3264 17.7888 23.0505 26.1126 28.0513 28.0763 26.1471 23.0509 17.7898 7.96617 5.22379 2.7556 1.59291 1.60148 2.75185 5.19484 7.96777 4.94653 2.36261 1.31532 1.04982 1.04926 1.31272 2.35496 
7.37078 2.99724 1.43424 1.06022 1.0599 1.43307 2.99418 7.36296 13.3735 6.74648 2.81172 1.52066 1.50571 2.76849 6.71064 13.3482 24.7792 29.0689 31.521 32.3319 32.3063 31.5075 29.0386 24.8946 22.8765 26.1166 27.0233 26.9918 27.1403 27.19 26.2626 22.9588 17.6179 21.4625 22.6868 23.1632 23.16 22.6789 21.4616 17.6179 8.77267 6.46375 3.99869 2.59233 2.68424 4.0892 6.45919 8.79248 5.65329 3.03061 1.6823 1.17097 1.16654 1.66688 3.00072 
4.80487 1.97899 1.1721 1.01939 1.01939 1.17207 1.97165 4.78511 9.57348 4.57559 1.88804 1.18271 1.18268 1.88786 4.5679 9.6128 19.7521 25.3949 27.9429 28.6 28.6771 28.0235 25.4156 19.7891 14.1026 13.4003 13.0182 13.2554 13.2554 13.0182 13.4003 14.1026 13.7555 16.9325 15.5114 13.9348 13.9704 15.5506 16.8564 13.7047 6.69938 4.44792 2.29184 1.47007 1.47007 2.29184 4.44792 6.69938 3.35501 1.50264 1.05391 1.00199 1.00199 1.05391 1.50264 
4.76333 1.94823 1.16783 1.01924 1.01924 1.16781 1.94428 4.76459 9.47469 4.44867 1.824 1.15452 1.15451 1.82401 4.44314 9.50885 20.432 27.5985 30.4609 31.3033 31.2981 30.4513 27.5939 20.4406 13.5578 11.9463 9.93851 9.16123 9.16123 9.93851 11.9463 13.5578 13.1358 16.7016 14.0085 11.0529 11.0247 13.9858 16.7009 13.1415 6.14152 3.71794 1.85096 1.274 1.274 1.85096 3.71794 6.14152 3.0676 1.43691 1.05532 1.0042 1.0042 1.05532 1.43691 
4.74955 1.93049 1.16104 1.01832 1.01832 1.16103 1.92708 4.75292 9.55312 4.48594 1.82483 1.15146 1.15146 1.82489 4.48085 9.58919 20.8222 28.7187 31.9323 32.8923 32.8865 31.9176 28.712 20.824 13.1511 11.0611 8.42932 6.76872 6.76872 8.42932 11.0611 13.1511 12.8041 16.4134 13.014 9.32977 9.30869 13.0002 16.4135 12.8084 6.03111 3.56713 1.7788 1.25941 1.25941 1.7788 3.56713 6.03111 3.03353 1.44383 1.06114 1.00526 1.00526 1.06114 1.44383 
4.7316 1.91162 1.1455 1.01462 1.01462 1.14549 1.91006 4.73609 9.52705 4.50394 1.82403 1.14096 1.14097 1.82409 4.49872 9.56631 20.8734 29.0817 32.3976 33.3755 33.3706 32.387 29.0772 20.8672 12.8289 10.9043 7.84953 4.97474 4.97474 7.84953 10.9043 12.8289 12.7174 16.2551 12.587 8.66895 8.65805 12.5809 16.2553 12.7203 6.05724 3.44105 1.70657 1.21419 1.21419 1.70657 3.44105 6.05724 3.06804 1.45675 1.06064 1.00498 1.00498 1.06064 1.45675 
4.73609 1.91006 1.14549 1.01462 1.01462 1.14549 1.91006 4.73609 9.56631 4.49872 1.82409 1.14097 1.14096 1.82403 4.50394 9.52705 20.8734 29.0817 32.3976 33.3755 33.3755 32.3976 29.0817 20.8734 12.828 10.9035 7.84485 4.9735 4.97474 7.84953 10.9043 12.8289 12.7203 16.2553 12.5874 8.67598 8.66895 12.587 16.2551 12.7174 6.08229 3.43929 1.70684 1.21417 1.21299 1.70297 3.44105 6.05724 3.06804 1.45675 1.06064 1.00498 1.00495 1.06059 1.45736 
4.75292 1.92708 1.16103 1.01832 1.01832 1.16103 1.92708 4.75292 9.58919 4.48085 1.82489 1.15146 1.15146 1.82483 4.48594 9.55312 20.8222 28.7187 31.9323 32.8923 32.8923 31.9323 28.7187 20.8222 13.1492 11.0582 8.42367 6.76679 6.76872 8.42932 11.0611 13.1511 12.8084 16.4135 13.0146 9.34221 9.32977 13.014 16.4134 12.8041 6.05958 3.56691 1.77992 1.25958 1.25759 1.77358 3.56713 6.03111 3.03353 1.44383 1.06114 1.00526 1.00524 1.06126 1.44556 
4.76459 1.94428 1.16781 1.01924 1.01924 1.16781 1.94428 4.76459 9.50885 4.44314 1.82401 1.15451 1.15452 1.824 4.44867 9.47469 20.432 27.5985 30.4609 31.3033 31.3033 30.4609 27.5985 20.432 13.555 11.9424 9.93364 9.15955 9.16123 9.93851 11.9463 13.5578 13.1415 16.7009 14.0091 11.0658 11.0529 14.0085 16.7016 13.1358 6.17798 3.72242 1.85559 1.27504 1.27379 1.85016 3.71794 6.14152 3.0676 1.43691 1.05532 1.0042 1.0042 1.05546 1.43866 
4.78511 1.97165 1.17207 1.01939 1.01939 1.17207 1.97165 4.78511 9.6128 4.5679 1.88786 1.18268 1.18271 1.88804 4.57559 9.57348 19.7521 25.3949 27.9429 28.6 28.6 27.9429 25.3949 19.7521 14.0012 13.2333 12.8475 13.1089 13.2554 13.0182 13.4003 14.1026 13.7047 16.8564 15.4216 13.8652 13.9348 15.5114 16.9325 13.7555 6.76801 4.47826 2.31267 1.47721 1.47168 2.29103 4.44792 6.69938 3.35501 1.50264 1.05391 1.00199 1.00216 1.05449 1.5032 
1.69193 1.12668 1.0164 1.00139 1.0014 1.0164 1.12625 1.68631 3.23114 1.64818 1.09605 1.01075 1.01105 1.09785 1.66012 3.2571 10.2163 13.463 15.0281 15.554 15.554 15.0281 13.463 10.2163 6.04489 4.7302 4.14042 4.30061 4.27268 4.1164 4.7038 6.01226 7.35497 9.32433 8.42445 7.46597 7.42694 8.40683 9.32433 7.35497 2.97245 1.99719 1.29275 1.06821 1.06838 1.29721 1.99814 2.96266 1.62644 1.09395 1.00943 1.00032 1.00032 1.00957 1.09505 
1.18463 1.03019 1.00316 1.00001 1.00001 1.0032 1.03047 1.18571 1.6111 1.12941 1.01398 1.00054 1.00054 1.01404 1.13056 1.61084 4.26679 5.66947 6.47006 6.73786 6.73786 6.47006 5.66947 4.26679 2.7366 2.04003 1.77561 1.87658 1.87484 1.77327 2.03694 2.73281 3.68123 4.58826 3.81043 3.03186 3.02624 3.81348 4.58826 3.68123 1.55339 1.21678 1.05014 1.00753 1.00746 1.04958 1.2191 1.55056 1.1682 1.02311 1.00188 0.999826 0.999822 1.00187 1.02297 
1.02744 1.00359 1.00022 0.999929 0.999928 1.00022 1.00362 1.02759 1.09429 1.01436 1.00079 0.999821 0.999821 1.00079 1.01453 1.0943 1.83448 2.32156 2.64798 2.70714 2.70714 2.64798 2.32156 1.83448 1.36165 1.17249 1.10895 1.1326 1.13259 1.10891 1.1721 1.35975 1.92918 2.18088 1.7338 1.37533 1.37376 1.73304 2.18088 1.92918 1.08875 1.02508 1.00389 1.00015 1.00014 1.00387 1.02527 1.08769 1.02333 1.00267 1.00009 0.999942 0.999943 1.00008 1.00264 
1.00296 1.00021 0.999904 0.99998 0.99998 0.999904 1.00021 1.00297 1.0099 1.00067 0.999856 0.999975 0.999974 0.999856 1.00068 1.0099 1.17014 1.3246 1.44374 1.44082 1.44082 1.44374 1.3246 1.17014 1.04881 1.02252 1.01294 1.01726 1.01726 1.01294 1.02246 1.0484 1.28798 1.36094 1.17638 1.05097 1.05074 1.17613 1.36094 1.28798 1.01104 1.00133 0.999951 0.999912 0.999911 0.999954 1.00132 1.01067 1.00195 1.00006 0.999929 0.999992 0.999992 0.999929 1.00006 
1.00297 1.00021 0.999904 0.99998 0.99998 0.999904 1.00021 1.00297 1.0099 1.00067 0.999856 0.999975 0.999975 0.999856 1.00067 1.0099 1.17014 1.3246 1.44374 1.44082 1.44764 1.45384 1.32842 1.17054 1.0484 1.02246 1.01294 1.01726 1.01726 1.01294 1.02252 1.04881 1.28857 1.36126 1.17613 1.05074 1.05097 1.17638 1.36094 1.28798 1.01067 1.00132 0.999957 0.999913 0.999913 0.999951 1.00132 1.01067 1.00195 1.00006 0.999929 0.999992 0.999992 0.999929 1.00006 
1.02759 1.00362 1.00022 0.999928 0.999928 1.00022 1.00362 1.02759 1.09429 1.01436 1.00079 0.999821 0.999821 1.00079 1.01436 1.09429 1.83448 2.32156 2.64798 2.70714 2.72607 2.67667 2.33473 1.83349 1.35975 1.1721 1.10891 1.13259 1.1326 1.10895 1.17249 1.36165 1.93234 2.1822 1.73304 1.37376 1.37533 1.7338 2.18088 1.92918 1.08769 1.02517 1.00395 1.00016 1.00016 1.00389 1.02517 1.08769 1.02333 1.00267 1.00009 0.999942 0.999942 1.00009 1.00267 
1.18571 1.03047 1.0032 1.00001 1.00001 1.0032 1.03047 1.18571 1.6111 1.12941 1.01398 1.00054 1.00054 1.01398 1.12941 1.6111 4.26679 5.66947 6.47006 6.73786 6.78097 6.52887 5.70721 4.25716 2.73281 2.03694 1.77327 1.87484 1.87658 1.77561 2.04003 2.7366 3.69409 4.59473 3.81348 3.02624 3.03186 3.81043 4.58826 3.68123 1.55056 1.21808 1.05092 1.00767 1.00767 1.05014 1.21808 1.55056 1.1682 1.02311 1.00188 0.999826 0.999826 1.00188 1.02311 
1.68631 1.12625 1.0164 1.0014 1.0014 1.0164 1.12625 1.68631 3.23114 1.64818 1.09605 1.01075 1.01075 1.09605 1.64818 3.23114 10.2163 13.463 15.0281 15.554 15.3714 14.8435 13.3323 10.0612 6.01226 4.7038 4.1164 4.27268 4.30061 4.14042 4.7302 6.04489 7.33825 9.29754 8.40683 7.42694 7.46597 8.42445 9.32433 7.35497 2.96266 1.99718 1.29274 1.0682 1.0682 1.29275 1.99718 2.96266 1.62644 1.09395 1.00943 1.00032 1.00032 1.00943 1.09395 
1.11251 1.0187 1.0026 1.00027 1.00027 1.0026 1.0187 1.11251 1.52284 1.10386 1.01284 1.00096 1.00096 1.01284 1.10386 1.52284 4.16374 5.89968 6.39728 6.83558 6.83558 6.39728 5.89968 4.16374 2.9508 2.32909 2.1015 1.84373 1.84373 2.1015 2.32909 2.9508 3.64758 4.49531 3.70853 2.91446 2.91446 3.70853 4.49531 3.64758 1.59946 1.19005 1.04123 1.00599 1.00599 1.04206 1.19005 1.59946 1.12838 1.01757 1.00156 1.00013 1.00013 1.00156 1.01757 
1.01246 1.00201 1.00016 0.999957 0.999957 1.00016 1.00201 1.01246 1.09402 1.0145 1.00126 0.999914 0.999914 1.00126 1.0145 1.09402 2.5879 3.65754 3.93873 3.79601 3.79601 3.93873 3.65754 2.5879 1.64496 1.38588 1.27873 1.17277 1.17277 1.27873 1.38588 1.64496 1.63337 1.83087 1.53716 1.30642 1.30642 1.53716 1.83087 1.63337 1.11448 1.02896 1.00443 1.00023 1.00023 1.00444 1.02896 1.11448 1.02432 1.0032 1.00029 0.999944 0.999944 1.00029 1.0032 
1.00047 1.00008 0.999967 0.999991 0.999991 0.999967 1.00008 1.00047 1.01332 1.00159 0.999972 0.99994 0.99994 0.999972 1.00159 1.01332 1.57404 2.1468 2.37578 2.01925 2.01925 2.37578 2.1468 1.57404 1.14757 1.07482 1.04638 1.02288 1.02288 1.04638 1.07482 1.14757 1.09591 1.12044 1.06293 1.0275 1.0275 1.06293 1.12044 1.09591 1.01615 1.00303 1.00014 0.999868 0.999868 1.00013 1.00303 1.01615 1.00337 1.00033 0.999961 0.999984 0.999984 0.999961 1.00033 
0.999909 0.99996 0.999992 1 1 0.999992 0.99996 0.999909 1.00135 0.999939 0.999951 0.999992 0.999992 0.999951 0.999939 1.00135 1.1474 1.35092 1.4599 1.29523 1.29523 1.4599 1.35092 1.1474 1.02177 1.00804 1.00436 1.00181 1.00181 1.00436 1.00804 1.02177 1.00694 1.00914 1.00371 1.00117 1.00117 1.00371 1.00914 1.00694 1.00144 1 0.999923 0.999979 0.999979 0.999923 1 1.00144 1.00037 0.999949 0.999982 1 1 0.999982 0.999949 
0 0 0 0 1 0.999992 0.99996 0.999909 1.00135 0.999939 0.999951 0.999992 0.999992 0.999951 0.999939 1.0015 1.1474 1.35092 1.4599 1.29523 1.29158 1.45161 1.34472 1.14541 1.02156 1.00791 1.00429 1.00177 1.00181 1.00436 1.00804 1.02177 1.00716 1.00926 1.00372 1.00116 1.00117 1.00371 1.00914 1.00694 1.00141 0.999995 0.999923 0.999979 0.999979 0.999923 1 1.00144 1.00037 0.999949 0.999982 1 0 0 0 
0 0 0 0 0.999991 0.999967 1.00008 1.00047 1.01332 1.00159 0.999972 0.99994 0.99994 0.99997 1.00158 1.01426 1.57404 2.1468 2.37578 2.01925 2.00801 2.35517 2.1285 1.56649 1.14617 1.07379 1.04575 1.02259 1.02288 1.04638 1.07482 1.14757 1.09713 1.12122 1.06308 1.0274 1.0275 1.06293 1.12044 1.09591 1.01605 1.00299 1.00013 0.999867 0.999868 1.00014 1.00303 1.01615 1.00337 1.00033 0.999961 0.999984 0 0 0 
0 0 0 0 0.999957 1.00016 1.00201 1.01246 1.09402 1.0145 1.00126 0.999914 0.999913 1.00126 1.01449 1.09747 2.5879 3.65754 3.93873 3.79601 3.77988 3.92559 3.64155 2.57664 1.64028 1.38186 1.2759 1.17126 1.17277 1.27873 1.38588 1.64496 1.63879 1.83494 1.53833 1.30606 1.30642 1.53716 1.83087 1.63337 1.11437 1.02882 1.00444 1.00024 1.00023 1.00443 1.02896 1.11448 1.02432 1.0032 1.00029 0.999944 0 0 0 
