0 0 0 0 1.0007 1.00837 1.08406 1.51895 2.4919 1.56892 1.12306 1.02156 1.02162 1.12344 1.5707 2.50174 4.39037 4.89677 5.17459 5.20896 5.1974 5.1567 4.87621 4.38238 5.31543 6.22517 7.56194 9.60145 9.60176 7.5728 6.22928 5.30827 2.84273 2.86923 2.52598 2.21881 2.21114 2.5119 2.85125 2.81983 1.68074 1.27647 1.07044 1.01455 1.01489 1.07196 1.27896 1.68086 1.31683 1.06836 1.00883 1.00083 0 0 0 
0 0 0 0 1.00002 1.00142 1.01567 1.10199 1.2912 1.08959 1.01546 1.00172 1.00172 1.01552 1.08988 1.29309 1.8758 1.95499 2.0267 2.02592 2.0239 2.02275 1.95092 1.87818 3.21823 4.48764 5.74557 6.86494 6.85632 5.74239 4.47862 3.20086 1.62415 1.70638 1.41704 1.23867 1.24052 1.42004 1.71063 1.62323 1.11819 1.03896 1.00822 1.00082 1.00085 1.00842 1.03945 1.118 1.05666 1.01043 1.00114 0.999977 0 0 0 
0 0 0 0 0.99996 1.00015 1.00165 1.01161 1.03249 1.00809 1.00091 0.999861 0.999862 1.00091 1.00812 1.03272 1.15058 1.14233 1.1553 1.14988 1.14956 1.15462 1.1417 1.15234 1.93776 3.36636 4.56328 4.51897 4.4932 4.54129 3.34202 1.92452 1.13503 1.16109 1.07881 1.03254 1.03296 1.07981 1.16291 1.13485 1.01353 1.0035 1.00057 1 1 1.00059 1.00356 1.01345 1.00647 1.00116 0.999979 0.999962 0 0 0 
0 0 0 0 0.999991 0.999974 1.00007 1.00109 1.00167 0.999996 0.999862 0.999949 0.999949 0.999863 0.999997 1.00168 1.01767 1.01138 1.01236 1.01161 1.01158 1.01229 1.01131 1.01821 1.28105 2.31753 3.65998 2.71024 2.68871 3.60666 2.29088 1.27689 1.02139 1.02635 1.01005 1.00291 1.00297 1.01021 1.02671 1.02127 1.00081 0.999997 0.999958 0.999976 0.999975 0.999959 1 1.00079 1.00057 0.999979 0.999963 0.999995 0 0 0 
1.00109 1.00007 0.999974 0.999991 0.999991 0.999974 1.00007 1.00109 1.00168 0.999997 0.999862 0.999949 0.999949 0.999862 0.999996 1.00167 1.01821 1.01131 1.01229 1.01158 1.01161 1.01236 1.01131 1.01821 1.28105 2.31753 3.65998 2.71024 2.71024 3.65998 2.31753 1.28105 1.02127 1.02671 1.01021 1.00297 1.00297 1.01021 1.02671 1.02127 1.00079 1 0.999959 0.999975 0.999976 0.999958 0.999997 1.00081 1.00057 0.999979 0.999963 0.999995 0.999995 0.999963 0.999979 
1.01161 1.00165 1.00015 0.99996 0.99996 1.00015 1.00165 1.01161 1.03272 1.00812 1.00091 0.999861 0.999861 1.00091 1.00809 1.03249 1.15234 1.1417 1.15462 1.14956 1.14988 1.1553 1.1417 1.15234 1.93776 3.36636 4.56328 4.51897 4.51897 4.56328 3.36636 1.93776 1.13485 1.16291 1.07981 1.03296 1.03296 1.07981 1.16291 1.13485 1.01345 1.00356 1.00059 1 1 1.00057 1.0035 1.01353 1.00647 1.00116 0.999979 0.999962 0.999962 0.999979 1.00116 
1.10199 1.01567 1.00142 1.00002 1.00002 1.00142 1.01567 1.10199 1.29309 1.08988 1.01546 1.00172 1.00172 1.01546 1.08959 1.2912 1.87818 1.95092 2.02275 2.0239 2.02592 2.0267 1.95092 1.87818 3.21823 4.48764 5.74557 6.86494 6.86494 5.74557 4.48764 3.21823 1.62323 1.71063 1.42004 1.24052 1.24052 1.42004 1.71063 1.62323 1.118 1.03945 1.00842 1.00085 1.00082 1.00822 1.03896 1.11819 1.05666 1.01043 1.00114 0.999977 0.999977 1.00114 1.01043 
1.51895 1.08406 1.00837 1.0007 1.0007 1.00837 1.08406 1.51895 2.50174 1.5707 1.12306 1.02156 1.02156 1.12306 1.56892 2.4919 4.38238 4.87621 5.1567 5.1974 5.20896 5.17459 4.87621 4.38238 5.31543 6.22517 7.56194 9.60145 9.60145 7.56194 6.22517 5.31543 2.81983 2.85125 2.5119 2.21114 2.21114 2.5119 2.85125 2.81983 1.68086 1.27896 1.07196 1.01489 1.01455 1.07044 1.27647 1.68074 1.31683 1.06836 1.00883 1.00083 1.00083 1.00883 1.06836 
3.13714 1.69061 1.14384 1.01709 1.01709 1.14384 1.69061 3.13714 4.8823 2.82531 1.4739 1.11716 1.11716 1.4739 2.8829 4.94202 8.39749 9.74418 10.5144 10.6489 10.6541 10.5228 9.62795 8.32193 8.10094 8.81075 9.79659 11.3609 11.3156 9.74183 8.77307 8.05927 6.11616 6.42195 6.53373 6.50184 6.54613 6.55846 6.43323 6.1296 3.30124 2.20305 1.4734 1.16778 1.15871 1.43521 2.20221 3.30278 2.00415 1.20125 1.01921 1.00087 1.00089 1.01943 1.2012 
1.96296 1.31206 1.04891 1.00439 1.00439 1.04891 1.31206 1.96296 2.49827 1.59948 1.11966 1.01999 1.01999 1.11966 1.60202 2.49346 4.3821 4.88408 5.08393 5.08063 5.09026 5.09835 4.92707 4.42379 5.56295 6.41644 6.93415 7.45453 7.42223 6.90147 6.38624 5.56993 3.1523 3.12145 2.95235 2.69149 2.69034 2.94063 3.10455 3.15091 1.64339 1.24826 1.05863 1.01354 1.01309 1.05568 1.25076 1.64951 1.23871 1.03659 1.00271 0.999883 0.999891 1.00276 1.03687 
1.25511 1.0751 1.00843 1.00035 1.00035 1.00843 1.0751 1.25511 1.3186 1.09959 1.01364 1.00099 1.00099 1.01364 1.09992 1.31714 1.96019 2.02659 2.06675 2.03618 2.04018 2.07332 2.04008 1.97079 3.97256 5.22481 5.71174 5.2613 5.27903 5.72803 5.28445 4.0653 1.69237 1.61407 1.49201 1.33118 1.33068 1.48824 1.60807 1.69945 1.10943 1.02912 1.00332 1.00014 1.0001 1.00304 1.02928 1.11077 1.0355 1.00434 1.00019 0.99994 0.999939 1.0002 1.00438 
1.0503 1.01219 1.00078 0.999845 0.999845 1.00078 1.01219 1.0503 1.04882 1.01067 1.00049 0.999754 0.999754 1.00049 1.01066 1.0483 1.2271 1.22297 1.22486 1.20457 1.20586 1.2268 1.22697 1.22949 2.78973 4.75397 5.96407 4.13811 4.20419 6.14956 4.9356 2.93616 1.18343 1.15244 1.09977 1.04251 1.04224 1.09869 1.15065 1.18742 1.01349 1.00163 0.999906 0.999961 0.99996 0.999877 1.00164 1.01383 1.00399 1.00032 0.999906 0.999984 0.999984 0.999906 1.00033 
1.05031 1.01216 1.00078 0.999844 0.999845 1.00078 1.01219 1.0503 1.0483 1.01066 1.00049 0.999754 0.999751 1.00048 1.01066 1.0483 1.2271 1.22297 1.22486 1.20457 1.20457 1.22486 1.22297 1.2271 2.93616 4.9356 6.14956 4.20419 4.20419 6.14956 4.9356 2.93616 1.18742 1.15065 1.09869 1.04224 1.04178 1.0975 1.15065 1.18742 1.01349 1.00165 0.999869 0.999959 0.999963 0.999906 1.00166 1.01364 1.004 1.00033 0.999906 0.999984 0.999984 0.999906 1.00032 
1.25514 1.0748 1.00839 1.00034 1.00035 1.00843 1.0751 1.25511 1.31714 1.09992 1.01364 1.00099 1.00098 1.01357 1.09992 1.31714 1.96019 2.02659 2.06675 2.03618 2.03618 2.06675 2.02659 1.96019 4.0653 5.28445 5.72803 5.27903 5.27903 5.72803 5.28445 4.0653 1.69945 1.60807 1.48824 1.33068 1.32849 1.48406 1.60807 1.69945 1.10943 1.02929 1.00295 1.0001 1.00018 1.00332 1.0296 1.11044 1.0357 1.00438 1.0002 0.999939 0.99994 1.00019 1.00434 
1.96183 1.31058 1.04867 1.00436 1.00439 1.04891 1.31206 1.96296 2.49346 1.60202 1.11966 1.01999 1.02004 1.11963 1.60202 2.49346 4.3821 4.88408 5.08393 5.08063 5.08063 5.08393 4.88408 4.3821 5.56993 6.38624 6.90147 7.42223 7.42223 6.90147 6.38624 5.56993 3.15091 3.10455 2.94063 2.69034 2.68413 2.93071 3.10455 3.15091 1.64341 1.24957 1.05489 1.01302 1.01403 1.05863 1.2522 1.64929 1.23972 1.03687 1.00276 0.999891 0.999883 1.00271 1.03659 
3.15126 1.69454 1.14466 1.0172 1.01709 1.14384 1.69061 3.13714 4.94202 2.8829 1.4739 1.11716 1.12141 1.48613 2.8829 4.94202 8.39749 9.74418 10.5144 10.6489 10.6489 10.5144 9.74418 8.39749 8.05927 8.77307 9.74183 11.3156 11.3156 9.74183 8.77307 8.05927 6.1296 6.43323 6.55846 6.54613 6.53986 6.54834 6.43323 6.1296 3.30184 2.21016 1.44131 1.16161 1.17384 1.4734 2.23216 3.33965 2.00392 1.2012 1.01943 1.00089 1.00087 1.01921 1.20125 
6.92091 3.04254 1.52531 1.09114 1.09129 1.52819 3.05927 6.98772 12.0218 7.43729 3.68284 2.1594 2.15919 3.69575 7.44439 12.0727 17.9406 21.2988 22.8749 23.3374 23.3374 22.8749 21.2988 17.9406 14.1716 16.0301 17.7552 19.5047 19.508 17.7565 16.0321 14.174 10.0108 10.7735 11.1814 11.5836 11.6852 11.3896 10.7735 10.0108 6.96109 5.34301 3.55551 2.25019 2.22584 3.50039 5.22715 6.9106 5.30773 2.62065 1.34188 1.04612 1.04612 1.34188 2.62065 
7.84142 3.42228 1.62711 1.11478 1.11435 1.62775 3.43012 7.89085 12.8085 8.40784 4.3032 2.5337 2.5335 4.3303 8.38717 12.8032 18.2658 22.509 24.5211 25.2732 25.2732 24.5211 22.509 18.2658 13.0809 15.6896 17.544 19.3213 19.322 17.5446 15.6901 13.0807 9.1698 9.3079 9.67926 10.1399 10.0263 9.69891 9.3079 9.1698 6.129 4.61069 2.89821 1.81878 1.85896 2.97464 4.59454 6.12718 4.33242 2.11084 1.22203 1.02555 1.02555 1.22203 2.11084 
6.89938 3.10477 1.51634 1.08318 1.08286 1.51666 3.11066 6.93996 11.1749 7.12872 3.53825 2.07643 2.07611 3.5579 7.11074 11.1676 16.5669 20.6217 22.4473 22.8746 22.8746 22.4473 20.6217 16.5669 12.3561 16.1755 18.7065 20.2219 20.2219 18.7063 16.1753 12.3563 7.74073 7.69542 7.5537 7.45174 7.34159 7.54958 7.69542 7.74073 4.51602 3.36901 2.16921 1.46838 1.4989 2.23438 3.37031 4.52165 3.00687 1.56604 1.1039 1.0104 1.0104 1.1039 1.56604 
6.1054 2.85977 1.41679 1.05495 1.05478 1.41665 2.86131 6.12376 9.45331 5.67936 2.60322 1.52436 1.52402 2.61084 5.67007 9.44701 14.9659 18.321 20.0306 20.4616 20.4616 20.0306 18.321 14.9659 12.6213 18.095 20.3927 21.0098 21.0103 20.3926 18.0944 12.6215 6.74285 6.94212 5.95395 4.92105 4.85961 5.95786 6.94212 6.74285 3.43016 2.39922 1.52836 1.14895 1.15627 1.55122 2.40567 3.44037 2.15625 1.24365 1.03129 1.00213 1.00213 1.03129 1.24365 
6.12376 2.86131 1.41665 1.05478 1.05478 1.41665 2.86131 6.12376 9.44701 5.67007 2.61084 1.52402 1.52066 2.60322 5.67936 9.45331 14.9659 18.321 20.0306 20.4616 20.4641 20.0369 18.3328 14.9716 12.6215 18.0944 20.3926 21.0103 21.0098 20.3927 18.095 12.6213 6.83007 7.01736 5.96395 4.84191 4.92105 5.95395 6.94212 6.74285 3.44037 2.40567 1.55122 1.15627 1.14895 1.52836 2.39922 3.43016 2.15625 1.24365 1.03129 1.00213 1.00222 1.03201 1.24698 
6.93996 3.11066 1.51666 1.08286 1.08286 1.51666 3.11066 6.93996 11.1676 7.11074 3.5579 2.07611 2.06724 3.53825 7.12872 11.1749 16.5669 20.6217 22.4473 22.8746 22.8794 22.4602 20.6445 16.5802 12.3563 16.1753 18.7063 20.2219 20.2219 18.7065 16.1755 12.3561 7.90546 7.89095 7.55007 7.30484 7.45174 7.5537 7.69542 7.74073 4.52165 3.37031 2.23438 1.4989 1.46838 2.16921 3.36901 4.51602 3.00687 1.56604 1.1039 1.0104 1.01075 1.10591 1.57363 
7.89085 3.43012 1.62775 1.11435 1.11435 1.62775 3.43012 7.89085 12.8032 8.38717 4.3303 2.5335 2.52121 4.3032 8.40784 12.8085 18.2658 22.509 24.5211 25.2732 25.279 24.5364 22.5338 18.2831 13.0807 15.6901 17.5446 19.322 19.3213 17.544 15.6896 13.0809 9.34196 9.52392 9.68015 9.97335 10.1399 9.67926 9.3079 9.1698 6.12718 4.59454 2.97464 1.85896 1.81878 2.89821 4.61069 6.129 4.33242 2.11084 1.22203 1.02555 1.02601 1.22406 2.11763 
6.98772 3.05927 1.52819 1.09129 1.09129 1.52819 3.05927 6.98772 12.0727 7.44439 3.69575 2.15919 2.15255 3.68284 7.43729 12.0218 17.9406 21.2988 22.8749 23.3374 23.4254 22.9676 21.4028 18.0406 14.174 16.0321 17.7565 19.508 19.5047 17.7552 16.0301 14.1716 10.5111 11.2517 11.4282 11.6991 11.5836 11.1814 10.7735 10.0108 6.9106 5.22715 3.50039 2.22584 2.25019 3.55551 5.34301 6.96109 5.30773 2.62065 1.34188 1.04612 1.0465 1.34471 2.63496 
10.2602 4.46815 1.94212 1.19366 1.19206 1.9351 4.468 10.2598 17.2061 10.2641 5.08485 2.78694 2.80354 5.12027 10.2654 17.2082 25.0087 28.477 29.6727 30.0062 30.0062 29.6727 28.4756 25.0084 24.2491 26.5092 27.9541 28.4255 28.4255 28.1026 26.6606 24.3467 20.9319 21.9219 22.6263 23.0231 23.1258 22.629 21.9041 20.9639 15.2337 12.9074 9.43319 6.58257 6.58257 9.43319 12.9323 15.2318 10.9966 5.28881 2.16236 1.25772 1.25491 2.15294 5.25335 
12.0314 5.18763 2.15597 1.25091 1.24889 2.14819 5.18754 12.0309 19.1662 11.7275 5.9312 3.26011 3.28308 5.98003 11.7281 19.1673 27.52 31.3297 32.9017 33.2522 33.2522 32.9017 31.3305 27.5206 26.4401 27.7129 28.6604 29.577 29.577 28.6678 27.7005 26.4011 25.388 27.806 29.1778 29.7129 29.6957 29.1757 27.7845 25.4207 16.7305 14.2575 10.4871 7.34389 7.34389 10.4871 14.17 16.6288 11.8058 5.47591 2.20101 1.25076 1.24933 2.19655 5.4586 
12.854 5.52278 2.26149 1.27362 1.27154 2.25358 5.52265 12.8536 20.549 12.5355 6.24754 3.41732 3.44084 6.29521 12.5363 20.5503 29.0813 32.6755 34.1131 34.4336 34.4336 34.1131 32.6763 29.0821 27.6301 27.6869 28.7828 30.2875 30.2875 28.7803 27.6721 27.5993 27.6592 30.4373 32.2736 32.9583 32.9575 32.2712 30.4147 27.7051 17.9322 15.3969 11.2572 7.90658 7.90658 11.2572 15.3017 17.8105 12.5913 5.78026 2.2907 1.26971 1.26827 2.28608 5.76186 
13.0754 5.55246 2.23591 1.24911 1.24803 2.23231 5.55228 13.0748 21.2449 12.5338 5.90391 3.15245 3.1665 5.92836 12.5346 21.2463 29.9729 33.1434 34.398 34.7045 34.7045 34.398 33.144 29.9736 28.1139 27.8004 28.9632 30.6307 30.6307 28.9572 27.7939 28.099 28.5066 31.4039 33.296 33.9112 33.9125 33.2929 31.3868 28.5554 18.8176 16.2616 11.5605 7.96376 7.96376 11.5605 16.2031 18.7151 13.3762 6.07844 2.35764 1.27435 1.27336 2.35415 6.0628 
13.0748 5.55228 2.23231 1.24803 1.24803 2.23231 5.55228 13.0748 21.2463 12.5346 5.92836 3.1665 3.1665 5.92836 12.5346 21.2463 29.9729 33.1434 34.398 34.7045 34.7042 34.3955 33.1434 29.9729 28.099 27.7939 28.9572 30.6443 30.6307 28.9632 27.8004 28.1139 28.5554 31.3868 33.2929 33.9125 33.9131 33.3027 31.4039 28.5066 18.7151 16.2031 11.5672 7.98003 7.98003 11.5672 16.2031 18.7151 13.3762 6.07844 2.35764 1.27435 1.27435 2.35764 6.07844 
12.8536 5.52265 2.25358 1.27154 1.27154 2.25358 5.52265 12.8536 20.5503 12.5363 6.29521 3.44084 3.44084 6.29521 12.5363 20.5503 29.0813 32.6755 34.1131 34.4336 34.4318 34.1062 32.6755 29.0813 27.5993 27.6721 28.7803 30.3096 30.2875 28.7828 27.6869 27.6301 27.7051 30.4147 32.2712 32.9575 32.9599 32.2833 30.4373 27.6592 17.8105 15.3017 11.271 7.93152 7.93152 11.271 15.3017 17.8105 12.5913 5.78026 2.2907 1.26971 1.26971 2.2907 5.78026 
12.0309 5.18754 2.14819 1.24889 1.24889 2.14819 5.18754 12.0309 19.1673 11.7281 5.98003 3.28308 3.28308 5.98003 11.7281 19.1673 27.52 31.3297 32.9017 33.2522 33.2446 32.8884 31.3297 27.52 26.4011 27.7005 28.6678 29.5949 29.577 28.6604 27.7129 26.4401 25.4207 27.7845 29.1757 29.6957 29.6955 29.1598 27.806 25.388 16.6288 14.17 10.5029 7.36773 7.36773 10.5029 14.17 16.6288 11.8058 5.47591 2.20101 1.25076 1.25076 2.20101 5.47591 
10.2598 4.468 1.9351 1.19206 1.19206 1.9351 4.468 10.2598 17.2082 10.2654 5.12027 2.80354 2.80354 5.12027 10.2654 17.2082 25.0087 28.477 29.6727 30.0062 30.0694 29.7291 28.477 25.0087 24.3467 26.6606 28.1026 28.5438 28.4255 27.9541 26.5092 24.2491 20.9639 21.9041 22.629 23.1258 23.1331 22.7319 21.9219 20.9319 15.2318 12.9323 9.50177 6.63975 6.63975 9.50177 12.9323 15.2318 10.9966 5.28881 2.16236 1.25772 1.25772 2.16236 5.28881 
8.81297 3.64333 1.64865 1.11627 1.11627 1.64865 3.64333 8.81297 16.4881 8.91551 3.7549 1.92234 1.92234 3.7549 8.91551 16.4881 27.3193 31.0545 32.8783 33.4057 33.4057 32.8783 31.0545 27.3193 30.6296 33.4375 33.9774 33.7907 33.8132 33.9912 33.4572 30.6656 25.6601 28.6938 30.0415 30.4475 30.4585 30.0593 28.7303 25.5953 16.7638 14.2423 12.1538 9.24414 9.48439 12.0562 14.2817 16.653 12.4375 6.99081 2.97468 1.62383 1.62938 2.97479 6.99081 
7.67175 3.04256 1.45855 1.06911 1.06911 1.45855 3.04256 7.67175 15.408 7.76423 3.09593 1.59742 1.59742 3.09593 7.76423 15.408 27.3665 31.454 33.5279 34.1379 34.1379 33.5279 31.454 27.3665 31.4931 33.785 34.3147 34.2938 34.292 34.3147 33.7898 31.5214 27.627 30.8486 32.257 32.7346 32.7191 32.23 30.822 27.5369 18.1123 15.3144 13.1781 10.2764 10.5924 13.1193 15.3811 17.7918 12.9778 7.12965 2.96793 1.62952 1.63681 2.96809 7.12965 
7.11637 2.73709 1.34876 1.04756 1.04756 1.34876 2.73709 7.11637 14.7437 7.114 2.7754 1.46487 1.46487 2.7754 7.114 14.7437 27.3097 31.6192 33.7962 34.437 34.437 33.7962 31.6192 27.3097 32.0231 33.9091 34.4592 34.5728 34.5725 34.4595 33.914 32.0514 28.7401 32.0646 33.6257 34.119 34.1119 33.6116 32.0568 28.6622 19.1031 15.8561 13.3068 10.1918 10.4904 13.2399 15.9241 18.7677 13.4001 7.12873 2.94374 1.60512 1.61191 2.94387 7.12873 
6.91485 2.60324 1.29106 1.03343 1.03343 1.29106 2.60324 6.91485 14.4957 6.73251 2.579 1.36787 1.36787 2.579 6.73251 14.4957 27.383 31.7091 33.856 34.4922 34.4922 33.856 31.7091 27.383 32.2796 33.9133 34.4957 34.6982 34.698 34.4957 33.9155 32.2948 29.3093 32.5658 34.1215 34.5273 34.5239 34.1164 32.5682 29.2459 20.1743 16.433 12.9657 9.61101 9.77024 12.8852 16.4773 19.943 13.9824 6.97139 2.8308 1.51937 1.52307 2.83094 6.97139 
6.9446 2.60877 1.29109 1.03343 1.03343 1.29106 2.60324 6.91485 14.4072 6.74544 2.57863 1.36781 1.36787 2.579 6.73251 14.4957 27.383 31.7091 33.8673 34.498 34.498 33.8673 31.704 27.4815 32.2948 33.9155 34.4957 34.698 34.6982 34.4957 33.9133 32.2796 29.2459 32.5682 34.1164 34.5239 34.5273 34.1215 32.5682 29.2459 20.1743 16.4773 12.8844 9.61101 9.61101 12.8844 16.5892 20.1743 13.9824 6.97139 2.83094 1.52307 1.51937 2.8308 6.94497 
7.16525 2.74928 1.34882 1.04756 1.04756 1.34876 2.73709 7.11637 14.6424 7.12734 2.77392 1.46462 1.46487 2.7754 7.114 14.7437 27.3097 31.6192 33.8284 34.4546 34.4546 33.8284 31.6147 27.4181 32.0514 33.914 34.4595 34.5725 34.5728 34.4592 33.9091 32.0231 28.6622 32.0568 33.6116 34.1119 34.119 33.6257 32.0568 28.6622 19.1031 15.9241 13.2391 10.1918 10.1918 13.2391 16.0942 19.1031 13.4001 7.12873 2.94387 1.61191 1.60512 2.94374 7.09034 
7.726 3.05675 1.45862 1.06912 1.06911 1.45855 3.04256 7.67175 15.3051 7.77283 3.0923 1.59672 1.59742 3.09593 7.76423 15.408 27.3665 31.454 33.5613 34.1516 34.1516 33.5613 31.4486 27.4676 31.5214 33.7898 34.3147 34.292 34.2938 34.3147 33.785 31.4931 27.5369 30.822 32.23 32.7191 32.7346 32.257 30.822 27.5369 18.1123 15.3811 13.1186 10.2764 10.2764 13.1186 15.5329 18.1123 12.9778 7.12965 2.96809 1.63681 1.62952 2.96793 7.08992 
8.87745 3.65952 1.64874 1.11628 1.11627 1.64865 3.64333 8.81297 16.3843 8.91666 3.74674 1.9203 1.92234 3.7549 8.91551 16.4881 27.3193 31.0545 32.9928 33.5061 33.5061 32.9928 31.0368 27.3814 30.6656 33.4572 33.9912 33.8132 33.7907 33.9774 33.4375 30.6296 25.5953 28.7303 30.0593 30.4585 30.4475 30.0415 28.7303 25.5953 16.7638 14.2817 12.0548 9.24414 9.24414 12.0548 14.2742 16.7638 12.4375 6.99081 2.97479 1.62938 1.62383 2.97468 6.95922 
9.91889 4.12325 1.80249 1.15542 1.15404 1.79753 4.1092 9.88439 17.2439 9.13577 3.88425 2.00693 2.00657 3.88325 9.11555 17.3222 28.1314 31.3849 33.209 33.8542 33.8239 33.1445 31.3446 28.0817 28.855 32.6619 33.5319 33.2929 33.2538 33.5015 32.6243 28.8313 23.0287 27.6257 29.1035 29.6202 29.6057 29.0817 27.6257 23.0287 11.0663 9.2963 8.68844 8.95605 8.95605 8.68844 9.44276 11.0663 7.93306 5.58796 3.27484 1.94633 1.93259 3.25279 5.59824 
11.1366 4.59137 1.95898 1.19955 1.19799 1.9539 4.58102 11.1228 19.4678 10.556 4.54685 2.31013 2.30978 4.54501 10.5314 19.5372 29.9771 32.6509 34.0056 34.4696 34.4608 33.9871 32.6376 29.9542 29.9532 32.8915 33.7726 33.8646 33.8621 33.7676 32.8873 29.9836 25.4245 30.3852 32.1978 32.7214 32.7174 32.1818 30.3852 25.4245 12.6165 11.3681 11.2991 12.6286 12.6286 11.2991 11.4696 12.6165 8.90334 6.29806 3.77109 2.2689 2.24652 3.7385 6.28988 
11.9043 4.96411 2.07679 1.22739 1.22577 2.07205 4.95448 11.8935 20.4537 11.1356 4.772 2.39418 2.39408 4.7714 11.1124 20.5225 30.8992 33.2558 34.4058 34.7465 34.7397 34.3886 33.2417 30.8685 30.74 33.0568 33.9155 34.1718 34.1696 33.9115 33.0539 30.7671 26.9854 31.7379 33.5823 34.1453 34.1474 33.5826 31.7379 26.9854 14.3452 12.9428 12.6801 13.6675 13.6675 12.6801 13.054 14.3452 9.93577 6.95047 4.14892 2.46156 2.43768 4.11379 6.94232 
12.1399 5.04788 2.08029 1.21478 1.21383 2.07795 5.04438 12.135 20.7706 11.2539 4.78717 2.37429 2.37426 4.78697 11.2334 20.836 31.2117 33.4202 34.5285 34.81 34.8064 34.5214 33.4177 31.1762 31.2165 33.0915 33.9372 34.34 34.3391 33.9357 33.0909 31.2316 27.817 32.1923 33.9854 34.4979 34.4996 33.9849 32.1923 27.817 16.3404 14.1749 13.1261 12.6317 12.6317 13.1261 14.2549 16.3404 11.181 6.95031 3.66471 2.11954 2.10889 3.64421 6.93768 
12.135 5.04438 2.07795 1.21383 1.21478 2.08029 5.04438 12.135 20.836 11.2334 4.78697 2.37426 2.37429 4.78717 11.2334 20.836 31.1762 33.4177 34.5214 34.8064 34.8064 34.5214 33.4177 31.1762 31.2316 33.0909 33.9357 34.3391 34.34 33.9372 33.0909 31.2316 27.8214 32.1913 33.96 34.4838 34.4838 33.96 32.1902 27.8239 16.1661 14.1717 13.1458 12.7034 12.5672 13.118 14.1749 16.0879 11.2274 6.93768 3.64421 2.10889 2.11954 3.66471 6.95031 
11.8935 4.95448 2.07205 1.22577 1.22739 2.07679 4.95448 11.8935 20.5225 11.1124 4.7714 2.39408 2.39418 4.772 11.1124 20.5225 30.8685 33.2417 34.3886 34.7397 34.7397 34.3886 33.2417 30.8685 30.7671 33.0539 33.9115 34.1696 34.1718 33.9155 33.0539 30.7671 26.9955 31.734 33.5428 34.1228 34.1228 33.5428 31.7346 26.9976 14.088 12.9353 12.6789 13.8065 13.5394 12.6961 12.9428 14.0262 9.99551 6.94232 4.11379 2.43768 2.46156 4.14892 6.95047 
11.1228 4.58102 1.9539 1.19799 1.19955 1.95898 4.58102 11.1228 19.5372 10.5314 4.54501 2.30978 2.31013 4.54685 10.5314 19.5372 29.9542 32.6376 33.9871 34.4608 34.4608 33.9871 32.6376 29.9542 29.9836 32.8873 33.7676 33.8621 33.8646 33.7726 32.8873 29.9836 25.4348 30.3857 32.1832 32.7362 32.7362 32.1832 30.398 25.4439 12.3727 11.357 11.3065 12.7789 12.5052 11.3081 11.3681 12.318 8.95818 6.28988 3.7385 2.24652 2.2689 3.77109 6.29806 
9.88439 4.1092 1.79753 1.15404 1.15542 1.80249 4.1092 9.88439 17.3222 9.11555 3.88325 2.00657 2.00693 3.88425 9.11555 17.3222 28.0817 31.3446 33.1445 33.8239 33.8239 33.1445 31.3446 28.0817 28.8313 32.6243 33.5015 33.2538 33.2929 33.5319 32.6243 28.8313 22.9968 27.5949 28.8886 29.438 29.438 28.8886 27.5383 22.953 10.7158 9.23743 8.63218 9.00222 8.91364 8.74609 9.2963 10.719 8.01568 5.59824 3.25279 1.93259 1.94633 3.27484 5.58796 
7.37522 3.01411 1.4408 1.06188 1.06188 1.4408 3.01411 7.37522 13.4337 6.8715 2.87317 1.54782 1.54731 2.87052 6.8715 13.4337 24.7428 28.9853 31.4836 32.2958 32.2958 31.4836 28.9853 24.7428 22.8673 26.1539 27.0831 27.0449 27.0449 27.0831 26.1539 22.8673 17.5181 21.3574 22.6722 23.16 23.16 22.6722 21.2614 17.4844 8.73857 6.47573 4.06082 2.66855 2.62886 4.02404 6.47418 8.79291 5.62621 3.00032 1.68952 1.17119 1.17578 1.68977 3.03004 
7.01868 2.75826 1.34462 1.04113 1.04113 1.34462 2.75826 7.01868 13.2793 6.64235 2.70945 1.47482 1.47462 2.70875 6.64235 13.2793 25.2681 29.6762 32.6628 33.6232 33.6232 32.6628 29.6762 25.2681 23.2818 26.7995 28.0204 28.6337 28.6337 28.0204 26.7995 23.2818 17.7275 22.9187 26.1024 28.012 28.012 26.1024 22.8698 17.7617 7.94238 5.25618 2.79868 1.62226 1.6135 2.78502 5.26094 8.00899 4.95933 2.37619 1.3253 1.05196 1.05256 1.3253 2.38396 
6.7973 2.62059 1.30159 1.03362 1.03362 1.30159 2.62059 6.7973 13.1902 6.47642 2.60652 1.42741 1.42726 2.60618 6.47642 13.1902 25.5443 30.077 33.1759 34.1478 34.1478 33.1759 30.077 25.5443 23.2961 26.5594 28.3163 29.464 29.464 28.3163 26.5594 23.2961 17.8544 24.2898 28.4654 30.8219 30.8219 28.4654 24.2393 17.907 6.71797 3.89684 1.90404 1.18267 1.17982 1.89938 3.89601 6.78212 3.97607 1.8259 1.14516 1.01445 1.01467 1.14516 1.83189 
6.67961 2.53168 1.26566 1.02642 1.02642 1.26566 2.53168 6.67961 13.1918 6.3503 2.49326 1.35989 1.35991 2.4933 6.3503 13.1918 25.8172 30.35 33.3595 34.2463 34.2463 33.3595 30.35 25.8172 23.2207 26.2858 28.3698 30.0155 30.0155 28.3698 26.2858 23.2207 18.0238 25.5607 30.1484 32.0749 32.0749 30.1484 25.5214 18.0649 5.73998 3.05403 1.50231 1.06116 1.06038 1.50192 3.0565 5.80359 3.08641 1.48235 1.06675 1.00469 1.00476 1.06675 1.4854 
6.69769 2.53589 1.26664 1.02658 1.02642 1.26566 2.53168 6.67961 13.1774 6.33606 2.4933 1.35991 1.35989 2.49326 6.3503 13.1918 25.7329 30.3654 33.3733 34.2526 34.2463 33.3595 30.35 25.8172 23.2669 26.2998 28.3698 30.0154 30.0155 28.3698 26.2858 23.2207 18.0649 25.5214 30.0542 32.0265 32.0265 30.0542 25.5214 18.0649 5.80359 3.0565 1.50192 1.06038 1.06039 1.50191 3.05613 5.80481 3.08641 1.48235 1.06675 1.00469 1.00469 1.06675 1.48235 
6.82989 2.62966 1.30378 1.03401 1.03362 1.30159 2.62059 6.7973 13.1657 6.45183 2.60618 1.42726 1.42741 2.60652 6.47642 13.1902 25.443 30.0975 33.2046 34.1579 34.1478 33.1759 30.077 25.5443 23.3771 26.5859 28.3162 29.464 29.464 28.3163 26.5594 23.2961 17.907 24.2393 28.3032 30.7429 30.7429 28.3032 24.2393 17.907 6.78212 3.89601 1.89938 1.17982 1.17985 1.89941 3.89565 6.78348 3.97607 1.8259 1.14516 1.01445 1.01445 1.14516 1.8259 
7.05358 2.76821 1.34708 1.04158 1.04113 1.34462 2.75826 7.01868 13.2525 6.61593 2.70875 1.47462 1.47482 2.70945 6.64235 13.2793 25.1734 29.6942 32.695 33.6362 33.6232 32.6628 29.6762 25.2681 23.3561 26.8249 28.022 28.6338 28.6337 28.0204 26.7995 23.2818 17.7617 22.8698 25.9783 27.9617 27.9617 25.9783 22.8698 17.7617 8.00899 5.26094 2.78502 1.6135 1.6135 2.785 5.26089 8.01028 4.95933 2.37619 1.3253 1.05196 1.05196 1.3253 2.37619 
7.3853 3.01677 1.44191 1.06219 1.06188 1.4408 3.01411 7.37522 13.3737 6.8314 2.87052 1.54731 1.54782 2.87317 6.8715 13.4337 24.6732 29.0069 31.4783 32.2766 32.2958 31.4836 28.9853 24.7428 22.7878 26.0077 27.0783 27.0406 27.0449 27.0831 26.1539 22.8673 17.4844 21.2614 22.5019 23.0006 23.0006 22.5019 21.2614 17.4844 8.79291 6.47418 4.02404 2.62886 2.63016 4.02442 6.47461 8.79468 5.62621 3.00032 1.68952 1.17119 1.17119 1.68952 3.00032 
4.80078 1.98182 1.17525 1.02005 1.0197 1.17343 1.98179 4.80064 9.6432 4.5898 1.902 1.18921 1.18988 1.90237 4.58736 9.49282 19.7859 25.4721 28.0565 28.7274 28.7274 28.0565 25.4996 19.8375 14.19 13.6018 13.2321 13.4566 13.4566 13.2321 13.6018 14.19 13.7828 16.9506 15.7346 14.1517 14.0846 15.6452 16.876 13.7359 6.68016 4.46265 2.32082 1.48511 1.48265 2.32561 4.49302 6.7475 3.36442 1.51053 1.05492 1.00181 1.00181 1.05492 1.51053 
4.78635 1.95491 1.17088 1.01985 1.01951 1.1694 1.95492 4.78662 9.54365 4.46558 1.83973 1.16082 1.16197 1.84173 4.4767 9.44826 20.4021 27.548 30.404 31.2649 31.2649 30.404 27.5382 20.4181 13.5579 11.9876 10.0094 9.2218 9.2218 10.0094 11.9876 13.5579 13.105 16.6485 13.9903 11.0621 11.0741 13.9918 16.6468 13.1159 6.11507 3.73909 1.86665 1.28106 1.28291 1.87314 3.74399 6.15147 3.06113 1.44126 1.05653 1.00437 1.00437 1.05653 1.44126 
4.77555 1.93859 1.16392 1.01888 1.01856 1.16255 1.93858 4.77588 9.62222 4.50346 1.84037 1.15737 1.1584 1.84179 4.51003 9.51643 20.7988 28.6617 31.8645 32.8472 32.8472 31.8645 28.6461 20.8048 13.1721 11.1451 8.51874 6.86531 6.86531 8.51874 11.1451 13.1721 12.7651 16.3578 12.996 9.3473 9.35868 12.9982 16.3563 12.7739 6.00647 3.58885 1.7897 1.26409 1.26816 1.80052 3.58911 6.03469 3.02539 1.44823 1.06263 1.00552 1.00552 1.06263 1.44823 
4.76127 1.92348 1.14885 1.01517 1.01501 1.14816 1.92347 4.76163 9.59547 4.52052 1.83813 1.14595 1.14637 1.83832 4.52445 9.50087 20.8457 29.0365 32.3415 33.3353 33.3353 32.3415 29.026 20.8373 12.9465 11.1478 8.07777 5.13179 5.13179 8.07777 11.1478 12.9465 12.6744 16.1978 12.5721 8.7036 8.70948 12.5742 16.1963 12.6811 6.03389 3.46021 1.71554 1.2184 1.22086 1.72247 3.45876 6.05856 3.06831 1.46334 1.0625 1.00527 1.00527 1.0625 1.46334 
4.76163 1.92347 1.14816 1.01501 1.01501 1.14816 1.92347 4.76163 9.50087 4.52445 1.83832 1.14637 1.14637 1.83832 4.52445 9.50087 20.8373 29.026 32.3415 33.3353 33.3466 32.3632 29.0365 20.8457 12.9461 11.1483 8.07731 5.1317 5.13179 8.07777 11.1478 12.9465 12.6811 16.1963 12.5742 8.70948 8.7036 12.5721 16.1978 12.6744 6.05856 3.45876 1.71873 1.21961 1.21718 1.70818 3.45217 6.05767 3.06831 1.46334 1.0625 1.00527 1.00524 1.06243 1.46382 
4.77588 1.93858 1.16255 1.01856 1.01856 1.16255 1.93858 4.77588 9.51643 4.51003 1.84179 1.1584 1.1584 1.84179 4.51003 9.51643 20.8048 28.6461 31.8645 32.8472 32.8622 31.8963 28.6617 20.7988 13.1716 11.1455 8.51836 6.86526 6.86531 8.51874 11.1451 13.1721 12.7739 16.3563 12.9982 9.35868 9.3473 12.996 16.3578 12.7651 6.03469 3.58911 1.79352 1.2658 1.26224 1.77743 3.57887 6.03296 3.02539 1.44823 1.06263 1.00552 1.0055 1.06273 1.44983 
4.78662 1.95492 1.1694 1.01951 1.01951 1.1694 1.95492 4.78662 9.44826 4.4767 1.84173 1.16197 1.16197 1.84173 4.4767 9.44826 20.4181 27.5382 30.404 31.2649 31.2788 30.4288 27.548 20.4021 13.5576 11.9881 10.0094 9.222 9.2218 10.0094 11.9876 13.5579 13.1159 16.6468 13.9918 11.0741 11.0621 13.9903 16.6485 13.105 6.15147 3.74399 1.86275 1.28017 1.28083 1.85554 3.73279 6.14684 3.06113 1.44126 1.05653 1.00437 1.00437 1.05666 1.44288 
4.80064 1.98179 1.17343 1.0197 1.0197 1.17343 1.98179 4.80064 9.49282 4.58736 1.90237 1.18988 1.18988 1.90237 4.58736 9.49282 19.8375 25.4996 28.0565 28.7274 28.5734 27.8934 25.4721 19.7859 14.1878 13.5993 13.2281 13.4517 13.4566 13.2321 13.6018 14.19 13.7359 16.876 15.6452 14.0846 14.1517 15.7346 16.9506 13.7828 6.7475 4.49302 2.30186 1.47667 1.48672 2.29632 4.45108 6.70352 3.36442 1.51053 1.05492 1.00181 1.00199 1.05548 1.51097 
1.70915 1.13132 1.01723 1.00147 1.00147 1.01723 1.13132 1.70915 3.35504 1.67612 1.10232 1.01184 1.01184 1.10232 1.67612 3.35504 10.1517 13.4193 14.9774 15.5203 15.4269 14.8834 13.3437 10.0563 6.02896 4.73143 4.15194 4.3134 4.31146 4.15058 4.72971 6.0275 7.30899 9.26686 8.38988 7.46004 7.46004 8.38988 9.26686 7.30899 2.96762 2.01826 1.30466 1.07206 1.07214 1.30392 2.02074 2.99241 1.63563 1.09655 1.00983 1.00034 1.00035 1.00997 1.09766 
1.19155 1.03177 1.00333 1.00002 1.00002 1.00333 1.03177 1.19155 1.63773 1.13435 1.01465 1.0006 1.0006 1.01465 1.13435 1.63773 4.28979 5.72334 6.53432 6.79811 6.82083 6.56468 5.75163 4.28625 2.75438 2.0575 1.79155 1.89527 1.89533 1.79161 2.05757 2.75444 3.71734 4.63664 3.85526 3.07317 3.07317 3.85526 4.63664 3.71734 1.55216 1.22417 1.05371 1.00838 1.00827 1.05301 1.22333 1.55968 1.17368 1.02425 1.00202 0.999833 0.999829 1.002 1.0241 
1.02888 1.00384 1.00024 0.999927 0.999927 1.00024 1.00384 1.02888 1.09966 1.01492 1.00083 0.999812 0.999812 1.00083 1.01492 1.09966 1.85035 2.35187 2.6856 2.74091 2.75081 2.70057 2.36391 1.85176 1.36876 1.17829 1.11351 1.1382 1.13821 1.11352 1.1783 1.36873 1.95725 2.21737 1.7595 1.39096 1.39096 1.7595 2.21737 1.95725 1.08719 1.02638 1.00426 1.00021 1.0002 1.00422 1.02648 1.09029 1.02454 1.00286 1.00011 0.99994 0.99994 1.0001 1.00283 
1.00316 1.00024 0.9999 0.999979 0.999979 0.9999 1.00024 1.00316 1.0107 1.0007 0.999847 0.999973 0.999973 0.999847 1.0007 1.0107 1.17705 1.33887 1.46292 1.45794 1.46149 1.46821 1.34258 1.17797 1.05024 1.02372 1.0137 1.01832 1.01832 1.0137 1.02372 1.05024 1.30115 1.37823 1.18651 1.05476 1.05476 1.18651 1.37823 1.30115 1.01024 1.00146 0.999973 0.999911 0.99991 0.99997 1.0015 1.01104 1.0021 1.00008 0.999926 0.999991 0.999991 0.999926 1.00008 
1.00318 1.00024 0.9999 0.999979 0.999979 0.9999 1.00024 1.00316 1.01049 1.00074 0.999847 0.999973 0.999973 0.999847 1.0007 1.0107 1.17797 1.34258 1.46821 1.46149 1.45794 1.46292 1.33887 1.17705 1.05024 1.02372 1.0137 1.01832 1.01832 1.0137 1.02372 1.05024 1.30177 1.37855 1.18623 1.05452 1.05476 1.18651 1.37823 1.30115 1.01063 1.0015 0.999964 0.999911 0.999911 0.999964 1.00142 1.01063 1.0021 1.00008 0.999926 0.999991 0.999991 0.999926 1.00008 
1.02904 1.00387 1.00025 0.999926 0.999927 1.00024 1.00384 1.02888 1.09798 1.01517 1.00082 0.999812 0.999812 1.00083 1.01492 1.09966 1.85176 2.36391 2.70057 2.75081 2.74091 2.6856 2.35187 1.85035 1.36873 1.1783 1.11352 1.13821 1.13821 1.11352 1.1783 1.36873 1.9605 2.2187 1.75897 1.3894 1.39096 1.7595 2.21737 1.95725 1.08829 1.02648 1.00419 1.00019 1.00019 1.00419 1.026 1.08829 1.02454 1.00286 1.00011 0.99994 0.99994 1.00011 1.00286 
1.19267 1.03206 1.00337 1.00003 1.00002 1.00333 1.03177 1.19155 1.62752 1.13527 1.0146 1.0006 1.0006 1.01465 1.13435 1.63773 4.28625 5.75163 6.56468 6.82083 6.79811 6.53432 5.72334 4.28979 2.75444 2.05757 1.79161 1.89533 1.89533 1.79161 2.05757 2.75444 3.72997 4.6428 3.85889 3.06753 3.07317 3.85526 4.63664 3.71734 1.55521 1.22333 1.05301 1.00824 1.00824 1.05301 1.22225 1.55521 1.17368 1.02425 1.00202 0.999833 0.999833 1.00202 1.02425 
1.70344 1.1309 1.01723 1.00148 1.00147 1.01723 1.13132 1.70915 3.31192 1.67743 1.10045 1.0115 1.01184 1.10232 1.67612 3.35504 10.0563 13.3437 14.8834 15.4269 15.5203 14.9774 13.4193 10.1517 6.0275 4.72971 4.15058 4.31146 4.31146 4.15058 4.72971 6.0275 7.29224 9.23953 8.37048 7.42063 7.46004 8.38988 9.26686 7.30899 2.95799 2.02074 1.29801 1.0701 1.0701 1.29801 2.0037 2.95799 1.63563 1.09655 1.00983 1.00034 1.00034 1.00983 1.09655 
1.11696 1.01962 1.00276 1.00029 1.00029 1.00276 1.01962 1.11696 1.54547 1.10867 1.01365 1.00105 1.00105 1.01365 1.10867 1.54547 4.17296 5.92121 6.43649 6.88418 6.88418 6.43649 5.92121 4.17296 2.96891 2.35012 2.12029 1.86231 1.86231 2.12029 2.35012 2.96891 3.63719 4.49095 3.72869 2.94829 2.94829 3.72869 4.51598 3.66245 1.60634 1.19552 1.04307 1.00641 1.00641 1.04307 1.19552 1.60634 1.13185 1.0183 1.00164 1.00014 1.00014 1.00164 1.0183 
1.01311 1.00214 1.00018 0.999956 0.999956 1.00018 1.00214 1.01311 1.10465 1.01534 1.00135 0.999918 0.999918 1.00135 1.01534 1.10465 2.61417 3.68737 3.97224 3.84043 3.84043 3.97224 3.68737 2.61417 1.66208 1.4004 1.28866 1.17988 1.17988 1.28866 1.4004 1.66208 1.6359 1.83843 1.54794 1.31807 1.31807 1.54794 1.84235 1.64123 1.11742 1.03025 1.00471 1.00027 1.00027 1.00471 1.03025 1.11742 1.02533 1.0034 1.00033 0.999943 0.999943 1.00033 1.0034 
1.00051 1.0001 0.999966 0.99999 0.99999 0.999966 1.0001 1.00051 1.01601 1.00171 0.999981 0.999936 0.999936 0.999981 1.00171 1.01601 1.59766 2.18748 2.42106 2.05589 2.05589 2.42106 2.18748 1.59766 1.15401 1.07923 1.04911 1.02437 1.02437 1.04911 1.07923 1.15401 1.09703 1.12291 1.06514 1.02915 1.02915 1.06514 1.12368 1.09824 1.01684 1.00322 1.00016 0.999864 0.999864 1.00016 1.00322 1.01684 1.00357 1.00036 0.999961 0.999983 0.999983 0.999961 1.00036 
0.999899 0.999958 0.999992 1 1 0.999992 0.999958 0.999899 1.0018 0.999954 0.999949 0.999991 0.999991 0.999949 0.999954 1.0018 1.15659 1.37262 1.48776 1.31187 1.31187 1.48776 1.37262 1.15659 1.02324 1.00877 1.00474 1.00197 1.00197 1.00474 1.00877 1.02324 1.00705 1.00945 1.00393 1.0013 1.0013 1.00393 1.00957 1.00727 1.00154 1.00002 0.99992 0.999977 0.999977 0.99992 1.00002 1.00154 1.0004 0.999949 0.999981 1 1 0.999981 0.999949 
0 0 0 0 1 0.999992 0.999958 0.999899 1.00179 0.999954 0.999949 0.999991 0.999991 0.999949 0.999954 1.0018 1.15659 1.37262 1.48776 1.31187 1.30807 1.47905 1.36607 1.15449 1.02303 1.00864 1.00466 1.00193 1.00197 1.00474 1.00877 1.02324 1.00727 1.00957 1.00394 1.00128 1.0013 1.00393 1.00945 1.00705 1.00154 1.00002 0.99992 0.999977 0.999977 0.99992 1.00002 1.00154 1.0004 0.999949 0.999981 1 0 0 0 
0 0 0 0 0.99999 0.999966 1.0001 1.00051 1.016 1.00171 0.999982 0.999936 0.999936 0.999981 1.00171 1.01601 1.59766 2.18748 2.42106 2.05589 2.04436 2.40021 2.1688 1.58984 1.15257 1.07815 1.04846 1.02407 1.02437 1.04911 1.07923 1.15401 1.09824 1.12368 1.06528 1.02905 1.02915 1.06514 1.12291 1.09703 1.01684 1.00322 1.00016 0.999864 0.999864 1.00016 1.00322 1.01684 1.00357 1.00036 0.999961 0.999983 0 0 0 
0 0 0 0 0.999956 1.00018 1.00214 1.01311 1.1046 1.01534 1.00135 0.999919 0.999918 1.00135 1.01534 1.10465 2.61417 3.68737 3.97224 3.84043 3.82455 3.95953 3.67185 2.60316 1.65733 1.39625 1.28576 1.17833 1.17988 1.28866 1.4004 1.66208 1.64123 1.84235 1.54904 1.31768 1.31807 1.54794 1.83843 1.6359 1.11741 1.03025 1.00471 1.00027 1.00027 1.00471 1.03025 1.11742 1.02533 1.0034 1.00033 0.999943 0 0 0 
