0 0 0 0 1.00081 1.00906 1.08814 1.52902 2.50615 1.57899 1.12675 1.02262 1.02268 1.12714 1.58059 2.51549 4.4216 4.92754 5.20909 5.24648 5.23668 5.19203 4.9072 4.41367 5.33205 6.23066 7.54209 9.59805 9.59824 7.553 6.23512 5.32539 2.85357 2.87828 2.5505 2.25496 2.24732 2.53629 2.85993 2.83028 1.69712 1.28675 1.07505 1.01587 1.0162 1.0765 1.28917 1.69716 1.32667 1.07208 1.00954 1.00091 0 0 0 
0 0 0 0 1.00004 1.00155 1.01688 1.10589 1.29829 1.09285 1.01634 1.00188 1.00189 1.01641 1.09315 1.30022 1.9042 1.97714 2.04787 2.04874 2.04681 2.04396 1.97308 1.9069 3.27799 4.51688 5.74752 6.89664 6.88863 5.74503 4.50859 3.26155 1.63955 1.72403 1.43422 1.25174 1.25366 1.43734 1.72835 1.6384 1.12303 1.04108 1.00888 1.00093 1.00097 1.00909 1.04159 1.12286 1.05959 1.01135 1.00127 0.999989 0 0 0 
0 0 0 0 0.999957 1.00018 1.00181 1.01233 1.03399 1.00861 1.001 0.999868 0.99987 1.00101 1.00864 1.03423 1.16108 1.14899 1.16193 1.1564 1.15608 1.16124 1.14835 1.16302 2.00633 3.43733 4.61932 4.60388 4.57927 4.59838 3.41442 1.99231 1.1416 1.16931 1.08441 1.03538 1.03583 1.08547 1.17121 1.14135 1.01437 1.00379 1.00064 1.00001 1.00001 1.00066 1.00386 1.01429 1.00697 1.00129 0.99999 0.999958 0 0 0 
0 0 0 0 0.99999 0.999974 1.00009 1.00118 1.00183 1.00002 0.999861 0.999945 0.999944 0.999862 1.00002 1.00184 1.02008 1.01233 1.01329 1.01248 1.01245 1.01321 1.01226 1.0207 1.3156 2.42941 3.82113 2.81149 2.78884 3.76681 2.40076 1.31094 1.0231 1.02855 1.01111 1.00328 1.00333 1.01129 1.02893 1.02293 1.0009 1.00002 0.999962 0.999973 0.999973 0.999963 1.00003 1.00088 1.00062 0.999991 0.99996 0.999994 0 0 0 
1.00118 1.00009 0.999974 0.99999 0.99999 0.999974 1.00009 1.00118 1.00183 1.00002 0.999861 0.999945 0.999945 0.999861 1.00002 1.00183 1.0207 1.01226 1.01321 1.01245 1.01245 1.01321 1.01226 1.0207 1.3156 2.42941 3.82113 2.81149 2.81149 3.82113 2.42941 1.3156 1.02293 1.02893 1.01129 1.00333 1.00333 1.01129 1.02893 1.02293 1.00088 1.00003 0.999963 0.999973 0.999973 0.999962 1.00002 1.0009 1.00062 0.999991 0.99996 0.999994 0.999994 0.99996 0.999991 
1.01233 1.00181 1.00018 0.999957 0.999957 1.00018 1.00181 1.01233 1.03399 1.00861 1.001 0.999868 0.999868 1.001 1.00861 1.03399 1.16302 1.14835 1.16124 1.15608 1.15608 1.16124 1.14835 1.16302 2.00633 3.43733 4.61932 4.60388 4.60388 4.61932 3.43733 2.00633 1.14135 1.17121 1.08547 1.03583 1.03583 1.08547 1.17121 1.14135 1.01429 1.00386 1.00066 1.00001 1.00001 1.00064 1.00379 1.01437 1.00697 1.00129 0.99999 0.999958 0.999958 0.99999 1.00129 
1.10589 1.01688 1.00155 1.00004 1.00004 1.00155 1.01688 1.10589 1.29829 1.09285 1.01634 1.00188 1.00188 1.01634 1.09285 1.29829 1.9069 1.97308 2.04396 2.04681 2.04681 2.04396 1.97308 1.9069 3.27799 4.51688 5.74752 6.89664 6.89664 5.74752 4.51688 3.27799 1.6384 1.72835 1.43734 1.25366 1.25366 1.43734 1.72835 1.6384 1.12286 1.04159 1.00909 1.00097 1.00093 1.00888 1.04108 1.12303 1.05959 1.01135 1.00127 0.999989 0.999989 1.00127 1.01135 
1.52902 1.08814 1.00906 1.00081 1.00081 1.00906 1.08814 1.52902 2.50615 1.57899 1.12675 1.02262 1.02262 1.12675 1.57899 2.50615 4.41367 4.9072 5.19203 5.23668 5.23668 5.19203 4.9072 4.41367 5.33205 6.23066 7.54209 9.59805 9.59805 7.54209 6.23066 5.33205 2.83028 2.85993 2.53629 2.24732 2.24732 2.53629 2.85993 2.83028 1.69716 1.28917 1.0765 1.0162 1.01587 1.07505 1.28675 1.69712 1.32667 1.07208 1.00954 1.00091 1.00091 1.00954 1.07208 
3.17269 1.70843 1.14872 1.01818 1.01818 1.14872 1.70843 3.17269 5.00335 2.91196 1.48886 1.12356 1.12356 1.48886 2.91196 5.00335 8.40815 9.73334 10.4192 10.5584 10.6976 10.5586 9.73334 8.40815 8.09859 8.81891 9.79259 11.3215 11.2783 9.72319 8.74394 8.03556 6.10568 6.43092 6.54869 6.62483 6.62483 6.54869 6.43092 6.10568 3.26171 2.19635 1.43545 1.16068 1.16069 1.43546 2.19555 3.26994 2.0195 1.20802 1.02052 1.00096 1.00096 1.02052 1.20802 
1.98129 1.32272 1.05218 1.00484 1.00484 1.05218 1.32272 1.98129 2.50948 1.61001 1.1233 1.02102 1.02102 1.1233 1.61001 2.50948 4.43796 4.93434 5.15083 5.14119 5.12123 5.12377 4.93434 4.43796 5.57907 6.4052 6.92094 7.40937 7.3986 6.90526 6.39299 5.57486 3.17932 3.12751 2.98592 2.73659 2.73659 2.98592 3.12751 3.17932 1.64944 1.25326 1.05502 1.01323 1.01356 1.05655 1.25569 1.65578 1.24827 1.03903 1.00299 0.999889 0.999889 1.00299 1.03903 
1.2659 1.07979 1.00924 1.00042 1.00042 1.00924 1.07979 1.2659 1.3252 1.10276 1.01436 1.00109 1.00109 1.01436 1.10276 1.3252 2.00098 2.05683 2.0976 2.06339 2.06035 2.0917 2.05683 2.00098 4.09306 5.30617 5.73791 5.29651 5.31261 5.74648 5.33392 4.13083 1.71591 1.62303 1.50844 1.347 1.347 1.50844 1.62303 1.71591 1.1128 1.03041 1.00294 1.00007 1.00009 1.00308 1.03057 1.11428 1.03783 1.00477 1.00023 0.999937 0.999937 1.00023 1.00477 
1.05384 1.01336 1.00091 0.999841 0.999841 1.00091 1.01336 1.05384 1.0507 1.0112 1.00056 0.999747 0.999747 1.00056 1.0112 1.0507 1.24636 1.23581 1.23759 1.21565 1.21445 1.23577 1.23581 1.24636 3.00254 4.98948 6.16729 4.27019 4.31715 6.29342 5.08848 3.07424 1.1956 1.15795 1.10564 1.0457 1.0457 1.10564 1.15795 1.1956 1.01432 1.00181 0.999837 0.999952 0.999954 0.999851 1.00181 1.01471 1.00436 1.00038 0.999902 0.999982 0.999982 0.999902 1.00038 
1.05386 1.01332 1.00091 0.99984 0.999841 1.00091 1.01336 1.05384 1.0507 1.0112 1.00056 0.999747 0.999747 1.00056 1.01109 1.05051 1.24967 1.23593 1.23577 1.21445 1.21565 1.23759 1.23581 1.24636 3.07424 5.08848 6.29342 4.31715 4.31715 6.29342 5.08848 3.07424 1.20433 1.15605 1.10344 1.04542 1.04543 1.10449 1.1562 1.2004 1.01445 1.00182 0.999842 0.999952 0.999952 0.999837 1.00181 1.01432 1.00436 1.00038 0.999902 0.999982 0.999982 0.999902 1.00038 
1.26593 1.07948 1.00921 1.00041 1.00042 1.00924 1.07979 1.2659 1.3252 1.10276 1.01436 1.00109 1.0011 1.0144 1.10233 1.32473 2.00904 2.05729 2.0917 2.06035 2.06339 2.0976 2.05683 2.00098 4.13083 5.33392 5.74648 5.31261 5.31261 5.74648 5.33392 4.13083 1.73056 1.61718 1.50088 1.34648 1.34658 1.50466 1.6173 1.72384 1.11381 1.03058 1.00299 1.00009 1.00007 1.00294 1.03041 1.1128 1.03783 1.00477 1.00023 0.999937 0.999937 1.00022 1.00473 
1.98009 1.32122 1.05193 1.00481 1.00484 1.05218 1.32272 1.98129 2.50948 1.61001 1.1233 1.02102 1.0211 1.1236 1.60848 2.50769 4.43892 4.92804 5.12377 5.12123 5.14119 5.15083 4.93434 4.43796 5.57486 6.39299 6.90526 7.3986 7.3986 6.90526 6.39299 5.57486 3.17704 3.11086 2.96321 2.73537 2.73571 2.97452 3.11095 3.17842 1.65533 1.25452 1.05578 1.0135 1.01323 1.05502 1.25326 1.64944 1.24827 1.03903 1.00299 0.999889 0.999881 1.00293 1.03874 
3.186 1.71244 1.14953 1.01829 1.01818 1.14872 1.70843 3.17269 5.00335 2.91196 1.48886 1.12356 1.12616 1.497 2.92788 5.03782 8.48187 9.80002 10.5586 10.6976 10.5584 10.4192 9.73334 8.40815 8.03556 8.74394 9.72319 11.2783 11.2783 9.72319 8.74394 8.03556 6.13857 6.44728 6.59822 6.67031 6.67007 6.57484 6.44228 6.12025 3.3048 2.20276 1.44088 1.1635 1.16068 1.43545 2.19635 3.26171 2.0195 1.20802 1.02052 1.00096 1.00094 1.0203 1.20813 
6.91533 3.04885 1.53051 1.09445 1.09445 1.53051 3.06587 6.98299 11.9527 7.42931 3.7408 2.20412 2.20412 3.7408 7.42931 11.9527 17.7646 20.9618 22.6674 23.1445 23.1745 22.7189 20.9618 17.7646 14.0819 15.8858 17.7495 19.4656 19.4656 17.7495 15.8858 14.0819 10.155 10.8598 11.2786 11.6777 11.7192 11.3571 10.7084 10.0154 6.80196 5.15492 3.50661 2.25365 2.27425 3.55837 5.30512 6.97368 5.31102 2.64611 1.35236 1.0488 1.0488 1.35236 2.64647 
7.8116 3.42173 1.63248 1.11875 1.11875 1.63248 3.42976 7.86254 12.7839 8.41002 4.40042 2.59776 2.59776 4.40042 8.41002 12.7839 18.2432 22.3272 24.3927 25.1667 25.1642 24.3979 22.3272 18.2432 13.0666 15.7428 17.5926 19.327 19.327 17.5926 15.7428 13.0666 9.17126 9.3069 9.67095 10.1297 10.0989 9.68986 9.25084 9.13989 6.11189 4.61754 3.04982 1.91011 1.87761 2.99099 4.60637 6.11134 4.35054 2.13727 1.23091 1.02726 1.02725 1.23093 2.13737 
6.90169 3.12038 1.5262 1.08692 1.08692 1.5262 3.12642 6.94359 11.1873 7.15093 3.61918 2.12689 2.12689 3.61918 7.15093 11.1873 16.6071 20.5156 22.4098 22.857 22.8693 22.4213 20.5156 16.6071 12.377 16.3329 18.8089 20.2569 20.2569 18.8089 16.3329 12.377 7.75688 7.67824 7.55247 7.45542 7.41834 7.54972 7.61525 7.72238 4.52483 3.40014 2.29414 1.53489 1.51033 2.24404 3.38322 4.52595 3.03416 1.58448 1.10888 1.01113 1.01113 1.10889 1.58448 
6.13524 2.89085 1.43147 1.0585 1.0585 1.43147 2.89243 6.15478 9.50541 5.71872 2.6525 1.55351 1.55351 2.6525 5.71872 9.50541 15.0491 18.3014 20.0536 20.5097 20.486 20.0147 18.3014 15.0491 12.7493 18.2517 20.4451 21.0104 21.0104 20.4451 18.2517 12.7493 6.79618 6.9228 5.97382 4.96829 4.94746 5.97232 6.89641 6.7933 3.46283 2.44349 1.58325 1.16916 1.1633 1.56488 2.42464 3.45968 2.18311 1.25435 1.03348 1.00236 1.00236 1.03348 1.25437 
6.15478 2.89243 1.43133 1.05831 1.0585 1.43147 2.89243 6.15478 9.48122 5.7125 2.6525 1.55351 1.55002 2.6541 5.7125 9.48122 15.0255 18.3237 20.0992 20.5358 20.5097 20.0536 18.3014 15.0491 12.725 18.2411 20.4454 21.0109 21.0104 20.4451 18.2517 12.7493 6.81716 6.9355 5.97704 4.90851 4.92918 5.97788 6.9355 6.81716 3.45968 2.42464 1.56488 1.1633 1.16698 1.54603 2.43359 3.46024 2.18311 1.25435 1.03348 1.00236 1.00236 1.03348 1.25435 
6.94359 3.12642 1.52655 1.08659 1.08692 1.5262 3.12642 6.94359 11.155 7.14021 3.61918 2.12689 2.11713 3.6196 7.14021 11.155 16.5642 20.5487 22.4135 22.8506 22.857 22.4098 20.5156 16.6071 12.336 16.31 18.8089 20.257 20.2569 18.8089 16.3329 12.377 7.78812 7.71365 7.54732 7.34667 7.38283 7.54985 7.71365 7.78812 4.52595 3.38322 2.24404 1.51033 1.52496 2.19007 3.38679 4.52747 3.03416 1.58448 1.10888 1.01113 1.01113 1.10888 1.58448 
7.86254 3.42976 1.63316 1.11832 1.11875 1.63248 3.42976 7.86254 12.7497 8.39732 4.40042 2.59776 2.58428 4.40014 8.39732 12.7497 18.2041 22.3608 24.4036 25.1763 25.1667 24.3927 22.3272 18.2432 13.0273 15.7234 17.5932 19.3277 19.327 17.5926 15.7428 13.0666 9.20351 9.34734 9.69023 10.0149 10.0453 9.67178 9.34734 9.20351 6.11134 4.60637 2.99099 1.87761 1.89615 2.92576 4.60024 6.11373 4.35054 2.13727 1.23091 1.02726 1.02726 1.23091 2.13727 
6.98299 3.06587 1.53347 1.09461 1.09445 1.53051 3.06587 6.98299 11.9496 7.43067 3.7408 2.20412 2.19694 3.74117 7.43067 11.9496 17.8077 21.0906 22.7355 23.2225 23.1445 22.6674 20.9618 17.7646 14.1917 16.0316 17.7547 19.4664 19.4656 17.7495 15.8858 14.0819 10.2461 10.9416 11.4745 11.7752 11.7319 11.3973 10.9416 10.2461 6.97368 5.30512 3.55837 2.27425 2.25689 3.59193 5.1883 6.9091 5.31102 2.64611 1.35236 1.0488 1.0488 1.35236 2.64611 
10.3165 4.50696 1.95837 1.2 1.2 1.95837 4.50696 10.3165 17.064 10.3369 5.18528 2.86216 2.86216 5.18528 10.3369 17.064 24.9486 28.4145 29.7732 30.1375 30.1375 29.7732 28.4145 24.9486 24.2155 26.5311 28.0599 28.2958 28.4147 28.0633 26.5332 24.2177 20.7619 21.6476 22.443 22.9334 23.372 22.9698 22.1335 20.9624 15.1376 12.8556 9.51828 6.68254 6.62834 9.46384 12.8653 15.2221 10.9933 5.37455 2.20079 1.27416 1.27416 2.20078 5.37436 
12.0983 5.23342 2.1757 1.25875 1.25875 2.1757 5.23342 12.0983 19.0148 11.8322 6.06669 3.35851 3.35851 6.06669 11.8322 19.0148 27.406 31.2309 32.8046 33.1823 33.1823 32.8046 31.2309 27.406 26.3158 27.6197 28.6072 29.4791 29.4967 28.6079 27.62 26.3154 25.3644 27.6485 29.0691 29.6279 29.6414 29.1155 27.7501 25.1973 16.6047 14.1195 10.5032 7.41149 7.381 10.4794 14.0012 16.5302 11.7462 5.53296 2.23082 1.26413 1.26414 2.23087 5.53292 
12.9351 5.5773 2.28505 1.28278 1.28278 2.28505 5.5773 12.9351 20.3922 12.6315 6.37618 3.51911 3.51911 6.37618 12.6315 20.3922 28.963 32.5956 34.0603 34.4048 34.4048 34.0603 32.5956 28.963 27.4806 27.5338 28.6382 30.1469 30.1691 28.6385 27.5338 27.4805 27.6587 30.2605 32.1638 32.8875 32.9387 32.2818 30.4503 27.4579 17.7869 15.2316 11.26 7.97788 7.94835 11.2367 15.1149 17.7095 12.5067 5.82594 2.31881 1.28329 1.2833 2.31886 5.82595 
13.1382 5.60404 2.26137 1.25879 1.25879 2.26137 5.60404 13.1382 21.096 12.6155 5.99638 3.2402 3.2402 5.99638 12.6155 21.096 29.869 33.0898 34.3683 34.6887 34.6887 34.3683 33.0898 29.869 27.9312 27.6022 28.7684 30.4492 30.4635 28.7681 27.6022 27.9311 28.5032 31.2639 33.2102 33.8593 33.8883 33.2849 31.3944 28.3292 18.691 16.1218 11.5466 8.04724 8.02742 11.5311 16.0502 18.6435 13.3011 6.12749 2.38801 1.28804 1.28805 2.38807 6.12771 
13.0913 5.59282 2.26126 1.25878 1.25879 2.26137 5.60404 13.1382 21.096 12.6155 6.01862 3.25408 3.25408 6.01862 12.5935 21.2033 29.865 33.0511 34.3575 34.6858 34.6887 34.3683 33.0511 29.865 27.9311 27.6022 28.7681 30.4635 30.4635 28.7681 27.6022 27.9311 28.3292 31.3944 33.2849 33.8883 33.8723 33.2375 31.3062 28.4557 18.6435 16.0502 11.5719 8.08457 8.08713 11.5794 16.0768 18.6486 13.3011 6.12749 2.38807 1.28805 1.28804 2.38801 6.12749 
12.8585 5.55354 2.28489 1.28277 1.28278 2.28505 5.5773 12.9351 20.3922 12.6315 6.42065 3.54276 3.54276 6.42065 12.6391 20.4649 28.9577 32.5224 34.0385 34.3976 34.4048 34.0603 32.5224 28.9577 27.4805 27.5338 28.6385 30.1691 30.1691 28.6385 27.5338 27.4805 27.4579 30.4503 32.2818 32.9387 32.9092 32.2091 30.3233 27.5931 17.7095 15.1149 11.2985 8.03693 8.04074 11.3093 15.1571 17.7176 12.5067 5.82594 2.31886 1.2833 1.28329 2.31881 5.82594 
12.021 5.20891 2.17555 1.25874 1.25875 2.1757 5.23342 12.0983 19.0148 11.8322 6.10003 3.37792 3.37792 6.10003 11.8111 19.0758 27.3877 31.1371 32.7745 33.1673 33.1823 32.8046 31.1371 27.3877 26.3154 27.62 28.6079 29.4967 29.4967 28.6079 27.62 26.3154 25.1973 27.7501 29.1155 29.6414 29.6257 29.0814 27.6704 25.3066 16.5302 14.0012 10.5443 7.47199 7.4766 10.5536 14.0439 16.5376 11.7462 5.53296 2.23087 1.26414 1.26413 2.23082 5.53296 
10.255 4.48498 1.95824 1.2 1.2 1.95837 4.50696 10.3165 17.064 10.3369 5.23037 2.8813 2.8813 5.23037 10.4251 17.3094 25.054 28.4674 29.8841 30.2641 30.1375 29.7732 28.4674 25.054 24.2177 26.5332 28.0633 28.4147 28.4147 28.0633 26.5332 24.2177 20.9624 22.1335 22.9698 23.372 23.1526 22.6586 21.8341 20.8908 15.2221 12.8653 9.64408 6.80656 6.80223 9.63493 12.862 15.1773 10.9933 5.37455 2.20078 1.27416 1.27416 2.20079 5.37455 
9.00184 3.71531 1.67035 1.1232 1.1245 1.67563 3.73327 9.07321 16.7106 9.11737 3.91456 2.00231 1.98931 3.87826 9.05234 16.6825 27.3128 31.0084 32.923 33.4408 33.4164 32.8951 30.9694 27.2446 30.5062 33.3729 33.9353 33.7332 33.7576 33.9502 33.3926 30.5462 25.3438 28.6902 30.0095 30.4211 30.376 29.9638 28.6434 25.4159 16.6084 14.3127 12.06 9.52488 9.50329 11.9782 14.1232 16.4579 12.4394 6.99768 3.03125 1.65569 1.65572 3.03124 7.02969 
7.8627 3.1168 1.47943 1.07437 1.07555 1.48401 3.13248 7.92279 15.6683 7.96136 3.22433 1.65433 1.64683 3.20318 7.91445 15.6406 27.4003 31.4288 33.5177 34.1179 34.1168 33.5113 31.3992 27.3327 31.3834 33.7412 34.2866 34.2703 34.2683 34.2865 33.7458 31.4153 27.2678 30.673 32.1202 32.6506 32.6763 32.1623 30.719 27.3601 17.8652 15.4952 13.1363 10.6269 10.628 13.1144 15.2029 17.5954 12.9802 7.12271 3.02333 1.66137 1.66141 3.02341 7.16251 
7.29598 2.80325 1.36489 1.05116 1.05208 1.36865 2.81681 7.35066 15.0057 7.28854 2.88426 1.51 1.50334 2.86419 7.24223 14.9731 27.3438 31.6026 33.7969 34.4308 34.4271 33.7887 31.5738 27.2789 31.9188 33.867 34.4346 34.5529 34.5526 34.4348 33.8718 31.951 28.4252 31.9568 33.5291 34.0641 34.0785 33.5581 31.9835 28.5057 18.8223 16.0396 13.2635 10.5203 10.5232 13.2427 15.7517 18.5854 13.3913 7.11999 2.99398 1.63455 1.63458 2.99402 7.15855 
7.05186 2.65453 1.30392 1.03585 1.03623 1.30565 2.66107 7.0864 14.7167 6.86166 2.65669 1.39791 1.39445 2.64491 6.83238 14.6967 27.3889 31.6845 33.8444 34.4806 34.4795 33.8411 31.6672 27.3461 32.1949 33.874 34.4729 34.6815 34.6813 34.4728 33.8761 32.2137 29.0479 32.5074 34.0644 34.4906 34.4982 34.0787 32.5144 29.111 19.9188 16.5329 12.912 9.83074 9.82764 12.8918 16.3551 19.8197 13.9593 6.97163 2.87287 1.54392 1.54388 2.87298 6.99817 
7.0864 2.66107 1.30565 1.03623 1.03623 1.30565 2.66107 7.0864 14.6967 6.83238 2.64491 1.39445 1.39445 2.64491 6.83238 14.6967 27.3889 31.6845 33.8444 34.4806 34.4806 33.8444 31.6845 27.3889 32.2137 33.8761 34.4728 34.6813 34.6815 34.4729 33.874 32.1949 29.111 32.5144 34.0629 34.4908 34.4908 34.0629 32.4957 29.1062 19.9557 16.4618 12.8717 9.79073 9.83074 12.912 16.5329 19.9188 13.9592 6.99817 2.87287 1.54392 1.54392 2.87287 6.97163 
7.35066 2.81681 1.36865 1.05208 1.05208 1.36865 2.81681 7.35066 14.9731 7.24223 2.86419 1.50334 1.50334 2.86419 7.24223 14.9731 27.3438 31.6026 33.7969 34.4308 34.4308 33.7969 31.6026 27.3438 31.951 33.8718 34.4348 34.5526 34.5529 34.4346 33.867 31.9188 28.5057 31.9835 33.5322 34.0669 34.0669 33.5322 31.9482 28.4936 18.8351 15.9276 13.2235 10.4485 10.5203 13.2635 16.0396 18.8223 13.3917 7.15855 2.99398 1.63455 1.63455 2.99398 7.11999 
7.92279 3.13248 1.48401 1.07555 1.07555 1.48401 3.13248 7.92279 15.6406 7.91445 3.20318 1.64683 1.64683 3.20318 7.91445 15.6406 27.4003 31.4288 33.5177 34.1179 34.1179 33.5177 31.4288 27.4003 31.4153 33.7458 34.2865 34.2683 34.2703 34.2866 33.7412 31.3834 27.3601 30.719 32.1294 32.6564 32.6564 32.1294 30.6726 27.346 17.8587 15.3845 13.0989 10.5489 10.6269 13.1363 15.4952 17.8652 12.9807 7.16251 3.02333 1.66137 1.66137 3.02333 7.12271 
9.07321 3.73327 1.67563 1.1245 1.1245 1.67563 3.73327 9.07321 16.6825 9.05234 3.87826 1.98931 1.98931 3.87826 9.05234 16.6825 27.3128 31.0084 32.923 33.4408 33.4408 32.923 31.0084 27.3128 30.5462 33.3926 33.9502 33.7576 33.7332 33.9353 33.3729 30.5062 25.4159 28.6434 30.0303 30.4523 30.4523 30.0303 28.6873 25.4246 16.5915 14.2559 11.9894 9.45796 9.52488 12.06 14.3127 16.6084 12.4391 7.02969 3.03125 1.65569 1.65569 3.03125 6.99768 
9.99943 4.17597 1.81658 1.16159 1.16159 1.81658 4.16058 9.96237 17.3004 9.14734 3.9247 2.0397 2.0397 3.9247 9.14734 17.3004 27.9963 31.2719 33.1904 33.8103 33.8103 33.1904 31.2719 27.9963 28.6969 32.496 33.4836 33.2413 33.2413 33.4836 32.496 28.6969 22.8547 27.5408 28.9342 29.4752 29.4752 28.9342 27.5408 22.8547 10.6838 9.2901 8.62013 9.06639 9.07773 8.58959 9.22676 10.6058 8.00663 5.61431 3.31485 1.96797 1.95399 3.29341 5.62471 
11.1734 4.63378 1.97259 1.20657 1.20657 1.97259 4.62212 11.158 19.4754 10.5396 4.58902 2.34699 2.34699 4.58902 10.5396 19.4754 29.8829 32.572 33.991 34.4464 34.4464 33.991 32.572 29.8829 29.9599 32.8312 33.7423 33.8405 33.8405 33.7423 32.8312 29.9599 25.2134 30.2866 32.1181 32.6631 32.6631 32.1181 30.2866 25.2134 12.1992 11.3353 11.3167 12.8451 12.9242 11.318 11.3084 12.1556 8.91633 6.28609 3.80648 2.285 2.26225 3.77494 6.27787 
11.9417 5.00992 2.09326 1.23572 1.23572 2.09326 4.99889 11.9291 20.4756 11.1357 4.81673 2.43301 2.43301 4.81673 11.1357 20.4756 30.8018 33.1901 34.401 34.733 34.733 34.401 33.1901 30.8018 30.7298 32.9915 33.8775 34.1418 34.1418 33.8775 32.9915 30.7298 26.7796 31.6503 33.514 34.0999 34.0999 33.514 31.6503 26.7796 13.8932 12.918 12.6918 13.878 13.9453 12.6928 12.889 13.8489 9.93918 6.92591 4.18016 2.48054 2.45634 4.14629 6.91774 
12.1767 5.09132 2.09993 1.22325 1.22325 2.09993 5.08619 12.1701 20.79 11.2693 4.82915 2.41158 2.41158 4.82915 11.2693 20.79 31.1098 33.3739 34.5188 34.7994 34.7994 34.5188 33.3739 31.1098 31.1587 33.0144 33.8882 34.3062 34.3062 33.8882 33.0144 31.1587 27.6308 32.1172 33.9309 34.4648 34.4648 33.9309 32.1172 27.6308 15.9221 14.1363 13.1705 12.812 12.847 13.1802 14.1167 15.9017 11.1587 6.92705 3.70411 2.14371 2.13294 3.68426 6.91535 
12.1701 5.08619 2.09745 1.22231 1.22325 2.09993 5.08619 12.1701 20.8515 11.2613 4.83404 2.41292 2.41158 4.82915 11.2693 20.79 31.1098 33.3739 34.5008 34.7961 34.7961 34.5008 33.3431 31.2083 31.1739 33.0124 33.8858 34.3049 34.3062 33.8882 33.0144 31.1587 27.5584 32.1268 33.9197 34.4585 34.4506 33.9083 32.0922 27.722 15.9017 14.1167 13.1802 12.847 12.847 13.1802 14.1167 15.9017 11.1587 6.92705 3.70411 2.14371 2.14371 3.70411 6.92705 
11.9291 4.99889 2.08839 1.23407 1.23572 2.09326 4.99889 11.9291 20.5403 11.136 4.82515 2.43548 2.43301 4.81673 11.1357 20.4756 30.8018 33.1901 34.3635 34.7273 34.7273 34.3635 33.1462 30.9133 30.7578 32.9867 33.8725 34.1394 34.1418 33.8775 32.9915 30.7298 26.6939 31.657 33.4972 34.0897 34.0788 33.4744 31.6234 26.8976 13.8489 12.889 12.6928 13.9453 13.9453 12.6928 12.889 13.8489 9.93918 6.92591 4.18016 2.48054 2.48054 4.18016 6.92591 
11.158 4.62212 1.96737 1.20499 1.20657 1.97259 4.62212 11.158 19.5457 10.5463 4.59937 2.35012 2.34699 4.58902 10.5396 19.4754 29.8829 32.572 33.9502 34.4409 34.4409 33.9502 32.5246 30.0019 29.9915 32.8243 33.7366 33.8378 33.8405 33.7423 32.8312 29.9599 25.1374 30.3083 32.1269 32.672 32.6811 32.104 30.2767 25.3358 12.1556 11.3084 11.318 12.9242 12.9242 11.318 11.3084 12.1556 8.91633 6.28609 3.80648 2.285 2.285 3.80648 6.28609 
9.96237 4.16058 1.81142 1.16018 1.16159 1.81658 4.16058 9.96237 17.351 9.14631 3.93583 2.04356 2.0397 3.9247 9.14734 17.3004 27.9963 31.2719 33.1074 33.7937 33.7937 33.1074 31.2069 28.0846 28.6737 32.453 33.4534 33.2035 33.2413 33.4836 32.496 28.6969 22.7392 27.5369 28.9311 29.4618 29.3008 28.7326 27.372 22.828 10.6058 9.22676 8.58959 9.07773 9.07773 8.58959 9.22676 10.6058 8.00663 5.61431 3.31485 1.96797 1.96797 3.31485 5.61431 
7.41601 3.04589 1.45383 1.06536 1.06566 1.45493 3.04853 7.42339 13.4184 6.7997 2.89049 1.56359 1.56359 2.89049 6.7997 13.4184 24.9253 28.8736 31.4476 32.2945 32.2688 31.4394 28.8975 24.7844 22.8319 26.1747 27.2828 27.2264 27.0805 27.1199 26.1701 22.83 17.5046 21.4402 22.9414 23.4105 23.3233 22.8267 21.589 17.6464 8.72547 6.46963 4.11569 2.74515 2.70531 4.07915 6.47435 8.72478 5.62352 3.00696 1.70199 1.17894 1.179 1.70227 3.00696 
7.06348 2.79286 1.3552 1.04344 1.0439 1.35769 2.80293 7.09578 13.3466 6.60183 2.73344 1.49066 1.49066 2.73344 6.60183 13.3466 25.3952 29.5148 32.5665 33.5717 33.5852 32.5992 29.5714 25.2778 23.1425 26.7196 27.9495 28.553 28.5571 27.957 26.7198 23.1448 17.6219 22.8768 26.1531 27.9573 27.9806 26.1686 22.9696 17.6838 7.97401 5.26498 2.82891 1.65185 1.64916 2.83073 5.29329 7.97399 4.99427 2.40665 1.33968 1.05603 1.05604 1.33969 2.40665 
6.84499 2.65377 1.31092 1.03547 1.03586 1.31314 2.66294 6.87495 13.268 6.44203 2.62949 1.44156 1.44156 2.62949 6.44203 13.268 25.6814 29.9197 33.0925 34.1065 34.1176 33.1223 29.9776 25.5595 23.1206 26.41 28.1801 29.357 29.3614 28.1889 26.4092 23.1219 17.7249 24.2288 28.554 30.7986 30.8215 28.5772 24.3126 17.7961 6.77949 3.92781 1.92774 1.19624 1.19538 1.93149 3.95054 6.77942 4.03443 1.85667 1.1535 1.01579 1.0158 1.15351 1.85667 
6.73164 2.56409 1.27515 1.02805 1.02821 1.27612 2.56834 6.74695 13.2841 6.34523 2.51948 1.37315 1.37315 2.51948 6.34523 13.2841 25.873 30.2276 33.3048 34.213 34.2195 33.3198 30.2716 25.7925 23.0261 26.0796 28.1815 29.8498 29.8516 28.1856 26.0789 23.0274 17.9024 25.4827 30.1499 32.0349 32.0447 30.1669 25.5295 17.9678 5.79744 3.08451 1.51864 1.06691 1.06662 1.52096 3.09659 5.79739 3.13289 1.50152 1.0708 1.00516 1.00516 1.0708 1.50152 
6.74695 2.56834 1.27612 1.02821 1.02821 1.27612 2.56834 6.74695 13.1513 6.42277 2.51364 1.37072 1.37315 2.51948 6.34523 13.2841 25.7925 30.2716 33.3198 34.2195 34.2195 33.3198 30.2716 25.7925 23.0274 26.0789 28.1856 29.8516 29.8498 28.1815 26.0796 23.0261 17.937 25.4477 30.112 32.0159 32.0001 30.0865 25.4406 18.0193 5.79739 3.09659 1.52096 1.06662 1.06691 1.52096 3.08451 5.79744 3.13289 1.50152 1.0708 1.00516 1.00516 1.0708 1.50149 
6.87495 2.66294 1.31314 1.03586 1.03586 1.31314 2.66294 6.87495 13.1288 6.56411 2.61671 1.43638 1.44156 2.62949 6.44203 13.268 25.5595 29.9776 33.1223 34.1176 34.1176 33.1223 29.9776 25.5595 23.1219 26.4092 28.1889 29.3614 29.357 28.1801 26.41 23.1206 17.7744 24.1806 28.4769 30.7725 30.7467 28.4227 24.1908 17.847 6.77942 3.95054 1.93149 1.19538 1.19624 1.93149 3.92781 6.77949 4.03443 1.85667 1.15351 1.0158 1.01579 1.1535 1.85661 
7.09578 2.80293 1.35769 1.0439 1.0439 1.35769 2.80293 7.09578 13.2102 6.73126 2.71859 1.48497 1.49066 2.73344 6.60183 13.3466 25.2778 29.5714 32.5992 33.5852 33.5852 32.5992 29.5714 25.2778 23.1448 26.7198 27.957 28.5571 28.553 27.9495 26.7196 23.1425 17.6549 22.8296 26.0944 27.95 27.94 26.0547 22.8334 17.7087 7.97399 5.29329 2.83073 1.64916 1.65185 2.83073 5.26498 7.97401 4.99427 2.40665 1.33969 1.05604 1.05603 1.33968 2.40661 
7.42339 3.04853 1.45493 1.06566 1.06566 1.45493 3.04853 7.42339 13.2822 6.96142 2.87142 1.55731 1.56359 2.89049 6.7997 13.4184 24.7844 28.8975 31.4394 32.2688 32.2688 31.4394 28.8975 24.7844 22.83 26.1701 27.1199 27.0805 27.2264 27.2828 26.1747 22.8319 17.4708 21.3402 22.7478 23.2426 23.1675 22.6714 21.3248 17.5193 8.72478 6.47435 4.07915 2.70531 2.74515 4.07915 6.46963 8.72547 5.62352 3.00696 1.70227 1.179 1.17894 1.70199 3.00678 
4.84568 2.00434 1.18023 1.02106 1.02106 1.18023 2.00434 4.84568 9.59104 4.63524 1.92265 1.19833 1.19873 1.92168 4.63524 9.59104 19.8705 25.5887 27.9184 28.6136 28.6136 27.9184 25.5887 19.8705 14.1519 13.6102 13.0868 13.3545 13.3506 13.0824 13.4438 14.0498 13.6521 16.6082 15.4887 14.0119 14.1835 15.6996 16.8388 13.6771 6.68198 4.47386 2.33197 1.48914 1.48914 2.33197 4.47386 6.68198 3.38762 1.52197 1.05753 1.00186 1.00186 1.05753 1.52197 
4.81708 1.97431 1.17558 1.02079 1.02079 1.17558 1.97431 4.81708 9.49546 4.50714 1.86035 1.16908 1.17028 1.8623 4.50714 9.49546 20.3823 27.4619 30.3735 31.241 31.241 30.3735 27.4619 20.3823 13.5519 12.0377 10.0934 9.2994 9.29994 10.0941 12.0343 13.5481 13.1427 16.52 13.9707 11.1685 11.185 14.0333 16.6005 13.0502 6.10042 3.75542 1.89046 1.29208 1.29208 1.89046 3.75542 6.10042 3.07979 1.45065 1.05849 1.0046 1.0046 1.05849 1.45065 
4.80554 1.95862 1.16836 1.01975 1.01975 1.16836 1.95862 4.80554 9.56085 4.54399 1.86095 1.16512 1.16621 1.86238 4.54399 9.56085 20.7869 28.5572 31.8272 32.8165 32.8165 31.8272 28.5572 20.7869 13.1987 11.2585 8.62566 6.99417 6.99425 8.62589 11.257 13.1955 12.7905 16.2346 12.9846 9.46405 9.46002 13.0136 16.3009 12.6899 5.98897 3.6014 1.82333 1.27816 1.27816 1.82333 3.6014 5.98897 3.04275 1.45766 1.06493 1.00585 1.00585 1.06493 1.45766 
4.79286 1.9439 1.15381 1.016 1.016 1.15381 1.9439 4.79286 9.53744 4.56027 1.85737 1.15286 1.15334 1.85761 4.56027 9.53744 20.8246 28.9482 32.3016 33.3024 33.3024 32.3016 28.9482 20.8246 13.1077 11.4855 8.38446 5.35141 5.35154 8.38456 11.4861 13.1059 12.6864 16.0809 12.5637 8.80044 8.79797 12.5718 16.1324 12.5949 6.01599 3.47361 1.74108 1.22921 1.22921 1.74108 3.47361 6.01599 3.08617 1.4736 1.065 1.00562 1.00562 1.065 1.4736 
4.79727 1.94263 1.15313 1.01583 1.016 1.15381 1.9439 4.79286 9.57212 4.55205 1.85761 1.15334 1.15334 1.85761 4.55205 9.57212 20.8104 28.9591 32.3114 33.3078 33.3024 32.3016 28.9482 20.8246 13.1059 11.4861 8.38456 5.35154 5.35141 8.38446 11.4861 13.1059 12.5949 16.1324 12.5718 8.79797 8.80221 12.5595 16.0809 12.6864 6.01661 3.46788 1.72245 1.22288 1.22921 1.74108 3.47361 6.01599 3.08617 1.4736 1.065 1.00562 1.00558 1.06493 1.47406 
4.80933 1.95558 1.16699 1.01942 1.01975 1.16836 1.95862 4.80554 9.59256 4.5374 1.86238 1.16621 1.16621 1.86238 4.5374 9.59256 20.7658 28.5742 31.8425 32.824 32.8165 31.8272 28.5572 20.7869 13.1955 11.257 8.62589 6.99425 6.99417 8.62566 11.257 13.1955 12.6899 16.3009 13.0136 9.46002 9.46629 12.9736 16.2346 12.7905 5.98975 3.59183 1.79308 1.26763 1.27816 1.82333 3.6014 5.98897 3.04275 1.45766 1.06493 1.00585 1.00583 1.06503 1.45926 
4.81864 1.97069 1.17409 1.02044 1.02079 1.17558 1.97431 4.81708 9.52427 4.50224 1.8623 1.17028 1.17028 1.8623 4.50224 9.52427 20.3702 27.4746 30.3862 31.2489 31.241 30.3735 27.4619 20.3823 13.5481 12.0343 10.0941 9.29994 9.2994 10.0934 12.0343 13.5481 13.0502 16.6005 14.0333 11.185 11.1639 13.9491 16.52 13.1427 6.10113 3.74427 1.86612 1.28546 1.29208 1.89046 3.75542 6.10042 3.07979 1.45065 1.05849 1.0046 1.00459 1.05862 1.45227 
4.82583 1.99715 1.17837 1.02071 1.02106 1.18023 2.00434 4.84568 9.58862 4.61792 1.92168 1.19873 1.19873 1.92168 4.61792 9.58862 19.8271 25.5277 27.8615 28.55 28.6136 27.9184 25.5887 19.8705 14.0498 13.4438 13.0824 13.3506 13.3545 13.0868 13.4438 14.0498 13.6771 16.8388 15.6996 14.1835 13.9497 15.4146 16.6082 13.6521 6.67577 4.45702 2.29955 1.48773 1.48914 2.33197 4.47386 6.68198 3.38762 1.52197 1.05753 1.00186 1.00206 1.05809 1.52244 
1.73619 1.1382 1.01844 1.0016 1.00161 1.01845 1.1382 1.73617 3.33044 1.69223 1.10887 1.01299 1.013 1.10887 1.69245 3.34363 10.2031 13.4788 14.9813 15.5454 15.6275 15.0585 13.4638 10.1681 6.07581 4.78871 4.19637 4.36331 4.36331 4.19637 4.78871 6.07581 7.37846 9.34501 8.57954 7.67033 7.66439 8.57574 9.37358 7.40856 3.01401 2.05633 1.32129 1.07815 1.07621 1.31431 2.0565 3.04483 1.65859 1.10203 1.01063 1.00039 1.0004 1.01078 1.10319 
1.20089 1.0339 1.00358 1.00003 1.00004 1.00362 1.03391 1.20092 1.64622 1.14157 1.0158 1.0007 1.0007 1.01575 1.14135 1.64681 4.32976 5.76619 6.60082 6.86535 6.85733 6.59133 5.78383 4.33145 2.78779 2.08908 1.81703 1.92379 1.92379 1.81703 2.08908 2.78779 3.70069 4.62763 3.87568 3.1314 3.13105 3.87522 4.60883 3.69066 1.56491 1.23124 1.05657 1.00905 1.00894 1.05595 1.23127 1.57993 1.18018 1.02566 1.0022 0.999837 0.999833 1.00218 1.0255 
1.03089 1.0042 1.00028 0.999924 0.999923 1.00028 1.0042 1.0309 1.10269 1.01619 1.00094 0.999809 0.999807 1.00093 1.01609 1.10263 1.87474 2.38521 2.72986 2.78286 2.78219 2.72852 2.39553 1.87846 1.38311 1.18753 1.12016 1.14629 1.14629 1.12016 1.18753 1.38311 1.95619 2.22621 1.77268 1.41021 1.41027 1.77246 2.21348 1.94594 1.09079 1.02847 1.00467 1.00025 1.00024 1.0046 1.02848 1.09697 1.02582 1.0031 1.00013 0.999936 0.999936 1.00012 1.00306 
1.00346 1.00028 0.999895 0.999976 0.999976 0.999895 1.00028 1.00346 1.01127 1.00084 0.999846 0.99997 0.99997 0.999844 1.00083 1.01128 1.1871 1.35687 1.48737 1.48053 1.48042 1.48717 1.36039 1.18853 1.05327 1.02563 1.01484 1.0199 1.0199 1.01484 1.02563 1.05327 1.30511 1.38709 1.1926 1.05896 1.05897 1.19258 1.38222 1.30076 1.01086 1.00178 0.999996 0.999906 0.999905 0.999989 1.00178 1.01248 1.00225 1.00011 0.999922 0.999989 0.999989 0.999922 1.00011 
1.00346 1.00028 0.999895 0.999976 0.999976 0.999895 1.00028 1.00346 1.01127 1.00084 0.999846 0.99997 0.99997 0.999846 1.00084 1.01127 1.18853 1.36039 1.48717 1.48042 1.48053 1.48737 1.36078 1.18805 1.05327 1.02563 1.01484 1.0199 1.0199 1.01484 1.02563 1.05327 1.30576 1.38742 1.19468 1.05923 1.05896 1.1926 1.38742 1.30511 1.01001 1.00168 0.999995 0.999908 0.999907 0.999988 1.00178 1.01086 1.0022 1.00011 0.999922 0.999989 0.999989 0.999922 1.00011 
1.0309 1.0042 1.00028 0.999923 0.999923 1.00028 1.0042 1.0309 1.10269 1.01619 1.00094 0.999809 0.999809 1.00094 1.01619 1.10269 1.87846 2.39553 2.72852 2.78219 2.78286 2.72986 2.39772 1.87622 1.38312 1.18754 1.12018 1.14631 1.14629 1.12016 1.18753 1.38311 1.95948 2.22761 1.77819 1.41037 1.41021 1.77268 2.22761 1.95619 1.08762 1.02805 1.0047 1.00026 1.00025 1.00463 1.02847 1.09079 1.02553 1.00306 1.00012 0.999936 0.999936 1.00013 1.0031 
1.20092 1.03391 1.00362 1.00004 1.00004 1.00362 1.03391 1.20092 1.64622 1.14157 1.0158 1.0007 1.0007 1.0158 1.14157 1.64622 4.33145 5.78383 6.59133 6.85733 6.86535 6.60082 5.79605 4.32689 2.78791 2.08911 1.81707 1.92384 1.92379 1.81703 2.08908 2.78779 3.71342 4.63425 3.88713 3.12849 3.1314 3.87568 4.63425 3.70069 1.55762 1.2315 1.05745 1.00918 1.00902 1.0566 1.23124 1.56491 1.17935 1.0255 1.00218 0.999833 0.999837 1.0022 1.02566 
1.73617 1.1382 1.01845 1.00161 1.00161 1.01845 1.1382 1.73617 3.33044 1.69223 1.10887 1.01299 1.01299 1.10887 1.69223 3.33044 10.1681 13.4638 15.0585 15.6275 15.5454 14.9813 13.402 10.1058 6.07396 4.78703 4.19445 4.36089 4.36331 4.19637 4.78871 6.07581 7.36219 9.3191 8.50992 7.5972 7.67033 8.57954 9.3191 7.37846 2.96956 2.03924 1.3154 1.07607 1.07608 1.31541 2.05633 3.01401 1.66527 1.10319 1.01078 1.0004 1.00039 1.01063 1.10203 
1.12335 1.02095 1.00299 1.00032 1.00032 1.00299 1.02095 1.12335 1.5646 1.11454 1.01465 1.00117 1.00117 1.01465 1.11454 1.5646 4.1845 5.94996 6.48908 6.95071 6.95071 6.48908 5.94996 4.1845 2.99363 2.37914 2.14619 1.88829 1.88829 2.14619 2.37914 2.99363 3.68605 4.54737 3.77474 3.00237 3.00237 3.77474 4.54737 3.68605 1.61831 1.20416 1.04506 1.0069 1.00707 1.04597 1.20416 1.62259 1.13671 1.01934 1.00177 1.00015 1.00015 1.00177 1.01934 
1.01407 1.00234 1.00022 0.999955 0.999955 1.00022 1.00234 1.01407 1.11171 1.01667 1.00149 0.999927 0.999927 1.00149 1.01667 1.11171 2.64964 3.72778 4.0184 3.90175 3.90175 4.0184 3.72778 2.64964 1.68627 1.42122 1.30283 1.19009 1.19009 1.30283 1.42122 1.68627 1.65304 1.85883 1.56489 1.33381 1.33381 1.56489 1.85883 1.65304 1.12151 1.03204 1.00511 1.00031 1.00032 1.00512 1.03204 1.12142 1.02679 1.00371 1.00037 0.999941 0.999941 1.00037 1.00371 
1.00057 1.00012 0.999966 0.999988 0.999988 0.999966 1.00012 1.00057 1.01769 1.00193 1 0.99993 0.99993 1 1.00193 1.01769 1.63166 2.24469 2.48453 2.10828 2.10828 2.48453 2.24469 1.63166 1.16331 1.08566 1.05312 1.02657 1.02657 1.05312 1.08566 1.16331 1.1018 1.12846 1.06852 1.03136 1.03136 1.06852 1.12846 1.1018 1.01778 1.00347 1.0002 0.999859 0.999858 1.0002 1.00347 1.01768 1.00385 1.00042 0.999963 0.999981 0.999981 0.999963 1.00042 
0.999882 0.999956 0.999991 1 1 0.999991 0.999956 0.999882 1.00209 0.999982 0.999944 0.999989 0.999989 0.999944 0.999982 1.00209 1.17024 1.40453 1.52851 1.33612 1.33612 1.52851 1.40453 1.17024 1.02542 1.00988 1.00532 1.00222 1.00222 1.00532 1.00988 1.02542 1.0078 1.01021 1.00428 1.00146 1.00146 1.00428 1.01021 1.0078 1.00166 1.00005 0.999917 0.999974 0.999975 0.999917 1.00005 1.00163 1.00044 0.999949 0.999978 0.999999 0.999999 0.999978 0.999949 
0 0 0 0 1 0.999991 0.999956 0.999882 1.00209 0.999982 0.999944 0.999989 0.999989 0.999944 0.999982 1.00228 1.17024 1.40453 1.52851 1.33612 1.3321 1.51918 1.39747 1.16797 1.0252 1.00973 1.00523 1.00218 1.00222 1.00532 1.00988 1.02542 1.0078 1.01021 1.00428 1.00146 1.00146 1.00428 1.01021 1.0078 1.00163 1.00004 0.999917 0.999975 0.999974 0.999917 1.00005 1.00166 1.00044 0.999949 0.999978 0.999999 0 0 0 
0 0 0 0 0.999988 0.999966 1.00012 1.00057 1.01769 1.00193 1 0.99993 0.99993 0.999999 1.00192 1.01881 1.63166 2.24469 2.48453 2.10828 2.09633 2.46336 2.22547 1.62346 1.16182 1.0845 1.05241 1.02624 1.02657 1.05312 1.08566 1.16331 1.10179 1.12843 1.0685 1.03137 1.03136 1.06852 1.12846 1.1018 1.01768 1.00343 1.0002 0.999858 0.999859 1.0002 1.00347 1.01778 1.00385 1.00042 0.999963 0.999981 0 0 0 
0 0 0 0 0.999955 1.00022 1.00234 1.01407 1.11171 1.01667 1.00149 0.999927 0.999927 1.00148 1.01666 1.11551 2.64964 3.72778 4.0184 3.90175 3.88613 4.00614 3.71288 2.63898 1.68142 1.41688 1.29982 1.18849 1.19009 1.30283 1.42122 1.68627 1.6531 1.85881 1.56487 1.33372 1.33381 1.56489 1.85883 1.65304 1.12142 1.0319 1.00512 1.00032 1.00031 1.00511 1.03204 1.12151 1.02679 1.00371 1.00037 0.999941 0 0 0 
