0 0 0 0 1.00087 1.00948 1.09053 1.53475 2.50852 1.58373 1.12839 1.02316 1.02322 1.12878 1.58524 2.51756 4.43505 4.93238 5.2187 5.26302 5.25291 5.20126 4.91121 4.42641 5.34174 6.23383 7.53138 9.59542 9.5955 7.54244 6.23862 5.33567 2.85967 2.88343 2.56445 2.27618 2.26854 2.55002 2.8652 2.83673 1.7059 1.29025 1.07618 1.01629 1.01663 1.07768 1.29268 1.70583 1.33235 1.07425 1.00996 1.00097 0 0 0 
0 0 0 0 1.00005 1.00164 1.01761 1.10812 1.30093 1.09449 1.01677 1.00197 1.00198 1.01684 1.0948 1.30286 1.92264 1.98707 2.05723 2.06045 2.05866 2.05344 1.98309 1.92558 3.31006 4.53252 5.74833 6.91363 6.90594 5.74609 4.52461 3.29415 1.64829 1.73407 1.44414 1.25935 1.26131 1.44732 1.73842 1.64701 1.12598 1.04189 1.00908 1.00097 1.00101 1.0093 1.04239 1.12578 1.0613 1.0119 1.00134 0.999996 0 0 0 
0 0 0 0 0.999956 1.0002 1.00192 1.01274 1.03469 1.0089 1.00106 0.999871 0.999873 1.00106 1.00893 1.03493 1.16867 1.15237 1.16522 1.1599 1.1596 1.16454 1.15174 1.17075 2.04624 3.47634 4.64978 4.65072 4.6268 4.62946 3.45425 2.0318 1.14543 1.17412 1.08772 1.03708 1.03754 1.08882 1.17607 1.14512 1.01495 1.00391 1.00066 1.00001 1.00002 1.00069 1.00398 1.01486 1.00727 1.00137 0.999998 0.999957 0 0 0 
0 0 0 0 0.999989 0.999974 1.0001 1.00124 1.00191 1.00004 0.99986 0.999942 0.999942 0.999861 1.00004 1.00193 1.02204 1.01284 1.01378 1.01297 1.01294 1.0137 1.01278 1.02273 1.33688 2.49501 3.91373 2.87084 2.84756 3.85889 2.46524 1.33191 1.02412 1.02986 1.01176 1.0035 1.00356 1.01194 1.03026 1.02392 1.00097 1.00003 0.999964 0.999972 0.999972 0.999964 1.00004 1.00095 1.00066 0.999998 0.999958 0.999993 0 0 0 
1.00124 1.0001 0.999974 0.999989 0.999989 0.999974 1.0001 1.00124 1.00193 1.00004 0.999861 0.999942 0.999942 0.999861 1.00004 1.00193 1.02273 1.01278 1.0137 1.01294 1.01297 1.01378 1.01284 1.02204 1.33688 2.49501 3.91373 2.87084 2.87084 3.91373 2.49501 1.33688 1.02392 1.03026 1.01194 1.00356 1.00356 1.01194 1.03026 1.02392 1.00095 1.00004 0.999964 0.999972 0.999972 0.999964 1.00003 1.00097 1.00066 0.999998 0.999958 0.999993 0.999993 0.999958 0.999998 
1.01274 1.00192 1.0002 0.999956 0.999956 1.0002 1.00192 1.01274 1.03493 1.00893 1.00106 0.999873 0.999873 1.00106 1.00893 1.03493 1.17075 1.15174 1.16454 1.1596 1.1599 1.16522 1.15237 1.16867 2.04624 3.47634 4.64978 4.65072 4.65072 4.64978 3.47634 2.04624 1.14512 1.17607 1.08882 1.03754 1.03754 1.08882 1.17607 1.14512 1.01486 1.00398 1.00066 1.00002 1.00001 1.00066 1.00391 1.01495 1.00727 1.00137 0.999998 0.999957 0.999957 0.999998 1.00137 
1.10812 1.01761 1.00164 1.00005 1.00005 1.00164 1.01761 1.10812 1.30286 1.0948 1.01684 1.00198 1.00198 1.01684 1.0948 1.30286 1.92558 1.98309 2.05344 2.05866 2.06045 2.05723 1.98707 1.92264 3.31006 4.53252 5.74833 6.91363 6.91363 5.74833 4.53252 3.31006 1.64701 1.73842 1.44732 1.26131 1.26131 1.44732 1.73842 1.64701 1.12578 1.04239 1.00908 1.00101 1.00097 1.00908 1.04189 1.12598 1.0613 1.0119 1.00134 0.999996 0.999996 1.00134 1.0119 
1.53475 1.09053 1.00948 1.00087 1.00087 1.00948 1.09053 1.53475 2.51756 1.58524 1.12878 1.02322 1.02322 1.12878 1.58524 2.51756 4.42641 4.91121 5.20126 5.25291 5.26302 5.2187 4.93238 4.43505 5.34174 6.23383 7.53138 9.59542 9.59542 7.53138 6.23383 5.34174 2.83673 2.8652 2.55002 2.26854 2.26854 2.55002 2.8652 2.83673 1.70583 1.29268 1.07618 1.01663 1.01629 1.07618 1.29025 1.7059 1.33235 1.07425 1.00996 1.00097 1.00097 1.00996 1.07425 
3.17584 1.71342 1.15219 1.01891 1.01902 1.15301 1.71742 3.18928 5.05947 2.94318 1.48545 1.12326 1.12326 1.48545 2.91693 5.03649 8.32964 9.65279 10.4596 10.6019 10.6022 10.4599 9.65314 8.33303 8.0632 8.76634 9.75293 11.3011 11.2566 9.71119 8.72375 8.02025 6.1369 6.44525 6.59101 6.69625 6.69625 6.59101 6.44525 6.1369 3.24349 2.18031 1.42641 1.16635 1.15717 1.42641 2.17936 3.25202 2.02775 1.21193 1.02133 1.00103 1.00103 1.02133 1.21193 
1.99333 1.33084 1.05388 1.00508 1.00505 1.05362 1.3293 1.99219 2.51824 1.61527 1.12487 1.02151 1.02151 1.12487 1.61167 2.52127 4.46966 4.97098 5.16833 5.16087 5.15321 5.15453 4.95548 4.4537 5.57448 6.42747 6.95351 7.43867 7.38558 6.90727 6.39788 5.57689 3.19021 3.12531 2.99496 2.7642 2.7642 2.99496 3.12531 3.19021 1.65576 1.25729 1.05794 1.01397 1.01385 1.05794 1.25973 1.66212 1.25323 1.04033 1.00316 0.999899 0.999899 1.00316 1.04033 
1.2721 1.08297 1.0097 1.00046 1.00045 1.00966 1.08264 1.27214 1.32993 1.10443 1.01473 1.00115 1.00115 1.01473 1.10372 1.33028 2.01573 2.07473 2.11029 2.07644 2.07285 2.10384 2.06742 2.01004 4.07941 5.30768 5.74534 5.3146 5.33146 5.75612 5.35962 4.16682 1.74215 1.62664 1.51451 1.35674 1.35674 1.51451 1.62664 1.74215 1.11545 1.03108 1.00322 1.0001 1.00008 1.00322 1.03124 1.11703 1.0391 1.00502 1.00025 0.999935 0.999935 1.00025 1.00502 
1.05591 1.0141 1.00098 0.999838 0.999838 1.00098 1.01407 1.05593 1.05211 1.0115 1.0006 0.999744 0.999744 1.0006 1.0114 1.05223 1.2542 1.24356 1.24347 1.2211 1.21982 1.24148 1.24135 1.25288 2.99953 4.993 6.12888 4.29694 4.38214 6.37417 5.17524 3.15361 1.21063 1.16066 1.10809 1.04773 1.04773 1.10809 1.16066 1.21063 1.015 1.0019 0.999847 0.999951 0.999952 0.999847 1.0019 1.01544 1.00458 1.00042 0.999899 0.999981 0.999981 0.999899 1.00042 
1.05593 1.01407 1.00098 0.999838 0.999838 1.00098 1.01407 1.05593 1.05211 1.0115 1.00062 0.999746 0.999746 1.00062 1.0115 1.05211 1.25288 1.24135 1.24148 1.21982 1.2211 1.24347 1.24356 1.2542 3.15361 5.17524 6.37417 4.38214 4.38214 6.37417 5.17524 3.15361 1.21566 1.15864 1.10593 1.04745 1.04773 1.10809 1.16066 1.21063 1.01514 1.0019 0.999847 0.999952 0.999951 0.999844 1.0019 1.015 1.00458 1.00042 0.999899 0.999981 0.999981 0.999899 1.00041 
1.27214 1.08264 1.00966 1.00045 1.00045 1.00966 1.08264 1.27214 1.32993 1.10443 1.01484 1.00116 1.00116 1.01484 1.10443 1.32993 2.01004 2.06742 2.10384 2.07285 2.07644 2.11029 2.07473 2.01573 4.16682 5.35962 5.75612 5.33146 5.33146 5.75612 5.35962 4.16682 1.74994 1.62064 1.50691 1.35626 1.35674 1.51451 1.62664 1.74215 1.11643 1.03124 1.00322 1.00008 1.0001 1.00318 1.03108 1.11545 1.0391 1.00502 1.00025 0.999935 0.999936 1.00024 1.00498 
1.99219 1.3293 1.05362 1.00505 1.00505 1.05362 1.3293 1.99219 2.51824 1.61527 1.12556 1.02164 1.02164 1.12556 1.61527 2.51824 4.4537 4.95548 5.15453 5.15321 5.16087 5.16833 4.97098 4.46966 5.57689 6.39788 6.90727 7.38558 7.38558 6.90727 6.39788 5.57689 3.18907 3.10852 2.97264 2.76314 2.7642 2.99496 3.12531 3.19021 1.66162 1.25973 1.05794 1.01385 1.01397 1.05752 1.25729 1.65576 1.25323 1.04033 1.00316 0.999899 0.99989 1.00311 1.04003 
3.18928 1.71742 1.15301 1.01902 1.01902 1.15301 1.71742 3.18928 5.05947 2.94318 1.49369 1.12588 1.12588 1.49369 2.94318 5.05947 8.33303 9.65314 10.4599 10.6022 10.6019 10.4596 9.65279 8.32964 8.02025 8.72375 9.71119 11.2566 11.2566 9.71119 8.72375 8.02025 6.15326 6.46456 6.63746 6.74107 6.69625 6.59101 6.44525 6.1369 3.28841 2.17936 1.42641 1.15717 1.16635 1.44835 2.18031 3.24349 2.02775 1.21193 1.02133 1.00103 1.00101 1.02111 1.21198 
6.99617 3.07418 1.53623 1.09651 1.09651 1.53623 3.07418 6.99617 11.978 7.43847 3.74169 2.20279 2.20279 3.74169 7.43847 11.978 17.9987 21.3638 23.0027 23.4437 23.3506 22.9059 21.293 17.9532 13.9597 15.7919 17.7872 19.4843 19.4864 17.7886 15.9324 14.0667 10.2462 10.9319 11.4309 11.7792 11.6766 11.2197 10.6111 10.0657 6.90574 5.20689 3.61174 2.2706 2.29905 3.58379 5.31874 6.97115 5.33308 2.66398 1.35915 1.05048 1.05048 1.35916 2.64991 
7.85779 3.43178 1.63615 1.12066 1.12066 1.63615 3.43178 7.85779 12.695 8.35799 4.37483 2.58305 2.58305 4.37483 8.35799 12.695 18.1921 22.3829 24.3936 25.1334 25.1271 24.3787 22.3678 18.2294 13.0834 15.7746 17.6222 19.3392 19.3399 17.6228 15.7552 13.0446 9.17096 9.31373 9.68075 10.08 10.1934 9.65959 9.18278 9.10701 6.10484 4.60946 2.95346 1.93722 1.89725 3.01547 4.61746 6.10249 4.36849 2.15421 1.23663 1.0284 1.0284 1.23662 2.14774 
6.9543 3.13703 1.5322 1.08881 1.08881 1.5322 3.13703 6.9543 11.1218 7.11762 3.60494 2.11806 2.11806 3.60494 7.11762 11.1218 16.5613 20.607 22.4554 22.8818 22.8771 22.4422 20.5936 16.5924 12.4224 16.4241 18.8724 20.2823 20.2824 18.872 16.4024 12.3815 7.76747 7.68081 7.54929 7.41175 7.51824 7.55406 7.55584 7.70857 4.52713 3.39688 2.20992 1.55466 1.52363 2.26255 3.39437 4.52556 3.05562 1.59744 1.1124 1.01167 1.01167 1.11239 1.58992 
6.17626 2.91051 1.4398 1.06043 1.06043 1.4398 2.91051 6.17626 9.47976 5.7155 2.6592 1.55653 1.55653 2.6592 5.7155 9.47976 15.0116 18.3278 20.0422 20.5149 20.5125 20.0359 18.2784 14.9946 12.8397 18.3359 20.476 21.0134 21.0138 20.4759 18.3267 12.8151 6.82258 6.91675 5.98502 4.96979 5.02945 5.98205 6.8666 6.78582 3.47172 2.44857 1.5589 1.17664 1.16897 1.57729 2.44033 3.4709 2.20135 1.26155 1.03499 1.00253 1.00253 1.03498 1.25813 
6.19478 2.91261 1.43973 1.06025 1.06043 1.4398 2.91051 6.17626 9.47976 5.7155 2.6592 1.55653 1.55311 2.65149 5.70954 9.50199 15.0116 18.3278 20.0422 20.5149 20.5149 20.0422 18.3278 15.0116 12.8151 18.3267 20.4759 21.0138 21.0134 20.476 18.3267 12.8151 6.77082 6.88139 5.98759 5.01192 4.96979 5.98502 6.91675 6.82258 3.4709 2.44033 1.57729 1.16897 1.17242 1.57729 2.44033 3.4709 2.20135 1.26155 1.03499 1.00253 1.00253 1.03499 1.26155 
6.99495 3.14375 1.53265 1.08849 1.08881 1.5322 3.13703 6.9543 11.1218 7.11762 3.60494 2.11806 2.10885 3.58493 7.10505 11.1485 16.5613 20.607 22.4554 22.8818 22.8818 22.4554 20.607 16.5613 12.3815 16.4024 18.872 20.2824 20.2823 18.8724 16.4024 12.3815 7.7122 7.59013 7.55306 7.48379 7.41175 7.54929 7.68081 7.76747 4.52556 3.39437 2.26255 1.52363 1.537 2.26255 3.39437 4.52556 3.05562 1.59744 1.1124 1.01167 1.01167 1.1124 1.59744 
7.90711 3.44069 1.63696 1.12024 1.12066 1.63615 3.43178 7.85779 12.695 8.35799 4.37483 2.58305 2.57045 4.34767 8.34363 12.7237 18.1921 22.3829 24.3936 25.1334 25.1334 24.3936 22.3829 18.1921 13.0446 15.7552 17.6228 19.3399 19.3392 17.6222 15.7552 13.0446 9.10294 9.20293 9.64232 10.1402 10.08 9.68075 9.31373 9.17096 6.10249 4.61746 3.01547 1.89725 1.91418 3.01547 4.61746 6.10249 4.36849 2.15421 1.23663 1.0284 1.0284 1.23663 2.15421 
7.06283 3.09199 1.53934 1.0967 1.09651 1.53623 3.07418 6.99617 11.978 7.43847 3.74169 2.20279 2.19595 3.72833 7.44063 12.0174 17.9987 21.3638 23.0027 23.4437 23.4437 23.0027 21.3638 17.9987 14.0667 15.9324 17.7886 19.4864 19.4843 17.7872 15.9324 14.0667 10.1167 10.679 11.2603 11.6953 11.7792 11.4309 10.9319 10.2462 6.97115 5.31874 3.58379 2.29905 2.28062 3.58379 5.31874 6.97115 5.33308 2.66398 1.35915 1.05048 1.05048 1.35915 2.66398 
10.3239 4.52286 1.96977 1.20511 1.20511 1.96977 4.52286 10.3239 17.0918 10.2803 5.14459 2.86125 2.88015 5.1889 10.286 17.1252 25.1264 28.4502 29.8535 30.2418 30.241 29.8525 28.42 25.1113 24.1355 26.4383 27.9349 28.3239 28.3239 27.9349 26.4383 24.1355 20.8826 21.9705 22.804 23.2982 23.1861 22.7826 21.9735 20.8261 15.1255 12.8244 9.67905 6.86612 6.92768 9.73158 12.8292 15.1255 10.9834 5.35522 2.20426 1.27808 1.27808 2.20426 5.35522 
12.1072 5.25292 2.18931 1.26508 1.26508 2.18931 5.25292 12.1072 19.0559 11.7412 6.03511 3.36082 3.38179 6.07523 11.7754 19.0335 27.3529 30.9876 32.7298 33.1338 33.131 32.7262 31.0246 27.4029 26.2705 27.5748 28.5666 29.4396 29.4396 28.5666 27.5748 26.2705 25.1707 27.66 29.0723 29.6064 29.6138 29.0667 27.6783 25.1286 16.4837 13.9916 10.5687 7.52417 7.56409 10.6043 13.949 16.4837 11.7666 5.53172 2.23903 1.269 1.269 2.23903 5.53172 
12.9507 5.60196 2.3009 1.28995 1.28995 2.3009 5.60196 12.9507 20.4423 12.5513 6.33637 3.51952 3.54285 6.38144 12.5802 20.4212 28.9422 32.4082 34.024 34.3872 34.3883 34.0271 32.4397 28.9885 27.4157 27.4567 28.5609 30.085 30.085 28.5609 27.4567 27.4157 27.4457 30.3501 32.2173 32.9037 32.8957 32.2129 30.3553 27.3872 17.6589 15.0913 11.3167 8.08825 8.125 11.3547 15.0492 17.6589 12.5138 5.81624 2.32561 1.28822 1.28822 2.32561 5.81624 
13.1534 5.6304 2.27704 1.26538 1.26538 2.27704 5.6304 13.1534 21.1514 12.5598 5.99093 3.25568 3.2695 6.0134 12.5869 21.1403 29.8418 32.9797 34.3477 34.679 34.6798 34.3501 32.9977 29.8674 27.8381 27.4959 28.6671 30.3578 30.3578 28.6671 27.4959 27.8381 28.3107 31.3198 33.2326 33.862 33.8565 33.2324 31.3179 28.2547 18.6027 16.0138 11.5767 8.13894 8.16245 11.6044 15.9859 18.6027 13.3053 6.12435 2.39817 1.29393 1.29393 2.39817 6.12435 
13.1531 5.63013 2.27328 1.26428 1.26538 2.27704 5.6304 13.1534 21.1403 12.5869 6.0134 3.2695 3.2695 6.0134 12.5869 21.1403 29.8418 32.9797 34.3477 34.679 34.679 34.3477 32.9797 29.8418 27.823 27.4896 28.6603 30.3722 30.3578 28.6671 27.4959 27.8381 28.2547 31.3179 33.2324 33.8565 33.862 33.2326 31.3198 28.3107 18.5976 15.9859 11.6044 8.16245 8.13894 11.5767 16.0138 18.6027 13.3053 6.12435 2.39817 1.29393 1.295 2.40169 6.13926 
12.9505 5.60171 2.29271 1.28778 1.28995 2.3009 5.60196 12.9507 20.4212 12.5802 6.38144 3.54285 3.54285 6.38144 12.5802 20.4212 28.9422 32.4082 34.024 34.3872 34.3872 34.024 32.4082 28.9422 27.3849 27.442 28.5578 30.1073 30.085 28.5609 27.4567 27.4157 27.3872 30.3553 32.2129 32.8957 32.9037 32.2173 30.3501 27.4457 17.6496 15.0492 11.3547 8.125 8.08825 11.3167 15.0913 17.6589 12.5138 5.81624 2.32561 1.28822 1.28979 2.33038 5.83478 
12.107 5.25275 2.18123 1.26297 1.26508 2.18931 5.25292 12.1072 19.0335 11.7754 6.07523 3.38179 3.38179 6.07523 11.7754 19.0335 27.3529 30.9876 32.7298 33.1338 33.1338 32.7298 30.9876 27.3529 26.2317 27.5623 28.5746 29.4569 29.4396 28.5666 27.5748 26.2705 25.1286 27.6783 29.0667 29.6138 29.6064 29.0723 27.66 25.1707 16.475 13.949 10.6043 7.56409 7.52417 10.5687 13.9916 16.4837 11.7666 5.53172 2.23903 1.269 1.27057 2.24366 5.5494 
10.3234 4.52255 1.96246 1.20343 1.20511 1.96977 4.52286 10.3239 17.1252 10.286 5.1889 2.88015 2.88015 5.1889 10.286 17.1252 25.1264 28.4502 29.8535 30.2418 30.2418 29.8535 28.4502 25.1264 24.2279 26.5867 28.0821 28.4396 28.3239 27.9349 26.4383 24.1355 20.8261 21.9735 22.7826 23.1861 23.2982 22.804 21.9705 20.8826 15.1693 12.8292 9.73158 6.92768 6.86612 9.67905 12.8244 15.1255 10.9834 5.35522 2.20426 1.27808 1.28113 2.21417 5.39149 
9.05611 3.74242 1.68162 1.12691 1.12823 1.687 3.76083 9.12689 16.8211 9.1087 3.99432 2.04712 2.04712 3.99432 9.1087 16.8211 27.1485 30.8414 32.8258 33.3617 33.3864 32.8548 30.8414 27.1485 30.4529 33.3436 33.917 33.7103 33.71 33.9159 33.3436 30.452 25.2852 28.537 29.9377 30.3563 30.2946 29.8733 28.5678 25.302 16.5136 14.2897 12.0849 9.6186 9.6186 12.0849 14.2897 16.5136 12.4477 7.04412 3.05159 1.66931 1.66931 3.05159 7.04412 
7.92851 3.14747 1.4906 1.07717 1.07837 1.49526 3.16366 7.98872 15.8109 7.98289 3.29446 1.68791 1.68791 3.29446 7.98289 15.8109 27.2824 31.3145 33.4851 34.1011 34.1054 33.4967 31.3145 27.2824 31.3342 33.7165 34.2699 34.2553 34.2552 34.27 33.717 31.3326 27.2736 30.7073 32.1064 32.6417 32.6555 32.1368 30.6832 27.2625 17.7666 15.4591 13.1619 10.7833 10.7833 13.1619 15.4591 17.7666 12.9937 7.17116 3.03851 1.6734 1.6734 3.03851 7.17116 
7.35927 2.83092 1.37351 1.05305 1.05399 1.37732 2.84493 7.41397 15.1381 7.29531 2.94581 1.53701 1.53701 2.94581 7.29531 15.1381 27.2365 31.4979 33.7645 34.4119 34.4167 33.7749 31.4979 27.2365 31.8741 33.8439 34.4201 34.5412 34.5412 34.4203 33.8443 31.8729 28.4295 31.9726 33.5122 34.0513 34.0612 33.539 31.9596 28.42 18.7161 16.0026 13.2947 10.6687 10.6687 13.2947 16.0026 18.7161 13.3977 7.16531 3.00744 1.64558 1.64558 3.00744 7.16531 
7.1082 2.67961 1.31112 1.03718 1.03757 1.31288 2.68646 7.1421 14.8462 6.87472 2.70198 1.4161 1.4161 2.70198 6.87472 14.8462 27.319 31.6103 33.8232 34.4682 34.4699 33.8281 31.6103 27.319 32.1561 33.8518 34.4594 34.6716 34.6716 34.4596 33.8521 32.1549 29.0373 32.4992 34.0479 34.4791 34.4868 34.0643 32.4928 29.0317 19.8275 16.4997 12.9447 9.92799 9.92799 12.9447 16.4997 19.8275 13.9547 7.00476 2.88812 1.55472 1.55472 2.88812 7.00476 
7.1421 2.68646 1.31288 1.03757 1.03757 1.31288 2.68646 7.1421 14.6271 6.94276 2.68982 1.41244 1.4161 2.70198 6.87472 14.8462 27.5007 31.6316 33.8281 34.4699 34.4699 33.8281 31.6316 27.5007 32.1549 33.8521 34.4596 34.6716 34.6716 34.4596 33.8518 32.1549 29.0317 32.4928 34.0643 34.4868 34.4725 34.0363 32.4853 29.0336 19.7245 16.3248 12.9173 9.88962 9.92799 12.9447 16.4997 19.8275 13.9547 7.00476 2.88812 1.55472 1.55095 2.87895 6.97975 
7.41397 2.84493 1.37732 1.05399 1.05399 1.37732 2.84493 7.41397 14.907 7.3774 2.9237 1.52975 1.53701 2.94581 7.29531 15.1381 27.4383 31.5359 33.7749 34.4167 34.4167 33.7749 31.5359 27.4383 31.8729 33.8443 34.4203 34.5412 34.5412 34.4203 33.8439 31.8729 28.42 31.9596 33.539 34.0612 34.04 33.4912 31.9424 28.4182 18.4853 15.7235 13.2622 10.5944 10.6687 13.2947 16.0026 18.7161 13.3977 7.16531 3.00744 1.64558 1.63862 2.99027 7.12736 
7.98872 3.16366 1.49526 1.07837 1.07837 1.49526 3.16366 7.98872 15.5636 8.04684 3.26645 1.67869 1.68791 3.29446 7.98289 15.8109 27.4659 31.357 33.4967 34.1054 34.1054 33.4967 31.357 27.4659 31.3326 33.717 34.27 34.2552 34.2552 34.27 33.7165 31.3326 27.2625 30.6832 32.1368 32.6555 32.6223 32.0786 30.6658 27.2607 17.5018 15.175 13.1283 10.7042 10.7833 13.1619 15.4591 17.7666 12.9937 7.17116 3.03851 1.6734 1.6659 3.01976 7.1318 
9.12689 3.76083 1.687 1.12823 1.12823 1.687 3.76083 9.12689 16.5994 9.19161 3.95951 2.03413 2.04712 3.99432 9.1087 16.8211 27.304 30.9023 32.8548 33.3864 33.3864 32.8548 30.9023 27.304 30.452 33.3436 33.9159 33.71 33.71 33.9159 33.3436 30.452 25.302 28.5678 29.8733 30.2946 30.4303 29.9981 28.5759 25.2925 16.364 14.1032 12.003 9.57203 9.6186 12.0849 14.2897 16.5136 12.4477 7.04412 3.05159 1.66931 1.66356 3.0379 7.01248 
10.0154 4.19304 1.82621 1.16558 1.16558 1.82621 4.19304 10.0154 17.1935 9.21855 3.97428 2.06835 2.06797 3.9733 9.215 17.3004 27.9235 31.205 33.1353 33.7776 33.8207 33.2209 31.3458 27.9969 28.651 32.4789 33.4651 33.224 33.1868 33.435 32.4378 28.6341 22.7515 27.2256 28.7188 29.2815 29.3651 28.8014 27.2312 22.8596 10.6092 9.24113 8.62667 9.10357 9.11238 8.59721 9.18343 10.6082 7.98975 5.62114 3.31904 1.97617 1.97606 3.31899 5.63225 
11.1827 4.64792 1.98192 1.21106 1.21106 1.98192 4.64792 11.1827 19.371 10.6093 4.64005 2.37661 2.37624 4.63815 10.6202 19.5142 29.8346 32.5234 33.9642 34.4332 34.448 33.9965 32.5862 29.8404 29.8984 32.8047 33.7257 33.8273 33.8246 33.7201 32.7982 29.9346 25.3154 30.2026 32.0648 32.6471 32.6322 32.0645 30.1859 25.3881 12.0734 11.2715 11.2908 12.8229 12.9212 11.3107 11.2615 12.1298 8.88488 6.28428 3.7997 2.28727 2.28712 3.79951 6.27719 
11.9539 5.02641 2.10411 1.24099 1.24099 2.10411 5.02641 11.9539 20.3697 11.2042 4.86296 2.46185 2.46176 4.86231 11.2018 20.501 30.7579 33.1501 34.379 34.7234 34.7343 34.406 33.2106 30.7894 30.6677 32.9611 33.8571 34.1254 34.1229 33.8523 32.9565 30.7 26.8784 31.5484 33.4393 34.0557 34.0686 33.4645 31.549 26.9616 13.7509 12.8484 12.6707 13.8947 13.9616 12.6887 12.8414 13.8171 9.898 6.91642 4.16864 2.4839 2.48377 4.16867 6.90952 
12.1933 5.11158 2.1119 1.22844 1.22844 2.1119 5.11158 12.1933 20.6811 11.3301 4.86556 2.43691 2.43688 4.86535 11.3115 20.8065 31.0766 33.3423 34.5044 34.7923 34.7977 34.5152 33.3655 31.1355 31.0937 32.9722 33.8607 34.287 34.2856 33.8583 32.9704 31.1126 27.6943 32.0255 33.8811 34.433 34.4431 33.8931 32.022 27.7645 15.7712 14.0711 13.162 12.8543 12.8937 13.1822 14.0699 15.8512 11.1133 6.92089 3.7091 2.15424 2.15418 3.70905 6.91055 
12.1833 5.10662 2.10938 1.22745 1.22844 2.1119 5.11158 12.1933 20.8065 11.3115 4.86535 2.43688 2.43688 4.86535 11.3115 20.8065 31.0766 33.3423 34.5044 34.7923 34.7923 34.5044 33.3423 31.0766 31.1126 32.9704 33.8583 34.2856 34.2856 33.8583 32.9704 31.1126 27.6943 32.0255 33.8744 34.4277 34.4277 33.8744 32.0255 27.6943 15.8512 14.0699 13.1822 12.8937 12.8937 13.1822 14.0699 15.8512 11.1133 6.92089 3.7091 2.15424 2.15424 3.7091 6.92089 
11.9379 5.0156 2.09919 1.23929 1.24099 2.10411 5.02641 11.9539 20.501 11.2018 4.86231 2.46176 2.46176 4.86231 11.2018 20.501 30.7579 33.1501 34.379 34.7234 34.7234 34.379 33.1501 30.7579 30.7 32.9565 33.8523 34.1229 34.1229 33.8523 32.9565 30.7 26.8784 31.5484 33.4279 34.0481 34.0481 33.4279 31.5484 26.8784 13.8171 12.8414 12.6887 13.9616 13.9616 12.6887 12.8414 13.8171 9.898 6.91642 4.16864 2.4839 2.4839 4.16864 6.91642 
11.1641 4.63643 1.97664 1.20943 1.21106 1.98192 4.64792 11.1827 19.5142 10.6202 4.63815 2.37624 2.37624 4.63815 10.6202 19.5142 29.8346 32.5234 33.9642 34.4332 34.4332 33.9642 32.5234 29.8346 29.9346 32.7982 33.7201 33.8246 33.8246 33.7201 32.7982 29.9346 25.3154 30.2026 32.0526 32.6496 32.6496 32.0526 30.2026 25.3154 12.1298 11.2615 11.3107 12.9212 12.9212 11.3107 11.2615 12.1298 8.88488 6.28428 3.7997 2.28727 2.28727 3.7997 6.28428 
9.97604 4.17774 1.82099 1.16412 1.16558 1.82621 4.19304 10.0154 17.3004 9.215 3.9733 2.06797 2.06797 3.9733 9.215 17.3004 27.9235 31.205 33.1353 33.7776 33.7776 33.1353 31.205 27.9235 28.6341 32.4378 33.435 33.1868 33.1868 33.435 32.4378 28.6341 22.7515 27.2256 28.6182 29.202 29.202 28.6182 27.2256 22.7515 10.6082 9.18343 8.59721 9.11238 9.11238 8.59721 9.18343 10.6082 7.98975 5.62114 3.31904 1.97617 1.97617 3.31904 5.62114 
7.4502 3.06972 1.46456 1.0683 1.06864 1.46583 3.07306 7.45648 13.5402 6.80553 2.90636 1.57453 1.57453 2.90636 6.80553 13.5402 24.6525 28.8842 31.4127 32.2489 32.2489 31.4127 28.8842 24.6525 22.8651 26.2799 27.4106 27.3456 27.1982 27.2452 26.2799 22.8651 17.7433 21.7509 22.5199 23.0341 23.0318 22.5242 21.1652 17.4213 8.69343 6.47982 4.14761 2.74869 2.71046 4.07481 6.48442 8.67482 5.62723 3.01875 1.71354 1.18477 1.18972 1.72992 3.04824 
7.15744 2.83538 1.36863 1.04615 1.04664 1.37131 2.84627 7.18898 13.4762 6.60644 2.75077 1.50123 1.50123 2.75077 6.60644 13.4762 25.1335 29.5756 32.5742 33.5661 33.5661 32.5742 29.5756 25.1335 23.0252 26.6585 27.9158 28.5093 28.5138 27.9255 26.6585 23.0252 17.6654 23.0254 25.9563 27.8804 27.8596 25.9246 22.7046 17.6909 7.95392 5.30142 2.86406 1.66618 1.66332 2.85167 5.32961 7.95234 5.01654 2.42594 1.34878 1.05861 1.05928 1.3516 2.43374 
6.93564 2.69349 1.32284 1.03772 1.03814 1.32523 2.7034 6.96493 13.4022 6.44662 2.64581 1.45104 1.45104 2.64581 6.44662 13.4022 25.4033 29.9896 33.1017 34.1032 34.1032 33.1017 29.9896 25.4033 22.973 26.3041 28.0982 29.2943 29.2989 28.1071 26.3041 22.973 17.7632 24.3535 28.3038 30.6656 30.6443 28.2646 24.0547 17.8449 6.78192 3.97583 1.95251 1.20343 1.20258 1.95104 3.99845 6.78145 4.0721 1.87618 1.15884 1.01667 1.01692 1.16036 1.88233 
6.79263 2.59208 1.28356 1.0295 1.02968 1.28466 2.59695 6.8077 13.413 6.35171 2.53575 1.38143 1.38143 2.53575 6.35171 13.413 25.6334 30.2765 33.3019 34.2059 34.2059 33.3019 30.2765 25.6334 22.8935 25.9562 28.0755 29.7555 29.7578 28.0798 25.9562 22.8935 17.9419 25.5263 30.0005 31.9338 31.9183 29.9744 25.326 18.0016 5.78302 3.11542 1.53213 1.07002 1.06975 1.53379 3.12744 5.78288 3.16224 1.51361 1.07339 1.00546 1.00554 1.07401 1.51677 
6.8077 2.59695 1.28466 1.02968 1.02968 1.28466 2.59695 6.8077 13.2724 6.35122 2.52355 1.37639 1.38143 2.53575 6.35171 13.413 25.6334 30.2765 33.3019 34.2059 34.2058 33.3016 30.2621 25.71 22.9333 25.9682 28.0798 29.7578 29.7555 28.0755 25.9562 22.8935 18.0016 25.326 29.9744 31.9183 31.9183 29.9744 25.326 18.0016 5.78288 3.11693 1.53379 1.07002 1.07002 1.5315 3.11693 5.84574 3.17228 1.51677 1.07401 1.00554 1.00546 1.07339 1.51361 
6.96493 2.7034 1.32523 1.03814 1.03814 1.32523 2.7034 6.96493 13.2446 6.42704 2.62068 1.44115 1.45104 2.64581 6.44662 13.4022 25.4033 29.9896 33.1017 34.1032 34.1028 33.1006 29.9693 25.4984 23.0471 26.3293 28.1071 29.2989 29.2943 28.0982 26.3041 22.973 17.8449 24.0547 28.2646 30.6443 30.6443 28.2646 24.0547 17.8449 6.78145 3.97401 1.95104 1.20343 1.20343 1.94736 3.97401 6.84559 4.08916 1.88233 1.16036 1.01692 1.01667 1.15884 1.87618 
7.18898 2.84627 1.37131 1.04664 1.04664 1.37131 2.84627 7.18898 13.3173 6.58103 2.72286 1.49051 1.50123 2.75077 6.60644 13.4762 25.1335 29.5756 32.5742 33.5661 33.5659 32.573 29.5579 25.2223 23.0928 26.6836 27.9255 28.5138 28.5093 27.9158 26.6585 23.0252 17.6909 22.7046 25.9246 27.8596 27.8596 25.9246 22.7046 17.6909 7.95234 5.30622 2.85167 1.66618 1.66618 2.85013 5.30622 8.02197 5.02788 2.43374 1.3516 1.05928 1.05861 1.34878 2.42594 
7.45648 3.07306 1.46583 1.06864 1.06864 1.46583 3.07306 7.45648 13.3262 6.75454 2.87228 1.56279 1.57453 2.90636 6.80553 13.5402 24.6525 28.8842 31.4127 32.2489 32.249 31.4134 28.8638 24.7185 22.7796 26.1342 27.2452 27.1982 27.3456 27.4106 26.2799 22.8651 17.4213 21.1652 22.5242 23.0318 23.0318 22.5242 21.1652 17.4213 8.67482 6.47903 4.07481 2.74869 2.74869 4.11139 6.47903 8.75016 5.64722 3.04824 1.72992 1.18972 1.18477 1.71354 3.01875 
4.88488 2.02248 1.18744 1.02251 1.02251 1.18744 2.02248 4.88488 9.62405 4.64282 1.93463 1.20313 1.20317 1.93207 4.63486 9.65819 19.8214 25.5381 27.877 28.5756 28.5916 27.9043 25.5647 19.8591 14.0039 13.4087 13.0559 13.3394 13.1947 12.8891 13.2446 13.9052 13.678 16.7966 15.3662 13.936 13.936 15.3662 16.7966 13.678 6.62307 4.52168 2.31815 1.50328 1.50328 2.33551 4.52168 6.7442 3.40351 1.52878 1.05951 1.00207 1.00207 1.05951 1.52878 
4.83241 1.98805 1.18176 1.02218 1.02218 1.18176 1.98805 4.83241 9.55143 4.52273 1.8705 1.17282 1.17403 1.87246 4.51714 9.57959 20.3458 27.4327 30.36 31.2301 31.2329 30.3631 27.4296 20.3525 13.5388 12.0584 10.1394 9.34105 9.33879 10.1336 12.0541 13.5367 13.0087 16.5719 13.952 11.2227 11.2227 13.952 16.5719 13.0087 6.08328 3.77694 1.88825 1.29296 1.29296 1.88505 3.77694 6.12321 3.10165 1.45733 1.05974 1.00473 1.00473 1.05974 1.45733 
4.81895 1.97228 1.17412 1.02103 1.02103 1.17412 1.97228 4.81895 9.61949 4.55873 1.87162 1.16867 1.16978 1.87315 4.55366 9.65026 20.7464 28.5248 31.8042 32.7979 32.799 31.8041 28.5189 20.7448 13.2118 11.3219 8.68829 7.06805 7.0657 8.68157 11.3197 13.2109 12.6404 16.268 12.9734 9.52816 9.52816 12.9734 16.268 12.6404 5.97421 3.61769 1.82142 1.27275 1.27275 1.80595 3.61769 6.0031 3.06442 1.46435 1.06635 1.00603 1.00603 1.06635 1.46435 
4.80654 1.95649 1.15831 1.01689 1.01689 1.15831 1.95649 4.80654 9.59199 4.57347 1.86819 1.15654 1.15703 1.86857 4.56829 9.6259 20.7969 28.9145 32.2777 33.2827 33.2832 32.2773 28.91 20.7879 13.1972 11.6777 8.56246 5.47926 5.47754 8.55709 11.6776 13.1973 12.5454 16.0952 12.5553 8.85568 8.85568 12.5553 16.0952 12.5454 6.00222 3.48602 1.74257 1.22709 1.22709 1.73166 3.48602 6.02658 3.1034 1.47978 1.06638 1.00579 1.00579 1.06638 1.47978 
4.80669 1.95651 1.1576 1.01671 1.01689 1.15831 1.95649 4.80654 9.6259 4.56829 1.86857 1.15703 1.15703 1.86857 4.56829 9.6259 20.7969 28.9145 32.2777 33.2827 33.2827 32.2777 28.9145 20.7969 13.1973 11.6776 8.55709 5.47754 5.47754 8.55709 11.6776 13.1972 12.5499 16.0953 12.5653 8.8529 8.85568 12.5553 16.0952 12.5454 6.02658 3.48602 1.73166 1.22709 1.22963 1.73897 3.4877 6.00222 3.1034 1.47978 1.06638 1.00579 1.00579 1.06638 1.47981 
4.81914 1.9723 1.17271 1.02069 1.02103 1.17412 1.97228 4.81895 9.65026 4.55366 1.87315 1.16978 1.16978 1.87315 4.55366 9.65026 20.7464 28.5248 31.8042 32.7979 32.7979 31.8042 28.5248 20.7464 13.2109 11.3197 8.68157 7.0657 7.0657 8.68157 11.3197 13.2118 12.647 16.2681 13.0107 9.52467 9.52816 12.9734 16.268 12.6404 6.0031 3.61769 1.80595 1.27275 1.27675 1.81619 3.61779 5.97421 3.06442 1.46435 1.06635 1.00603 1.00603 1.06635 1.46437 
4.83249 1.98806 1.18023 1.02181 1.02218 1.18176 1.98805 4.83241 9.57959 4.51714 1.87246 1.17403 1.17403 1.87246 4.51714 9.57959 20.3458 27.4327 30.36 31.2301 31.2301 30.36 27.4327 20.3458 13.5367 12.0541 10.1336 9.33879 9.33879 10.1336 12.0541 13.5388 13.017 16.572 14.034 11.2479 11.2227 13.952 16.5719 13.0087 6.12321 3.77694 1.88505 1.29296 1.29381 1.88751 3.77232 6.08328 3.10165 1.45733 1.05974 1.00473 1.00473 1.05973 1.45735 
4.88451 2.02244 1.18553 1.02213 1.02251 1.18744 2.02248 4.88488 9.65819 4.63486 1.93207 1.20317 1.20317 1.93207 4.63486 9.65819 19.8214 25.5381 27.877 28.5756 28.5756 27.877 25.5381 19.8214 13.9052 13.2446 12.8891 13.1947 13.1947 12.8891 13.2446 14.0039 13.6319 16.7962 15.6338 14.1624 13.936 15.3662 16.7966 13.678 6.7442 4.52168 2.33551 1.50328 1.49301 2.31698 4.49115 6.62307 3.40351 1.52878 1.05951 1.00207 1.00207 1.05953 1.52885 
1.75015 1.14215 1.01917 1.0017 1.00171 1.01917 1.1417 1.7443 3.41455 1.70873 1.11321 1.01381 1.01381 1.11321 1.70873 3.41455 10.2598 13.547 15.1581 15.7404 15.7404 15.1581 13.547 10.2598 6.10599 4.82292 4.23757 4.40977 4.40977 4.23757 4.82292 6.10599 7.37885 9.3388 8.6031 7.71193 7.77499 8.65648 9.39244 7.42362 3.00659 2.04682 1.31416 1.07601 1.08038 1.32518 2.07788 3.06971 1.674 1.10555 1.01115 1.00042 1.00042 1.01115 1.10556 
1.20652 1.03522 1.00381 1.00006 1.00007 1.00386 1.03554 1.20771 1.67068 1.14508 1.0164 1.00076 1.00076 1.0164 1.14508 1.67068 4.35623 5.78808 6.60222 6.87556 6.87556 6.60222 5.78808 4.35623 2.80718 2.1075 1.83328 1.94133 1.94133 1.83328 2.1075 2.80718 3.71188 4.64323 3.90203 3.16362 3.16637 3.89046 4.61812 3.68961 1.57218 1.23432 1.05808 1.00932 1.00933 1.05748 1.23764 1.59156 1.18387 1.02645 1.0023 0.999838 0.999839 1.0023 1.02645 
1.03211 1.00442 1.00031 0.999922 0.999922 1.00032 1.00445 1.03228 1.10803 1.01665 1.00099 0.999804 0.999804 1.00099 1.01665 1.10803 1.89082 2.40475 2.7406 2.79745 2.79745 2.7406 2.40475 1.89082 1.39159 1.19299 1.1241 1.15106 1.15106 1.1241 1.19299 1.39159 1.96613 2.24163 1.78763 1.42201 1.42187 1.78152 2.2274 1.95268 1.09254 1.02877 1.00482 1.00026 1.00027 1.00483 1.02974 1.10073 1.02652 1.00323 1.00014 0.999934 0.999934 1.00014 1.00323 
1.00364 1.00031 0.999893 0.999975 0.999974 0.999893 1.00031 1.00365 1.01206 1.00088 0.999841 0.999968 0.999968 0.999841 1.00088 1.01206 1.19351 1.36766 1.49661 1.49027 1.49027 1.49661 1.36766 1.19351 1.0551 1.02679 1.01553 1.02084 1.02084 1.01553 1.02679 1.0551 1.31103 1.39592 1.19886 1.06187 1.06159 1.19669 1.39064 1.30601 1.01129 1.00179 0.999989 0.999906 0.999901 1 1.00193 1.01334 1.00233 1.00013 0.99992 0.999988 0.999988 0.99992 1.00013 
1.00365 1.00031 0.999893 0.999974 0.999974 0.999893 1.00031 1.00365 1.01161 1.00091 0.999846 0.999968 0.999968 0.999841 1.00088 1.01206 1.19351 1.36766 1.49661 1.49027 1.48671 1.49129 1.36403 1.19205 1.0551 1.02679 1.01553 1.02084 1.02084 1.01553 1.02679 1.0551 1.31104 1.39591 1.19882 1.06187 1.06187 1.19886 1.39592 1.31103 1.01334 1.00193 1 0.999903 0.999906 0.999989 1.00193 1.01334 1.00233 1.00013 0.99992 0.999988 0.999988 0.99992 1.00013 
1.03228 1.00445 1.00032 0.999922 0.999922 1.00032 1.00445 1.03228 1.10444 1.01673 1.001 0.999807 0.999804 1.00099 1.01665 1.10803 1.89082 2.40475 2.7406 2.79745 2.78813 2.72659 2.39412 1.88699 1.39158 1.19299 1.12411 1.15107 1.15106 1.1241 1.19299 1.39159 1.96615 2.24166 1.78736 1.422 1.42201 1.78763 2.24163 1.96613 1.10073 1.02974 1.00485 1.00028 1.00026 1.00482 1.02974 1.10073 1.02652 1.00323 1.00014 0.999934 0.999934 1.00014 1.00323 
1.20771 1.03554 1.00386 1.00007 1.00007 1.00386 1.03554 1.20771 1.65121 1.14438 1.01637 1.00077 1.00076 1.0164 1.14508 1.67068 4.35623 5.78808 6.60222 6.87556 6.861 6.58175 5.76969 4.35406 2.80722 2.10757 1.83338 1.94141 1.94133 1.83328 2.1075 2.80718 3.71191 4.64329 3.90212 3.1638 3.16362 3.90203 4.64323 3.71188 1.59156 1.23764 1.05823 1.00945 1.00932 1.05808 1.23764 1.59156 1.18387 1.02645 1.0023 0.999838 0.999838 1.0023 1.02645 
1.7443 1.1417 1.01917 1.00171 1.00171 1.01917 1.1417 1.7443 3.28659 1.6877 1.10935 1.01308 1.01381 1.11321 1.70873 3.41455 10.2598 13.547 15.1581 15.7404 15.7474 15.1681 13.56 10.2931 6.10625 4.82374 4.23813 4.41028 4.40977 4.23757 4.82292 6.10599 7.37782 9.33742 8.59211 7.70942 7.71193 8.6031 9.3388 7.37885 3.06971 2.07788 1.31984 1.08028 1.07601 1.31416 2.07788 3.06971 1.674 1.10555 1.01115 1.00042 1.00042 1.01115 1.10555 
1.12708 1.02174 1.00314 1.00034 1.00034 1.00314 1.02174 1.12708 1.56884 1.1173 1.01524 1.00124 1.00124 1.01524 1.1173 1.56884 4.19077 5.96556 6.51895 6.9892 6.9892 6.51895 5.96556 4.19077 3.00741 2.39549 2.1609 1.9032 1.9032 2.1609 2.39549 3.00741 3.68217 4.54819 3.79471 3.0317 3.0317 3.79471 4.54819 3.68217 1.62921 1.20916 1.04701 1.00735 1.00751 1.04794 1.20916 1.62921 1.13954 1.01995 1.00185 1.00016 1.00016 1.00185 1.01995 
1.01463 1.00246 1.00024 0.999955 0.999955 1.00024 1.00246 1.01463 1.11148 1.01745 1.00157 0.999934 0.999934 1.00157 1.01745 1.11148 2.66927 3.75023 4.04444 3.9364 3.9364 4.04444 3.75023 2.66927 1.70023 1.43336 1.31107 1.19607 1.19607 1.31107 1.43336 1.70023 1.65578 1.86521 1.57372 1.34312 1.34312 1.57372 1.86521 1.65578 1.12382 1.03312 1.00536 1.00035 1.00035 1.00538 1.03312 1.12382 1.02764 1.00389 1.0004 0.999941 0.999941 1.0004 1.00389 
1.0006 1.00013 0.999965 0.999988 0.999988 0.999965 1.00013 1.0006 1.01742 1.00206 1.00001 0.999927 0.999927 1.00001 1.00206 1.01742 1.65155 2.27752 2.52083 2.13876 2.13876 2.52083 2.27752 1.65155 1.16878 1.08948 1.0555 1.02788 1.02788 1.0555 1.08948 1.16878 1.10295 1.13064 1.0704 1.03275 1.03275 1.0704 1.13064 1.10295 1.01824 1.00363 1.00022 0.999855 0.999855 1.00022 1.00363 1.01824 1.00402 1.00045 0.999964 0.999979 0.999979 0.999964 1.00045 
0.999872 0.999954 0.99999 1 1 0.99999 0.999954 0.999872 1.00204 1 0.999941 0.999988 0.999988 0.999941 1 1.00204 1.17848 1.42357 1.55272 1.3505 1.3505 1.55272 1.42357 1.17848 1.02674 1.01056 1.00568 1.00237 1.00237 1.00568 1.01056 1.02674 1.00795 1.0105 1.00448 1.00158 1.00158 1.00448 1.0105 1.00795 1.00171 1.00006 0.999915 0.999973 0.999973 0.999914 1.00006 1.00171 1.00046 0.999949 0.999977 0.999999 0.999999 0.999977 0.999949 
0 0 0 0 1 0.99999 0.999954 0.999872 1.00204 1 0.999941 0.999988 0.999989 0.999941 1 1.00224 1.17848 1.42357 1.55272 1.3505 1.34635 1.54303 1.41622 1.1761 1.02651 1.0104 1.00558 1.00233 1.00237 1.00568 1.01056 1.02674 1.00819 1.01063 1.00449 1.00156 1.00158 1.00448 1.0105 1.00795 1.00168 1.00005 0.999914 0.999973 0.999973 0.999915 1.00006 1.00171 1.00046 0.999949 0.999977 0.999999 0 0 0 
0 0 0 0 0.999988 0.999965 1.00013 1.0006 1.01742 1.00206 1.00001 0.999927 0.999927 1.00001 1.00206 1.01858 1.65155 2.27752 2.52083 2.13876 2.12657 2.4995 2.258 1.64314 1.16725 1.08828 1.05477 1.02755 1.02788 1.0555 1.08948 1.16878 1.10421 1.13144 1.07053 1.03264 1.03275 1.0704 1.13064 1.10295 1.01814 1.00359 1.00022 0.999855 0.999855 1.00022 1.00363 1.01824 1.00402 1.00045 0.999964 0.999979 0 0 0 
0 0 0 0 0.999955 1.00024 1.00246 1.01463 1.11148 1.01745 1.00157 0.999934 0.999933 1.00157 1.01745 1.11533 2.66927 3.75023 4.04444 3.9364 3.92094 4.03242 3.73568 2.65885 1.69532 1.42892 1.30801 1.19443 1.19607 1.31107 1.43336 1.70023 1.66128 1.86923 1.57476 1.34273 1.34312 1.57372 1.86521 1.65578 1.12371 1.03298 1.00538 1.00035 1.00035 1.00536 1.03312 1.12382 1.02764 1.00389 1.0004 0.999941 0 0 0 
