0 0 0 0 1.00113 1.01104 1.09913 1.55435 2.56009 1.60816 1.1365 1.02559 1.02566 1.13693 1.60793 2.56001 4.50433 5.01516 5.30435 5.34635 5.3356 5.28554 4.99578 4.49677 5.37049 6.24045 7.4958 9.58362 9.58317 7.50676 6.24598 5.36521 2.88337 2.90302 2.61234 2.35208 2.34396 2.59671 2.88398 2.8592 1.73572 1.30513 1.07951 1.01833 1.0187 1.08103 1.3077 1.73573 1.35217 1.08214 1.01154 1.00116 0 0 0 
0 0 0 0 1.00009 1.00196 1.02034 1.1159 1.31924 1.10181 1.01871 1.00235 1.00236 1.01878 1.1018 1.31923 1.9775 2.03529 2.10305 2.107 2.10508 2.09904 2.03119 1.98084 3.41138 4.58285 5.75405 6.96636 6.95966 5.75238 4.57613 3.39752 1.67867 1.76886 1.47946 1.28679 1.2889 1.48286 1.77331 1.67702 1.13633 1.0453 1.00959 1.00116 1.0012 1.00982 1.04584 1.1361 1.06744 1.01397 1.00163 1.00003 0 0 0 
0 0 0 0 0.999951 1.00026 1.00231 1.01424 1.03829 1.01008 1.00128 0.999896 0.999898 1.00128 1.01008 1.03828 1.18926 1.16681 1.17932 1.17346 1.17314 1.17859 1.16614 1.19172 2.18881 3.60453 4.74551 4.80533 4.78381 4.72775 3.58515 2.17307 1.15922 1.19161 1.09996 1.04344 1.04396 1.10119 1.19374 1.15872 1.01698 1.00442 1.00072 1.00003 1.00003 1.00075 1.0045 1.01688 1.00839 1.00167 1.00003 0.99995 0 0 0 
0 0 0 0 0.999986 0.999975 1.00015 1.00144 1.0023 1.00011 0.999861 0.999932 0.999932 0.999862 1.00011 1.0023 1.02734 1.01505 1.01588 1.0149 1.01486 1.01579 1.01498 1.02823 1.4207 2.73256 4.23894 3.08633 3.06095 4.18245 2.69928 1.4145 1.02793 1.03477 1.01428 1.00438 1.00445 1.01449 1.03522 1.02761 1.00124 1.00008 0.999969 0.999968 0.999968 0.99997 1.00009 1.00121 1.00079 1.00003 0.999952 0.99999 0 0 0 
1.00144 1.00015 0.999975 0.999986 0.999986 0.999975 1.00015 1.00144 1.0023 1.00011 0.999862 0.999932 0.999932 0.999862 1.00011 1.0023 1.02823 1.01498 1.01579 1.01486 1.0149 1.01588 1.01498 1.02823 1.4207 2.73256 4.23894 3.08633 3.08633 4.23894 2.73256 1.4207 1.02761 1.03522 1.01449 1.00445 1.00445 1.01449 1.03522 1.02761 1.00121 1.00009 0.99997 0.999968 0.999968 0.999969 1.00008 1.00124 1.00079 1.00003 0.999952 0.99999 0.99999 0.999952 1.00003 
1.01424 1.00231 1.00026 0.999951 0.999951 1.00026 1.00231 1.01424 1.03828 1.01008 1.00128 0.999898 0.999898 1.00128 1.01008 1.03828 1.19172 1.16614 1.17859 1.17314 1.17346 1.17932 1.16614 1.19172 2.18881 3.60453 4.74551 4.80533 4.80533 4.74551 3.60453 2.18881 1.15872 1.19374 1.10119 1.04396 1.04396 1.10119 1.19374 1.15872 1.01688 1.0045 1.00075 1.00003 1.00003 1.00072 1.00442 1.01698 1.00839 1.00167 1.00003 0.99995 0.99995 1.00003 1.00167 
1.1159 1.02034 1.00196 1.00009 1.00009 1.00196 1.02034 1.1159 1.31923 1.1018 1.01878 1.00236 1.00236 1.01878 1.1018 1.31923 1.98084 2.03119 2.09904 2.10508 2.107 2.10305 2.03119 1.98084 3.41138 4.58285 5.75405 6.96636 6.96636 5.75405 4.58285 3.41138 1.67702 1.77331 1.48286 1.2889 1.2889 1.48286 1.77331 1.67702 1.1361 1.04584 1.00982 1.0012 1.00116 1.00959 1.0453 1.13633 1.06744 1.01397 1.00163 1.00003 1.00003 1.00163 1.01397 
1.55435 1.09913 1.01104 1.00113 1.00113 1.01104 1.09913 1.55435 2.56001 1.60793 1.13693 1.02566 1.02566 1.13693 1.60793 2.56001 4.49677 4.99578 5.28554 5.3356 5.34635 5.30435 4.99578 4.49677 5.37049 6.24045 7.4958 9.58362 9.58362 7.4958 6.24045 5.37049 2.8592 2.88398 2.59671 2.34396 2.34396 2.59671 2.88398 2.8592 1.73573 1.3077 1.08103 1.0187 1.01833 1.07951 1.30513 1.73572 1.35217 1.08214 1.01154 1.00116 1.00116 1.01154 1.08214 
3.2206 1.7403 1.16436 1.02159 1.02159 1.16436 1.74412 3.23353 5.08208 2.94832 1.53249 1.14199 1.14199 1.53249 2.94832 5.08208 8.58819 9.95447 10.5688 10.7273 10.7306 10.5755 10.0142 8.62925 8.01701 8.72305 9.74921 11.2304 11.1903 9.66633 8.6561 7.95499 6.06667 6.39541 6.5464 6.67231 6.67231 6.5464 6.39541 6.06667 3.29678 2.25155 1.48305 1.18749 1.18748 1.48305 2.2507 3.30532 2.05872 1.22607 1.02349 1.00121 1.00121 1.02349 1.22607 
2.03261 1.35566 1.06007 1.006 1.006 1.06007 1.354 2.03148 2.56069 1.63408 1.13313 1.02391 1.02391 1.13313 1.63408 2.56069 4.54152 5.02403 5.22564 5.22543 5.23232 5.23877 5.00376 4.52167 5.58939 6.42931 6.91232 7.3313 7.34187 6.91343 6.41746 5.58166 3.2515 3.22184 3.06736 2.85141 2.85141 3.06736 3.22184 3.2515 1.67303 1.27167 1.06229 1.01612 1.0165 1.06388 1.27426 1.67999 1.26806 1.04395 1.00361 0.999905 0.999905 1.00361 1.04395 
1.29448 1.09377 1.01142 1.00061 1.00061 1.01142 1.09341 1.29453 1.34923 1.11105 1.01632 1.0014 1.0014 1.01632 1.11105 1.34923 2.1026 2.12937 2.15287 2.11981 2.12306 2.15928 2.12266 2.09738 4.25147 5.41608 5.78221 5.38134 5.39601 5.78616 5.43617 4.28592 1.76509 1.6745 1.54761 1.3894 1.3894 1.54761 1.6745 1.76509 1.12214 1.03458 1.00354 1.00019 1.00022 1.00369 1.03474 1.124 1.04314 1.00577 1.00032 0.999931 0.999931 1.00032 1.00577 
1.0636 1.01684 1.00128 0.999833 0.999833 1.00128 1.01679 1.06362 1.05838 1.01288 1.00077 0.999732 0.999732 1.00077 1.01288 1.05838 1.30219 1.26926 1.26402 1.24007 1.24136 1.26611 1.26714 1.30098 3.35738 5.37735 6.58313 4.58426 4.61173 6.64833 5.4751 3.43199 1.22133 1.18146 1.12079 1.05599 1.05599 1.12079 1.18146 1.22133 1.0163 1.00235 0.999818 0.999939 0.999942 0.999834 1.00235 1.01685 1.00535 1.00053 0.999891 0.999976 0.999976 0.999891 1.00053 
1.06362 1.01679 1.00128 0.999832 0.999833 1.00128 1.01684 1.0636 1.05806 1.01311 1.00077 0.999732 0.999732 1.00077 1.01288 1.05838 1.30098 1.26714 1.26611 1.24136 1.24136 1.26611 1.26714 1.30098 3.43199 5.4751 6.64833 4.61173 4.61173 6.64833 5.4751 3.43199 1.22126 1.18161 1.11585 1.05502 1.05599 1.12079 1.18146 1.22133 1.01685 1.00235 0.999834 0.999943 0.999939 0.999818 1.00235 1.0163 1.00535 1.00053 0.999891 0.999976 0.999976 0.999891 1.00052 
1.29453 1.09341 1.01138 1.0006 1.00061 1.01142 1.09377 1.29448 1.34856 1.1126 1.01636 1.00141 1.0014 1.01632 1.11105 1.34923 2.09738 2.12266 2.15928 2.12306 2.12306 2.15928 2.12266 2.09738 4.28592 5.43617 5.78616 5.39601 5.39601 5.78616 5.43617 4.28592 1.76398 1.67411 1.53143 1.38983 1.3894 1.54761 1.6745 1.76509 1.124 1.03474 1.00369 1.00027 1.00019 1.00354 1.03458 1.12214 1.04314 1.00577 1.00032 0.999931 0.999931 1.00031 1.00573 
2.03148 1.354 1.05979 1.00596 1.006 1.06007 1.35566 2.03261 2.55513 1.64165 1.13357 1.024 1.02391 1.13313 1.63408 2.56069 4.52167 5.00376 5.23877 5.23232 5.23232 5.23877 5.00376 4.52167 5.58166 6.41746 6.91343 7.34187 7.34187 6.91343 6.41746 5.58166 3.24391 3.21627 3.01958 2.85622 2.85141 3.06736 3.22184 3.2515 1.67999 1.27426 1.06388 1.017 1.01612 1.06229 1.27167 1.67303 1.26806 1.04395 1.00361 0.999905 0.999895 1.00355 1.04364 
3.23353 1.74412 1.16517 1.0217 1.02159 1.16436 1.7403 3.2206 5.13181 3.00086 1.53927 1.14442 1.14199 1.53249 2.94832 5.08208 8.62925 10.0142 10.5755 10.7306 10.7306 10.5755 10.0142 8.62925 7.95499 8.6561 9.66633 11.1903 11.1903 9.66633 8.6561 7.95499 6.08829 6.41897 6.72721 6.89721 6.67231 6.5464 6.39541 6.06667 3.30532 2.2507 1.48305 1.19742 1.18749 1.48305 2.25155 3.29678 2.05872 1.22607 1.02349 1.00121 1.00119 1.02326 1.22618 
6.97406 3.08476 1.55575 1.10395 1.10421 1.55914 3.10292 7.03948 12.0447 7.44784 3.77316 2.2406 2.23469 3.7649 7.45357 12.1347 17.9526 21.4501 22.7729 23.4042 23.5113 22.8889 21.6628 18.0934 13.7282 15.6794 17.6058 19.2687 19.4139 17.7593 15.6794 13.7282 10.2193 10.7763 11.6709 11.9989 11.9147 11.5134 10.787 10.2519 6.97482 5.33286 3.65371 2.36404 2.40135 3.73995 5.48366 7.14367 5.40723 2.72407 1.38279 1.0566 1.05618 1.37984 2.70912 
7.79151 3.42849 1.64857 1.12744 1.12706 1.64954 3.43771 7.83808 12.6464 8.27794 4.3545 2.60921 2.59704 4.32974 8.24161 12.6424 17.9733 22.2539 24.2123 24.9845 24.9904 24.2251 22.3023 17.9528 13.0795 15.8464 17.7113 19.3401 19.366 17.7187 15.8464 13.0795 9.04171 9.15925 9.68675 10.0455 10.0991 9.65016 9.17723 9.0786 6.07654 4.62129 3.07569 1.96926 1.91474 2.98006 4.61127 6.0774 4.42835 2.21358 1.25694 1.03265 1.03216 1.25491 2.20706 
6.94882 3.16552 1.5531 1.09565 1.09535 1.55367 3.17257 6.98728 11.1324 7.08783 3.60729 2.14471 2.13545 3.58804 7.05674 11.1257 16.4481 20.5821 22.3835 22.8526 22.857 22.3955 20.6293 16.4197 12.5362 16.7119 19.0636 20.3117 20.337 19.0794 16.7119 12.5362 7.68813 7.54611 7.53798 7.38591 7.45047 7.54171 7.5469 7.71724 4.53826 3.40997 2.3077 1.57442 1.53206 2.22545 3.3942 4.54121 3.12916 1.64429 1.12535 1.01369 1.01329 1.1232 1.6366 
6.2317 2.96947 1.46911 1.06752 1.06735 1.46909 2.97181 6.24872 9.57666 5.75302 2.70125 1.58936 1.58591 2.69385 5.73672 9.57131 15.095 18.4491 20.2222 20.6367 20.6389 20.2272 18.4767 15.0791 13.112 18.5849 20.5484 20.9942 21.0081 20.5597 18.5849 13.112 6.82175 6.84003 6.01816 5.04733 5.0842 6.02106 6.83785 6.86003 3.52821 2.48261 1.61534 1.19121 1.18045 1.58443 2.46496 3.52671 2.26425 1.28768 1.04064 1.00319 1.00307 1.03981 1.28409 
6.24872 2.97181 1.46909 1.06735 1.06735 1.46909 2.97181 6.24872 9.57131 5.73672 2.69385 1.58591 1.58591 2.69385 5.73672 9.57131 15.0791 18.4767 20.2272 20.6389 20.6367 20.2222 18.4767 15.0791 13.0862 18.5785 20.5597 21.0081 20.9942 20.5484 18.5849 13.112 6.84169 6.85193 6.02106 5.0842 5.0842 6.02106 6.85814 6.82175 3.52671 2.46496 1.58443 1.18045 1.18894 1.60805 2.46496 3.52671 2.26425 1.28768 1.04064 1.00319 1.00319 1.04064 1.28768 
6.98728 3.17257 1.55367 1.09535 1.09535 1.55367 3.17257 6.98728 11.1257 7.05674 3.58804 2.13545 2.13545 3.58804 7.05674 11.1257 16.4197 20.6293 22.3955 22.857 22.8526 22.3835 20.6293 16.4197 12.4943 16.6928 19.0794 20.337 20.3117 19.0636 16.7119 12.5362 7.71727 7.57843 7.54171 7.45047 7.45047 7.54171 7.60967 7.68813 4.54121 3.3942 2.22545 1.53206 1.56481 2.28763 3.3942 4.54121 3.12916 1.64429 1.12535 1.01369 1.01369 1.12535 1.64429 
7.83808 3.43771 1.64954 1.12706 1.12706 1.64954 3.43771 7.83808 12.6424 8.24161 4.32974 2.59704 2.59704 4.32974 8.24161 12.6424 17.9528 22.3023 24.2251 24.9904 24.9845 24.2123 22.3023 17.9528 13.0401 15.8291 17.7187 19.366 19.3401 17.7113 15.8464 13.0795 9.07469 9.196 9.65016 10.0991 10.0991 9.65016 9.28302 9.04171 6.0774 4.61127 2.98006 1.91474 1.95575 3.04924 4.61127 6.0774 4.42835 2.21358 1.25694 1.03265 1.03265 1.25694 2.21358 
7.03948 3.10292 1.55914 1.10421 1.10421 1.55914 3.10292 7.03948 12.1347 7.45357 3.7649 2.23469 2.23469 3.7649 7.45357 12.1347 18.0934 21.6628 22.8889 23.5113 23.4042 22.7729 21.6628 18.0934 13.8369 15.8238 17.7593 19.4139 19.2687 17.6058 15.6794 13.7282 10.3034 10.8538 11.5134 11.9147 11.9147 11.5134 11.014 10.2193 7.14367 5.48366 3.73995 2.40135 2.36776 3.66205 5.48366 7.14367 5.40723 2.72407 1.38279 1.0566 1.0566 1.38279 2.72407 
10.3559 4.5761 2.00937 1.22346 1.22346 2.00937 4.5761 10.3559 17.1436 10.2378 5.33673 2.99851 2.99851 5.33673 10.2378 17.1436 24.8987 28.2129 29.8903 30.333 30.333 29.8903 28.2129 24.8987 23.9967 26.3254 27.5887 28.0772 28.0772 27.5887 26.3254 23.9967 20.6281 21.9121 22.9956 23.3903 23.4904 23.0931 22.0748 20.7766 15.0104 12.7315 9.84861 7.13162 7.20079 9.90337 12.7331 15.0531 10.9744 5.5531 2.26311 1.3065 1.30314 2.25249 5.5163 
12.1342 5.31891 2.23653 1.28782 1.28782 2.23653 5.31891 12.1342 19.0431 11.6444 6.20979 3.51881 3.51881 6.20979 11.6444 19.0431 27.3373 30.9528 32.5852 33.0357 33.0357 32.5852 30.9528 27.3373 26.0478 27.3817 28.3912 29.2382 29.2382 28.3912 27.3817 26.0478 24.8956 27.4985 29.0062 29.5271 29.5276 29.0165 27.4984 24.8749 16.2629 13.8374 10.6415 7.71525 7.75271 10.6634 13.7953 16.2545 11.6695 5.65816 2.28856 1.29367 1.29196 2.2837 5.64049 
13.0019 5.68562 2.35614 1.31573 1.31573 2.35614 5.68562 13.0019 20.446 12.4742 6.52993 3.69155 3.69155 6.52993 12.4742 20.446 28.9499 32.4124 33.9188 34.325 34.325 33.9188 32.4124 28.9499 27.1378 27.167 28.2997 29.8068 29.8068 28.2997 27.167 27.1378 27.1574 30.2125 32.1732 32.8304 32.839 32.1938 30.2545 27.1398 17.4044 14.8799 11.3608 8.26654 8.30149 11.3837 14.8393 17.3953 12.3771 5.9171 2.37022 1.31296 1.31124 2.36527 5.89896 
13.2089 5.719 2.3319 1.28918 1.28918 2.3319 5.719 13.2089 21.1875 12.5188 6.13739 3.41334 3.41334 6.13739 12.5188 21.1875 29.8092 32.9614 34.2796 34.6401 34.6401 34.2796 32.9614 29.8092 27.4955 27.1298 28.3239 29.9991 29.9991 28.3239 27.1298 27.4955 28.0161 31.1945 33.1784 33.7928 33.798 33.1888 31.2183 28.0207 18.3943 15.798 11.5804 8.33069 8.35312 11.5969 15.7724 18.3885 13.1821 6.21631 2.44799 1.3197 1.31855 2.44442 6.20253 
13.1748 5.70496 2.32783 1.28798 1.28918 2.3319 5.719 13.2089 21.1356 12.5477 6.11492 3.39891 3.41334 6.13739 12.5188 21.1875 29.7809 32.9467 34.2714 34.6367 34.6401 34.2796 32.9614 29.8092 27.4798 27.1236 28.3158 30.015 29.9991 28.3239 27.1298 27.4955 28.0207 31.2183 33.1888 33.798 33.798 33.1888 31.2183 28.0207 18.3885 15.7724 11.5969 8.35312 8.35609 11.6077 15.7886 18.458 13.2078 6.20253 2.44442 1.31855 1.3197 2.44799 6.21631 
12.9383 5.65853 2.34743 1.31338 1.31573 2.35614 5.68562 13.0019 20.3964 12.5058 6.48439 3.66792 3.69155 6.52993 12.4742 20.446 28.9105 32.3814 33.9033 34.3186 34.325 33.9188 32.4124 28.9499 27.1063 27.1523 28.2969 29.8298 29.8068 28.2997 27.167 27.1378 27.1398 30.2545 32.1938 32.839 32.839 32.1938 30.2545 27.1398 17.3953 14.8393 11.3837 8.30149 8.30554 11.3961 14.8603 17.4604 12.409 5.89896 2.36527 1.31124 1.31296 2.37022 5.9171 
12.0676 5.2911 2.22791 1.28554 1.28782 2.23653 5.31891 12.1342 18.9959 11.6817 6.16921 3.49752 3.51881 6.20979 11.6444 19.0431 27.3043 30.9207 32.5666 33.0254 33.0357 32.5852 30.9528 27.3373 26.0077 27.3703 28.4005 29.2553 29.2382 28.3912 27.3817 26.0478 24.8749 27.4984 29.0165 29.5276 29.5276 29.0165 27.4984 24.8749 16.2545 13.7953 10.6634 7.75271 7.75728 10.6725 13.805 16.2982 11.702 5.64049 2.2837 1.29196 1.29367 2.28856 5.65816 
10.3017 4.55217 2.00159 1.22165 1.22346 2.00937 4.5761 10.3559 17.0793 10.2437 5.29082 2.97874 2.99851 5.33673 10.2378 17.1436 24.9348 28.2472 29.9403 30.3902 30.333 29.8903 28.2129 24.8987 24.0892 26.4776 27.7372 28.1927 28.0772 27.5887 26.3254 23.9967 20.7766 22.0748 23.0931 23.4904 23.4904 23.0931 22.0748 20.7766 15.0531 12.7331 9.90337 7.20079 7.19577 9.89443 12.7164 15.0504 10.9726 5.5163 2.25249 1.30314 1.3065 2.26311 5.5531 
9.16835 3.8187 1.72106 1.14037 1.14177 1.72661 3.83751 9.24032 16.8971 9.15589 4.03706 2.11453 2.15642 4.1452 9.27772 17.1635 27.3087 30.7391 32.7711 33.3174 33.3174 32.7711 30.7391 27.3087 30.2256 33.2221 33.83 33.606 33.6301 33.8453 33.2428 30.2583 25.0348 28.3133 29.6533 30.0984 30.0984 29.6533 28.3133 25.0348 16.2695 14.1989 12.2248 9.90584 9.89824 12.1984 14.1605 16.2627 12.3189 7.21312 3.18055 1.7423 1.7423 3.18055 7.21312 
8.09493 3.23963 1.53061 1.08757 1.08888 1.5355 3.25629 8.15764 15.9555 8.08479 3.36381 1.74515 1.77562 3.45246 8.21439 16.2729 27.5959 31.2442 33.4377 34.0526 34.0526 33.4377 31.2442 27.5959 31.1294 33.6254 34.2097 34.2031 34.2011 34.2101 33.631 31.1522 27.0442 30.5356 32.0464 32.5847 32.5847 32.0464 30.5356 27.0442 17.4589 15.2446 13.2534 11.0817 11.0824 13.2538 15.2405 17.4921 12.8318 7.34659 3.17103 1.74839 1.74839 3.17103 7.34659 
7.52183 2.9149 1.40456 1.06008 1.06109 1.40855 2.92936 7.57863 15.2767 7.38112 2.99791 1.57863 1.60251 3.06807 7.4811 15.5868 27.6217 31.4299 33.7328 34.3806 34.3806 33.7328 31.4299 27.6217 31.6867 33.758 34.3677 34.4992 34.499 34.3684 33.7635 31.7102 28.2275 31.8357 33.4645 34.0002 34.0002 33.4645 31.8357 28.2275 18.3692 15.7631 13.4009 10.9463 10.9478 13.402 15.7683 18.4171 13.2174 7.32878 3.12578 1.71451 1.71451 3.12578 7.32878 
7.26622 2.76078 1.33705 1.04213 1.04255 1.33886 2.76774 7.3008 14.9857 6.98811 2.76373 1.45211 1.46433 2.80226 7.02903 15.2567 27.6701 31.5312 33.7875 34.4371 34.4371 33.7875 31.5312 27.6701 32.0005 33.7724 34.4116 34.636 34.6359 34.4119 33.775 32.0117 28.8514 32.3822 34.005 34.4432 34.4432 34.005 32.3822 28.8514 19.4963 16.3029 13.0619 10.1654 10.1641 13.0634 16.3087 19.5512 13.7849 7.12064 2.97918 1.60963 1.60963 2.97918 7.12064 
7.3008 2.76774 1.33886 1.04255 1.04255 1.33886 2.76774 7.3008 14.9857 6.98811 2.76373 1.45211 1.45211 2.76373 6.98811 14.9857 27.8281 31.5885 33.7949 34.4388 34.4371 33.7875 31.5312 27.6701 32.0117 33.775 34.4119 34.6359 34.6359 34.4119 33.775 32.0117 28.7882 32.377 33.9921 34.4357 34.4432 34.005 32.3822 28.8514 19.5512 16.3087 13.0463 10.1237 10.1654 13.0619 16.3029 19.4963 13.7849 7.12064 2.97918 1.60963 1.60543 2.96904 7.09464 
7.57863 2.92936 1.40855 1.06109 1.06109 1.40855 2.92936 7.57863 15.2767 7.38112 2.99791 1.57863 1.57863 2.99791 7.38112 15.2767 27.7972 31.5224 33.7455 34.3848 34.3806 33.7328 31.4299 27.6217 31.7102 33.7635 34.3684 34.499 34.499 34.3684 33.7635 31.7102 28.1494 31.8113 33.4369 33.9864 34.0002 33.4645 31.8357 28.2275 18.4171 15.7683 13.3853 10.8717 10.9463 13.4009 15.7631 18.3692 13.2174 7.32878 3.12578 1.71451 1.70671 3.10684 7.29088 
8.15764 3.25629 1.5355 1.08888 1.08888 1.5355 3.25629 8.15764 15.9555 8.08479 3.36381 1.74515 1.74515 3.36381 8.08479 15.9555 27.7434 31.3492 33.4502 34.0548 34.0526 33.4377 31.2442 27.5959 31.1522 33.631 34.2101 34.2011 34.2011 34.2101 33.631 31.1522 26.9556 30.4931 32.0051 32.5592 32.5847 32.0464 30.5356 27.0442 17.4921 15.2405 13.2395 11.0021 11.0817 13.2534 15.2446 17.4589 12.8318 7.34659 3.17103 1.74839 1.73995 3.15017 7.30802 
9.24032 3.83751 1.72661 1.14177 1.14177 1.72661 3.83751 9.24032 16.8971 9.15589 4.03706 2.11453 2.11453 4.03706 9.15589 16.8971 27.463 30.8855 32.8092 33.3434 33.3174 32.7711 30.7391 27.3087 30.2583 33.2428 33.8453 33.6301 33.6301 33.8453 33.2428 30.2583 24.9695 28.3587 29.6919 30.1362 30.0984 29.6533 28.3133 25.0348 16.2627 14.1605 12.2116 9.85121 9.90584 12.2248 14.1989 16.2695 12.3189 7.21312 3.18055 1.7423 1.73582 3.16507 7.18227 
10.03 4.23714 1.84968 1.17675 1.17528 1.84455 4.23691 10.0287 17.3662 9.24494 4.06768 2.14141 2.14101 4.06686 9.22431 17.4427 27.9533 31.2339 33.1287 33.7636 33.7657 33.1334 31.2231 28.0142 28.46 32.3794 33.3468 33.0989 33.0614 33.3157 32.3349 28.4517 22.5038 26.723 28.303 28.9344 28.9505 28.3139 26.827 22.5006 10.4809 9.26771 8.66046 9.18896 9.1964 8.62734 9.20681 10.405 7.96813 5.64684 3.3953 2.04752 2.03262 3.37468 5.65955 
11.1946 4.68664 2.00374 1.22354 1.22192 1.99867 4.68655 11.1942 19.5128 10.6157 4.73128 2.45663 2.45622 4.72919 10.5899 19.5788 29.8165 32.4703 33.9532 34.4192 34.4191 33.9521 32.4517 29.8751 29.6948 32.6961 33.6503 33.7703 33.7675 33.644 32.6877 29.7435 25.1984 29.9329 31.86 32.5188 32.5111 31.8545 29.9444 25.1947 11.8394 11.17 11.2509 12.7806 12.8539 11.253 11.1476 11.7977 8.79808 6.27342 3.87045 2.36382 2.33992 3.84037 6.26748 
11.9768 5.07303 2.13184 1.25607 1.25439 2.12723 5.07291 11.9761 20.5346 11.2185 4.95785 2.54555 2.54547 4.95717 11.1945 20.6 30.7945 33.1183 34.3725 34.7168 34.7164 34.3712 33.1037 30.8506 30.4628 32.8429 33.7757 34.0629 34.0601 33.7702 32.837 30.5085 26.768 31.2875 33.2556 33.9366 33.951 33.2788 31.3218 26.7646 13.4704 12.7313 12.6449 13.9207 13.9823 12.6469 12.7072 13.4285 9.77471 6.87752 4.22774 2.5677 2.54243 4.19573 6.87172 
12.2354 5.17725 2.14837 1.24482 1.2439 2.14614 5.17714 12.2348 20.8501 11.3444 4.95571 2.51672 2.51668 4.95545 11.3226 20.9146 31.1531 33.2844 34.4862 34.7819 34.7816 34.4854 33.2747 31.2029 30.8685 32.8219 33.7595 34.2153 34.2136 33.7566 32.8196 30.8962 27.5652 31.7922 33.7322 34.3488 34.3579 33.7498 31.82 27.5617 15.4543 13.9396 13.1519 12.9925 13.024 13.1599 13.925 15.4355 10.965 6.8919 3.78266 2.22245 2.21145 3.76349 6.8824 
12.2348 5.17714 2.14614 1.2439 1.2439 2.14614 5.17714 12.2348 20.9146 11.3226 4.95545 2.51668 2.51672 4.95571 11.3226 20.9146 31.1531 33.2844 34.4862 34.7819 34.7819 34.4862 33.2844 31.1531 30.8962 32.8196 33.7566 34.2136 34.2153 33.7595 32.8219 30.8685 27.5617 31.7929 33.7326 34.3491 34.3488 33.7322 31.7922 27.5652 15.4355 13.925 13.1599 13.024 12.9925 13.1519 13.925 15.4543 10.965 6.8919 3.78266 2.21145 2.22245 3.78266 6.8919 
11.9761 5.07291 2.12723 1.25439 1.25439 2.12723 5.07291 11.9761 20.6 11.1945 4.95717 2.54547 2.54555 4.95785 11.1945 20.6 30.7945 33.1183 34.3725 34.7168 34.7168 34.3725 33.1183 30.7945 30.5085 32.837 33.7702 34.0601 34.0629 33.7757 32.8429 30.4628 26.7646 31.2874 33.2557 33.937 33.9366 33.2556 31.2875 26.768 13.4285 12.7072 12.6469 13.9823 13.9207 12.6449 12.7072 13.4704 9.77471 6.87752 4.22774 2.54243 2.5677 4.22774 6.87752 
11.1942 4.68655 1.99867 1.22192 1.22192 1.99867 4.68655 11.1942 19.5788 10.5899 4.72919 2.45622 2.45663 4.73128 10.5899 19.5788 29.8165 32.4703 33.9532 34.4192 34.4192 33.9532 32.4703 29.8165 29.7435 32.6877 33.644 33.7675 33.7703 33.6503 32.6961 29.6948 25.1947 29.9333 31.8603 32.5195 32.5188 31.86 29.9329 25.1984 11.7977 11.1476 11.253 12.8539 12.7806 11.2509 11.1476 11.8394 8.79808 6.27342 3.87045 2.33992 2.36382 3.87045 6.27342 
10.0287 4.23691 1.84455 1.17528 1.17528 1.84455 4.23691 10.0287 17.4427 9.22431 4.06686 2.14101 2.14141 4.06768 9.22431 17.4427 27.9533 31.2339 33.1287 33.7636 33.7636 33.1287 31.2339 27.9533 28.4517 32.3349 33.3157 33.0614 33.0989 33.3468 32.3794 28.46 22.5006 26.7261 28.3087 28.935 28.9344 28.303 26.723 22.5038 10.405 9.20681 8.62734 9.1964 9.18896 8.66046 9.20681 10.4809 7.96813 5.64684 3.3953 2.03262 2.04752 3.3953 5.64684 
7.50824 3.12937 1.49144 1.07601 1.07601 1.49144 3.12937 7.50824 13.4336 6.94677 3.06352 1.65493 1.64805 3.04538 6.91168 13.3713 24.6607 28.7419 31.3417 32.2409 32.2627 31.3475 28.7447 24.7209 22.662 26.1436 27.4027 27.372 27.2247 27.238 25.9985 22.584 17.2533 20.8934 22.5634 23.0765 22.9913 22.4644 20.8075 17.226 8.62723 6.50564 4.15613 2.82886 2.82886 4.15613 6.50564 8.60933 5.63848 3.03445 1.75508 1.20579 1.20579 1.75508 3.03445 
7.22378 2.90069 1.39272 1.05171 1.05171 1.39272 2.90069 7.22378 13.3552 6.75366 2.90174 1.5776 1.57147 2.88752 6.73326 13.3288 25.1888 29.45 32.3864 33.4656 33.4504 32.3529 29.4155 25.2017 22.8623 26.5476 27.8484 28.386 28.3905 27.8593 26.5728 22.9343 17.5554 22.4236 25.8246 27.7087 27.7096 25.8065 22.3828 17.588 8.00082 5.40596 2.94225 1.72344 1.72344 2.94225 5.40596 7.99916 5.08907 2.48262 1.38072 1.0682 1.0682 1.38072 2.48262 
7.00944 2.75676 1.34432 1.04221 1.04221 1.34432 2.75676 7.00944 13.2884 6.59885 2.78847 1.52101 1.51533 2.77536 6.58019 13.2648 25.4696 29.8768 32.934 34.0187 34.0059 32.9031 29.8434 25.4846 22.7189 26.0157 27.83 29.0819 29.0873 27.8399 26.0398 22.7974 17.717 23.7582 28.1767 30.5016 30.4913 28.1538 23.7189 17.7652 6.90925 4.11726 2.02465 1.23245 1.23245 2.02465 4.11726 6.90875 4.2058 1.94149 1.17837 1.02005 1.02005 1.17837 1.94149 
6.87869 2.6544 1.30413 1.03327 1.03327 1.30413 2.6544 6.87869 13.3048 6.48588 2.63824 1.43112 1.42811 2.63167 6.47664 13.2911 25.6413 30.184 33.187 34.1364 34.1291 33.1709 30.1608 25.6554 22.5795 25.5855 27.723 29.4362 29.4394 27.728 25.5963 22.6231 17.8639 25.0388 29.8363 31.7756 31.771 29.8251 25.0093 17.899 5.85479 3.21766 1.5787 1.08261 1.08261 1.5787 3.21766 5.85455 3.26908 1.55505 1.083 1.00663 1.00663 1.083 1.55505 
6.87934 2.65435 1.3052 1.03345 1.03327 1.30413 2.6544 6.87869 13.2911 6.47664 2.63167 1.42811 1.42811 2.63167 6.47664 13.2911 25.6413 30.184 33.187 34.1364 34.1364 33.187 30.184 25.6413 22.6231 25.5963 27.728 29.4394 29.4362 27.723 25.5855 22.5795 17.899 25.0093 29.8251 31.771 31.771 29.8251 25.0093 17.899 5.85455 3.23003 1.58133 1.08245 1.0817 1.58067 3.23116 5.85479 3.26908 1.55505 1.083 1.00663 1.00654 1.08233 1.55183 
7.01016 2.75671 1.34671 1.04266 1.04221 1.34432 2.75676 7.00944 13.2648 6.58019 2.77536 1.51533 1.51533 2.77536 6.58019 13.2648 25.4696 29.8768 32.934 34.0187 34.0187 32.934 29.8768 25.4696 22.7974 26.0398 27.8399 29.0873 29.0819 27.83 26.0157 22.7189 17.7652 23.7189 28.1538 30.4913 30.4913 28.1538 23.7189 17.7652 6.90875 4.1402 2.02884 1.23176 1.22876 2.02356 4.13788 6.90925 4.2058 1.94149 1.17837 1.02005 1.01977 1.17675 1.93533 
7.22453 2.90064 1.39543 1.05223 1.05171 1.39272 2.90069 7.22378 13.3288 6.73326 2.88752 1.57147 1.57147 2.88752 6.73326 13.3288 25.1888 29.45 32.3864 33.4656 33.4656 32.3864 29.45 25.1888 22.9343 26.5728 27.8593 28.3905 28.386 27.8484 26.5476 22.8623 17.588 22.3828 25.8065 27.7096 27.7096 25.8065 22.3828 17.588 7.99916 5.43397 2.94443 1.72082 1.71152 2.93082 5.44056 8.00082 5.08907 2.48262 1.38072 1.0682 1.06744 1.37774 2.475 
7.50871 3.12927 1.49269 1.07637 1.07601 1.49144 3.12937 7.50824 13.3713 6.91168 3.04538 1.64805 1.64805 3.04538 6.91168 13.3713 24.6607 28.7419 31.3417 32.2409 32.2409 31.3417 28.7419 24.6607 22.584 25.9985 27.238 27.2247 27.372 27.4027 26.1436 22.662 17.226 20.8075 22.4644 22.9913 22.9913 22.4644 20.8075 17.226 8.60933 6.50993 4.11936 2.78844 2.75001 4.0835 6.51028 8.62723 5.63848 3.03445 1.75508 1.20579 1.20037 1.73807 3.00587 
4.98632 2.07493 1.20148 1.0255 1.0255 1.20148 2.07493 4.98632 9.65557 4.66402 1.97156 1.22087 1.22087 1.97156 4.66402 9.65557 19.8616 25.5835 27.9982 28.7169 28.7169 27.9982 25.5835 19.8616 13.8504 13.1457 12.8092 13.1624 13.016 12.6417 12.983 13.7539 13.5506 16.4642 15.1972 13.8876 13.7893 15.0822 16.4642 13.5506 6.63933 4.57405 2.35159 1.53848 1.54584 2.37243 4.60427 6.70176 3.43188 1.54886 1.06378 1.00191 1.00166 1.06311 1.54886 
4.89151 2.03043 1.19436 1.02498 1.02498 1.19436 2.03043 4.89151 9.67689 4.57557 1.9094 1.18882 1.18882 1.9094 4.57557 9.67689 20.2872 27.2754 30.2357 31.1501 31.1501 30.2357 27.2754 20.2872 13.4996 12.1169 10.2761 9.47084 9.46863 10.2712 12.1122 13.4998 13.0203 16.3696 13.8843 11.3537 11.3803 13.8871 16.3696 13.0203 6.05602 3.82495 1.91223 1.31644 1.31776 1.91711 3.83008 6.09004 3.10573 1.47261 1.06361 1.0052 1.0052 1.06349 1.47261 
4.87557 2.01507 1.18597 1.02361 1.02361 1.18597 2.01507 4.87557 9.74691 4.60872 1.91123 1.18375 1.18375 1.91123 4.60872 9.74691 20.6859 28.3315 31.6451 32.6951 32.6951 31.6451 28.3315 20.6859 13.2719 11.5407 8.90081 7.32283 7.32046 8.89469 11.5378 13.2728 12.6373 16.0754 12.9275 9.69823 9.72428 12.9276 16.0754 12.6373 5.94166 3.66338 1.83673 1.29409 1.29438 1.83768 3.66365 5.96764 3.06544 1.47986 1.07099 1.00677 1.00679 1.07091 1.47986 
4.86485 1.99809 1.17002 1.01906 1.01906 1.17002 1.99809 4.86485 9.73104 4.61838 1.90614 1.17056 1.17056 1.90614 4.61838 9.73104 20.7498 28.734 32.1405 33.1845 33.1845 32.1405 28.734 20.7498 13.5231 12.3263 9.18901 5.93578 5.93406 9.18456 12.3269 13.5222 12.5259 15.9034 12.5171 9.01974 9.03486 12.5141 15.9034 12.5259 5.96772 3.52811 1.75853 1.24414 1.24415 1.75857 3.52663 5.99011 3.11655 1.49923 1.07162 1.00659 1.00663 1.07173 1.49923 
4.86833 1.99671 1.1693 1.01888 1.01906 1.17002 1.99809 4.86485 9.71254 4.61627 1.90649 1.17107 1.17056 1.90614 4.61838 9.73104 20.7498 28.734 32.1405 33.1845 33.1845 32.1393 28.7389 20.7294 13.5222 12.3269 9.18456 5.93406 5.93406 9.18456 12.3269 13.5222 12.5561 15.8926 12.5141 9.03486 9.01974 12.5171 15.9045 12.529 5.97187 3.51249 1.74702 1.24148 1.24282 1.75472 3.52046 5.99412 3.11655 1.49923 1.07173 1.00663 1.00659 1.07162 1.49954 
4.87918 2.01205 1.18454 1.02325 1.02361 1.18597 2.01507 4.87557 9.71932 4.60714 1.91261 1.18491 1.18375 1.91123 4.60872 9.74691 20.6859 28.3315 31.6451 32.6951 32.6946 31.6434 28.3422 20.6636 13.2728 11.5378 8.89469 7.32046 7.32046 8.89469 11.5378 13.2728 12.6687 16.0602 12.9276 9.72428 9.69823 12.9275 16.0761 12.6403 5.94505 3.63777 1.8172 1.28983 1.29213 1.83111 3.65421 5.97086 3.06544 1.47986 1.07091 1.00679 1.00677 1.07099 1.48132 
4.89275 2.02678 1.1928 1.02459 1.02498 1.19436 2.03043 4.89151 9.65229 4.57595 1.91148 1.19014 1.18882 1.9094 4.57557 9.67689 20.2872 27.2754 30.2357 31.1501 31.1516 30.2387 27.2863 20.2793 13.4998 12.1122 10.2712 9.46863 9.46863 10.2712 12.1122 13.4998 13.0505 16.3512 13.8871 11.3803 11.3537 13.8843 16.3698 13.0245 6.05714 3.79396 1.89389 1.31456 1.3163 1.91144 3.81953 6.0911 3.10573 1.47261 1.06349 1.0052 1.0052 1.06361 1.4741 
4.96585 2.06732 1.19949 1.02509 1.0255 1.20148 2.07493 4.98632 9.60798 4.65571 1.97206 1.22163 1.22087 1.97156 4.66402 9.65557 19.8616 25.5835 27.9982 28.7169 28.7163 27.9986 25.5359 19.8324 13.7539 12.983 12.6417 13.016 13.016 12.6417 12.983 13.7539 13.4958 16.3339 15.0822 13.7893 13.8876 15.1972 16.3926 13.5041 6.59134 4.50014 2.321 1.54059 1.5399 2.34972 4.56275 6.66648 3.43188 1.54886 1.06311 1.00166 1.00191 1.06378 1.54933 
1.78525 1.1553 1.02185 1.00205 1.00206 1.02186 1.15485 1.77875 3.1861 1.67268 1.11106 1.01342 1.01413 1.11492 1.69648 3.2242 10.4762 13.7726 15.3525 15.97 15.97 15.3525 13.7726 10.4762 6.16381 4.89768 4.31887 4.49728 4.49728 4.31887 4.89768 6.16381 7.49464 9.45175 8.54677 7.68887 7.74549 8.60352 9.45296 7.49522 3.08985 2.09164 1.32902 1.08661 1.08459 1.32779 2.0797 3.07123 1.69314 1.11215 1.01225 1.00051 1.00051 1.01242 1.11334 
1.2274 1.04055 1.00458 1.00014 1.00015 1.00464 1.04091 1.22854 1.66776 1.15323 1.01848 1.00102 1.00102 1.01865 1.15599 1.66641 4.45111 5.8581 6.64209 6.94376 6.94376 6.64209 5.8581 4.45111 2.86772 2.16698 1.88451 1.9985 1.9985 1.88451 2.16698 2.86772 3.68765 4.63193 3.99725 3.25218 3.25633 3.98814 4.63171 3.68774 1.61015 1.25529 1.065 1.0112 1.01079 1.06426 1.25358 1.61039 1.20108 1.03019 1.00279 0.99987 0.999865 1.00276 1.03001 
1.03678 1.00532 1.00043 0.999917 0.999917 1.00044 1.00535 1.03696 1.11038 1.01841 1.00125 0.999809 0.999811 1.00127 1.01893 1.11049 1.94742 2.4681 2.76998 2.84186 2.84186 2.76998 2.4681 1.94742 1.41877 1.21211 1.13846 1.16843 1.16843 1.13846 1.21211 1.41877 1.96398 2.25703 1.83319 1.45645 1.45655 1.82744 2.25715 1.96409 1.1047 1.03246 1.00572 1.00039 1.00035 1.00564 1.03222 1.10468 1.03062 1.00391 1.00022 0.999925 0.999926 1.00022 1.00387 
1.00435 1.00043 0.999885 0.999968 0.999968 0.999885 1.00043 1.00437 1.01289 1.00113 0.999852 0.999959 0.999959 0.999856 1.00118 1.01289 1.21662 1.40463 1.52496 1.52154 1.52154 1.52496 1.40463 1.21662 1.06106 1.03109 1.01821 1.02444 1.02444 1.01821 1.03109 1.06106 1.31827 1.41259 1.21912 1.07144 1.07115 1.2169 1.41266 1.31829 1.01373 1.00218 1.00003 0.9999 0.999895 1.00003 1.00217 1.01372 1.00289 1.00021 0.999911 0.999985 0.999985 0.999911 1.00021 
1.00437 1.00043 0.999885 0.999968 0.999968 0.999885 1.00043 1.00437 1.01289 1.00113 0.999852 0.999959 0.999959 0.999852 1.00113 1.01289 1.21875 1.41376 1.56524 1.53273 1.53273 1.56524 1.41376 1.21875 1.06057 1.031 1.0182 1.02444 1.02444 1.01821 1.03109 1.06106 1.31829 1.41266 1.21916 1.07142 1.07144 1.21912 1.41259 1.31827 1.01372 1.00212 1.00003 0.999901 0.9999 1.00003 1.00218 1.01373 1.00289 1.00021 0.999911 0.999985 0.999985 0.999911 1.00021 
1.03696 1.00535 1.00044 0.999917 0.999917 1.00044 1.00535 1.03696 1.11038 1.01841 1.00125 0.999809 0.999809 1.00125 1.01841 1.11038 1.95088 2.49583 2.87527 2.87098 2.87098 2.87527 2.49583 1.95088 1.41668 1.21166 1.13842 1.16841 1.16843 1.13846 1.21211 1.41877 1.96409 2.25715 1.83345 1.45638 1.45645 1.83319 2.25703 1.96398 1.10468 1.03214 1.0057 1.00039 1.00039 1.00572 1.03246 1.1047 1.03062 1.00391 1.00022 0.999925 0.999925 1.00022 1.00391 
1.22854 1.04091 1.00464 1.00015 1.00015 1.00464 1.04091 1.22854 1.66776 1.15323 1.01848 1.00102 1.00102 1.01848 1.15323 1.66776 4.44937 5.92693 6.82462 7.00066 7.00066 6.82462 5.92693 4.44937 2.86426 2.16416 1.88229 1.99706 1.9985 1.88451 2.16698 2.86772 3.68774 4.63171 3.99882 3.25216 3.25218 3.99725 4.63193 3.68765 1.61039 1.25472 1.06512 1.01121 1.0112 1.065 1.25529 1.61015 1.20108 1.03019 1.00279 0.99987 0.99987 1.00279 1.03019 
1.77875 1.15485 1.02186 1.00206 1.00206 1.02186 1.15485 1.77875 3.1861 1.67268 1.11106 1.01342 1.01342 1.11106 1.67268 3.1861 10.277 13.6209 14.8888 15.7802 15.7802 14.8888 13.6209 10.277 6.13157 4.87246 4.29532 4.46995 4.49728 4.31887 4.89768 6.16381 7.49522 9.45296 8.54378 7.68191 7.68887 8.54677 9.45175 7.49464 3.07123 2.07713 1.32206 1.08438 1.08661 1.32902 2.09164 3.08985 1.69314 1.11215 1.01225 1.00051 1.00051 1.01225 1.11215 
1.14051 1.02468 1.00368 1.00041 1.00041 1.00368 1.02468 1.14051 1.59623 1.12791 1.01722 1.0015 1.0015 1.01722 1.12791 1.59623 4.20861 6.01365 6.62267 7.12837 7.12837 6.62267 6.01365 4.20861 3.05288 2.45071 2.21124 1.95515 1.95515 2.21124 2.45071 3.05288 3.70736 4.56871 3.8734 3.13108 3.13259 3.88132 4.59086 3.73059 1.65356 1.22551 1.05198 1.00861 1.00861 1.05198 1.22551 1.65356 1.14948 1.02215 1.00214 1.00019 1.00019 1.00214 1.02215 
1.01672 1.00292 1.00032 0.999954 0.999954 1.00032 1.00292 1.01672 1.12264 1.02027 1.00191 0.999963 0.999963 1.00191 1.02027 1.12264 2.73386 3.82492 4.13375 4.05595 4.05595 4.13375 3.82492 2.73386 1.74977 1.47734 1.34081 1.21775 1.21775 1.34081 1.47734 1.74977 1.67305 1.88901 1.60563 1.37508 1.37468 1.60657 1.89272 1.67854 1.13235 1.03711 1.00628 1.00046 1.00046 1.00628 1.03711 1.13235 1.03071 1.00461 1.0005 0.99994 0.99994 1.0005 1.00461 
1.00073 1.00019 0.999965 0.999985 0.999985 0.999965 1.00019 1.00073 1.02021 1.00256 1.00007 0.999916 0.999916 1.00007 1.00256 1.02021 1.72371 2.39314 2.64774 2.2484 2.2484 2.64774 2.39314 1.72371 1.18875 1.10366 1.0644 1.03284 1.03284 1.0644 1.10366 1.18875 1.10883 1.13858 1.07726 1.03774 1.03761 1.07739 1.13937 1.11013 1.02023 1.00425 1.00031 0.999846 0.999846 1.00031 1.00425 1.02023 1.00464 1.00057 0.999969 0.999975 0.999975 0.999969 1.00057 
0.999836 0.999949 0.999988 1 1 0.999988 0.999949 0.999836 1.00254 1.00007 0.999932 0.999985 0.999985 0.999932 1.00007 1.00254 1.21014 1.4951 1.64291 1.40399 1.40399 1.64291 1.4951 1.21014 1.03175 1.01324 1.00707 1.00297 1.00297 1.00707 1.01324 1.03175 1.00886 1.01163 1.00525 1.00199 1.00197 1.00525 1.01176 1.00912 1.00199 1.00013 0.999908 0.999967 0.999967 0.999908 1.00013 1.00199 1.00055 0.999952 0.999972 0.999998 0.999998 0.999972 0.999952 
0 0 0 0 1 0.999988 0.999949 0.999836 1.00254 1.00007 0.999932 0.999985 0.999985 0.999932 1.00007 1.00278 1.21014 1.4951 1.64291 1.40399 1.39934 1.63185 1.48661 1.20734 1.03149 1.01305 1.00696 1.00292 1.00297 1.00707 1.01324 1.03175 1.00912 1.01176 1.00525 1.00197 1.00199 1.00525 1.01163 1.00886 1.00195 1.00012 0.999908 0.999967 0.999967 0.999908 1.00013 1.00199 1.00055 0.999952 0.999972 0.999998 0 0 0 
0 0 0 0 0.999985 0.999965 1.00019 1.00073 1.02021 1.00256 1.00007 0.999916 0.999916 1.00007 1.00256 1.02157 1.72371 2.39314 2.64774 2.2484 2.2354 2.62603 2.37268 1.71448 1.18713 1.10229 1.06357 1.03246 1.03284 1.0644 1.10366 1.18875 1.11013 1.13937 1.07739 1.03761 1.03774 1.07726 1.13858 1.10883 1.02012 1.00421 1.00031 0.999846 0.999846 1.00031 1.00425 1.02023 1.00464 1.00057 0.999969 0.999975 0 0 0 
0 0 0 0 0.999954 1.00032 1.00292 1.01672 1.12264 1.02027 1.00191 0.999963 0.999962 1.00191 1.02027 1.12675 2.73386 3.82492 4.13375 4.05595 4.04109 4.12254 3.81172 2.72443 1.74462 1.47251 1.33753 1.216 1.21775 1.34081 1.47734 1.74977 1.67854 1.89272 1.60657 1.37468 1.37508 1.60563 1.88901 1.67305 1.13227 1.03696 1.00629 1.00047 1.00046 1.00628 1.03711 1.13235 1.03071 1.00461 1.0005 0.99994 0 0 0 
