0 0 0 0 1.00119 1.0114 1.10102 1.55863 2.57326 1.61337 1.13841 1.02615 1.02616 1.13845 1.61334 2.57334 4.51762 5.02566 5.31518 5.361 5.3487 5.29486 5.00494 4.50894 5.3758 6.24093 7.48856 9.58067 9.58012 7.4996 6.24672 5.37093 2.88639 2.90644 2.62049 2.36572 2.358 2.60503 2.88699 2.86218 1.74209 1.30925 1.08134 1.0189 1.01889 1.08132 1.30918 1.7421 1.35642 1.08388 1.0119 1.00121 0 0 0 
0 0 0 0 1.0001 1.00204 1.02096 1.11759 1.32378 1.1035 1.01915 1.00244 1.00244 1.01915 1.10349 1.32378 1.99129 2.04368 2.11117 2.11634 2.11445 2.1072 2.03955 1.99472 3.43093 4.59295 5.75642 6.97635 6.96983 5.75477 4.58643 3.41748 1.68522 1.77625 1.48709 1.29279 1.29492 1.49054 1.7807 1.68346 1.13854 1.04622 1.00987 1.00121 1.00121 1.00987 1.04622 1.13852 1.06879 1.01445 1.0017 1.00004 0 0 0 
0 0 0 0 0.99995 1.00027 1.0024 1.01457 1.03916 1.01036 1.00133 0.999902 0.999902 1.00133 1.01036 1.03916 1.19522 1.16965 1.18202 1.17626 1.17594 1.1813 1.16899 1.19778 2.21972 3.63037 4.76357 4.83664 4.81563 4.74644 3.61151 2.20375 1.16226 1.1955 1.10271 1.0449 1.04543 1.10397 1.19767 1.16171 1.01741 1.00456 1.00075 1.00003 1.00003 1.00075 1.00456 1.01741 1.00865 1.00175 1.00004 0.999949 0 0 0 
0 0 0 0 0.999985 0.999976 1.00016 1.00148 1.00239 1.00012 0.999862 0.999929 0.999929 0.999862 1.00012 1.00239 1.0291 1.01553 1.01631 1.01532 1.01528 1.01622 1.01545 1.03006 1.44062 2.7848 4.30856 3.13394 3.10814 4.25171 2.75088 1.43413 1.0288 1.03589 1.01487 1.00458 1.00466 1.01509 1.03635 1.02845 1.00129 1.00009 0.999971 0.999967 0.999967 0.999971 1.00009 1.00129 1.00082 1.00004 0.999951 0.999989 0 0 0 
1.00148 1.00016 0.999976 0.999985 0.999985 0.999976 1.00016 1.00148 1.00239 1.00012 0.999862 0.999929 0.999929 0.999862 1.00012 1.00239 1.0291 1.01553 1.01631 1.01532 1.01532 1.01631 1.01553 1.0291 1.44062 2.7848 4.30856 3.13394 3.13394 4.30856 2.7848 1.44062 1.02845 1.03635 1.01509 1.00466 1.00466 1.01509 1.03635 1.02845 1.00129 1.00009 0.999971 0.999967 0.999967 0.999971 1.00009 1.00129 1.00082 1.00004 0.999951 0.999989 0.999989 0.999951 1.00004 
1.01457 1.0024 1.00027 0.99995 0.99995 1.00027 1.0024 1.01457 1.03916 1.01036 1.00133 0.999902 0.999902 1.00133 1.01036 1.03916 1.19522 1.16965 1.18202 1.17626 1.17626 1.18202 1.16965 1.19522 2.21972 3.63037 4.76357 4.83664 4.83664 4.76357 3.63037 2.21972 1.16171 1.19767 1.10397 1.04543 1.04543 1.10397 1.19767 1.16171 1.01741 1.00456 1.00075 1.00003 1.00003 1.00075 1.00456 1.01741 1.00865 1.00175 1.00004 0.999949 0.999949 1.00004 1.00175 
1.11759 1.02096 1.00204 1.0001 1.0001 1.00204 1.02096 1.11759 1.32378 1.10349 1.01915 1.00244 1.00244 1.01915 1.10349 1.32378 1.99129 2.04368 2.11117 2.11634 2.11634 2.11117 2.04368 1.99129 3.43093 4.59295 5.75642 6.97635 6.97635 5.75642 4.59295 3.43093 1.68346 1.7807 1.49054 1.29492 1.29492 1.49054 1.7807 1.68346 1.13852 1.04622 1.00987 1.00121 1.00121 1.00987 1.04622 1.13852 1.06879 1.01445 1.0017 1.00004 1.00004 1.0017 1.01445 
1.55863 1.10102 1.0114 1.00119 1.00119 1.0114 1.10102 1.55863 2.57334 1.61334 1.13845 1.02616 1.02616 1.13845 1.61334 2.57334 4.51762 5.02566 5.31518 5.361 5.361 5.31518 5.02566 4.51762 5.3758 6.24093 7.48856 9.58067 9.58067 7.48856 6.24093 5.3758 2.86218 2.88699 2.60503 2.358 2.358 2.60503 2.88699 2.86218 1.7421 1.30918 1.08132 1.01889 1.01889 1.08132 1.30918 1.7421 1.35642 1.08388 1.0119 1.00121 1.00121 1.0119 1.08388 
3.23842 1.74862 1.16656 1.02213 1.02213 1.16656 1.74862 3.23842 5.06183 2.92819 1.55083 1.14927 1.14927 1.55083 2.92819 5.06183 8.52963 9.89115 10.578 10.7344 10.7344 10.578 9.89115 8.52963 8.00697 8.72333 9.73929 11.2163 11.1777 9.658 8.64306 7.93841 6.06441 6.3937 6.75662 6.94564 6.73592 6.58849 6.41618 6.08706 3.28784 2.25596 1.48882 1.19104 1.19104 1.48882 2.25596 3.28784 2.065 1.22912 1.02385 1.00124 1.00124 1.02385 1.22912 
2.04038 1.35992 1.06159 1.00623 1.00623 1.06159 1.35992 2.04038 2.57259 1.63619 1.1354 1.02457 1.02457 1.1354 1.63619 2.57259 4.5456 5.03527 5.26116 5.25345 5.25345 5.26116 5.03527 4.5456 5.59279 6.42454 6.91341 7.3229 7.33296 6.91467 6.42172 5.582 3.26383 3.22865 3.02286 2.87352 2.87421 3.07805 3.22385 3.25616 1.67315 1.27378 1.06279 1.01647 1.01647 1.06279 1.27378 1.67315 1.27042 1.04459 1.00368 0.999901 0.999901 1.00368 1.04459 
1.29941 1.09593 1.01184 1.00065 1.00065 1.01184 1.09593 1.29941 1.35454 1.11217 1.0167 1.00146 1.00146 1.0167 1.11217 1.35454 2.1051 2.13331 2.17186 2.13442 2.13442 2.17186 2.13331 2.1051 4.2994 5.44016 5.78835 5.39501 5.40963 5.79206 5.45028 4.3096 1.77784 1.68024 1.53396 1.39604 1.3982 1.55459 1.67978 1.77654 1.12304 1.03523 1.00355 1.0002 1.0002 1.00355 1.03523 1.12304 1.04387 1.00592 1.00033 0.99993 0.99993 1.00033 1.00592 
1.06534 1.01743 1.00136 0.999834 0.999834 1.00136 1.01743 1.06534 1.06022 1.01316 1.0008 0.999729 0.999729 1.0008 1.01316 1.06022 1.30662 1.27247 1.27172 1.24625 1.24625 1.27172 1.27247 1.30662 3.45921 5.48357 6.63874 4.63362 4.6613 6.70534 5.53867 3.49087 1.22932 1.1846 1.11721 1.05639 1.058 1.12353 1.18471 1.22904 1.01654 1.00245 0.999805 0.999935 0.999935 0.999805 1.00245 1.01654 1.00552 1.00055 0.999889 0.999975 0.999975 0.999889 1.00055 
1.06537 1.01739 1.00135 0.999833 0.999834 1.00136 1.01743 1.06534 1.05932 1.01315 1.00081 0.999731 0.999729 1.0008 1.01316 1.06022 1.30662 1.27247 1.27397 1.24762 1.24762 1.27397 1.27505 1.31261 3.49087 5.53867 6.70534 4.6613 4.6613 6.70534 5.53867 3.49087 1.22904 1.18471 1.12353 1.058 1.05639 1.11721 1.18471 1.22904 1.01669 1.00246 0.999827 0.999938 0.999938 0.999827 1.00246 1.01669 1.00552 1.00055 0.999889 0.999975 0.999975 0.999889 1.00055 
1.29949 1.09556 1.0118 1.00064 1.00065 1.01184 1.09593 1.29941 1.35232 1.11261 1.01684 1.00148 1.00146 1.0167 1.11217 1.35454 2.1051 2.13331 2.17876 2.13817 2.13817 2.17876 2.14148 2.12039 4.3096 5.45028 5.79206 5.40963 5.40963 5.79206 5.45028 4.3096 1.77654 1.67978 1.55459 1.3982 1.39604 1.53396 1.67978 1.77654 1.12405 1.03556 1.00376 1.00025 1.00025 1.00376 1.03556 1.12405 1.04387 1.00592 1.00033 0.99993 0.99993 1.00032 1.00587 
2.03927 1.35824 1.0613 1.00619 1.00623 1.06159 1.35992 2.04038 2.56497 1.63949 1.1362 1.02473 1.02457 1.1354 1.63619 2.57259 4.5456 5.03527 5.26903 5.25549 5.25549 5.26903 5.04433 4.5632 5.582 6.42172 6.91467 7.33296 7.33296 6.91467 6.42172 5.582 3.25616 3.22385 3.07805 2.87421 2.87352 3.02286 3.22385 3.25616 1.679 1.27648 1.06469 1.01703 1.01703 1.06469 1.27648 1.679 1.27042 1.04459 1.00368 0.999901 0.999891 1.00362 1.04427 
3.25156 1.75241 1.16738 1.02224 1.02213 1.16656 1.74862 3.23842 5.1447 2.98813 1.55978 1.15223 1.14927 1.55083 2.92819 5.06183 8.52963 9.89115 10.6534 10.81 10.81 10.6534 9.95759 8.60213 7.93841 8.64306 9.658 11.1777 11.1777 9.658 8.64306 7.93841 6.08706 6.41618 6.58849 6.73592 6.94564 6.75662 6.41618 6.08706 3.32656 2.27976 1.50621 1.19802 1.19802 1.50621 2.27976 3.32656 2.065 1.22912 1.02385 1.00124 1.00122 1.02363 1.22925 
6.95162 3.08179 1.55813 1.10545 1.10545 1.55813 3.08179 6.95162 12.063 7.44855 3.79756 2.25946 2.25351 3.78847 7.44994 12.0364 17.9624 21.4533 22.704 23.3306 23.3306 22.704 21.3688 18.002 13.6772 15.6495 17.7062 19.3573 19.4992 17.7062 15.6516 13.6803 10.159 10.7075 11.4577 11.904 12.0374 11.4577 10.7075 10.159 7.0914 5.44473 3.73957 2.4132 2.4132 3.73957 5.44473 7.0914 5.3885 2.72857 1.38633 1.05776 1.05776 1.38338 2.71387 
7.76433 3.42496 1.65065 1.12909 1.12909 1.65065 3.42496 7.76433 12.6213 8.25528 4.3942 2.63564 2.62355 4.36843 8.27003 12.6275 17.9492 22.2198 24.1659 24.9457 24.9457 24.1659 22.2012 17.9062 13.0777 15.8606 17.7382 19.3675 19.3928 17.7382 15.8617 13.0774 9.01559 9.12142 9.63458 10.1399 10.0702 9.63458 9.12142 9.01559 6.07269 4.61805 3.0123 1.93644 1.93644 3.0123 4.61805 6.07269 4.42796 2.22264 1.26031 1.03336 1.03335 1.25827 2.21637 
6.93651 3.16935 1.55726 1.09731 1.09731 1.55726 3.16935 6.93651 11.1207 7.07665 3.641 2.16604 2.15692 3.62137 7.08922 11.127 16.4486 20.5709 22.3679 22.842 22.842 22.3679 20.5548 16.4179 12.5651 16.7746 19.1178 20.3397 20.3645 19.1178 16.7752 12.565 7.67014 7.50622 7.54088 7.49334 7.39705 7.54088 7.50622 7.67014 4.54132 3.4035 2.25089 1.54737 1.54737 2.25089 3.4035 4.54132 3.13527 1.65077 1.12716 1.01395 1.01395 1.12499 1.64319 
6.2384 2.9811 1.47541 1.0692 1.0692 1.47541 2.9811 6.2384 9.5871 5.75822 2.72103 1.60201 1.59892 2.71527 5.765 9.59053 15.1253 18.4736 20.2406 20.6624 20.6624 20.2406 18.467 15.1386 13.1686 18.6328 20.572 21.0024 21.0161 20.572 18.6337 13.168 6.83574 6.81782 6.02814 5.12842 5.07179 6.02814 6.81782 6.83574 3.53726 2.4799 1.59814 1.18633 1.18633 1.59814 2.4799 3.53726 2.27251 1.29165 1.04151 1.00328 1.00328 1.04067 1.28804 
6.25593 2.98334 1.47538 1.06902 1.0692 1.47541 2.9811 6.2384 9.59053 5.765 2.71527 1.59892 1.59892 2.71527 5.765 9.59053 15.1386 18.467 20.2823 20.6864 20.6624 20.2406 18.4559 15.0911 13.168 18.6337 20.5837 21.0161 21.0024 20.572 18.6337 13.1686 6.86801 6.84192 6.02577 5.05419 5.12842 6.02814 6.81782 6.83574 3.52851 2.47228 1.59814 1.18633 1.182 1.5858 2.4683 3.53576 2.27251 1.29165 1.04151 1.00328 1.00328 1.04151 1.29165 
6.9755 3.17629 1.55783 1.09701 1.09731 1.55726 3.16935 6.93651 11.127 7.08922 3.62137 2.15692 2.15692 3.62137 7.08922 11.127 16.4179 20.5548 22.3717 22.8367 22.842 22.3679 20.6083 16.443 12.565 16.7752 19.1344 20.3645 20.3397 19.1178 16.7752 12.5651 7.72419 7.5658 7.53456 7.36212 7.49334 7.54088 7.50622 7.67014 4.53779 3.4012 2.25089 1.54737 1.53065 2.21804 3.39266 4.54533 3.13527 1.65077 1.12716 1.01395 1.01395 1.12716 1.65077 
7.8115 3.43404 1.65162 1.12872 1.12909 1.65065 3.42496 7.76433 12.6275 8.27003 4.36843 2.62355 2.62355 4.36843 8.27003 12.6275 17.9062 22.2012 24.1733 24.9522 24.9457 24.1659 22.2606 17.9648 13.0774 15.8617 17.7463 19.3928 19.3675 17.7382 15.8617 13.0777 9.0769 9.19324 9.68962 10.0193 10.1399 9.63458 9.12142 9.01559 6.07565 4.62562 3.0123 1.93644 1.91498 2.97422 4.61112 6.07559 4.42796 2.22264 1.26031 1.03336 1.03336 1.26031 2.22264 
7.01768 3.09996 1.56155 1.10573 1.10545 1.55813 3.08179 6.95162 12.0364 7.44994 3.78847 2.25351 2.25351 3.78847 7.44994 12.0364 18.002 21.3688 22.7688 23.4096 23.3306 22.704 21.6034 18.0658 13.6803 15.6516 17.8611 19.4992 19.3573 17.7062 15.6516 13.6772 10.332 10.8823 11.7451 12.0574 11.904 11.4577 10.7075 10.159 7.14001 5.56256 3.73957 2.4132 2.42713 3.77174 5.53752 7.19738 5.3885 2.72857 1.38633 1.05776 1.05776 1.38633 2.72857 
10.4386 4.62412 2.02991 1.23033 1.22844 2.0218 4.59902 10.3876 17.197 10.259 5.40067 3.03989 3.03938 5.39967 10.2619 17.198 24.9655 28.2575 29.9862 30.4553 30.3932 29.9336 28.1937 24.914 23.8641 26.1331 27.3929 27.9248 27.9248 27.3929 26.1331 23.8641 20.5352 21.7931 22.8512 23.2554 23.2493 22.839 21.7756 20.5668 14.9204 12.723 9.86298 7.16568 7.16362 9.85759 12.7249 14.9634 10.9708 5.54379 2.26821 1.31035 1.30699 2.2577 5.50765 
12.2335 5.37663 2.26014 1.29644 1.29403 2.25103 5.34657 12.1705 19.0366 11.6274 6.28436 3.57001 3.56754 6.27541 11.6298 19.0334 27.2466 30.8331 32.5211 32.9974 33.009 32.5418 30.8932 27.3214 26.0421 27.351 28.3402 29.177 29.177 28.3402 27.351 26.0421 24.902 27.4413 28.9616 29.5034 29.4931 28.9443 27.4237 24.9362 16.2029 13.847 10.6513 7.7439 7.74848 10.6609 13.8052 16.1945 11.6804 5.65979 2.29562 1.29784 1.29612 2.29087 5.64288 
13.1014 5.746 2.38166 1.32511 1.32264 2.37245 5.71658 13.0419 20.4446 12.4668 6.6023 3.74429 3.74378 6.59945 12.4698 20.4412 28.857 32.312 33.8698 34.3002 34.3076 33.8873 32.3651 28.9342 27.1111 27.1207 28.2469 29.7277 29.7277 28.2469 27.1207 27.1111 27.1748 30.1381 32.1167 32.7968 32.791 32.1074 30.1181 27.2202 17.3246 14.8691 11.3648 8.29237 8.29642 11.3775 14.8289 17.3155 12.3786 5.9123 2.37598 1.3171 1.31538 2.37117 5.89513 
13.2675 5.76026 2.35029 1.29638 1.29509 2.34582 5.74429 13.2368 21.2006 12.5072 6.18351 3.45726 3.45657 6.18132 12.5098 21.1986 29.7404 32.9057 34.2516 34.6255 34.6293 34.2609 32.9313 29.7869 27.4403 27.0611 28.2607 29.9092 29.9092 28.2607 27.0611 27.4403 28.0219 31.1366 33.1409 33.767 33.7635 33.135 31.1197 28.0692 18.3147 15.7715 11.5787 8.36296 8.36615 11.5897 15.7462 18.3089 13.1794 6.21447 2.45569 1.32445 1.32333 2.45231 6.20211 
13.2368 5.74429 2.34582 1.29509 1.29509 2.34582 5.74429 13.2368 21.1986 12.5098 6.18132 3.45657 3.45657 6.18132 12.5098 21.1986 29.7404 32.9057 34.2516 34.6255 34.6255 34.2516 32.9057 29.7404 27.4244 27.055 28.2518 29.9259 29.9092 28.2607 27.0611 27.4403 27.958 31.1707 33.1589 33.7635 33.767 33.1409 31.1366 28.0219 18.3089 15.7462 11.5946 8.38541 8.36296 11.5787 15.7462 18.3089 13.1794 6.21447 2.45569 1.32445 1.32445 2.45569 6.21447 
13.0419 5.71658 2.37245 1.32264 1.32264 2.37245 5.71658 13.0419 20.4412 12.4698 6.59945 3.74378 3.74378 6.59945 12.4698 20.4412 28.857 32.312 33.8698 34.3002 34.3002 33.8698 32.312 28.857 27.0796 27.1062 28.2434 29.7516 29.7277 28.2469 27.1207 27.1111 27.1036 30.1849 32.1488 32.791 32.7968 32.1167 30.1381 27.1748 17.3155 14.8289 11.387 8.32696 8.29237 11.3648 14.8289 17.3155 12.3786 5.9123 2.37598 1.3171 1.3171 2.37598 5.9123 
12.1705 5.34657 2.25103 1.29403 1.29403 2.25103 5.34657 12.1705 19.0334 11.6298 6.27541 3.56754 3.56754 6.27541 11.6298 19.0334 27.2466 30.8331 32.5211 32.9974 32.9974 32.5211 30.8331 27.2466 26.002 27.3389 28.3487 29.195 29.177 28.3402 27.351 26.0421 24.8416 27.4757 28.9907 29.4931 29.5034 28.9616 27.4413 24.902 16.1945 13.8052 10.6726 7.78106 7.7439 10.6513 13.8052 16.1945 11.6804 5.65979 2.29562 1.29784 1.29784 2.29562 5.65979 
10.3876 4.59902 2.0218 1.22844 1.22844 2.0218 4.59902 10.3876 17.198 10.2619 5.39967 3.03938 3.03938 5.39967 10.2619 17.198 24.9655 28.2575 29.9862 30.4553 30.4553 29.9862 28.2575 24.9655 23.9597 26.2866 27.541 28.0416 27.9248 27.3929 26.1331 23.8641 20.5614 21.8924 22.9571 23.2493 23.2554 22.8512 21.7931 20.5352 14.9634 12.7249 9.91702 7.23392 7.16568 9.86298 12.7249 14.9634 10.9708 5.54379 2.26821 1.31035 1.31035 2.26821 5.54379 
9.31157 3.86731 1.73796 1.14548 1.14548 1.73796 3.86731 9.31157 17.277 9.37047 4.21859 2.19634 2.19634 4.21859 9.37047 17.277 27.283 30.6858 32.7313 33.2879 33.2879 32.7313 30.6858 27.283 30.2321 33.232 33.8368 33.6247 33.6252 33.8369 33.2317 30.2328 24.9099 28.3163 29.6788 30.1413 30.0557 29.6088 28.3103 24.9127 16.2202 14.2538 12.1923 9.89596 9.84189 12.1773 14.2934 16.2269 12.3935 7.17554 3.17225 1.74325 1.7496 3.18754 7.20606 
8.23501 3.2884 1.5469 1.09193 1.09193 1.5469 3.2884 8.23501 16.4217 8.30663 3.5132 1.80507 1.80507 3.5132 8.30663 16.4217 27.5963 31.205 33.4168 34.0397 34.0397 33.4168 31.205 27.5963 31.1254 33.6149 34.1972 34.1882 34.1879 34.1969 33.6142 31.1254 26.8964 30.4502 31.9898 32.5437 32.568 32.025 30.464 26.8956 17.4136 15.3034 13.2355 11.0365 10.958 13.2209 15.3681 17.4505 12.9313 7.29219 3.15103 1.7453 1.75358 3.17163 7.33042 
7.65083 2.95801 1.41754 1.06322 1.06322 1.41754 2.95801 7.65083 15.7391 7.56166 3.1187 1.6256 1.6256 3.1187 7.56166 15.7391 27.6327 31.3935 33.7145 34.3696 34.3696 33.7145 31.3935 27.6327 31.6872 33.7484 34.3573 34.4896 34.4896 34.3572 33.748 31.6875 28.0958 31.7746 33.4205 33.9724 33.9881 33.4492 31.7894 28.0959 18.3024 15.814 13.383 10.9036 10.83 13.3665 15.8804 18.3343 13.3094 7.27367 3.10694 1.71152 1.71918 3.12562 7.31101 
7.35784 2.79031 1.34559 1.0439 1.0439 1.34559 2.79031 7.35784 15.3869 7.08552 2.83786 1.47946 1.47946 2.83786 7.08552 15.3869 27.6845 31.5003 33.7736 34.4289 34.4289 33.7736 31.5003 27.6845 31.9862 33.7593 34.4017 34.628 34.6279 34.4015 33.759 31.9864 28.7405 32.3494 33.9786 34.4249 34.4341 33.9922 32.3562 28.7388 19.4073 16.3266 13.0472 10.161 10.1206 13.031 16.3702 19.4183 13.8457 7.08486 2.97501 1.61193 1.61607 2.9849 7.10941 
7.39036 2.7977 1.34752 1.04434 1.0439 1.34559 2.79031 7.35784 14.9185 6.98597 2.83732 1.47936 1.47946 2.83786 7.08552 15.3869 27.6845 31.5003 33.7736 34.4289 34.4313 33.7867 31.5466 27.7627 31.9864 33.759 34.4015 34.6279 34.6279 34.4015 33.759 31.9864 28.7388 32.3562 33.9922 34.4341 34.4249 33.9786 32.3414 28.7991 19.4183 16.3702 13.031 10.1206 10.161 13.0472 16.3702 19.4073 13.8457 7.08486 2.9849 1.61607 1.61193 2.97501 7.08486 
7.70475 2.97319 1.42173 1.06428 1.06322 1.41754 2.95801 7.65083 15.1906 7.34633 3.11653 1.62518 1.6256 3.1187 7.56166 15.7391 27.6327 31.3935 33.7145 34.3696 34.3773 33.7383 31.4665 27.7136 31.6875 33.748 34.3572 34.4896 34.4896 34.3572 33.748 31.6875 28.0959 31.7894 33.4492 33.9881 33.9724 33.4205 31.7702 28.165 18.3343 15.8804 13.3665 10.83 10.9036 13.383 15.8804 18.3024 13.3094 7.27367 3.12562 1.71918 1.71152 3.10694 7.27367 
8.29428 3.30595 1.55206 1.09331 1.09193 1.5469 3.2884 8.23501 15.8657 8.0406 3.50867 1.80414 1.80507 3.5132 8.30663 16.4217 27.5963 31.205 33.4168 34.0397 34.0433 33.4384 31.2868 27.6599 31.1254 33.6142 34.1969 34.1879 34.1879 34.1969 33.6142 31.1254 26.8956 30.464 32.025 32.568 32.5437 31.9898 30.4539 26.9751 17.4505 15.3681 13.2209 10.958 11.0365 13.2355 15.3681 17.4136 12.9313 7.29219 3.17163 1.75358 1.7453 3.15103 7.29219 
9.38052 3.88709 1.74374 1.14694 1.14548 1.73796 3.86731 9.31157 16.8123 9.10358 4.21042 2.19397 2.19634 4.21859 9.37047 17.277 27.283 30.6858 32.7313 33.2879 33.3343 32.7953 30.7954 27.3662 30.2328 33.2317 33.8369 33.6252 33.6252 33.8369 33.2317 30.2328 24.9127 28.3103 29.6088 30.0557 30.1413 29.6788 28.3125 24.9888 16.2269 14.2934 12.1773 9.84189 9.89596 12.1923 14.2934 16.2202 12.3935 7.17554 3.18754 1.7496 1.74325 3.17225 7.17554 
10.0655 4.25737 1.85453 1.17909 1.17761 1.84933 4.24192 10.0216 17.3582 9.29009 4.0977 2.16158 2.15607 4.08406 9.26985 17.436 27.9692 31.2369 33.0997 33.7448 33.7452 33.1005 31.1778 27.9853 28.415 32.3433 33.3204 33.0713 33.0682 33.3181 32.2991 28.4079 22.4765 26.5937 28.1834 28.8416 28.9958 28.3691 26.7574 22.5788 10.4517 9.29327 8.6737 9.21612 9.21608 8.64023 9.23131 10.3754 7.97404 5.65391 3.40832 2.06081 2.04569 3.38782 5.66684 
11.2144 4.70287 2.00818 1.22611 1.22449 2.00307 4.69177 11.1922 19.5178 10.6624 4.7612 2.47822 2.47299 4.746 10.6367 19.5843 29.8142 32.4494 33.936 34.4116 34.4111 33.9352 32.418 29.8575 29.663 32.6688 33.6327 33.7568 33.7568 33.6327 32.6595 29.7165 25.2226 29.8626 31.8068 32.4867 32.4726 31.8212 29.8695 25.1693 11.7663 11.1516 11.2325 12.836 12.8407 11.2344 11.1287 11.7247 8.78705 6.27004 3.88102 2.37679 2.35264 3.85119 6.26445 
11.9977 5.09015 2.13758 1.25921 1.25752 2.13295 5.07992 11.9773 20.5327 11.2595 4.9877 2.56728 2.56321 4.97573 11.2357 20.5985 30.8072 33.1051 34.3573 34.7101 34.7101 34.3573 33.0758 30.8378 30.4302 32.8141 33.7576 34.0492 34.0492 33.7573 32.8067 30.4804 26.7939 31.2227 33.2119 33.9093 33.9459 33.2746 31.2717 26.7528 13.3813 12.7055 12.6283 13.9758 13.9784 12.63 12.6811 13.3393 9.75603 6.86791 4.23522 2.58187 2.55636 4.20355 6.86247 
12.2553 5.19438 2.15612 1.24833 1.24741 2.15388 5.18976 12.2419 20.8458 11.374 4.98113 2.53631 2.53367 4.97361 11.3526 20.9101 31.1784 33.2692 34.4759 34.7766 34.7766 34.4758 33.2546 31.1922 30.8265 32.7887 33.7378 34.1995 34.1995 33.7377 32.7862 30.8569 27.578 31.7335 33.6963 34.3299 34.352 33.7414 31.7712 27.5464 15.3516 13.909 13.1401 13.0476 13.0492 13.1476 13.8943 15.3324 10.9387 6.88384 3.79508 2.2354 2.2244 3.77603 6.8747 
12.2419 5.18976 2.15388 1.24741 1.24741 2.15388 5.18976 12.2419 20.8458 11.374 4.98113 2.53631 2.53631 4.98113 11.374 20.8458 31.1922 33.2546 34.4758 34.7766 34.7766 34.4758 33.2546 31.1922 30.8569 32.7862 33.7377 34.1995 34.1995 33.7378 32.7862 30.8569 27.5033 31.7389 33.6937 34.3283 34.3299 33.6963 31.7335 27.578 15.3324 13.8943 13.1476 13.0492 13.0476 13.1401 13.909 15.3516 10.9825 6.8747 3.77603 2.2244 2.2354 3.79508 6.88384 
11.9773 5.07992 2.13295 1.25752 1.25752 2.13295 5.07992 11.9773 20.5327 11.2595 4.9877 2.56728 2.56728 4.9877 11.2595 20.5327 30.8378 33.0758 34.3573 34.7101 34.7101 34.3573 33.0758 30.8378 30.4804 32.8067 33.7573 34.0492 34.0492 33.7576 32.8067 30.4804 26.7033 31.226 33.2098 33.9075 33.9093 33.2119 31.2227 26.7939 13.3393 12.6811 12.63 13.9784 13.9758 12.6283 12.7055 13.3813 9.81484 6.86247 4.20355 2.55636 2.58187 4.23522 6.86791 
11.1922 4.69177 2.00307 1.22449 1.22449 2.00307 4.69177 11.1922 19.5178 10.6624 4.7612 2.47822 2.47822 4.7612 10.6624 19.5178 29.8575 32.418 33.9352 34.4111 34.4111 33.9352 32.418 29.8575 29.7165 32.6595 33.6327 33.7568 33.7568 33.6327 32.6595 29.7165 25.1345 29.871 31.8143 32.4894 32.4867 31.8068 29.8626 25.2226 11.7247 11.1287 11.2344 12.8407 12.836 11.2325 11.1516 11.7663 8.84168 6.26445 3.85119 2.35264 2.37679 3.88102 6.27004 
10.0216 4.24192 1.84933 1.17761 1.17761 1.84933 4.24192 10.0216 17.3582 9.29009 4.0977 2.16158 2.16158 4.0977 9.29009 17.3582 27.9853 31.1778 33.1005 33.7452 33.7452 33.1005 31.1778 27.9853 28.4079 32.2991 33.3181 33.0682 33.0713 33.3204 32.2991 28.4079 22.405 26.6379 28.2501 28.8862 28.8416 28.1834 26.5937 22.4765 10.3754 9.23131 8.64023 9.21608 9.21612 8.6737 9.29327 10.4517 8.05641 5.66684 3.38782 2.04569 2.06081 3.40832 5.65391 
7.52396 3.14396 1.49829 1.07805 1.07843 1.49962 3.14396 7.52396 13.459 7.01785 3.04406 1.65272 1.65272 3.04406 7.01785 13.459 24.8343 28.7082 31.3354 32.2743 32.2743 31.3354 28.7082 24.8343 22.6551 26.1877 27.4434 27.4155 27.2677 27.2781 26.0419 22.5779 17.1496 20.8005 22.4278 22.9635 22.8819 22.341 20.7149 17.1248 8.60075 6.50895 4.12755 2.80318 2.72742 4.05505 6.51903 8.58407 5.62969 3.02949 1.75507 1.20759 1.21312 1.77224 3.05818 
7.25833 2.92189 1.40043 1.05345 1.05398 1.40325 2.92189 7.25833 13.342 6.81421 2.89052 1.57628 1.57628 2.89052 6.81421 13.342 25.2806 29.3348 32.2853 33.4163 33.4163 32.2853 29.3348 25.2806 22.7889 26.5085 27.8313 28.36 28.3646 27.8418 26.5335 22.8623 17.494 22.3381 25.7573 27.6691 27.6499 25.7084 22.297 17.5287 7.98412 5.416 2.95502 1.7303 1.71851 2.9437 5.47692 7.98254 5.09747 2.49211 1.38616 1.06998 1.07076 1.38919 2.49989 
7.04384 2.7769 1.35119 1.04364 1.0441 1.35369 2.7769 7.04384 13.2752 6.65752 2.77932 1.51963 1.51963 2.77932 6.65752 13.2752 25.5682 29.7646 32.8402 33.9751 33.9751 32.8402 29.7646 25.5682 22.6249 25.9431 27.7718 29.0348 29.0401 27.7811 25.9673 22.7045 17.6545 23.669 28.0982 30.4463 30.4135 28.0346 23.629 17.7052 6.91245 4.1415 2.04057 1.23735 1.23369 2.03951 4.18461 6.91201 4.22447 1.95391 1.18191 1.02069 1.02098 1.18357 1.96016 
6.90559 2.67076 1.30954 1.03429 1.03448 1.31068 2.67076 6.90559 13.2865 6.52782 2.64066 1.43335 1.43335 2.64066 6.52782 13.2865 25.7051 30.1043 33.1301 34.106 34.106 33.1301 30.1043 25.7051 22.4931 25.5044 27.6483 29.3681 29.3711 27.6527 25.5155 22.5375 17.7828 24.9681 29.7712 31.7318 31.7114 29.7333 24.9368 17.8217 5.84839 3.23501 1.59002 1.08511 1.08423 1.59199 3.26046 5.84832 3.28672 1.56332 1.08485 1.00686 1.00695 1.08553 1.56661 
6.92189 2.67532 1.31068 1.03448 1.03448 1.31068 2.67076 6.90559 13.2865 6.52782 2.64066 1.43335 1.43025 2.63343 6.49745 13.2026 25.6948 30.1305 33.1305 34.1062 34.106 33.1301 30.1043 25.7051 22.5375 25.5155 27.6527 29.3711 29.3681 27.6483 25.5044 22.4931 17.8217 24.9368 29.7333 31.7114 31.7258 29.7587 24.9368 17.8217 5.84832 3.26046 1.59199 1.08423 1.08437 1.58936 3.26046 5.84832 3.28672 1.56332 1.08485 1.00686 1.00686 1.08485 1.56332 
7.07404 2.7866 1.35369 1.0441 1.0441 1.35369 2.7769 7.04384 13.2752 6.65752 2.77932 1.51963 1.51394 2.76537 6.58717 13.1698 25.5357 29.7998 32.8412 33.9756 33.9751 32.8402 29.7646 25.5682 22.7045 25.9673 27.7811 29.0401 29.0348 27.7718 25.9431 22.6249 17.7052 23.629 28.0346 30.4135 30.4352 28.0748 23.629 17.7052 6.91201 4.18461 2.03951 1.23369 1.23436 2.03524 4.18461 6.91201 4.22447 1.95391 1.18191 1.02069 1.02069 1.18191 1.95391 
7.29088 2.93257 1.40325 1.05398 1.05398 1.40325 2.92189 7.25833 13.342 6.81421 2.89052 1.57628 1.57016 2.87541 6.73449 13.2326 25.2475 29.3707 32.2859 33.4165 33.4163 32.2853 29.3348 25.2806 22.8623 26.5335 27.8418 28.3646 28.36 27.8313 26.5085 22.7889 17.5287 22.297 25.7084 27.6499 27.6701 25.7389 22.297 17.5287 7.98254 5.47692 2.9437 1.71851 1.72123 2.9417 5.47692 7.98254 5.09747 2.49211 1.38616 1.06998 1.06998 1.38616 2.49211 
7.53192 3.1469 1.49962 1.07843 1.07843 1.49962 3.14396 7.52396 13.459 7.01785 3.04406 1.65272 1.64629 3.02765 6.89484 13.2358 24.7586 28.71 31.3346 32.2744 32.2743 31.3354 28.7082 24.8343 22.5779 26.0419 27.2781 27.2677 27.4155 27.4434 26.1877 22.6551 17.1248 20.7149 22.341 22.8819 22.8777 22.3301 20.7149 17.1248 8.58407 6.51903 4.05505 2.72742 2.76317 4.09094 6.51903 8.58407 5.62969 3.02949 1.75507 1.20759 1.20759 1.75507 3.02949 
5.02741 2.09441 1.20722 1.02671 1.02671 1.20722 2.09441 5.02741 9.65228 4.70294 1.98324 1.22455 1.22455 1.98324 4.70294 9.65228 19.8159 25.5063 27.9592 28.6696 28.5968 27.882 25.421 19.7338 13.77 13.0537 12.7163 13.0872 13.0872 12.7163 13.0537 13.77 13.4943 16.4065 15.259 13.9532 13.9275 15.2164 16.4065 13.4943 6.70908 4.62203 2.38995 1.55202 1.55295 2.39157 4.62203 6.70908 3.43643 1.55305 1.06431 1.00171 1.00171 1.06431 1.55305 
4.90197 2.04355 1.19916 1.02612 1.02612 1.19916 2.04355 4.90197 9.62004 4.59767 1.91403 1.18991 1.18991 1.91403 4.59767 9.62004 20.2535 27.2713 30.2387 31.1487 31.1563 30.2521 27.2886 20.2297 13.4883 12.1226 10.2977 9.49362 9.49362 10.2977 12.1226 13.4883 12.9915 16.346 13.9001 11.3883 11.3746 13.8788 16.346 12.9915 6.08716 3.84296 1.93027 1.32329 1.32333 1.93044 3.84296 6.08716 3.10123 1.4752 1.06435 1.00531 1.00531 1.06435 1.4752 
4.88288 2.02753 1.19044 1.02466 1.02466 1.19044 2.02753 4.88288 9.68028 4.63329 1.91705 1.18487 1.18487 1.91705 4.63329 9.68028 20.6199 28.3199 31.6355 32.6845 32.6941 31.6561 28.3462 20.5956 13.2867 11.5873 8.94426 7.37636 7.37636 8.94426 11.5873 13.2867 12.6037 16.0547 12.9368 9.73324 9.72492 12.9231 16.0547 12.6037 5.9626 3.6748 1.85152 1.29993 1.29992 1.85157 3.6748 5.9626 3.05995 1.48251 1.07194 1.00695 1.00695 1.07194 1.48251 
4.87276 2.00855 1.17353 1.0198 1.0198 1.17353 2.00855 4.87276 9.66709 4.64361 1.9136 1.17267 1.17267 1.9136 4.64361 9.66709 20.6904 28.714 32.1278 33.1724 33.1792 32.1409 28.7318 20.6813 13.5937 12.4599 9.3231 6.03489 6.03489 9.3231 12.4599 13.5937 12.4911 15.878 12.5189 9.05343 9.04945 12.5118 15.878 12.4911 5.98434 3.53626 1.76852 1.2485 1.24851 1.76849 3.53626 5.98434 3.11554 1.50323 1.07283 1.0068 1.0068 1.07283 1.50323 
4.8771 2.00699 1.17278 1.01961 1.0198 1.17353 2.00855 4.87276 9.66709 4.64361 1.9136 1.17267 1.17365 1.91434 4.6242 9.78592 20.6813 28.7318 32.1409 33.1792 33.1792 32.1409 28.7318 20.6813 13.5928 12.4598 9.31856 6.0336 6.03489 9.3231 12.4599 13.5937 12.4924 15.8791 12.5181 9.06007 9.05343 12.5189 15.878 12.4911 5.96297 3.53617 1.76849 1.24851 1.2485 1.76852 3.53626 5.98434 3.11554 1.50323 1.07283 1.0068 1.00676 1.07272 1.50356 
4.88755 2.02434 1.18896 1.02429 1.02466 1.19044 2.02753 4.88288 9.68028 4.63329 1.91705 1.18487 1.18713 1.91985 4.61566 9.79736 20.5956 28.3462 31.6561 32.6941 32.6941 31.6561 28.3462 20.5956 13.2868 11.5842 8.93836 7.37414 7.37636 8.94426 11.5873 13.2867 12.6063 16.0554 12.9374 9.74528 9.73324 12.9368 16.0547 12.6037 5.93746 3.67473 1.85157 1.29992 1.29993 1.85152 3.6748 5.9626 3.05995 1.48251 1.07194 1.00695 1.00692 1.07202 1.48398 
4.90423 2.03971 1.19755 1.02572 1.02612 1.19916 2.04355 4.90197 9.62004 4.59767 1.91403 1.18991 1.19242 1.91792 4.58322 9.72486 20.2297 27.2886 30.2521 31.1563 31.1563 30.2521 27.2886 20.2297 13.4877 12.1177 10.293 9.49147 9.49362 10.2977 12.1226 13.4883 12.995 16.3459 13.9018 11.4009 11.3883 13.9001 16.346 12.9915 6.05406 3.84295 1.93044 1.32333 1.32329 1.93027 3.84296 6.08716 3.10123 1.4752 1.06435 1.00531 1.0053 1.06447 1.47671 
5.00754 2.08652 1.20515 1.02628 1.02671 1.20722 2.09441 5.02741 9.65228 4.70294 1.98324 1.22455 1.22479 1.97916 4.66067 9.68157 19.7338 25.421 27.882 28.5968 28.5968 27.882 25.421 19.7338 13.6733 12.8916 12.5491 12.9421 13.0872 12.7163 13.0537 13.77 13.4476 16.3367 15.1786 13.8926 13.9532 15.259 16.4065 13.4943 6.6418 4.6232 2.39157 1.55295 1.55202 2.38995 4.62203 6.70908 3.43643 1.55305 1.06431 1.00171 1.00196 1.06497 1.55344 
1.78901 1.15794 1.02247 1.00213 1.00214 1.02248 1.15794 1.78901 3.2941 1.69031 1.1153 1.01427 1.01389 1.11339 1.68055 3.24718 10.5512 13.8269 15.426 16.0507 16.0507 15.426 13.8269 10.5512 6.20984 4.9372 4.3644 4.54799 4.52132 4.34142 4.91261 6.17773 7.50737 9.46266 8.63745 7.8068 7.8068 8.63745 9.46266 7.50737 3.08738 2.09962 1.33539 1.08884 1.08893 1.33337 2.10406 3.13696 1.69435 1.11312 1.01243 1.00052 1.00053 1.0126 1.1143 
1.23229 1.0419 1.00479 1.00017 1.00018 1.00485 1.0419 1.23229 1.69166 1.15588 1.01891 1.00106 1.00106 1.01887 1.15528 1.68227 4.46853 5.85291 6.64476 6.9553 6.9553 6.64476 5.85291 4.46853 2.88442 2.18287 1.89847 2.01267 2.0113 1.89626 2.18006 2.88103 3.68596 4.63475 3.99953 3.28297 3.28297 3.99953 4.63475 3.68596 1.6115 1.26034 1.06738 1.01175 1.01146 1.06577 1.25834 1.62555 1.20498 1.03109 1.00291 0.999879 0.999874 1.00288 1.03091 
1.0379 1.00554 1.00046 0.999916 0.999916 1.00047 1.00554 1.0379 1.11571 1.01874 1.00129 0.999803 0.999804 1.00128 1.01863 1.11354 1.95496 2.469 2.77224 2.84881 2.84881 2.77224 2.469 1.95496 1.42688 1.21683 1.14172 1.17232 1.17231 1.14169 1.21638 1.42479 1.96656 2.26393 1.83695 1.46663 1.46663 1.83695 2.26393 1.96656 1.10444 1.03324 1.00601 1.00043 1.00041 1.00588 1.03344 1.1108 1.03165 1.00408 1.00024 0.999924 0.999924 1.00024 1.00404 
1.00453 1.00046 0.999884 0.999967 0.999966 0.999884 1.00046 1.00453 1.01371 1.00115 0.999846 0.999958 0.999958 0.999846 1.00114 1.01344 1.21993 1.40812 1.52945 1.52713 1.52713 1.52945 1.40812 1.21993 1.06291 1.03217 1.01883 1.02527 1.02527 1.01883 1.03208 1.06241 1.32104 1.41767 1.22126 1.07365 1.07365 1.22126 1.41767 1.32104 1.01344 1.00224 1.00005 0.999901 0.999897 1.00005 1.00233 1.01521 1.00304 1.00024 0.999909 0.999984 0.999984 0.999909 1.00023 
1.00454 1.00046 0.999884 0.999966 0.999967 0.999884 1.00046 1.00453 1.01344 1.00114 0.999846 0.999958 0.999958 0.999846 1.00114 1.01344 1.22096 1.41259 1.5351 1.53062 1.52713 1.52945 1.41259 1.22096 1.06241 1.03208 1.01883 1.02527 1.02527 1.01883 1.03208 1.06241 1.32691 1.42345 1.22053 1.07273 1.07365 1.22126 1.41767 1.32104 1.01344 1.00218 1.00004 0.999901 0.999901 1.00004 1.00218 1.01344 1.00304 1.00024 0.999909 0.999984 0.999984 0.999909 1.00024 
1.03808 1.00558 1.00047 0.999916 0.999916 1.00046 1.00554 1.0379 1.11354 1.01863 1.00128 0.999804 0.999804 1.00128 1.01863 1.11354 1.95653 2.48223 2.78659 2.85741 2.84881 2.77224 2.48223 1.95653 1.42479 1.21638 1.14169 1.17231 1.17231 1.14169 1.21638 1.42479 1.98283 2.27949 1.8352 1.4605 1.46663 1.83695 2.26393 1.96656 1.10442 1.03291 1.00592 1.00041 1.00041 1.00592 1.03291 1.10442 1.03165 1.00408 1.00024 0.999924 0.999924 1.00024 1.00408 
1.23345 1.04227 1.00485 1.00018 1.00017 1.00479 1.0419 1.23229 1.68227 1.15528 1.01887 1.00106 1.00106 1.01887 1.15528 1.68227 4.46654 5.88439 6.67023 6.97187 6.9553 6.64476 5.88439 4.46654 2.88103 2.18006 1.89626 2.0113 2.0113 1.89626 2.18006 2.88103 3.7184 4.6638 4.0137 3.2651 3.28297 3.99953 4.63475 3.68596 1.6117 1.25974 1.06658 1.01157 1.01157 1.06658 1.25974 1.6117 1.20498 1.03109 1.00291 0.999879 0.999879 1.00291 1.03109 
1.7824 1.15747 1.02248 1.00214 1.00213 1.02247 1.15794 1.78901 3.24718 1.68055 1.11339 1.01389 1.01389 1.11339 1.68055 3.24718 10.4503 13.7537 15.3355 15.9614 16.0507 15.426 13.7537 10.4503 6.17773 4.91261 4.34142 4.52132 4.52132 4.34142 4.91261 6.17773 7.45052 9.39131 8.55651 7.67846 7.8068 8.63745 9.46266 7.50737 3.06828 2.08463 1.32818 1.08655 1.08655 1.32818 2.08463 3.06828 1.69435 1.11312 1.01243 1.00052 1.00052 1.01243 1.11312 
1.14343 1.02534 1.00381 1.00043 1.00043 1.00381 1.02534 1.14343 1.60333 1.13028 1.01769 1.00156 1.00156 1.01769 1.13028 1.60333 4.21319 6.02539 6.64758 7.16364 7.16364 6.64758 6.02539 4.21319 3.06219 2.46229 2.22189 1.96632 1.96632 2.22189 2.46229 3.06219 3.71146 4.57658 3.89733 3.15397 3.15421 3.89751 4.59865 3.73453 1.65483 1.22791 1.05302 1.00888 1.00888 1.05302 1.22791 1.65483 1.15159 1.02264 1.00221 1.0002 1.0002 1.00221 1.02264 
1.01719 1.00303 1.00034 0.999954 0.999954 1.00034 1.00303 1.01719 1.12657 1.02091 1.00199 0.99997 0.99997 1.00199 1.02091 1.12657 2.7468 3.83999 4.15245 4.0812 4.0812 4.15245 3.83999 2.7468 1.76049 1.48704 1.34737 1.22255 1.22255 1.34737 1.48704 1.76049 1.67621 1.89442 1.61311 1.38155 1.38157 1.61316 1.89821 1.68177 1.13426 1.03809 1.00648 1.00049 1.00049 1.00648 1.03809 1.13426 1.03139 1.00477 1.00053 0.99994 0.99994 1.00053 1.00477 
1.00076 1.0002 0.999965 0.999984 0.999984 0.999965 1.0002 1.00076 1.02137 1.00267 1.00008 0.999914 0.999914 1.00008 1.00267 1.02137 1.73968 2.418 2.67485 2.27246 2.27246 2.67485 2.418 1.73968 1.1932 1.10686 1.06642 1.03398 1.03398 1.06642 1.10686 1.1932 1.11 1.1404 1.07889 1.03874 1.03874 1.07889 1.14119 1.11131 1.02077 1.00442 1.00033 0.999844 0.999844 1.00033 1.00442 1.02077 1.00479 1.0006 0.999971 0.999974 0.999974 0.999971 1.0006 
0.999828 0.999948 0.999987 1 1 0.999987 0.999948 0.999828 1.00275 1.00009 0.999931 0.999984 0.999984 0.999931 1.00009 1.00275 1.21755 1.51145 1.66337 1.41612 1.41612 1.66337 1.51145 1.21755 1.03291 1.01387 1.0074 1.00311 1.00311 1.0074 1.01387 1.03291 1.00905 1.01189 1.00543 1.00207 1.00207 1.00543 1.01203 1.00931 1.00208 1.00015 0.999907 0.999966 0.999966 0.999907 1.00015 1.00208 1.00058 0.999953 0.99997 0.999997 0.999997 0.99997 0.999953 
0 0 0 0 1 0.999987 0.999948 0.999828 1.00275 1.00009 0.999931 0.999984 0.999984 0.999931 1.00009 1.00275 1.21755 1.51145 1.66337 1.41612 1.41136 1.652 1.5027 1.21465 1.03264 1.01368 1.00729 1.00306 1.00311 1.0074 1.01387 1.03291 1.00931 1.01203 1.00543 1.00207 1.00207 1.00543 1.01189 1.00905 1.00204 1.00014 0.999907 0.999966 0.999966 0.999907 1.00015 1.00208 1.00058 0.999953 0.99997 0.999997 0 0 0 
0 0 0 0 0.999984 0.999965 1.0002 1.00076 1.02135 1.00267 1.00008 0.999914 0.999914 1.00008 1.00267 1.02137 1.73968 2.418 2.67485 2.27246 2.25928 2.65312 2.39737 1.73029 1.19157 1.10546 1.06557 1.03359 1.03398 1.06642 1.10686 1.1932 1.11131 1.14119 1.07889 1.03874 1.03874 1.07889 1.1404 1.11 1.02066 1.00438 1.00033 0.999844 0.999844 1.00033 1.00442 1.02077 1.00479 1.0006 0.999971 0.999974 0 0 0 
0 0 0 0 0.999954 1.00034 1.00303 1.01719 1.12652 1.02091 1.00199 0.99997 0.99997 1.00199 1.02091 1.12657 2.7468 3.83999 4.15245 4.0812 4.06638 4.14132 3.82705 2.73762 1.75531 1.48212 1.34403 1.22078 1.22255 1.34737 1.48704 1.76049 1.68177 1.89821 1.61316 1.38157 1.38155 1.61311 1.89442 1.67621 1.13418 1.03793 1.00648 1.00049 1.00049 1.00648 1.03809 1.13426 1.03139 1.00477 1.00053 0.99994 0 0 0 
