0 0 0 0 1.00134 1.01226 1.10549 1.56839 2.59731 1.62438 1.14316 1.02755 1.02754 1.14355 1.62598 2.60673 4.56592 5.10062 5.36761 5.40901 5.40003 5.35049 5.08008 4.55837 5.3882 6.24152 7.47269 9.57307 9.5723 7.48362 6.24762 5.38351 2.89422 2.91453 2.64292 2.40341 2.39502 2.62671 2.89471 2.86963 1.75761 1.31504 1.08195 1.01969 1.0201 1.08364 1.31769 1.75787 1.36631 1.08804 1.01276 1.00132 0 0 0 
0 0 0 0 1.00012 1.00223 1.02245 1.1215 1.33294 1.10723 1.02023 1.00266 1.00266 1.02031 1.10759 1.33512 2.01467 2.0746 2.13673 2.14113 2.13911 2.13257 2.07006 2.01801 3.47362 4.61579 5.76375 6.99796 6.99183 5.76216 4.60975 3.4612 1.70033 1.79334 1.50515 1.3071 1.30931 1.50871 1.7978 1.6984 1.14423 1.04751 1.00991 1.00127 1.00131 1.01015 1.04806 1.14393 1.07198 1.01561 1.00187 1.00006 0 0 0 
0 0 0 0 0.999948 1.00031 1.00263 1.01536 1.04106 1.011 1.00146 0.999919 0.999919 1.00147 1.01104 1.04135 1.20279 1.17831 1.18967 1.18343 1.18308 1.1889 1.17758 1.2055 2.2919 3.68845 4.80247 4.90735 4.88748 4.78687 3.67072 2.2755 1.16946 1.20477 1.10932 1.04842 1.04899 1.11065 1.20704 1.16879 1.01862 1.00476 1.00076 1.00003 1.00004 1.00079 1.00484 1.01849 1.00926 1.00192 1.00006 0.999945 0 0 0 
0 0 0 0 0.999983 0.999977 1.00019 1.00159 1.00261 1.00017 0.999865 0.999923 0.999923 0.999866 1.00017 1.00263 1.03091 1.01689 1.0175 1.01638 1.01634 1.01741 1.01681 1.03197 1.48992 2.90814 4.47046 3.24678 3.22007 4.41277 2.87284 1.4827 1.03089 1.03858 1.01632 1.00511 1.00519 1.01655 1.03907 1.03047 1.00147 1.00011 0.999972 0.999966 0.999965 0.999974 1.00012 1.00144 1.00089 1.00006 0.999948 0.999988 0 0 0 
1.00159 1.00019 0.999977 0.999983 0.999983 0.999977 1.00019 1.00159 1.00261 1.00017 0.999865 0.999923 0.999923 0.999865 1.00017 1.00261 1.03091 1.01689 1.0175 1.01638 1.01638 1.0175 1.01689 1.03091 1.48992 2.90814 4.47046 3.24678 3.24678 4.47046 2.90814 1.48992 1.03047 1.03907 1.01655 1.00519 1.00519 1.01655 1.03907 1.03047 1.00144 1.00012 0.999974 0.999965 0.999966 0.999972 1.00011 1.00144 1.00089 1.00006 0.999948 0.999988 0.999988 0.999948 1.00006 
1.01536 1.00263 1.00031 0.999948 0.999948 1.00031 1.00263 1.01536 1.04106 1.011 1.00146 0.999919 0.999919 1.00146 1.011 1.04106 1.20279 1.17831 1.18967 1.18343 1.18343 1.18967 1.17831 1.20279 2.2919 3.68845 4.80247 4.90735 4.90735 4.80247 3.68845 2.2919 1.16879 1.20704 1.11065 1.04899 1.04899 1.11065 1.20704 1.16879 1.01849 1.00484 1.00079 1.00004 1.00003 1.00076 1.00476 1.01849 1.00926 1.00192 1.00006 0.999945 0.999945 1.00006 1.00192 
1.1215 1.02245 1.00223 1.00012 1.00012 1.00223 1.02245 1.1215 1.33294 1.10723 1.02023 1.00266 1.00266 1.02023 1.10723 1.33294 2.01467 2.0746 2.13673 2.14113 2.14113 2.13673 2.0746 2.01467 3.47362 4.61579 5.76375 6.99796 6.99796 5.76375 4.61579 3.47362 1.6984 1.7978 1.50871 1.30931 1.30931 1.50871 1.7978 1.6984 1.14393 1.04806 1.01015 1.00131 1.00127 1.00991 1.04751 1.14393 1.07198 1.01561 1.00187 1.00006 1.00006 1.00187 1.01561 
1.56839 1.10549 1.01226 1.00134 1.00134 1.01226 1.10549 1.56839 2.59731 1.62438 1.14316 1.02755 1.02755 1.14316 1.62438 2.59731 4.56592 5.10062 5.36761 5.40901 5.40901 5.36761 5.10062 4.56592 5.3882 6.24152 7.47269 9.57307 9.57307 7.47269 6.24152 5.3882 2.86963 2.89471 2.62671 2.39502 2.39502 2.62671 2.89471 2.86963 1.75787 1.31769 1.08364 1.0201 1.01969 1.08195 1.31504 1.75787 1.36631 1.08804 1.01276 1.00132 1.00132 1.01276 1.08804 
3.24541 1.75776 1.17143 1.02339 1.02339 1.17143 1.75776 3.24541 5.12118 2.95045 1.56814 1.15813 1.15813 1.56814 2.95045 5.12118 8.47892 9.86965 10.7335 10.9074 11.0442 10.8681 9.99317 8.58413 7.96776 8.69388 9.72239 11.1919 11.1527 9.64078 8.61356 7.89936 6.08673 6.4203 6.63623 6.82346 6.77897 6.60888 6.40796 6.06974 3.36295 2.32058 1.55811 1.22154 1.2111 1.53462 2.34964 3.40745 2.08078 1.2363 1.0249 1.00136 1.00136 1.02512 1.23613 
2.06114 1.37426 1.06532 1.0068 1.0068 1.06532 1.37426 2.06114 2.59046 1.64201 1.13922 1.02586 1.02586 1.13922 1.64201 2.59046 4.52551 5.02704 5.24546 5.25885 5.25148 5.24347 5.02971 4.53711 5.59296 6.43397 6.91611 7.30267 7.31275 6.91767 6.43123 5.58166 3.28093 3.24298 3.09869 2.9181 2.91861 3.11076 3.26011 3.28272 1.69075 1.28483 1.07058 1.01916 1.01901 1.07102 1.28899 1.6969 1.27785 1.04633 1.00389 0.99991 0.99991 1.00396 1.04665 
1.3109 1.10209 1.01287 1.00075 1.00075 1.01287 1.10209 1.3109 1.363 1.11459 1.01738 1.00159 1.00159 1.01738 1.11459 1.363 2.1047 2.13359 2.17638 2.14797 2.15114 2.18268 2.14206 2.12051 4.3534 5.47196 5.80253 5.42686 5.44123 5.8053 5.48071 4.36329 1.8025 1.6951 1.56728 1.41523 1.41557 1.57182 1.70137 1.7936 1.12815 1.03749 1.00433 1.00039 1.00036 1.00436 1.03805 1.12925 1.04597 1.00631 1.00036 0.999928 0.999928 1.00037 1.00636 
1.06946 1.01901 1.00154 0.999836 0.999836 1.00154 1.01901 1.06946 1.06305 1.01368 1.00087 0.999721 0.999721 1.00087 1.01368 1.06305 1.31599 1.27715 1.27702 1.25278 1.25406 1.27922 1.27991 1.32281 3.59563 5.63106 6.77021 4.75004 4.77737 6.83596 5.68587 3.62729 1.24578 1.19285 1.1289 1.06216 1.06248 1.13033 1.19475 1.23852 1.01751 1.00271 0.999856 0.999935 0.999936 0.999858 1.00275 1.01768 1.00595 1.00062 0.999886 0.999972 0.999972 0.999886 1.00062 
1.06949 1.01896 1.00154 0.999835 0.999836 1.00154 1.01901 1.06946 1.06305 1.01368 1.00087 0.999721 0.999721 1.00088 1.01378 1.06234 1.32281 1.27991 1.27922 1.25406 1.25406 1.27922 1.27991 1.32281 3.62729 5.68587 6.83596 4.77737 4.77737 6.83596 5.68587 3.62729 1.24578 1.19285 1.1289 1.06216 1.06216 1.1289 1.19285 1.24578 1.01768 1.00275 0.999863 0.999936 0.999935 0.999856 1.00271 1.01751 1.00595 1.00062 0.999886 0.999972 0.999972 0.999886 1.00062 
1.31098 1.1017 1.01282 1.00074 1.00075 1.01287 1.10209 1.3109 1.363 1.11459 1.01738 1.00159 1.0016 1.01748 1.11563 1.36135 2.12051 2.14206 2.18268 2.15114 2.15114 2.18268 2.14206 2.12051 4.36329 5.48071 5.8053 5.44123 5.44123 5.8053 5.48071 4.36329 1.8025 1.6951 1.56728 1.41523 1.41523 1.56728 1.6951 1.8025 1.12925 1.03805 1.0044 1.00042 1.00039 1.00433 1.03749 1.12815 1.04597 1.00636 1.00037 0.999928 0.999928 1.00036 1.00631 
2.06002 1.37254 1.06501 1.00676 1.0068 1.06532 1.37426 2.06114 2.59046 1.64201 1.13922 1.02586 1.02607 1.14008 1.64811 2.58241 4.53711 5.02971 5.24347 5.25148 5.25148 5.24347 5.02971 4.53711 5.58166 6.43123 6.91767 7.31275 7.31275 6.91767 6.43123 5.58166 3.28093 3.24298 3.09869 2.9181 2.9181 3.09869 3.24298 3.28093 1.6969 1.28899 1.07142 1.0195 1.01916 1.07058 1.28483 1.69075 1.27785 1.04665 1.00396 0.99991 0.99991 1.00389 1.04633 
3.25831 1.76152 1.17222 1.0235 1.02339 1.17143 1.75776 3.24541 5.12118 2.95045 1.56814 1.15813 1.16389 1.58435 3.01842 5.1996 8.58413 9.99317 10.8681 11.0442 11.0442 10.8681 9.99317 8.58413 7.89936 8.61356 9.64078 11.1527 11.1527 9.64078 8.61356 7.89936 6.08673 6.4203 6.63623 6.82346 6.82346 6.63623 6.4203 6.08673 3.40745 2.34964 1.56488 1.22528 1.22154 1.55811 2.32058 3.36295 2.08075 1.23613 1.02512 1.00136 1.00136 1.0249 1.2363 
7.0076 3.10484 1.56598 1.10917 1.10917 1.56598 3.10484 7.0076 11.946 7.44528 3.83885 2.29209 2.29209 3.83885 7.44946 12.0382 17.9876 21.4195 22.7348 23.3118 23.1875 22.5898 21.2706 17.8886 13.6378 15.6818 17.8348 19.4634 19.4666 17.8359 15.685 13.6378 9.97773 10.5363 11.3514 11.8971 11.8971 11.3514 10.5363 9.97773 6.98468 5.36151 3.74035 2.44209 2.45188 3.76453 5.42024 7.04662 5.39174 2.74962 1.39655 1.06082 1.06038 1.39354 2.73451 
7.77969 3.43169 1.65598 1.1327 1.1327 1.65598 3.43169 7.77969 12.5847 8.28033 4.43757 2.67324 2.67324 4.43757 8.25457 12.6112 17.8513 22.1423 24.0858 24.8611 24.8572 24.0685 22.1026 17.8375 13.0448 15.8854 17.8005 19.4173 19.4179 17.8011 15.886 13.0448 8.89756 9.00645 9.62576 10.249 10.249 9.62576 9.00645 8.89756 6.05534 4.62613 3.08174 1.98639 1.97474 3.06218 4.625 6.05334 4.44356 2.24785 1.26954 1.03538 1.0349 1.26753 2.24161 
6.97252 3.18959 1.56731 1.10103 1.10103 1.56731 3.18959 6.97252 11.118 7.11666 3.68285 2.19788 2.19788 3.68285 7.09385 11.1396 16.3902 20.5474 22.3626 22.8475 22.8324 22.3411 20.5092 16.3965 12.6032 16.9099 19.2332 20.3873 20.3873 19.233 16.9095 12.6032 7.58438 7.41631 7.53902 7.59028 7.59028 7.53902 7.41631 7.58438 4.54272 3.42161 2.30711 1.58303 1.57402 2.29041 3.41805 4.5411 3.16347 1.67145 1.13297 1.01484 1.01442 1.13078 1.66382 
6.28254 3.01165 1.49008 1.07308 1.07308 1.49008 3.01165 6.28254 9.62891 5.80684 2.76016 1.62683 1.62683 2.76016 5.79558 9.64853 15.1408 18.4725 20.1937 20.6642 20.6822 20.2219 18.4889 15.1747 13.2763 18.7374 20.6173 21.0124 21.0125 20.6172 18.7367 13.2763 6.80733 6.77094 6.04059 5.22753 5.22753 6.04059 6.77094 6.80733 3.5661 2.51185 1.62963 1.20034 1.19806 1.62319 2.50663 3.56524 2.29883 1.30355 1.04417 1.0036 1.00347 1.0433 1.29988 
6.30065 3.01418 1.4901 1.0729 1.07308 1.49008 3.01165 6.28254 9.64853 5.79558 2.76016 1.62683 1.62362 2.75437 5.79558 9.64853 15.1408 18.4725 20.1937 20.6642 20.6642 20.1937 18.4725 15.1408 13.2762 18.7367 20.6172 21.0125 21.0124 20.6173 18.7374 13.2763 6.80733 6.77094 6.04059 5.22753 5.15767 6.05158 6.79467 6.83835 3.56524 2.50663 1.62319 1.19806 1.19806 1.62319 2.50663 3.56524 2.29883 1.30355 1.04417 1.0036 1.0036 1.04417 1.30355 
7.01199 3.197 1.56798 1.10073 1.10103 1.56731 3.18959 6.97252 11.1396 7.09385 3.68285 2.19788 2.1881 3.66238 7.09385 11.1396 16.3902 20.5474 22.3626 22.8475 22.8475 22.3626 20.5474 16.3902 12.6034 16.9095 19.233 20.3873 20.3873 19.2332 16.9099 12.6032 7.58438 7.41631 7.53902 7.59028 7.46848 7.52854 7.47632 7.63622 4.5411 3.41805 2.29041 1.57402 1.57402 2.29041 3.41805 4.5411 3.16347 1.67145 1.13297 1.01484 1.01484 1.13297 1.67145 
7.82742 3.44134 1.65707 1.13234 1.1327 1.65598 3.43169 7.77969 12.6112 8.25457 4.43757 2.67324 2.66048 4.41127 8.25457 12.6112 17.8513 22.1423 24.0858 24.8611 24.8611 24.0858 22.1423 17.8513 13.0444 15.886 17.8011 19.4179 19.4173 17.8005 15.8854 13.0448 8.89756 9.00645 9.62576 10.249 10.1489 9.63218 9.07624 8.95557 6.05334 4.625 3.06218 1.97474 1.97474 3.06218 4.625 6.05334 4.44356 2.24785 1.26954 1.03538 1.03538 1.26954 2.24785 
7.07361 3.12357 1.56957 1.10947 1.10917 1.56598 3.10484 7.0076 12.0382 7.44946 3.83885 2.29209 2.28582 3.82958 7.44946 12.0382 17.9876 21.4195 22.7348 23.3118 23.3118 22.7348 21.4195 17.9876 13.6416 15.685 17.8359 19.4666 19.4634 17.8348 15.6818 13.6378 9.97773 10.5363 11.3514 11.8971 12.0563 11.766 10.7072 10.1438 7.04662 5.42024 3.76453 2.45188 2.45188 3.76453 5.42024 7.04662 5.39174 2.74962 1.39655 1.06082 1.06082 1.39655 2.74962 
10.3817 4.61186 2.03711 1.23701 1.23511 2.02911 4.58786 10.3308 17.1469 10.251 5.42535 3.07727 3.07686 5.42446 10.2939 17.1766 24.9152 28.1833 29.9763 30.4729 30.4142 29.9276 28.1397 24.8055 23.7518 25.997 27.0991 27.6946 27.813 27.2493 26.0033 23.7563 20.4013 21.5341 22.5293 22.9523 23.1572 22.7316 21.8748 20.5606 14.8299 12.7023 9.92144 7.27034 7.27034 9.92144 12.7023 14.8299 10.9642 5.58253 2.29736 1.3251 1.3251 2.29736 5.58253 
12.1512 5.36162 2.26942 1.30458 1.30218 2.26056 5.33349 12.0873 18.999 11.6093 6.30816 3.61397 3.61144 6.29876 11.6395 18.9716 27.2019 30.7361 32.4517 32.9545 32.9631 32.4691 30.8234 27.2054 25.9365 27.2474 28.2194 29.0441 29.0628 28.228 27.2483 25.9356 24.8926 27.3222 28.8597 29.4371 29.4339 28.8573 27.3425 24.8019 16.0445 13.7558 10.6686 7.81728 7.81728 10.6686 13.7558 16.0445 11.6513 5.69275 2.32018 1.31059 1.31059 2.32018 5.69275 
13.0379 5.74087 2.39482 1.33476 1.33231 2.38588 5.71359 12.9782 20.4109 12.4516 6.62684 3.79078 3.79035 6.6235 12.4835 20.3851 28.824 32.2434 33.8163 34.2688 34.2731 33.829 32.3083 28.8127 26.9891 26.9863 28.1185 29.5679 29.5928 28.115 26.9861 26.9885 27.1881 29.9859 31.9846 32.7132 32.734 32.0238 30.0881 27.0887 17.1196 14.7346 11.363 8.35779 8.35779 11.363 14.7346 17.1196 12.327 5.93095 2.39733 1.32975 1.32975 2.39733 5.93095 
13.2497 5.77761 2.37054 1.30682 1.30556 2.36638 5.76362 13.219 21.1691 12.5085 6.21948 3.51339 3.51278 6.21736 12.5238 21.1543 29.7043 32.8554 34.217 34.6035 34.606 34.2235 32.8879 29.6941 27.2857 26.8949 28.1097 29.7167 29.7346 28.1004 26.8945 27.2853 28.0279 31.0115 33.0456 33.7037 33.7161 33.0689 31.0807 27.9553 18.1144 15.6382 11.565 8.44017 8.44017 11.565 15.6382 18.1144 13.1269 6.23221 2.47911 1.33756 1.33756 2.47911 6.23221 
13.219 5.76362 2.36638 1.30556 1.30556 2.36638 5.76362 13.219 21.1543 12.5238 6.21736 3.51278 3.51278 6.21736 12.5238 21.1543 29.6941 32.8879 34.217 34.6035 34.6035 34.217 32.8554 29.7043 27.2853 26.8945 28.1004 29.7346 29.7167 28.1097 26.8949 27.2857 27.9553 31.0807 33.0689 33.7161 33.7059 33.0532 31.0164 28.0279 18.1086 15.6119 11.58 8.46274 8.46599 11.5913 15.6292 18.1789 13.1269 6.23221 2.47911 1.33756 1.33872 2.48269 6.24575 
12.9782 5.71359 2.38588 1.33231 1.33231 2.38588 5.71359 12.9782 20.3851 12.4835 6.6235 3.79035 3.79035 6.6235 12.4835 20.3851 28.8127 32.3083 33.8163 34.2688 34.2688 33.8163 32.2434 28.824 26.9885 26.9861 28.115 29.5928 29.5679 28.1185 26.9863 26.9891 27.0887 30.0881 32.0238 32.734 32.7162 31.9971 29.9977 27.1881 17.1106 14.6933 11.3839 8.39344 8.39775 11.3966 14.714 17.1743 12.327 5.93095 2.39733 1.32975 1.33154 2.40238 5.94923 
12.0873 5.33349 2.26056 1.30218 1.30218 2.26056 5.33349 12.0873 18.9716 11.6395 6.29876 3.61144 3.61144 6.29876 11.6395 18.9716 27.2054 30.8234 32.4517 32.9545 32.9545 32.4517 30.7361 27.2019 25.9356 27.2483 28.228 29.0628 29.0441 28.2194 27.2474 25.9365 24.8019 27.3425 28.8573 29.4339 29.4196 28.8417 27.3027 24.8926 16.0362 13.713 10.6885 7.85591 7.86032 10.6971 13.7221 16.079 11.6513 5.69275 2.32018 1.31059 1.31238 2.32519 5.71075 
10.3308 4.58786 2.02911 1.23511 1.23511 2.02911 4.58786 10.3308 17.1766 10.2939 5.42446 3.07686 3.07686 5.42446 10.2939 17.1766 24.8055 28.1397 29.9763 30.4729 30.4729 29.9763 28.1833 24.9152 23.7563 26.0033 27.2493 27.813 27.6946 27.0991 25.997 23.7518 20.5606 21.8748 22.7316 23.1572 23.0564 22.6329 21.6199 20.4013 14.8731 12.7047 9.97425 7.34057 7.33532 9.96504 12.6886 14.8696 10.9642 5.58253 2.29736 1.3251 1.32858 2.30826 5.6199 
9.43235 3.92458 1.76099 1.15342 1.15342 1.76099 3.92458 9.43235 17.3748 9.4643 4.27433 2.24456 2.24456 4.27433 9.4643 17.3748 27.1579 30.4354 32.5619 33.1665 33.1665 32.5619 30.4354 27.1579 30.1438 33.1851 33.8184 33.5932 33.6185 33.819 33.2055 30.1777 24.6957 28.2163 29.5067 29.9639 30.0809 29.6228 28.2421 24.6596 16.1912 14.3272 12.2023 9.93857 9.93074 12.1756 14.2871 16.1802 12.3898 7.21342 3.21428 1.77106 1.77106 3.21428 7.21342 
8.38075 3.35381 1.57082 1.09842 1.09842 1.57082 3.35381 8.38075 16.5859 8.44019 3.58737 1.84841 1.84841 3.58737 8.44019 16.5859 27.5702 31.0218 33.3327 34.0001 34.0001 33.3327 31.0218 27.5702 31.0409 33.5733 34.1664 34.161 34.1592 34.1664 33.577 31.0654 26.6578 30.3553 31.9623 32.5208 32.469 31.8833 30.3336 26.5476 17.4862 15.4263 13.2538 11.0652 11.0661 13.2546 15.4226 17.5162 12.9296 7.32103 3.18693 1.7711 1.7711 3.18693 7.32103 
7.78704 3.01646 1.43636 1.06768 1.06768 1.43636 3.01646 7.78704 15.8984 7.67497 3.17339 1.6567 1.6567 3.17339 7.67497 15.8984 27.6189 31.229 33.6376 34.3317 34.3317 33.6376 31.229 27.6189 31.611 33.7091 34.3305 34.4673 34.467 34.3305 33.7133 31.6357 27.8839 31.709 33.3997 33.9517 33.9269 33.3513 31.6958 27.787 18.3614 15.9274 13.4061 10.9304 10.9323 13.4072 15.9324 18.4048 13.2962 7.29674 3.13774 1.73503 1.73503 3.13774 7.29674 
7.47324 2.83961 1.36046 1.04688 1.04688 1.36046 2.83961 7.47324 15.5328 7.17988 2.88429 1.50335 1.50335 2.88429 7.17988 15.5328 27.6754 31.3768 33.7201 34.4034 34.4034 33.7201 31.3768 27.6754 31.9151 33.7208 34.3766 34.6091 34.6088 34.3766 33.7226 31.9275 28.5519 32.2993 33.9563 34.4089 34.3949 33.9327 32.2928 28.4739 19.3981 16.3789 13.0731 10.2153 10.2137 13.0746 16.3855 19.4521 13.8208 7.10064 3.00418 1.63363 1.63363 3.00418 7.10064 
7.51216 2.84784 1.36249 1.04734 1.04688 1.36046 2.83961 7.47324 15.4398 7.19588 2.88365 1.50324 1.50335 2.88429 7.17988 15.5328 27.6754 31.3768 33.7201 34.4034 34.4035 33.7201 31.3976 27.7583 31.9275 33.7226 34.3766 34.6088 34.6091 34.3766 33.7208 31.9151 28.4739 32.2799 33.9327 34.3949 34.4089 33.9563 32.2993 28.5519 19.4521 16.3855 13.0746 10.2137 10.1362 13.0464 16.4521 19.5897 13.8208 7.10064 3.00418 1.63363 1.62954 2.99467 7.07902 
7.84965 3.03282 1.44074 1.06879 1.06768 1.43636 3.01646 7.78704 15.7928 7.69061 3.17108 1.65624 1.6567 3.17339 7.67497 15.8984 27.6189 31.229 33.6376 34.3317 34.3318 33.6378 31.264 27.7121 31.6357 33.7133 34.3305 34.467 34.4673 34.3305 33.7091 31.611 27.787 31.656 33.3513 33.9269 33.9517 33.3997 31.709 27.8839 18.4048 15.9324 13.4072 10.9323 10.7912 13.3744 16.0318 18.6098 13.2962 7.29674 3.13774 1.73503 1.72736 3.11938 7.26113 
8.44926 3.37255 1.57619 1.09987 1.09842 1.57082 3.35381 8.38075 16.4788 8.45017 3.58263 1.84742 1.84841 3.58737 8.44019 16.5859 27.5702 31.0218 33.3327 34.0001 34.0009 33.3337 31.0605 27.6509 31.0654 33.577 34.1664 34.1592 34.161 34.1664 33.5733 31.0409 26.5476 30.2681 31.8833 32.469 32.5208 31.9623 30.3553 26.6578 17.5162 15.4226 13.2546 11.0661 10.917 13.2228 15.5127 17.7113 12.9296 7.32103 3.18693 1.7711 1.76277 3.16664 7.28407 
9.51006 3.94574 1.76705 1.15495 1.15342 1.76099 3.92458 9.43235 17.2838 9.46818 4.26624 2.24213 2.24456 4.27433 9.4643 17.3748 27.1579 30.4354 32.5619 33.1665 33.1615 32.5532 30.4789 27.2278 30.1777 33.2055 33.819 33.6185 33.5932 33.8184 33.1851 30.1438 24.6596 28.321 29.6228 30.0809 29.9639 29.5067 28.2163 24.6957 16.1802 14.2871 12.1756 9.93074 9.80338 12.09 14.2844 16.2693 12.3898 7.21342 3.21428 1.77106 1.76466 3.19917 7.18359 
10.121 4.29508 1.87457 1.18713 1.18559 1.86921 4.27916 10.0741 17.3146 9.35938 4.11802 2.18846 2.18283 4.10445 9.33872 17.3932 27.8755 31.0576 32.9692 33.6685 33.6681 32.9688 31.1025 27.9218 28.3123 32.2521 33.3073 33.0655 33.0281 33.2748 32.2074 28.303 22.1871 26.72 28.3541 28.9796 28.9796 28.3541 26.7301 22.2991 10.4148 9.19449 8.62424 9.24376 9.24376 8.62424 9.15517 10.2915 7.95953 5.66494 3.44468 2.09691 2.08132 3.42456 5.67858 
11.2477 4.73371 2.02705 1.23491 1.23324 2.02184 4.72231 11.2225 19.4757 10.7295 4.77683 2.50907 2.50355 4.76154 10.7032 19.5419 29.7768 32.3524 33.8678 34.3789 34.3787 33.8674 32.3642 29.7981 29.6089 32.6009 33.6012 33.7297 33.7267 33.5947 32.5929 29.6586 24.7536 29.836 31.7658 32.4112 32.4112 31.7658 29.8184 24.8275 11.7872 11.0934 11.2438 12.9224 12.9224 11.2438 11.0626 11.6723 8.7434 6.26319 3.9151 2.41511 2.39043 3.8859 6.25869 
12.0344 5.1234 2.15867 1.26944 1.2677 2.15396 5.11292 12.0105 20.489 11.3257 5.01163 2.60225 2.59787 4.9995 11.3012 20.5548 30.7552 33.0165 34.302 34.685 34.6849 34.3017 33.0296 30.7868 30.3776 32.7441 33.7232 34.0222 34.0193 33.7173 32.7387 30.4234 26.3143 31.2106 33.2082 33.9017 33.9017 33.2082 31.2153 26.3991 13.4033 12.6465 12.6466 14.0472 14.0472 12.6466 12.6076 13.2747 9.69156 6.84567 4.26216 2.6231 2.5971 4.23136 6.84137 
12.2937 5.23128 2.17801 1.2582 1.25724 2.17568 5.22634 12.2772 20.8031 11.4315 5.01113 2.57193 2.56907 5.00362 11.4097 20.8663 31.1062 33.2169 34.4436 34.7594 34.7594 34.4435 33.22 31.1463 30.7437 32.7113 33.6922 34.1653 34.1634 33.6892 32.7094 30.7705 27.1718 31.7196 33.6808 34.3186 34.3186 33.6808 31.719 27.2406 15.3834 13.8609 13.1617 13.148 13.148 13.1617 13.832 15.2696 10.8624 6.86638 3.82949 2.26915 2.25797 3.81067 6.85829 
12.2772 5.22634 2.17568 1.25724 1.25724 2.17568 5.22634 12.2772 20.8031 11.4315 5.00362 2.56907 2.57721 5.01867 11.4315 20.8031 31.1463 33.22 34.4436 34.7594 34.7594 34.4436 33.2169 31.1062 30.7705 32.7094 33.6892 34.1634 34.1653 33.6922 32.7113 30.7437 27.3467 31.6806 33.6709 34.3138 34.3124 33.6689 31.6972 27.2644 15.2696 13.832 13.1557 13.1731 13.1731 13.1557 13.832 15.2696 10.8624 6.86638 3.82949 2.26915 2.26915 3.82949 6.86638 
12.0105 5.11292 2.15396 1.2677 1.2677 2.15396 5.11292 12.0105 20.489 11.3257 4.9995 2.59787 2.61058 5.02381 11.3257 20.489 30.7868 33.0296 34.302 34.685 34.685 34.302 33.0165 30.7552 30.4234 32.7387 33.7173 34.0193 34.0222 33.7232 32.7441 30.3776 26.5336 31.1688 33.1908 33.8918 33.8901 33.1888 31.1853 26.4317 13.2747 12.6076 12.6308 14.103 14.103 12.6308 12.6076 13.2747 9.69156 6.84567 4.26216 2.6231 2.6231 4.26216 6.84567 
11.2225 4.72231 2.02184 1.23324 1.23324 2.02184 4.72231 11.2225 19.4757 10.7295 4.76154 2.50355 2.51916 4.79236 10.7295 19.4757 29.7981 32.3642 33.8678 34.3789 34.3789 33.8678 32.3524 29.7768 29.6586 32.5929 33.5947 33.7267 33.7297 33.6012 32.6009 29.6089 24.9595 29.7758 31.7256 32.4017 32.4086 31.7445 29.8103 24.8669 11.6723 11.0626 11.2335 12.9609 12.9609 11.2335 11.0626 11.6723 8.7434 6.26319 3.9151 2.41511 2.41511 3.9151 6.26319 
10.0741 4.27916 1.86921 1.18559 1.18559 1.86921 4.27916 10.0741 17.3146 9.35938 4.10445 2.18283 2.19828 4.13181 9.35938 17.3146 27.9218 31.1025 32.9692 33.6685 33.6685 32.9692 31.0576 27.8755 28.303 32.2074 33.2748 33.0281 33.0655 33.3073 32.2521 28.3123 22.3253 26.6014 28.2298 28.8817 28.9007 28.2516 26.6311 22.2388 10.2915 9.15517 8.59757 9.27825 9.27825 8.59757 9.15517 10.2915 7.95953 5.66494 3.44468 2.09691 2.09691 3.44468 5.66494 
7.55036 3.17243 1.51482 1.08308 1.08349 1.51624 3.17561 7.55703 13.4209 6.97164 3.04107 1.66188 1.65518 3.02331 6.97164 13.4209 24.8903 28.6485 31.288 32.274 32.274 31.288 28.6368 25.0198 22.5894 26.1896 27.4255 27.4172 27.2708 27.2624 26.0469 22.5101 17.1899 20.8514 22.2323 22.8031 22.9487 22.4158 20.9494 17.1638 8.58469 6.52554 4.21996 2.92302 2.92247 4.22042 6.53017 8.51314 5.64087 3.06479 1.78375 1.2212 1.22702 1.80146 3.0933 
7.28691 2.95283 1.4195 1.05785 1.05843 1.42246 2.96389 7.31784 13.3746 6.79738 2.8942 1.58568 1.57981 2.88047 6.79738 13.3746 25.287 29.2174 32.1548 33.3478 33.3478 32.1548 29.1694 25.384 22.6722 26.4393 27.8 28.3065 28.311 27.8106 26.4656 22.7418 17.4588 22.3111 25.6266 27.5721 27.5787 25.6697 22.3445 17.3745 8.01169 5.49181 2.98267 1.76363 1.77072 2.99863 5.51279 7.94353 5.13494 2.52671 1.40409 1.07561 1.07645 1.40725 2.53457 
7.07664 2.80718 1.36824 1.04727 1.04778 1.37087 2.81724 7.10522 13.3165 6.64776 2.78428 1.52785 1.52241 2.77165 6.64776 13.3165 25.5721 29.6541 32.7172 33.9131 33.9131 32.7172 29.6032 25.6781 22.4646 25.7866 27.6428 28.9276 28.9326 27.6519 25.8125 22.5407 17.6225 23.6227 27.9562 30.3328 30.3568 28.0053 23.6467 17.5056 6.97985 4.2277 2.06081 1.25315 1.25565 2.07069 4.25324 6.92155 4.29603 1.99349 1.19321 1.02276 1.02307 1.19495 1.99995 
6.94532 2.70081 1.32282 1.03684 1.03705 1.32403 2.70567 6.96002 13.333 6.54155 2.65754 1.44388 1.44105 2.65136 6.54155 13.333 25.6706 30.0163 33.043 34.0583 34.0583 33.043 29.9779 25.7621 22.327 25.3267 27.4799 29.2128 29.2153 27.4841 25.3395 22.3683 17.7491 24.8878 29.641 31.6366 31.6477 29.6708 24.9179 17.6299 5.89478 3.29613 1.60477 1.09203 1.09268 1.60825 3.30777 5.83867 3.34581 1.58859 1.09049 1.00758 1.00768 1.0912 1.59198 
6.96002 2.70567 1.32403 1.03705 1.03705 1.32403 2.70567 6.96002 13.333 6.54155 2.65136 1.44105 1.44105 2.65136 6.53048 13.3306 25.6706 30.0163 33.043 34.0583 34.0679 33.0664 30.0163 25.6706 22.3683 25.3395 27.4841 29.2153 29.2128 27.4799 25.3267 22.327 17.6299 24.9179 29.6708 31.6477 31.6477 29.6708 24.9179 17.6299 5.89478 3.29613 1.60477 1.09203 1.09203 1.60477 3.29613 5.89478 3.34581 1.58859 1.0912 1.00768 1.00758 1.09049 1.58859 
7.10522 2.81724 1.37087 1.04778 1.04778 1.37087 2.81724 7.10522 13.3165 6.64776 2.77165 1.52241 1.52241 2.77165 6.62543 13.3131 25.5721 29.6541 32.7172 33.9131 33.9292 32.7566 29.6541 25.5721 22.5407 25.8125 27.6519 28.9326 28.9276 27.6428 25.7866 22.4646 17.5056 23.6467 28.0053 30.3568 30.3568 28.0053 23.6467 17.5056 6.97985 4.2277 2.06081 1.25315 1.25315 2.06081 4.2277 6.97985 4.29603 1.99349 1.19495 1.02307 1.02276 1.19321 1.99349 
7.31784 2.96389 1.42246 1.05843 1.05843 1.42246 2.96389 7.31784 13.3746 6.79738 2.88047 1.57981 1.57981 2.88047 6.77283 13.3713 25.287 29.2174 32.1548 33.3478 33.3661 32.1954 29.2174 25.287 22.7418 26.4656 27.8106 28.311 28.3065 27.8 26.4393 22.6722 17.3745 22.3445 25.6697 27.5787 27.5787 25.6697 22.3445 17.3745 8.01169 5.49181 2.98267 1.76363 1.76363 2.98267 5.49181 8.01169 5.13494 2.52671 1.40725 1.07645 1.07561 1.40409 2.52671 
7.55703 3.17561 1.51624 1.08349 1.08349 1.51624 3.17561 7.55703 13.4209 6.97164 3.02331 1.65518 1.65518 3.02331 6.93871 13.3925 24.8903 28.6485 31.288 32.274 32.253 31.2846 28.6485 24.8903 22.5101 26.0469 27.2624 27.2708 27.4172 27.4255 26.1896 22.5894 17.1638 20.9494 22.4158 22.9487 22.9487 22.4158 20.9494 17.1638 8.58469 6.52554 4.21996 2.92302 2.92302 4.21996 6.52554 8.58469 5.64087 3.06479 1.80146 1.22702 1.2212 1.78375 3.06479 
5.04208 2.10837 1.21248 1.02791 1.02791 1.21248 2.10837 5.02042 9.52412 4.69587 2.00221 1.23564 1.23482 2.00172 4.76112 9.61134 19.6323 25.3188 27.7815 28.5113 28.5113 27.7815 25.3188 19.6323 13.8383 13.259 12.9377 13.2924 13.1477 12.7709 13.0965 13.7439 13.4429 16.3936 15.3013 14.0353 14.0353 15.3013 16.3936 13.4429 6.68508 4.55674 2.38906 1.56395 1.56395 2.38906 4.55674 6.68508 3.4558 1.56364 1.06689 1.00178 1.00178 1.06689 1.56364 
4.93245 2.05847 1.20399 1.02721 1.02721 1.20399 2.05847 4.93301 9.60715 4.62924 1.93824 1.20147 1.20015 1.93644 4.64088 9.54195 20.1598 27.244 30.2228 31.1354 31.1354 30.2228 27.244 20.1598 13.4675 12.1556 10.3644 9.55543 9.55313 10.3591 12.1512 13.4673 12.9224 16.2948 13.9188 11.4637 11.4637 13.9188 16.2948 12.9224 6.10598 3.82502 1.93275 1.32886 1.32886 1.93275 3.82502 6.10598 3.11902 1.48415 1.06633 1.00555 1.00555 1.06633 1.48415 
4.91494 2.04338 1.19503 1.02566 1.02566 1.19503 2.04338 4.91781 9.65932 4.65629 1.93947 1.19553 1.19438 1.93842 4.67731 9.58695 20.5253 28.2998 31.6244 32.666 32.666 31.6244 28.2998 20.5253 13.3153 11.6955 9.0625 7.5078 7.50532 9.05568 11.6935 13.3157 12.5248 16.0055 12.945 9.81257 9.81257 12.945 16.0055 12.5248 5.97545 3.65847 1.85069 1.30127 1.30127 1.85069 3.65847 5.97545 3.0765 1.49153 1.07432 1.00733 1.00733 1.07432 1.49153 
4.90511 2.02622 1.17879 1.02077 1.02077 1.17879 2.02622 4.90757 9.66735 4.66375 1.93269 1.18116 1.18066 1.93262 4.6872 9.57385 20.6409 28.6796 32.1029 33.1456 33.1456 32.1029 28.6796 20.6409 13.7579 12.7608 9.64981 6.27409 6.27228 9.64481 12.7612 13.7571 12.4079 15.8192 12.5157 9.12955 9.12955 12.5157 15.8192 12.4079 5.9944 3.53116 1.77182 1.25191 1.25191 1.77182 3.53116 5.9944 3.13159 1.51311 1.07545 1.00721 1.00721 1.07545 1.51311 
4.90757 2.02471 1.17806 1.02058 1.02077 1.17879 2.02622 4.90511 9.57385 4.6872 1.93269 1.18116 1.18116 1.93269 4.66375 9.66735 20.6409 28.6796 32.1029 33.1456 33.1516 32.1127 28.6865 20.629 13.7571 12.7612 9.64481 6.27228 6.27409 9.64981 12.7608 13.7579 12.4079 15.8192 12.5163 9.1295 9.12955 12.5157 15.8192 12.4079 5.9944 3.53116 1.77182 1.25191 1.25883 1.79125 3.54686 5.97071 3.13159 1.51311 1.07545 1.00721 1.00717 1.07534 1.5134 
4.91781 2.04029 1.19358 1.02529 1.02566 1.19503 2.04338 4.91494 9.58695 4.67731 1.93947 1.19553 1.19553 1.93947 4.65629 9.65932 20.5253 28.2998 31.6244 32.666 32.675 31.6417 28.3139 20.5035 13.3157 11.6935 9.05568 7.50532 7.5078 9.0625 11.6955 13.3153 12.5247 16.0053 12.9456 9.81242 9.81257 12.945 16.0055 12.5248 5.97545 3.65847 1.85069 1.30127 1.31348 1.88359 3.68238 5.94809 3.0765 1.49153 1.07432 1.00733 1.0073 1.0744 1.49297 
4.93301 2.05481 1.2024 1.02681 1.02721 1.20399 2.05847 4.93245 9.54195 4.64088 1.93824 1.20147 1.20147 1.93824 4.62924 9.60715 20.1598 27.244 30.2228 31.1354 31.1453 30.2388 27.2556 20.143 13.4673 12.1512 10.3591 9.55313 9.55543 10.3644 12.1556 13.4675 12.9221 16.295 13.9183 11.4632 11.4637 13.9188 16.2948 12.9224 6.10598 3.82502 1.93275 1.32886 1.33744 1.96408 3.84948 6.07316 3.11902 1.48415 1.06633 1.00555 1.00554 1.06645 1.48564 
5.02042 2.10062 1.21039 1.02747 1.02791 1.21248 2.10837 5.04208 9.61134 4.76112 2.00221 1.23564 1.23564 2.00221 4.69587 9.52412 19.6323 25.3188 27.7815 28.5113 28.4397 27.7065 25.2406 19.5615 13.7439 13.0965 12.7709 13.1477 13.2924 12.9377 13.259 13.8383 13.4425 16.3916 15.2936 14.0288 14.0353 15.3013 16.3936 13.4429 6.68508 4.55674 2.38906 1.56395 1.57483 2.44602 4.59792 6.66642 3.4558 1.56364 1.06689 1.00178 1.00204 1.06756 1.56398 
1.81022 1.16505 1.02392 1.00233 1.00233 1.02392 1.16505 1.81022 3.2198 1.68676 1.12974 1.01722 1.01722 1.12974 1.68676 3.2198 10.6598 13.9118 15.3929 16.04 16.04 15.3929 13.9118 10.6598 6.15745 4.90971 4.37899 4.56117 4.56117 4.37899 4.90971 6.15745 7.48235 9.37788 8.64313 7.87807 7.90441 8.69032 9.40886 7.51236 3.16646 2.15295 1.35129 1.09583 1.09109 1.34494 2.13627 3.12256 1.71162 1.11663 1.0132 1.00058 1.00059 1.01338 1.11784 
1.24168 1.04444 1.00523 1.00022 1.00022 1.00523 1.04444 1.24168 1.68814 1.16105 1.02029 1.0012 1.0012 1.02029 1.16105 1.68814 4.5132 5.87407 6.72202 7.02585 7.02585 6.72202 5.87407 4.5132 2.90574 2.20561 1.92231 2.04018 2.04018 1.92231 2.20561 2.90574 3.70564 4.69232 4.03981 3.34231 3.3394 4.03261 4.67462 3.69761 1.63585 1.26845 1.06881 1.01228 1.01226 1.06982 1.26898 1.62924 1.2127 1.03307 1.00316 0.999893 0.999888 1.00313 1.03288 
1.04021 1.00602 1.00053 0.999915 0.999915 1.00053 1.00602 1.04021 1.11644 1.0198 1.00143 0.9998 0.9998 1.00143 1.0198 1.11644 1.97889 2.48915 2.82711 2.89519 2.89519 2.82711 2.48915 1.97889 1.43557 1.22574 1.14938 1.18155 1.18155 1.14938 1.22574 1.43557 1.98838 2.31229 1.86746 1.49094 1.48899 1.86082 2.29907 1.97862 1.11342 1.03619 1.00638 1.00047 1.00046 1.00643 1.03573 1.11014 1.03351 1.00447 1.00028 0.99992 0.99992 1.00028 1.00443 
1.00492 1.00052 0.999881 0.999963 0.999963 0.999881 1.00052 1.00492 1.01411 1.0013 0.999845 0.999953 0.999953 0.999845 1.0013 1.01411 1.23037 1.42281 1.55979 1.5531 1.5531 1.55979 1.42281 1.23037 1.06484 1.03437 1.02038 1.02729 1.02729 1.02038 1.03437 1.06484 1.33415 1.44227 1.23486 1.08023 1.07959 1.23222 1.43696 1.3296 1.01546 1.00273 1.00008 0.999893 0.999895 1.00008 1.00262 1.01454 1.00331 1.00029 0.999905 0.999981 0.999982 0.999905 1.00028 
1.00493 1.00053 0.999882 0.999963 0.999963 0.999881 1.00052 1.00492 1.01411 1.0013 0.999845 0.999953 0.999954 0.999841 1.00126 1.01527 1.23037 1.42281 1.55979 1.5531 1.54953 1.55428 1.4233 1.22977 1.06485 1.03437 1.02038 1.02729 1.02729 1.02038 1.03437 1.06484 1.33492 1.44259 1.23465 1.07989 1.08023 1.23486 1.44227 1.33415 1.01454 1.00262 1.00008 0.999895 0.999895 1.00008 1.00262 1.01454 1.00331 1.00029 0.999905 0.999981 0.999981 0.999905 1.00029 
1.04041 1.00606 1.00054 0.999915 0.999915 1.00053 1.00602 1.04021 1.11644 1.0198 1.00143 0.9998 0.999798 1.00141 1.01982 1.12512 1.97889 2.48915 2.82711 2.89519 2.88656 2.81336 2.49157 1.97637 1.43561 1.22575 1.14934 1.18153 1.18155 1.14938 1.22574 1.43557 1.99182 2.31383 1.86706 1.48875 1.49094 1.86746 2.31229 1.98838 1.11014 1.03573 1.00643 1.00046 1.00046 1.00643 1.03573 1.11014 1.03351 1.00447 1.00028 0.99992 0.99992 1.00028 1.00447 
1.24292 1.04482 1.0053 1.00023 1.00022 1.00523 1.04444 1.24168 1.68814 1.16105 1.02029 1.0012 1.00119 1.02024 1.16304 1.73116 4.5132 5.87407 6.72202 7.02585 7.01498 6.70509 5.88736 4.50833 2.90583 2.2057 1.91998 2.0387 2.04018 1.92231 2.20561 2.90574 3.71804 4.6984 4.04356 3.33559 3.34231 4.03981 4.69232 3.70564 1.62924 1.26898 1.06982 1.01226 1.01226 1.06982 1.26898 1.62924 1.2127 1.03307 1.00316 0.999893 0.999893 1.00316 1.03307 
1.80384 1.16459 1.02394 1.00234 1.00233 1.02392 1.16505 1.81022 3.2198 1.68676 1.12974 1.01722 1.01726 1.12984 1.72758 3.46039 10.6598 13.9118 15.3929 16.04 16.0539 15.41 13.8552 10.5931 6.15747 4.91054 4.35462 4.53282 4.56117 4.37899 4.90971 6.15745 7.46848 9.35711 8.62884 7.83983 7.87807 8.64313 9.37788 7.48235 3.12256 2.13627 1.34494 1.09109 1.09109 1.34494 2.13627 3.12256 1.71162 1.11663 1.0132 1.00058 1.00058 1.0132 1.11663 
1.15029 1.02692 1.00412 1.00047 1.00047 1.00412 1.02692 1.15029 1.61848 1.13568 1.01881 1.00171 1.00171 1.01881 1.13568 1.61848 4.22801 6.05591 6.7069 7.24126 7.24126 6.7069 6.05591 4.22801 3.08317 2.48856 2.24632 1.99222 1.99222 2.24632 2.48856 3.08317 3.73613 4.60816 3.93846 3.20433 3.20536 3.9462 4.60856 3.73626 1.66778 1.23712 1.05617 1.00968 1.00968 1.05617 1.23712 1.66778 1.15657 1.02378 1.00238 1.00022 1.00022 1.00238 1.02378 
1.01833 1.00329 1.00039 0.999954 0.999954 1.00039 1.00329 1.01833 1.13433 1.02244 1.00219 0.999989 0.999989 1.00219 1.02244 1.13433 2.77578 3.87383 4.19563 4.13973 4.13973 4.19563 3.87383 2.77578 1.78565 1.51005 1.36293 1.23397 1.23397 1.36293 1.51005 1.78565 1.68724 1.90945 1.62903 1.39754 1.39716 1.63004 1.90945 1.68729 1.13861 1.04012 1.007 1.00057 1.00057 1.007 1.04012 1.13861 1.03301 1.00518 1.00059 0.99994 0.99994 1.00059 1.00518 
1.00083 1.00024 0.999966 0.999982 0.999982 0.999966 1.00024 1.00083 1.02373 1.00297 1.00012 0.999908 0.999908 1.00012 1.00297 1.02373 1.77747 2.47586 2.73772 2.32931 2.32931 2.73772 2.47586 1.77747 1.20381 1.11458 1.07132 1.03673 1.03673 1.07132 1.11458 1.20381 1.11365 1.14522 1.08254 1.04135 1.04122 1.08269 1.14522 1.11364 1.02181 1.00474 1.00038 0.999841 0.999841 1.00038 1.00474 1.02181 1.00513 1.00067 0.999975 0.999971 0.999971 0.999975 1.00067 
0.999808 0.999946 0.999986 0.999999 0.999999 0.999986 0.999946 0.999808 1.00319 1.00013 0.999926 0.999982 0.999982 0.999926 1.00013 1.00319 1.23577 1.5511 1.71268 1.44539 1.44539 1.71268 1.5511 1.23577 1.03573 1.01545 1.00822 1.00347 1.00347 1.00822 1.01545 1.03573 1.00968 1.01263 1.00585 1.0023 1.00228 1.00586 1.01263 1.00968 1.00223 1.00019 0.999904 0.999962 0.999962 0.999904 1.00019 1.00223 1.00063 0.999956 0.999968 0.999996 0.999996 0.999968 0.999956 
0 0 0 0 0.999999 0.999986 0.999946 0.999808 1.00291 1.00013 0.999926 0.999982 0.999982 0.999926 1.00013 1.00319 1.23577 1.5511 1.71268 1.44539 1.44036 1.70055 1.5417 1.23262 1.03546 1.01524 1.0081 1.00341 1.00347 1.00822 1.01545 1.03573 1.00968 1.01263 1.00586 1.00228 1.0023 1.00585 1.01263 1.00968 1.00219 1.00018 0.999903 0.999962 0.999962 0.999904 1.00019 1.00223 1.00063 0.999956 0.999968 0.999996 0 0 0 
0 0 0 0 0.999982 0.999966 1.00024 1.00083 1.02221 1.00297 1.00012 0.999908 0.999908 1.00011 1.00297 1.02373 1.77747 2.47586 2.73772 2.32931 2.31575 2.71602 2.45494 1.76771 1.20214 1.11309 1.07041 1.03632 1.03673 1.07132 1.11458 1.20381 1.11364 1.14522 1.08269 1.04122 1.04135 1.08254 1.14522 1.11365 1.0217 1.00469 1.00038 0.99984 0.999841 1.00038 1.00474 1.02181 1.00513 1.00067 0.999975 0.999971 0 0 0 
0 0 0 0 0.999954 1.00039 1.00329 1.01833 1.13006 1.02244 1.00219 0.999989 0.999988 1.00218 1.02244 1.13433 2.77578 3.87383 4.19563 4.13973 4.1252 4.18484 3.86153 2.76717 1.78035 1.50493 1.35947 1.23214 1.23397 1.36293 1.51005 1.78565 1.68729 1.90945 1.63004 1.39716 1.39754 1.62903 1.90945 1.68724 1.13854 1.03996 1.00702 1.00057 1.00057 1.007 1.04012 1.13861 1.03301 1.00518 1.00059 0.99994 0 0 0 
