0 0 0 0 1.00191 1.01541 1.12087 1.59939 2.6255 1.65242 1.15537 1.03182 1.03189 1.15582 1.65394 2.63544 4.69088 5.29187 5.54529 5.58831 5.58823 5.54505 5.27148 4.68198 5.42197 6.23688 7.43055 9.54055 9.53931 7.44127 6.24382 5.4183 2.91981 2.94143 2.71249 2.51937 2.51069 2.69627 2.92199 2.89627 1.81016 1.34441 1.09681 1.02448 1.02501 1.09862 1.34726 1.81051 1.39948 1.10244 1.0159 1.00175 0 0 0 
0 0 0 0 1.00023 1.00299 1.02785 1.13421 1.35192 1.11814 1.02328 1.00337 1.00338 1.02336 1.11848 1.35411 2.10227 2.17056 2.22108 2.22539 2.22538 2.22106 2.1651 2.1056 3.58848 4.68841 5.80059 7.05359 7.04842 5.79903 4.68351 3.57903 1.74876 1.84774 1.56567 1.35646 1.35892 1.56965 1.85218 1.74635 1.16266 1.05396 1.01171 1.0016 1.00165 1.01197 1.05455 1.16227 1.0829 1.01993 1.00251 1.00014 0 0 0 
0 0 0 0 0.999942 1.00046 1.00351 1.01804 1.04599 1.01306 1.00188 0.999973 0.999974 1.00189 1.0131 1.04628 1.23912 1.20807 1.21607 1.2087 1.20871 1.21608 1.20712 1.24255 2.52383 3.85712 4.90702 5.11906 5.10223 4.89627 3.84276 2.50712 1.19435 1.23724 1.13284 1.0613 1.06198 1.13441 1.23983 1.1931 1.02245 1.00578 1.00099 1.00005 1.00006 1.00102 1.00587 1.02228 1.01145 1.0026 1.00016 0.999935 0 0 0 
0 0 0 0 0.999976 0.999984 1.00031 1.002 1.00326 1.00033 0.999869 0.999905 0.999905 0.99987 1.00033 1.00328 1.04161 1.02194 1.02188 1.02034 1.02034 1.02188 1.02183 1.04314 1.68134 3.32266 4.99381 3.63174 3.60279 4.93335 3.28376 1.67119 1.0385 1.04835 1.02185 1.00718 1.00728 1.02215 1.04894 1.03776 1.00205 1.00021 0.999986 0.99996 0.999959 0.999989 1.00022 1.00201 1.00116 1.00014 0.99994 0.999981 0 0 0 
1.002 1.00031 0.999984 0.999976 0.999976 0.999984 1.00031 1.002 1.00326 1.00033 0.999869 0.999905 0.999905 0.999869 1.00033 1.00326 1.04161 1.02194 1.02188 1.02034 1.02034 1.02188 1.02194 1.04161 1.68134 3.32266 4.99381 3.63174 3.63174 4.99381 3.32266 1.68134 1.03776 1.04894 1.02215 1.00728 1.00728 1.02215 1.04894 1.03776 1.00205 1.00021 0.999986 0.99996 0.99996 0.999986 1.00021 1.00205 1.00116 1.00014 0.99994 0.999981 0.999981 0.99994 1.00014 
1.01804 1.00351 1.00046 0.999942 0.999942 1.00046 1.00351 1.01804 1.04599 1.01306 1.00188 0.999973 0.999973 1.00188 1.01306 1.04599 1.23912 1.20807 1.21607 1.2087 1.2087 1.21607 1.20807 1.23912 2.52383 3.85712 4.90702 5.11906 5.11906 4.90702 3.85712 2.52383 1.1931 1.23983 1.13441 1.06198 1.06198 1.13441 1.23983 1.1931 1.02245 1.00578 1.00099 1.00005 1.00005 1.00099 1.00578 1.02245 1.01145 1.0026 1.00016 0.999935 0.999935 1.00016 1.0026 
1.13421 1.02785 1.00299 1.00023 1.00023 1.00299 1.02785 1.13421 1.35192 1.11814 1.02328 1.00337 1.00337 1.02328 1.11814 1.35192 2.10227 2.17056 2.22108 2.22539 2.22539 2.22108 2.17056 2.10227 3.58848 4.68841 5.80059 7.05359 7.05359 5.80059 4.68841 3.58848 1.74635 1.85218 1.56965 1.35892 1.35892 1.56965 1.85218 1.74635 1.16266 1.05396 1.01171 1.0016 1.0016 1.01171 1.05396 1.16266 1.0829 1.01993 1.00251 1.00014 1.00014 1.00251 1.01993 
1.59939 1.12087 1.01541 1.00191 1.00191 1.01541 1.12087 1.59939 2.6255 1.65242 1.15537 1.03182 1.03182 1.15537 1.65242 2.6255 4.69088 5.29187 5.54529 5.58831 5.58831 5.54529 5.29187 4.69088 5.42197 6.23688 7.43055 9.54055 9.54055 7.43055 6.23688 5.42197 2.89627 2.92199 2.69627 2.51069 2.51069 2.69627 2.92199 2.89627 1.81016 1.34441 1.09681 1.02448 1.02448 1.09681 1.34441 1.81016 1.39948 1.10244 1.0159 1.00175 1.00175 1.0159 1.10244 
3.29182 1.79512 1.18858 1.02799 1.02799 1.18858 1.79512 3.29182 5.09179 2.96635 1.58605 1.17076 1.17076 1.58605 2.96635 5.09179 8.52699 9.96314 10.8813 11.0781 11.1485 10.9517 10.0308 8.60145 7.84893 8.61594 9.67985 11.1169 11.0751 9.59577 8.53386 7.77983 6.12972 6.48898 6.7667 7.04232 7.04183 6.76581 6.48774 6.16815 3.50927 2.43273 1.66849 1.31072 1.30277 1.65102 2.36055 3.44545 2.13619 1.25965 1.02958 1.00178 1.00181 1.02981 1.25949 
2.12568 1.41792 1.07782 1.00886 1.00886 1.07782 1.41792 2.12568 2.65158 1.68306 1.1539 1.03029 1.03029 1.1539 1.68306 2.65158 4.62684 5.14382 5.41744 5.41764 5.41813 5.42391 5.15301 4.64487 5.58163 6.45582 6.92762 7.24369 7.25362 6.93014 6.45406 5.56843 3.35378 3.23426 3.18518 3.06809 3.06809 3.18513 3.23405 3.3452 1.75799 1.32135 1.0924 1.02909 1.02886 1.09207 1.31684 1.76141 1.30392 1.05378 1.00495 0.999941 0.999954 1.00503 1.05414 
1.35026 1.12281 1.0166 1.00114 1.00114 1.0166 1.12281 1.35026 1.396 1.12899 1.02052 1.00214 1.00214 1.02052 1.12899 1.396 2.20228 2.20872 2.27445 2.2351 2.23874 2.28163 2.21703 2.21925 4.516 5.55686 5.84556 5.53092 5.54467 5.84605 5.56151 4.52534 1.91865 1.72045 1.61665 1.47638 1.47637 1.61665 1.72037 1.92817 1.15024 1.04469 1.00662 1.0011 1.00106 1.00654 1.04367 1.153 1.05355 1.00794 1.00054 0.999922 0.999923 1.00055 1.008 
1.08422 1.02471 1.00227 0.999858 0.999858 1.00227 1.02471 1.08422 1.07545 1.01707 1.0013 0.999726 0.999726 1.0013 1.01707 1.07545 1.38943 1.31733 1.32369 1.29295 1.29443 1.32619 1.32011 1.39734 4.03054 6.10197 7.17746 5.13512 5.16153 7.24157 6.15791 4.06289 1.33521 1.21338 1.15031 1.07826 1.07826 1.15032 1.21334 1.34547 1.02313 1.00365 0.999987 0.999933 0.999932 0.999979 1.00358 1.02457 1.00755 1.0009 0.999879 0.999963 0.999963 0.99988 1.0009 
1.08428 1.02464 1.00226 0.999857 0.999858 1.00227 1.02471 1.08422 1.07545 1.01707 1.0013 0.999726 0.999722 1.00127 1.0167 1.0763 1.39734 1.32011 1.32619 1.29443 1.29443 1.32619 1.32011 1.39734 4.06289 6.15791 7.24157 5.16153 5.16153 7.24157 6.15791 4.06289 1.34547 1.21334 1.15032 1.07826 1.07826 1.15031 1.21338 1.34575 1.02365 1.0036 0.999968 0.999928 0.999933 0.999987 1.00365 1.02313 1.00755 1.0009 0.999879 0.999963 0.999963 0.999879 1.0009 
1.35046 1.12231 1.01654 1.00113 1.00114 1.0166 1.12281 1.35026 1.396 1.12899 1.02052 1.00214 1.0021 1.02023 1.12683 1.3975 2.21925 2.21703 2.28163 2.23874 2.23874 2.28163 2.21703 2.21925 4.52534 5.56151 5.84605 5.54467 5.54467 5.84605 5.56151 4.52534 1.92817 1.72037 1.61665 1.47637 1.47638 1.61665 1.72045 1.92835 1.15043 1.04368 1.00643 1.00106 1.0011 1.00662 1.04469 1.15024 1.05355 1.00794 1.00054 0.999922 0.999922 1.00054 1.00794 
2.12494 1.41592 1.07746 1.00881 1.00886 1.07782 1.41792 2.12568 2.65158 1.68306 1.1539 1.03029 1.02991 1.15223 1.67306 2.65706 4.64487 5.15301 5.42391 5.41813 5.41813 5.42391 5.15301 4.64487 5.56843 6.45406 6.93014 7.25362 7.25362 6.93014 6.45406 5.56843 3.3452 3.23405 3.18513 3.06809 3.06809 3.18518 3.23426 3.34544 1.75347 1.31521 1.0911 1.02872 1.02909 1.0924 1.32135 1.75799 1.30392 1.05378 1.00495 0.999941 0.999941 1.00495 1.05378 
3.30559 1.79836 1.18933 1.0281 1.02799 1.18858 1.79512 3.29182 5.09179 2.96635 1.58605 1.17076 1.16442 1.56784 2.90974 5.0371 8.60145 10.0308 10.9517 11.1485 11.1485 10.9517 10.0308 8.60145 7.77983 8.53386 9.59577 11.0751 11.0751 9.59577 8.53386 7.77983 6.16815 6.48774 6.76581 7.04183 7.04232 6.7667 6.48898 6.16907 3.44427 2.36772 1.65795 1.3069 1.31072 1.66849 2.43273 3.50927 2.13619 1.25965 1.02958 1.00178 1.00178 1.02958 1.25965 
6.89993 3.12144 1.59011 1.12171 1.12213 1.59408 3.14037 6.96178 12.337 7.5077 3.86919 2.33813 2.32639 3.84979 7.5179 12.4359 18.0775 21.5239 22.4194 23.0403 23.0403 22.4194 21.5239 18.0775 13.6156 15.9333 18.0772 19.6238 19.6238 18.0772 15.9333 13.6156 9.95925 10.534 11.6383 11.99 12.0829 11.7965 10.7471 10.1959 7.14666 5.41122 3.81443 2.56698 2.55844 3.79128 5.3575 7.11388 5.61048 2.84808 1.43637 1.07269 1.0722 1.4332 2.83255 
7.61366 3.42097 1.67167 1.1445 1.14419 1.67296 3.43071 7.6537 12.453 8.04003 4.33393 2.675 2.65236 4.28834 8.01849 12.486 17.6885 21.9319 23.7685 24.5875 24.5875 23.7685 21.9319 17.6885 12.9159 15.9837 18.0277 19.5745 19.5745 18.0277 15.9837 12.9159 8.7449 8.87714 9.54801 10.4143 10.3601 9.58365 8.971 8.86357 6.0092 4.64623 3.23027 2.12391 2.13175 3.23326 4.62439 6.00008 4.57053 2.34482 1.30486 1.04372 1.0432 1.30279 2.33859 
6.90772 3.22898 1.59951 1.11365 1.11338 1.60034 3.23666 6.94075 11.0695 6.97187 3.63117 2.21108 2.19354 3.59526 6.95103 11.0905 16.3618 20.4799 22.2554 22.7544 22.7544 22.2554 20.4799 16.3618 12.6832 17.3162 19.5781 20.5061 20.5061 19.5781 17.3162 12.6832 7.51332 7.33894 7.51065 7.77355 7.7062 7.51079 7.39448 7.61728 4.54271 3.45886 2.43138 1.68131 1.68856 2.43836 3.44845 4.54303 3.31407 1.761 1.15864 1.01908 1.01862 1.15628 1.75318 
6.34435 3.09871 1.53762 1.08666 1.08648 1.53769 3.10152 6.35779 9.73053 5.81949 2.80553 1.6717 1.66472 2.79191 5.81134 9.75138 15.2615 18.5757 20.4294 20.8937 20.8937 20.4294 18.5757 15.2615 13.5569 19.0133 20.7274 21.0219 21.0219 20.7274 19.0133 13.5569 6.86948 6.68844 6.10804 5.48381 5.44647 6.1043 6.7098 6.96655 3.62813 2.58465 1.71481 1.24401 1.2462 1.71861 2.58149 3.64204 2.41472 1.35378 1.05592 1.00514 1.00498 1.05492 1.3498 
6.35779 3.10152 1.53769 1.08648 1.08648 1.53769 3.10152 6.35779 9.75138 5.81134 2.79191 1.66472 1.66472 2.79191 5.81134 9.75138 15.2179 18.5232 20.434 20.8963 20.8937 20.4294 18.5757 15.2615 13.5563 19.0128 20.7376 21.034 21.0219 20.7274 19.0133 13.5569 6.96655 6.7098 6.1043 5.44647 5.48381 6.10804 6.68844 6.86948 3.62029 2.58149 1.71861 1.2462 1.24401 1.71481 2.57943 3.62813 2.41472 1.35378 1.05592 1.00514 1.00514 1.05592 1.35378 
6.94075 3.23666 1.60034 1.11338 1.11338 1.60034 3.23666 6.94075 11.0905 6.95103 3.59526 2.19354 2.19354 3.59526 6.95103 11.0905 16.3753 20.5007 22.2664 22.7593 22.7544 22.2554 20.4799 16.3618 12.6831 17.316 19.5946 20.5276 20.5061 19.5781 17.3162 12.6832 7.61728 7.39448 7.51079 7.7062 7.77355 7.51065 7.33894 7.51332 4.54066 3.44845 2.43836 1.68856 1.68131 2.43138 3.46127 4.54271 3.31407 1.761 1.15864 1.01908 1.01908 1.15864 1.761 
7.6537 3.43071 1.67296 1.14419 1.14419 1.67296 3.43071 7.6537 12.486 8.01849 4.28834 2.65236 2.65236 4.28834 8.01849 12.486 17.7501 21.9621 23.7804 24.5939 24.5875 23.7685 21.9319 17.6885 12.9152 15.9841 18.0387 19.5949 19.5745 18.0277 15.9837 12.9159 8.86357 8.971 9.58365 10.3601 10.4143 9.54801 8.87714 8.7449 6.01061 4.62439 3.23326 2.13175 2.12391 3.23027 4.6567 6.0092 4.57053 2.34482 1.30486 1.04372 1.04372 1.30486 2.34482 
6.96178 3.14037 1.59408 1.12213 1.12213 1.59408 3.14037 6.96178 12.4359 7.5179 3.84979 2.32639 2.32639 3.84979 7.5179 12.4359 18.1435 21.603 22.5292 23.1414 23.0403 22.4194 21.5239 18.0775 13.6172 15.9343 18.2296 19.7617 19.6238 18.0772 15.9333 13.6156 10.1959 10.7471 11.7965 12.0829 11.99 11.6383 10.534 9.95925 7.25453 5.3575 3.79128 2.55844 2.56698 3.81443 5.52662 7.14666 5.61048 2.84808 1.43637 1.07269 1.07269 1.43637 2.84808 
10.4986 4.70714 2.11865 1.27441 1.27226 2.11006 4.68305 10.445 17.3477 10.5192 5.63801 3.25945 3.25909 5.63664 10.5176 17.4088 24.7115 28.0382 29.7203 30.2595 30.3209 29.7774 28.0382 24.7115 23.7743 26.1468 27.1573 27.7186 27.8334 27.3033 26.2957 23.8697 20.4139 21.8672 22.7898 23.202 23.4023 22.8912 21.9621 20.4257 14.5791 12.5568 9.99553 7.44897 7.44897 9.98765 12.5568 14.5886 10.9291 5.78013 2.40155 1.37925 1.37531 2.38967 5.74253 
12.2197 5.46999 2.36344 1.35083 1.34806 2.35383 5.4414 12.1517 18.849 11.6639 6.48061 3.81276 3.80972 6.4704 11.6317 18.8722 26.824 30.441 32.3099 32.8503 32.8233 32.2663 30.441 26.824 25.5009 26.8745 27.8815 28.737 28.7547 27.8905 26.8636 25.4644 24.3197 27.11 28.6596 29.2731 29.2698 28.6903 27.144 24.2638 15.7223 13.4777 10.7008 7.97769 7.97769 10.7098 13.4777 15.8123 11.5179 5.82697 2.40308 1.3554 1.35341 2.39787 5.80956 
13.1499 5.8784 2.50237 1.3866 1.38379 2.49275 5.8511 13.0871 20.2471 12.5249 6.8211 4.00756 4.00704 6.81723 12.5011 20.2636 28.4024 31.9683 33.691 34.1777 34.1511 33.6384 31.9683 28.4024 26.4273 26.46 27.6517 29.2003 29.225 27.648 26.4448 26.4002 26.5854 29.8983 31.872 32.5947 32.614 31.9053 29.9409 26.5168 16.7414 14.3692 11.3493 8.49752 8.49752 11.362 14.3692 16.8536 12.1326 6.01901 2.46754 1.37372 1.37175 2.46243 6.00184 
13.3624 5.91504 2.46724 1.35232 1.35085 2.46267 5.90122 13.3253 21.0893 12.5498 6.39266 3.73735 3.73673 6.39052 12.5262 21.1203 29.3533 32.6591 34.1292 34.536 34.5221 34.1027 32.6591 29.3533 26.7307 26.3556 27.5836 29.2267 29.2439 27.5749 26.3494 26.7178 27.4963 30.9045 32.9288 33.5873 33.5993 32.9477 30.9331 27.4349 17.7558 15.2618 11.5265 8.62842 8.62842 11.5388 15.2618 17.8534 12.9244 6.29589 2.552 1.38184 1.38061 2.54854 6.28376 
13.3253 5.90122 2.46267 1.35085 1.35085 2.46267 5.90122 13.3253 21.0893 12.5498 6.39266 3.73735 3.73735 6.39266 12.5498 21.0893 29.3533 32.6591 34.1027 34.5221 34.536 34.1292 32.6438 29.3332 26.7178 26.3494 27.5749 29.2439 29.2439 27.5749 26.3494 26.7178 27.4349 30.9331 32.9477 33.5993 33.5873 32.9288 30.9045 27.4963 17.7514 15.261 11.5408 8.62546 8.62842 11.5265 15.2618 17.7558 12.9491 6.28376 2.54854 1.38061 1.38184 2.552 6.29589 
13.0871 5.8511 2.49275 1.38379 1.38379 2.49275 5.8511 13.0871 20.2471 12.5249 6.8211 4.00756 4.00756 6.8211 12.5249 20.2471 28.4024 31.9683 33.6384 34.1511 34.1777 33.691 31.9399 28.3655 26.4002 26.4448 27.648 29.225 29.225 27.648 26.4448 26.4002 26.5168 29.9409 31.9053 32.614 32.5947 31.872 29.8983 26.5854 16.734 14.3685 11.3686 8.49355 8.49752 11.3493 14.3692 16.7414 12.1661 6.00184 2.46243 1.37175 1.37372 2.46754 6.01901 
12.1517 5.4414 2.35383 1.34806 1.34806 2.35383 5.4414 12.1517 18.849 11.6639 6.48061 3.81276 3.81276 6.48061 11.6639 18.849 26.824 30.441 32.2663 32.8233 32.8503 32.3099 30.4073 26.7836 25.4644 26.8636 27.8905 28.7547 28.7547 27.8905 26.8636 25.4644 24.2638 27.144 28.6903 29.2698 29.2731 28.6596 27.11 24.3197 15.7151 13.4766 10.7188 7.97433 7.97769 10.7008 13.4777 15.7223 11.5524 5.80956 2.39787 1.35341 1.3554 2.40308 5.82697 
10.445 4.68305 2.11006 1.27226 1.27226 2.11006 4.68305 10.445 17.3477 10.5192 5.63801 3.25945 3.25945 5.63801 10.5192 17.3477 24.7115 28.0382 29.7774 30.3209 30.2595 29.7203 28.0588 24.7275 23.8697 26.2957 27.3033 27.8334 27.8334 27.3033 26.2957 23.8697 20.4257 21.9621 22.8912 23.4023 23.202 22.7898 21.8672 20.4139 14.6157 12.5571 10.045 7.45502 7.44897 9.99553 12.5568 14.5791 10.9307 5.74253 2.38967 1.37531 1.37925 2.40155 5.78013 
9.96865 4.17771 1.85278 1.18519 1.18519 1.85278 4.17771 9.96865 17.5059 9.8878 4.56044 2.49844 2.4817 4.52183 9.8878 17.5059 26.9647 30.2328 32.3412 33.0106 33.0671 32.4267 30.316 27.1115 29.7961 33.0082 33.671 33.4504 33.4505 33.6888 33.0301 29.8253 24.1993 27.8961 29.2023 29.7635 29.7635 29.2023 27.8961 24.1993 15.987 14.0236 12.083 9.97875 9.97893 12.0551 13.9809 15.9722 12.2772 7.37886 3.40097 1.89733 1.89733 3.40097 7.37886 
9.0001 3.63663 1.6674 1.12575 1.12575 1.6674 3.63663 9.0001 16.8566 8.9384 3.86094 2.05397 2.04301 3.83622 8.9384 16.8566 27.4432 30.86 33.1547 33.89 33.9061 33.2163 30.9354 27.6187 30.7232 33.4151 34.0593 34.0674 34.0675 34.0601 33.4216 30.7413 26.1294 30.0556 31.7669 32.3115 32.3115 31.7669 30.0556 26.1294 17.5557 15.3841 13.2944 11.1094 11.1095 13.2943 15.3806 17.5841 12.8062 7.464 3.3691 1.90016 1.90016 3.3691 7.464 
8.35909 3.26486 1.5138 1.08679 1.08679 1.5138 3.26486 8.35909 16.2019 8.14139 3.4072 1.81684 1.80683 3.38274 8.14139 16.2019 27.5499 31.1 33.4993 34.2472 34.2653 33.5571 31.1609 27.786 31.3213 33.5616 34.2358 34.3909 34.3909 34.2367 33.5679 31.3401 27.4219 31.4735 33.261 33.8129 33.8129 33.261 31.4735 27.4219 18.4854 15.924 13.46 10.9742 10.9741 13.4606 15.929 18.5265 13.1514 7.41397 3.29367 1.85239 1.85239 3.29367 7.41397 
7.93637 3.03408 1.41858 1.0591 1.0591 1.41858 3.03408 7.93637 15.8163 7.56499 3.07323 1.61457 1.60924 3.05838 7.56499 15.8163 27.6261 31.2484 33.6121 34.3329 34.3442 33.6467 31.2619 27.8793 31.6573 33.5828 34.2907 34.5439 34.5439 34.2912 33.5862 31.6658 28.1357 32.1024 33.8417 34.3142 34.3142 33.8417 32.1024 28.1357 19.4692 16.3303 13.1322 10.3545 10.3545 13.1341 16.3366 19.5189 13.6695 7.17773 3.12519 1.72771 1.72771 3.12519 7.17773 
7.98142 3.04524 1.42119 1.05967 1.0591 1.41858 3.03408 7.93637 15.8163 7.56499 3.05838 1.60924 1.60924 3.05838 7.51264 15.8806 27.6261 31.2484 33.6467 34.3442 34.3442 33.6467 31.2484 27.6261 31.6658 33.5862 34.2912 34.5439 34.5439 34.2912 33.5862 31.6658 28.1874 32.0964 33.8484 34.3169 34.3142 33.8417 32.0964 28.1874 19.4799 16.3681 13.1341 10.3545 10.3545 13.1322 16.3303 19.4692 13.6695 7.17773 3.12519 1.72771 1.72309 3.11517 7.15645 
8.43073 3.28579 1.51923 1.08812 1.08679 1.5138 3.26486 8.35909 16.2019 8.14139 3.38274 1.80683 1.80683 3.38274 8.06743 16.2684 27.5499 31.1 33.5571 34.2653 34.2653 33.5571 31.1 27.5499 31.3401 33.5679 34.2367 34.3909 34.3909 34.2367 33.5679 31.3401 27.4846 31.4737 33.2735 33.8174 33.8129 33.261 31.4737 27.4846 18.5134 15.9867 13.4606 10.9741 10.9742 13.46 15.924 18.4854 13.1514 7.41397 3.29367 1.85239 1.8437 3.27378 7.38051 
9.07704 3.66041 1.67402 1.12748 1.12575 1.6674 3.63663 9.0001 16.8566 8.9384 3.83622 2.04301 2.04301 3.83622 8.86811 16.9337 27.4432 30.86 33.2163 33.9061 33.9061 33.2163 30.86 27.4432 30.7413 33.4216 34.0601 34.0675 34.0675 34.0601 33.4216 30.7413 26.2016 30.0624 31.7836 32.3165 32.3115 31.7669 30.0624 26.2016 17.5893 15.4478 13.2943 11.1095 11.1094 13.2944 15.3841 17.5557 12.8062 7.464 3.3691 1.90016 1.89069 3.34675 7.42961 
10.0527 4.20406 1.86004 1.18699 1.18519 1.85278 4.17771 9.96865 17.5059 9.8878 4.52183 2.4817 2.4817 4.52183 9.81429 17.5723 26.9647 30.2328 32.4267 33.0671 33.0671 32.4267 30.2328 26.9647 29.8253 33.0301 33.6888 33.4505 33.4505 33.6888 33.0301 29.8253 24.2664 27.8849 29.2119 29.7856 29.7635 29.2023 27.8849 24.2664 15.9915 14.0595 12.0551 9.97893 9.97875 12.083 14.0236 15.987 12.2772 7.37886 3.40097 1.89733 1.89015 3.38407 7.35088 
10.248 4.41431 1.93569 1.21289 1.21289 1.93569 4.39691 10.1993 17.2947 9.46418 4.25976 2.31019 2.31019 4.25976 9.46418 17.2947 27.8256 31.0778 32.9218 33.6215 33.6055 32.89 31.0778 27.8256 27.9775 31.9665 33.101 32.8676 32.8676 33.101 31.9612 27.9783 21.9278 26.6108 28.2497 28.8937 28.8937 28.2497 26.6108 21.9278 10.4864 9.32607 8.74448 9.34237 9.41146 8.64082 9.18316 10.3707 7.96315 5.7027 3.56853 2.22692 2.22689 3.56845 5.71896 
11.3063 4.82828 2.08276 1.26252 1.26252 2.08276 4.81641 11.2817 19.2979 10.7853 4.9127 2.64239 2.64239 4.9127 10.7853 19.2979 29.598 32.2458 33.7797 34.322 34.3171 33.7678 32.2458 29.598 29.338 32.381 33.4498 33.6127 33.6127 33.4498 32.3801 29.3433 24.1949 29.5016 31.5137 32.174 32.174 31.5137 29.5016 24.1949 11.6843 11.0199 11.2173 12.7767 12.9999 11.2265 10.9852 11.6945 8.6456 6.23136 4.03488 2.55635 2.55634 4.0348 6.23026 
12.1065 5.22432 2.22159 1.30166 1.30166 2.22159 5.21333 12.083 20.3687 11.4023 5.15342 2.74133 2.74133 5.15342 11.4023 20.3687 30.6648 32.9506 34.2443 34.651 34.6464 34.2335 32.9506 30.6648 30.1226 32.5296 33.5698 33.9185 33.9185 33.5698 32.5287 30.1272 25.7649 30.9563 33.0669 33.7973 33.7973 33.0669 30.9563 25.7649 13.2318 12.5367 12.6395 13.9879 14.1945 12.6372 12.5076 13.2596 9.52936 6.76169 4.35674 2.77225 2.77229 4.35683 6.76082 
12.3753 5.34497 2.24649 1.29036 1.29036 2.24649 5.3394 12.3604 20.6983 11.5185 5.147 2.70433 2.70433 5.147 11.5185 20.6983 31.092 33.1507 34.3882 34.7277 34.7253 34.3836 33.1507 31.092 30.4171 32.4701 33.5271 34.0392 34.0392 33.5271 32.4697 30.4205 26.6562 31.476 33.5502 34.2326 34.2326 33.5502 31.476 26.6562 15.1007 13.7273 13.1391 13.2967 13.4028 13.1423 13.7247 15.1624 10.6507 6.79505 3.94565 2.38655 2.38656 3.94545 6.79033 
12.3604 5.3394 2.24409 1.28935 1.29036 2.24649 5.34497 12.3753 20.6944 11.5285 5.17631 2.71929 2.70433 5.147 11.5185 20.6983 31.092 33.1507 34.3836 34.7253 34.7277 34.3882 33.1488 31.1189 30.4205 32.4697 33.5223 34.0364 34.0392 33.5271 32.4701 30.4171 26.6759 31.4546 33.5217 34.2184 34.2031 33.5 31.4546 26.6759 15.1624 13.7247 13.1423 13.4028 13.4034 13.1423 13.7247 15.1624 10.6507 6.79505 3.94565 2.38655 2.38655 3.94565 6.79505 
12.083 5.21333 2.21684 1.29978 1.30166 2.22159 5.22432 12.1065 20.3692 11.4223 5.19551 2.76423 2.74133 5.15342 11.4023 20.3687 30.6648 32.9506 34.2335 34.6464 34.651 34.2443 32.9468 30.6783 30.1272 32.5287 33.5618 33.9148 33.9185 33.5698 32.5296 30.1226 25.7951 30.9239 33.0224 33.7717 33.7476 32.9832 30.9239 25.7951 13.2596 12.5076 12.6372 14.1945 14.194 12.6372 12.5076 13.2596 9.52936 6.76169 4.35674 2.77225 2.77225 4.35674 6.76169 
11.2817 4.81641 2.07744 1.26073 1.26252 2.08276 4.82828 11.3063 19.3118 10.8123 4.95602 2.66836 2.64239 4.9127 10.7853 19.2979 29.598 32.2458 33.7678 34.3171 34.322 33.7797 32.2353 29.5999 29.3433 32.3801 33.4412 33.6091 33.6127 33.4498 32.381 29.338 24.2307 29.4887 31.4936 32.1766 32.182 31.4776 29.4887 24.2307 11.6945 10.9852 11.2265 12.9999 13 11.2265 10.9852 11.6945 8.6456 6.23136 4.03488 2.55635 2.55635 4.03488 6.23136 
10.1993 4.39691 1.92987 1.21119 1.21289 1.93569 4.41431 10.248 17.2988 9.48614 4.29768 2.33336 2.31019 4.25976 9.46418 17.2947 27.8256 31.0778 32.89 33.6055 33.6215 32.9218 31.094 27.841 27.9783 31.9612 33.0655 32.8299 32.8676 33.101 31.9665 27.9775 21.8674 26.5128 28.1411 28.799 28.7006 28.0374 26.5128 21.8674 10.3707 9.18316 8.64082 9.41146 9.41 8.64082 9.18316 10.3707 7.96315 5.7027 3.56853 2.22692 2.22692 3.56853 5.7027 
7.66232 3.27369 1.56199 1.098 1.09847 1.56352 3.27736 7.67423 14.0385 7.20062 3.14629 1.73508 1.73508 3.14629 7.15888 13.9602 24.8892 28.4694 31.104 32.1741 32.1741 31.104 28.4694 24.8892 22.4743 26.2673 27.4475 27.4956 27.4914 27.4445 26.1318 22.3916 17.0177 20.5957 22.1093 22.7061 22.6243 22.0227 20.512 16.9914 8.52115 6.52131 4.49854 3.30766 3.12123 4.35657 6.52131 8.52115 5.70163 3.21806 1.89454 1.28076 1.28076 1.89454 3.21806 
7.4761 3.08674 1.4679 1.06973 1.0704 1.47116 3.09874 7.51166 13.9073 6.97792 3.00477 1.65628 1.65628 3.00477 6.95275 13.8626 25.1417 28.8939 31.8745 33.1854 33.1854 31.8745 28.8939 25.1417 22.3122 26.1762 27.7112 28.1833 28.1837 27.711 26.2064 22.3776 17.3143 22.0541 25.3753 27.3128 27.289 25.3272 22.018 17.3466 7.98147 5.51943 3.08933 1.89268 1.86134 3.06678 5.51943 7.98147 5.26368 2.65206 1.46897 1.09814 1.09814 1.46897 2.65206 
7.27531 2.93745 1.41199 1.057 1.05758 1.41488 2.9484 7.30841 13.8501 6.82298 2.89213 1.59201 1.59201 2.89213 6.79969 13.8074 25.4192 29.3367 32.458 33.7612 33.7612 32.458 29.3367 25.4192 21.974 25.282 27.2279 28.5626 28.5626 27.2284 25.3083 22.0458 17.4974 23.337 27.6878 30.0705 30.0334 27.6264 23.3033 17.5434 7.06196 4.33739 2.1326 1.31031 1.30132 2.13054 4.33739 7.06196 4.54238 2.13708 1.23544 1.03131 1.03131 1.23544 2.13708 
7.12157 2.81492 1.3613 1.04461 1.04486 1.36264 2.82041 7.14079 13.7857 6.68388 2.75867 1.49917 1.49917 2.75867 6.67023 13.7556 25.4679 29.7349 32.8346 33.9321 33.9321 32.8346 29.7349 25.4679 21.8387 24.7798 26.9535 28.7123 28.7125 26.9539 24.7917 21.8781 17.6212 24.5433 29.3427 31.3706 31.348 29.3069 24.5177 17.6537 6.02376 3.40346 1.65452 1.11674 1.11473 1.65924 3.40346 6.02376 3.56789 1.6843 1.11212 1.01062 1.01062 1.11212 1.6843 
7.14079 2.82041 1.36264 1.04486 1.04486 1.36264 2.82041 7.14079 13.7556 6.67023 2.74578 1.49321 1.49917 2.75867 6.68388 13.7857 25.3947 29.7494 32.8345 33.9324 33.9321 32.8346 29.7349 25.4679 21.8781 24.7917 26.9539 28.7125 28.7123 26.9535 24.7798 21.8387 17.6537 24.5177 29.3069 31.348 31.348 29.3069 24.5177 17.6537 6.11478 3.43861 1.66569 1.11538 1.11674 1.65452 3.40346 6.02376 3.56789 1.6843 1.11212 1.01062 1.01049 1.11129 1.68056 
7.30841 2.9484 1.41488 1.05758 1.05758 1.41488 2.9484 7.30841 13.8074 6.79969 2.86658 1.58066 1.59201 2.89213 6.82298 13.8501 25.3321 29.3535 32.4589 33.762 33.7612 32.458 29.3367 25.4192 22.0458 25.3083 27.2284 28.5626 28.5626 27.2279 25.282 21.974 17.5434 23.3033 27.6264 30.0334 30.0334 27.6264 23.3033 17.5434 7.18417 4.40086 2.1448 1.30345 1.31031 2.1326 4.33739 7.06196 4.54238 2.13708 1.23544 1.03131 1.03094 1.23345 2.13014 
7.51166 3.09874 1.47116 1.0704 1.0704 1.47116 3.09874 7.51166 13.8626 6.95275 2.97742 1.64405 1.65628 3.00477 6.97792 13.9073 25.0621 28.9058 31.873 33.1838 33.1854 31.8745 28.8939 25.1417 22.3776 26.2064 27.711 28.1837 28.1833 27.7112 26.1762 22.3122 17.3466 22.018 25.3272 27.289 27.289 25.3272 22.018 17.3466 8.10944 5.60728 3.08447 1.86543 1.89268 3.08933 5.51943 7.98147 5.26368 2.65206 1.46897 1.09814 1.09712 1.46545 2.64381 
7.67423 3.27736 1.56352 1.09847 1.09847 1.56352 3.27736 7.67423 13.9602 7.15888 3.11213 1.72124 1.73508 3.14629 7.20062 14.0385 24.8224 28.4784 31.1007 32.1746 32.1741 31.104 28.4694 24.8892 22.3916 26.1318 27.4445 27.4914 27.4956 27.4475 26.2673 22.4743 16.9914 20.512 22.0227 22.6243 22.6243 22.0227 20.512 16.9914 8.59249 6.54684 4.34216 3.09785 3.30766 4.49854 6.52131 8.52115 5.70163 3.21806 1.89454 1.28076 1.27394 1.87551 3.18997 
5.13305 2.16998 1.2343 1.03306 1.03258 1.2321 2.16998 5.13305 9.6086 4.81192 2.06367 1.26752 1.26843 2.064 4.80214 9.57325 19.3034 24.9664 27.5494 28.3816 28.4513 27.6599 24.9941 19.3487 13.5522 13.033 12.9153 13.3169 13.3141 12.9092 12.8776 13.4612 13.3121 16.1728 15.3764 14.2362 14.2362 15.3764 16.1728 13.3121 6.75341 4.7915 2.64167 1.67267 1.6817 2.66441 4.82181 6.81266 3.52335 1.60024 1.0785 1.00294 1.00294 1.0785 1.60024 
5.02175 2.11597 1.22341 1.03192 1.03148 1.22178 2.11597 5.02175 9.62379 4.72637 2.00025 1.22959 1.2311 2.00219 4.72565 9.61438 19.9472 27.0728 30.1099 31.0374 31.029 30.0795 27.0723 19.9602 13.4033 12.2323 10.5466 9.73982 9.74007 10.5472 12.2281 13.4047 12.8203 16.0443 13.9233 11.6799 11.6799 13.9233 16.0443 12.8203 6.09725 3.94712 2.07906 1.3889 1.39055 2.08457 3.95269 6.12921 3.19055 1.515 1.07355 1.00639 1.00639 1.07355 1.515 
5.00273 2.10223 1.21344 1.02996 1.02956 1.21199 2.10223 5.00273 9.66673 4.75502 2.00105 1.22194 1.22324 2.00227 4.75222 9.65452 20.3211 28.1233 31.5014 32.5487 32.5399 31.4747 28.1173 20.3236 13.4163 12.0123 9.41716 7.92991 7.93 9.4175 12.0122 13.4161 12.4115 15.7747 12.9447 10.0599 10.0599 12.9447 15.7747 12.4115 5.94812 3.75614 1.98687 1.35676 1.35715 1.98812 3.75666 5.97167 3.14486 1.52255 1.08272 1.00858 1.00858 1.08272 1.52255 
4.99291 2.08682 1.19796 1.02463 1.02442 1.19725 2.08682 4.99291 9.6704 4.76178 1.99085 1.20654 1.20717 1.99129 4.75921 9.66706 20.5244 28.4846 31.968 33.0224 33.0169 31.9557 28.4766 20.5242 14.2375 13.7004 10.7024 7.07835 7.07863 10.7023 13.7006 14.2397 12.2897 15.5726 12.4953 9.36977 9.36977 12.4953 15.5726 12.2897 5.96394 3.60842 1.86451 1.29286 1.29289 1.86459 3.60703 5.98421 3.19093 1.54523 1.08402 1.00857 1.00857 1.08402 1.54523 
4.99585 2.0856 1.19725 1.02442 1.02442 1.19725 2.08682 4.99291 9.66706 4.75921 1.99129 1.20717 1.20717 1.99129 4.75921 9.66706 20.5244 28.4846 31.968 33.0224 33.0224 31.968 28.4846 20.5244 14.2397 13.7006 10.7023 7.07863 7.07835 10.7024 13.7004 14.2375 12.287 15.575 12.493 9.37856 9.36977 12.4953 15.5726 12.2897 5.97692 3.59311 1.84675 1.28621 1.29119 1.86019 3.60842 5.96394 3.19093 1.54523 1.08402 1.00857 1.00853 1.08391 1.54568 
5.00678 2.09958 1.21199 1.02956 1.02956 1.21199 2.10223 5.00273 9.65452 4.75222 2.00227 1.22324 1.22324 2.00227 4.75222 9.65452 20.3211 28.1233 31.5014 32.5487 32.5487 31.5014 28.1233 20.3211 13.4161 12.0122 9.4175 7.93 7.92991 9.41716 12.0123 13.4163 12.4093 15.7763 12.9444 10.074 10.0599 12.9447 15.7747 12.4115 5.96147 3.73227 1.95643 1.34573 1.35437 1.98055 3.75614 5.94812 3.14486 1.52255 1.08272 1.00858 1.00855 1.08282 1.52421 
5.02333 2.11262 1.22178 1.03148 1.03148 1.22178 2.11597 5.02175 9.61438 4.72565 2.00219 1.2311 1.2311 2.00219 4.72565 9.61438 19.9472 27.0728 30.1099 31.0374 31.0374 30.1099 27.0728 19.9472 13.4047 12.2281 10.5472 9.74007 9.73982 10.5466 12.2323 13.4033 12.8195 16.0436 13.9248 11.6944 11.6799 13.9233 16.0443 12.8203 6.10704 3.91704 2.05131 1.38058 1.38863 2.07808 3.94712 6.09725 3.19055 1.515 1.07355 1.00639 1.00639 1.0737 1.51674 
5.11192 2.16205 1.2321 1.03258 1.03258 1.2321 2.16998 5.13305 9.57325 4.80214 2.064 1.26843 1.26843 2.064 4.80214 9.57325 19.3034 24.9664 27.5494 28.3816 28.3816 27.5494 24.9664 19.3034 13.4612 12.8776 12.9092 13.3141 13.3169 12.9153 13.033 13.5522 13.2649 16.1044 15.3019 14.186 14.2362 15.3764 16.1728 13.3121 6.68387 4.71822 2.58422 1.65775 1.67396 2.64017 4.7915 6.75341 3.52335 1.60024 1.0785 1.00294 1.00322 1.0792 1.6005 
1.859 1.18675 1.02905 1.00306 1.00307 1.02909 1.18627 1.85177 3.31683 1.71441 1.14654 1.02075 1.02075 1.14654 1.71441 3.31683 10.5973 13.9024 15.6514 16.279 16.279 15.6514 13.9024 10.5973 6.2271 5.00828 4.51662 4.71148 4.71148 4.51662 5.00828 6.2271 7.56652 9.42366 8.90975 8.33511 8.19838 8.86541 9.36166 7.51995 3.14882 2.18064 1.38539 1.10682 1.10989 1.39242 2.16701 3.20051 1.76802 1.13314 1.01603 1.00081 1.00081 1.01603 1.13314 
1.27546 1.0549 1.0068 1.00039 1.00041 1.00688 1.05534 1.27663 1.74438 1.17781 1.02444 1.00175 1.00175 1.02444 1.17781 1.74438 4.64152 6.04386 6.83375 7.18921 7.18921 6.83375 6.04386 4.64152 2.99702 2.30027 2.01178 2.13766 2.13766 2.01178 2.30027 2.99702 3.70081 4.6861 4.13111 3.54012 3.52315 4.1461 4.70664 3.72442 1.66137 1.29874 1.08005 1.01471 1.0146 1.0791 1.29768 1.67493 1.2377 1.03922 1.00406 0.999948 0.999948 1.00406 1.03922 
1.04888 1.00802 1.00078 0.999916 0.999917 1.00079 1.00807 1.04909 1.13277 1.0229 1.0019 0.999807 0.999807 1.0019 1.0229 1.13277 2.0595 2.59679 2.91316 3.00025 3.00025 2.91316 2.59679 2.0595 1.48058 1.26005 1.17661 1.21395 1.21395 1.17661 1.26005 1.48058 1.99586 2.33315 1.92961 1.56657 1.55898 1.92364 2.33705 2.00262 1.11797 1.04167 1.00805 1.00065 1.00065 1.00801 1.04134 1.12457 1.03971 1.00575 1.00044 0.99991 0.99991 1.00044 1.00575 
1.00644 1.0008 0.999878 0.99995 0.99995 0.999879 1.00081 1.00646 1.01747 1.00172 0.999849 0.999937 0.999937 0.999849 1.00172 1.01747 1.26899 1.48614 1.62175 1.61947 1.61947 1.62175 1.48614 1.26899 1.07582 1.04327 1.02631 1.03486 1.03486 1.02631 1.04327 1.07582 1.34872 1.46855 1.26576 1.10037 1.0991 1.26258 1.46923 1.35052 1.01535 1.00331 1.00018 0.999878 0.999874 1.00019 1.00325 1.01732 1.00423 1.00046 0.999896 0.999973 0.999973 0.999896 1.00046 
1.00646 1.00081 0.999879 0.99995 0.99995 0.999878 1.00081 1.00646 1.01675 1.00175 0.999861 0.999936 0.999937 0.999849 1.00172 1.01747 1.26899 1.48614 1.62175 1.61947 1.61583 1.62204 1.48155 1.26706 1.07583 1.04327 1.02631 1.03486 1.03486 1.02631 1.04327 1.07582 1.35052 1.46923 1.26258 1.0991 1.0991 1.26258 1.46923 1.35052 1.01578 1.00325 1.00018 0.999878 0.999878 1.00018 1.00325 1.01578 1.00423 1.00046 0.999896 0.999973 0.999973 0.999896 1.00047 
1.04909 1.00807 1.00079 0.999917 0.999916 1.00078 1.00807 1.04909 1.12783 1.02291 1.00194 0.999815 0.999807 1.0019 1.0229 1.13277 2.0595 2.59679 2.91316 3.00025 2.99232 2.91496 2.58489 2.05479 1.48062 1.26005 1.17661 1.21395 1.21395 1.17661 1.26005 1.48058 2.00262 2.33705 1.92364 1.55898 1.55898 1.92364 2.33705 2.00262 1.11897 1.04114 1.00805 1.00065 1.00065 1.00805 1.04114 1.11897 1.03971 1.00575 1.00044 0.99991 0.99991 1.00044 1.00579 
1.27663 1.05534 1.00688 1.00041 1.00039 1.0068 1.05534 1.27663 1.72167 1.17699 1.02449 1.00175 1.00175 1.02444 1.17781 1.74438 4.64152 6.04386 6.83375 7.18921 7.17955 6.8446 6.02486 4.63775 2.99717 2.30032 2.01181 2.13768 2.13766 2.01178 2.30027 2.99702 3.72442 4.70664 4.1461 3.52315 3.52315 4.1461 4.70664 3.72442 1.66363 1.2966 1.08005 1.01471 1.01471 1.08005 1.2966 1.66363 1.2377 1.03922 1.00406 0.999948 0.999954 1.00409 1.03943 
1.85177 1.18627 1.02909 1.00307 1.00306 1.02905 1.18627 1.85177 3.19266 1.69403 1.14243 1.01976 1.02075 1.14654 1.71441 3.31683 10.5973 13.9024 15.6514 16.279 16.2881 15.5824 13.9099 10.6289 6.22698 5.00836 4.51563 4.7103 4.71148 4.51662 5.00828 6.2271 7.51995 9.36166 8.86541 8.19838 8.19838 8.86541 9.36166 7.51995 3.13887 2.16543 1.38539 1.10682 1.10682 1.38539 2.16543 3.13887 1.76802 1.13314 1.01603 1.00081 1.0008 1.01583 1.13187 
1.17318 1.03248 1.00526 1.00063 1.00063 1.00526 1.03248 1.17318 1.66709 1.15396 1.02298 1.00234 1.00234 1.02298 1.15396 1.66709 4.28188 6.16373 6.90959 7.50125 7.50125 6.90959 6.16373 4.28188 3.14467 2.56801 2.32433 2.07745 2.07745 2.32433 2.56801 3.14467 3.79822 4.68665 4.07043 3.37694 3.37694 4.07043 4.68665 3.79822 1.70142 1.26445 1.06708 1.0125 1.0125 1.06708 1.26445 1.70142 1.17287 1.02768 1.00298 1.0003 1.0003 1.00298 1.02768 
1.02238 1.00431 1.00057 0.999959 0.999959 1.00057 1.00431 1.02238 1.16151 1.02819 1.00295 1.00007 1.00007 1.00295 1.02819 1.16151 2.85977 3.97477 4.33765 4.33172 4.33172 4.33765 3.97477 2.85977 1.86927 1.58897 1.41678 1.27362 1.27362 1.41678 1.58897 1.86927 1.71814 1.95362 1.68058 1.45235 1.45235 1.68058 1.95362 1.71814 1.15317 1.04744 1.00891 1.00087 1.00087 1.00891 1.04744 1.15317 1.03859 1.00676 1.00082 0.999948 0.999948 1.00082 1.00676 
1.0011 1.00037 0.999972 0.999976 0.999976 0.999972 1.00037 1.0011 1.03312 1.00421 1.00026 0.99989 0.99989 1.00026 1.00421 1.03312 1.90496 2.66176 2.94029 2.52227 2.52227 2.94029 2.66176 1.90496 1.24082 1.14233 1.08912 1.04687 1.04687 1.08912 1.14233 1.24082 1.12459 1.16037 1.09486 1.05079 1.05079 1.09486 1.16037 1.12459 1.02561 1.006 1.00057 0.999835 0.999835 1.00057 1.006 1.02561 1.00641 1.00094 0.999996 0.999963 0.999963 0.999996 1.00094 
0.999734 0.999937 0.999981 0.999998 0.999998 0.999981 0.999937 0.999734 1.00505 1.00032 0.999915 0.999974 0.999974 0.999915 1.00032 1.00505 1.30557 1.69666 1.88977 1.55189 1.55189 1.88977 1.69666 1.30557 1.04625 1.02161 1.01147 1.00489 1.00489 1.01147 1.02161 1.04625 1.01171 1.01508 1.00738 1.00318 1.00318 1.00738 1.01508 1.01171 1.00283 1.00034 0.999896 0.99995 0.99995 0.999896 1.00034 1.00283 1.00083 0.999974 0.999959 0.999994 0.999994 0.999959 0.999974 
0 0 0 0 0.999998 0.999981 0.999937 0.999734 1.00505 1.00032 0.999915 0.999974 0.999974 0.999915 1.00032 1.00545 1.30557 1.69666 1.88977 1.55189 1.54588 1.87501 1.68488 1.30149 1.04593 1.02134 1.01132 1.00482 1.00489 1.01147 1.02161 1.04625 1.01172 1.01508 1.00738 1.00318 1.00318 1.00738 1.01508 1.01171 1.00283 1.00034 0.999896 0.99995 0.99995 0.999897 1.00036 1.00287 1.00083 0.999974 0.999959 0.999994 0 0 0 
0 0 0 0 0.999976 0.999972 1.00037 1.0011 1.03312 1.00421 1.00026 0.99989 0.999889 1.00026 1.00421 1.03513 1.90496 2.66176 2.94029 2.52227 2.50756 2.91901 2.64059 1.89417 1.23906 1.14052 1.08801 1.04637 1.04687 1.08912 1.14233 1.24082 1.12459 1.16036 1.09485 1.0508 1.05079 1.09486 1.16037 1.12459 1.02561 1.006 1.00057 0.999835 0.999835 1.00057 1.00606 1.02574 1.00641 1.00094 0.999996 0.999963 0 0 0 
0 0 0 0 0.999959 1.00057 1.00431 1.02238 1.16151 1.02819 1.00295 1.00007 1.00007 1.00294 1.02819 1.16623 2.85977 3.97477 4.33765 4.33172 4.31799 4.3274 3.96404 2.85305 1.86362 1.58322 1.41292 1.2716 1.27362 1.41678 1.58897 1.86927 1.71819 1.95361 1.68065 1.45236 1.45235 1.68058 1.95362 1.71814 1.15317 1.04744 1.00891 1.00087 1.00086 1.00887 1.04763 1.15323 1.03859 1.00676 1.00082 0.999948 0 0 0 
