0 0 0 0 1.00007 1.00004 1.00008 1.00259 1.03161 1.0048 1.0004 1.00004 1.00004 1.00041 1.00488 1.03224 1.20502 1.10006 1.07115 1.0726 1.07259 1.07138 1.09973 1.20636 1.94577 1.30897 1.13894 1.17084 1.17212 1.14276 1.31022 1.94126 2.5362 2.87343 2.98453 2.96939 2.95786 2.96731 2.84548 2.51599 2.25673 1.99863 1.25544 1.02486 1.02475 1.25622 1.99244 2.24933 1.30637 1.02004 1.00094 1.00003 0 0 0 
0 0 0 0 0.999996 0.999995 0.999985 1.00008 1.00108 0.99995 0.999957 0.999993 0.999992 0.999957 0.999953 1.0011 1.01189 1.00392 1.00213 1.00234 1.00232 1.00213 1.00388 1.01212 1.11721 1.04379 1.01896 1.01912 1.01897 1.0189 1.04328 1.11541 1.23054 1.31955 1.3354 1.30725 1.31041 1.33887 1.32199 1.23201 1.13062 1.09873 1.01658 1.00067 1.00067 1.01659 1.0984 1.12991 1.0275 1.00143 1.00003 0.999979 0 0 0 
0 0 0 0 1 1 0.999996 1.00005 0.99996 0.999886 0.999995 1 1 0.999995 0.999886 0.999961 1.00034 0.999915 0.999967 0.999967 0.999967 0.999967 0.999912 1.00036 1.00958 1.00406 1.00178 1.00156 1.00154 1.00175 1.00399 1.00937 1.01588 1.02625 1.03118 1.02608 1.02657 1.03179 1.02679 1.01616 1.00574 1.00396 1.00035 0.999927 0.999927 1.00035 1.00395 1.0057 1.00094 0.999984 0.999982 1 0 0 0 
0 0 0 0 1 1 0.999996 1.00008 1.00002 0.999924 1 1 1 1 0.999924 1.00002 1.00003 0.999895 0.999986 0.999983 0.999983 0.999986 0.999895 1.00003 1.00051 1.00014 1.00003 1 1 1.00003 1.00013 1.00049 1.00068 1.00113 1.00152 1.00113 1.00116 1.00157 1.00117 1.0007 1.00004 0.999917 0.999939 0.999995 0.999995 0.999939 0.999918 1.00004 1.00004 0.999979 0.999999 1 0 0 0 
1.00008 0.999996 1 1 1 1 0.999996 1.00008 1.00002 0.999924 1 1 1 1 0.999924 1.00002 1.00003 0.999895 0.999986 0.999983 0.999983 0.999986 0.999895 1.00003 1.00051 1.00014 1.00003 1 1 1.00003 1.00014 1.00051 1.0007 1.00117 1.00157 1.00116 1.00116 1.00157 1.00117 1.0007 1.00004 0.999918 0.999939 0.999995 0.999995 0.999939 0.999918 1.00004 1.00004 0.999979 0.999999 1 1 0.999999 0.999979 
1.00005 0.999996 1 1 1 1 0.999996 1.00005 0.999961 0.999886 0.999995 1 1 0.999995 0.999886 0.999961 1.00034 0.999915 0.999967 0.999967 0.999967 0.999967 0.999915 1.00034 1.00958 1.00406 1.00178 1.00156 1.00156 1.00178 1.00406 1.00958 1.01616 1.02679 1.03179 1.02657 1.02657 1.03179 1.02679 1.01616 1.0057 1.00395 1.00035 0.999927 0.999927 1.00035 1.00395 1.0057 1.00094 0.999984 0.999982 1 1 0.999982 0.999984 
1.00008 0.999985 0.999995 0.999996 0.999996 0.999995 0.999985 1.00008 1.0011 0.999953 0.999957 0.999992 0.999992 0.999957 0.999953 1.0011 1.01189 1.00392 1.00213 1.00234 1.00234 1.00213 1.00392 1.01189 1.11721 1.04379 1.01896 1.01912 1.01912 1.01896 1.04379 1.11721 1.23201 1.32199 1.33887 1.31041 1.31041 1.33887 1.32199 1.23201 1.12991 1.0984 1.01659 1.00067 1.00067 1.01658 1.0984 1.12991 1.0275 1.00143 1.00003 0.999979 0.999979 1.00003 1.00143 
1.00259 1.00008 1.00004 1.00007 1.00007 1.00004 1.00008 1.00259 1.03224 1.00488 1.00041 1.00004 1.00004 1.00041 1.00488 1.03224 1.20502 1.10006 1.07115 1.0726 1.0726 1.07115 1.10006 1.20502 1.94577 1.30897 1.13894 1.17084 1.17084 1.13894 1.30897 1.94577 2.51599 2.84548 2.96731 2.95786 2.95786 2.96731 2.84548 2.51599 2.24933 1.99244 1.25622 1.02475 1.02475 1.25544 1.99244 2.24933 1.30637 1.02004 1.00094 1.00003 1.00003 1.00094 1.02004 
1.06685 1.00393 1.00007 0.999986 0.999986 1.00007 1.00393 1.06685 1.36964 1.06959 1.00682 1.00024 1.00024 1.00682 1.06959 1.36964 2.64269 2.07619 1.90421 1.87837 1.87837 1.90421 2.07619 2.64269 5.8815 3.46433 2.59304 2.59102 2.54071 2.51877 3.39711 5.86148 8.27197 9.34882 9.43283 9.43056 9.49609 9.49128 9.42504 8.31625 6.56416 5.4609 2.83396 1.38309 1.38309 2.62692 5.4609 6.56416 3.32315 1.32246 1.02406 1.00067 1.00067 1.02406 1.32246 
1.0074 1.00029 0.99988 0.999921 0.999921 0.99988 1.00029 1.0074 1.04169 1.00618 1.00021 0.999865 0.999865 1.00021 1.00618 1.04169 1.21328 1.10629 1.08162 1.08026 1.08026 1.08162 1.10629 1.21328 2.11015 1.45801 1.23143 1.24396 1.24286 1.2284 1.45654 2.11835 3.09796 3.50785 3.36294 3.23485 3.22161 3.34244 3.50166 3.07594 2.31664 2.06674 1.28744 1.03229 1.03229 1.27636 2.06674 2.31664 1.52069 1.0516 1.00262 0.999911 0.999911 1.00262 1.0516 
1.00052 0.999971 0.999992 1 1 0.999992 0.999971 1.00052 1.0019 1.00008 0.999949 0.999996 0.999996 0.999949 1.00008 1.0019 1.0125 1.00396 1.00247 1.00258 1.00258 1.00247 1.00396 1.0125 1.13605 1.05211 1.02276 1.02106 1.02112 1.02267 1.05241 1.1377 1.35116 1.44674 1.36018 1.32072 1.31753 1.35559 1.44692 1.34622 1.15602 1.12284 1.02043 1.001 1.001 1.01944 1.12284 1.15602 1.05792 1.00379 1.00006 0.99997 0.99997 1.00006 1.00379 
1.00003 0.999988 1 1 1 1 0.999988 1.00003 1.00001 0.999879 0.999997 1 1 0.999997 0.999879 1.00001 1.0003 0.999889 0.999969 0.999967 0.999967 0.999969 0.999889 1.0003 1.0101 1.00465 1.00203 1.00154 1.00157 1.00206 1.00473 1.01029 1.03641 1.05006 1.03184 1.02667 1.0262 1.03119 1.05008 1.03563 1.009 1.007 1.00049 0.999907 0.999907 1.00046 1.007 1.009 1.00339 1.0001 0.999953 0.999998 0.999998 0.999953 1.0001 
1.00003 0.999988 1 1 1 1 0.999988 1.00003 1.00001 0.999879 0.999997 1 1 0.999997 0.999879 1.00001 1.0003 0.999889 0.999969 0.999967 0.99997 0.99997 0.99989 1.0003 1.01029 1.00473 1.00206 1.00157 1.00157 1.00206 1.00473 1.01029 1.03563 1.05008 1.03119 1.0262 1.0262 1.03119 1.05008 1.03563 1.0089 1.00688 1.00048 0.999906 0.999907 1.00048 1.007 1.0089 1.00339 1.0001 0.999953 0.999998 0.999998 0.999953 1.0001 
1.00052 0.99997 0.999992 1 1 0.999992 0.999971 1.00052 1.00191 1.00008 0.999949 0.999996 0.999996 0.999949 1.00008 1.0019 1.0125 1.00396 1.00247 1.00258 1.00261 1.00247 1.00398 1.01259 1.1377 1.05241 1.02267 1.02112 1.02112 1.02267 1.05241 1.1377 1.34622 1.44692 1.35559 1.31753 1.31753 1.35559 1.44692 1.34622 1.1553 1.12173 1.02036 1.00093 1.001 1.02036 1.12284 1.1553 1.05792 1.00379 1.00006 0.99997 0.999971 1.00006 1.00378 
1.00741 1.00028 0.999879 0.999921 0.999921 0.99988 1.00029 1.0074 1.04198 1.00618 1.0002 0.999864 0.999865 1.00021 1.00618 1.04169 1.21328 1.10629 1.08162 1.08026 1.08129 1.08202 1.10709 1.2155 2.11835 1.45654 1.2284 1.24286 1.24286 1.2284 1.45654 2.11835 3.07594 3.50166 3.34244 3.22161 3.22161 3.34244 3.50166 3.07594 2.31058 2.0585 1.2871 1.03054 1.03253 1.2871 2.06674 2.31058 1.52069 1.0516 1.00262 0.999911 0.999908 1.00258 1.05125 
1.0691 1.00402 1.00007 0.999986 0.999986 1.00007 1.00393 1.06685 1.38196 1.07151 1.00694 1.00024 1.00024 1.00682 1.06959 1.36964 2.64269 2.07619 1.90421 1.87837 1.94957 1.97646 2.12892 2.71843 5.86148 3.39711 2.51877 2.54071 2.54071 2.51877 3.39711 5.86148 8.31625 9.42504 9.49128 9.49609 9.49609 9.49128 9.42504 8.31625 6.61397 5.48841 2.86093 1.33786 1.39234 2.86093 5.4609 6.61397 3.32315 1.32246 1.02406 1.00067 1.00067 1.02434 1.32668 
2.51043 1.21138 1.01427 1.00036 1.00037 1.01427 1.21449 2.52941 5.47154 2.37869 1.18588 1.01368 1.01368 1.18588 2.37869 5.47154 10.5303 9.48649 9.03852 8.95488 8.95488 9.03852 9.48649 10.5303 15.0637 10.5504 9.4708 9.15936 9.31095 9.64823 10.7092 15.1728 19.5095 21.2546 22.5185 23.0444 23.0444 22.5185 21.2546 19.5095 16.7486 14.4022 8.67863 4.02929 4.02929 8.67863 14.4786 16.7641 9.97153 3.0285 1.26163 1.01504 1.01488 1.25988 3.01608 
1.28169 1.02671 1.00117 0.999857 0.999856 1.00117 1.02666 1.28168 2.15288 1.22592 1.01837 1.00055 1.00055 1.01837 1.22592 2.15288 5.39662 3.34328 2.95588 3.04712 3.04712 2.95588 3.34328 5.39662 14.805 7.26527 5.25407 4.66374 4.6601 5.24401 7.23076 14.7304 23.8725 26.2117 28.4626 29.0444 29.0444 28.4626 26.2117 23.8725 19.6689 16.5982 10.2521 4.93681 4.93681 10.2521 16.6516 19.6236 11.4161 3.41756 1.32015 1.01822 1.01811 1.31923 3.41347 
1.02683 1.00173 0.999958 0.999977 0.999977 0.999958 1.00173 1.02701 1.21544 1.02055 1.00071 0.999882 0.999882 1.00071 1.02055 1.21544 2.96933 1.48156 1.28796 1.44873 1.44873 1.28796 1.48156 2.96933 10.5682 4.16443 2.54859 2.19376 2.19279 2.54265 4.13985 10.5147 18.7605 20.719 22.2586 22.6425 22.6425 22.2586 20.719 18.7605 15.7041 13.4132 8.07266 3.72406 3.72406 8.07266 13.4255 15.6386 8.78074 2.64667 1.19659 1.01011 1.01005 1.19604 2.64385 
0.985617 0.998652 1.00003 1.00002 1.00002 1.00003 0.998659 0.985641 1.01457 0.998714 0.99977 1 1 0.99977 0.998714 1.01457 1.72113 1.03868 1.01951 1.07024 1.07024 1.01951 1.03868 1.72113 6.84564 2.62137 1.75044 1.53635 1.53608 1.74858 2.61282 6.82251 12.9421 14.5563 15.2224 15.2259 15.2259 15.2224 14.5563 12.9421 11.4947 9.86999 4.98913 2.03765 2.03765 4.98913 9.93321 11.5326 6.47995 1.91266 1.07715 1.00254 1.00253 1.077 1.9118 
0.985641 0.998659 1.00003 1.00002 1.00002 1.00003 0.998659 0.985641 1.00998 0.998337 0.999726 1 1 0.99977 0.998714 1.01457 1.72113 1.03868 1.01951 1.07024 1.0702 1.01929 1.04328 1.72418 6.82251 2.61282 1.74858 1.53608 1.53635 1.75044 2.62137 6.84564 12.9325 14.5829 15.245 15.2349 15.2259 15.2224 14.5563 12.9421 11.5326 9.93321 4.99549 2.03207 2.03207 4.99549 9.93321 11.5326 6.47995 1.91266 1.07715 1.00254 1.00254 1.07715 1.91266 
1.02701 1.00173 0.999958 0.999977 0.999977 0.999958 1.00173 1.02701 1.20415 1.02018 1.0007 0.999881 0.999882 1.00071 1.02055 1.21544 2.96933 1.48156 1.28796 1.44873 1.44877 1.28791 1.49018 2.9795 10.5147 4.13985 2.54265 2.19279 2.19376 2.54859 4.16443 10.5682 18.7395 20.7625 22.2558 22.6331 22.6425 22.2586 20.719 18.7605 15.6386 13.4255 8.00821 3.67765 3.67765 8.00821 13.4255 15.6386 8.78074 2.64667 1.19659 1.01011 1.01011 1.19659 2.64667 
1.28168 1.02666 1.00117 0.999856 0.999857 1.00117 1.02666 1.28168 2.13254 1.22584 1.01824 1.00054 1.00055 1.01837 1.22592 2.15288 5.39662 3.34328 2.95588 3.04712 3.0535 2.95909 3.35289 5.39988 14.7304 7.23076 5.24401 4.6601 4.66374 5.25407 7.26527 14.805 23.8421 26.2662 28.497 29.0526 29.0444 28.4626 26.2117 23.8725 19.6236 16.6516 10.1935 4.87683 4.87683 10.1935 16.6516 19.6236 11.4161 3.41756 1.32015 1.01822 1.01822 1.32015 3.41756 
2.52941 1.21449 1.01454 1.00037 1.00036 1.01427 1.21449 2.52941 5.53499 2.40774 1.18731 1.01382 1.01368 1.18588 2.37869 5.47154 10.5303 9.48649 9.03852 8.95488 9.43671 9.52051 9.82917 10.8482 15.1728 10.7092 9.64823 9.31095 9.15936 9.4708 10.5504 15.0637 19.6079 21.4217 22.6156 23.1395 23.0444 22.5185 21.2546 19.5095 16.7641 14.4786 8.65644 3.99549 3.99549 8.65644 14.4786 16.7641 9.97153 3.0285 1.26163 1.01504 1.01504 1.26163 3.0285 
7.51733 2.45367 1.17214 1.00965 1.00965 1.17214 2.45367 7.51733 16.0594 7.12881 2.43131 1.19834 1.19922 2.43779 7.15334 16.2159 26.1533 27.9348 28.8675 29.0304 28.8897 28.7258 27.9228 26.1953 26.4499 25.0172 24.687 24.8396 24.8439 24.6904 25.0212 26.4527 28.6095 30.8263 31.7658 32.0753 32.1226 31.7948 31.1143 28.8381 22.2866 19.6202 10.9297 4.26648 4.26648 10.9058 19.6202 22.2866 13.3955 4.10412 1.48127 1.03897 1.03897 1.48127 4.10412 
9.96602 3.11094 1.27001 1.01602 1.01602 1.27001 3.11094 9.96602 20.112 9.45146 3.08537 1.31742 1.31927 3.09517 9.47502 20.1632 30.3224 32.312 32.8304 32.8634 32.8687 32.8327 32.3026 30.3819 30.1107 29.2863 29.1356 29.6198 29.6196 29.1353 29.2868 30.1108 31.4446 33.6068 34.1464 34.2351 34.2413 34.1426 33.5267 31.3003 23.487 20.656 11.4781 4.4362 4.4362 11.4832 20.656 23.487 14.0708 4.34063 1.53872 1.04702 1.04702 1.53872 4.34063 
10.5777 3.26181 1.29083 1.01734 1.01734 1.29083 3.26181 10.5777 21.3349 9.97393 3.22201 1.34061 1.34291 3.23437 10.0064 21.411 32.1933 34.0272 34.4951 34.5532 34.5609 34.5044 34.0213 32.2603 32.4866 32.3182 32.3695 32.7727 32.7726 32.3696 32.3183 32.4865 32.2633 34.2493 34.777 34.8621 34.863 34.7758 34.1847 32.1229 23.859 20.9942 11.6416 4.48819 4.48819 11.6473 20.9942 23.859 14.2877 4.39212 1.54598 1.0477 1.0477 1.54598 4.39212 
10.6641 3.27621 1.29166 1.01696 1.01696 1.29166 3.27621 10.6641 21.5534 10.0623 3.25207 1.34873 1.35152 3.2647 10.0853 21.6313 32.6039 34.3779 34.8342 34.9 34.9029 34.8379 34.3701 32.6631 33.5713 33.8261 33.9522 34.2013 34.2013 33.9521 33.8261 33.5708 32.4235 34.3386 34.8796 34.963 34.963 34.8783 34.3091 32.3078 23.9348 21.0422 11.6162 4.45801 4.45801 11.616 21.0422 23.9348 14.227 4.28651 1.51042 1.04095 1.04095 1.51042 4.28651 
10.6393 3.27084 1.2907 1.01684 1.01696 1.29166 3.27621 10.6641 21.6313 10.0853 3.2647 1.35152 1.35152 3.2647 10.0853 21.6313 32.6631 34.3701 34.8342 34.9 34.9 34.8342 34.3701 32.6631 33.5708 33.8261 33.9521 34.2013 34.2013 33.9521 33.8261 33.5708 32.3078 34.3091 34.8783 34.963 34.963 34.8783 34.3091 32.3078 24.032 21.0603 11.6162 4.4576 4.4576 11.6162 21.0422 23.9348 14.227 4.28651 1.51042 1.04095 1.04031 1.50643 4.26835 
10.5489 3.25566 1.28964 1.01718 1.01734 1.29083 3.26181 10.5777 21.411 10.0064 3.23437 1.34291 1.34291 3.23437 10.0064 21.411 32.2603 34.0213 34.4951 34.5532 34.5532 34.4951 34.0213 32.2603 32.4865 32.3183 32.3696 32.7726 32.7726 32.3696 32.3183 32.4865 32.1229 34.1847 34.7758 34.863 34.863 34.7758 34.1847 32.1229 23.9719 21.0327 11.6416 4.48091 4.48091 11.6416 20.9942 23.859 14.2877 4.39212 1.54598 1.0477 1.04674 1.54001 4.36445 
9.93967 3.10523 1.26889 1.01587 1.01602 1.27001 3.11094 9.96602 20.1632 9.47502 3.09517 1.31927 1.31927 3.09517 9.47502 20.1632 30.3819 32.3026 32.8304 32.8634 32.8634 32.8304 32.3026 30.3819 30.1108 29.2868 29.1353 29.6196 29.6196 29.1353 29.2868 30.1108 31.3003 33.5267 34.1426 34.2413 34.2413 34.1426 33.5267 31.3003 23.5952 20.6969 11.4781 4.42973 4.42973 11.4781 20.656 23.487 14.0708 4.34063 1.53872 1.04702 1.04605 1.53278 4.31301 
7.51059 2.45129 1.17152 1.00956 1.00965 1.17214 2.45367 7.51733 16.2159 7.15334 2.43779 1.19922 1.19922 2.43779 7.15334 16.2159 26.1953 27.9228 28.8675 29.0304 29.0304 28.8675 27.9228 26.1953 26.4527 25.0212 24.6904 24.8439 24.8439 24.6904 25.0212 26.4527 28.8381 31.1143 31.7948 32.1226 32.1226 31.7948 31.1143 28.8381 22.3955 19.6554 10.9297 4.27927 4.27927 10.9297 19.6202 22.2866 13.3955 4.10412 1.48127 1.03897 1.03834 1.47747 4.08763 
4.66917 1.55492 1.03912 1.00114 1.00114 1.03902 1.55418 4.66521 13.3079 4.39803 1.52153 1.04018 1.04018 1.52153 4.39803 13.3079 29.3378 32.4804 33.3719 33.5451 33.5451 33.3719 32.4804 29.3378 33.5456 34.0488 34.0339 33.7911 33.7911 34.0339 34.0769 33.5778 31.3902 33.6907 34.3853 34.5294 34.5294 34.3853 33.6907 31.3902 23.5957 19.935 11.6535 4.69108 4.69108 11.6535 19.935 23.5957 14.1104 4.47871 1.57079 1.05386 1.05386 1.57078 4.50465 
4.00357 1.39869 1.02371 1.00039 1.00038 1.02369 1.39947 4.00859 12.5226 3.77647 1.35942 1.02162 1.02162 1.35942 3.77647 12.5226 29.4944 33.1619 34.3144 34.5427 34.5427 34.3144 33.1619 29.4944 33.974 34.5068 34.5561 34.5246 34.5246 34.5561 34.5105 33.9903 32.1249 34.1724 34.7418 34.836 34.836 34.7418 34.1724 32.1249 24.3012 20.3839 11.7471 4.55815 4.55815 11.7471 20.3839 24.3012 14.4108 4.55205 1.58481 1.05535 1.05534 1.58481 4.58488 
3.90339 1.38083 1.02235 1.00043 1.00043 1.02231 1.38156 3.90847 12.3037 3.64855 1.33484 1.01953 1.01953 1.33484 3.64855 12.3037 29.5427 33.3933 34.6432 34.8793 34.8793 34.6432 33.3933 29.5427 34.1938 34.7335 34.8216 34.8425 34.8425 34.8216 34.737 34.2113 32.3397 34.3177 34.8614 34.9567 34.9567 34.8614 34.3177 32.3397 24.5471 20.5459 11.751 4.54342 4.54342 11.751 20.5459 24.5471 14.5607 4.56786 1.58431 1.05495 1.05494 1.5843 4.60059 
3.93488 1.38976 1.02319 1.00044 1.00044 1.02322 1.3908 3.93951 12.3349 3.68051 1.34323 1.02029 1.02029 1.34323 3.68051 12.3349 29.5803 33.4389 34.6978 34.9348 34.9348 34.6978 33.4389 29.5803 34.2882 34.8305 34.9279 34.9512 34.9512 34.9279 34.8327 34.2984 32.458 34.3804 34.8924 34.9784 34.9784 34.8924 34.3804 32.458 24.7387 20.7137 11.6138 4.48604 4.48604 11.6138 20.7137 24.7387 14.6744 4.49187 1.55267 1.04754 1.04753 1.55263 4.51593 
3.93951 1.3908 1.02322 1.00044 1.00044 1.02322 1.3908 3.93951 12.1223 3.68601 1.34337 1.02053 1.02029 1.34323 3.68051 12.3349 29.3649 33.4495 34.6978 34.9348 34.9353 34.6983 33.4389 29.5803 34.2984 34.8327 34.9282 34.9513 34.9512 34.9279 34.8305 34.2882 32.5223 34.3573 34.8882 34.9774 34.9784 34.8924 34.3804 32.458 24.9659 20.9789 11.6138 4.48604 4.46083 11.5699 20.9789 24.9659 14.6744 4.49187 1.55267 1.04754 1.04754 1.55267 4.49187 
3.90847 1.38156 1.02231 1.00043 1.00043 1.02231 1.38156 3.90847 12.0873 3.65304 1.3354 1.01993 1.01953 1.33484 3.64855 12.3037 29.3278 33.404 34.6432 34.8793 34.882 34.6462 33.3933 29.5427 34.2113 34.737 34.8221 34.8426 34.8425 34.8216 34.7335 34.1938 32.3953 34.2835 34.8549 34.9559 34.9567 34.8614 34.3177 32.3397 24.8107 20.9217 11.751 4.54342 4.50898 11.6921 20.9217 24.8107 14.5607 4.56786 1.58431 1.05495 1.05495 1.58431 4.56786 
4.00859 1.39947 1.02369 1.00038 1.00038 1.02369 1.39947 4.00859 12.3001 3.77746 1.35964 1.02199 1.02162 1.35942 3.77647 12.5226 29.2869 33.1682 34.3144 34.5427 34.5511 34.3255 33.1619 29.4944 33.9903 34.5105 34.5562 34.5238 34.5246 34.5561 34.5068 33.974 32.1833 34.1394 34.7367 34.8355 34.836 34.7418 34.1724 32.1249 24.5707 20.7734 11.7471 4.55815 4.52242 11.6878 20.7734 24.5707 14.4108 4.55205 1.58481 1.05535 1.05535 1.58481 4.55205 
4.66521 1.55418 1.03902 1.00114 1.00114 1.03902 1.55418 4.66521 13.0675 4.38357 1.51954 1.04028 1.04018 1.52153 4.39803 13.3079 29.1608 32.493 33.3719 33.5451 33.5372 33.3653 32.4804 29.3378 33.5778 34.0769 34.0632 33.8286 33.7911 34.0339 34.0488 33.5456 31.4682 33.6815 34.413 34.5598 34.5294 34.3853 33.6907 31.3902 23.8047 20.2094 11.6535 4.69108 4.65891 11.6065 20.2094 23.8047 14.1104 4.47871 1.57079 1.05386 1.05386 1.57079 4.47871 
3.74503 1.32368 1.01693 1.00035 1.00035 1.01693 1.32368 3.74503 11.7045 3.55578 1.32617 1.01912 1.01929 1.32736 3.55158 11.7928 28.6559 32.9774 34.337 34.6106 34.611 34.3405 32.9609 28.8712 33.0346 34.0883 34.2228 34.0032 34.0014 34.2217 34.0868 33.0338 29.9443 33.0464 34.2349 34.5339 34.5339 34.2349 33.0464 29.9443 19.8347 16.7554 12.5178 7.0358 6.75291 12.4156 16.7554 19.8347 12.5335 5.05232 1.84896 1.13529 1.13529 1.84896 5.05232 
3.62224 1.30107 1.01557 1.00021 1.00021 1.01557 1.30107 3.62224 11.5481 3.44472 1.30841 1.0179 1.01816 1.31054 3.4456 11.6501 28.9656 33.296 34.603 34.8605 34.8647 34.6025 33.2736 29.19 33.569 34.4428 34.585 34.5622 34.5623 34.585 34.4426 33.5717 30.9016 33.9465 34.6889 34.8388 34.8388 34.6889 33.9465 30.9016 19.4106 16.6317 13.0892 7.91603 7.56744 13.0049 16.6317 19.4106 12.4376 5.32676 1.93867 1.15937 1.15937 1.93867 5.32676 
3.60071 1.29544 1.01516 1.00027 1.00027 1.01516 1.29544 3.60071 11.5528 3.43981 1.30745 1.01799 1.01827 1.30964 3.44092 11.6557 29.0794 33.3849 34.6666 34.9201 34.9243 34.6661 33.3646 29.3078 33.8223 34.6646 34.8235 34.8551 34.8551 34.8234 34.6643 33.825 31.1829 34.1559 34.8457 34.9603 34.9603 34.8457 34.1559 31.1829 19.751 16.7697 13.1134 7.84343 7.50185 13.0235 16.7697 19.751 12.5728 5.29181 1.92445 1.15521 1.15521 1.92445 5.29181 
3.56266 1.28629 1.01425 1.00022 1.00022 1.01425 1.28629 3.56266 11.5788 3.43891 1.30031 1.01714 1.01737 1.30191 3.43768 11.6784 29.1213 33.4068 34.6783 34.9308 34.933 34.6758 33.388 29.3462 33.9446 34.7663 34.923 34.9544 34.9544 34.923 34.7661 33.947 31.4067 34.2093 34.8731 34.9777 34.9777 34.8731 34.2093 31.4067 20.8669 17.1534 12.603 7.13721 6.91792 12.5278 17.1534 20.8669 12.9202 4.93738 1.79361 1.11353 1.11353 1.79361 4.93738 
3.55722 1.28434 1.01404 1.00021 1.00022 1.01425 1.28629 3.56266 11.6784 3.43768 1.30191 1.01737 1.01737 1.30191 3.43768 11.6784 29.1213 33.4068 34.6783 34.9308 34.9308 34.6783 33.4068 29.1213 33.947 34.7661 34.923 34.9544 34.9544 34.923 34.7661 33.947 31.3598 34.2076 34.874 34.9776 34.9777 34.8731 34.2093 31.4067 21.0412 17.1404 12.5278 6.91792 7.13721 12.603 17.1534 20.8669 12.9202 4.93738 1.79361 1.11353 1.11593 1.80428 4.97535 
3.59146 1.2928 1.01486 1.00026 1.00027 1.01516 1.29544 3.60071 11.6557 3.44092 1.30964 1.01827 1.01827 1.30964 3.44092 11.6557 29.0794 33.3849 34.6666 34.9201 34.9201 34.6666 33.3849 29.0794 33.825 34.6643 34.8234 34.8551 34.8551 34.8234 34.6643 33.825 31.1355 34.1541 34.8482 34.9599 34.9603 34.8457 34.1559 31.1829 19.9308 16.7285 13.0235 7.50185 7.84343 13.1134 16.7697 19.751 12.5728 5.29181 1.92445 1.15521 1.15932 1.94326 5.35573 
3.61331 1.29846 1.01527 1.00019 1.00021 1.01557 1.30107 3.62224 11.6501 3.4456 1.31054 1.01816 1.01816 1.31054 3.4456 11.6501 28.9656 33.296 34.603 34.8605 34.8605 34.603 33.296 28.9656 33.5717 34.4426 34.585 34.5623 34.5623 34.585 34.4426 33.5717 30.8597 33.945 34.7017 34.8431 34.8388 34.6889 33.9465 30.9016 19.6007 16.5902 13.0049 7.56744 7.91603 13.0892 16.6317 19.4106 12.4376 5.32676 1.93867 1.15937 1.16362 1.95813 5.39281 
3.73475 1.32122 1.01667 1.00034 1.00035 1.01693 1.32368 3.74503 11.7928 3.55158 1.32736 1.01929 1.01929 1.32736 3.55158 11.7928 28.6559 32.9774 34.337 34.6106 34.6106 34.337 32.9774 28.6559 33.0338 34.0868 34.2217 34.0014 34.0014 34.2217 34.0868 33.0338 29.8951 33.0466 34.1983 34.5053 34.5339 34.2349 33.0464 29.9443 19.9845 16.7069 12.4156 6.75291 7.0358 12.5178 16.7554 19.8347 12.5335 5.05232 1.84896 1.13529 1.13875 1.86504 5.10774 
4.00831 1.41259 1.02613 1.00073 1.00073 1.02624 1.41426 4.0237 11.5224 3.89499 1.40205 1.02705 1.02705 1.40205 3.89499 11.5224 26.8285 31.9008 33.7028 34.0788 34.0788 33.7028 31.9008 26.8285 27.1475 27.4695 27.649 27.6749 27.6725 27.6476 27.4671 27.145 24.3842 27.8291 31.0182 32.3343 32.3614 31.0266 27.9199 24.3572 19.5766 17.3354 10.4451 4.47992 4.53366 10.5225 17.3377 19.5715 11.6161 3.82662 1.47687 1.04833 1.04966 1.484 3.82742 
3.31458 1.24806 1.01083 1 1 1.01078 1.24736 3.3177 10.6871 3.26301 1.24624 1.01113 1.01113 1.24624 3.26301 10.6871 27.3389 32.439 34.2775 34.675 34.675 34.2775 32.439 27.3389 30.1332 30.1517 30.3116 30.783 30.7834 30.3121 30.1521 30.1337 28.6565 31.6143 33.4417 34.1326 34.1218 33.4112 31.5629 28.4851 21.4457 19.1845 11.4094 4.68385 4.71894 11.4448 19.1864 21.4998 12.9333 4.13638 1.52194 1.05025 1.05135 1.52765 4.13719 
3.12078 1.21199 1.00821 1.00002 1.00002 1.00818 1.21143 3.12434 10.4358 3.09868 1.21664 1.00915 1.00915 1.21664 3.09868 10.4358 27.6065 32.7347 34.4783 34.864 34.864 34.4783 32.7347 27.6065 32.2835 32.5531 32.7371 33.1504 33.1504 32.7368 32.5529 32.2835 30.5249 33.3156 34.456 34.7678 34.762 34.4406 33.3127 30.3912 22.5688 20.1001 11.7422 4.75928 4.79381 11.7821 20.1023 22.6155 13.5646 4.27129 1.53991 1.05131 1.0524 1.54562 4.27215 
3.0977 1.20849 1.00811 1.00004 1.00004 1.00808 1.20797 3.10063 10.4054 3.08087 1.21462 1.00919 1.00919 1.21462 3.08087 10.4054 27.7416 32.8559 34.5366 34.8944 34.8944 34.5366 32.8559 27.7416 33.3151 33.8794 34.0661 34.3128 34.3128 34.0661 33.8795 33.3147 31.1353 33.8805 34.7484 34.9276 34.9258 34.7425 33.8933 31.0227 23.0084 20.4349 11.6674 4.62029 4.64185 11.6947 20.4356 23.0409 13.7548 4.20097 1.50591 1.04341 1.04412 1.50971 4.20193 
3.10063 1.20797 1.00808 1.00004 1.00004 1.00808 1.20797 3.10063 10.4994 3.07417 1.21435 1.00924 1.00919 1.21462 3.08087 10.4054 27.7416 32.8559 34.5366 34.8944 34.8968 34.5403 32.8549 27.7474 33.3147 33.8795 34.0661 34.3128 34.3128 34.0661 33.8795 33.3147 31.0227 33.8933 34.7425 34.9258 34.9276 34.7484 33.8805 31.1353 23.0409 20.4356 11.6947 4.64185 4.64185 11.6947 20.4356 23.0409 13.7548 4.20097 1.50591 1.04341 1.04341 1.50591 4.20097 
3.12434 1.21143 1.00818 1.00002 1.00002 1.00818 1.21143 3.12434 10.5265 3.09139 1.21648 1.00924 1.00915 1.21664 3.09868 10.4358 27.6065 32.7347 34.4783 34.864 34.8677 34.4863 32.738 27.6099 32.2835 32.5529 32.7368 33.1504 33.1504 32.7368 32.5529 32.2835 30.3912 33.3127 34.4406 34.762 34.7678 34.456 33.3156 30.5249 22.6155 20.1023 11.7821 4.79381 4.79381 11.7821 20.1023 22.6155 13.5646 4.27129 1.53991 1.05131 1.05131 1.53991 4.27129 
3.3177 1.24736 1.01078 1 1 1.01078 1.24736 3.3177 10.7748 3.25495 1.24604 1.0112 1.01113 1.24624 3.26301 10.6871 27.3389 32.439 34.2775 34.675 34.6813 34.289 32.4444 27.3412 30.1337 30.1521 30.3121 30.7834 30.7834 30.3121 30.1521 30.1337 28.4851 31.5629 33.4112 34.1218 34.1326 33.4417 31.6143 28.6565 21.4998 19.1864 11.4448 4.71894 4.71894 11.4448 19.1864 21.4998 12.9333 4.13638 1.52194 1.05025 1.05025 1.52194 4.13638 
4.0237 1.41426 1.02624 1.00073 1.00073 1.02624 1.41426 4.0237 11.6155 3.89344 1.40298 1.02717 1.02705 1.40205 3.89499 11.5224 26.8285 31.9008 33.7028 34.0788 34.063 33.6931 31.8855 26.7952 27.145 27.4671 27.6476 27.6725 27.6725 27.6476 27.4671 27.145 24.3572 27.9199 31.0266 32.3614 32.3343 31.0182 27.8291 24.3842 19.5715 17.3377 10.5225 4.53366 4.53366 10.5225 17.3377 19.5715 11.6161 3.82662 1.47687 1.04833 1.04833 1.47687 3.82662 
6.97094 2.29507 1.14866 1.008 1.00807 1.14899 2.29483 6.96543 14.46 6.74484 2.32635 1.17833 1.17866 2.32481 6.73465 14.481 23.2185 28.6817 30.6268 30.9547 30.9547 30.6268 28.8207 23.1721 10.8502 10.536 10.5151 10.3505 10.1811 10.3155 10.3404 10.6866 11.3489 17.1737 23.787 26.7757 26.8694 23.8725 17.2618 11.4429 8.27177 7.26467 3.65224 1.55797 1.55797 3.65224 7.26467 8.27177 4.45612 1.58398 1.05384 1.00243 1.00243 1.05384 1.58398 
9.30445 2.90091 1.23492 1.01309 1.0132 1.23533 2.90111 9.30862 18.0722 9.26243 2.97316 1.29281 1.29329 2.97307 9.25346 18.0619 24.2859 31.0536 32.9741 33.3879 33.3879 32.9741 31.0621 23.9841 5.46288 5.89489 5.86113 5.26284 5.26499 5.86379 5.89724 5.46449 6.49057 14.3112 24.3318 29.131 29.1289 24.3115 14.3002 6.47535 2.85091 2.42102 1.40317 1.04552 1.04552 1.40317 2.42102 2.85091 1.76339 1.09256 1.00594 1.00003 1.00003 1.00594 1.09256 
9.83228 3.03432 1.25346 1.01419 1.0143 1.25383 3.03411 9.83592 18.959 9.83112 3.09146 1.31177 1.31203 3.09036 9.83079 18.9556 24.4468 31.854 33.9814 34.4497 34.4497 33.9814 31.8479 24.0797 2.55664 2.6722 2.65579 2.29379 2.29366 2.6563 2.67264 2.55597 4.41865 12.7697 24.4138 30.0857 30.0722 24.3922 12.7845 4.42012 1.45113 1.17506 1.02643 1.00138 1.00138 1.02643 1.17506 1.45113 1.11241 1.0089 1.00031 0.999936 0.999936 1.00031 1.0089 
9.87362 3.03942 1.25414 1.01389 1.01396 1.2543 3.03881 9.87662 19.0373 9.85176 3.09036 1.31074 1.31027 3.08787 9.8513 19.0433 24.442 32.0349 34.2043 34.6469 34.6469 34.2043 32.0279 24.0711 1.83398 1.64404 1.62982 1.50685 1.50677 1.63011 1.64447 1.83365 3.90649 12.2684 24.3571 30.2859 30.2752 24.3434 12.2832 3.91311 1.34224 1.03561 1.00193 0.999948 0.999948 1.00193 1.03561 1.34224 1.04134 1.0023 0.999954 0.999968 0.999968 0.999954 1.0023 
9.87662 3.03881 1.2543 1.01396 1.01396 1.2543 3.03881 9.87662 19.0373 9.85176 3.08787 1.31027 1.31028 3.08798 9.85176 19.0373 24.0711 32.0279 34.2043 34.6469 34.6525 34.2207 32.0349 24.442 1.83365 1.64447 1.63011 1.50677 1.50685 1.62982 1.64404 1.83398 3.90726 12.2709 24.3551 30.2845 30.2995 24.3697 12.2435 3.90282 1.34799 1.0363 1.00194 0.99995 0.999948 1.00193 1.03561 1.34224 1.04134 1.0023 0.999954 0.999968 0.999969 0.999951 1.00229 
9.83592 3.03411 1.25383 1.0143 1.0143 1.25383 3.03411 9.83592 18.959 9.83112 3.09036 1.31203 1.31203 3.09056 9.83112 18.959 24.0797 31.8479 33.9814 34.4497 34.4545 34.0009 31.854 24.4468 2.55597 2.67264 2.6563 2.29366 2.29379 2.65579 2.6722 2.55664 4.41948 12.7716 24.4121 30.0847 30.1142 24.436 12.7189 4.40158 1.45992 1.17379 1.02641 1.00138 1.00138 1.02643 1.17506 1.45113 1.11241 1.0089 1.00031 0.999936 0.999936 1.00031 1.00891 
9.30862 2.90111 1.23533 1.0132 1.0132 1.23533 2.90111 9.30862 18.0722 9.26243 2.97307 1.29329 1.29336 2.97392 9.26243 18.0722 23.9841 31.0621 32.9741 33.3879 33.3888 32.9823 31.0536 24.2859 5.46449 5.89724 5.86379 5.26499 5.26284 5.86113 5.89489 5.46288 6.49158 14.313 24.3303 29.1301 29.1687 24.353 14.2404 6.45899 2.86493 2.41824 1.402 1.04533 1.04552 1.40317 2.42102 2.85091 1.76339 1.09256 1.00594 1.00003 1.00004 1.00601 1.09325 
6.96543 2.29483 1.14899 1.00807 1.00807 1.14899 2.29483 6.96543 14.46 6.74484 2.32481 1.17866 1.17867 2.32492 6.74484 14.46 23.1721 28.8207 30.6268 30.9547 30.7277 30.3975 28.6817 23.2185 10.6866 10.3404 10.3155 10.1811 10.3505 10.5151 10.536 10.8502 11.3476 17.1724 23.7842 26.7749 26.7009 23.7016 17.0287 11.2406 8.27709 7.24705 3.66439 1.56089 1.55797 3.65224 7.26467 8.27177 4.45612 1.58398 1.05384 1.00243 1.00243 1.0536 1.5789 
1.97384 1.1252 1.00811 1.00015 1.00015 1.00811 1.1252 1.97384 4.55676 2.08245 1.15078 1.01104 1.01095 1.14951 2.08245 4.55676 10.0289 12.7445 13.254 13.3438 13.3438 13.254 12.7445 10.0289 2.54676 2.26506 2.19906 2.24217 2.24217 2.19906 2.26506 2.54676 3.79267 6.88532 10.4887 12.412 12.3833 10.4854 6.55471 3.63178 1.87076 1.75864 1.1975 1.02707 1.02391 1.19779 1.83967 1.86708 1.16277 1.00423 0.999657 0.999981 0.999979 0.999654 1.00448 
1.18916 1.01975 1.00102 0.999882 0.999882 1.00102 1.01975 1.18916 1.73899 1.15409 1.01311 1.00034 1.00034 1.01311 1.15409 1.73899 3.57802 4.55191 4.64186 4.54766 4.54766 4.64186 4.55191 3.57802 1.19689 1.12735 1.11987 1.14672 1.14672 1.11987 1.12735 1.19689 1.38762 2.22939 3.70976 4.29865 4.27255 3.68134 2.21977 1.38104 1.09328 1.07535 1.0126 1.00071 1.00068 1.01245 1.07697 1.09309 1.01598 1.00023 0.999856 0.999921 0.999922 0.999858 1.00023 
1.01786 1.00131 0.999951 0.999984 0.999984 0.999951 1.00131 1.01786 1.07006 1.00967 1.00031 0.999886 0.999886 1.00031 1.00967 1.07006 1.42922 1.63121 1.63483 1.58919 1.58919 1.63483 1.63121 1.42922 1.01585 1.01166 1.01179 1.01253 1.01253 1.01179 1.01166 1.01585 1.02096 1.14329 1.49764 1.58119 1.57337 1.48888 1.13949 1.02064 1.00548 1.00306 1.00019 0.999928 0.999926 1.00019 1.00312 1.00555 1.00141 1.00003 0.999988 1 1 0.999988 1.00003 
1.00104 0.999983 0.999974 1 1 0.999974 0.999983 1.00104 1.00351 1.00013 0.999916 0.999995 0.999995 0.999917 1.00013 1.00351 1.04478 1.07208 1.07028 1.05925 1.05925 1.07028 1.07208 1.04478 1.00124 1.00097 1.00107 1.00099 1.00099 1.00107 1.00097 1.00124 1.00027 1.01029 1.06082 1.06447 1.06312 1.05928 1.00989 1.00025 1.00019 0.999907 0.999944 0.999995 0.999996 0.999943 0.99991 1.0002 1.00008 0.999982 1 1 1 1 0.999982 
1.00104 0.999984 0.999974 1 1 0.999974 0.999983 1.00104 1.00351 1.00013 0.999917 0.999995 0.999995 0.999916 1.00012 1.00352 1.04478 1.07208 1.07028 1.05925 1.05824 1.06882 1.07044 1.04383 1.00124 1.00097 1.00107 1.00099 1.00099 1.00107 1.00097 1.00124 1.00025 1.00989 1.05938 1.06448 1.06447 1.06082 1.01029 1.00027 1.0002 0.99991 0.999943 0.999996 0.999996 0.999943 0.999907 1.00019 1.00008 0.999982 1 1 1 1 0.999982 
1.01788 1.00132 0.999953 0.999984 0.999984 0.999951 1.00131 1.01786 1.07006 1.00967 1.00031 0.999886 0.999886 1.00031 1.00957 1.07042 1.42922 1.63121 1.63483 1.58919 1.58333 1.62681 1.62208 1.42372 1.01584 1.01166 1.01179 1.01253 1.01253 1.01179 1.01166 1.01585 1.02064 1.13949 1.49036 1.58134 1.58119 1.49764 1.14329 1.02096 1.00555 1.00312 1.00019 0.999926 0.999926 1.00019 1.00306 1.00548 1.00141 1.00003 0.999988 1 1 0.999988 1.00003 
1.18925 1.01987 1.00103 0.999884 0.999882 1.00102 1.01975 1.18916 1.73899 1.15409 1.01311 1.00034 1.00034 1.01311 1.15382 1.74398 3.57802 4.55191 4.64186 4.54766 4.53103 4.61815 4.5245 3.55982 1.19518 1.12551 1.11808 1.14524 1.14672 1.11987 1.12735 1.19689 1.38104 2.21977 3.73937 4.31332 4.29865 3.70976 2.22939 1.38762 1.09309 1.07697 1.01245 1.00068 1.00068 1.01245 1.07535 1.09328 1.01598 1.00023 0.999856 0.999921 0.999921 0.999856 1.00023 
1.95692 1.12284 1.00791 1.00015 1.00015 1.00811 1.1252 1.97384 4.55676 2.08245 1.14951 1.01095 1.01104 1.15078 2.09065 4.59979 10.0289 12.7445 13.254 13.3438 13.3395 13.2437 12.7305 10.013 2.52254 2.24468 2.17837 2.21985 2.24217 2.19906 2.26506 2.54676 3.63178 6.55471 10.0634 12.2998 12.412 10.4887 6.88532 3.79267 1.86708 1.83967 1.19779 1.02391 1.02391 1.19779 1.75864 1.87076 1.16277 1.00423 0.999657 0.999981 0.999981 0.999657 1.00423 
1.10306 1.00599 1.00017 1.00001 1.00001 1.00017 1.00599 1.10306 1.68396 1.13979 1.01386 1.00066 1.00066 1.01386 1.13979 1.68396 3.19046 3.94358 4.09103 4.18708 4.18708 4.09103 3.94358 3.19046 1.15331 1.22413 1.21191 1.14194 1.14194 1.21191 1.22413 1.15331 1.39162 2.09747 3.43546 4.07624 4.07862 3.43859 2.09923 1.39235 1.06354 1.08575 1.01531 1.00115 1.00115 1.01531 1.08424 1.06408 1.00343 0.999992 1.00007 1.00009 1.00009 1.00007 0.999992 
1.00706 1.0003 0.999962 0.999991 0.999991 0.999962 1.0003 1.00706 1.05937 1.00806 1.00043 0.999901 0.999901 1.00043 1.00806 1.05937 1.38179 1.55124 1.59137 1.58841 1.58841 1.59137 1.55124 1.38179 1.00589 1.01503 1.01362 1.00582 1.00582 1.01362 1.01503 1.00589 1.02689 1.09524 1.30672 1.40724 1.40736 1.30674 1.09525 1.02691 1.00006 1.00399 1.00041 0.99995 0.99995 1.00041 1.0039 1.00012 0.999543 0.999932 1.00001 0.999997 0.999997 1.00001 0.999932 
1.00026 0.999979 0.999995 1 1 0.999995 0.999979 1.00026 1.00234 1.00008 0.999934 0.999989 0.999989 0.999934 1.00008 1.00234 1.03505 1.05353 1.06218 1.06125 1.06125 1.06218 1.05353 1.03505 0.999919 1.00021 1.0002 0.999914 0.999914 1.0002 1.00021 0.999919 1.00099 1.00322 1.01717 1.02321 1.0232 1.01717 1.00322 1.00099 0.999816 0.999965 0.999957 0.999988 0.999988 0.999957 0.999958 0.999824 1.00006 1 1 1 1 1 1 
1.00003 0.999991 1 1 1 1 0.999991 1.00003 0.999999 0.999873 0.999995 1 1 0.999995 0.999873 0.999999 1.00178 1.00271 1.00356 1.00341 1.00341 1.00356 1.00271 1.00178 1.00008 0.999922 1 1 1 1 0.999922 1.00008 1.00005 0.999895 1.00027 1.00037 1.00037 1.00027 0.999895 1.00005 1.00006 0.999895 0.999996 1 1 0.999996 0.999896 1.00005 1.00009 0.999997 1 1 1 1 0.999997 
0 0 0 0 1 1 0.999991 1.00003 0.999999 0.999873 0.999995 1 1 0.999995 0.999872 1 1.00178 1.00271 1.00356 1.00341 1.00332 1.00346 1.00263 1.00173 1.00008 0.999922 1 1 1 1 0.999922 1.00008 1.00005 0.999895 1.00027 1.00037 1.00037 1.00027 0.999895 1.00005 1.00005 0.999896 0.999996 1 1 0.999996 0.999895 1.00006 1.00009 0.999997 1 1 0 0 0 
0 0 0 0 1 0.999995 0.999979 1.00026 1.00234 1.00008 0.999934 0.999989 0.999989 0.999933 1.00008 1.00237 1.03505 1.05353 1.06218 1.06125 1.06023 1.06106 1.05255 1.03442 0.999946 1.00019 1.00018 0.999903 0.999914 1.0002 1.00021 0.999919 1.00099 1.00322 1.01717 1.0232 1.02321 1.01717 1.00322 1.00099 0.999824 0.999958 0.999955 0.999988 0.999988 0.999957 0.999965 0.999816 1.00006 1 1 1 0 0 0 
0 0 0 0 0.999991 0.999962 1.0003 1.00706 1.05937 1.00806 1.00043 0.999901 0.999901 1.00043 1.00802 1.05965 1.38179 1.55124 1.59137 1.58841 1.58283 1.58563 1.54609 1.37819 1.00619 1.01457 1.01318 1.00562 1.00582 1.01362 1.01503 1.00589 1.02691 1.09525 1.30674 1.40736 1.40724 1.30672 1.09524 1.02689 1.00012 1.0039 1.00041 0.999949 0.99995 1.00041 1.00399 1.00006 0.999543 0.999932 1.00001 0.999997 0 0 0 
