0 0 0 0 1.00008 1.00004 1.00052 1.00787 1.06999 1.01319 1.0015 1.00011 1.00011 1.00151 1.01334 1.07113 1.48871 1.25872 1.19554 1.18514 1.18432 1.19495 1.25752 1.49047 2.59893 1.61869 1.29146 1.33845 1.33916 1.29612 1.61912 2.59368 3.04108 3.39131 3.62124 3.74056 3.72495 3.59288 3.35186 3.01394 2.64313 2.28935 1.4235 1.07043 1.07043 1.42344 2.28284 2.63649 1.57614 1.05466 1.00396 1.00019 0 0 0 
0 0 0 0 0.999996 0.999989 0.999989 1.00036 1.00353 1.00029 0.999935 0.999975 0.999974 0.999936 1.00029 1.00357 1.04399 1.01629 1.00994 1.00951 1.00947 1.00992 1.01619 1.04453 1.28526 1.0949 1.03808 1.04182 1.0415 1.03802 1.0939 1.28186 1.46247 1.624 1.67153 1.63562 1.64058 1.67738 1.62857 1.46516 1.23746 1.17918 1.04244 1.00388 1.00388 1.04244 1.17861 1.23652 1.07981 1.00768 1.00051 0.99995 0 0 0 
0 0 0 0 1 1 0.999987 1.00005 1.00001 0.999816 0.999975 0.999999 0.999999 0.999975 0.999817 1.00001 1.00217 1.00033 1.00011 1.00012 1.00012 1.00011 1.00032 1.00224 1.03526 1.01112 1.00386 1.00381 1.00377 1.00382 1.01096 1.03469 1.05626 1.08953 1.1034 1.08951 1.09071 1.1051 1.09106 1.05707 1.01684 1.0117 1.00188 0.999973 0.999973 1.00188 1.01168 1.01675 1.00478 1.00034 0.999961 0.999988 0 0 0 
0 0 0 0 1 1 0.999996 1.00009 1 0.999897 1 1 1 1 0.999897 1 1.00006 0.999816 0.99993 0.999931 0.999931 0.99993 0.999815 1.00007 1.00259 1.00084 1.0003 1.00022 1.00021 1.00029 1.00082 1.00254 1.00422 1.00792 1.00963 1.00744 1.00759 1.00985 1.0081 1.00431 1.0004 1.00007 0.99994 0.999967 0.999967 0.99994 1.00007 1.00039 1.00025 0.999952 0.999987 1 0 0 0 
1.00009 0.999996 1 1 1 1 0.999996 1.00009 1 0.999897 1 1 1 1 0.999897 1 1.00007 0.999815 0.99993 0.999931 0.999931 0.99993 0.999815 1.00007 1.00259 1.00084 1.0003 1.00022 1.00022 1.0003 1.00084 1.00259 1.00431 1.0081 1.00985 1.00759 1.00759 1.00985 1.0081 1.00431 1.00039 1.00007 0.99994 0.999967 0.999967 0.99994 1.00007 1.00039 1.00025 0.999952 0.999987 1 1 0.999987 0.999952 
1.00005 0.999987 1 1 1 1 0.999987 1.00005 1.00001 0.999816 0.999975 0.999999 0.999999 0.999975 0.999816 1.00001 1.00224 1.00032 1.00011 1.00012 1.00012 1.00011 1.00032 1.00224 1.03526 1.01112 1.00386 1.00381 1.00381 1.00386 1.01112 1.03526 1.05707 1.09106 1.1051 1.09071 1.09071 1.1051 1.09106 1.05707 1.01675 1.01168 1.00188 0.999973 0.999973 1.00188 1.01168 1.01675 1.00478 1.00034 0.999961 0.999988 0.999988 0.999961 1.00034 
1.00036 0.999989 0.999989 0.999996 0.999996 0.999989 0.999989 1.00036 1.00353 1.00029 0.999935 0.999975 0.999975 0.999935 1.00029 1.00353 1.04453 1.01619 1.00992 1.00947 1.00947 1.00992 1.01619 1.04453 1.28526 1.0949 1.03808 1.04182 1.04182 1.03808 1.0949 1.28526 1.46516 1.62857 1.67738 1.64058 1.64058 1.67738 1.62857 1.46516 1.23652 1.17861 1.04244 1.00388 1.00388 1.04244 1.17861 1.23652 1.07981 1.00768 1.00051 0.99995 0.99995 1.00051 1.00768 
1.00787 1.00052 1.00004 1.00008 1.00008 1.00004 1.00052 1.00787 1.06999 1.01319 1.0015 1.00011 1.00011 1.0015 1.01319 1.06999 1.49047 1.25752 1.19495 1.18432 1.18432 1.19495 1.25752 1.49047 2.59893 1.61869 1.29146 1.33845 1.33845 1.29146 1.61869 2.59893 3.01394 3.35186 3.59288 3.72495 3.72495 3.59288 3.35186 3.01394 2.63649 2.28284 1.42344 1.07043 1.07043 1.4235 2.28284 2.63649 1.57614 1.05466 1.00396 1.00019 1.00019 1.00396 1.05466 
1.1433 1.01191 1.00046 0.999933 0.999933 1.00046 1.01191 1.1433 1.6594 1.14826 1.01962 1.00128 1.00128 1.01962 1.14826 1.6594 3.43982 2.80948 2.79688 2.73048 2.73048 2.79688 2.80948 3.43982 6.89283 4.66079 3.36818 3.29499 3.25829 3.3081 4.6259 6.91592 8.76399 9.6406 10.3672 10.5534 10.562 10.3798 9.9162 8.81675 6.33751 5.12267 2.75795 1.61475 1.65403 2.93271 5.21972 6.46639 3.89069 1.59182 1.07066 1.00418 1.00415 1.07011 1.5861 
1.01971 1.00133 0.999864 0.99988 0.99988 0.999864 1.00133 1.01971 1.08847 1.01587 1.00107 0.999818 0.999818 1.00107 1.01587 1.08847 1.49186 1.2585 1.21119 1.19895 1.19895 1.21119 1.2585 1.49186 2.75763 1.90712 1.45698 1.44774 1.44735 1.45114 1.91201 2.77832 3.75914 4.37148 4.13735 4.01062 4.011 4.13791 4.25633 3.73322 2.72403 2.36264 1.43747 1.08358 1.08581 1.44814 2.3549 2.71767 1.93725 1.15825 1.01326 1.00036 1.00037 1.01336 1.15911 
1.00168 1.00002 0.99997 0.999997 0.999997 0.99997 1.00002 1.00168 1.00565 1.00056 0.999904 0.999976 0.999976 0.999904 1.00056 1.00565 1.04583 1.01587 1.01109 1.01065 1.01065 1.01109 1.01587 1.04583 1.32127 1.12298 1.04783 1.04546 1.04575 1.0475 1.12464 1.32739 1.63789 1.84254 1.69151 1.60663 1.60668 1.69158 1.80837 1.62989 1.28092 1.21849 1.04662 1.0048 1.00497 1.04812 1.21841 1.28126 1.16187 1.02048 1.00111 0.999914 0.999914 1.00112 1.02055 
1.00012 0.999967 0.999997 1 1 0.999997 0.999967 1.00012 1.00011 0.999825 0.999981 1 1 0.999981 0.999825 1.00011 1.00236 1.00017 1.0001 1.00011 1.00011 1.0001 1.00017 1.00236 1.03872 1.01386 1.0049 1.00404 1.00414 1.00499 1.01424 1.03977 1.10849 1.16061 1.10781 1.08221 1.08221 1.10774 1.15193 1.1066 1.02662 1.02084 1.0025 0.999904 0.999914 1.00258 1.02085 1.02667 1.01734 1.00156 0.999916 0.999976 0.999975 0.999917 1.00156 
1.00012 0.999967 0.999997 1 1 0.999997 0.999967 1.00012 1.00011 0.999825 0.999981 1 1 0.999982 0.999822 1.00011 1.00238 1.00018 1.0001 1.00011 1.00011 1.0001 1.00017 1.00236 1.03977 1.01424 1.00499 1.00414 1.00414 1.00499 1.01424 1.03977 1.1066 1.15193 1.10774 1.08221 1.08221 1.10781 1.15194 1.10661 1.02667 1.02085 1.00258 0.999914 0.999904 1.0025 1.02084 1.02662 1.01735 1.00156 0.999917 0.999975 0.999976 0.999916 1.00156 
1.00168 1.00002 0.99997 0.999997 0.999997 0.99997 1.00002 1.00168 1.00565 1.00056 0.999904 0.999976 0.999977 0.999897 1.00055 1.00562 1.04641 1.01624 1.01102 1.01059 1.01059 1.01102 1.01587 1.04583 1.32739 1.12464 1.0475 1.04575 1.04575 1.0475 1.12464 1.32739 1.62989 1.80837 1.69158 1.60668 1.60663 1.69151 1.80841 1.62992 1.28126 1.21841 1.04812 1.00497 1.0048 1.04662 1.21849 1.28092 1.16203 1.02055 1.00112 0.999914 0.999914 1.00111 1.02048 
1.01972 1.00132 0.999861 0.99988 0.99988 0.999864 1.00133 1.01971 1.08847 1.01587 1.00107 0.999818 0.999814 1.00103 1.01571 1.08835 1.50072 1.26154 1.21031 1.19818 1.19818 1.21031 1.2585 1.49186 2.77832 1.91201 1.45114 1.44735 1.44735 1.45114 1.91201 2.77832 3.73322 4.25633 4.13791 4.011 4.01062 4.13735 4.25602 3.73296 2.71767 2.3549 1.44814 1.08581 1.08358 1.43747 2.36264 2.72403 1.93967 1.15911 1.01336 1.00037 1.00036 1.01326 1.15825 
1.14635 1.0121 1.00046 0.999931 0.999933 1.00046 1.01191 1.1433 1.6594 1.14826 1.01962 1.00128 1.00122 1.01893 1.14824 1.66391 3.6603 2.92173 2.82361 2.75487 2.75487 2.82361 2.80948 3.43982 6.91592 4.6259 3.3081 3.25829 3.25829 3.3081 4.6259 6.91592 8.81675 9.9162 10.3798 10.562 10.5534 10.3672 9.9013 8.80768 6.46639 5.21972 2.93271 1.65403 1.61475 2.75795 5.12267 6.33751 3.86323 1.5861 1.07011 1.00415 1.00418 1.07066 1.59182 
2.93999 1.38808 1.03878 1.00193 1.00197 1.0394 1.39304 2.96251 6.01111 2.73472 1.30173 1.03245 1.03331 1.30868 2.73472 6.01111 10.6995 9.62794 9.1147 9.06662 8.96476 9.01543 9.6132 10.7291 15.6211 12.3272 10.5645 10.1941 10.329 10.7263 12.4644 15.7265 18.6775 20.8147 21.8336 22.8026 22.1693 21.1467 19.7211 18.0693 15.3406 13.0308 8.81764 5.15671 5.11447 8.84039 13.0308 15.3406 10.1212 3.64783 1.46766 1.04518 1.04518 1.46766 3.64783 
1.53245 1.07817 1.00565 1.00001 1.00001 1.00564 1.07816 1.5333 2.78398 1.41994 1.04845 1.00314 1.00311 1.04844 1.41994 2.78398 6.66135 4.13537 3.64555 3.65791 3.65703 3.64314 4.13996 6.74636 15.2682 9.47345 7.25668 6.22964 6.22612 7.24507 9.43371 15.2048 21.4688 23.782 25.8291 27.0186 26.9456 25.6496 23.4463 21.4692 17.5001 14.6718 10.4683 6.56172 6.47636 10.4132 14.6718 17.5001 11.083 3.91431 1.5342 1.05174 1.05174 1.5342 3.91431 
1.07994 1.00785 1.00036 0.999922 0.999922 1.00036 1.00788 1.08052 1.49735 1.06559 1.00416 0.999945 0.99994 1.00413 1.06559 1.49735 3.91327 1.83455 1.50535 1.58896 1.58768 1.50331 1.83566 3.9759 11.9017 6.22521 4.19913 3.24655 3.24418 4.18919 6.19221 11.859 17.7025 19.7783 21.2469 21.9987 21.8969 21.0337 19.4334 17.68 14.8003 12.4566 8.5477 4.98848 4.92861 8.51465 12.4566 14.8003 9.30337 3.22893 1.36511 1.03081 1.03081 1.36511 3.22893 
0.982894 0.997545 0.999948 1.00004 1.00004 0.999949 0.99755 0.98302 1.1029 1.005 0.999863 0.999955 0.999958 0.999887 1.005 1.1029 2.4632 1.17205 1.05785 1.10386 1.10359 1.05805 1.17012 2.49311 8.76373 4.0131 2.57115 1.98525 1.98418 2.56651 3.99794 8.7424 13.8459 15.5565 16.4011 16.6742 16.6745 16.4074 15.4545 13.8792 11.9447 9.9526 5.99527 3.06623 3.04378 5.93628 9.9526 11.9447 7.97768 2.74486 1.22877 1.01395 1.01395 1.22877 2.74486 
0.98302 0.99755 0.999949 1.00004 1.00004 0.999949 0.99755 0.98302 1.09762 1.00446 0.999887 0.999958 0.999958 0.999887 1.00446 1.09762 2.49311 1.17012 1.05785 1.10386 1.10386 1.05785 1.17205 2.4632 8.7424 3.99794 2.56651 1.98418 1.98525 2.57115 4.0131 8.76373 13.8775 15.4913 16.426 16.6745 16.6742 16.4212 15.5565 13.8459 11.9497 9.97349 5.93628 3.04378 3.06623 5.99527 9.9526 11.9447 7.97768 2.74486 1.22877 1.01395 1.01398 1.22926 2.7482 
1.08052 1.00788 1.00036 0.999922 0.999922 1.00036 1.00788 1.08052 1.4869 1.06485 1.00413 0.99994 0.99994 1.00413 1.06485 1.4869 3.9759 1.83566 1.50535 1.58896 1.58896 1.50535 1.83455 3.91327 11.859 6.19221 4.18919 3.24418 3.24655 4.19913 6.22521 11.9017 17.6755 19.4934 21.0897 21.8969 21.9987 21.303 19.7783 17.7025 14.8162 12.4947 8.51465 4.92861 4.98848 8.5477 12.4566 14.8003 9.30337 3.22893 1.36511 1.03081 1.03095 1.36633 3.23519 
1.5333 1.07816 1.00564 1.00001 1.00001 1.00564 1.07816 1.5333 2.76345 1.41853 1.04844 1.00311 1.00311 1.04844 1.41853 2.76345 6.74636 4.13996 3.64555 3.65791 3.65791 3.64555 4.13537 6.66135 15.2048 9.43371 7.24507 6.22612 6.22964 7.25668 9.47345 15.2682 21.4659 23.5065 25.7274 26.9456 27.0186 25.9078 23.782 21.4688 17.5177 14.7179 10.4132 6.47636 6.56172 10.4683 14.6718 17.5001 11.083 3.91431 1.5342 1.05174 1.05198 1.53601 3.92327 
2.96251 1.39304 1.0394 1.00197 1.00197 1.0394 1.39304 2.96251 6.02238 2.74388 1.30868 1.03331 1.03331 1.30868 2.74388 6.02238 10.7291 9.6132 9.1147 9.06662 9.06662 9.1147 9.62794 10.6995 15.7265 12.4644 10.7263 10.329 10.1941 10.5645 12.3272 15.6211 18.2168 19.941 21.3817 22.1693 22.8026 22.0764 20.8147 18.6775 15.4238 13.1265 8.84039 5.11447 5.15671 8.81764 13.0308 15.3406 10.1212 3.64783 1.46766 1.04518 1.04561 1.47114 3.66874 
7.9576 2.88527 1.3148 1.02793 1.02773 1.31355 2.88504 7.95777 15.5671 7.47794 2.80221 1.37025 1.37181 2.81023 7.48484 15.7635 25.0507 27.0691 27.4115 27.5673 27.5673 27.4115 26.8609 24.863 25.0509 24.3262 24.0055 23.8891 24.0563 24.1942 24.3262 25.0509 26.4114 28.8428 30.5283 30.8046 30.8024 30.5429 29.1605 26.4775 20.4236 17.843 10.9492 5.46927 5.46952 10.9502 17.8506 20.3863 13.7855 5.21846 1.87624 1.11572 1.11701 1.88174 5.23726 
10.3797 3.70607 1.49175 1.0482 1.04781 1.48927 3.70578 10.3807 19.1538 9.75118 3.60856 1.60433 1.60715 3.6189 9.71747 19.2213 28.8542 31.1405 32.0968 32.2646 32.2646 32.0968 31.1998 28.8799 28.2135 27.3424 27.4086 27.903 27.9067 27.4046 27.3424 28.2135 30.0997 32.7274 33.5688 33.7539 33.7576 33.5743 32.7278 30.0738 21.9315 19.0748 11.5305 5.6436 5.64255 11.527 19.0681 21.865 14.5001 5.50812 1.97813 1.14184 1.14399 1.98723 5.54006 
11.2795 4.00204 1.55321 1.05481 1.05438 1.55047 4.0017 11.2805 20.7602 10.5393 3.85759 1.67115 1.67457 3.86992 10.5211 20.8784 31.0574 33.1999 34.0598 34.2155 34.2155 34.0598 33.2431 31.0624 30.4885 29.8773 30.0456 30.7708 30.7757 30.0431 29.8773 30.4885 31.3265 33.7139 34.5436 34.7103 34.7114 34.5466 33.722 31.2977 22.5761 19.5985 11.7743 5.73798 5.73764 11.7727 19.5976 22.5055 14.8912 5.62496 2.00007 1.14435 1.14651 2.00918 5.65663 
11.4226 4.02725 1.55032 1.05316 1.05286 1.54836 4.02691 11.4238 21.1941 10.662 3.88883 1.67493 1.67759 3.8975 10.6362 21.3274 31.7465 33.7459 34.595 34.732 34.732 34.595 33.7732 31.749 32.0562 31.9168 32.1577 32.7925 32.7952 32.1565 31.9168 32.0562 31.5983 33.8085 34.7244 34.8959 34.8968 34.7276 33.8341 31.5858 22.7719 19.6532 11.7814 5.70695 5.70656 11.7805 19.6538 22.7026 14.9936 5.50915 1.93819 1.12336 1.12469 1.94378 5.52854 
11.4238 4.02691 1.54836 1.05286 1.05316 1.55032 4.02691 11.4238 21.3274 10.6362 3.8975 1.67759 1.67493 3.88883 10.6362 21.3274 31.7465 33.7459 34.595 34.732 34.7263 34.581 33.7459 31.7465 32.0567 31.9173 32.1565 32.7952 32.7925 32.1577 31.9168 32.0562 31.5208 33.8464 34.7276 34.8963 34.8957 34.726 33.804 31.6359 22.7026 19.6538 11.7805 5.70656 5.70695 11.7814 19.6532 22.7719 14.9936 5.50915 1.93819 1.12336 1.12336 1.93819 5.50915 
11.2805 4.0017 1.55047 1.05438 1.05481 1.55321 4.0017 11.2805 20.8784 10.5211 3.86992 1.67457 1.67115 3.85759 10.5211 20.8784 31.0574 33.1999 34.0598 34.2155 34.2042 34.034 33.1999 31.0574 30.49 29.8757 30.0431 30.7757 30.7708 30.0456 29.8773 30.4885 31.2363 33.7263 34.5458 34.7104 34.7095 34.5432 33.7106 31.3511 22.5055 19.5976 11.7727 5.73764 5.73798 11.7743 19.5985 22.5761 14.8912 5.62496 2.00007 1.14435 1.14435 2.00007 5.62496 
10.3807 3.70578 1.48927 1.04781 1.0482 1.49175 3.70578 10.3807 19.2213 9.71747 3.6189 1.60715 1.60433 3.60856 9.71747 19.2213 28.8542 31.1405 32.0968 32.2646 32.2371 32.053 31.1405 28.8542 28.2126 27.3391 27.4046 27.9067 27.903 27.4086 27.3424 28.2135 30.0238 32.728 33.5741 33.7544 33.7439 33.5569 32.7117 30.1032 21.865 19.0681 11.527 5.64255 5.6436 11.5305 19.0748 21.9315 14.5001 5.50812 1.97813 1.14184 1.14184 1.97813 5.50812 
7.95777 2.88504 1.31355 1.02773 1.02793 1.3148 2.88504 7.95777 15.7635 7.48484 2.81023 1.37181 1.37025 2.80221 7.48484 15.7635 25.0507 27.0691 27.4115 27.5673 27.9689 27.8113 27.0691 25.0507 25.1875 24.5032 24.1942 24.0563 23.8891 24.0055 24.3262 25.0509 26.5264 29.2607 30.6331 30.8857 30.9665 30.7 28.9094 26.4888 20.3863 17.8506 10.9502 5.46952 5.46927 10.9492 17.843 20.4236 13.7855 5.21846 1.87624 1.11572 1.11572 1.87624 5.21846 
5.89871 1.99018 1.10956 1.00578 1.00578 1.10956 1.99018 5.89871 14.4263 5.50793 1.92204 1.11126 1.11076 1.91666 5.50793 14.4263 27.9262 31.504 32.8401 33.1277 33.1277 32.8401 31.504 27.9262 32.6907 33.6467 33.7194 33.3686 33.4127 33.7522 33.679 32.7295 29.647 32.7545 33.7805 34.0601 34.1097 33.8212 32.7434 29.6854 22.3519 18.5486 11.593 6.15234 6.15163 11.5881 18.5332 22.3535 14.4039 5.4905 1.97928 1.14911 1.14911 1.97928 5.4905 
5.33426 1.77397 1.07216 1.00285 1.00285 1.07216 1.77397 5.33426 13.9501 4.96788 1.71306 1.06824 1.06844 1.7115 4.96788 13.9501 28.2863 32.4549 33.9089 34.2661 34.2661 33.9089 32.4549 28.2863 33.2415 34.1622 34.2751 34.2161 34.2161 34.2755 34.1683 33.2654 30.6628 33.4416 34.4059 34.6106 34.6049 34.3888 33.4187 30.6888 23.5601 19.2966 11.6988 5.9478 5.94782 11.6991 19.3 23.5819 14.8345 5.51807 1.98326 1.14881 1.14881 1.98326 5.51807 
5.19384 1.73301 1.06646 1.00257 1.00257 1.06646 1.73301 5.19384 13.7485 4.80145 1.66237 1.06055 1.06075 1.66084 4.80145 13.7485 28.3808 32.7973 34.3553 34.7272 34.7272 34.3553 32.7973 28.3808 33.5268 34.4012 34.5736 34.6312 34.6314 34.5746 34.4066 33.5514 31.0622 33.7716 34.6769 34.8665 34.8616 34.6605 33.7465 31.0854 23.9346 19.5436 11.7162 5.90741 5.90749 11.7165 19.5435 23.9572 15.0971 5.55588 1.98274 1.14681 1.14681 1.98274 5.55588 
5.1923 1.73604 1.06755 1.00273 1.00273 1.06755 1.73604 5.1923 13.7346 4.79569 1.66362 1.06198 1.06201 1.66212 4.79569 13.7346 28.4597 32.8727 34.4611 34.8325 34.8325 34.4611 32.8727 28.4597 33.693 34.5641 34.7605 34.8331 34.8332 34.761 34.567 33.7073 31.2841 33.9164 34.7571 34.9271 34.9246 34.749 33.8982 31.3114 24.1242 19.6369 11.6346 5.81023 5.81021 11.6348 19.6373 24.1563 15.3873 5.54564 1.94995 1.12893 1.12893 1.94995 5.54564 
5.20015 1.73778 1.06779 1.00274 1.00273 1.06755 1.73604 5.1923 13.7283 4.7882 1.66212 1.06201 1.06201 1.66212 4.79569 13.7346 28.4597 32.8727 34.4611 34.8325 34.8287 34.4552 32.8696 28.6504 33.7073 34.567 34.761 34.8332 34.8331 34.7605 34.5641 33.693 31.3114 33.8982 34.7546 34.9266 34.9265 34.7545 33.8975 31.314 24.2365 19.729 11.5809 5.77085 5.81023 11.5809 19.6369 24.1242 15.3873 5.54564 1.94995 1.12893 1.12765 1.9452 5.53306 
5.20374 1.73503 1.06667 1.00258 1.00257 1.06646 1.73301 5.19384 13.7427 4.79233 1.66084 1.06075 1.06075 1.66084 4.80145 13.7485 28.3808 32.7973 34.3553 34.7272 34.7209 34.343 32.7886 28.5802 33.5514 34.4066 34.5746 34.6314 34.6312 34.5736 34.4012 33.5268 31.0854 33.7465 34.6735 34.8666 34.8666 34.6737 33.7466 31.088 24.0809 19.6928 11.6387 5.84532 5.90741 11.6387 19.5436 23.9346 15.0971 5.55588 1.98274 1.14681 1.14471 1.97483 5.53432 
5.34466 1.77617 1.07242 1.00287 1.00285 1.07216 1.77397 5.33426 13.9444 4.95844 1.7115 1.06844 1.06844 1.7115 4.96788 13.9501 28.2863 32.4549 33.9089 34.2661 34.2548 33.8898 32.4422 28.4752 33.2654 34.1683 34.2755 34.2161 34.2161 34.2751 34.1622 33.2415 30.6888 33.4187 34.4041 34.611 34.6112 34.4045 33.419 30.6917 23.711 19.4561 11.6204 5.88224 5.9478 11.6204 19.2966 23.5601 14.8345 5.51807 1.98326 1.14881 1.14666 1.97515 5.49582 
5.90384 1.9904 1.10961 1.0058 1.00578 1.10956 1.99018 5.89871 14.4011 5.4857 1.91666 1.11076 1.11076 1.91666 5.50793 14.4263 27.9262 31.504 32.8401 33.1277 33.2054 32.9119 31.5373 28.1137 32.7295 33.679 33.7522 33.4127 33.3686 33.7194 33.6467 32.6907 29.6854 32.7434 33.7956 34.0771 34.0767 33.7949 32.7426 29.6878 22.4466 18.6466 11.5244 6.09743 6.15234 11.5244 18.5486 22.3519 14.4039 5.4905 1.97928 1.14911 1.14746 1.97295 5.47329 
4.9945 1.67275 1.0574 1.00216 1.00212 1.05701 1.67045 4.98215 12.8739 4.71073 1.6653 1.06937 1.06937 1.6653 4.71073 12.8739 28.2976 31.9434 33.8124 34.3215 34.3191 33.7772 31.9142 28.3828 31.931 33.6343 33.9462 33.6358 33.6106 33.9355 33.612 31.9115 28.0145 32.026 33.5323 34.004 34.0072 33.5315 32.0085 28.0707 18.1162 15.3159 12.5391 9.17588 9.08154 12.5291 15.3968 18.2253 12.3557 6.09952 2.37006 1.33455 1.32779 2.34798 6.04999 
4.88213 1.63973 1.05412 1.00191 1.00186 1.05366 1.63724 4.87162 12.7956 4.6027 1.63904 1.06684 1.06684 1.63904 4.6027 12.7956 28.9544 32.4824 34.2076 34.667 34.6504 34.1674 32.4626 29.0584 32.5794 33.9894 34.2972 34.2646 34.2653 34.2952 33.9817 32.5853 28.9408 33.1895 34.4061 34.6756 34.6742 34.4029 33.1645 28.9967 17.636 15.1762 13.1337 10.6991 10.5875 13.1203 15.235 17.7269 12.0644 6.4414 2.55586 1.40209 1.39342 2.52622 6.38654 
4.85389 1.62802 1.05239 1.0019 1.00185 1.05192 1.62554 4.84362 12.8274 4.59603 1.63606 1.06664 1.06664 1.63606 4.59603 12.8274 29.16 32.6578 34.3392 34.7808 34.7661 34.3016 32.6381 29.2641 32.9485 34.242 34.5664 34.6531 34.6525 34.5641 34.2357 32.9559 29.3863 33.492 34.626 34.8739 34.8768 34.6337 33.4813 29.452 18.1462 15.3695 13.2223 10.5057 10.3965 13.2055 15.4301 18.2313 12.2802 6.37204 2.50839 1.38536 1.37717 2.48065 6.31861 
4.82195 1.61221 1.04899 1.00169 1.00167 1.04873 1.61096 4.81692 12.8711 4.58948 1.61929 1.06167 1.06167 1.61929 4.58948 12.8711 29.2161 32.7292 34.3893 34.8078 34.7969 34.3619 32.7139 29.3177 33.1809 34.4274 34.7435 34.8401 34.8397 34.7421 34.4237 33.1885 29.7877 33.596 34.683 34.9152 34.9173 34.6888 33.5877 29.849 19.4277 15.8915 12.8571 9.34102 9.27606 12.8467 15.9287 19.4732 12.6697 5.9392 2.29214 1.28725 1.28276 2.27907 5.91001 
4.81692 1.61096 1.04873 1.00167 1.00167 1.04873 1.61096 4.81692 12.892 4.60989 1.63095 1.06364 1.06167 1.61929 4.58948 12.8711 29.3177 32.7139 34.3619 34.7969 34.7969 34.3619 32.7139 29.3177 33.1885 34.4237 34.7421 34.8397 34.8401 34.7435 34.4274 33.1809 29.8059 33.5915 34.6781 34.9134 34.9138 34.6788 33.596 29.7877 19.4732 15.9287 12.8467 9.27606 9.27606 12.8467 15.9287 19.4732 12.6697 5.9392 2.29214 1.28725 1.28725 2.29214 5.9392 
4.84362 1.62554 1.05192 1.00185 1.00185 1.05192 1.62554 4.84362 12.8616 4.62992 1.65334 1.06936 1.06664 1.63606 4.59603 12.8274 29.2641 32.6381 34.3016 34.7661 34.7661 34.3016 32.6381 29.2641 32.9559 34.2357 34.5641 34.6525 34.6531 34.5664 34.242 32.9485 29.416 33.4878 34.6196 34.8716 34.8725 34.6206 33.492 29.3863 18.2313 15.4301 13.2055 10.3965 10.3965 13.2055 15.4301 18.2313 12.2802 6.37204 2.50839 1.38536 1.38536 2.50839 6.37204 
4.87162 1.63724 1.05366 1.00186 1.00186 1.05366 1.63724 4.87162 12.8312 4.63714 1.65646 1.06956 1.06684 1.63904 4.6027 12.7956 29.0584 32.4626 34.1674 34.6504 34.6504 34.1674 32.4626 29.0584 32.5853 33.9817 34.2952 34.2653 34.2646 34.2972 33.9894 32.5794 28.9732 33.1867 34.4012 34.676 34.6758 34.3976 33.1895 28.9408 17.7269 15.235 13.1203 10.5875 10.5875 13.1203 15.235 17.7269 12.0644 6.4414 2.55586 1.40209 1.40209 2.55586 6.4414 
4.98215 1.67045 1.05701 1.00212 1.00212 1.05701 1.67045 4.98215 12.8851 4.73534 1.67976 1.07156 1.06937 1.6653 4.71073 12.8739 28.3828 31.9142 33.7772 34.3191 34.3191 33.7772 31.9142 28.3828 31.9115 33.612 33.9355 33.6106 33.6358 33.9462 33.6343 31.931 28.0302 32.0209 33.5281 33.9962 33.9721 33.4757 32.026 28.0145 18.2253 15.3968 12.5291 9.08154 9.08154 12.5291 15.3968 18.2253 12.3557 6.09952 2.37006 1.33455 1.33455 2.37006 6.09952 
5.03336 1.7699 1.07587 1.00379 1.00379 1.07587 1.7699 5.03336 12.4447 4.8551 1.73463 1.08071 1.08017 1.73286 4.85109 12.4099 26.549 30.7713 33.1098 33.7833 33.8017 33.1145 30.7524 26.6837 26.3948 27.1849 27.4471 27.3719 27.2111 27.2647 27.0092 26.2716 23.2412 27.3525 30.3711 31.5069 31.5776 30.4499 27.3561 23.1717 18.0337 15.6072 10.3905 5.94872 5.8933 10.3244 15.7038 18.0567 11.4755 4.52778 1.7913 1.12591 1.12844 1.80103 4.56079 
4.49664 1.56854 1.04332 1.00133 1.00133 1.04332 1.56854 4.49664 11.8778 4.3386 1.54614 1.04558 1.04486 1.54016 4.3125 11.8231 26.907 31.3309 33.6816 34.3519 34.3406 33.6603 31.2966 27.021 28.8754 29.1502 29.4598 29.9077 29.9076 29.4628 29.1571 28.8932 26.8149 30.3908 32.6438 33.5111 33.5152 32.6513 30.368 26.7232 20.0041 17.0242 11.2869 6.19455 6.16256 11.252 17.2338 20.25 12.8086 4.88868 1.85659 1.12786 1.12975 1.86332 4.90724 
4.25894 1.49546 1.03432 1.00088 1.00088 1.03432 1.49546 4.25894 11.694 4.1409 1.488 1.0374 1.03691 1.48315 4.11826 11.6419 27.223 31.7466 33.995 34.6367 34.6275 33.9768 31.7205 27.3429 30.4037 30.5698 30.912 31.6013 31.6013 30.9143 30.5761 30.4186 28.8553 32.219 33.9015 34.4308 34.4357 33.9105 32.2052 28.7687 21.3274 18.1138 11.6866 6.2761 6.24672 11.6517 18.306 21.5504 13.726 5.15619 1.90181 1.13115 1.133 1.90829 5.17329 
4.21262 1.47874 1.033 1.00085 1.00085 1.033 1.47874 4.21262 11.6679 4.09205 1.47512 1.03653 1.03604 1.47121 4.07669 11.6381 27.3705 31.9749 34.1403 34.7084 34.7027 34.1287 31.9565 27.4798 31.6913 32.0613 32.4571 33.1293 33.1289 32.4585 32.0652 31.6983 29.7096 33.027 34.3911 34.7596 34.7617 34.3957 33.0255 29.639 21.8511 18.6956 11.7253 6.04846 6.03381 11.7035 18.7963 22.0013 14.2509 5.19485 1.8684 1.11412 1.11521 1.87205 5.20351 
4.21685 1.47749 1.03286 1.00084 1.00085 1.033 1.47874 4.21262 11.6381 4.07669 1.47121 1.03604 1.03604 1.47121 4.07669 11.6381 27.3705 31.9749 34.1403 34.7084 34.7084 34.1403 31.9749 27.3705 31.6983 32.0652 32.4585 33.1289 33.1289 32.4585 32.0613 31.6913 29.639 33.0255 34.3874 34.7577 34.7623 34.3996 33.027 29.7096 22.0013 18.7963 11.7035 6.03381 6.04846 11.7253 18.6956 21.8511 14.2523 5.19485 1.87205 1.11521 1.11412 1.8684 5.19485 
4.266 1.49428 1.03417 1.00087 1.00088 1.03432 1.49546 4.25894 11.6419 4.11826 1.48315 1.03691 1.03691 1.48315 4.11826 11.6419 27.223 31.7466 33.995 34.6367 34.6367 33.995 31.7466 27.223 30.4186 30.5761 30.9143 31.6013 31.6013 30.9143 30.5698 30.4037 28.7687 32.2052 33.8935 34.4266 34.437 33.9166 32.219 28.8553 21.5504 18.306 11.6517 6.24672 6.2761 11.6866 18.1138 21.3274 13.7272 5.15619 1.90829 1.133 1.13115 1.90181 5.15619 
4.50335 1.56725 1.04312 1.00131 1.00133 1.04332 1.56854 4.49664 11.8231 4.3125 1.54016 1.04486 1.04486 1.54016 4.3125 11.8231 26.907 31.3309 33.6816 34.3519 34.3519 33.6816 31.3309 26.907 28.8932 29.1571 29.4628 29.9076 29.9076 29.4628 29.1502 28.8754 26.7232 30.368 32.6352 33.5061 33.5202 32.6669 30.3908 26.8149 20.25 17.2338 11.252 6.16256 6.19455 11.2869 17.0242 20.0041 12.8081 4.88868 1.86332 1.12975 1.12786 1.85659 4.88868 
5.04701 1.77128 1.07603 1.00379 1.00379 1.07587 1.7699 5.03336 12.4099 4.85109 1.73286 1.08017 1.08017 1.73286 4.85109 12.4099 26.549 30.7713 33.1098 33.7833 33.7833 33.1098 30.7713 26.549 26.2716 27.0092 27.2647 27.2111 27.2111 27.2647 27.1849 26.3948 23.1717 27.3561 30.3045 31.4564 31.4294 30.2838 27.3525 23.2412 18.0567 15.7038 10.3244 5.8933 5.94872 10.3905 15.6072 18.0337 11.5028 4.52778 1.80103 1.12844 1.12591 1.7913 4.52778 
7.11512 2.61966 1.25319 1.02046 1.02055 1.25338 2.61892 7.11568 13.673 6.90905 2.62636 1.31432 1.31432 2.62636 6.90905 13.673 21.8303 27.5933 29.5658 30.0881 30.0881 29.5658 27.5933 21.8303 11.4179 11.1277 11.5509 11.5419 11.5419 11.5509 11.1277 11.4179 12.371 18.127 24.0645 26.4122 26.3116 23.9468 18.0697 12.3552 8.61078 7.59618 4.20376 2.06286 2.06286 4.20376 7.59618 8.61078 5.35827 2.05331 1.1473 1.01194 1.01194 1.1473 2.05331 
9.33474 3.35626 1.39805 1.03443 1.03456 1.3984 3.35741 9.3551 16.548 9.19818 3.41523 1.52442 1.52442 3.41523 9.19818 16.548 22.4032 29.5664 32.295 32.9504 32.9504 32.295 29.5664 22.4032 7.00599 7.44547 7.51264 6.8715 6.8715 7.51264 7.44547 7.00599 7.84121 15.5866 23.8946 27.65 27.6654 23.9133 15.5439 7.82831 3.55579 2.8553 1.66328 1.12807 1.12807 1.66328 2.8553 3.55579 2.35515 1.25553 1.02589 1.00131 1.00131 1.02589 1.25553 
10.0825 3.60355 1.44767 1.03912 1.03924 1.44792 3.60394 10.1012 17.64 9.9847 3.63069 1.57413 1.57413 3.63069 9.9847 17.64 22.3644 30.268 33.4144 34.1431 34.1431 33.4144 30.268 22.3644 3.91225 4.48524 4.43743 3.56351 3.56351 4.43743 4.48524 3.91225 5.5499 13.949 23.9167 28.5704 28.5861 23.9364 13.9214 5.54389 1.79919 1.32783 1.06961 1.00733 1.00733 1.06961 1.32783 1.79919 1.28938 1.03879 1.00257 0.999951 0.999951 1.00257 1.03879 
10.21 3.63472 1.45411 1.03952 1.03959 1.45421 3.63481 10.2237 17.7805 10.0801 3.64191 1.57587 1.57587 3.64191 10.0801 17.7805 22.3231 30.5018 33.7124 34.4305 34.4305 33.7124 30.5018 22.3231 2.54849 2.52751 2.4869 2.02284 2.02284 2.4869 2.52751 2.54849 4.7952 13.2226 23.8952 28.9066 28.9159 23.9076 13.21 4.79483 1.50402 1.07488 1.0066 1.00018 1.00018 1.0066 1.07488 1.50402 1.08531 1.00714 1.00019 0.999903 0.999903 1.00019 1.00714 
10.2237 3.63481 1.45421 1.03959 1.03959 1.45421 3.63481 10.2237 17.7555 10.0562 3.63866 1.57512 1.57587 3.64191 10.0801 17.7805 22.3231 30.5018 33.7124 34.4305 34.4337 33.7233 30.5418 22.2991 2.5485 2.52747 2.48723 2.02276 2.02284 2.4869 2.52751 2.54849 4.79483 13.21 23.9076 28.9159 28.9159 23.9076 13.21 4.79483 1.496 1.07481 1.00653 1.00017 1.00019 1.00677 1.0755 1.5107 1.08531 1.00714 1.00019 0.999903 0.999903 1.00019 1.00712 
10.1012 3.60394 1.44792 1.03924 1.03924 1.44792 3.60394 10.1012 17.5979 9.94609 3.62702 1.57353 1.57413 3.63069 9.9847 17.64 22.3644 30.268 33.4144 34.1431 34.1491 33.4334 30.33 22.3261 3.91231 4.48497 4.43783 3.56336 3.56351 4.43743 4.48524 3.91225 5.54389 13.9214 23.9364 28.5861 28.5861 23.9364 13.9214 5.54389 1.78729 1.32786 1.06975 1.00741 1.00735 1.0694 1.32587 1.80811 1.28938 1.03879 1.00257 0.999951 0.999951 1.00257 1.03883 
9.3551 3.35741 1.3984 1.03456 1.03456 1.3984 3.35741 9.3551 16.5188 9.13198 3.41186 1.52398 1.52442 3.41523 9.19818 16.548 22.4032 29.5664 32.295 32.9504 32.9595 32.3157 29.6192 22.3785 7.00636 7.44639 7.51319 6.87248 6.8715 7.51264 7.44547 7.00599 7.82831 15.5439 23.9133 27.6654 27.6654 23.9133 15.5439 7.82831 3.54126 2.85613 1.67124 1.13021 1.12876 1.6648 2.84803 3.56589 2.35515 1.25553 1.02589 1.00131 1.00132 1.02607 1.25655 
7.11568 2.61892 1.25338 1.02055 1.02055 1.25338 2.61892 7.11568 13.6081 6.82021 2.62284 1.31404 1.31432 2.62636 6.90905 13.673 21.8303 27.5933 29.5658 30.0881 29.9913 29.4693 27.5115 21.7452 11.4133 11.1225 11.3622 11.3811 11.5419 11.5509 11.1277 11.4179 12.3552 18.0697 23.9468 26.3116 26.3116 23.9468 18.0697 12.3552 8.54113 7.58949 4.16336 2.04974 2.05823 4.18732 7.52312 8.5497 5.35827 2.05331 1.1473 1.01194 1.01195 1.14674 2.04554 
2.29067 1.22989 1.02412 1.00114 1.00113 1.02379 1.22689 2.27322 4.62104 2.30854 1.23781 1.02496 1.02496 1.23781 2.31584 4.65028 10.4972 13.7674 14.6826 14.8872 14.9963 14.7974 13.7674 10.4972 3.34467 2.82252 2.73504 2.89538 2.87017 2.71279 2.80131 3.31941 4.66579 8.05749 11.4547 13.2934 13.2934 11.4547 8.05749 4.66579 2.29688 2.10105 1.41715 1.09991 1.09458 1.38275 2.05518 2.26053 1.36781 1.02608 0.999671 0.999799 0.999803 0.999681 1.02703 
1.32441 1.04975 1.00418 1 1.00001 1.00422 1.04999 1.32445 2.00724 1.2758 1.03328 1.00208 1.00209 1.0334 1.2763 2.0071 4.36509 5.78835 5.85756 5.73781 5.72975 5.84899 5.78835 4.36509 1.42144 1.25537 1.23259 1.3 1.29822 1.23062 1.2534 1.41939 1.779 3.2249 4.9743 5.6116 5.6116 4.9743 3.2249 1.779 1.18823 1.1394 1.03646 1.00475 1.00471 1.03532 1.1392 1.18823 1.04613 1.00175 0.999766 0.999883 0.999883 0.999769 1.00177 
1.04485 1.00554 1.00028 0.999943 0.999943 1.00028 1.00556 1.04488 1.13605 1.02585 1.00176 0.999857 0.999857 1.00176 1.02589 1.13607 1.79712 2.22261 2.17029 2.08162 2.08173 2.17001 2.22261 1.79712 1.04192 1.0208 1.01955 1.0283 1.0283 1.01954 1.02079 1.04187 1.08083 1.41675 1.9986 2.13043 2.13043 1.9986 1.41675 1.08083 1.01443 1.00877 1.00135 0.999966 0.999961 1.00131 1.00877 1.01435 1.00391 1.00013 0.99997 0.999998 0.999998 0.999969 1.00013 
1.00406 1.00034 0.999916 0.99999 0.999989 0.999916 1.00035 1.00406 1.01043 1.00105 0.999876 0.999964 0.999964 0.999874 1.00105 1.01043 1.14214 1.24474 1.21915 1.1801 1.18012 1.21912 1.24474 1.14214 1.00368 1.00197 1.00205 1.00247 1.00247 1.00205 1.00197 1.00368 1.00482 1.05811 1.20273 1.21251 1.21251 1.20273 1.05811 1.00482 1.00065 0.999989 0.999923 0.999961 0.999961 0.999921 0.999989 1.00064 1.00034 0.999972 0.999996 1 1 0.999996 0.999972 
1.00406 1.00035 0.999916 0.999989 0.999989 0.999916 1.00035 1.00406 1.01043 1.00105 0.999874 0.999964 0.999964 0.999876 1.00105 1.01043 1.14214 1.24474 1.21912 1.18012 1.1801 1.21915 1.24479 1.14214 1.00368 1.00197 1.00205 1.00247 1.00247 1.00205 1.00197 1.00368 1.00479 1.05799 1.19552 1.21256 1.21251 1.20273 1.05811 1.00482 1.00065 0.999987 0.999923 0.999961 0.999961 0.999923 0.999987 1.00065 1.00034 0.999972 0.999996 1 1 0.999996 0.999972 
1.04488 1.00556 1.00028 0.999943 0.999943 1.00028 1.00556 1.04488 1.13605 1.02585 1.00176 0.999857 0.999857 1.00176 1.02585 1.13605 1.79712 2.22261 2.17001 2.08173 2.08162 2.17029 2.22307 1.79721 1.04187 1.02079 1.01954 1.0283 1.0283 1.01954 1.02079 1.04187 1.08055 1.41575 1.97196 2.13079 2.13043 1.9986 1.41675 1.08083 1.0144 1.00871 1.00134 0.999958 0.999958 1.00134 1.00871 1.0144 1.00391 1.00013 0.99997 0.999998 0.999998 0.99997 1.00013 
1.32445 1.04999 1.00422 1.00001 1.00001 1.00422 1.04999 1.32445 2.00724 1.2758 1.0334 1.00209 1.00208 1.03328 1.2758 2.00724 4.36509 5.78835 5.84899 5.72975 5.73781 5.85756 5.79833 4.37106 1.41939 1.2534 1.23062 1.29822 1.29822 1.23062 1.2534 1.41939 1.77615 3.22346 4.91092 5.62525 5.6116 4.9743 3.2249 1.779 1.18801 1.13826 1.03609 1.00467 1.00467 1.03609 1.13826 1.18801 1.04613 1.00175 0.999766 0.999883 0.999883 0.999766 1.00175 
2.27322 1.22689 1.02379 1.00113 1.00113 1.02379 1.22689 2.27322 4.62104 2.30854 1.23781 1.02496 1.02496 1.23781 2.30854 4.62104 10.4972 13.7674 14.7974 14.9963 14.8872 14.6826 13.6561 10.4166 3.31941 2.80131 2.71279 2.87017 2.87017 2.71279 2.80131 3.31941 4.63638 7.99833 11.461 13.2031 13.2934 11.4547 8.05749 4.66579 2.23383 2.02201 1.39501 1.091 1.091 1.39501 2.02201 2.23383 1.36781 1.02608 0.999671 0.999799 0.999799 0.999671 1.02608 
1.20761 1.02102 1.00138 1.00005 1.00005 1.00138 1.02102 1.20761 1.9952 1.27253 1.03739 1.00311 1.00312 1.0375 1.27253 1.9952 3.73699 4.78913 5.18401 5.39724 5.39724 5.18401 4.78913 3.73699 1.37306 1.48902 1.46996 1.33135 1.33135 1.46996 1.48902 1.37306 1.77368 2.91711 4.52267 5.25081 5.28434 4.52267 2.93371 1.77342 1.16042 1.16068 1.04089 1.0058 1.0058 1.04089 1.16068 1.16042 1.02461 1.00165 1.00008 1.0001 1.0001 1.00008 1.00165 
1.02205 1.00177 1.00006 0.999967 0.999967 1.00006 1.00177 1.02205 1.12852 1.02502 1.0024 0.999995 0.999997 1.00241 1.02502 1.12852 1.71509 2.08207 2.1691 2.15651 2.15651 2.1691 2.08207 1.71509 1.03591 1.06777 1.06439 1.03421 1.03421 1.06439 1.06777 1.03591 1.08023 1.25714 1.60303 1.77913 1.78334 1.60303 1.25888 1.07975 1.0076 1.01196 1.002 1.00006 1.00006 1.002 1.01196 1.0076 1.00037 0.999908 0.999996 1 1 0.999996 0.999908 
1.0012 1.00005 0.999977 0.999998 0.999998 0.999977 1.00005 1.0012 1.0088 1.00105 0.999968 0.999947 0.999947 0.99997 1.00105 1.0088 1.10978 1.18041 1.20269 1.19291 1.19291 1.20269 1.18041 1.10978 1.00171 1.00455 1.00433 1.00169 1.00169 1.00433 1.00455 1.00171 1.0046 1.01627 1.05285 1.07113 1.07159 1.05285 1.01645 1.00453 0.99992 1.0003 0.999989 0.999949 0.999949 0.999989 1.0003 0.99992 1.00001 0.999982 1 1 1 1 0.999982 
1.00007 0.999972 0.999998 1 1 0.999998 0.999972 1.00007 1.00019 0.999817 0.999967 0.999998 0.999998 0.999967 0.999817 1.00019 1.01046 1.01885 1.02227 1.02009 1.02009 1.02227 1.01885 1.01046 1.00011 1.00008 1.00016 1.00003 1.00003 1.00016 1.00008 1.00011 1.00014 1.00015 1.00176 1.00265 1.00268 1.00176 1.00016 1.00014 1.00002 0.999847 0.999979 0.999998 0.999998 0.999979 0.999847 1.00002 1.00011 1 1 1 1 1 1 
0 0 0 0 1 0.999998 0.999972 1.00007 1.00019 0.999817 0.999967 0.999998 0.999998 0.999967 0.999815 1.00019 1.01046 1.01885 1.02227 1.02009 1.01972 1.02181 1.01844 1.01024 1.00012 1.00007 1.00015 1.00003 1.00003 1.00016 1.00008 1.00011 1.00014 1.00016 1.00176 1.00268 1.00265 1.00169 1.00015 1.00014 1.00002 0.999845 0.999979 0.999998 0.999998 0.999979 0.999847 1.00002 1.00011 1 1 1 0 0 0 
0 0 0 0 0.999998 0.999977 1.00005 1.0012 1.0088 1.00105 0.99997 0.999947 0.999947 0.999968 1.00103 1.00891 1.10978 1.18041 1.20269 1.19291 1.19037 1.19959 1.17741 1.10808 1.00179 1.00444 1.00422 1.00164 1.00169 1.00433 1.00455 1.00171 1.00453 1.01645 1.05285 1.07159 1.07113 1.05204 1.01627 1.0046 0.999925 1.00029 0.999985 0.999949 0.999949 0.999989 1.0003 0.99992 1.00001 0.999982 1 1 0 0 0 
0 0 0 0 0.999967 1.00006 1.00177 1.02205 1.12852 1.02502 1.00241 0.999997 0.999995 1.0024 1.02489 1.12908 1.71509 2.08207 2.1691 2.15651 2.14703 2.15835 2.07232 1.70906 1.03644 1.06661 1.06325 1.03368 1.03421 1.06439 1.06777 1.03591 1.07975 1.25888 1.60303 1.78334 1.77913 1.59677 1.25714 1.08023 1.00768 1.01179 1.00197 1.00006 1.00006 1.002 1.01196 1.0076 1.00037 0.999908 0.999996 1 0 0 0 
