0 0 0 0 1.00008 1.00006 1.00083 1.0106 1.08537 1.01702 1.00205 1.00016 1.00016 1.00207 1.0172 1.08664 1.58012 1.32322 1.25113 1.23835 1.23799 1.25089 1.32304 1.58459 2.79547 1.74485 1.35783 1.40812 1.40851 1.36235 1.74476 2.79022 3.17565 3.53287 3.81019 3.98338 3.96787 3.78019 3.49166 3.14684 2.74 2.35322 1.47367 1.09103 1.09064 1.4716 2.35335 2.74022 1.66335 1.07139 1.00568 1.00031 0 0 0 
0 0 0 0 0.999996 0.999985 0.999999 1.00053 1.00483 1.00053 0.999943 0.999966 0.999966 0.999944 1.00053 1.00488 1.05916 1.02318 1.01465 1.01386 1.01383 1.01463 1.0231 1.05998 1.35383 1.11986 1.04798 1.05296 1.05255 1.04786 1.11861 1.34991 1.54549 1.73261 1.79393 1.75643 1.76207 1.80062 1.73785 1.54853 1.27215 1.20436 1.05284 1.00574 1.00571 1.05258 1.20438 1.27218 1.10235 1.01079 1.00079 0.999962 0 0 0 
0 0 0 0 1 1 0.999984 1.00005 1.00004 0.999802 0.999965 0.999996 0.999996 0.999965 0.999803 1.00003 1.00343 1.00069 1.00025 1.00025 1.00025 1.00025 1.00069 1.00353 1.04918 1.0151 1.00495 1.00506 1.005 1.0049 1.01488 1.04844 1.07651 1.12011 1.13895 1.12065 1.12216 1.1411 1.12199 1.07754 1.02171 1.01508 1.00277 1.00003 1.00003 1.00275 1.01508 1.02171 1.00713 1.00061 0.999969 0.99998 0 0 0 
0 0 0 0 1 1 0.999997 1.00009 0.999989 0.999887 0.999998 1 1 0.999998 0.999887 0.999989 1.0001 0.999803 0.999909 0.999912 0.999912 0.999909 0.999801 1.00011 1.00407 1.00128 1.00044 1.00035 1.00034 1.00043 1.00125 1.00399 1.00686 1.01283 1.01547 1.0119 1.01211 1.01578 1.01309 1.00699 1.00067 1.0002 0.999953 0.99995 0.99995 0.999952 1.0002 1.00067 1.00041 0.999956 0.99998 1 0 0 0 
1.00009 0.999997 1 1 1 1 0.999997 1.00009 0.999989 0.999887 0.999998 1 1 0.999998 0.999887 0.999989 1.0001 0.999803 0.999909 0.999912 0.999912 0.999909 0.999803 1.0001 1.00407 1.00128 1.00044 1.00035 1.00035 1.00044 1.00128 1.00407 1.00699 1.01309 1.01578 1.01211 1.01211 1.01578 1.01309 1.00699 1.00067 1.0002 0.999953 0.99995 0.99995 0.999953 1.0002 1.00067 1.00041 0.999956 0.99998 1 1 0.99998 0.999956 
1.00005 0.999984 1 1 1 1 0.999984 1.00005 1.00003 0.999802 0.999965 0.999996 0.999996 0.999965 0.999802 1.00004 1.00343 1.00069 1.00025 1.00025 1.00025 1.00025 1.00069 1.00343 1.04918 1.0151 1.00495 1.00506 1.00506 1.00495 1.0151 1.04918 1.07754 1.12199 1.1411 1.12216 1.12216 1.1411 1.12199 1.07754 1.02171 1.01508 1.00277 1.00003 1.00003 1.00277 1.01508 1.02171 1.00713 1.00061 0.999969 0.99998 0.99998 0.999969 1.00061 
1.00053 0.999999 0.999985 0.999996 0.999996 0.999985 0.999999 1.00053 1.00488 1.00053 0.999943 0.999966 0.999966 0.999943 1.00053 1.00483 1.05916 1.02318 1.01465 1.01386 1.01386 1.01465 1.02318 1.05916 1.35383 1.11986 1.04798 1.05296 1.05296 1.04798 1.11986 1.35383 1.54853 1.73785 1.80062 1.76207 1.76207 1.80062 1.73785 1.54853 1.27215 1.20436 1.05284 1.00574 1.00574 1.05284 1.20436 1.27215 1.10235 1.01079 1.00079 0.999962 0.999962 1.00079 1.01079 
1.0106 1.00083 1.00006 1.00008 1.00008 1.00006 1.00083 1.0106 1.08664 1.01702 1.00205 1.00016 1.00016 1.00205 1.01702 1.08537 1.58012 1.32322 1.25113 1.23835 1.23835 1.25113 1.32322 1.58012 2.79547 1.74485 1.35783 1.40812 1.40812 1.35783 1.74485 2.79547 3.14684 3.49166 3.78019 3.96787 3.96787 3.78019 3.49166 3.14684 2.74 2.35322 1.47367 1.09103 1.09103 1.47367 2.35322 2.74 1.66335 1.07139 1.00568 1.00031 1.00031 1.00568 1.07139 
1.16462 1.01523 1.00068 0.999919 0.999919 1.00068 1.01523 1.16462 1.71114 1.16552 1.02233 1.00165 1.00165 1.02233 1.16552 1.69367 3.55561 3.02873 2.90155 2.81828 2.81828 2.90155 3.02873 3.55561 7.17692 5.01871 3.59653 3.51671 3.4648 3.52022 4.94953 7.15343 9.01112 10.1425 10.6556 10.8733 10.8733 10.6556 10.1425 9.01112 6.57895 5.27232 3.13837 1.79827 1.79827 3.13837 5.27232 6.57895 4.02475 1.6862 1.09099 1.00636 1.00636 1.09099 1.6862 
1.02535 1.00193 0.999889 0.999865 0.999865 0.999889 1.00193 1.02535 1.10795 1.02071 1.00175 0.999854 0.999854 1.00175 1.02071 1.10783 1.57469 1.32073 1.26338 1.24827 1.24827 1.26338 1.32073 1.57469 2.96349 2.09611 1.54598 1.5265 1.52587 1.54218 2.09634 2.97519 3.91082 4.48781 4.34721 4.22775 4.22775 4.34721 4.48781 3.91082 2.81598 2.38838 1.50048 1.11092 1.11092 1.50048 2.38838 2.81598 2.06895 1.20552 1.01974 1.00078 1.00078 1.01974 1.20552 
1.0023 1.00008 0.99996 0.999995 0.999995 0.99996 1.00008 1.0023 1.00775 1.00091 0.999921 0.999963 0.999963 0.999921 1.00091 1.00774 1.06087 1.02254 1.01586 1.01501 1.01501 1.01586 1.02254 1.06087 1.39819 1.16128 1.0611 1.05743 1.05763 1.0609 1.16205 1.40173 1.72392 1.9372 1.79453 1.70096 1.70096 1.79453 1.9372 1.72392 1.32123 1.24067 1.05998 1.00733 1.00733 1.05998 1.24067 1.32123 1.2057 1.03102 1.00197 0.999925 0.999925 1.00197 1.03102 
1.00018 0.999958 0.999994 1 1 0.999994 0.999958 1.00018 1.0002 0.999817 0.999969 1 1 0.999969 0.999817 1.0002 1.00375 1.00047 1.00024 1.00024 1.00024 1.00024 1.00047 1.00375 1.05538 1.01971 1.00656 1.00555 1.00562 1.00662 1.01993 1.05605 1.13922 1.20108 1.14109 1.10705 1.10705 1.14109 1.20108 1.13922 1.03425 1.0255 1.00381 0.999966 0.999966 1.00381 1.0255 1.03425 1.02573 1.00289 0.999973 0.999958 0.999958 0.999973 1.00289 
1.00018 0.999958 0.999994 1 1 0.999994 0.999958 1.00018 1.0002 0.999817 0.999969 1 1 0.99997 0.999817 1.0002 1.00375 1.00047 1.00024 1.00024 1.00025 1.00024 1.00047 1.00378 1.05605 1.01993 1.00662 1.00562 1.00562 1.00662 1.01993 1.05605 1.13898 1.19391 1.1368 1.10581 1.10705 1.14109 1.20108 1.13922 1.03425 1.02583 1.00381 0.999966 0.999966 1.00389 1.02647 1.03464 1.02573 1.00289 0.999973 0.999958 0.999958 0.999972 1.00288 
1.0023 1.00008 0.99996 0.999995 0.999995 0.99996 1.00008 1.0023 1.00774 1.00091 0.999921 0.999963 0.999963 0.999918 1.00091 1.00775 1.06087 1.02254 1.01586 1.01501 1.01512 1.01588 1.02254 1.06133 1.40173 1.16205 1.0609 1.05763 1.05763 1.0609 1.16205 1.40173 1.72302 1.91185 1.77681 1.69604 1.70096 1.79453 1.9372 1.72392 1.32123 1.24238 1.05998 1.00733 1.00728 1.06031 1.24578 1.32304 1.2057 1.03102 1.00197 0.999925 0.999924 1.00196 1.03091 
1.02536 1.00193 0.999886 0.999865 0.999865 0.999889 1.00193 1.02535 1.10783 1.02071 1.00175 0.999854 0.999852 1.00173 1.02072 1.10795 1.57469 1.32073 1.26338 1.24827 1.2495 1.26384 1.32027 1.58063 2.97519 2.09634 1.54218 1.52587 1.52587 1.54218 2.09634 2.97519 3.90385 4.41796 4.29263 4.21167 4.22775 4.34721 4.48781 3.91082 2.81598 2.39101 1.50048 1.11092 1.10992 1.50122 2.40471 2.81981 2.06895 1.20552 1.01974 1.00078 1.00077 1.0196 1.20446 
1.16813 1.01547 1.00068 0.999916 0.999919 1.00068 1.01523 1.16462 1.69367 1.16552 1.02233 1.00165 1.00166 1.02234 1.17044 1.71114 3.55561 3.02873 2.90155 2.81828 2.90761 2.96773 3.09131 3.69423 7.15343 4.94953 3.52022 3.4648 3.4648 3.52022 4.94953 7.15343 9.02699 10.2352 10.7553 10.9342 10.8733 10.6556 10.1425 9.01112 6.57895 5.30187 3.13837 1.79827 1.76975 3.08231 5.2781 6.55399 4.02475 1.6862 1.09099 1.00636 1.00639 1.09163 1.69223 
3.09828 1.4555 1.05178 1.00303 1.00308 1.05255 1.46115 3.12162 6.13358 2.8387 1.35182 1.04252 1.04199 1.34782 2.81642 6.05219 10.5491 9.58557 9.56615 9.51725 9.51725 9.56615 9.58557 10.5491 15.4987 12.1542 10.4759 10.2389 10.2389 10.4759 12.1542 15.4987 18.2319 20.1764 21.4833 22.409 22.409 21.4838 20.4294 18.4017 14.8408 12.4493 8.86722 5.50164 5.46237 8.87538 12.7577 15.0555 10.1099 3.82277 1.53947 1.05965 1.05912 1.53563 3.80249 
1.61823 1.10088 1.00825 1.00015 1.00014 1.00824 1.10091 1.61941 2.94615 1.4899 1.06217 1.00463 1.00469 1.06246 1.4921 2.95257 6.81769 4.3465 3.83221 3.83057 3.83057 3.83221 4.3465 6.81769 15.4213 10.1144 7.70539 6.64259 6.64259 7.70539 10.1144 15.4213 20.881 23.0705 25.1156 26.402 26.402 25.1164 23.1512 20.885 16.995 14.0762 10.5169 7.05933 6.96929 10.4321 14.2391 17.0322 10.9436 4.02576 1.59814 1.06637 1.06608 1.59622 4.01788 
1.1056 1.01163 1.00065 0.999901 0.999901 1.00065 1.01166 1.10633 1.58578 1.08682 1.00625 1.00002 1.00002 1.00634 1.08805 1.59107 4.10627 1.95032 1.57253 1.63577 1.63577 1.57253 1.95032 4.10627 12.3697 7.12156 4.86425 3.67548 3.67548 4.86425 7.12156 12.3697 17.5017 19.4276 20.9796 21.8088 21.8088 20.9805 19.4934 17.4937 14.6486 12.1504 8.72668 5.43108 5.37297 8.64479 12.2803 14.691 9.42933 3.41825 1.42766 1.04109 1.04092 1.42633 3.41265 
0.985224 0.997315 0.999924 1.00005 1.00005 0.999925 0.997322 0.985397 1.13831 1.00752 1.00001 0.999927 0.999927 1.00003 1.00781 1.14011 2.67253 1.23735 1.07738 1.11639 1.11639 1.07738 1.23735 2.67253 9.33689 4.64801 2.9895 2.20875 2.20875 2.9895 4.64801 9.33689 14.0366 15.7037 16.6615 17.0115 17.0115 16.6612 15.78 14.0509 12.0015 9.81761 6.214 3.39028 3.36013 6.15584 9.94057 11.9749 8.36091 3.05739 1.30026 1.02139 1.02135 1.29972 3.05457 
0.985397 0.997322 0.999925 1.00005 1.00005 0.999925 0.997322 0.985397 1.13831 1.00752 1.00001 0.999927 0.999927 1.00001 1.00752 1.13831 2.73907 1.23571 1.07722 1.11664 1.11639 1.07738 1.23735 2.67253 9.32446 4.63037 2.98347 2.20713 2.20875 2.9895 4.64801 9.33689 14.0641 15.8339 16.6872 17.0194 17.0014 16.655 15.6863 14.0366 11.9749 9.94057 6.15584 3.36013 3.36013 6.15584 9.94057 11.9749 8.36091 3.05739 1.30026 1.02139 1.02139 1.30026 3.05739 
1.10633 1.01166 1.00065 0.999901 0.999901 1.00065 1.01166 1.10633 1.58578 1.08682 1.00625 1.00002 1.00002 1.00625 1.08682 1.58578 4.239 1.95796 1.57432 1.63644 1.63577 1.57253 1.95032 4.10627 12.3396 7.08552 4.85272 3.67234 3.67548 4.86425 7.12156 12.3697 17.4794 19.4952 20.9912 21.815 21.805 21.0277 19.4854 17.5017 14.691 12.2803 8.64479 5.37297 5.37297 8.64479 12.2803 14.691 9.42933 3.41825 1.42766 1.04109 1.04109 1.42766 3.41825 
1.61941 1.10091 1.00824 1.00014 1.00014 1.00824 1.10091 1.61941 2.94615 1.4899 1.06217 1.00463 1.00463 1.06217 1.4899 2.94615 6.98947 4.35847 3.83283 3.8288 3.83057 3.83221 4.3465 6.81769 15.3754 10.0727 7.69236 6.63856 6.64259 7.70539 10.1144 15.4213 20.8831 23.1758 25.163 26.4228 26.3802 25.147 23.1039 20.881 17.0322 14.2391 10.4321 6.96929 6.96929 10.4321 14.2391 17.0322 10.9436 4.02576 1.59814 1.06637 1.06637 1.59814 4.02576 
3.12162 1.46115 1.05255 1.00308 1.00308 1.05255 1.46115 3.12162 6.13358 2.8387 1.35182 1.04252 1.04252 1.35182 2.8387 6.13358 10.7271 9.67634 9.76689 9.73129 9.51725 9.56615 9.58557 10.5491 15.6078 12.2967 10.6383 10.3739 10.2389 10.4759 12.1542 15.4987 18.4304 20.4847 21.5607 22.4896 22.3524 21.6399 20.3417 18.2319 15.0555 12.7577 8.87538 5.46237 5.46237 8.87538 12.7577 15.0555 10.1099 3.82277 1.53947 1.05965 1.05965 1.53947 3.82277 
8.06974 3.01633 1.36219 1.03616 1.03591 1.36072 3.01162 8.06765 15.3745 7.60851 2.9128 1.43487 1.43506 2.91426 7.55092 15.3069 24.6627 26.5923 27.8655 28.2573 28.2546 27.8608 26.5834 24.7109 25.2978 24.7182 24.2051 23.9593 23.9593 24.2051 24.7182 25.2978 26.1909 28.8375 29.9753 30.3193 30.5392 30.2156 29.0356 26.2639 19.9985 17.3435 10.9181 5.83293 5.83293 10.9181 17.3435 19.9985 13.8678 5.50083 1.9988 1.14943 1.14943 1.9988 5.50083 
10.507 3.87996 1.55765 1.06203 1.06155 1.55469 3.86704 10.4778 18.8239 9.86777 3.76357 1.71103 1.71011 3.7584 9.81381 18.8385 28.6338 30.8941 31.8194 32.062 32.0663 31.8258 30.8848 28.6917 27.786 26.9248 26.9892 27.4692 27.4692 26.9892 26.9248 27.786 29.6725 32.3992 33.3565 33.5846 33.5796 33.3575 32.4076 29.5752 21.5713 18.605 11.5353 5.97843 5.97843 11.5353 18.605 21.5713 14.5594 5.78241 2.10769 1.18251 1.18251 2.10769 5.78241 
11.4847 4.2241 1.63502 1.07172 1.07117 1.63174 4.21036 11.4567 20.5019 10.7241 4.04302 1.79498 1.79461 4.04132 10.6622 20.5099 30.8807 33.0179 33.8742 34.0895 34.0967 33.8872 33.0159 30.9492 29.8356 29.0705 29.2928 30.1082 30.1082 29.2928 29.0705 29.8356 31.0281 33.5254 34.4505 34.6499 34.6508 34.4581 33.5392 30.9099 22.2839 19.1526 11.8043 6.07928 6.07928 11.8043 19.1526 22.2839 15.0012 5.92022 2.13592 1.186 1.186 2.13592 5.92022 
11.6338 4.24768 1.63266 1.06952 1.06916 1.63042 4.23876 11.6186 20.9834 10.8479 4.06973 1.79274 1.79254 4.06937 10.8119 20.9945 31.633 33.5912 34.472 34.6504 34.6542 34.4779 33.5869 31.6922 31.4564 31.1165 31.3814 32.1721 32.1721 31.3814 31.1165 31.4564 31.3746 33.6619 34.6593 34.8651 34.8662 34.6675 33.6844 31.259 22.5129 19.2548 11.8111 6.05361 6.05361 11.8111 19.2548 22.5129 15.1578 5.82621 2.07172 1.15973 1.15973 2.07172 5.82621 
11.6186 4.23876 1.63042 1.06916 1.06916 1.63042 4.23876 11.6186 20.9945 10.8119 4.06937 1.79254 1.79274 4.06973 10.8119 20.9945 31.633 33.5912 34.472 34.6504 34.6504 34.472 33.5912 31.633 31.4566 31.117 31.3799 32.1747 32.1721 31.3814 31.1165 31.4564 31.259 33.6844 34.6686 34.8665 34.8651 34.6593 33.6619 31.3746 22.5919 19.2747 11.8226 6.05195 6.05361 11.8111 19.2548 22.5129 15.1578 5.82621 2.07172 1.15973 1.1583 2.06652 5.81027 
11.4567 4.21036 1.63174 1.07117 1.07117 1.63174 4.21036 11.4567 20.5099 10.6622 4.04132 1.79461 1.79498 4.04302 10.6622 20.5099 30.8807 33.0179 33.8742 34.0895 34.0895 33.8742 33.0179 30.8807 29.8355 29.0679 29.2895 30.1135 30.1082 29.2928 29.0705 29.8356 30.9099 33.5392 34.4606 34.6521 34.6499 34.4505 33.5254 31.0281 22.3722 19.194 11.8193 6.07949 6.07928 11.8043 19.1526 22.2839 15.0012 5.92022 2.13592 1.186 1.18359 2.12687 5.89271 
10.4778 3.86704 1.55469 1.06155 1.06155 1.55469 3.86704 10.4778 18.8385 9.81381 3.7584 1.71011 1.71103 3.76357 9.81381 18.8385 28.6338 30.8941 31.8194 32.062 32.062 31.8194 30.8941 28.6338 27.7847 26.9221 26.9862 27.4735 27.4692 26.9892 26.9248 27.786 29.5752 32.4076 33.3619 33.5802 33.5846 33.3565 32.3992 29.6725 21.6509 18.6469 11.5494 5.97745 5.97843 11.5353 18.605 21.5713 14.5594 5.78241 2.10769 1.18251 1.18011 2.09865 5.75443 
8.06765 3.01162 1.36072 1.03591 1.03591 1.36072 3.01162 8.06765 15.3069 7.55092 2.91426 1.43506 1.43487 2.9128 7.55092 15.3069 24.6627 26.5923 27.8655 28.2573 28.2573 27.8655 26.5923 24.6627 25.4306 24.8959 24.3921 24.1229 23.9593 24.2051 24.7182 25.2978 26.2639 29.0356 30.3046 30.6224 30.3193 29.9753 28.8375 26.1909 20.075 17.3692 10.9022 5.81568 5.83293 10.9181 17.3435 19.9985 13.8678 5.50083 1.9988 1.14943 1.14808 1.99368 5.48623 
6.237 2.13895 1.14208 1.00878 1.00878 1.14208 2.13895 6.237 14.3475 5.76732 2.03224 1.14149 1.14059 2.02442 5.76732 14.3475 27.9483 31.3137 32.6554 32.993 32.993 32.6554 31.3137 27.9483 32.3664 33.4759 33.5904 33.1875 33.2329 33.6238 33.5083 32.4047 29.408 32.4245 33.5956 33.9357 33.9573 33.6098 32.4253 29.3907 21.7791 18.0069 11.594 6.68064 6.70834 11.5894 17.9132 21.779 14.3926 5.79443 2.1306 1.1962 1.19818 2.13774 5.8164 
5.7334 1.91801 1.09749 1.00465 1.00465 1.09749 1.91801 5.7334 13.9944 5.29303 1.8293 1.09263 1.09268 1.82612 5.29303 13.9944 28.3427 32.1991 33.7834 34.1796 34.1796 33.7834 32.1991 28.3427 32.9666 34.036 34.1893 34.1197 34.1198 34.1897 34.0435 32.9928 30.5244 33.2175 34.2938 34.5405 34.5351 34.2827 33.1924 30.492 22.9575 18.7299 11.6948 6.49947 6.53562 11.6949 18.6 22.9584 14.843 5.82275 2.13456 1.19561 1.19831 2.14412 5.85078 
5.58611 1.86865 1.08938 1.0041 1.0041 1.08938 1.86865 5.58611 13.8103 5.1274 1.77467 1.0826 1.08279 1.77282 5.1274 13.8103 28.4917 32.5977 34.2642 34.6732 34.6732 34.2642 32.5977 28.4917 33.2651 34.2632 34.4777 34.5473 34.5477 34.479 34.2698 33.2916 30.9645 33.5832 34.5975 34.8293 34.8267 34.5894 33.5624 30.9331 23.4007 19.0176 11.7127 6.44103 6.47517 11.7123 18.8935 23.4011 15.1318 5.86373 2.13261 1.19236 1.19499 2.14192 5.89135 
5.56838 1.86654 1.0897 1.00428 1.00428 1.0897 1.86654 5.56838 13.7969 5.11661 1.77293 1.08298 1.08306 1.77158 5.11661 13.7969 28.5535 32.6969 34.3813 34.7897 34.7897 34.3813 32.6969 28.5535 33.4703 34.4361 34.6754 34.7734 34.7736 34.6762 34.4398 33.4858 31.1912 33.7434 34.6962 34.8998 34.8984 34.6917 33.7314 31.1728 23.6904 19.1958 11.6083 6.27522 6.29608 11.6045 19.1204 23.6925 15.4608 5.86582 2.09511 1.16876 1.17036 2.10085 5.8851 
5.57532 1.86924 1.09009 1.00431 1.00428 1.0897 1.86654 5.56838 13.6276 5.13751 1.77158 1.08306 1.08298 1.77293 5.11661 13.7969 28.5535 32.6969 34.3813 34.7897 34.788 34.3772 32.6859 28.65 33.4858 34.4398 34.6762 34.7736 34.7736 34.6762 34.4398 33.4858 31.1728 33.7314 34.6917 34.8984 34.8984 34.6917 33.7314 31.1728 23.6925 19.1958 11.6083 6.27522 6.27522 11.6083 19.1958 23.6904 15.4356 5.8851 2.10085 1.17036 1.16876 2.09511 5.86582 
5.59567 1.87191 1.08979 1.00413 1.0041 1.08938 1.86865 5.58611 13.6373 5.14819 1.77282 1.08279 1.0826 1.77467 5.1274 13.8103 28.4917 32.5977 34.2642 34.6732 34.6707 34.2584 32.5852 28.5903 33.2916 34.2698 34.479 34.5477 34.5477 34.479 34.2698 33.2916 30.9331 33.5624 34.5894 34.8267 34.8267 34.5894 33.5624 30.9331 23.4011 19.0176 11.7127 6.44103 6.44103 11.7127 19.0176 23.4007 15.1015 5.89135 2.14192 1.19499 1.19236 2.13261 5.86373 
5.74358 1.92153 1.09796 1.00469 1.00465 1.09749 1.91801 5.7334 13.8179 5.31012 1.82612 1.09268 1.09263 1.8293 5.29303 13.9944 28.3427 32.1991 33.7834 34.1796 34.1755 33.7761 32.1843 28.4344 32.9928 34.0435 34.1897 34.1198 34.1198 34.1897 34.0435 32.9928 30.492 33.1924 34.2827 34.5351 34.5351 34.2827 33.1924 30.492 22.9584 18.7299 11.6948 6.49947 6.49947 11.6948 18.7299 22.9575 14.8124 5.85078 2.14412 1.19831 1.19561 2.13456 5.82275 
6.24257 2.14044 1.14231 1.00882 1.00878 1.14208 2.13895 6.237 14.1763 5.78607 2.02442 1.14059 1.14149 2.03224 5.76732 14.3475 27.9483 31.3137 32.6554 32.993 33.0216 32.675 31.3265 28.0411 32.4047 33.5083 33.6238 33.2329 33.2329 33.6238 33.5083 32.4047 29.3907 32.4253 33.6098 33.9573 33.9573 33.6098 32.4253 29.3907 21.779 18.0069 11.594 6.68064 6.68064 11.594 18.0069 21.7791 14.3721 5.8164 2.13774 1.19818 1.1962 2.1306 5.79443 
5.37778 1.80549 1.07721 1.00339 1.00339 1.07721 1.80549 5.37778 13.2064 5.03216 1.78554 1.09457 1.09457 1.78554 5.03216 13.2064 28.0794 31.7926 33.7108 34.2289 34.2289 33.7108 31.7926 28.0794 31.6309 33.485 33.8422 33.522 33.495 33.8311 33.4646 31.6121 27.6318 31.9246 33.3496 33.8278 33.8278 33.3496 31.9246 27.6318 17.5786 15.0128 12.5472 9.65851 9.65851 12.5472 15.0128 17.7082 12.0826 6.4929 2.63835 1.44271 1.43437 2.61232 6.4469 
5.25803 1.77026 1.07324 1.00312 1.00312 1.07324 1.77026 5.25803 13.1617 4.9273 1.75877 1.09192 1.09192 1.75877 4.9273 13.1617 28.6521 32.3202 34.1483 34.6336 34.6336 34.1483 32.3202 28.6521 32.263 33.8338 34.2013 34.1759 34.1764 34.199 33.8269 32.2712 28.3061 32.899 34.2629 34.5893 34.5893 34.2629 32.899 28.3061 16.969 14.8503 13.2042 11.3423 11.3423 13.2042 14.8503 17.1416 11.7556 6.83676 2.90211 1.53696 1.52578 2.86671 6.79078 
5.22994 1.7566 1.0709 1.00306 1.00306 1.0709 1.7566 5.22994 13.202 4.92086 1.75486 1.09149 1.09149 1.75486 4.92086 13.202 28.8998 32.5303 34.2948 34.7583 34.7583 34.2948 32.5303 28.8998 32.6527 34.0797 34.4646 34.5718 34.571 34.4623 34.074 32.6624 28.7845 33.2431 34.5323 34.8306 34.8306 34.5323 33.2431 28.7845 17.5599 15.0808 13.2972 11.1113 11.1113 13.2972 15.0808 17.7168 11.9728 6.75266 2.82845 1.51085 1.50042 2.79534 6.70706 
5.1864 1.73389 1.0662 1.00272 1.00272 1.0662 1.73389 5.1864 13.2427 4.90763 1.73247 1.08381 1.08381 1.73247 4.90763 13.2427 28.9703 32.6032 34.3351 34.779 34.779 34.3351 32.6032 28.9703 32.9121 34.278 34.6536 34.7818 34.7814 34.6524 34.2749 32.9193 29.2633 33.3823 34.6042 34.8801 34.8801 34.6042 33.3823 29.2633 18.8394 15.6555 12.9264 9.86389 9.86389 12.9264 15.6555 18.9992 12.4524 6.25649 2.50653 1.38107 1.37558 2.49154 6.22604 
5.18071 1.73204 1.06589 1.00269 1.00272 1.0662 1.73389 5.1864 13.2427 4.90763 1.73247 1.08381 1.08231 1.72774 4.89242 13.3282 28.9716 32.6032 34.3309 34.7764 34.779 34.3351 32.6032 28.9703 32.9193 34.2749 34.6524 34.7814 34.7814 34.6524 34.2749 32.9193 29.281 33.3837 34.6107 34.882 34.8786 34.6005 33.3823 29.2633 18.9992 15.6555 12.9264 9.86389 9.92671 12.9423 15.5782 18.8183 12.4524 6.25649 2.50653 1.38107 1.38107 2.50653 6.25649 
5.21901 1.75338 1.07035 1.003 1.00306 1.0709 1.7566 5.22994 13.202 4.92086 1.75486 1.09149 1.08935 1.74696 4.8963 13.2788 28.9035 32.5293 34.2858 34.7537 34.7583 34.2948 32.5303 28.8998 32.6624 34.074 34.4623 34.571 34.571 34.4623 34.074 32.6624 28.8132 33.2446 34.5406 34.8327 34.8286 34.526 33.2431 28.7845 17.7168 15.0808 13.2972 11.1113 11.2199 13.3207 14.9538 17.5053 11.9728 6.75266 2.82845 1.51085 1.51085 2.82845 6.75266 
5.2467 1.767 1.07269 1.00306 1.00312 1.07324 1.77026 5.25803 13.1617 4.9273 1.75877 1.09192 1.08976 1.75075 4.90182 13.2354 28.6598 32.3211 34.1382 34.6287 34.6336 34.1483 32.3202 28.6521 32.2712 33.8269 34.199 34.1764 34.1764 34.199 33.8269 32.2712 28.337 32.9006 34.2753 34.5915 34.5888 34.2537 32.899 28.3061 17.1416 14.8503 13.2042 11.3423 11.4546 13.2247 14.7284 16.903 11.7556 6.83676 2.90211 1.53696 1.53696 2.90211 6.83676 
5.36414 1.80233 1.07673 1.00335 1.00339 1.07721 1.80549 5.37778 13.2064 5.03216 1.78554 1.09457 1.09274 1.77865 5.00964 13.2821 28.0696 31.7857 33.7001 34.2259 34.2289 33.7108 31.7926 28.0794 31.6121 33.4646 33.8311 33.495 33.495 33.8311 33.4646 31.6121 27.6438 31.9255 33.4103 33.8595 33.7946 33.2907 31.9246 27.6318 17.7082 15.0128 12.5472 9.65851 9.75271 12.5638 14.8543 17.5165 12.0826 6.4929 2.63835 1.44271 1.44271 2.63835 6.4929 
5.31888 1.89085 1.09817 1.00569 1.00569 1.09819 1.89263 5.33684 12.563 5.14143 1.84453 1.1058 1.10557 1.84316 5.1268 12.6344 26.1422 30.5041 32.8755 33.5926 33.5673 32.875 30.4903 26.0986 26.0148 26.8932 27.0359 26.9598 26.9598 26.8571 26.8932 26.0148 23.0348 27.0368 29.9995 31.1623 31.0861 29.9078 26.9711 22.8545 17.7026 15.3186 10.309 6.20849 6.26629 10.3768 15.3027 17.6831 11.5149 4.76358 1.90437 1.1636 1.16677 1.91565 4.80026 
4.83876 1.68997 1.06069 1.00241 1.00241 1.06069 1.68908 4.85116 12.0532 4.66026 1.65077 1.06392 1.0636 1.64825 4.6404 12.1244 26.5569 31.1049 33.5353 34.2722 34.2917 33.5801 31.1261 26.5974 28.5086 28.8058 29.1233 29.6006 29.6006 29.1267 28.8058 28.5086 26.5929 30.0809 32.3491 33.2876 33.2931 32.3639 30.0318 26.4431 19.8583 16.762 11.1771 6.49949 6.53222 11.2021 16.6861 19.7488 12.7732 5.08253 1.96365 1.16272 1.16495 1.971 5.10325 
4.59994 1.6064 1.04868 1.00165 1.00165 1.04868 1.6056 4.61262 11.8815 4.46329 1.58672 1.05314 1.05287 1.58401 4.44298 11.9544 26.8525 31.52 33.8745 34.5796 34.5954 33.9134 31.5356 26.9194 29.9192 30.0927 30.4907 31.1767 31.1767 30.4933 30.0927 29.9192 28.6205 31.8931 33.6603 34.2839 34.2887 33.6719 31.8411 28.4675 21.2092 17.8462 11.5904 6.59163 6.62367 11.6186 17.7773 21.1032 13.7537 5.3872 2.01791 1.16677 1.16892 2.02496 5.40729 
4.54256 1.5832 1.04663 1.00157 1.00157 1.04663 1.58227 4.55116 11.8577 4.4059 1.56979 1.05123 1.05098 1.56758 4.38937 11.9354 27.0324 31.7415 34.0256 34.6525 34.6635 34.0486 31.7464 27.1119 31.0947 31.31 31.7746 32.6055 32.6055 31.7759 31.31 31.0947 29.5069 32.725 34.2258 34.6742 34.6761 34.2328 32.707 29.3861 21.7059 18.3957 11.6537 6.39155 6.40865 11.6721 18.3581 21.62 14.3543 5.4639 1.98683 1.14592 1.14722 1.99089 5.47769 
4.55116 1.58227 1.04663 1.00157 1.00157 1.04663 1.58227 4.55116 11.8577 4.4059 1.56758 1.05098 1.05098 1.56758 4.4059 11.8577 27.1119 31.7464 34.0256 34.6525 34.6525 34.0256 31.7415 27.0324 31.1015 31.3143 31.7759 32.604 32.6055 31.7746 31.31 31.0947 29.3861 32.707 34.2328 34.6761 34.6761 34.2328 32.707 29.3861 21.62 18.3581 11.6721 6.40865 6.39155 11.6537 18.3957 21.7059 14.3543 5.4639 1.99089 1.14722 1.14592 1.98683 5.4639 
4.61262 1.6056 1.04868 1.00165 1.00165 1.04868 1.6056 4.61262 11.8815 4.46329 1.58401 1.05287 1.05287 1.58401 4.46329 11.8815 26.9194 31.5356 33.8745 34.5796 34.5796 33.8745 31.52 26.8525 29.9334 30.1 30.4933 31.1755 31.1767 30.4907 30.0927 29.9192 28.4675 31.8411 33.6719 34.2887 34.2887 33.6719 31.8411 28.4675 21.1032 17.7773 11.6186 6.62367 6.59163 11.5904 17.8462 21.2092 13.7537 5.3872 2.02496 1.16892 1.16677 2.01791 5.3872 
4.85116 1.68908 1.06069 1.00241 1.00241 1.06069 1.68908 4.85116 12.0532 4.66026 1.64825 1.0636 1.0636 1.64825 4.66026 12.0532 26.5974 31.1261 33.5353 34.2722 34.2722 33.5353 31.1049 26.5569 28.5264 28.8131 29.1267 29.5999 29.6006 29.1233 28.8058 28.5086 26.4431 30.0318 32.3639 33.2931 33.2931 32.3639 30.0318 26.4431 19.7488 16.6861 11.2021 6.53222 6.49949 11.1771 16.762 19.8583 12.7732 5.08253 1.971 1.16495 1.16272 1.96365 5.08253 
5.33684 1.89263 1.09819 1.00569 1.00569 1.09819 1.89263 5.33684 12.563 5.14143 1.84316 1.10557 1.10557 1.84316 5.14143 12.563 26.0986 30.4903 32.8755 33.5926 33.5926 32.8755 30.5041 26.1422 25.8936 26.7181 26.8571 26.8034 26.9598 27.0359 26.8932 26.0148 22.8545 26.9711 29.9078 31.0861 31.0861 29.9078 26.9711 22.8545 17.6831 15.3027 10.3768 6.26629 6.20849 10.309 15.3186 17.7026 11.5149 4.76358 1.91565 1.16677 1.1636 1.90437 4.76358 
7.14291 2.70888 1.28983 1.02625 1.02625 1.28983 2.70888 7.14291 13.2683 6.88239 2.70607 1.36503 1.36438 2.7023 6.8173 13.2701 21.3146 27.0477 29.4374 30.0767 30.1721 29.5346 26.9549 21.2617 11.8927 11.6547 12.0701 12.0988 11.9415 11.8837 11.4681 11.7408 12.435 18.177 23.7391 25.9494 25.9494 23.7391 18.177 12.435 8.56193 7.43094 4.2648 2.21001 2.20216 4.25532 7.53022 8.68339 5.49324 2.19224 1.18412 1.01727 1.01727 1.18412 2.19224 
9.29827 3.46615 1.45089 1.04402 1.04402 1.45089 3.46615 9.29827 16.0504 9.12596 3.53698 1.6096 1.60801 3.52947 9.03746 16.0477 22.1014 29.2862 31.9776 32.7555 32.7461 31.9575 29.2938 22.1589 7.42618 7.80768 7.90629 7.33191 7.33271 7.90688 7.80659 7.42595 8.20088 15.8753 23.8442 27.3074 27.3074 23.8442 15.8753 8.20088 3.731 2.97658 1.76078 1.16826 1.17009 1.75966 2.97841 3.75145 2.54696 1.32652 1.03733 1.0023 1.0023 1.03733 1.32652 
10.1052 3.75208 1.51292 1.05067 1.05067 1.51292 3.75208 10.1052 17.1636 9.96343 3.77792 1.67204 1.6704 3.77162 9.90546 17.1661 22.0775 29.9999 33.1411 33.9935 33.9856 33.121 30.0128 22.1598 4.40058 5.09496 5.05509 4.05386 4.05351 5.05555 5.09446 4.39946 5.87445 14.24 23.8524 28.1713 28.1713 23.8524 14.24 5.87445 1.89492 1.38234 1.08835 1.01097 1.01107 1.08803 1.38191 1.91095 1.36059 1.05534 1.00422 1.00003 1.00003 1.00422 1.05534 
10.2589 3.79482 1.52152 1.05132 1.05132 1.52152 3.79482 10.2589 17.3682 10.0847 3.79304 1.67443 1.67284 3.78813 10.048 17.4044 22.0545 30.1931 33.4964 34.3185 34.313 33.4856 30.1904 22.1573 2.85921 3.00422 2.95641 2.28471 2.28455 2.95672 3.00432 2.85762 5.04673 13.4634 23.7954 28.5135 28.5135 23.7954 13.4634 5.04673 1.55068 1.08992 1.0088 1.00032 1.00031 1.00902 1.09121 1.56113 1.10688 1.01006 1.00037 0.999873 0.999873 1.00037 1.01006 
10.2689 3.79471 1.52166 1.05141 1.05132 1.52152 3.79482 10.2589 17.4044 10.048 3.78813 1.67284 1.67284 3.78813 10.048 17.4044 22.1497 30.2009 33.4964 34.3185 34.3185 33.4964 30.2009 22.1497 2.85762 3.00432 2.95672 2.28455 2.28455 2.95672 3.00432 2.85762 5.02702 13.4398 23.8109 28.5208 28.5135 23.7954 13.4634 5.04673 1.56113 1.09121 1.00902 1.00031 1.00033 1.00899 1.09049 1.55068 1.10688 1.01006 1.00037 0.999873 0.999873 1.00037 1.01005 
10.1212 3.7526 1.51325 1.05082 1.05067 1.51292 3.75208 10.1052 17.1661 9.90546 3.77162 1.6704 1.6704 3.77162 9.90546 17.1661 22.1374 30.0444 33.1411 33.9935 33.9935 33.1411 30.0444 22.1374 4.39946 5.09446 5.05555 4.05351 4.05351 5.05555 5.09446 4.39946 5.83706 14.1951 23.8841 28.1855 28.1713 23.8524 14.24 5.87445 1.91095 1.38191 1.08803 1.01107 1.01102 1.0881 1.38025 1.89492 1.36059 1.05534 1.00422 1.00003 1.00003 1.00422 1.0554 
9.31658 3.46767 1.45133 1.04418 1.04402 1.45089 3.46615 9.29827 16.0477 9.03746 3.52947 1.60801 1.60801 3.52947 9.03746 16.0477 22.1458 29.3219 31.9776 32.7555 32.7555 31.9776 29.3219 22.1458 7.42595 7.80659 7.90688 7.33271 7.33271 7.90688 7.80659 7.42595 8.16343 15.8411 23.8746 27.3216 27.3074 23.8442 15.8753 8.20088 3.75145 2.97841 1.75966 1.17009 1.1692 1.76239 2.96873 3.731 2.54696 1.32652 1.03733 1.0023 1.00232 1.03755 1.32761 
7.14013 2.70795 1.29002 1.02636 1.02625 1.28983 2.70888 7.14291 13.2701 6.8173 2.7023 1.36438 1.36438 2.7023 6.8173 13.2701 21.1778 26.8597 29.4374 30.0767 30.0767 29.4374 26.8597 21.1778 11.7408 11.4681 11.8837 11.9415 11.9415 11.8837 11.4681 11.7408 12.1622 17.8717 23.5398 25.8515 25.9494 23.7391 18.177 12.435 8.68339 7.53022 4.25532 2.20216 2.20507 4.24738 7.35816 8.56193 5.49324 2.19224 1.18412 1.01727 1.01729 1.18341 2.18353 
2.37352 1.26672 1.03105 1.00178 1.00176 1.03067 1.2635 2.35605 4.83779 2.41447 1.27297 1.03211 1.03211 1.27297 2.41447 4.83779 10.5195 13.8749 14.9756 15.2187 15.2187 14.9756 13.8749 10.5195 3.51295 2.93029 2.88667 3.07902 3.07962 2.88732 2.93029 3.51297 5.11309 8.7092 11.8564 13.656 13.6453 11.8733 8.66048 5.08725 2.47018 2.09769 1.4192 1.13212 1.13436 1.43506 2.12988 2.50474 1.42969 1.03659 0.999955 0.999731 0.999732 0.999957 1.03663 
1.3717 1.06286 1.00597 1.00012 1.00012 1.00602 1.06314 1.37175 2.12414 1.31842 1.0419 1.00311 1.00311 1.0419 1.31842 2.12414 4.61207 6.16836 6.29703 6.15036 6.15036 6.29703 6.16836 4.61207 1.5018 1.29947 1.27657 1.35937 1.35945 1.27667 1.29947 1.50183 1.92994 3.5133 5.30716 5.96362 5.93574 5.27223 3.51007 1.92655 1.22724 1.15978 1.04527 1.00749 1.00748 1.04526 1.1585 1.22731 1.06 1.00284 0.999728 0.999861 0.999861 0.999728 1.00284 
1.05613 1.00779 1.00051 0.999928 0.999928 1.00051 1.00782 1.05618 1.16797 1.0327 1.00259 0.999884 0.999884 1.00259 1.0327 1.16797 1.9368 2.44393 2.40034 2.28627 2.28627 2.40034 2.44393 1.9368 1.055 1.02568 1.02364 1.03618 1.03618 1.02364 1.02568 1.055 1.11148 1.52627 2.17814 2.32725 2.31514 2.16269 1.52487 1.11106 1.01899 1.01109 1.00199 1.00002 1.00002 1.00198 1.01104 1.01913 1.00542 1.00021 0.99996 0.999996 0.999996 0.99996 1.00021 
1.00575 1.0006 0.9999 0.999982 0.999981 0.999901 1.0006 1.00576 1.01486 1.00156 0.999876 0.999945 0.999945 0.999876 1.00156 1.01486 1.19283 1.33446 1.30365 1.24687 1.24687 1.30365 1.33446 1.19283 1.00521 1.00247 1.00249 1.00332 1.00332 1.00249 1.00247 1.00521 1.00848 1.08582 1.27194 1.28479 1.28115 1.26731 1.08562 1.00843 1.00093 1.00006 0.999927 0.99994 0.99994 0.999927 1.00006 1.00095 1.00048 0.999968 0.999994 1 1 0.999994 0.999968 
1.00576 1.0006 0.999901 0.999981 0.999981 0.999901 1.0006 1.00576 1.01418 1.00161 0.999882 0.999945 0.999945 0.999876 1.00156 1.01486 1.19283 1.33446 1.30365 1.24687 1.24683 1.30372 1.33454 1.19282 1.00521 1.00247 1.00249 1.00332 1.00332 1.00249 1.00247 1.00521 1.00852 1.08709 1.27209 1.28487 1.28123 1.26745 1.08544 1.00839 1.00095 1.00006 0.999927 0.99994 0.99994 0.999927 1.00006 1.00095 1.00048 0.999968 0.999994 1 1 0.999994 0.999968 
1.05618 1.00782 1.00051 0.999928 0.999928 1.00051 1.00782 1.05618 1.16242 1.03281 1.00262 0.99989 0.999884 1.00259 1.0327 1.16797 1.9368 2.44393 2.40034 2.28627 2.28609 2.40076 2.44453 1.93686 1.055 1.02568 1.02364 1.03618 1.03618 1.02364 1.02568 1.055 1.11134 1.53074 2.17936 2.32781 2.31579 2.16392 1.52353 1.11068 1.01913 1.01104 1.00198 1.00002 1.00002 1.00198 1.01104 1.01913 1.00542 1.00021 0.99996 0.999996 0.999996 0.99996 1.00021 
1.37175 1.06314 1.00602 1.00012 1.00012 1.00602 1.06314 1.37175 2.09587 1.3166 1.04202 1.00317 1.00311 1.0419 1.31842 2.12414 4.61207 6.16836 6.29703 6.15036 6.1586 6.30522 6.17813 4.61761 1.50183 1.29738 1.27667 1.35945 1.35937 1.27657 1.29947 1.5018 1.92287 3.52604 5.32249 5.97859 5.951 5.28849 3.51061 1.92511 1.22731 1.1585 1.04526 1.00744 1.00744 1.04526 1.1585 1.22731 1.06 1.00284 0.999728 0.999861 0.999861 0.999728 1.00284 
2.35605 1.2635 1.03067 1.00176 1.00176 1.03067 1.2635 2.35605 4.64505 2.3688 1.26312 1.03083 1.03211 1.27297 2.41447 4.83779 10.5195 13.8749 14.9756 15.2187 15.1049 14.8566 13.768 10.4405 3.51297 2.9085 2.88732 3.07962 3.07902 2.88667 2.93029 3.51295 5.0146 8.56079 11.7905 13.5706 13.5686 11.7897 8.55735 5.02022 2.50474 2.12988 1.43506 1.13216 1.13216 1.43506 2.12988 2.50474 1.42969 1.03659 0.999955 0.999731 0.999731 0.999955 1.03659 
1.24657 1.02838 1.00216 1.00009 1.00009 1.00216 1.02838 1.24657 2.08531 1.31987 1.04803 1.00462 1.00462 1.04803 1.31987 2.08531 3.84407 4.97412 5.44612 5.71335 5.71335 5.44612 4.97412 3.84407 1.45622 1.5732 1.55438 1.39991 1.39991 1.55438 1.5732 1.45622 1.90138 3.19499 4.86863 5.64904 5.65038 4.86986 3.19554 1.90197 1.19386 1.19061 1.05203 1.0087 1.0087 1.05203 1.19061 1.19386 1.03497 1.00285 1.00015 1.00009 1.00009 1.00015 1.00285 
1.02919 1.00276 1.00016 0.999956 0.999956 1.00016 1.00276 1.02919 1.15651 1.03328 1.00361 1.00011 1.00011 1.00361 1.03328 1.15651 1.8327 2.27519 2.38846 2.36723 2.36723 2.38846 2.27519 1.8327 1.05186 1.09184 1.08798 1.04872 1.04872 1.08798 1.09184 1.05186 1.10364 1.32553 1.71293 1.91436 1.91444 1.71299 1.32548 1.10322 1.01153 1.01623 1.00298 1.00017 1.00017 1.00298 1.01623 1.01153 1.00114 0.999975 0.999985 1 1 0.999985 0.999975 
1.00183 1.00015 0.99997 0.999994 0.999994 0.99997 1.00015 1.00183 1.01232 1.00171 1.00003 0.999924 0.999924 1.00003 1.00171 1.01232 1.14611 1.24369 1.27325 1.25632 1.25632 1.27325 1.24369 1.14611 1.00322 1.00769 1.00737 1.00306 1.00306 1.00737 1.00769 1.00322 1.00668 1.02433 1.07111 1.09479 1.09477 1.07109 1.02432 1.00661 1.00005 1.00058 1.00003 0.999932 0.999932 1.00003 1.00058 1.00005 1.00004 0.999967 1 1 1 1 0.999967 
1.00012 0.999963 0.999994 1 1 0.999994 0.999963 1.00012 1.00036 0.999826 0.999952 0.999996 0.999996 0.999952 0.999826 1.00036 1.0166 1.03087 1.03578 1.03145 1.03145 1.03578 1.03087 1.0166 1.00018 1.00027 1.00034 1.0001 1.0001 1.00034 1.00027 1.00018 1.00021 1.00047 1.00294 1.00426 1.00426 1.00294 1.00047 1.0002 0.999992 0.999847 0.999968 0.999995 0.999995 0.999968 0.999847 0.999992 1.00011 1 1 1 1 1 1 
0 0 0 0 1 0.999994 0.999963 1.00012 1.00036 0.999826 0.999952 0.999996 0.999996 0.999952 0.999824 1.00037 1.0166 1.03087 1.03578 1.03145 1.03091 1.03509 1.03025 1.01628 1.00019 1.00025 1.00033 1.00009 1.0001 1.00034 1.00027 1.00018 1.0002 1.00047 1.00294 1.00426 1.00426 1.00294 1.00047 1.00021 0.999993 0.999845 0.999968 0.999995 0.999995 0.999968 0.999847 0.999992 1.00011 1 1 1 0 0 0 
0 0 0 0 0.999994 0.99997 1.00015 1.00183 1.01232 1.00171 1.00003 0.999924 0.999924 1.00003 1.00169 1.01247 1.14611 1.24369 1.27325 1.25632 1.25311 1.26901 1.2397 1.14388 1.00333 1.00752 1.0072 1.00299 1.00306 1.00737 1.00769 1.00322 1.00661 1.02432 1.07109 1.09477 1.09479 1.07111 1.02433 1.00668 1.00005 1.00056 1.00002 0.999932 0.999932 1.00003 1.00058 1.00005 1.00004 0.999967 1 1 0 0 0 
0 0 0 0 0.999956 1.00016 1.00276 1.02919 1.15651 1.03328 1.00361 1.00011 1.00011 1.0036 1.03311 1.15721 1.8327 2.27519 2.38846 2.36723 2.3565 2.37544 2.26361 1.82571 1.05247 1.09045 1.08658 1.04807 1.04872 1.08798 1.09184 1.05186 1.10322 1.32548 1.71299 1.91444 1.91436 1.71293 1.32553 1.10364 1.0116 1.01602 1.00295 1.00017 1.00017 1.00298 1.01623 1.01153 1.00114 0.999975 0.999985 1 0 0 0 
