0 0 0 0 1.00006 1.00032 1.00343 1.02874 1.19161 1.04383 1.0062 1.00067 1.00067 1.0062 1.04383 1.19154 2.05575 1.64668 1.52428 1.49969 1.49955 1.52414 1.64498 2.0618 3.48901 2.31344 1.72045 1.76166 1.76033 1.7229 2.31102 3.4851 3.58943 4.00333 4.42886 4.80019 4.77957 4.38903 3.9544 3.55347 3.08833 2.5604 1.69039 1.19949 1.19951 1.69043 2.56033 3.08823 1.98816 1.17558 1.02006 1.00198 0 0 0 
0 0 0 0 0.999988 0.999976 1.00021 1.00223 1.01519 1.0027 1.00016 0.99991 0.99991 1.00016 1.0027 1.01519 1.15543 1.07251 1.04932 1.04569 1.04568 1.04931 1.07227 1.15723 1.66891 1.26876 1.118 1.12335 1.12238 1.11729 1.26607 1.66301 1.88706 2.17473 2.32582 2.28927 2.29756 2.3357 2.18181 1.89125 1.41458 1.29522 1.10115 1.01817 1.01817 1.10115 1.29522 1.41458 1.20681 1.03699 1.0037 1.00025 0 0 0 
0 0 0 0 1 0.999993 0.999969 1.0002 1.00038 0.999833 0.999909 0.999977 0.999977 0.999909 0.999833 1.00038 1.01391 1.00444 1.00214 1.00189 1.00189 1.00214 1.00442 1.01424 1.13718 1.04542 1.01463 1.01506 1.0149 1.01447 1.04482 1.13553 1.19155 1.29235 1.34421 1.30326 1.30634 1.34869 1.296 1.19353 1.04795 1.03132 1.00841 1.00073 1.00073 1.00841 1.03132 1.04795 1.02338 1.00346 1.00028 0.999943 0 0 0 
0 0 0 0 1 1 0.999989 1.00008 0.999916 0.999832 0.999989 1 1 0.999989 0.999832 0.999916 1.00072 0.999875 0.999892 0.999897 0.999897 0.999892 0.999873 1.00075 1.01842 1.0054 1.00166 1.00138 1.00135 1.00163 1.00531 1.01814 1.03064 1.05469 1.06709 1.05166 1.05233 1.06809 1.0555 1.03105 1.00302 1.00145 1.00011 0.999886 0.999886 1.00011 1.00145 1.00302 1.00187 1.00021 0.999948 0.999983 0 0 0 
1.00008 0.999989 1 1 1 1 0.999989 1.00008 0.999916 0.999832 0.999989 1 1 0.999989 0.999832 0.999916 1.00075 0.999873 0.999892 0.999897 0.999897 0.999892 0.999875 1.00072 1.01842 1.0054 1.00166 1.00138 1.00138 1.00166 1.0054 1.01842 1.03105 1.0555 1.06809 1.05233 1.05233 1.06809 1.0555 1.03105 1.00302 1.00145 1.00011 0.999886 0.999886 1.00011 1.00145 1.00302 1.00187 1.00021 0.999948 0.999983 0.999983 0.999948 1.00021 
1.0002 0.999969 0.999993 1 1 0.999993 0.999969 1.0002 1.00038 0.999833 0.999909 0.999977 0.999977 0.999909 0.999833 1.00038 1.01424 1.00442 1.00214 1.00189 1.00189 1.00214 1.00444 1.01391 1.13718 1.04542 1.01463 1.01506 1.01506 1.01463 1.04542 1.13718 1.19353 1.296 1.34869 1.30634 1.30634 1.34869 1.296 1.19353 1.04795 1.03132 1.00841 1.00073 1.00073 1.00841 1.03132 1.04795 1.02338 1.00346 1.00028 0.999943 0.999943 1.00028 1.00346 
1.00223 1.00021 0.999976 0.999988 0.999988 0.999976 1.00021 1.00223 1.01519 1.0027 1.00016 0.99991 0.99991 1.00016 1.0027 1.01519 1.15723 1.07227 1.04931 1.04568 1.04569 1.04932 1.07251 1.15543 1.66891 1.26876 1.118 1.12335 1.12335 1.118 1.26876 1.66891 1.89125 2.18181 2.3357 2.29756 2.29756 2.3357 2.18181 1.89125 1.41458 1.29522 1.10115 1.01817 1.01817 1.10115 1.29522 1.41458 1.20681 1.03699 1.0037 1.00025 1.00025 1.0037 1.03699 
1.02874 1.00343 1.00032 1.00006 1.00006 1.00032 1.00343 1.02874 1.19161 1.04383 1.0062 1.00067 1.00067 1.0062 1.04383 1.19161 2.0618 1.64498 1.52414 1.49955 1.49969 1.52428 1.64668 2.05575 3.48901 2.31344 1.72045 1.76166 1.76166 1.72045 2.31344 3.48901 3.55347 3.9544 4.38903 4.77957 4.77957 4.38903 3.9544 3.55347 3.08823 2.56033 1.69039 1.19949 1.19949 1.69039 2.5604 3.08833 1.98816 1.17558 1.02006 1.00198 1.00198 1.02006 1.17558 
1.30783 1.03905 1.0026 0.999945 0.999941 1.0026 1.03942 1.31147 2.13413 1.32317 1.04742 1.00548 1.0054 1.04682 1.31564 2.14153 4.7121 3.68246 3.38093 3.33992 3.38428 3.42416 3.73354 4.78022 7.9123 6.05277 4.5035 4.31887 4.26877 4.42873 5.9826 7.88009 9.17799 10.1927 10.8682 11.2538 11.308 10.9252 10.2515 9.2395 7.0282 5.41412 3.67265 2.31155 2.31196 3.6734 5.41463 7.01499 4.52657 2.03938 1.19589 1.02235 1.02229 1.1952 2.03411 
1.06002 1.00648 1.00023 0.999793 0.999792 1.00023 1.00646 1.05997 1.22235 1.04855 1.006 1.00019 1.00018 1.00591 1.04762 1.22489 2.0563 1.60947 1.52602 1.50618 1.50658 1.52617 1.60754 2.04794 3.65162 2.87244 2.0356 1.90986 1.91102 2.03338 2.87604 3.66556 4.51394 5.18927 5.12117 4.99576 4.99039 5.11399 5.18267 4.51025 3.17808 2.58746 1.73489 1.24567 1.24605 1.73678 2.59196 3.1753 2.51857 1.43678 1.06229 1.00502 1.00506 1.06261 1.43856 
1.00702 1.00063 0.999928 0.999975 0.999975 0.999927 1.00063 1.00702 1.02247 1.00356 1.00013 0.999887 0.999886 1.00012 1.00343 1.02254 1.16526 1.06677 1.05197 1.04923 1.0495 1.05224 1.06668 1.16339 1.71944 1.39595 1.15987 1.13477 1.1356 1.16014 1.39815 1.72471 2.10747 2.42008 2.24247 2.09855 2.09865 2.24134 2.41968 2.10708 1.49393 1.34824 1.11863 1.02399 1.02409 1.1193 1.35028 1.49323 1.40811 1.10553 1.01056 1.0004 1.0004 1.0106 1.10582 
1.00072 0.999944 0.999967 0.999999 0.999999 0.999967 0.999944 1.00072 1.00117 0.999836 0.999906 0.999993 0.999993 0.999906 0.999817 1.00117 1.01707 1.00377 1.00251 1.00238 1.00241 1.00253 1.00377 1.01683 1.16025 1.06838 1.02065 1.01769 1.01787 1.02082 1.06903 1.16171 1.31316 1.43487 1.33417 1.24792 1.24797 1.33397 1.43488 1.31301 1.07798 1.0543 1.01254 1.00093 1.00094 1.01268 1.05483 1.07781 1.0839 1.01718 1.00102 0.999853 0.999853 1.00102 1.0172 
1.00072 0.999944 0.999967 0.999999 0.999999 0.999967 0.999944 1.00072 1.00117 0.999836 0.999906 0.999993 0.999993 0.999906 0.999836 1.00117 1.01683 1.00377 1.00253 1.00241 1.00241 1.00253 1.00377 1.01683 1.16171 1.06903 1.02082 1.01787 1.01787 1.02082 1.06903 1.16171 1.31301 1.43488 1.33397 1.24797 1.24797 1.33397 1.43488 1.31301 1.07781 1.05483 1.01268 1.00094 1.00093 1.01254 1.0543 1.07798 1.0839 1.01718 1.00102 0.999853 0.999853 1.00102 1.01718 
1.00702 1.00063 0.999927 0.999975 0.999975 0.999928 1.00063 1.00702 1.02247 1.00356 1.00013 0.999887 0.999887 1.00013 1.00356 1.02247 1.16339 1.06668 1.05224 1.0495 1.0495 1.05224 1.06668 1.16339 1.72471 1.39815 1.16014 1.1356 1.1356 1.16014 1.39815 1.72471 2.10708 2.41968 2.24134 2.09865 2.09865 2.24134 2.41968 2.10708 1.49323 1.35028 1.1193 1.02409 1.02399 1.11863 1.34824 1.49393 1.40811 1.10553 1.01056 1.0004 1.0004 1.01056 1.10553 
1.05997 1.00646 1.00023 0.999792 0.999793 1.00023 1.00646 1.05997 1.22235 1.04855 1.006 1.00019 1.00019 1.006 1.04855 1.22235 2.04794 1.60754 1.52617 1.50658 1.50658 1.52617 1.60754 2.04794 3.66556 2.87604 2.03338 1.91102 1.91102 2.03338 2.87604 3.66556 4.51025 5.18267 5.11399 4.99039 4.99039 5.11399 5.18267 4.51025 3.1753 2.59196 1.73678 1.24605 1.24567 1.73489 2.58746 3.17808 2.51857 1.43678 1.06229 1.00502 1.00502 1.06229 1.43678 
1.31147 1.03942 1.0026 0.999941 0.999945 1.0026 1.03942 1.31147 2.13413 1.32317 1.04742 1.00548 1.00548 1.04742 1.32317 2.13413 4.78022 3.73354 3.42416 3.38428 3.38428 3.42416 3.73354 4.78022 7.88009 5.9826 4.42873 4.26877 4.26877 4.42873 5.9826 7.88009 9.2395 10.2515 10.9252 11.308 11.308 10.9252 10.2515 9.2395 7.01499 5.41463 3.6734 2.31196 2.31155 3.67265 5.41412 7.0282 4.52657 2.03938 1.19589 1.02235 1.02235 1.19589 2.03938 
3.4256 1.67737 1.11553 1.01102 1.01102 1.11553 1.67737 3.4256 5.83823 3.09963 1.52513 1.09571 1.09571 1.52513 3.09963 5.83823 11.463 10.5297 10.0301 10.0241 10.0241 10.0301 10.5297 11.463 16.0402 13.3667 11.6662 11.1147 11.24 11.8198 13.372 16.0431 16.8955 18.045 19.6425 20.8988 20.8988 19.6425 18.045 16.8955 13.5603 11.0664 8.83706 6.86567 6.87294 8.85336 11.0884 13.6047 9.74516 4.30066 1.80301 1.13713 1.13713 1.80301 4.30066 
1.93901 1.21522 1.02707 1.00177 1.00177 1.02707 1.21522 1.93901 3.3609 1.76947 1.1297 1.01493 1.01493 1.1297 1.76947 3.3609 7.85302 5.20996 4.57148 4.50536 4.50536 4.57148 5.20996 7.85302 15.3768 11.2427 8.80343 7.80977 7.8051 8.79183 11.2419 15.3782 18.9627 20.5991 22.3136 23.8379 23.8379 22.3136 20.5991 18.9627 15.3804 12.6483 10.584 9.08026 9.07814 10.5821 12.6485 15.4167 10.3646 4.29109 1.80685 1.13761 1.13761 1.80685 4.29109 
1.22361 1.03732 1.00342 0.999978 0.999978 1.00342 1.03732 1.22361 1.88909 1.19309 1.02025 1.00089 1.00089 1.02025 1.19309 1.88909 5.33331 2.53579 1.9142 1.88816 1.88816 1.9142 2.53579 5.33331 13.6069 9.60462 7.00896 5.49333 5.4876 6.99603 9.604 13.6081 16.8034 18.2567 19.6601 20.7561 20.7561 19.6601 18.2567 16.8034 14.0382 11.447 9.16184 7.19639 7.20314 9.17193 11.4562 14.0771 9.74039 4.12082 1.70354 1.10285 1.10285 1.70354 4.12082 
1.00821 0.998124 0.99993 1.00005 1.00005 0.99993 0.998124 1.00821 1.30275 1.02845 1.00089 0.999818 0.999818 1.00089 1.02845 1.30275 3.87801 1.59976 1.18967 1.19371 1.19371 1.18967 1.59976 3.87801 11.6284 7.91471 5.54001 3.66771 3.66404 5.53103 7.91419 11.6294 14.5247 15.9331 17.1742 17.8081 17.8081 17.1742 15.9331 14.5247 12.2959 9.83921 7.10491 4.85357 4.84253 7.08372 9.81308 12.2815 9.45903 4.29603 1.67896 1.08192 1.08192 1.67896 4.29603 
1.00872 0.998145 0.999932 1.00005 1.00005 0.99993 0.998124 1.00821 1.30275 1.02845 1.00089 0.999818 0.999841 1.00116 1.02851 1.30966 3.90219 1.6012 1.18954 1.19315 1.19371 1.18967 1.59976 3.87801 11.6294 7.91419 5.53103 3.66404 3.66404 5.53103 7.91419 11.6294 14.5179 15.92 17.1745 17.8105 17.8081 17.1742 15.9331 14.5247 12.2815 9.81308 7.08372 4.84253 4.85357 7.10491 9.83921 12.2959 9.45903 4.29603 1.67896 1.08192 1.08213 1.68028 4.30189 
1.22516 1.03742 1.00342 0.999977 0.999978 1.00342 1.03732 1.22361 1.88909 1.19309 1.02025 1.00089 1.00091 1.02052 1.19201 1.89832 5.37793 2.53979 1.91192 1.88616 1.88816 1.9142 2.53579 5.33331 13.6081 9.604 6.99603 5.4876 5.4876 6.99603 9.604 13.6081 16.8152 18.297 19.7108 20.7914 20.7561 19.6601 18.2567 16.8034 14.0771 11.4562 9.17193 7.20314 7.19639 9.16184 11.447 14.0382 9.74039 4.12082 1.70354 1.10285 1.10335 1.70614 4.13081 
1.94202 1.21549 1.02707 1.00176 1.00177 1.02707 1.21522 1.93901 3.3609 1.76947 1.1297 1.01493 1.01517 1.13125 1.76627 3.37637 7.90066 5.21347 4.56652 4.50093 4.50536 4.57148 5.20996 7.85302 15.3782 11.2419 8.79183 7.8051 7.8051 8.79183 11.2419 15.3782 18.9644 20.6254 22.3549 23.8676 23.8379 22.3136 20.5991 18.9627 15.4167 12.6485 10.5821 9.07814 9.08026 10.584 12.6483 15.3804 10.3646 4.29109 1.80685 1.13761 1.13834 1.81025 4.3044 
3.4548 1.68519 1.11698 1.01118 1.01102 1.11553 1.67737 3.4256 5.83823 3.09963 1.52513 1.09571 1.09755 1.5352 3.10852 5.90608 11.5704 10.625 10.1464 10.1395 10.0241 10.0301 10.5297 11.463 16.0431 13.372 11.8198 11.24 11.24 11.8198 13.372 16.0431 17.0074 18.1942 19.7959 21.0157 20.8988 19.6425 18.045 16.8955 13.6047 11.0884 8.85336 6.87294 6.86567 8.83706 11.0664 13.5603 9.74516 4.30066 1.80301 1.13713 1.13845 1.80951 4.32958 
8.30386 3.43341 1.56693 1.08608 1.08609 1.5669 3.43297 8.30842 14.4986 7.71368 3.29165 1.70967 1.70626 3.28349 7.68041 14.5164 23.9104 26.0298 27.4438 27.7697 27.7697 27.4438 26.1163 24.0196 25.0472 24.8786 24.9395 24.439 24.439 24.9395 24.8786 25.0472 24.942 27.6229 28.429 28.6615 28.6615 28.429 27.6229 24.942 18.0381 15.1113 10.545 6.73326 6.73326 10.545 15.1113 18.0381 13.6068 6.60042 2.56818 1.35889 1.35889 2.56818 6.60042 
10.4993 4.30866 1.81242 1.138 1.13801 1.81239 4.30772 10.4735 17.7099 9.96778 4.28777 2.15978 2.15274 4.27267 9.92216 17.7537 27.1834 29.7821 31.1447 31.6104 31.6104 31.1447 29.7298 27.2237 26.4079 25.7397 25.9193 26.3307 26.3307 25.9193 25.7397 26.4079 27.9916 31.3305 32.5692 32.8646 32.8646 32.5692 31.3305 27.9916 19.8743 16.4083 11.4661 7.17034 7.17034 11.4661 16.4083 19.8743 14.3485 6.9464 2.74163 1.4382 1.4382 2.74163 6.9464 
11.7241 4.82355 1.96135 1.1682 1.16821 1.96131 4.82245 11.7031 19.5149 10.9553 4.66854 2.31176 2.30411 4.65384 10.9079 19.5557 29.3001 31.9697 33.2737 33.7179 33.7179 33.2737 31.9242 29.3426 27.5772 26.4301 26.7168 27.7117 27.7117 26.7168 26.4301 27.5772 29.4242 32.7841 34.0239 34.3325 34.3325 34.0239 32.7841 29.4242 20.7463 17.0397 11.8687 7.39117 7.39117 11.8687 17.0397 20.7463 14.9097 7.16222 2.79914 1.44905 1.44905 2.79914 7.16222 
12.0023 4.9029 1.96632 1.16173 1.16174 1.96628 4.90188 11.993 20.1014 11.1997 4.69402 2.28238 2.27769 4.68474 11.1677 20.1505 30.2347 32.7726 33.9923 34.356 34.356 33.9923 32.7443 30.2624 28.4471 27.3789 27.7707 29.1082 29.1082 27.7707 27.3789 28.4471 29.9052 33.0924 34.3604 34.6779 34.6779 34.3604 33.0924 29.9052 21.207 17.5296 11.9288 7.33261 7.33261 11.9288 17.5296 21.207 15.2536 7.0962 2.69527 1.3868 1.3868 2.69527 7.0962 
11.993 4.90188 1.96628 1.16174 1.16174 1.96628 4.90188 11.993 20.1014 11.1997 4.69402 2.28238 2.28238 4.69402 11.1997 20.1014 30.2624 32.7443 33.9923 34.356 34.36 33.9988 32.7443 30.2624 28.4484 27.3786 27.7704 29.1085 29.1082 27.7707 27.3789 28.4471 29.9052 33.0924 34.3604 34.6779 34.68 34.3635 33.0787 29.9511 21.2088 17.5729 11.9285 7.3327 7.33261 11.9288 17.5296 21.207 15.2536 7.0962 2.69527 1.3868 1.38393 2.68681 7.0692 
11.7031 4.82245 1.96131 1.16821 1.16821 1.96131 4.82245 11.7031 19.5149 10.9553 4.66854 2.31176 2.31176 4.66854 10.9553 19.5149 29.3426 31.9242 33.2737 33.7179 33.7248 33.2847 31.9242 29.3426 27.5796 26.43 26.7168 27.7122 27.7117 26.7168 26.4301 27.5772 29.4242 32.7841 34.0239 34.3325 34.335 34.0278 32.7604 29.4835 20.7501 17.103 11.8683 7.3911 7.39117 11.8687 17.0397 20.7463 14.9097 7.16222 2.79914 1.44905 1.44419 2.78469 7.12374 
10.4735 4.30772 1.81239 1.13801 1.13801 1.81239 4.30772 10.4735 17.7099 9.96778 4.28777 2.15978 2.15978 4.28777 9.96778 17.7099 27.2237 29.7298 31.1447 31.6104 31.6152 31.1504 29.7298 27.2237 26.4091 25.7376 25.9181 26.3305 26.3307 25.9193 25.7397 26.4079 27.9916 31.3305 32.5692 32.8646 32.8528 32.5598 31.3127 28.0369 19.8762 16.4654 11.4657 7.17046 7.17034 11.4661 16.4083 19.8743 14.3485 6.9464 2.74163 1.4382 1.43333 2.72713 6.90802 
8.30842 3.43297 1.5669 1.08609 1.08609 1.5669 3.43297 8.30842 14.4986 7.71368 3.29165 1.70967 1.70967 3.29165 7.71368 14.4986 24.0196 26.1163 27.4438 27.7697 27.7539 27.4225 26.1163 24.0196 25.0511 24.8847 24.941 24.441 24.439 24.9395 24.8786 25.0472 24.942 27.6229 28.429 28.6615 28.8306 28.6214 27.7506 24.9925 18.0681 15.1651 10.5446 6.73281 6.73326 10.545 15.1113 18.0381 13.6068 6.60042 2.56818 1.35889 1.35621 2.55952 6.57519 
7.21311 2.67913 1.30197 1.03191 1.03191 1.30197 2.67913 7.21311 14.856 6.62677 2.46372 1.28731 1.28675 2.461 6.61177 14.9331 27.4148 30.4052 32.1597 32.6767 32.6762 32.1589 30.4299 27.5263 31.5873 33.1118 33.2106 32.7053 32.7534 33.2462 33.1133 31.5894 28.1341 31.3799 32.8785 33.3495 33.3545 32.8837 31.3925 28.0839 20.3728 16.435 11.5732 7.72985 7.73278 11.5724 16.4515 20.2923 14.3559 6.65808 2.66405 1.43072 1.43363 2.671 6.67586 
6.91391 2.47684 1.23313 1.02046 1.02046 1.23313 2.47684 6.91391 14.8158 6.40233 2.31358 1.22779 1.22908 2.31704 6.39628 14.9059 28.0947 31.3978 33.1415 33.7684 33.7689 33.1412 31.3527 28.233 32.2196 33.5838 33.7784 33.6805 33.6815 33.7788 33.5833 32.2205 29.4601 32.1757 33.5977 34.1141 34.1063 33.5851 32.1643 29.4028 21.8149 17.1971 11.6074 7.4814 7.48128 11.6073 17.2201 21.7232 14.9391 6.60278 2.6163 1.41002 1.41413 2.62626 6.62484 
6.78044 2.40653 1.21276 1.01768 1.01768 1.21276 2.40653 6.78044 14.7164 6.27278 2.24923 1.20707 1.20839 2.25315 6.26628 14.8084 28.3834 31.8985 33.7127 34.3575 34.3589 33.7142 31.8649 28.5382 32.5428 33.752 34.0538 34.1507 34.1515 34.0554 33.7519 32.5439 30.1231 32.7572 34.1309 34.6033 34.6001 34.1241 32.7528 30.0721 22.4843 17.5921 11.5803 7.44375 7.44358 11.5795 17.6137 22.3917 15.2982 6.64764 2.60997 1.39798 1.40184 2.61941 6.66831 
6.73936 2.38933 1.20664 1.017 1.017 1.20664 2.38933 6.73936 14.6667 6.24334 2.24069 1.20406 1.20509 2.2441 6.23528 14.7527 28.4754 32.0563 33.9242 34.5149 34.5156 33.9246 32.0335 28.6334 32.7297 33.821 34.2069 34.425 34.4252 34.2074 33.8209 32.7304 30.4637 33.0775 34.3635 34.7403 34.7389 34.3605 33.0781 30.4219 22.9106 17.8326 11.4441 7.39779 7.39781 11.4439 17.8446 22.8367 15.6767 6.72687 2.58515 1.35918 1.36147 2.58999 6.73814 
6.73164 2.39134 1.20742 1.01712 1.017 1.20664 2.38933 6.73936 14.7527 6.23528 2.2441 1.20509 1.20509 2.2441 6.23528 14.7527 28.4754 32.0563 33.9242 34.5149 34.5149 33.9242 32.0563 28.4754 32.7304 33.8209 34.2074 34.4252 34.4252 34.2074 33.8209 32.7304 30.4219 33.0781 34.3605 34.7389 34.7389 34.3605 33.0781 30.4219 22.8367 17.8446 11.4439 7.39781 7.39779 11.4441 17.8326 22.9106 15.6767 6.72687 2.58515 1.35918 1.35918 2.58515 6.72687 
6.7701 2.4096 1.21384 1.01785 1.01768 1.21276 2.40653 6.78044 14.8084 6.26628 2.25315 1.20839 1.20839 2.25315 6.26628 14.8084 28.3834 31.8985 33.7127 34.3575 34.3575 33.7127 31.8985 28.3834 32.5439 33.7519 34.0554 34.1515 34.1515 34.0554 33.7519 32.5439 30.0721 32.7528 34.1241 34.6001 34.6001 34.1241 32.7528 30.0721 22.3917 17.6137 11.5795 7.44358 7.44375 11.5803 17.5921 22.4843 15.2982 6.64764 2.60997 1.39798 1.39798 2.60997 6.64764 
6.90445 2.48043 1.23435 1.02065 1.02046 1.23313 2.47684 6.91391 14.9059 6.39628 2.31704 1.22908 1.22908 2.31704 6.39628 14.9059 28.0947 31.3978 33.1415 33.7684 33.7684 33.1415 31.3978 28.0947 32.2205 33.5833 33.7788 33.6815 33.6815 33.7788 33.5833 32.2205 29.4028 32.1643 33.5851 34.1063 34.1063 33.5851 32.1643 29.4028 21.7232 17.2201 11.6073 7.48128 7.4814 11.6074 17.1971 21.8149 14.9391 6.60278 2.6163 1.41002 1.41002 2.6163 6.60278 
7.20454 2.68067 1.30268 1.03207 1.03191 1.30197 2.67913 7.21311 14.9331 6.61177 2.461 1.28675 1.28675 2.461 6.61177 14.9331 27.4148 30.4052 32.1597 32.6767 32.6767 32.1597 30.4052 27.4148 31.5894 33.1133 33.2462 32.7534 32.7534 33.2462 33.1133 31.5894 28.0839 31.3925 32.8837 33.3545 33.3545 32.8837 31.3925 28.0839 20.2923 16.4515 11.5724 7.73278 7.72985 11.5732 16.435 20.3728 14.3559 6.65808 2.66405 1.43072 1.43072 2.66405 6.65808 
6.66064 2.35559 1.19188 1.0143 1.01417 1.19091 2.35032 6.63143 14.5729 6.17499 2.27046 1.23311 1.23311 2.27046 6.17499 14.5729 27.3906 30.8747 33.1621 33.818 33.818 33.1621 30.8747 27.3906 30.617 33.0059 33.4646 33.1268 33.0952 33.4492 32.9823 30.6077 26.1359 30.9587 32.9505 33.457 33.3997 32.8742 30.8522 26.1274 15.6914 13.7592 12.5995 11.8635 11.8641 12.6017 13.7613 15.6867 11.7543 7.27299 3.54453 1.90563 1.89049 3.50987 7.24705 
6.62334 2.32845 1.18619 1.01383 1.01369 1.18519 2.32319 6.59482 14.7267 6.1543 2.25149 1.22908 1.22908 2.25149 6.1543 14.7267 28.0517 31.5747 33.7978 34.3755 34.3755 33.7978 31.5747 28.0517 31.0055 33.268 33.8091 33.802 33.8012 33.806 33.264 31.0308 26.6174 31.803 33.7854 34.2598 34.2543 33.7627 31.7596 26.7022 15.0781 13.8065 13.3793 14.1693 14.1677 13.384 13.8085 15.0422 11.2832 7.55528 3.99995 2.14749 2.12648 3.95722 7.53526 
6.60883 2.30914 1.18058 1.01324 1.0131 1.17961 2.3041 6.58109 14.8198 6.15422 2.24498 1.22657 1.22657 2.24498 6.15422 14.8198 28.3569 31.8684 34.0067 34.559 34.559 34.0067 31.8684 28.3569 31.3527 33.434 34.0357 34.2016 34.2001 34.0328 33.4315 31.3792 27.1392 32.1745 34.1402 34.645 34.6351 34.1246 32.1453 27.2323 15.816 14.1683 13.5441 13.8033 13.8016 13.5411 14.1706 15.7857 11.5174 7.43522 3.81622 2.06436 2.0449 3.77646 7.4138 
6.55833 2.27275 1.16863 1.01174 1.01167 1.16814 2.26997 6.53971 14.8417 6.10892 2.21419 1.20854 1.20854 2.21419 6.10892 14.8417 28.4545 31.9876 34.0587 34.6038 34.6038 34.0587 31.9876 28.4545 31.6627 33.5263 34.1603 34.4408 34.44 34.1589 33.5253 31.678 27.7043 32.4099 34.2687 34.7262 34.7199 34.2628 32.391 27.7754 17.2016 14.7385 13.361 12.2647 12.2661 13.3525 14.7382 17.1384 11.9411 6.99022 3.29845 1.82719 1.81806 3.27869 6.97038 
6.53971 2.26997 1.16814 1.01167 1.01167 1.16814 2.26997 6.53971 14.5282 6.19463 2.21943 1.2098 1.20854 2.21419 6.10892 14.8417 28.4545 31.9876 34.0587 34.6038 34.6038 34.0587 31.9791 28.59 31.678 33.5253 34.1589 34.44 34.4408 34.1603 33.5263 31.6627 27.7754 32.391 34.2628 34.7199 34.7199 34.2628 32.4099 27.7043 17.1384 14.7382 13.3525 12.2661 12.2661 13.361 14.7382 17.1384 11.9411 6.99022 3.29845 1.82719 1.82719 3.29845 6.99022 
6.58109 2.3041 1.17961 1.0131 1.0131 1.17961 2.3041 6.58109 14.5064 6.25987 2.25297 1.22852 1.22657 2.24498 6.15422 14.8198 28.3569 31.8684 34.0067 34.559 34.5593 34.0068 31.8639 28.4913 31.3792 33.4315 34.0328 34.2001 34.2016 34.0357 33.434 31.3527 27.2323 32.1453 34.1246 34.6351 34.6351 34.1246 32.1745 27.1392 15.7857 14.1706 13.5411 13.8016 13.8016 13.5441 14.1706 15.7857 11.5174 7.43522 3.81622 2.06436 2.06436 3.81622 7.43522 
6.59482 2.32319 1.18519 1.01369 1.01369 1.18519 2.32319 6.59482 14.4235 6.26219 2.25975 1.23109 1.22908 2.25149 6.1543 14.7267 28.0517 31.5747 33.7978 34.3755 34.3763 33.7976 31.5658 28.1769 31.0308 33.264 33.806 33.8012 33.802 33.8091 33.268 31.0055 26.7022 31.7596 33.7627 34.2543 34.2543 33.7627 31.803 26.6174 15.0422 13.8085 13.384 14.1677 14.1677 13.3793 13.8085 15.0422 11.2832 7.55528 3.99995 2.14749 2.14749 3.99995 7.55528 
6.63143 2.35032 1.19091 1.01417 1.01417 1.19091 2.35032 6.63143 14.2853 6.28181 2.27849 1.23498 1.23311 2.27046 6.17499 14.5729 27.3906 30.8747 33.1621 33.818 33.8129 33.1565 30.8837 27.5314 30.6077 32.9823 33.4492 33.0952 33.1268 33.4646 33.0059 30.617 26.1274 30.8522 32.8742 33.3997 33.3997 32.8742 30.9587 26.1359 15.6867 13.7613 12.6017 11.8641 11.8641 12.5995 13.7613 15.6867 11.7543 7.27299 3.54453 1.90563 1.90563 3.54453 7.27299 
6.43468 2.39438 1.21489 1.01902 1.01902 1.21535 2.39846 6.46323 13.9351 6.12694 2.35383 1.26544 1.26234 2.345 6.12429 14.0972 25.726 29.5064 32.0277 32.9918 32.9964 32.0141 29.4777 25.8427 25.3299 26.7188 26.9935 26.8468 26.8468 26.9935 26.7188 25.3299 21.9409 26.2567 28.9317 30.2462 30.2462 28.9317 26.1075 21.7617 16.539 14.1648 10.3107 7.21134 7.21134 10.3107 14.1648 16.539 11.4296 5.45672 2.36863 1.37532 1.37532 2.36863 5.45672 
6.16926 2.23452 1.16307 1.01131 1.01125 1.16293 2.23666 6.19862 13.7552 5.83589 2.1928 1.20494 1.20066 2.17597 5.83555 13.9102 26.1563 30.088 32.7045 33.7663 33.7483 32.6686 30.0435 26.2561 27.0184 27.5634 28.0895 28.6346 28.6346 28.0895 27.5634 27.0184 24.8442 28.6271 31.191 32.3331 32.3331 31.191 28.5865 24.7755 18.7036 15.6585 11.0442 7.52415 7.52415 11.0442 15.6585 18.7036 12.6008 5.65839 2.36627 1.34264 1.34264 2.36627 5.65839 
5.95848 2.12303 1.13642 1.00836 1.00831 1.13631 2.1251 5.98712 13.6192 5.62935 2.09589 1.17616 1.17199 2.07739 5.62452 13.7708 26.4167 30.5419 33.1604 34.1833 34.1686 33.1296 30.5032 26.5202 28.1291 28.1266 28.7337 29.601 29.601 28.7337 28.1266 28.1291 26.7564 30.3592 32.6036 33.538 33.538 32.6036 30.3055 26.6778 20.19 16.7282 11.4353 7.65966 7.65966 11.4353 16.7282 20.19 13.6431 5.98555 2.4259 1.34697 1.34697 2.4259 5.98555 
5.84857 2.06381 1.12543 1.00762 1.00758 1.12526 2.06458 5.866 13.5375 5.52209 2.04052 1.15998 1.15702 2.02814 5.50958 13.6805 26.4803 30.8171 33.4202 34.3121 34.3038 33.4023 30.7873 26.5767 28.6695 28.3004 28.8905 30.2036 30.2036 28.8905 28.3004 28.6695 27.84 31.3783 33.4089 34.1571 34.1571 33.4089 31.3434 27.7796 20.8864 17.2633 11.5124 7.54514 7.54514 11.5124 17.2633 20.8864 14.472 6.24784 2.43516 1.31489 1.31489 2.43516 6.24784 
5.866 2.06458 1.12526 1.00758 1.00758 1.12526 2.06458 5.866 13.6805 5.50958 2.02814 1.15702 1.15998 2.04052 5.52209 13.5375 26.4803 30.8171 33.4202 34.3121 34.3121 33.4202 30.8171 26.4803 28.673 28.3028 28.8935 30.2035 30.2036 28.8905 28.3004 28.6695 27.7796 31.3434 33.379 34.1437 34.1571 33.4089 31.3783 27.84 20.9578 17.2765 11.5373 7.53466 7.54514 11.5124 17.2633 20.8864 14.472 6.24784 2.43516 1.31489 1.31291 2.43078 6.23857 
5.98712 2.1251 1.13631 1.00831 1.00831 1.13631 2.1251 5.98712 13.7708 5.62452 2.07739 1.17199 1.17616 2.09589 5.62935 13.6192 26.4167 30.5419 33.1604 34.1833 34.1833 33.1604 30.5419 26.4167 28.1432 28.1339 28.7374 29.6003 29.601 28.7337 28.1266 28.1291 26.6778 30.3055 32.5587 33.5137 33.538 32.6036 30.3592 26.7564 20.2889 16.7504 11.4724 7.63641 7.65966 11.4353 16.7282 20.19 13.6431 5.98555 2.4259 1.34697 1.3438 2.41783 5.96974 
6.19862 2.23666 1.16293 1.01125 1.01125 1.16293 2.23666 6.19862 13.9102 5.83555 2.17597 1.20066 1.20494 2.1928 5.83589 13.7552 26.1563 30.088 32.7045 33.7663 33.7663 32.7045 30.088 26.1563 27.0385 27.5738 28.0923 28.6342 28.6346 28.0895 27.5634 27.0184 24.7755 28.5865 31.1577 32.3147 32.3331 31.191 28.6271 24.8442 18.8126 15.6794 11.0865 7.50042 7.52415 11.0442 15.6585 18.7036 12.6008 5.65839 2.36627 1.34264 1.33919 2.35749 5.64129 
6.46323 2.39846 1.21535 1.01902 1.01902 1.21535 2.39846 6.46323 14.0972 6.12429 2.345 1.26234 1.26544 2.35383 6.12694 13.9351 25.726 29.5064 32.0277 32.9918 32.9918 32.0277 29.5064 25.726 25.2207 26.5499 26.8167 26.6949 26.8468 26.9935 26.7188 25.3299 21.7617 26.1075 28.8724 30.199 30.2462 28.9317 26.2567 21.9409 16.5489 14.1288 10.3399 7.1498 7.21134 10.3107 14.1648 16.539 11.4296 5.45672 2.36863 1.37532 1.36928 2.35194 5.42094 
7.27698 3.01505 1.43539 1.0576 1.05774 1.43576 3.01505 7.27698 12.7136 6.95004 2.99376 1.57682 1.57921 2.99783 6.92936 12.6636 20.8043 26.3229 28.5335 29.3548 29.3548 28.5335 26.3229 20.8043 12.4623 12.053 12.4004 12.79 12.6406 12.2201 11.8808 12.3233 12.9346 18.659 23.2 25.1566 25.1534 23.1388 18.6559 12.9389 9.21101 7.8303 4.6978 2.84695 2.84689 4.69689 7.70396 9.21004 6.22979 2.81126 1.37443 1.05512 1.05511 1.37573 2.82452 
9.10868 3.77734 1.63936 1.09232 1.09257 1.64061 3.77734 9.10868 14.7317 8.80924 3.82245 1.93519 1.94169 3.83368 8.80171 14.7096 21.0414 27.959 31.2094 32.1544 32.1544 31.2094 27.959 21.0414 8.65274 8.74398 8.87766 8.66113 8.66064 8.87797 8.74123 8.64911 9.4374 17.1213 23.6122 26.1838 26.1833 23.6247 17.1224 9.44109 4.41787 3.41904 2.04482 1.34603 1.3464 2.0465 3.40662 4.41732 3.21405 1.67544 1.10678 1.01067 1.01061 1.10645 1.67515 
10.1011 4.20805 1.75782 1.11217 1.11241 1.75897 4.20805 10.1011 15.9396 9.78888 4.1952 2.06129 2.0678 4.20503 9.78136 15.9099 20.9976 28.6023 32.4817 33.5334 33.5334 32.4817 28.6023 20.9976 6.299 7.06283 7.07571 6.06276 6.06227 7.07552 7.06025 6.2994 7.12637 15.6124 23.6258 26.8273 26.8263 23.6387 15.6151 7.12927 2.37843 1.61785 1.17327 1.03426 1.03426 1.17355 1.61368 2.37799 1.67724 1.16397 1.01886 1.00115 1.00115 1.01887 1.16401 
10.3467 4.30801 1.78093 1.11528 1.11543 1.78168 4.30801 10.3467 16.2323 10.0142 4.25229 2.06789 2.07261 4.25862 10.0123 16.2131 20.8525 28.8285 32.8606 33.9042 33.9042 32.8606 28.8285 20.8525 4.58827 5.95988 5.92227 4.0601 4.05962 5.92251 5.95809 4.58972 6.01296 14.5813 23.5023 27.1459 27.1443 23.5064 14.5854 6.01543 1.82892 1.18525 1.0261 1.00247 1.00243 1.02581 1.1845 1.82872 1.22809 1.03489 1.00267 0.999874 0.999876 1.00268 1.03492 
10.358 4.31116 1.78168 1.11543 1.11543 1.78168 4.30801 10.3467 16.2131 10.0123 4.25862 2.06789 2.06789 4.25229 10.0123 16.2131 20.8525 28.8285 32.8606 33.9042 33.9162 32.8921 28.884 20.8082 4.58972 5.95809 5.92251 4.05962 4.05962 5.92251 5.95809 4.58972 6.01543 14.5854 23.5064 27.1443 27.1597 23.5076 14.5813 6.01296 1.83366 1.18333 1.02544 1.00239 1.00247 1.0261 1.18533 1.83858 1.22737 1.03492 1.00267 0.999876 0.999874 1.00267 1.03489 
10.1206 4.21294 1.75897 1.11241 1.11241 1.75897 4.20805 10.1011 15.9099 9.78136 4.20503 2.06129 2.06129 4.1952 9.78136 15.9099 20.9976 28.6023 32.4817 33.5334 33.5503 32.5335 28.6914 20.9263 6.2994 7.06025 7.07552 6.06227 6.06227 7.07552 7.06025 6.2994 7.12927 15.6151 23.6387 26.8263 26.8522 23.6396 15.6124 7.12637 2.38038 1.61094 1.17385 1.03436 1.03426 1.17327 1.6155 2.39071 1.67562 1.16401 1.01886 1.00115 1.00115 1.01886 1.16397 
9.1319 3.78313 1.64061 1.09257 1.09257 1.64061 3.77734 9.10868 14.7096 8.80171 3.83368 1.93519 1.93519 3.82245 8.80171 14.7096 21.0414 27.959 31.2094 32.1544 32.1697 31.2526 28.036 20.9911 8.64911 8.74123 8.87797 8.66064 8.66064 8.87797 8.74123 8.64911 9.44109 17.1224 23.6247 26.1833 26.207 23.6258 17.1213 9.4374 4.42404 3.39786 2.0514 1.3483 1.34603 2.04482 3.41035 4.43023 3.20949 1.67515 1.10678 1.01061 1.01067 1.10678 1.67544 
7.27141 3.01464 1.43576 1.05774 1.05774 1.43576 3.01505 7.27698 12.6636 6.92936 2.99783 1.57682 1.57682 2.99376 6.92936 12.6636 20.8043 26.3229 28.5335 29.3548 29.129 28.3045 26.2232 20.6824 12.3233 11.8808 12.2201 12.6406 12.6406 12.2201 11.8808 12.3233 12.9389 18.6559 23.1388 25.1534 25.0979 23.1403 18.659 12.9346 8.90771 7.59715 4.69049 2.84215 2.84695 4.6978 7.76675 9.16236 6.27499 2.82452 1.37443 1.05511 1.05512 1.37443 2.81126 
2.70959 1.41817 1.06727 1.00659 1.00659 1.06727 1.41817 2.70959 5.56219 2.84407 1.43622 1.07486 1.07486 1.43622 2.84407 5.56219 11.3904 15.0395 16.1983 16.6322 16.628 16.1893 15.0321 11.3936 4.19425 3.47593 3.45203 3.74243 3.74243 3.45203 3.47593 4.19425 6.1184 9.8319 12.9427 14.6271 14.558 12.9419 9.78745 6.08569 3.13201 2.66135 1.82026 1.32959 1.32972 1.82153 2.66582 3.13667 1.7294 1.09897 1.00382 0.999425 0.999442 1.00397 1.10126 
1.54796 1.12657 1.01785 1.00127 1.00127 1.01785 1.12657 1.54796 2.45776 1.48884 1.08359 1.0097 1.0097 1.08359 1.48884 2.45776 5.04887 6.76723 7.25937 7.21434 7.23793 7.29439 6.80093 5.07462 1.86387 1.52569 1.4899 1.63499 1.63499 1.4899 1.52569 1.86387 2.60953 4.72444 6.25879 6.92812 6.96856 6.2579 4.72165 2.60223 1.43685 1.29795 1.1095 1.02938 1.02949 1.10997 1.29888 1.4385 1.14222 1.01207 0.999626 0.999705 0.999706 0.99963 1.01211 
1.10945 1.02223 1.0024 0.999978 0.999978 1.0024 1.02223 1.10945 1.29927 1.07276 1.00832 1.00021 1.00021 1.00832 1.07276 1.29927 2.29986 2.97847 3.06738 2.93358 2.94769 3.08926 2.99948 2.31343 1.13575 1.06128 1.05469 1.08645 1.08645 1.05469 1.06128 1.13575 1.30788 2.10336 2.79095 2.97109 2.98724 2.79057 2.10125 1.30607 1.04875 1.02758 1.00742 1.00106 1.00107 1.00748 1.02769 1.04892 1.01708 1.0012 0.999938 0.999975 0.999975 0.999937 1.0012 
1.01696 1.00271 1.00003 0.999921 0.999921 1.00003 1.00271 1.01696 1.04228 1.00643 1.0001 0.999817 0.999817 1.0001 1.00643 1.04228 1.38875 1.65612 1.65295 1.55392 1.55956 1.66195 1.66476 1.39378 1.01806 1.00644 1.00578 1.01048 1.01048 1.00578 1.00644 1.01806 1.04626 1.29557 1.58242 1.61927 1.62553 1.58244 1.29506 1.04603 1.00351 1.00103 1.00004 0.999889 0.99989 1.00004 1.00103 1.00352 1.00173 1.00002 0.999972 1 1 0.999972 1.00002 
1.01698 1.00271 1.00003 0.999921 0.999921 1.00003 1.00271 1.01696 1.04188 1.00639 1.0001 0.999817 0.999817 1.0001 1.00643 1.04228 1.39378 1.66476 1.66195 1.55956 1.55392 1.65295 1.65612 1.38875 1.01803 1.00644 1.00578 1.01048 1.01048 1.00578 1.00644 1.01806 1.04603 1.29506 1.59151 1.62553 1.61927 1.58242 1.29557 1.04626 1.00349 1.001 1.00004 0.99989 0.99989 1.00004 1.00101 1.00348 1.00173 1.00002 0.999972 1 1 0.999972 1.00002 
1.10965 1.0223 1.00241 0.999981 0.999978 1.0024 1.02223 1.10945 1.29712 1.07238 1.00832 1.00021 1.00021 1.00833 1.07276 1.29927 2.31343 2.99948 3.08926 2.94769 2.93358 3.06738 2.97847 2.29986 1.1355 1.06126 1.05468 1.08645 1.08645 1.05469 1.06128 1.13575 1.30607 2.10125 2.81629 2.98724 2.97109 2.79095 2.10336 1.30788 1.04835 1.0272 1.00738 1.00107 1.00107 1.00743 1.02731 1.04838 1.01706 1.0012 0.999937 0.999975 0.999975 0.999938 1.0012 
1.54851 1.12705 1.01796 1.00128 1.00127 1.01785 1.12657 1.54796 2.45409 1.48837 1.08359 1.0097 1.00971 1.08388 1.48884 2.45776 5.07462 6.80093 7.29439 7.23793 7.21434 7.25937 6.76723 5.04887 1.86156 1.52356 1.48777 1.63306 1.63499 1.4899 1.52569 1.86387 2.60223 4.72165 6.30999 6.96856 6.92812 6.25879 4.72444 2.60953 1.43315 1.29523 1.10881 1.02949 1.02946 1.10954 1.29682 1.43435 1.14254 1.01207 0.99963 0.999705 0.999705 0.999626 1.01207 
2.69373 1.41423 1.06666 1.00655 1.00659 1.06727 1.41817 2.70959 5.48271 2.81785 1.43622 1.07486 1.07558 1.44068 2.84407 5.56219 11.3936 15.0321 16.1893 16.628 16.6322 16.1983 15.0395 11.3904 4.16589 3.45367 3.42771 3.7137 3.74243 3.45203 3.47593 4.19425 6.08569 9.78745 12.8592 14.558 14.6271 12.9427 9.8319 6.1184 3.03033 2.60576 1.79221 1.32972 1.32573 1.79226 2.60569 3.03778 1.741 1.09897 1.00397 0.999425 0.999425 1.00382 1.09897 
1.41788 1.07032 1.0081 1.00063 1.00063 1.0081 1.07032 1.41788 2.43905 1.54271 1.11072 1.01673 1.01673 1.11072 1.54271 2.43905 4.26302 5.6864 6.2951 6.8253 6.8253 6.2951 5.6864 4.26302 1.82479 1.89634 1.88165 1.69488 1.69488 1.88165 1.89634 1.82479 2.47445 4.17308 5.98318 6.79822 6.79822 5.98318 4.17308 2.47445 1.39814 1.34874 1.11901 1.0304 1.03024 1.11832 1.34733 1.40058 1.09854 1.01289 1.001 1.00004 1.00004 1.001 1.01289 
1.06958 1.01094 1.00118 0.99997 0.99997 1.00118 1.01094 1.06958 1.28409 1.08593 1.01388 1.00142 1.00142 1.01388 1.08593 1.28409 2.30037 3.03783 3.31516 3.25598 3.25598 3.31516 3.03783 2.30037 1.15174 1.21456 1.20998 1.13507 1.13507 1.20998 1.21456 1.15174 1.23442 1.6311 2.14416 2.42142 2.42142 2.14416 1.6311 1.23442 1.03836 1.03854 1.01035 1.0015 1.00148 1.01024 1.03817 1.03848 1.00872 1.001 0.999955 0.999994 0.999994 0.999955 1.001 
1.00721 1.00115 0.99999 0.999964 0.999964 0.99999 1.00115 1.00721 1.0345 1.00782 1.00086 0.999875 0.999875 1.00086 1.00782 1.0345 1.35231 1.60967 1.69993 1.61518 1.61518 1.69993 1.60967 1.35231 1.01811 1.03212 1.03151 1.01621 1.01621 1.03151 1.03212 1.01811 1.02223 1.07504 1.16345 1.2119 1.2119 1.16345 1.07504 1.02223 1.00176 1.0024 1.00042 0.999937 0.999934 1.00041 1.00236 1.00177 1.00052 0.999979 0.999985 1 1 0.999985 0.999979 
1.00053 0.999988 0.999967 0.999996 0.999996 0.999967 0.999988 1.00053 1.00232 1.00017 0.9999 0.99996 0.99996 0.9999 1.00017 1.00232 1.07107 1.14001 1.1652 1.13089 1.13089 1.1652 1.14001 1.07107 1.00131 1.00267 1.00271 1.00116 1.00116 1.00271 1.00267 1.00131 1.0011 1.00394 1.01205 1.0161 1.0161 1.01205 1.00394 1.0011 0.999985 0.999882 0.999924 0.999969 0.999969 0.999923 0.999876 0.999984 1.00007 0.999986 1 1 1 1 0.999986 
0 0 0 0 0.999996 0.999967 0.999988 1.00053 1.00232 1.00017 0.9999 0.99996 0.99996 0.999899 1.00016 1.00239 1.07107 1.14001 1.1652 1.13089 1.1292 1.16261 1.13781 1.07005 1.00135 1.00262 1.00266 1.00113 1.00116 1.00271 1.00267 1.00131 1.00108 1.00398 1.01226 1.01619 1.0161 1.01205 1.00394 1.0011 0.999984 0.999876 0.999923 0.999969 0.999969 0.999924 0.999882 0.999985 1.00007 0.999986 1 1 0 0 0 
0 0 0 0 0.999964 0.99999 1.00115 1.00721 1.0345 1.00782 1.00086 0.999875 0.999873 1.00085 1.00776 1.03489 1.35231 1.60967 1.69993 1.61518 1.6087 1.68994 1.60091 1.34789 1.01839 1.03165 1.03104 1.01599 1.01621 1.03151 1.03212 1.01811 1.02213 1.07549 1.16515 1.21276 1.2119 1.16345 1.07504 1.02223 1.00177 1.00236 1.00041 0.999934 0.999937 1.00042 1.0024 1.00176 1.00052 0.999979 0.999985 1 0 0 0 
0 0 0 0 0.99997 1.00118 1.01094 1.06958 1.28409 1.08593 1.01388 1.00142 1.00141 1.0138 1.08544 1.2848 2.30037 3.03783 3.31516 3.25598 3.24078 3.29676 3.02315 2.29133 1.15262 1.21223 1.2076 1.13382 1.13507 1.20998 1.21456 1.15174 1.23434 1.63442 2.15348 2.42687 2.42142 2.14416 1.6311 1.23442 1.03848 1.03817 1.01024 1.00148 1.0015 1.01035 1.03854 1.03836 1.00872 1.001 0.999955 0.999994 0 0 0 
