0 0 0 0 1.00005 1.00074 1.00692 1.0485 1.26878 1.06828 1.01101 1.0014 1.00141 1.01109 1.06881 1.27174 2.39645 1.89526 1.70918 1.66988 1.66902 1.70795 1.89327 2.40447 3.87637 2.73836 2.04085 2.0585 2.05563 2.04133 2.73368 3.87367 3.77838 4.19694 4.66975 5.14502 5.11849 4.623 4.1462 3.74017 3.31893 2.69218 1.82207 1.28986 1.28953 1.82198 2.68814 3.31894 2.18971 1.27604 1.04024 1.00491 0 0 0 
0 0 0 0 0.999975 0.999995 1.00065 1.00482 1.02615 1.00555 1.00058 0.99989 0.99989 1.00058 1.00557 1.02634 1.24986 1.12544 1.08463 1.07697 1.07678 1.08438 1.12509 1.25265 1.90123 1.41652 1.20124 1.1999 1.19834 1.19972 1.41241 1.89404 2.10256 2.44601 2.67589 2.65823 2.66769 2.68546 2.45307 2.10676 1.51269 1.35037 1.13834 1.03146 1.03136 1.13832 1.34979 1.51267 1.28306 1.07026 1.00921 1.00086 0 0 0 
0 0 0 0 0.999998 0.999984 0.999985 1.00044 1.00112 0.999954 0.999878 0.99995 0.99995 0.999878 0.999953 1.00112 1.02865 1.01006 1.00523 1.00444 1.00442 1.00521 1.01003 1.02925 1.22484 1.08472 1.03018 1.02898 1.02867 1.02984 1.08365 1.22238 1.29639 1.45428 1.55008 1.4741 1.47845 1.55716 1.45954 1.2991 1.07077 1.0438 1.01412 1.00194 1.00193 1.01412 1.04375 1.07077 1.04007 1.00865 1.00093 0.999955 0 0 0 
0 0 0 0 1 0.999998 0.999976 1.00007 0.999892 0.999781 0.999974 0.999997 0.999997 0.999974 0.999781 0.999889 1.00225 1.00016 0.999937 0.99993 0.999929 0.999935 1.00016 1.00233 1.03946 1.01226 1.00367 1.00299 1.00295 1.00362 1.01208 1.03896 1.06224 1.10784 1.13743 1.10728 1.10848 1.13928 1.10925 1.06293 1.00624 1.00295 1.00044 0.999893 0.999892 1.00044 1.00295 1.00624 1.00415 1.00076 0.999952 0.999954 0 0 0 
1.00007 0.999976 0.999998 1 1 0.999998 0.999976 1.00007 0.999889 0.999781 0.999974 0.999997 0.999997 0.999974 0.999781 0.999892 1.00225 1.00016 0.999937 0.99993 0.99993 0.999937 1.00016 1.00225 1.03946 1.01226 1.00367 1.00299 1.00299 1.00367 1.01226 1.03946 1.06293 1.10925 1.13928 1.10848 1.10848 1.13928 1.10925 1.06293 1.00624 1.00295 1.00044 0.999892 0.999893 1.00044 1.00295 1.00624 1.00415 1.00076 0.999952 0.999954 0.999954 0.999952 1.00076 
1.00044 0.999985 0.999984 0.999998 0.999998 0.999984 0.999985 1.00044 1.00112 0.999953 0.999878 0.99995 0.99995 0.999878 0.999954 1.00112 1.02865 1.01006 1.00523 1.00444 1.00444 1.00523 1.01006 1.02865 1.22484 1.08472 1.03018 1.02898 1.02898 1.03018 1.08472 1.22484 1.2991 1.45954 1.55716 1.47845 1.47845 1.55716 1.45954 1.2991 1.07077 1.04375 1.01412 1.00193 1.00194 1.01412 1.0438 1.07077 1.04007 1.00865 1.00093 0.999955 0.999955 1.00093 1.00865 
1.00482 1.00065 0.999995 0.999975 0.999975 0.999995 1.00065 1.00482 1.02634 1.00557 1.00058 0.99989 0.99989 1.00058 1.00555 1.02615 1.24986 1.12544 1.08463 1.07697 1.07697 1.08463 1.12544 1.24986 1.90123 1.41652 1.20124 1.1999 1.1999 1.20124 1.41652 1.90123 2.10676 2.45307 2.68546 2.66769 2.66769 2.68546 2.45307 2.10676 1.51267 1.34979 1.13832 1.03136 1.03146 1.13834 1.35037 1.51269 1.28306 1.07026 1.00921 1.00086 1.00086 1.00921 1.07026 
1.0485 1.00692 1.00074 1.00005 1.00005 1.00074 1.00692 1.0485 1.27174 1.06881 1.01109 1.00141 1.00141 1.01109 1.06828 1.26878 2.39645 1.89526 1.70918 1.66988 1.66988 1.70918 1.89526 2.39645 3.87637 2.73836 2.04085 2.0585 2.0585 2.04085 2.73836 3.87637 3.74017 4.1462 4.623 5.11849 5.11849 4.623 4.1462 3.74017 3.31894 2.68814 1.82198 1.28953 1.28986 1.82207 2.69218 3.31893 2.18971 1.27604 1.04024 1.00491 1.00491 1.04024 1.27604 
1.38721 1.05926 1.00521 1.00013 1.00013 1.00521 1.05926 1.38721 2.31741 1.40987 1.0675 1.00938 1.00938 1.0675 1.40994 2.31033 5.13831 4.10337 3.777 3.72579 3.72579 3.777 4.10337 5.13831 8.07551 6.45478 4.91663 4.67296 4.71318 4.95285 6.44828 8.10822 9.25263 10.1396 10.7426 11.2336 11.2336 10.7426 10.1934 9.30634 7.17908 5.47185 3.78227 2.56402 2.51401 3.70123 5.4499 7.19528 4.7512 2.2287 1.26947 1.03991 1.03989 1.26904 2.22499 
1.09408 1.01247 1.00083 0.999779 0.999779 1.00083 1.01247 1.09408 1.31296 1.07777 1.01061 1.0007 1.0007 1.01061 1.07822 1.31275 2.36065 1.82483 1.69615 1.66962 1.66962 1.69615 1.82483 2.36065 4.03832 3.35911 2.42759 2.20118 2.22918 2.46547 3.39148 4.07636 4.83594 5.59348 5.60423 5.44743 5.44743 5.60423 5.58771 4.83383 3.41462 2.72928 1.85777 1.34798 1.34431 1.85323 2.73057 3.41079 2.75063 1.60236 1.106 1.0113 1.01137 1.10649 1.60469 
1.01316 1.00148 0.99996 0.99995 0.99995 0.99996 1.00148 1.01316 1.03856 1.00747 1.00046 0.999826 0.999826 1.00046 1.00755 1.03867 1.2584 1.11265 1.08649 1.08114 1.08114 1.08649 1.11265 1.2584 1.93104 1.61157 1.27457 1.21808 1.22945 1.28882 1.62718 1.94872 2.37792 2.81031 2.61439 2.39816 2.39816 2.61439 2.81006 2.37778 1.61189 1.41804 1.15571 1.0406 1.04022 1.15521 1.41773 1.61178 1.55674 1.18082 1.02285 1.00152 1.00152 1.02292 1.18129 
1.00153 1.00003 0.999935 0.999992 0.999992 0.999935 1.00003 1.00153 1.00291 1.00004 0.999859 0.999977 0.999977 0.999859 1.00005 1.00292 1.03495 1.00897 1.0061 1.00562 1.00562 1.0061 1.00897 1.03495 1.26057 1.13499 1.04303 1.03439 1.03665 1.04636 1.13955 1.26666 1.46269 1.65388 1.53314 1.39369 1.39369 1.53314 1.65387 1.46247 1.11878 1.07842 1.02041 1.0026 1.00258 1.02057 1.07838 1.11871 1.14587 1.03801 1.0033 0.999907 0.999908 1.0033 1.03807 
1.00153 1.00003 0.999934 0.999992 0.999992 0.999935 1.00003 1.00153 1.00292 1.00005 0.999861 0.999977 0.999977 0.999859 1.00004 1.00291 1.03495 1.00897 1.0061 1.00562 1.00557 1.00603 1.00886 1.03442 1.26666 1.13955 1.04636 1.03665 1.03665 1.04636 1.13955 1.26666 1.46247 1.65387 1.52563 1.3909 1.39077 1.51951 1.65388 1.46269 1.11871 1.07838 1.02057 1.00258 1.0026 1.02041 1.07838 1.11916 1.14587 1.03801 1.0033 0.999907 0.999907 1.0033 1.03801 
1.01315 1.00148 0.999958 0.99995 0.99995 0.99996 1.00148 1.01316 1.03867 1.00755 1.00048 0.999828 0.999826 1.00046 1.00747 1.03856 1.2584 1.11265 1.08649 1.08114 1.0808 1.086 1.1116 1.25511 1.94872 1.62718 1.28882 1.22945 1.22945 1.28882 1.62718 1.94872 2.37778 2.81006 2.59447 2.39022 2.39006 2.57928 2.81031 2.37792 1.61178 1.41773 1.15521 1.04022 1.0406 1.15571 1.41773 1.61361 1.55674 1.18082 1.02285 1.00152 1.00152 1.02285 1.18082 
1.09399 1.01241 1.00082 0.999776 0.999779 1.00083 1.01247 1.09408 1.31275 1.07822 1.01074 1.00071 1.0007 1.01061 1.07777 1.31296 2.36065 1.82483 1.69615 1.66962 1.66812 1.69371 1.81745 2.34232 4.07636 3.39148 2.46547 2.22918 2.22918 2.46547 3.39148 4.07636 4.83383 5.58771 5.56006 5.41639 5.42147 5.53605 5.59348 4.83594 3.41079 2.73057 1.85323 1.34431 1.34798 1.85777 2.73057 3.41241 2.75063 1.60236 1.106 1.0113 1.0113 1.106 1.60236 
1.39121 1.05971 1.00521 1.00013 1.00013 1.00521 1.05926 1.38721 2.31033 1.40994 1.06886 1.00959 1.00938 1.0675 1.40987 2.31741 5.13831 4.10337 3.777 3.72579 3.79414 3.84544 4.15266 5.15916 8.10822 6.44828 4.95285 4.71318 4.71318 4.95285 6.44828 8.10822 9.30634 10.1934 10.8856 11.3664 11.3231 10.8797 10.1396 9.25263 7.19528 5.4499 3.70123 2.51401 2.56402 3.78227 5.4499 7.23242 4.7512 2.2287 1.26947 1.03991 1.03991 1.26947 2.2287 
3.73854 1.85905 1.17956 1.02257 1.02257 1.17956 1.85905 3.73854 6.38165 3.30548 1.63152 1.14232 1.14232 1.63152 3.31002 6.35048 11.8225 11.0279 10.719 10.852 10.8507 10.7115 11.1122 11.9964 15.547 13.1347 11.6649 11.3048 11.3048 11.6649 13.1347 15.547 16.2021 17.2935 18.5218 19.5772 19.6076 18.5746 17.3487 16.2542 13.0962 10.6913 8.88077 7.62822 7.63477 8.89434 10.6913 13.0962 9.68727 4.58879 1.96801 1.20703 1.20703 1.96801 4.58879 
2.16844 1.3101 1.04829 1.00435 1.00435 1.04829 1.3101 2.16844 3.66768 1.93957 1.18278 1.02668 1.02668 1.18278 1.94082 3.64439 8.35516 5.71904 5.01507 4.93042 4.95636 5.04579 5.73475 8.51966 15.3737 11.8113 9.29851 8.30082 8.30082 9.29851 11.8113 15.3737 17.9727 19.3966 20.7059 22.0102 22.0045 20.7069 19.406 17.9779 14.5532 12.1372 10.6576 10.0694 10.068 10.6567 12.1372 14.5532 10.1953 4.52586 1.93072 1.19371 1.19371 1.93072 4.52586 
1.33381 1.06642 1.0077 1.0003 1.0003 1.0077 1.06642 1.33381 2.13585 1.27793 1.03496 1.00251 1.00251 1.03496 1.2781 2.11776 6.05554 2.94053 2.17542 2.09323 2.10446 2.18948 2.95001 6.209 14.4096 10.9489 8.04214 6.52513 6.52513 8.04214 10.9489 14.4096 16.431 17.7957 18.9315 19.8777 19.8863 18.9445 17.8097 16.4438 13.659 11.252 9.44536 8.17973 8.1854 9.45318 11.252 13.659 9.93361 4.54567 1.90046 1.16457 1.16457 1.90046 4.54567 
1.04706 1.00232 1.00027 1.00002 1.00002 1.00027 1.00232 1.04706 1.48837 1.06225 1.00303 0.999789 0.999789 1.00303 1.0618 1.47597 4.72763 1.92214 1.30955 1.27215 1.27545 1.31212 1.92047 4.83643 13.3667 10.8158 7.83658 5.23464 5.23464 7.83658 10.8158 13.3667 14.8075 16.1745 17.2203 17.9304 17.9239 17.2053 16.1532 14.8031 12.3532 9.9333 7.55084 5.7333 5.72244 7.53173 9.9333 12.3532 9.97008 5.00605 1.97106 1.15567 1.15567 1.97106 5.00605 
1.04787 1.00237 1.00027 1.00002 1.00002 1.00027 1.00232 1.04706 1.47599 1.06099 1.00303 0.999789 0.999783 1.00297 1.06099 1.47599 4.83643 1.92047 1.31212 1.27545 1.27545 1.31212 1.92047 4.83643 13.3624 10.7941 7.82435 5.22957 5.23464 7.83658 10.8158 13.3667 14.8031 16.1532 17.2053 17.9239 17.9304 17.2203 16.1745 14.8075 12.3488 9.9466 7.53173 5.72244 5.7333 7.55084 9.9333 12.3532 9.97008 5.00605 1.97106 1.15567 1.15609 1.97306 5.013 
1.33609 1.06663 1.00772 1.0003 1.0003 1.0077 1.06642 1.33381 2.1178 1.27583 1.03496 1.00251 1.00244 1.03427 1.27583 2.1178 6.209 2.95001 2.18948 2.10446 2.10446 2.18948 2.95001 6.209 14.3891 10.9071 8.02627 6.51733 6.52513 8.04214 10.9489 14.4096 16.4438 17.8097 18.9445 19.8863 19.8777 18.9315 17.7957 16.431 13.658 11.2676 9.45318 8.1854 8.17973 9.44536 11.252 13.659 9.93361 4.54567 1.90046 1.16457 1.16544 1.90413 4.55766 
2.17275 1.31066 1.04834 1.00435 1.00435 1.04829 1.3101 2.16844 3.64424 1.93634 1.18278 1.02668 1.02637 1.18087 1.93634 3.64424 8.51966 5.73475 5.04579 4.95636 4.95636 5.04579 5.73475 8.51966 15.333 11.7704 9.285 8.29548 8.30082 9.29851 11.8113 15.3737 17.9779 19.406 20.7069 22.0045 22.0102 20.7059 19.3966 17.9727 14.5553 12.1477 10.6567 10.068 10.0694 10.6576 12.1372 14.5532 10.1953 4.52586 1.93072 1.19371 1.19488 1.93528 4.54127 
3.77139 1.86895 1.1817 1.02288 1.02257 1.17956 1.85905 3.73854 6.38949 3.31392 1.63152 1.14232 1.14347 1.63613 3.31392 6.38949 11.9964 11.1122 10.7115 10.8507 10.8507 10.7115 11.1122 11.9964 15.6412 13.262 11.8064 11.4224 11.3048 11.6649 13.1347 15.547 16.2542 17.3487 18.5746 19.6076 19.5772 18.5218 17.2935 16.2021 13.142 10.7466 8.89434 7.63477 7.62822 8.88077 10.6913 13.0962 9.68727 4.58879 1.96801 1.20703 1.20913 1.97649 4.62065 
8.49536 3.68991 1.71249 1.13772 1.13682 1.70957 3.68382 8.49074 14.8243 8.09838 3.43413 1.88061 1.89594 3.47821 8.16353 15.0545 23.5997 25.7118 27.215 27.7398 27.7398 27.215 25.7118 23.5997 24.6236 24.5284 24.5155 24.0921 24.0921 24.5155 24.5284 24.6236 23.7069 26.1541 27.4739 27.7455 27.9911 27.7401 26.382 23.8306 17.3739 14.6083 10.433 7.3932 7.45854 10.4848 14.7687 17.4626 13.4074 6.92903 2.86372 1.52977 1.53304 2.87261 6.94751 
10.5263 4.53615 1.98277 1.21083 1.20917 1.97683 4.51862 10.4828 17.5011 10.2226 4.49835 2.43199 2.4504 4.53286 10.2406 17.609 26.6086 29.0702 30.6536 31.2967 31.2967 30.6536 29.0702 26.6086 25.81 25.3817 25.5179 25.7021 25.7021 25.5179 25.3817 25.81 27.2846 30.6076 31.9404 32.3226 32.3116 31.9424 30.5989 27.1909 18.9051 15.8562 11.2632 7.74125 7.70895 11.2161 16.0055 18.8528 14.0198 7.22872 3.03762 1.62916 1.63538 3.05324 7.26148 
11.8811 5.14498 2.17897 1.26192 1.26002 2.1726 5.12721 11.8403 19.3826 11.3224 4.92053 2.62454 2.64766 4.96792 11.3553 19.4987 28.574 31.2381 32.795 33.3997 33.3997 32.795 31.2381 28.574 26.2379 24.9559 25.3632 26.442 26.442 25.3632 24.9559 26.2379 28.7259 32.2694 33.6776 34.058 34.067 33.6989 32.2908 28.655 19.8692 16.5966 11.7081 8.01029 7.95683 11.6515 16.763 19.8189 14.6131 7.46889 3.11178 1.64867 1.65483 3.12715 7.50114 
12.2329 5.26557 2.18769 1.24953 1.24837 2.18381 5.25467 12.2051 19.9856 11.535 4.9852 2.6013 2.61601 5.01621 11.5478 20.0929 29.4977 32.1776 33.5915 34.088 34.088 33.5915 32.1776 29.4977 26.4892 25.0046 25.5 26.9728 26.9728 25.5 25.0046 26.4892 29.1943 32.6837 34.1105 34.4921 34.4981 34.125 32.707 29.1543 20.4778 17.0277 11.784 7.98544 7.95879 11.7486 17.1129 20.4148 15.105 7.49558 3.02964 1.57256 1.57607 3.03798 7.51436 
12.2051 5.25467 2.18381 1.24837 1.24837 2.18381 5.25467 12.2051 19.9856 11.535 4.9852 2.6013 2.6013 4.9852 11.535 19.9856 29.4339 32.1651 33.5777 34.0818 34.088 33.5915 32.1776 29.4977 26.4891 24.9999 25.4996 26.9731 26.9728 25.5 25.0046 26.4892 29.1543 32.707 34.125 34.4981 34.4981 34.125 32.707 29.1543 20.4148 17.1129 11.7486 7.95879 7.95304 11.7695 17.0929 20.5382 15.083 7.51436 3.03798 1.57607 1.57256 3.02964 7.49558 
11.8403 5.12721 2.1726 1.26002 1.26002 2.1726 5.12721 11.8403 19.3826 11.3224 4.92053 2.62454 2.62454 4.92053 11.3224 19.3826 28.4983 31.2304 32.7814 33.3939 33.3997 32.795 31.2381 28.574 26.2382 24.9505 25.3635 26.4424 26.442 25.3632 24.9559 26.2379 28.655 32.2908 33.6989 34.067 34.067 33.6989 32.2908 28.655 19.8189 16.763 11.6515 7.95683 7.94533 11.6834 16.7229 19.9539 14.5823 7.50114 3.12715 1.65483 1.64867 3.11178 7.46889 
10.4828 4.51862 1.97683 1.20917 1.20917 1.97683 4.51862 10.4828 17.5011 10.2226 4.49835 2.43199 2.43199 4.49835 10.2226 17.5011 26.5415 29.0788 30.6559 31.2993 31.2967 30.6536 29.0702 26.6086 25.809 25.3782 25.5162 25.7015 25.7021 25.5179 25.3817 25.81 27.1909 30.5989 31.9424 32.3116 32.3116 31.9424 30.5989 27.1909 18.8528 16.0055 11.2161 7.70895 7.70257 11.2431 15.9702 18.9771 13.9926 7.26148 3.05324 1.63538 1.62916 3.03762 7.22872 
8.49074 3.68382 1.70957 1.13682 1.13682 1.70957 3.68382 8.49074 14.8243 8.09838 3.43413 1.88061 1.88061 3.43413 8.09838 14.8243 23.5435 25.7361 27.2418 27.7583 27.7398 27.215 25.7118 23.5997 24.625 24.6986 24.5171 24.0926 24.0921 24.5155 24.5284 24.6236 23.8306 26.382 27.7401 27.9911 27.9911 27.7401 26.382 23.8306 17.4626 14.7687 10.4848 7.45854 7.47319 10.4607 14.7127 17.4971 13.3703 6.94751 2.87261 1.53304 1.52977 2.86372 6.92903 
7.72022 3.02485 1.42223 1.05795 1.05795 1.42223 3.02485 7.72022 15.3439 7.08263 2.76172 1.41814 1.41814 2.76172 7.08263 15.3439 27.1132 29.9593 31.6725 32.2513 32.1083 31.5375 29.8788 27.0181 31.0611 32.8847 33.084 32.5918 32.5918 33.084 32.8847 31.1108 27.2257 30.6386 32.2672 32.8397 32.8927 32.297 30.6509 27.2602 19.4393 16.0379 11.5245 8.30358 8.28649 11.4567 15.9543 19.7491 14.1834 7.21096 3.03714 1.63953 1.63953 3.03714 7.21096 
7.51116 2.85627 1.34142 1.03974 1.03974 1.34142 2.85627 7.51116 15.4395 6.96251 2.65792 1.36062 1.36062 2.65792 6.96251 15.4395 27.9619 31.033 32.8372 33.5063 33.5524 32.9009 31.0728 27.9208 31.7046 33.2839 33.5502 33.4387 33.4387 33.5502 33.2839 31.7461 28.6521 31.4935 33.0978 33.7763 33.7391 33.0369 31.4174 28.6536 20.9436 17.0769 11.555 7.97366 7.94456 11.4648 17.0156 21.5283 14.7662 7.12427 2.95173 1.59797 1.59797 2.95173 7.12427 
7.39878 2.77669 1.31208 1.03432 1.03432 1.31208 2.77669 7.39878 15.4122 6.85742 2.59011 1.33303 1.33303 2.59011 6.85742 15.4122 28.3503 31.6317 33.5003 34.1765 34.2118 33.5538 31.6565 28.2964 32.0321 33.3891 33.7429 33.8592 33.8592 33.7429 33.3891 32.0717 29.4496 32.1683 33.7241 34.3592 34.3327 33.6722 32.0987 29.4529 21.7356 17.4563 11.5123 7.95956 7.9326 11.4299 17.3982 22.3054 15.1755 7.16283 2.93063 1.57217 1.57217 2.93063 7.16283 
7.35926 2.74106 1.3019 1.03213 1.03213 1.3019 2.74106 7.35926 15.3943 6.80745 2.5636 1.32338 1.32338 2.5636 6.80745 15.3943 28.4846 31.8263 33.7312 34.3458 34.3682 33.7574 31.8367 28.428 32.2122 33.3612 33.8166 34.1156 34.1156 33.8166 33.3612 32.235 29.8755 32.5946 34.0464 34.5732 34.5599 34.0173 32.553 29.8827 22.2557 17.4891 11.3795 7.97882 7.96078 11.3456 17.4591 22.6589 15.6156 7.21484 2.8908 1.51974 1.51974 2.8908 7.21484 
7.34798 2.74406 1.30297 1.03232 1.03213 1.3019 2.74106 7.35926 15.3943 6.80745 2.56717 1.32426 1.32426 2.56717 6.82948 15.4029 28.4846 31.8263 33.7312 34.3458 34.3458 33.7312 31.8263 28.4846 32.235 33.3642 33.817 34.1157 34.1156 33.8166 33.3612 32.2122 29.8827 32.553 34.0173 34.5599 34.5599 34.0173 32.5946 29.8755 22.3264 17.5119 11.3659 7.97882 7.97882 11.3659 17.5119 22.3264 15.6156 7.21484 2.8908 1.51974 1.51683 2.88541 7.20162 
7.38167 2.78062 1.31359 1.0346 1.03432 1.31208 2.77669 7.39878 15.4122 6.85742 2.59517 1.3343 1.3343 2.59517 6.89057 15.4344 28.3503 31.6317 33.5003 34.1765 34.1765 33.5003 31.6317 28.3503 32.0717 33.3953 33.7443 33.86 33.8592 33.7429 33.3891 32.0321 29.4529 32.0987 33.6722 34.3327 34.3327 33.6722 32.1683 29.4496 21.832 17.5052 11.4719 7.95956 7.95956 11.4719 17.5052 21.832 15.1755 7.16283 2.93063 1.57217 1.56746 2.92051 7.14371 
7.495 2.86096 1.34315 1.04008 1.03974 1.34142 2.85627 7.51116 15.4395 6.96251 2.66341 1.36199 1.36199 2.66341 6.99204 15.4597 27.9619 31.033 32.8372 33.5063 33.5063 32.8372 31.033 27.9619 31.7461 33.291 33.5508 33.44 33.4387 33.5502 33.2839 31.7046 28.6536 31.4174 33.0369 33.7391 33.7391 33.0369 31.4935 28.6521 21.0422 17.1301 11.5103 7.97366 7.97366 11.5103 17.1301 21.0422 14.7662 7.12427 2.95173 1.59797 1.59285 2.94081 7.10409 
7.70778 3.02749 1.42325 1.05822 1.05795 1.42223 3.02485 7.72022 15.3439 7.08263 2.76255 1.41808 1.41808 2.76255 7.07783 15.3365 27.1132 29.9593 31.6725 32.2513 32.2513 31.6725 29.9593 27.1132 31.1108 32.9171 33.1218 32.6431 32.5918 33.084 32.8847 31.0611 27.2602 30.6509 32.297 32.8927 32.8927 32.297 30.6386 27.2257 19.4975 16.0618 11.4902 8.30358 8.30358 11.4902 16.0618 19.4975 14.1834 7.21096 3.03714 1.63953 1.63618 3.03076 7.19516 
7.2398 2.68443 1.2869 1.02801 1.02783 1.28574 2.6842 7.2376 14.8815 6.75785 2.58383 1.36627 1.36627 2.58383 6.81393 14.8274 26.7082 30.4401 32.722 33.4946 33.4946 32.722 30.4787 26.6692 30.0001 32.6568 33.2467 32.883 32.8487 33.2255 32.6293 29.9901 25.3058 30.2001 32.3284 33.0409 33.0235 32.3181 30.1889 25.2937 14.807 13.3131 12.5672 12.9234 12.7256 12.5644 13.4116 15.0469 11.3304 7.62328 4.21793 2.36327 2.34125 4.18229 7.62295 
7.26209 2.67708 1.28405 1.02742 1.02722 1.28286 2.67687 7.26004 15.0704 6.77745 2.57243 1.36255 1.36255 2.57243 6.84003 15.025 27.337 31.2061 33.4675 34.1611 34.1611 33.4675 31.2303 27.282 30.4165 32.8936 33.5514 33.5681 33.5666 33.5485 32.8918 30.4492 25.8355 31.145 33.3659 34.0116 34.0076 33.3528 31.1256 25.8406 14.299 13.4631 13.5876 15.4802 15.2371 13.575 13.5347 14.4976 10.7913 7.80245 4.80344 2.77857 2.74629 4.76512 7.80219 
7.2624 2.65902 1.2765 1.02618 1.02599 1.27538 2.65879 7.26039 15.1856 6.78338 2.56435 1.35738 1.35738 2.56435 6.84325 15.1348 27.6589 31.5225 33.7361 34.3885 34.3885 33.7361 31.5475 27.6051 30.7153 32.9951 33.7215 33.9278 33.9263 33.7191 32.9941 30.7489 26.3621 31.5245 33.7785 34.4808 34.4728 33.7633 31.504 26.3661 15.0631 13.9196 13.7327 15.1351 14.9049 13.7257 13.9787 15.244 10.9924 7.69096 4.53578 2.62204 2.59309 4.49869 7.69077 
7.22558 2.61957 1.26048 1.02338 1.0233 1.26001 2.61937 7.22388 15.226 6.72243 2.52621 1.32976 1.32976 2.52621 6.76312 15.1634 27.8068 31.654 33.8316 34.4501 34.4501 33.8316 31.667 27.7488 30.9469 32.9684 33.7596 34.1386 34.138 33.7586 32.9675 30.9659 26.918 31.8003 33.9731 34.5846 34.5796 33.9635 31.7867 26.9183 16.3365 14.4458 13.6907 13.6063 13.4913 13.6662 14.4804 16.4633 11.4208 7.30561 3.93095 2.23579 2.22374 3.90825 7.30565 
7.22388 2.61937 1.26001 1.0233 1.02338 1.26048 2.61937 7.22388 15.1634 6.76312 2.53699 1.33304 1.32976 2.52621 6.76312 15.1634 27.8068 31.654 33.8316 34.4501 34.4416 33.8161 31.654 27.8068 30.9659 32.9675 33.7586 34.138 34.138 33.7586 32.9675 30.9659 26.9183 31.7867 33.9635 34.5796 34.5846 33.9731 31.8003 26.918 16.2551 14.4804 13.6662 13.4913 13.6063 13.6907 14.4458 16.3365 11.4208 7.30561 3.93095 2.23579 2.23579 3.93095 7.30561 
7.26039 2.65879 1.27538 1.02599 1.02618 1.2765 2.65879 7.26039 15.1348 6.84325 2.58267 1.36271 1.35738 2.56435 6.84325 15.1348 27.6589 31.5225 33.7361 34.3885 34.3753 33.7095 31.5225 27.6589 30.7489 32.9941 33.7191 33.9263 33.9263 33.7191 32.9941 30.7489 26.3661 31.504 33.7633 34.4728 34.4808 33.7785 31.5245 26.3621 14.981 13.9787 13.7257 14.9049 15.1351 13.7327 13.9196 15.0631 10.9924 7.69096 4.53578 2.62204 2.62204 4.53578 7.69096 
7.26004 2.67687 1.28286 1.02722 1.02742 1.28405 2.67687 7.26004 15.025 6.84003 2.59152 1.36803 1.36255 2.57243 6.84003 15.025 27.337 31.2061 33.4675 34.1611 34.1464 33.4384 31.2061 27.337 30.4492 32.8918 33.5485 33.5666 33.5666 33.5485 32.8918 30.4492 25.8406 31.1256 33.3528 34.0076 34.0116 33.3659 31.145 25.8355 14.2077 13.5347 13.575 15.2371 15.4802 13.5876 13.4631 14.299 10.7913 7.80245 4.80344 2.77857 2.77857 4.80344 7.80245 
7.2376 2.6842 1.28574 1.02783 1.02801 1.2869 2.6842 7.2376 14.8274 6.81393 2.60103 1.37134 1.36627 2.58383 6.81393 14.8274 26.7082 30.4401 32.722 33.4946 33.4821 32.685 30.4401 26.7082 29.9901 32.6293 33.2255 32.8487 32.8487 33.2255 32.6293 29.9901 25.2937 30.1889 32.3181 33.0235 33.0409 32.3284 30.2001 25.3058 14.7502 13.4116 12.5644 12.7256 12.9234 12.5672 13.3131 14.807 11.3304 7.62328 4.21793 2.36327 2.36327 4.21793 7.62328 
6.90091 2.70131 1.31288 1.03444 1.03443 1.31343 2.70131 6.90091 14.0789 6.76886 2.69098 1.41686 1.41686 2.69098 6.76886 14.0789 25.3744 28.9945 31.5217 32.5614 32.5449 31.521 28.9945 25.3744 25.1153 26.7683 27.2478 27.1006 27.1006 27.2478 26.7683 25.1153 21.5316 25.9931 28.4372 29.6216 29.5692 28.3723 25.9082 21.4652 15.8461 13.5847 10.4253 7.5946 7.71838 10.5278 13.555 15.7859 11.3592 5.83256 2.63953 1.53504 1.54346 2.65987 5.83256 
6.71544 2.58394 1.26363 1.024 1.0239 1.26354 2.58394 6.71544 14.0124 6.59569 2.5563 1.35029 1.35029 2.5563 6.59569 14.0124 25.8686 29.586 32.3385 33.4432 33.4642 32.3391 29.586 25.8686 26.2575 27.2172 27.7655 28.0553 28.0553 27.7655 27.2172 26.2575 23.9192 27.8757 30.5698 31.7619 31.7515 30.555 27.8622 23.9148 17.7172 14.8506 11.0417 7.92286 7.97396 11.0851 14.764 17.58 12.4019 5.95003 2.57716 1.47146 1.47567 2.58632 5.95003 
6.54691 2.47319 1.22739 1.01853 1.01844 1.22733 2.47319 6.54691 13.8912 6.39713 2.44776 1.30722 1.30722 2.44776 6.39713 13.8912 26.1841 30.0185 32.8447 33.9245 33.9422 32.8453 30.0185 26.1841 26.9878 26.817 27.4811 28.6049 28.6049 27.4811 26.817 26.9878 25.6892 29.4483 31.9449 32.9966 32.987 31.9323 29.4366 25.6814 19.2168 15.8934 11.4021 8.10678 8.15346 11.4425 15.8077 19.0822 13.4061 6.21963 2.61308 1.47206 1.47581 2.6212 6.21963 
6.45677 2.39351 1.20561 1.01652 1.01643 1.20534 2.39351 6.45677 13.7532 6.21626 2.35919 1.27196 1.27196 2.35919 6.21626 13.7532 26.236 30.2473 33.1095 34.0783 34.0881 33.1101 30.2473 26.236 27.2055 26.5658 27.2428 28.6862 28.6862 27.2428 26.5658 27.2055 26.8097 30.4913 32.8187 33.7216 33.7169 32.813 30.4853 26.8058 20.0718 16.5267 11.4807 8.09527 8.11944 11.5035 16.4797 19.985 14.2977 6.55374 2.65973 1.44033 1.4427 2.66392 6.55374 
6.47897 2.39381 1.20534 1.01643 1.01643 1.20534 2.39351 6.45677 13.9298 6.24153 2.37813 1.27902 1.27196 2.35919 6.21626 13.7532 26.2876 30.2473 33.1101 34.0881 34.0881 33.1101 30.2619 26.2876 27.2078 26.5659 27.245 28.6885 28.6862 27.2428 26.5658 27.2055 26.8058 30.4853 32.813 33.7169 33.7169 32.813 30.4853 26.8058 19.985 16.5267 11.4832 8.09527 8.09527 11.4807 16.5267 20.0718 14.281 6.55374 2.66392 1.4427 1.44033 2.65973 6.54434 
6.58332 2.47572 1.22733 1.01844 1.01844 1.22733 2.47319 6.54691 14.1211 6.45354 2.4796 1.31806 1.30722 2.44776 6.39713 13.8912 26.2118 30.0185 32.8453 33.9422 33.9422 32.8453 30.0548 26.2118 26.988 26.8168 27.4858 28.6066 28.6049 27.4811 26.817 26.9878 25.6814 29.4366 31.9323 32.987 32.987 31.9323 29.4366 25.6814 19.0822 15.8934 11.4136 8.10678 8.10678 11.4021 15.8934 19.2168 13.386 6.21963 2.6212 1.47581 1.47206 2.61308 6.2051 
6.75329 2.58667 1.26354 1.0239 1.0239 1.26354 2.58394 6.71544 14.2491 6.66128 2.59139 1.36219 1.35029 2.5563 6.59569 14.0124 25.8792 29.586 32.3391 33.4642 33.4642 32.3391 29.6209 25.8792 26.2597 27.2173 27.769 28.0567 28.0553 27.7655 27.2172 26.2575 23.9148 27.8622 30.555 31.7515 31.7515 30.555 27.8622 23.9148 17.58 14.8506 11.0569 7.92286 7.92286 11.0417 14.8506 17.7172 12.3796 5.95003 2.58632 1.47567 1.47146 2.57716 5.93399 
6.93561 2.70543 1.31343 1.03443 1.03443 1.31343 2.70131 6.90091 14.3099 6.81444 2.71641 1.42664 1.41686 2.69098 6.76886 14.0789 25.3359 28.9945 31.521 32.5449 32.5449 31.521 28.9879 25.3359 25.1168 26.766 27.0746 26.9506 27.1006 27.2478 26.7683 25.1153 21.4652 25.9082 28.3723 29.5692 29.5692 28.3723 25.9082 21.4652 15.7859 13.5847 10.4878 7.5946 7.5946 10.4253 13.5847 15.8461 11.354 5.83256 2.65987 1.54346 1.53504 2.63953 5.79826 
7.42158 3.20396 1.5304 1.08602 1.08602 1.5304 3.20396 7.42158 12.831 7.16256 3.20761 1.7466 1.74367 3.19691 7.18887 12.8397 20.9154 26.1958 28.3179 29.1854 29.1854 28.3179 26.1958 20.9154 12.3821 11.7713 12.3898 12.8188 12.6741 12.2176 11.6038 12.252 13.2343 18.7828 23.0006 24.9138 24.9138 23.0006 18.7828 13.2343 9.32855 7.75699 4.90775 3.19054 3.19054 4.89934 7.75699 9.32855 6.46314 3.09982 1.50454 1.09481 1.09481 1.50454 3.09982 
8.99251 3.91474 1.74198 1.13198 1.13198 1.74198 3.91474 8.99251 14.3913 8.73588 4.04638 2.18772 2.18347 4.03573 8.7761 14.3898 20.5763 26.6974 30.6027 31.7771 31.7771 30.6027 26.6974 20.5763 9.1225 9.1635 9.32458 9.15035 9.14915 9.32508 9.16117 9.1179 9.98597 17.4179 23.3985 25.5885 25.5885 23.3985 17.4179 9.98597 4.81993 3.63301 2.22319 1.48991 1.48991 2.22283 3.63301 4.81993 3.61737 1.94572 1.17852 1.02288 1.02288 1.17852 1.94572 
10.0275 4.41903 1.89768 1.16486 1.16486 1.89768 4.41903 10.0275 15.4849 9.74936 4.48507 2.36511 2.35992 4.47164 9.77938 15.4935 20.5424 27.2151 31.8101 33.1449 33.1449 31.8101 27.2151 20.5424 7.29931 7.88012 7.93105 7.17784 7.17755 7.93015 7.87739 7.29942 7.84337 16.1919 23.4552 26.1496 26.1496 23.4552 16.1919 7.84337 2.6985 1.76806 1.23859 1.05976 1.05976 1.23857 1.76806 2.6985 1.91361 1.27494 1.03921 1.0034 1.0034 1.03921 1.27494 
10.3189 4.56347 1.93562 1.17069 1.17069 1.93562 4.56347 10.3189 15.7541 9.97091 4.54282 2.36583 2.36224 4.53284 9.98687 15.7565 20.2204 27.5919 32.2605 33.5387 33.5387 32.2605 27.5919 20.2204 6.13289 8.23428 8.32394 5.93401 5.93365 8.32346 8.23397 6.13118 6.67588 15.1936 23.3469 26.4297 26.4297 23.3469 15.1936 6.67588 2.04231 1.26359 1.04277 1.00593 1.00593 1.04309 1.26359 2.04231 1.34571 1.06886 1.00688 1.00013 1.00013 1.00688 1.06886 
10.3387 4.56676 1.93646 1.17087 1.17069 1.93562 4.56347 10.3189 15.7565 9.98687 4.53284 2.36224 2.36224 4.53284 9.97091 15.7541 20.3581 27.6156 32.3019 33.5531 33.5387 32.2605 27.5919 20.2204 6.13118 8.23397 8.32346 5.93365 5.93365 8.32346 8.23397 6.13118 6.66601 15.2292 23.3553 26.4365 26.4297 23.3469 15.1936 6.67588 2.04231 1.26359 1.04309 1.00593 1.00583 1.04259 1.263 2.04057 1.34571 1.06886 1.00688 1.00013 1.00012 1.00687 1.06886 
10.0598 4.4244 1.89909 1.16517 1.16486 1.89768 4.41903 10.0275 15.4935 9.77938 4.47164 2.35992 2.35992 4.47164 9.74936 15.4849 20.6314 27.251 31.8796 33.1647 33.1449 31.8101 27.2151 20.5424 7.29942 7.87739 7.93015 7.17755 7.17755 7.93015 7.87739 7.29942 7.84386 16.2363 23.4686 26.1624 26.1496 23.4552 16.1919 7.84337 2.6985 1.76806 1.23857 1.05976 1.05944 1.23874 1.76668 2.69424 1.91361 1.27494 1.03921 1.0034 1.0034 1.03922 1.27486 
9.0271 3.92147 1.74356 1.1323 1.13198 1.74198 3.91474 8.99251 14.3898 8.7761 4.03573 2.18347 2.18347 4.03573 8.73588 14.3913 20.6356 26.7319 30.654 31.7936 31.7771 30.6027 26.6974 20.5763 9.1179 9.16117 9.32508 9.14915 9.14915 9.32508 9.16117 9.1179 9.98292 17.4511 23.4115 25.6007 25.5885 23.3985 17.4179 9.98597 4.81993 3.63301 2.22283 1.48991 1.48752 2.23009 3.62867 4.81364 3.61737 1.94572 1.17852 1.02288 1.02299 1.17897 1.94585 
7.42196 3.20333 1.53067 1.08618 1.08602 1.5304 3.20396 7.42158 12.8397 7.18887 3.19691 1.74367 1.74367 3.19691 7.16256 12.831 20.8866 26.1574 28.1608 29.0266 29.1854 28.3179 26.1958 20.9154 12.252 11.6038 12.2176 12.6741 12.6741 12.2176 11.6038 12.252 13.2066 18.7523 22.9027 24.8356 24.9138 23.0006 18.7828 13.2343 9.32855 7.75699 4.89934 3.19054 3.19946 4.88372 7.71891 9.28675 6.46314 3.09982 1.50454 1.09481 1.09484 1.50293 3.08483 
2.90896 1.52447 1.09852 1.0122 1.01213 1.09774 1.52014 2.89202 5.39331 2.91336 1.52209 1.10749 1.11111 1.54066 2.91971 5.44081 11.2556 14.7323 15.8307 16.42 16.42 15.8307 14.8117 11.3262 4.77078 3.93714 3.89713 4.258 4.258 3.89713 3.93714 4.77078 6.76051 10.646 13.3242 14.8707 14.8174 13.2304 10.6134 6.72568 3.27005 2.84454 1.9204 1.43939 1.45352 1.95124 2.87068 3.31372 1.90486 1.15093 1.00949 0.999262 0.999295 1.00949 1.15367 
1.67741 1.18177 1.03114 1.00304 1.00308 1.03132 1.18241 1.67797 2.62852 1.59969 1.12475 1.01797 1.01807 1.12655 1.60345 2.65335 5.42189 7.31867 8.12627 8.07085 8.07085 8.12627 7.30454 5.42365 2.15051 1.72285 1.67385 1.85868 1.85868 1.67385 1.72285 2.15051 3.11879 5.28842 6.7335 7.43887 7.45521 6.79075 5.28591 3.10733 1.57226 1.3857 1.15885 1.05323 1.05375 1.16014 1.38442 1.57271 1.21294 1.02358 1.00013 0.999572 0.999573 1.00013 1.02361 
1.15332 1.03729 1.005 1.00021 1.00021 1.00502 1.03741 1.1536 1.37553 1.10347 1.01476 1.00086 1.00086 1.01494 1.10375 1.38246 2.58248 3.42339 3.76614 3.52919 3.52919 3.76614 3.41955 2.58406 1.21913 1.10367 1.09161 1.13832 1.13832 1.09161 1.10367 1.21913 1.51129 2.46401 3.1874 3.35948 3.36207 3.2189 2.46196 1.50777 1.07869 1.04252 1.01334 1.00285 1.0029 1.01349 1.04254 1.07915 1.03099 1.00299 1 0.999942 0.999943 1 1.00298 
1.02883 1.00559 1.00041 0.999864 0.999864 1.00041 1.0056 1.02888 1.06619 1.01193 1.00057 0.999734 0.999736 1.00057 1.01189 1.06803 1.55111 1.92463 2.05481 1.90165 1.90165 2.05481 1.92378 1.55135 1.0357 1.01264 1.01078 1.02037 1.02037 1.01078 1.01264 1.0357 1.10398 1.4684 1.81337 1.88941 1.88989 1.82638 1.46774 1.1034 1.00742 1.00242 1.00027 0.999893 0.999896 1.00028 1.00243 1.00749 1.00361 1.00026 0.999951 0.999994 0.999995 0.999951 1.00026 
1.02888 1.0056 1.00041 0.999864 0.999864 1.00041 1.0056 1.02888 1.06619 1.01193 1.00057 0.999734 0.999734 1.00057 1.01193 1.06619 1.55135 1.92463 2.05481 1.90165 1.90172 2.0548 1.92463 1.55111 1.03562 1.01263 1.01077 1.02037 1.02037 1.01078 1.01264 1.0357 1.1034 1.46774 1.82638 1.88989 1.88989 1.82638 1.4684 1.10398 1.00741 1.00242 1.00027 0.999893 0.999893 1.00027 1.00242 1.00742 1.00361 1.00026 0.999951 0.999994 0.999994 0.999951 1.00026 
1.1536 1.03741 1.00502 1.00021 1.00021 1.00502 1.03741 1.1536 1.37553 1.10347 1.01476 1.00086 1.00086 1.01476 1.10347 1.37553 2.58406 3.42339 3.76614 3.52919 3.5296 3.76637 3.42339 2.58248 1.21847 1.10361 1.09159 1.13834 1.13832 1.09161 1.10367 1.21913 1.50777 2.46196 3.2189 3.36207 3.36207 3.2189 2.46401 1.51129 1.07857 1.04246 1.01334 1.00285 1.00285 1.01334 1.04252 1.07869 1.03099 1.00299 1 0.999942 0.999942 1 1.00299 
1.67797 1.18241 1.03132 1.00308 1.00308 1.03132 1.18241 1.67797 2.62852 1.59969 1.12475 1.01797 1.01797 1.12475 1.59969 2.62852 5.42365 7.31867 8.12627 8.07085 8.07758 8.1338 7.31867 5.42189 2.14779 1.72069 1.67169 1.85721 1.85868 1.67385 1.72285 2.15051 3.10733 5.28591 6.79075 7.45521 7.45521 6.79075 5.28842 3.11879 1.5709 1.38453 1.15885 1.05323 1.05323 1.15885 1.3857 1.57226 1.21294 1.02358 1.00013 0.999572 0.999572 1.00013 1.02358 
2.89202 1.52014 1.09774 1.01213 1.01213 1.09774 1.52014 2.89202 5.39331 2.91336 1.52209 1.10749 1.10749 1.52209 2.91336 5.39331 11.3262 14.7323 15.8307 16.42 16.3264 15.7332 14.7323 11.2556 4.74225 3.91719 3.87475 4.23143 4.258 3.89713 3.93714 4.77078 6.72568 10.6134 13.2304 14.8174 14.8174 13.2304 10.646 6.76051 3.26202 2.84457 1.9204 1.43939 1.43939 1.9204 2.84454 3.27005 1.90486 1.15093 1.00949 0.999262 0.999262 1.00949 1.15093 
1.54685 1.108 1.01479 1.0016 1.0016 1.01479 1.108 1.54685 2.63152 1.68349 1.16302 1.03096 1.03096 1.16302 1.68349 2.63152 4.54999 6.08999 6.67287 7.30505 7.30505 6.67287 6.08999 4.54999 2.08807 2.09808 2.0855 1.90126 1.90126 2.0855 2.09808 2.08807 2.85812 4.70741 6.43011 7.30073 7.30073 6.43011 4.70741 2.85812 1.52355 1.45458 1.17805 1.05595 1.05595 1.17805 1.45376 1.52685 1.15586 1.02448 1.00234 1.00007 1.00007 1.00234 1.02448 
1.10907 1.02204 1.00301 1.00015 1.00015 1.00301 1.02204 1.10907 1.3783 1.13408 1.02612 1.00366 1.00366 1.02612 1.13408 1.3783 2.59527 3.49621 3.86611 3.84739 3.84739 3.86611 3.49621 2.59527 1.25169 1.3161 1.3108 1.21743 1.21743 1.3108 1.3161 1.25169 1.35328 1.84654 2.38972 2.71907 2.71907 2.38972 1.84654 1.35328 1.06552 1.06142 1.01942 1.00384 1.00384 1.01942 1.06093 1.06566 1.01917 1.00274 1.0001 0.999973 0.999973 1.0001 1.00274 
1.01412 1.00288 1.0002 0.999936 0.999936 1.0002 1.00288 1.01412 1.05911 1.01614 1.00223 1.00001 1.00001 1.00223 1.01614 1.05911 1.54824 1.96176 2.13419 1.94509 1.94509 2.13419 1.96176 1.54824 1.03974 1.06096 1.05996 1.03474 1.03474 1.05996 1.06096 1.03974 1.04133 1.12548 1.23399 1.30412 1.30412 1.23399 1.12548 1.04133 1.00463 1.00521 1.00114 1.00005 1.00005 1.00114 1.00514 1.00463 1.00142 1.00016 0.999965 0.999997 0.999997 0.999965 1.00016 
1.00121 1.00017 0.999941 0.999982 0.999982 0.999941 1.00017 1.00121 1.00582 1.00092 0.999929 0.99991 0.99991 0.999929 1.00092 1.00582 1.14167 1.28248 1.34175 1.26616 1.26616 1.34175 1.28248 1.14167 1.00373 1.00695 1.00696 1.0033 1.0033 1.00696 1.00695 1.00373 1.00284 1.00938 1.02257 1.03003 1.03003 1.02257 1.00938 1.00284 1.0001 1.00004 0.999935 0.999931 0.999931 0.999935 1.00002 1.0001 1.00012 0.999959 0.999995 1 1 0.999995 0.999959 
0 0 0 0 0.999982 0.999941 1.00017 1.00121 1.00582 1.00092 0.999929 0.99991 0.99991 0.999926 1.00091 1.00597 1.14167 1.28248 1.34175 1.26616 1.26315 1.33671 1.27829 1.1399 1.00382 1.00685 1.00685 1.00325 1.0033 1.00696 1.00695 1.00373 1.00282 1.00944 1.02257 1.03003 1.03003 1.02257 1.00938 1.00284 1.0001 1.00002 0.999935 0.999931 0.999931 0.999935 1.00004 1.0001 1.00012 0.999959 0.999995 1 0 0 0 
0 0 0 0 0.999936 1.0002 1.00288 1.01412 1.05911 1.01614 1.00223 1.00001 1.00001 1.00222 1.01602 1.05978 1.54824 1.96176 2.13419 1.94509 1.93581 2.1181 1.94858 1.54197 1.04014 1.06018 1.05918 1.03435 1.03474 1.05996 1.06096 1.03974 1.04124 1.12607 1.23397 1.30409 1.30412 1.23399 1.12548 1.04133 1.00463 1.00514 1.00114 1.00005 1.00006 1.00114 1.00521 1.00463 1.00142 1.00016 0.999965 0.999997 0 0 0 
0 0 0 0 1.00015 1.00301 1.02204 1.10907 1.3783 1.13408 1.02612 1.00366 1.00365 1.02598 1.13336 1.37925 2.59527 3.49621 3.86611 3.84739 3.83108 3.85053 3.48247 2.58615 1.25254 1.31305 1.3077 1.21572 1.21743 1.3108 1.3161 1.25169 1.35346 1.85001 2.38974 2.71908 2.71907 2.38972 1.84654 1.35328 1.06566 1.06093 1.01942 1.00384 1.00384 1.01942 1.06142 1.06552 1.01917 1.00274 1.0001 0.999973 0 0 0 
