0 0 0 0 1.00008 1.00116 1.00996 1.06365 1.32727 1.08695 1.01485 1.00208 1.00209 1.01495 1.0876 1.33061 2.54887 2.0502 1.82366 1.77382 1.77335 1.82282 2.04798 2.55794 4.06326 2.99036 2.25513 2.25542 2.25145 2.25382 2.98451 4.0622 3.86672 4.29158 4.77858 5.28554 5.25839 4.73211 4.24127 3.82787 3.43296 2.75679 1.88118 1.34119 1.34121 1.88109 2.75661 3.43155 2.30219 1.34432 1.05723 1.00777 0 0 0 
0 0 0 0 0.999964 1.00003 1.00108 1.00709 1.0349 1.00796 1.00098 0.999909 0.99991 1.00098 1.00799 1.03513 1.3012 1.16536 1.10984 1.09874 1.09853 1.10953 1.16491 1.3044 2.04183 1.52303 1.26807 1.25947 1.25747 1.26587 1.51796 2.03403 2.21828 2.58847 2.85162 2.86771 2.87733 2.85985 2.59506 2.22205 1.56926 1.38143 1.15926 1.04069 1.04069 1.15926 1.38145 1.56803 1.33095 1.09682 1.01455 1.00153 0 0 0 
0 0 0 0 0.999996 0.999977 1.00003 1.00066 1.00181 1.00009 0.999873 0.999927 0.999927 0.999874 1.00009 1.00181 1.03787 1.01531 1.00804 1.0067 1.00668 1.00801 1.01526 1.03864 1.28721 1.11787 1.04545 1.04147 1.04105 1.04494 1.11642 1.28421 1.36947 1.56823 1.70065 1.59296 1.59814 1.70918 1.57457 1.37265 1.08655 1.05188 1.01797 1.00301 1.00301 1.01797 1.05188 1.08605 1.05232 1.01363 1.00162 1.00002 0 0 0 
0 0 0 0 1 0.999996 0.999965 1.00006 0.99988 0.999747 0.999962 0.999994 0.999994 0.999962 0.999747 0.999876 1.00343 1.00056 1.00001 0.99998 0.999978 1.00001 1.00055 1.00355 1.05789 1.01907 1.00583 1.00467 1.00461 1.00575 1.01881 1.05721 1.08777 1.15178 1.19729 1.15477 1.15637 1.19992 1.1537 1.08866 1.00901 1.00413 1.00076 0.999921 0.999921 1.00076 1.00413 1.0089 1.00624 1.00135 1 0.99993 0 0 0 
1.00006 0.999965 0.999996 1 1 0.999996 0.999965 1.00006 0.999876 0.999747 0.999962 0.999994 0.999994 0.999962 0.999747 0.999876 1.00343 1.00056 1.00001 0.99998 0.99998 1.00001 1.00056 1.00343 1.05789 1.01907 1.00583 1.00467 1.00467 1.00583 1.01907 1.05789 1.08866 1.1537 1.19992 1.15637 1.15637 1.19992 1.1537 1.08866 1.0089 1.00413 1.00076 0.999921 0.999921 1.00076 1.00413 1.00901 1.00624 1.00135 1 0.99993 0.99993 1 1.00135 
1.00066 1.00003 0.999977 0.999996 0.999996 0.999977 1.00003 1.00066 1.00181 1.00009 0.999874 0.999927 0.999927 0.999874 1.00009 1.00181 1.03787 1.01531 1.00804 1.0067 1.0067 1.00804 1.01531 1.03787 1.28721 1.11787 1.04545 1.04147 1.04147 1.04545 1.11787 1.28721 1.37265 1.57457 1.70918 1.59814 1.59814 1.70918 1.57457 1.37265 1.08605 1.05188 1.01797 1.00301 1.00301 1.01797 1.05188 1.08655 1.05232 1.01363 1.00162 1.00002 1.00002 1.00162 1.01363 
1.00709 1.00108 1.00003 0.999964 0.999964 1.00003 1.00108 1.00709 1.03513 1.00799 1.00098 0.99991 0.99991 1.00098 1.00799 1.03513 1.3012 1.16536 1.10984 1.09874 1.09874 1.10984 1.16536 1.3012 2.04183 1.52303 1.26807 1.25947 1.25947 1.26807 1.52303 2.04183 2.22205 2.59506 2.85985 2.87733 2.87733 2.85985 2.59506 2.22205 1.56803 1.38145 1.15926 1.04069 1.04069 1.15926 1.38143 1.56926 1.33095 1.09682 1.01455 1.00153 1.00153 1.01455 1.09682 
1.06365 1.00996 1.00116 1.00008 1.00008 1.00116 1.00996 1.06365 1.33061 1.0876 1.01495 1.00209 1.00209 1.01495 1.0876 1.33061 2.54887 2.0502 1.82366 1.77382 1.77382 1.82366 2.0502 2.54887 4.06326 2.99036 2.25513 2.25542 2.25542 2.25513 2.99036 4.06326 3.82787 4.24127 4.73211 5.25839 5.25839 4.73211 4.24127 3.82787 3.43155 2.75661 1.88109 1.34121 1.34119 1.88118 2.75679 3.43296 2.30219 1.34432 1.05723 1.00777 1.00777 1.05723 1.34432 
1.4746 1.0781 1.00741 1.00031 1.00031 1.00741 1.0781 1.4746 2.45589 1.49145 1.08493 1.013 1.013 1.08493 1.49145 2.45589 5.28084 4.29354 3.93239 3.87331 3.92374 3.97907 4.29354 5.28084 8.25583 6.75642 5.31292 5.02973 4.98073 5.24247 6.69132 8.22441 9.28928 10.1784 10.8743 11.3232 11.3232 10.8743 10.1784 9.28928 7.17199 5.44149 3.71465 2.55692 2.55691 3.71463 5.41945 7.12073 4.82841 2.31744 1.31162 1.05271 1.05271 1.31162 2.31744 
1.11749 1.01678 1.00132 0.999787 0.999787 1.00132 1.01678 1.11749 1.37101 1.10013 1.01411 1.00115 1.00115 1.01411 1.10013 1.37101 2.48611 1.94762 1.80067 1.76837 1.76856 1.80074 1.94762 2.48611 4.27479 3.65348 2.74714 2.43882 2.44259 2.74838 3.66133 4.29145 4.9718 5.70098 5.72095 5.60767 5.60767 5.72095 5.70098 4.9718 3.52849 2.81612 1.91398 1.39322 1.39323 1.9139 2.81329 3.52943 2.86774 1.70001 1.13598 1.01674 1.01674 1.13598 1.70001 
1.01808 1.00223 1.00002 0.999932 0.999932 1.00002 1.00223 1.01808 1.05094 1.01101 1.00079 0.9998 0.9998 1.00079 1.01101 1.05094 1.30904 1.14358 1.10874 1.10171 1.10234 1.10949 1.14358 1.30904 2.07648 1.77587 1.39813 1.30428 1.30629 1.40015 1.78058 2.08365 2.52151 2.97548 2.76906 2.55536 2.55536 2.76906 2.97548 2.52151 1.68057 1.46223 1.17677 1.0503 1.0503 1.17675 1.45962 1.67891 1.64871 1.23527 1.03312 1.00273 1.00273 1.03312 1.23527 
1.00228 1.00014 0.999912 0.999985 0.999985 0.999912 1.00014 1.00228 1.00459 1.00032 0.999835 0.999962 0.999962 0.999835 1.00032 1.00459 1.04812 1.01338 1.00901 1.0082 1.00833 1.00916 1.01338 1.04812 1.33853 1.19902 1.07329 1.05434 1.05485 1.07401 1.20074 1.34104 1.55176 1.76966 1.6377 1.49066 1.49066 1.6377 1.76966 1.55176 1.14673 1.09571 1.02617 1.00393 1.00393 1.02617 1.09493 1.1464 1.19013 1.05608 1.00566 1.00004 1.00004 1.00566 1.05608 
1.00228 1.00013 0.999911 0.999985 0.999985 0.999912 1.00014 1.00228 1.00465 1.00032 0.999835 0.999962 0.999962 0.999835 1.00032 1.00459 1.04825 1.01338 1.00916 1.00833 1.00833 1.00916 1.01338 1.04825 1.34104 1.20074 1.07401 1.05485 1.05485 1.07401 1.20074 1.34104 1.57049 1.80006 1.64522 1.4941 1.49066 1.6377 1.76966 1.55176 1.1464 1.09493 1.02617 1.00393 1.00393 1.0262 1.09571 1.14725 1.19013 1.05608 1.00566 1.00004 1.00004 1.00566 1.05608 
1.01806 1.00223 1.00002 0.999933 0.999932 1.00002 1.00223 1.01808 1.05153 1.01102 1.00079 0.999799 0.9998 1.00079 1.01101 1.05094 1.30922 1.14343 1.10949 1.10234 1.10234 1.10949 1.14343 1.30922 2.08365 1.78058 1.40015 1.30629 1.30629 1.40015 1.78058 2.08365 2.56318 3.04408 2.78557 2.56365 2.55536 2.76906 2.97548 2.52151 1.67891 1.45962 1.17675 1.0503 1.0503 1.17821 1.46223 1.6821 1.64871 1.23527 1.03312 1.00273 1.00273 1.03312 1.23527 
1.11733 1.01672 1.0013 0.999783 0.999787 1.00132 1.01678 1.11749 1.37358 1.10024 1.01411 1.00114 1.00115 1.01411 1.10013 1.37101 2.49026 1.9453 1.80074 1.76856 1.76856 1.80074 1.9453 2.49026 4.29145 3.66133 2.74838 2.44259 2.44259 2.74838 3.66133 4.29145 5.03151 5.7881 5.7439 5.62025 5.60767 5.72095 5.70098 4.9718 3.52943 2.81329 1.9139 1.39323 1.39322 1.92093 2.81612 3.53063 2.86774 1.70001 1.13598 1.01674 1.01674 1.13598 1.7 
1.47829 1.07856 1.0074 1.0003 1.00031 1.00741 1.0781 1.4746 2.47662 1.49714 1.0859 1.01315 1.013 1.08493 1.49145 2.45589 5.38645 4.3473 3.97907 3.92374 3.92374 3.97907 4.3473 5.38645 8.22441 6.69132 5.24247 4.98073 4.98073 5.24247 6.69132 8.22441 9.21872 10.0901 10.8755 11.3212 11.3232 10.8743 10.1784 9.28928 7.12073 5.41945 3.71463 2.55691 2.55692 3.79747 5.44149 7.21108 4.82841 2.31744 1.31162 1.05271 1.05271 1.31164 2.31758 
3.86817 1.94674 1.21629 1.03098 1.03098 1.21629 1.94674 3.86817 6.60554 3.48916 1.70547 1.17575 1.17575 1.70547 3.48916 6.60554 12.5923 11.6676 11.3219 11.4183 11.4183 11.3219 11.6676 12.5923 15.5324 13.371 11.8839 11.4844 11.4856 11.8857 13.3722 15.5324 15.742 16.7857 18.238 19.1862 19.3303 18.2912 16.9526 15.8948 12.841 10.6401 8.95136 7.99327 7.99033 8.95803 10.5834 12.8022 9.89182 4.82476 2.06608 1.25513 1.25513 2.06607 4.82447 
2.30291 1.37234 1.06489 1.00679 1.00679 1.06489 1.37234 2.30291 3.85918 2.04216 1.21804 1.03608 1.03608 1.21804 2.04216 3.85918 8.85913 6.04998 5.29139 5.18167 5.18167 5.29139 6.04998 8.85913 15.3076 12.0423 9.62716 8.58806 8.58794 9.62682 12.0414 15.3072 17.4553 18.7428 20.0151 21.1672 21.2076 20.0196 18.7791 17.4744 13.9944 11.9937 10.7168 10.4887 10.4835 10.697 11.9913 14.0258 10.3003 4.72067 2.0125 1.23175 1.23176 2.01253 4.72112 
1.40422 1.08845 1.01159 1.00067 1.00067 1.01159 1.08845 1.40422 2.29167 1.33255 1.04628 1.00409 1.00409 1.04628 1.33255 2.29167 6.65741 3.23414 2.34301 2.22167 2.22167 2.34301 3.23414 6.65741 14.6306 11.4488 8.51051 7.08401 7.08389 8.51026 11.4486 14.6313 16.2513 17.5162 18.6302 19.4674 19.5195 18.642 17.5568 16.2812 13.3065 11.1958 9.65108 8.64517 8.63669 9.63016 11.181 13.3338 10.1181 4.81264 2.01676 1.20914 1.20914 2.01679 4.81301 
1.07834 1.00705 1.00072 1.00001 1.00001 1.00072 1.00705 1.07834 1.61755 1.08887 1.00581 0.999868 0.999868 1.00581 1.08887 1.61755 5.36445 2.1594 1.40121 1.32906 1.32906 1.40121 2.1594 5.36445 14.306 12.3761 9.20792 6.2773 6.27709 9.20739 12.3763 14.3061 14.951 16.1959 17.1939 17.9303 17.9366 17.1811 16.1671 14.9488 12.3894 10.1427 7.87112 6.24799 6.25936 7.85772 10.1054 12.3898 10.2591 5.39334 2.14809 1.21276 1.21277 2.1481 5.39331 
1.07917 1.00712 1.00073 1.00001 1.00001 1.00072 1.00705 1.07834 1.638 1.08859 1.00581 0.999866 0.999868 1.00581 1.08887 1.61755 5.41175 2.15679 1.40022 1.32782 1.32906 1.40121 2.1594 5.36445 14.3061 12.3763 9.20739 6.27709 6.2773 9.20792 12.3761 14.306 14.9469 16.2149 17.2493 17.9851 17.9711 17.2314 16.2338 14.9469 12.3898 10.1054 7.85772 6.25936 6.25936 7.85772 10.1054 12.3898 10.2591 5.39334 2.14809 1.21276 1.21276 2.14809 5.39334 
1.40662 1.08875 1.01162 1.00067 1.00067 1.01159 1.08845 1.40422 2.31385 1.32818 1.04628 1.00406 1.00409 1.04628 1.33255 2.29167 6.72497 3.23428 2.3386 2.2183 2.22167 2.34301 3.23414 6.65741 14.6313 11.4486 8.51026 7.08389 7.08401 8.51051 11.4488 14.6306 16.2594 17.5956 18.7512 19.6293 19.5912 18.7243 17.585 16.2562 13.3338 11.181 9.63016 8.63669 8.63669 9.63016 11.181 13.3338 10.1181 4.81264 2.01676 1.20914 1.20914 2.01676 4.81264 
2.30723 1.37311 1.06499 1.00679 1.00679 1.06489 1.37234 2.30291 3.88839 2.03099 1.21803 1.03595 1.03608 1.21804 2.04216 3.85918 8.92633 6.05349 5.28471 5.17689 5.18167 5.29139 6.04998 8.85913 15.3072 12.0414 9.62682 8.58794 8.58806 9.62716 12.0423 15.3076 17.4582 18.8198 20.1487 21.3533 21.3089 20.1127 18.8094 17.4525 14.0258 11.9913 10.697 10.4835 10.4835 10.697 11.9913 14.0258 10.3003 4.72067 2.0125 1.23175 1.23175 2.0125 4.72067 
3.90176 1.9579 1.21888 1.03141 1.03098 1.21629 1.94674 3.86817 6.73812 3.50204 1.70571 1.17628 1.17575 1.70547 3.48916 6.60554 12.6283 11.6653 11.3233 11.4192 11.4183 11.3219 11.6676 12.5923 15.5324 13.3722 11.8857 11.4856 11.4844 11.8839 13.371 15.5324 15.8979 17.1233 18.6739 19.6045 19.516 18.5815 17.076 15.9936 12.8022 10.5834 8.95803 7.99033 7.99033 8.95803 10.5834 12.8022 9.89182 4.82476 2.06608 1.25513 1.25513 2.06608 4.82476 
8.70338 3.86054 1.80861 1.17706 1.17587 1.80488 3.85238 8.69837 15.0283 8.20586 3.58109 1.99867 1.99923 3.58383 8.21669 14.9079 23.1006 25.2106 26.9041 27.503 27.1525 26.5916 24.9137 22.8492 24.2382 24.1768 24.3703 23.9327 23.9327 24.3703 24.1768 24.2382 23.1363 25.4189 27.0115 27.5389 27.9143 27.4524 25.5804 23.1741 17.0066 14.315 10.4694 7.72369 7.72369 10.4694 14.315 17.0066 13.2554 7.1167 3.01564 1.63945 1.63945 3.01564 7.1167 
10.7612 4.71949 2.09497 1.26493 1.26279 2.0876 4.69767 10.7148 17.6193 10.2121 4.67372 2.6153 2.61448 4.66994 10.259 17.5285 26.2284 28.8613 30.4227 31.1081 31.1604 30.5162 28.9944 26.1855 25.4558 24.9824 25.1525 25.2321 25.2321 25.1525 24.9824 25.4558 26.9138 30.1131 31.5969 32.0331 32.0417 31.6352 30.1397 26.8117 18.507 15.5397 11.2097 8.0243 8.0243 11.2097 15.5397 18.507 13.8236 7.43051 3.18863 1.75051 1.75051 3.18863 7.43051 
12.1565 5.37328 2.31742 1.33079 1.32833 2.30946 5.35049 12.1139 19.4102 11.3385 5.13401 2.83563 2.83525 5.13233 11.3864 19.3253 28.1375 31.0666 32.5938 33.2267 33.2599 32.6589 31.1837 28.0968 25.5904 24.2234 24.6015 25.7205 25.7205 24.6015 24.2234 25.5904 28.3785 31.9284 33.4363 33.8918 33.9143 33.4855 31.9616 28.2849 19.4728 16.2778 11.6656 8.295 8.295 11.6656 16.2778 19.4728 14.4009 7.66583 3.26817 1.77552 1.77552 3.26817 7.66583 
12.4951 5.50232 2.3258 1.31338 1.31183 2.32092 5.48712 12.4693 20.0533 11.585 5.19652 2.81047 2.81031 5.1956 11.6291 19.9572 29.0428 31.9978 33.4004 33.9254 33.9407 33.4231 32.0492 29.0424 25.5746 23.9341 24.437 25.8981 25.8981 24.437 23.9341 25.5746 28.8376 32.4072 33.9355 34.3741 34.3882 33.9671 32.4386 28.778 20.1049 16.7163 11.7483 8.29441 8.29441 11.7483 16.7163 20.1049 14.9798 7.7066 3.20023 1.69187 1.69187 3.20023 7.7066 
12.4693 5.48712 2.32092 1.31183 1.31183 2.32092 5.48712 12.4693 19.9572 11.6291 5.1956 2.81031 2.81031 5.1956 11.6526 19.912 29.0424 32.0492 33.4231 33.9407 33.9254 33.4004 31.9978 29.0428 25.5648 23.9291 24.4299 25.9061 25.8981 24.437 23.9341 25.5746 28.7339 32.4386 33.9671 34.3882 34.3835 33.9553 32.4072 28.8376 20.0893 16.7722 11.7438 8.28952 8.29441 11.7483 16.7163 20.1049 14.9798 7.7066 3.20023 1.69187 1.68811 3.1921 7.68996 
12.1139 5.35049 2.30946 1.32833 1.32833 2.30946 5.35049 12.1139 19.3253 11.3864 5.13233 2.83525 2.83525 5.13233 11.4123 19.2808 28.0968 31.1837 32.6589 33.2599 33.2267 32.5938 31.0666 28.1375 25.5789 24.2167 24.5886 25.7339 25.7205 24.6015 24.2234 25.5904 28.2285 31.9616 33.4855 33.9143 33.9069 33.4664 31.9284 28.3785 19.4688 16.3909 11.6649 8.28501 8.295 11.6656 16.2778 19.4728 14.4009 7.66583 3.26817 1.77552 1.76892 3.25268 7.63666 
10.7148 4.69767 2.0876 1.26279 1.26279 2.0876 4.69767 10.7148 17.5285 10.259 4.66994 2.61448 2.61448 4.66994 10.2865 17.478 26.1855 28.9944 30.5162 31.1604 31.1081 30.4227 28.8613 26.2284 25.4482 24.9788 25.1489 25.2358 25.2321 25.1525 24.9824 25.4558 26.7481 30.1397 31.6352 32.0417 32.0149 31.5828 30.1131 26.9138 18.5006 15.6417 11.2081 8.0172 8.0243 11.2097 15.5397 18.507 13.8236 7.43051 3.18863 1.75051 1.74381 3.17273 7.40054 
8.69837 3.85238 1.80488 1.17587 1.17587 1.80488 3.85238 8.69837 14.9079 8.21669 3.58383 1.99923 1.99923 3.58383 8.22304 14.8393 22.8492 24.9137 26.5916 27.1525 27.503 26.9041 25.2106 23.1006 24.3622 24.3427 24.5466 24.0911 23.9327 24.3703 24.1768 24.2382 23.191 25.5804 27.4524 27.9143 27.7628 27.2502 25.4189 23.1363 17.0984 14.4259 10.457 7.73776 7.72369 10.4694 14.315 17.0066 13.2554 7.1167 3.01564 1.63945 1.63603 3.00684 7.10063 
7.99938 3.22027 1.49957 1.07867 1.07902 1.50075 3.22027 7.99938 15.458 7.34006 2.9304 1.50478 1.5036 2.92688 7.33667 15.4568 26.847 29.7034 31.24 31.8697 31.8386 31.2124 29.703 26.9109 30.7199 32.6536 32.8885 32.4415 32.4415 32.8885 32.6536 30.7199 26.8526 30.2504 31.9272 32.5846 32.6066 31.9351 30.2568 26.877 19.409 15.9645 11.4755 8.53779 8.55632 11.4896 15.8309 19.2987 14.1978 7.41506 3.24634 1.77743 1.77743 3.24634 7.41506 
7.84409 3.06637 1.4135 1.05595 1.0564 1.41551 3.06637 7.84409 15.6504 7.28989 2.8339 1.44516 1.44963 2.84704 7.3001 15.6624 27.808 30.8439 32.7349 33.3948 33.4048 32.7462 30.8339 27.865 31.3934 33.0843 33.3994 33.2966 33.2966 33.3994 33.0843 31.3934 28.3115 30.9931 32.7779 33.5043 33.4856 32.749 30.9649 28.3202 21.2817 17.0847 11.4612 8.097 8.12873 11.4882 16.9005 21.1307 14.8651 7.30432 3.13041 1.71577 1.71577 3.13041 7.30432 
7.74885 2.9845 1.37854 1.04828 1.04866 1.38028 2.9845 7.74885 15.6642 7.20444 2.7701 1.41512 1.41977 2.78375 7.21579 15.6763 28.2584 31.4962 33.4478 34.1022 34.1083 33.4551 31.4887 28.327 31.7356 33.165 33.5596 33.6861 33.6861 33.5596 33.165 31.7356 29.1618 31.7278 33.47 34.1636 34.1489 33.4455 31.7042 29.1701 22.0458 17.4264 11.4269 8.10369 8.1323 11.4483 17.2657 21.9167 15.2887 7.34031 3.0956 1.67981 1.67981 3.0956 7.34031 
7.70318 2.94043 1.36564 1.04468 1.04493 1.36687 2.94043 7.70318 15.6427 7.13858 2.74001 1.40142 1.40456 2.74868 7.14521 15.6475 28.4176 31.7064 33.6528 34.2689 34.2719 33.6552 31.7004 28.4897 31.918 33.0936 33.5785 33.9156 33.9156 33.5785 33.0936 31.918 29.6152 32.2482 33.8486 34.4426 34.4345 33.834 32.2339 29.6211 22.2875 17.3435 11.3702 8.18671 8.20325 11.3702 17.2808 22.2311 15.6847 7.398 3.05385 1.6218 1.6218 3.05385 7.398 
7.68849 2.94347 1.36687 1.04493 1.04468 1.36564 2.94043 7.70318 15.6475 7.14521 2.74868 1.40456 1.40456 2.74868 7.14521 15.6475 28.4897 31.7004 33.6528 34.2689 34.2689 33.6528 31.7064 28.4176 31.9437 33.0972 33.5791 33.9157 33.9156 33.5785 33.0936 31.918 29.6211 32.2339 33.834 34.4345 34.4345 33.834 32.2339 29.6211 22.2875 17.3435 11.3702 8.18671 8.18671 11.3702 17.3435 22.2875 15.6847 7.398 3.05385 1.6218 1.62183 3.05391 7.38859 
7.72666 2.98839 1.38028 1.04866 1.04828 1.37854 2.9845 7.74885 15.6763 7.21579 2.78375 1.41977 1.41977 2.78375 7.21579 15.6763 28.327 31.4887 33.4478 34.1022 34.1022 33.4478 31.4962 28.2584 31.7806 33.1721 33.5612 33.6869 33.6861 33.5596 33.165 31.7356 29.1701 31.7042 33.4455 34.1489 34.1489 33.4455 31.7042 29.1701 22.0458 17.4264 11.4269 8.10369 8.10369 11.4269 17.4264 22.0458 15.2887 7.34031 3.0956 1.67981 1.67983 3.09565 7.32542 
7.82285 3.07114 1.41551 1.0564 1.05595 1.4135 3.06637 7.84409 15.6624 7.3001 2.84704 1.44963 1.44963 2.84704 7.3001 15.6624 27.865 30.8339 32.7349 33.3948 33.3948 32.7349 30.8439 27.808 31.4402 33.0924 33.4006 33.2978 33.2966 33.3994 33.0843 31.3934 28.3202 30.9649 32.749 33.4856 33.4856 32.749 30.9649 28.3202 21.2817 17.0847 11.4612 8.097 8.097 11.4612 17.0847 21.2817 14.8651 7.30432 3.13041 1.71577 1.71577 3.1304 7.28872 
7.98396 3.22307 1.50075 1.07902 1.07867 1.49957 3.22027 7.99938 15.4568 7.33667 2.92688 1.5036 1.5036 2.92688 7.33667 15.4568 26.9109 29.703 31.24 31.8697 31.8697 31.24 29.7034 26.847 30.7745 32.6902 32.9261 32.4925 32.4415 32.8885 32.6536 30.7199 26.877 30.2568 31.9351 32.6066 32.6066 31.9351 30.2568 26.877 19.409 15.9645 11.4755 8.53779 8.53779 11.4755 15.9645 19.409 14.1978 7.41506 3.24634 1.77743 1.77746 3.24646 7.40279 
7.54293 2.8712 1.35234 1.04012 1.03986 1.35085 2.8708 7.52085 14.9692 6.98319 2.71111 1.43776 1.43776 2.71111 6.98319 14.9692 26.8226 30.1928 32.4864 33.3226 33.3226 32.4864 30.1601 26.6248 29.6813 32.5024 33.0904 32.7444 32.7096 33.067 32.4763 29.6611 24.9254 29.9979 32.1673 32.863 32.8487 32.1505 29.9979 24.9254 14.9272 13.4866 12.5764 12.9803 12.9802 12.5821 13.4866 14.9272 11.4999 7.7042 4.47963 2.61514 2.58968 4.44787 7.69823 
7.59389 2.87519 1.35272 1.03971 1.03944 1.35122 2.87481 7.57187 15.1641 7.00263 2.68982 1.4319 1.4319 2.68982 7.00263 15.1641 27.4228 30.9119 33.263 34.0417 34.0417 33.263 30.9129 27.2556 29.9767 32.6648 33.3774 33.413 33.4113 33.3749 32.6659 30.0019 25.2804 30.8411 33.18 33.8608 33.8628 33.1713 30.8411 25.2804 14.3508 13.592 13.7435 15.5644 15.5646 13.7372 13.592 14.3508 10.9028 7.84996 5.11919 3.13336 3.09536 5.0874 7.85042 
7.60229 2.85935 1.34408 1.03793 1.03767 1.34268 2.85897 7.5819 15.2957 7.01868 2.68407 1.42532 1.42532 2.68407 7.01868 15.2957 27.7749 31.2657 33.5664 34.2938 34.2938 33.5664 31.2601 27.5976 30.2449 32.7199 33.525 33.7593 33.7575 33.5227 32.7218 30.2714 25.7769 31.1944 33.6001 34.3673 34.3698 33.6035 31.1944 25.7769 15.0764 14.0377 13.903 15.2673 15.2664 13.8951 14.0377 15.0764 11.0893 7.74239 4.82314 2.92296 2.88931 4.79139 7.74153 
7.565 2.81726 1.3231 1.03348 1.03337 1.32246 2.81698 7.55531 15.3661 6.99668 2.66902 1.39963 1.39963 2.66902 6.99668 15.3661 27.9211 31.3837 33.6827 34.3497 34.3497 33.6827 31.3972 27.7507 30.4739 32.6464 33.5192 33.9439 33.9431 33.5183 32.6476 30.4857 26.3138 31.4445 33.7996 34.4861 34.4876 33.8034 31.4445 26.3138 16.159 14.4955 13.7925 14.0333 14.0297 13.7813 14.4955 16.159 11.4476 7.3741 4.25374 2.48635 2.47276 4.23241 7.36941 
7.55531 2.81698 1.32246 1.03337 1.03337 1.32246 2.81698 7.55531 15.2982 7.01801 2.67255 1.40103 1.39963 2.66902 6.99668 15.3661 27.7507 31.3972 33.6827 34.3497 34.3447 33.6749 31.3837 27.9211 30.4857 32.6476 33.5183 33.9431 33.9439 33.5192 32.6464 30.4739 26.3032 31.4436 33.8034 34.4876 34.4861 33.7996 31.4445 26.3138 16.0719 14.4826 13.7847 14.067 14.0333 13.7925 14.4825 16.0719 11.4476 7.3741 4.25374 2.48635 2.48635 4.25374 7.3741 
7.5819 2.85897 1.34268 1.03767 1.03767 1.34268 2.85897 7.5819 15.2308 7.05077 2.6916 1.42786 1.42532 2.68407 7.01868 15.2957 27.5976 31.2601 33.5664 34.2938 34.2858 33.5513 31.2657 27.7749 30.2714 32.7218 33.5227 33.7575 33.7593 33.525 32.7199 30.2449 25.7704 31.1869 33.6035 34.3698 34.3673 33.6001 31.1944 25.7769 14.9795 14.0245 13.8994 15.3338 15.2673 13.903 14.0244 14.9795 11.0893 7.74239 4.82314 2.92296 2.92296 4.82314 7.74239 
7.57187 2.87481 1.35122 1.03944 1.03944 1.35122 2.87481 7.57187 15.102 7.03682 2.69783 1.43452 1.4319 2.68982 7.00263 15.1641 27.2556 30.9129 33.263 34.0417 34.0326 33.2461 30.9119 27.4228 30.0019 32.6659 33.3749 33.4113 33.413 33.3774 32.6648 29.9767 25.2751 30.8347 33.1713 33.8628 33.8608 33.18 30.8411 25.2804 14.2416 13.5784 13.7444 15.6354 15.5644 13.7435 13.5783 14.2416 10.9028 7.84996 5.11919 3.13336 3.13336 5.11919 7.84996 
7.52085 2.8708 1.35085 1.03986 1.03986 1.35085 2.8708 7.52085 14.9046 7.01359 2.71744 1.44007 1.43776 2.71111 6.98319 14.9692 26.6248 30.1601 32.4864 33.3226 33.3194 32.4722 30.1928 26.8226 29.6611 32.4763 33.067 32.7096 32.7444 33.0904 32.5024 29.6813 24.9012 29.9954 32.1505 32.8487 32.863 32.1673 29.9979 24.9254 14.819 13.4637 12.5874 13.0421 12.9803 12.5764 13.4632 14.819 11.4999 7.7042 4.47963 2.61514 2.61514 4.47963 7.7042 
7.24316 2.88461 1.37851 1.04657 1.04657 1.37851 2.88461 7.24316 14.1624 6.89279 2.82664 1.49738 1.49747 2.82677 6.89279 14.1624 24.8892 28.775 31.3433 32.3121 32.3121 31.3433 28.7932 24.7804 24.8878 26.6456 27.1497 27.0551 26.9056 26.9799 26.4886 24.7882 21.3647 25.7612 28.1352 29.349 29.349 28.1352 25.4154 21.3128 15.5313 13.39 10.6921 8.28422 8.09331 10.5672 13.4173 15.5197 11.3296 5.96136 2.8142 1.64186 1.65125 2.8353 5.96215 
7.10396 2.78206 1.32929 1.03418 1.03418 1.32929 2.78206 7.10396 14.132 6.7103 2.69038 1.42631 1.42606 2.68907 6.7103 14.132 25.4641 29.4735 32.2904 33.3502 33.3502 32.2904 29.4855 25.3653 25.8708 27.016 27.6049 27.7785 27.7801 27.6094 27.0261 25.8944 23.6294 27.477 30.097 31.4273 31.4273 30.097 27.4133 23.6376 17.2708 14.526 11.1498 8.32413 8.24275 11.084 14.5749 17.277 12.3392 6.06329 2.69551 1.5534 1.55781 2.70436 6.06354 
6.95717 2.67711 1.289 1.027 1.027 1.289 2.67711 6.95717 14.0412 6.52888 2.5795 1.37637 1.3763 2.57929 6.52888 14.0412 25.7809 29.8876 32.7797 33.843 33.843 32.7797 29.8976 25.6746 26.3701 26.154 26.8218 27.9915 27.9944 26.8266 26.1602 26.3808 25.3276 28.9926 31.4402 32.6889 32.6889 31.4402 28.9175 25.333 18.7516 15.5054 11.4727 8.49833 8.4266 11.407 15.55 18.7335 13.2904 6.28107 2.71925 1.54843 1.55227 2.72687 6.28125 
6.82895 2.57918 1.2588 1.02382 1.02382 1.2588 2.57918 6.82895 13.9859 6.40712 2.5012 1.33522 1.33525 2.50129 6.40712 13.9859 25.8507 30.0602 32.9868 33.9698 33.9698 32.9868 30.0778 25.754 26.4643 25.7401 26.4628 27.911 27.914 26.4641 25.7373 26.4738 26.4107 30.031 32.3673 33.4339 33.4339 32.3673 29.9782 26.4149 19.6615 16.1634 11.5003 8.45789 8.41756 11.4578 16.19 19.6274 14.1703 6.63764 2.77345 1.51815 1.52054 2.77701 6.63758 
6.8412 2.58061 1.25868 1.02374 1.02382 1.2588 2.57918 6.82895 13.9859 6.40712 2.50129 1.33525 1.33522 2.5012 6.38568 14.0349 25.754 30.0778 32.9868 33.9698 33.9774 33.0015 30.0602 25.8507 26.4738 25.7373 26.4641 27.914 27.914 26.4641 25.7373 26.4738 26.4149 29.9782 32.3557 33.4261 33.4339 32.3673 30.031 26.4107 19.6274 16.19 11.4578 8.41756 8.45789 11.5003 16.19 19.6274 14.17 6.63758 2.77701 1.52054 1.51815 2.77345 6.63764 
6.98385 2.68131 1.2892 1.02693 1.027 1.289 2.67711 6.95717 14.0412 6.52888 2.57929 1.3763 1.37637 2.5795 6.4951 14.0853 25.6746 29.8976 32.7797 33.843 33.8565 32.8126 29.8876 25.7809 26.3808 26.1602 26.8266 27.9944 27.9944 26.8266 26.1602 26.3808 25.333 28.9175 31.4188 32.6759 32.6889 31.4402 28.9926 25.3276 18.7335 15.55 11.407 8.4266 8.49833 11.4727 15.55 18.7335 13.29 6.28125 2.72687 1.55227 1.54843 2.71925 6.28107 
7.13223 2.7866 1.32951 1.03409 1.03418 1.32929 2.78206 7.10396 14.132 6.7103 2.68907 1.42606 1.42631 2.69038 6.67766 14.1746 25.3653 29.4855 32.2904 33.3502 33.3674 32.3265 29.4735 25.4641 25.8944 27.0261 27.6094 27.7801 27.7801 27.6094 27.0261 25.8944 23.6376 27.4133 30.0731 31.4134 31.4273 30.097 27.477 23.6294 17.277 14.5749 11.084 8.24275 8.32413 11.1498 14.5749 17.277 12.3388 6.06354 2.70436 1.55781 1.5534 2.69551 6.06329 
7.26602 2.89015 1.37938 1.0466 1.04657 1.37851 2.88461 7.24316 14.1624 6.89279 2.82677 1.49747 1.49738 2.82664 6.86797 14.203 24.7804 28.7932 31.3433 32.3121 32.3047 31.3545 28.775 24.8892 24.7882 26.4886 26.9799 26.9056 26.9056 26.9799 26.4886 24.7882 21.3128 25.4154 28.0626 29.2954 29.349 28.1352 25.7612 21.3647 15.5197 13.4173 10.5672 8.09331 8.28422 10.6921 13.4173 15.5197 11.3294 5.96215 2.8353 1.65125 1.64186 2.8142 5.96136 
7.50049 3.31601 1.5862 1.10467 1.10478 1.58615 3.31431 7.50327 12.6393 7.12332 3.31404 1.85814 1.85182 3.29704 7.14604 12.7037 20.2315 25.6073 28.0078 28.9186 28.9884 28.081 25.6073 20.2315 12.5975 12.2262 12.5284 13.0393 13.0393 12.5284 12.2262 12.5975 13.6006 18.8827 23.1256 24.8638 24.7162 22.9017 18.7661 13.5184 9.35517 7.85467 5.06338 3.3939 3.41492 5.08445 7.85467 9.35517 6.62938 3.23471 1.5764 1.12336 1.12336 1.5764 3.23471 
8.81944 3.96829 1.79187 1.15565 1.15593 1.79325 3.97394 8.85795 14.1322 8.54503 4.1387 2.35006 2.33787 4.11053 8.54423 14.1578 20.0768 26.718 30.3019 31.5699 31.5548 30.2693 26.718 20.0768 9.37838 9.44388 9.62618 9.43484 9.43484 9.62618 9.44388 9.37838 10.3432 17.6108 23.1602 25.265 25.3085 23.2518 17.5964 10.3311 5.04394 3.78705 2.31923 1.57906 1.57199 2.31892 3.78705 5.04394 3.82444 2.10284 1.22953 1.03349 1.03349 1.22953 2.10284 
9.84384 4.50511 1.96717 1.19732 1.19755 1.96823 4.50858 9.88186 15.132 9.56858 4.60874 2.55971 2.54592 4.57912 9.57263 15.1601 19.9835 27.2508 31.4939 32.9285 32.9133 31.4567 27.2508 19.9835 7.8238 8.27213 8.33398 7.79102 7.79102 8.33398 8.27213 7.8238 8.29315 16.5151 23.1988 25.7132 25.7614 23.3067 16.4938 8.28075 2.87189 1.8708 1.27855 1.07859 1.07777 1.27866 1.8708 2.87189 2.05813 1.35338 1.05651 1.00571 1.00571 1.05651 1.35338 
10.2046 4.6807 2.01791 1.20636 1.20643 2.01826 4.6815 10.228 15.4428 9.86248 4.67551 2.55114 2.54201 4.65567 9.86113 15.465 19.814 27.5052 31.9468 33.3141 33.3043 31.9287 27.5052 19.814 7.16863 9.55611 9.72815 7.19022 7.19022 9.72815 9.55611 7.16863 7.10115 15.564 23.1505 25.9913 26.0285 23.2376 15.5465 7.09471 2.16828 1.32124 1.05621 1.00885 1.00878 1.05535 1.32124 2.16828 1.42874 1.09763 1.01102 1.00046 1.00046 1.01102 1.09763 
10.228 4.6815 2.01826 1.20643 1.20643 2.01826 4.6815 10.228 15.465 9.86113 4.65567 2.54201 2.53788 4.64789 9.86113 15.465 19.866 27.5185 31.9468 33.3141 33.3141 31.9468 27.5052 19.814 7.16729 9.55587 9.72793 7.19037 7.19022 9.72815 9.55611 7.16863 7.09471 15.5465 23.2376 26.0285 25.9913 23.1505 15.564 7.10115 2.14569 1.32039 1.05535 1.00878 1.00891 1.05641 1.32124 2.16828 1.42874 1.09763 1.01102 1.00046 1.00045 1.01101 1.09764 
9.88186 4.50858 1.96823 1.19755 1.19755 1.96823 4.50858 9.88186 15.1601 9.57263 4.57912 2.54592 2.53989 4.568 9.57263 15.1601 20.0012 27.2868 31.4939 32.9285 32.9285 31.4939 27.2508 19.9835 7.82426 8.26939 8.33396 7.79112 7.79102 8.33398 8.27213 7.8238 8.28075 16.4938 23.3067 25.7614 25.7132 23.1988 16.5151 8.29315 2.84535 1.86849 1.27866 1.07777 1.07891 1.27852 1.8708 2.87189 2.05813 1.35338 1.05651 1.00571 1.00571 1.05653 1.35332 
8.85795 3.97394 1.79325 1.15593 1.15593 1.79325 3.97394 8.85795 14.1578 8.54423 4.11053 2.33787 2.33354 4.10377 8.54423 14.1578 20.0883 26.7499 30.3019 31.5699 31.5699 30.3019 26.718 20.0768 9.37383 9.44101 9.62678 9.43495 9.43484 9.62618 9.44388 9.37838 10.3311 17.5964 23.2518 25.3085 25.265 23.1602 17.6108 10.3432 5.02932 3.78214 2.31892 1.57199 1.58152 2.32132 3.78705 5.04394 3.82444 2.10284 1.22953 1.03349 1.03364 1.23007 2.10293 
7.50327 3.31431 1.58615 1.10478 1.10478 1.58615 3.31431 7.50327 12.7037 7.14604 3.29704 1.85182 1.84748 3.28321 7.14604 12.7037 20.1833 25.551 28.0078 28.9186 28.9186 28.0078 25.6073 20.2315 12.4735 12.066 12.5263 13.0378 13.0393 12.5284 12.2262 12.5975 13.5184 18.7661 22.9017 24.7162 24.8638 23.1256 18.8827 13.6006 9.38451 7.79612 5.08445 3.41492 3.38533 5.04602 7.85467 9.35517 6.62938 3.23471 1.5764 1.12336 1.12343 1.57461 3.21844 
2.9735 1.57487 1.11473 1.01624 1.01618 1.11389 1.57056 2.95711 5.64083 3.07776 1.59483 1.13525 1.13978 1.61573 3.10309 5.75737 11.5674 15.1142 16.4724 17.0649 17.0649 16.4724 15.1142 11.6342 4.94023 4.08824 4.01121 4.37525 4.34584 3.98741 4.06579 4.9098 6.90408 10.5718 13.1746 14.7848 14.7848 13.1746 10.5718 6.90408 3.32332 3.0008 1.99578 1.54191 1.54191 1.99578 2.99387 3.30039 1.99834 1.18529 1.01442 0.999301 0.999354 1.01474 1.18821 
1.75075 1.21867 1.04241 1.00492 1.00496 1.04265 1.21944 1.75161 2.73084 1.66381 1.14648 1.02333 1.02345 1.14876 1.67096 2.77344 5.59216 7.43745 8.29135 8.29326 8.29326 8.29135 7.43745 5.59476 2.31356 1.84002 1.77721 1.98523 1.98384 1.77502 1.83775 2.3105 3.37651 5.66286 7.20595 7.8067 7.8067 7.20595 5.66286 3.37651 1.64731 1.43992 1.18789 1.07237 1.07237 1.18789 1.44158 1.64775 1.26106 1.03307 1.00087 0.999489 0.999491 1.00087 1.03309 
1.18285 1.04889 1.0075 1.00052 1.00053 1.00754 1.04905 1.18325 1.43092 1.12602 1.01933 1.00147 1.00148 1.01962 1.12707 1.44473 2.73837 3.62003 3.99851 3.76433 3.76433 3.99851 3.62003 2.74059 1.2773 1.13708 1.12043 1.17744 1.17746 1.1204 1.13697 1.27639 1.6625 2.78324 3.61879 3.65527 3.65527 3.61879 2.78324 1.6625 1.09733 1.05327 1.01758 1.0047 1.0047 1.01758 1.05332 1.09734 1.04197 1.00478 1.0001 0.999915 0.999915 1.0001 1.00476 
1.038 1.00814 1.00083 0.999842 0.999843 1.00084 1.00816 1.03807 1.08516 1.01672 1.00108 0.999705 0.999707 1.00109 1.01677 1.08908 1.6458 2.07155 2.23081 2.08355 2.08355 2.23081 2.07155 1.6463 1.05061 1.01886 1.01568 1.02906 1.02906 1.01568 1.01884 1.05048 1.15911 1.62702 2.05728 2.09739 2.09739 2.05728 1.62702 1.15911 1.01022 1.00365 1.00054 0.999927 0.999927 1.00054 1.00364 1.01022 1.00538 1.00054 0.999934 0.999988 0.999988 0.999934 1.00054 
1.03807 1.00816 1.00084 0.999843 0.999843 1.00084 1.00816 1.03807 1.08908 1.01677 1.00108 0.999705 0.999705 1.00108 1.01672 1.08516 1.6463 2.07155 2.23081 2.08355 2.07441 2.21657 2.07282 1.6458 1.05048 1.01884 1.01568 1.02906 1.02906 1.01568 1.01884 1.05048 1.15656 1.61778 2.04367 2.08923 2.08923 2.04367 1.62702 1.15656 1.01022 1.00364 1.00054 0.999924 0.999924 1.00054 1.00364 1.01022 1.00538 1.00054 0.999934 0.999988 0.999988 0.999934 1.00054 
1.18325 1.04905 1.00754 1.00053 1.00053 1.00754 1.04905 1.18325 1.44473 1.12707 1.01933 1.00147 1.00147 1.01933 1.12602 1.43092 2.74059 3.62003 3.99851 3.76433 3.74672 3.96863 3.62504 2.73837 1.27639 1.13697 1.1204 1.17746 1.17746 1.1204 1.13697 1.27639 1.65328 2.76026 3.59147 3.64161 3.64161 3.59147 2.78324 1.65328 1.09734 1.05328 1.01746 1.00466 1.00466 1.01746 1.05328 1.09734 1.04197 1.00478 1.0001 0.999915 0.999915 1.0001 1.00478 
1.75161 1.21944 1.04265 1.00496 1.00496 1.04265 1.21944 1.75161 2.77344 1.67096 1.14648 1.02333 1.02333 1.14648 1.66381 2.73084 5.59476 7.43745 8.29135 8.29326 8.27191 8.25907 7.45342 5.59216 2.3105 1.83775 1.77502 1.98384 1.98384 1.77502 1.83775 2.3105 3.36561 5.65058 7.20012 7.80554 7.80554 7.20012 5.66286 3.36561 1.64775 1.44168 1.18699 1.07204 1.07204 1.18699 1.44168 1.64775 1.26106 1.03307 1.00087 0.999489 0.999489 1.00087 1.03307 
2.95711 1.57056 1.11389 1.01618 1.01618 1.11389 1.57056 2.95711 5.75737 3.10309 1.59483 1.13525 1.13525 1.59483 3.07776 5.64083 11.6342 15.1142 16.4724 17.0649 17.0781 16.4922 15.04 11.5674 4.9098 4.06579 3.98741 4.34584 4.34584 3.98741 4.06579 4.9098 6.87745 10.5399 13.141 14.7334 14.7334 13.141 10.5718 6.87745 3.30039 2.979 1.98446 1.5365 1.5365 1.98446 2.979 3.30039 1.99834 1.18529 1.01442 0.999301 0.999301 1.01442 1.18529 
1.62219 1.13399 1.01991 1.00257 1.00257 1.01991 1.13399 1.62219 2.74686 1.76681 1.20254 1.04298 1.04298 1.20254 1.76978 2.75142 4.69119 6.25197 6.88344 7.55137 7.55137 6.88344 6.25197 4.69119 2.23928 2.20702 2.19237 2.02225 2.02225 2.19237 2.20702 2.23928 3.07167 5.00914 6.63469 7.52436 7.52436 6.63469 5.00914 3.07167 1.60566 1.51799 1.21 1.07357 1.07357 1.21 1.51799 1.60566 1.19498 1.03359 1.00357 1.00014 1.00014 1.00357 1.03359 
1.13618 1.03164 1.0048 1.00035 1.00035 1.0048 1.03164 1.13618 1.43706 1.16709 1.03669 1.00592 1.00592 1.03669 1.16799 1.43604 2.75869 3.72365 4.11943 4.15743 4.15743 4.11943 3.72365 2.75869 1.32345 1.38457 1.3776 1.27564 1.27564 1.3776 1.38457 1.32345 1.43578 1.9763 2.51577 2.87836 2.87836 2.51577 1.9763 1.43578 1.08516 1.07535 1.0252 1.00578 1.00578 1.0252 1.07535 1.08516 1.02769 1.00443 1.00032 0.999959 0.999959 1.00032 1.00443 
1.01963 1.00471 1.00047 0.999925 0.999925 1.00047 1.00471 1.01963 1.07791 1.02321 1.00368 1.00023 1.00023 1.00368 1.02338 1.07702 1.68824 2.206 2.44014 2.17705 2.17705 2.44014 2.206 1.68824 1.05847 1.0839 1.0824 1.05049 1.05049 1.0824 1.0839 1.05847 1.05712 1.15891 1.27264 1.35794 1.35794 1.27264 1.15891 1.05712 1.00717 1.00721 1.00171 1.00016 1.00016 1.00171 1.00721 1.00717 1.00233 1.00037 0.999957 0.999993 0.999993 0.999957 1.00037 
1.0019 1.00039 0.999934 0.999968 0.999968 0.999934 1.00039 1.0019 1.00916 1.00175 1.00002 0.999871 0.999871 1.00002 1.00177 1.00895 1.20196 1.40716 1.49859 1.37872 1.37872 1.49859 1.40716 1.20196 1.00644 1.01116 1.01112 1.00559 1.00559 1.01112 1.01116 1.00644 1.00456 1.01412 1.0298 1.04018 1.04018 1.0298 1.01412 1.00456 1.00024 1.00016 0.999946 0.999905 0.999905 0.999946 1.00016 1.00024 1.00021 0.999945 0.999989 1 1 0.999989 0.999945 
0 0 0 0 0.999968 0.999934 1.00039 1.0019 1.00895 1.00177 1.00002 0.999871 0.999871 1.00002 1.00175 1.00916 1.20196 1.40716 1.49859 1.37872 1.37474 1.49117 1.40117 1.19953 1.00658 1.01101 1.01096 1.00551 1.00559 1.01112 1.01116 1.00644 1.00456 1.01412 1.0298 1.04018 1.04009 1.02944 1.01404 1.00458 1.00024 1.00016 0.999946 0.999905 0.999905 0.999946 1.00016 1.00024 1.00021 0.999945 0.999989 1 0 0 0 
0 0 0 0 0.999925 1.00047 1.00471 1.01963 1.07702 1.02338 1.00368 1.00023 1.00023 1.00365 1.02321 1.07791 1.68824 2.206 2.44014 2.17705 2.16592 2.4211 2.19021 1.6807 1.05899 1.08286 1.08137 1.04998 1.05049 1.0824 1.0839 1.05847 1.05712 1.15891 1.27264 1.35794 1.3573 1.27059 1.15826 1.05722 1.00717 1.00721 1.00171 1.00016 1.00016 1.00171 1.00721 1.00717 1.00233 1.00037 0.999957 0.999993 0 0 0 
0 0 0 0 1.00035 1.0048 1.03164 1.13618 1.43604 1.16799 1.03669 1.00592 1.0059 1.03651 1.16709 1.43706 2.75869 3.72365 4.11943 4.15743 4.14201 4.10721 3.71201 2.75009 1.32425 1.38101 1.37399 1.27365 1.27564 1.3776 1.38457 1.32345 1.43578 1.9763 2.51577 2.87836 2.87437 2.50654 1.97256 1.43531 1.08535 1.07535 1.0252 1.00578 1.00578 1.0252 1.07535 1.08516 1.02769 1.00443 1.00032 0.999959 0 0 0 
