0 0 0 0 1.0001 1.00135 1.01129 1.07003 1.34974 1.09429 1.0165 1.00238 1.00239 1.01662 1.09495 1.35317 2.62453 2.10174 1.86472 1.81083 1.81004 1.86355 2.09953 2.63399 4.12422 3.08077 2.33652 2.32867 2.32461 2.3349 3.0749 4.12396 3.89609 4.32235 4.82062 5.33511 5.30807 4.77412 4.27125 3.85654 3.47089 2.78125 1.90058 1.35882 1.35838 1.89873 2.77685 3.46921 2.34054 1.37023 1.06434 1.00906 0 0 0 
0 0 0 0 0.99996 1.00006 1.00127 1.00807 1.03855 1.00899 1.00116 0.999925 0.999926 1.00117 1.00903 1.03881 1.32898 1.18008 1.1197 1.10716 1.10693 1.11938 1.17964 1.33247 2.09273 1.56482 1.29575 1.28367 1.28151 1.29329 1.55939 2.08471 2.25721 2.63622 2.90924 2.93978 2.94932 2.91698 2.64258 2.26077 1.58983 1.39319 1.16719 1.04438 1.04426 1.16671 1.39256 1.58852 1.34868 1.10786 1.017 1.00186 0 0 0 
0 0 0 0 0.999995 0.999976 1.00005 1.00076 1.00211 1.00015 0.999876 0.999918 0.999917 0.999877 1.00015 1.00211 1.04379 1.01743 1.00924 1.00766 1.00763 1.0092 1.01737 1.04466 1.31156 1.1319 1.05242 1.04696 1.04648 1.05184 1.13029 1.30836 1.39791 1.61224 1.7582 1.63917 1.64466 1.76721 1.61899 1.40126 1.09278 1.05498 1.01952 1.00347 1.00346 1.01944 1.05491 1.09223 1.0572 1.01586 1.00195 1.00006 0 0 0 
0 0 0 0 1 0.999995 0.99996 1.00006 0.999875 0.999736 0.999956 0.999993 0.999993 0.999956 0.999735 0.99987 1.0043 1.00075 1.00006 1.00001 1 1.00006 1.00074 1.00444 1.06579 1.02222 1.00688 1.00547 1.0054 1.00679 1.02192 1.06504 1.09836 1.17052 1.22325 1.17486 1.17661 1.2262 1.17265 1.09932 1.01024 1.00461 1.00092 0.999938 0.999936 1.00091 1.00462 1.01011 1.00716 1.00164 1.00004 0.99992 0 0 0 
1.00006 0.99996 0.999995 1 1 0.999995 0.99996 1.00006 0.99987 0.999735 0.999956 0.999993 0.999993 0.999956 0.999735 0.99987 1.00444 1.00074 1.00006 1 1 1.00006 1.00075 1.0043 1.06579 1.02222 1.00688 1.00547 1.00547 1.00688 1.02222 1.06579 1.09932 1.17265 1.2262 1.17661 1.17661 1.2262 1.17265 1.09932 1.01011 1.00462 1.00091 0.999936 0.999938 1.00091 1.00461 1.01024 1.00716 1.00164 1.00004 0.99992 0.99992 1.00004 1.00164 
1.00076 1.00005 0.999976 0.999995 0.999995 0.999976 1.00005 1.00076 1.00211 1.00015 0.999877 0.999917 0.999917 0.999877 1.00015 1.00211 1.04466 1.01737 1.0092 1.00763 1.00763 1.0092 1.01743 1.04379 1.31156 1.1319 1.05242 1.04696 1.04696 1.05242 1.1319 1.31156 1.40126 1.61899 1.76721 1.64466 1.64466 1.76721 1.61899 1.40126 1.09223 1.05491 1.01944 1.00346 1.00347 1.01944 1.05498 1.09278 1.0572 1.01586 1.00195 1.00006 1.00006 1.00195 1.01586 
1.00807 1.00127 1.00006 0.99996 0.99996 1.00006 1.00127 1.00807 1.03881 1.00903 1.00117 0.999926 0.999926 1.00117 1.00903 1.03881 1.33247 1.17964 1.11938 1.10693 1.10693 1.11938 1.18008 1.32898 2.09273 1.56482 1.29575 1.28367 1.28367 1.29575 1.56482 2.09273 2.26077 2.64258 2.91698 2.94932 2.94932 2.91698 2.64258 2.26077 1.58852 1.39256 1.16671 1.04426 1.04438 1.16671 1.39319 1.58983 1.34868 1.10786 1.017 1.00186 1.00186 1.017 1.10786 
1.07003 1.01129 1.00135 1.0001 1.0001 1.00135 1.01129 1.07003 1.35317 1.09495 1.01662 1.00239 1.00239 1.01662 1.09495 1.35317 2.63399 2.09953 1.86355 1.81004 1.81004 1.86355 2.10174 2.62453 4.12422 3.08077 2.33652 2.32867 2.32867 2.33652 3.08077 4.12422 3.85654 4.27125 4.77412 5.30807 5.30807 4.77412 4.27125 3.85654 3.46921 2.77685 1.89873 1.35838 1.35882 1.89873 2.78125 3.47089 2.34054 1.37023 1.06434 1.00906 1.00906 1.06434 1.37023 
1.49447 1.0841 1.00834 1.00039 1.00039 1.00834 1.0841 1.49447 2.53262 1.51147 1.09854 1.01573 1.01591 1.09957 1.51147 2.53262 5.43524 4.42756 3.98149 3.92119 3.92119 3.98149 4.37996 5.41387 8.19706 6.74666 5.32338 5.04522 5.06749 5.33926 6.76657 8.25224 9.13992 9.98473 10.81 11.2688 11.3462 10.8964 10.1327 9.27276 7.20034 5.47709 3.82777 2.65946 2.6858 3.85561 5.49645 7.22112 4.86412 2.35531 1.32663 1.05765 1.05768 1.32644 2.35218 
1.1273 1.01879 1.00152 0.999792 0.999792 1.00152 1.01879 1.1273 1.39746 1.10612 1.01527 1.00128 1.00128 1.01527 1.10612 1.39746 2.53717 1.9881 1.84033 1.80485 1.80485 1.84033 1.99691 2.55703 4.31362 3.71225 2.8102 2.4923 2.52303 2.85445 3.75947 4.3642 5.08708 5.86172 5.82498 5.69299 5.65601 5.76756 5.79701 5.04349 3.56159 2.84764 1.94613 1.41859 1.42073 1.94899 2.84673 3.5592 2.89751 1.72754 1.1463 1.01885 1.01896 1.14691 1.73014 
1.02019 1.00259 1.00005 0.999926 0.999926 1.00005 1.00259 1.02019 1.05605 1.01196 1.00091 0.999783 0.999782 1.00091 1.01196 1.05605 1.32945 1.15512 1.1188 1.11074 1.11074 1.1188 1.15649 1.3334 2.10692 1.8119 1.42613 1.32384 1.33853 1.44782 1.83874 2.13222 2.62415 3.13471 2.86569 2.62669 2.60937 2.82926 3.08459 2.5936 1.70492 1.48197 1.18834 1.05569 1.05601 1.18912 1.48268 1.70462 1.68125 1.25505 1.03725 1.00327 1.00328 1.03735 1.25566 
1.00262 1.00019 0.999902 0.999981 0.999981 0.999902 1.00019 1.00262 1.00533 1.00039 0.99982 0.999956 0.999957 0.99982 1.00039 1.00533 1.05398 1.01524 1.01053 1.00951 1.00951 1.01053 1.0154 1.05474 1.35998 1.21753 1.08197 1.06006 1.0632 1.08731 1.22671 1.36994 1.60866 1.85896 1.69473 1.53465 1.52735 1.67863 1.83722 1.59549 1.15772 1.10357 1.02897 1.0047 1.00473 1.02906 1.10369 1.1577 1.20707 1.06346 1.00672 1.00012 1.00012 1.00673 1.06356 
1.00262 1.00019 0.999902 0.999981 0.999981 0.999902 1.00019 1.00262 1.0054 1.00039 0.99982 0.999957 0.999957 0.99982 1.00039 1.00533 1.05398 1.01524 1.01051 1.00951 1.00951 1.01053 1.01524 1.05398 1.36994 1.22671 1.08731 1.0632 1.0632 1.08731 1.22671 1.36994 1.59549 1.83722 1.67863 1.52735 1.5236 1.67151 1.82638 1.58938 1.1577 1.10369 1.02906 1.00473 1.00469 1.02882 1.10369 1.15826 1.20707 1.06346 1.00673 1.00012 1.00012 1.00672 1.06346 
1.02017 1.00258 1.00005 0.999926 0.999926 1.00005 1.00259 1.02019 1.05669 1.01198 1.00091 0.999782 0.999782 1.00091 1.01196 1.05605 1.32945 1.15512 1.11868 1.11073 1.11074 1.1188 1.15512 1.32945 2.13222 1.83874 1.44782 1.33853 1.33853 1.44782 1.83874 2.13222 2.5936 3.08459 2.82926 2.60937 2.60073 2.81252 3.06044 2.5787 1.70462 1.48268 1.18912 1.05601 1.05586 1.18837 1.48268 1.70656 1.68125 1.25505 1.03735 1.00327 1.00327 1.03725 1.25505 
1.1271 1.01872 1.00151 0.999787 0.999792 1.00152 1.01879 1.1273 1.40016 1.10623 1.01527 1.00128 1.00128 1.01527 1.10612 1.39746 2.53717 1.9881 1.83855 1.80391 1.80485 1.84033 1.9881 2.53717 4.3642 3.75947 2.85445 2.52303 2.52303 2.85445 3.75947 4.3642 5.04349 5.79701 5.76756 5.65601 5.6423 5.74477 5.772 5.02404 3.5592 2.84673 1.94899 1.42073 1.42033 1.94741 2.84673 3.56369 2.89751 1.72754 1.14691 1.01885 1.01885 1.1463 1.72754 
1.49804 1.08454 1.00832 1.00038 1.00039 1.00834 1.0841 1.49447 2.55399 1.51729 1.09957 1.01591 1.01591 1.09957 1.51147 2.53262 5.43524 4.42756 4.03758 3.97846 3.92119 3.98149 4.42756 5.43524 8.25224 6.76657 5.33926 5.06749 5.06749 5.33926 6.76657 8.25224 9.27276 10.1327 10.8964 11.3462 11.3484 10.8947 10.1327 9.26521 7.22112 5.49645 3.85561 2.6858 2.68512 3.85582 5.49645 7.23723 4.86412 2.35531 1.32644 1.05765 1.05765 1.32663 2.35531 
3.88052 1.96446 1.22618 1.03395 1.03441 1.22889 1.97579 3.91431 6.71333 3.5706 1.72854 1.1877 1.1877 1.72854 3.5561 6.74254 12.2493 11.2244 11.0446 11.1282 11.1282 11.0446 11.2244 12.2493 15.2514 13.0827 11.808 11.3441 11.3441 11.808 13.0827 15.2514 15.5704 16.5564 17.8336 18.7577 18.7834 17.8801 16.6055 15.6226 12.572 10.4027 8.95437 8.18398 8.19234 8.9684 10.4027 12.572 9.78471 4.82541 2.07659 1.26594 1.26594 2.07659 4.82541 
2.34745 1.39475 1.07148 1.00786 1.00787 1.07159 1.39556 2.35182 3.90149 2.07419 1.23306 1.04025 1.04025 1.23306 2.07583 3.95411 8.73057 6.09784 5.39475 5.28131 5.28131 5.39475 6.09784 8.73057 15.3929 12.2329 9.74356 8.69127 8.69127 9.74356 12.2329 15.3929 17.2936 18.4984 19.6928 20.7395 20.7368 19.6957 18.5068 17.3051 13.861 11.9416 10.7509 10.8374 10.8362 10.7516 11.9416 13.861 10.2191 4.7556 2.02936 1.24223 1.24223 2.02936 4.7556 
1.42836 1.09696 1.01326 1.00084 1.00084 1.01329 1.09727 1.43083 2.32456 1.35001 1.05152 1.00488 1.00488 1.05152 1.35185 2.36738 6.58043 3.26508 2.39515 2.26526 2.26526 2.39515 3.26508 6.58043 14.7761 11.7578 8.70462 7.30209 7.30209 8.70462 11.7578 14.7761 16.2071 17.3999 18.4335 19.1963 19.2019 18.4451 17.4118 16.2243 13.2397 11.131 9.7336 8.95814 8.96427 9.74025 11.131 13.2397 10.0736 4.87544 2.04743 1.22296 1.22296 2.04743 4.87544 
1.09063 1.00917 1.00095 1.00001 1.00001 1.00096 1.00924 1.09149 1.65167 1.09842 1.00712 0.999928 0.999928 1.00712 1.10028 1.68301 5.37323 2.21841 1.43415 1.35016 1.35016 1.43415 2.21841 5.37323 14.6278 12.9664 9.72912 6.67724 6.67724 9.72912 12.9664 14.6278 14.999 16.1642 17.1364 17.8698 17.8653 17.124 16.1439 15 12.4148 10.128 8.03132 6.54618 6.53409 8.01198 10.128 12.4148 10.3047 5.50276 2.20661 1.23392 1.23392 2.20661 5.50276 
1.09149 1.00924 1.00096 1.00001 1.00001 1.00096 1.00924 1.09149 1.65167 1.09842 1.00692 0.999908 0.999928 1.00712 1.09842 1.65167 5.37323 2.21841 1.43566 1.35153 1.35153 1.43566 2.21945 5.51754 14.6239 12.9486 9.71394 6.67146 6.67724 9.72912 12.9664 14.6278 14.9945 16.2016 17.1829 17.9068 17.8698 17.1364 16.1642 14.999 12.4086 10.1067 8.01198 6.53409 6.54618 8.03132 10.128 12.4148 10.3047 5.50276 2.20661 1.23392 1.23447 2.20871 5.51029 
1.43083 1.09727 1.01329 1.00084 1.00084 1.01329 1.09727 1.43083 2.32456 1.35001 1.05095 1.00481 1.00488 1.05152 1.35001 2.32456 6.58043 3.26508 2.40098 2.26893 2.26893 2.40098 3.2868 6.75888 14.7573 11.7167 8.68764 7.29347 7.30209 8.70462 11.7578 14.7761 16.1799 17.4221 18.4761 19.2717 19.1963 18.4335 17.3999 16.2071 13.2644 11.1343 9.74025 8.96427 8.95814 9.7336 11.131 13.2397 10.0736 4.87544 2.04743 1.22296 1.22412 2.05157 4.88854 
2.35182 1.39556 1.07159 1.00787 1.00787 1.07159 1.39556 2.35182 3.90149 2.07419 1.23131 1.03988 1.04025 1.23306 2.07419 3.90149 8.73057 6.09784 5.40162 5.28503 5.28503 5.40162 6.12418 8.92384 15.3555 12.1915 9.73024 8.68545 8.69127 9.74356 12.2329 15.3929 17.2708 18.5237 19.7503 20.8442 20.7395 19.6928 18.4984 17.2936 13.893 11.9439 10.7516 10.8362 10.8374 10.7509 11.9416 13.861 10.2191 4.7556 2.02936 1.24223 1.24371 2.03449 4.77166 
3.91431 1.97579 1.22889 1.03441 1.03441 1.22889 1.97579 3.91431 6.71333 3.5706 1.72789 1.18754 1.1877 1.72854 3.5706 6.71333 12.2493 11.2244 11.1428 11.2291 11.2291 11.1428 11.4008 12.5282 15.3451 13.2035 11.9422 11.4604 11.3441 11.808 13.0827 15.2514 15.6352 16.6762 18.004 18.9561 18.7577 17.8336 16.5564 15.5704 12.6007 10.4187 8.9684 8.19234 8.18398 8.95437 10.4027 12.572 9.78471 4.82541 2.07659 1.26594 1.26861 2.08615 4.85886 
8.73862 3.88893 1.83475 1.18946 1.18946 1.83475 3.88893 8.73862 14.9296 8.43676 3.68981 2.06485 2.06485 3.68981 8.43676 14.9296 23.2624 25.4526 26.8419 27.4638 27.7484 27.1018 25.4472 23.3163 24.1629 24.1879 24.2808 23.8924 24.0489 24.4534 24.1879 24.1629 23.2034 25.8307 27.5696 27.8435 27.8435 27.5696 25.8979 23.2293 16.8895 14.2021 10.5155 7.81606 7.84739 10.5003 14.1907 16.9106 13.2615 7.15237 3.06282 1.67766 1.68112 3.07164 7.15307 
10.6203 4.69671 2.1167 1.28029 1.28029 2.1167 4.69671 10.6203 17.3812 10.4993 4.81645 2.71663 2.71663 4.81645 10.4993 17.3812 26.0907 28.6148 30.3268 31.0305 30.9841 30.2475 28.6014 26.1625 25.3215 24.8386 25.0243 25.0746 25.078 25.021 24.8386 25.3215 26.514 29.9865 31.5038 31.9223 31.9223 31.5038 29.9898 26.4682 18.3856 15.3989 11.1559 8.1357 8.11868 11.1629 15.4089 18.4398 13.8138 7.43954 3.23232 1.79053 1.79737 3.24824 7.44034 
12.036 5.36156 2.34632 1.35093 1.35093 2.34632 5.36156 12.036 19.1871 11.6541 5.29742 2.95187 2.95187 5.29742 11.6541 19.1871 27.9745 30.8272 32.5078 33.1568 33.1219 32.4399 30.8221 28.0492 25.3378 23.9499 24.3319 25.4545 25.4682 24.3183 23.9499 25.3378 28.0403 31.9026 33.4362 33.8496 33.8496 33.4362 31.9114 27.9977 19.3547 16.1355 11.6058 8.41414 8.38572 11.6137 16.1462 19.4153 14.3863 7.67145 3.31316 1.8176 1.82434 3.32863 7.67217 
12.4442 5.52637 2.36321 1.33417 1.33417 2.36321 5.52637 12.4442 19.8153 11.8326 5.32407 2.91127 2.91127 5.32407 11.8326 19.8153 28.8562 31.8235 33.3218 33.8644 33.8461 33.2831 31.8264 28.9081 25.2781 23.6115 24.1088 25.552 25.5605 24.1013 23.6115 25.2781 28.5645 32.398 33.9268 34.3408 34.3408 33.9268 32.4041 28.5403 19.999 16.5899 11.7049 8.40871 8.39436 11.7107 16.5964 20.0547 14.9688 7.73759 3.25356 1.73355 1.73738 3.26159 7.73824 
12.4419 5.52638 2.36329 1.33261 1.33417 2.36321 5.52637 12.4442 19.8153 11.8326 5.33751 2.9175 2.9175 5.33751 11.8256 19.9116 28.9081 31.8264 33.2831 33.8461 33.8439 33.2771 31.8264 28.9081 25.2761 23.6114 24.1013 25.5605 25.552 24.1088 23.6115 25.2781 28.5403 32.4041 33.9304 34.3427 34.3408 33.9268 32.398 28.5645 19.9963 16.6285 11.6982 8.39436 8.40247 11.7049 16.6285 19.9963 14.9688 7.73759 3.25356 1.73355 1.73355 3.25356 7.73759 
12.0334 5.36156 2.34639 1.34843 1.35093 2.34632 5.36156 12.036 19.1871 11.6541 5.3185 2.96132 2.96132 5.3185 11.6605 19.2807 28.0492 30.8221 32.4399 33.1219 33.1211 32.436 30.8221 28.0492 25.3363 23.9503 24.3183 25.4682 25.4545 24.3319 23.9499 25.3378 27.9977 31.9114 33.4431 33.8533 33.8496 33.4362 31.9026 28.0403 19.3583 16.2085 11.5977 8.38572 8.40154 11.6058 16.2085 19.3583 14.3863 7.67145 3.31316 1.8176 1.8176 3.31316 7.67145 
10.6178 4.69669 2.11675 1.2781 1.28029 2.1167 4.69671 10.6203 17.3812 10.4993 4.8308 2.72392 2.72392 4.8308 10.499 17.4816 26.1625 28.6014 30.2475 30.9841 30.985 30.2501 28.6014 26.1625 25.3209 24.8394 25.021 25.078 25.0746 25.0243 24.8386 25.3215 26.4682 29.9898 31.5055 31.9207 31.9223 31.5038 29.9865 26.514 18.385 15.4641 11.1467 8.11868 8.12816 11.1559 15.4641 18.385 13.8138 7.43954 3.23232 1.79053 1.79053 3.23232 7.43954 
8.7375 3.88892 1.83478 1.18824 1.18946 1.83475 3.88893 8.73862 14.9296 8.43676 3.71091 2.07174 2.07174 3.71091 8.47338 15.0995 23.3163 25.4472 27.1018 27.7484 27.748 27.1013 25.4472 23.3163 24.1647 24.1926 24.4534 24.0489 23.8924 24.2808 24.1879 24.1629 23.2293 25.8979 27.6436 27.9197 27.8435 27.5696 25.8307 23.2034 16.9517 14.2786 10.5222 7.84739 7.83137 10.5155 14.2786 16.9517 13.2615 7.15237 3.06282 1.67766 1.67766 3.06282 7.15237 
8.09419 3.29209 1.52889 1.08737 1.08737 1.52889 3.29209 8.09419 15.7219 7.40396 2.99082 1.53753 1.53753 2.99082 7.40396 15.7219 26.663 29.4525 31.0712 31.6944 31.6959 31.078 29.4525 26.663 30.5328 32.5278 32.8063 32.3435 32.3952 32.8436 32.5668 30.5868 26.6434 30.0905 31.809 32.4595 32.4595 31.809 30.0905 26.6434 19.1839 15.7642 11.5009 8.63928 8.65421 11.5622 15.7642 19.1839 14.2066 7.48289 3.31027 1.82382 1.82382 3.31027 7.48289 
7.95705 3.1446 1.44156 1.06301 1.06301 1.44156 3.1446 7.95705 15.9417 7.33324 2.89484 1.47623 1.47623 2.89484 7.33324 15.9417 27.7387 30.8335 32.7053 33.3619 33.3627 32.7071 30.8335 27.7387 31.2174 32.9921 33.3354 33.2394 33.2406 33.3369 33.002 31.2637 28.1747 30.9447 32.7159 33.4411 33.4411 32.7159 30.9447 28.1747 20.9691 16.8402 11.4974 8.19847 8.23032 11.5799 16.8402 20.9691 14.8969 7.36697 3.17675 1.75101 1.75101 3.17675 7.36697 
7.86805 3.06178 1.4044 1.05436 1.05436 1.4044 3.06178 7.86805 15.9737 7.24777 2.83036 1.44489 1.44489 2.83036 7.24777 15.9737 28.1891 31.4793 33.4287 34.08 34.0802 33.4289 31.4793 28.1891 31.5713 33.0699 33.49 33.6229 33.6238 33.4919 33.0787 31.6156 29.0378 31.6855 33.4158 34.116 34.116 33.4158 31.6855 29.0378 21.7717 17.1985 11.4596 8.20635 8.23611 11.5268 17.1985 21.7717 15.3262 7.40176 3.13723 1.7116 1.7116 3.13723 7.40176 
7.82547 3.01443 1.39015 1.05005 1.05005 1.39015 3.01443 7.82547 15.9616 7.19102 2.80061 1.43012 1.43012 2.80061 7.19102 15.9616 28.3481 31.6682 33.6208 34.2431 34.2429 33.6205 31.6682 28.3481 31.7809 32.9958 33.4955 33.8423 33.8425 33.4964 33.0004 31.805 29.4998 32.1914 33.8001 34.403 34.403 33.8001 32.1914 29.4998 22.106 17.2086 11.3845 8.29146 8.30846 11.3976 17.2086 22.106 15.7023 7.46016 3.10164 1.65453 1.65453 3.10164 7.46016 
7.81404 3.01756 1.39147 1.05032 1.05005 1.39015 3.01443 7.82547 15.8899 7.20717 2.80047 1.4301 1.43012 2.80061 7.19102 15.9616 28.2878 31.6745 33.6193 34.2429 34.2431 33.6208 31.6682 28.3481 31.805 33.0004 33.4964 33.8425 33.8425 33.4964 33.0004 31.805 29.5032 32.1761 33.7437 34.379 34.403 33.8001 32.1914 29.4998 22.165 17.236 11.3976 8.30846 8.29146 11.3845 17.2086 22.106 15.7023 7.46016 3.10164 1.65453 1.6545 3.10157 7.45227 
7.8486 3.06562 1.40625 1.05478 1.05436 1.4044 3.06178 7.86805 15.9042 7.26397 2.82984 1.44478 1.44489 2.83036 7.24777 15.9737 28.1328 31.4866 33.4183 34.0802 34.08 33.4287 31.4793 28.1891 31.6156 33.0787 33.4919 33.6238 33.6238 33.4919 33.0787 31.6156 29.0442 31.6601 33.3148 34.0653 34.116 33.4158 31.6855 29.0378 21.8563 17.2538 11.5268 8.23611 8.20635 11.4596 17.1985 21.7717 15.3262 7.40176 3.13723 1.7116 1.71157 3.13716 7.38821 
7.93855 3.14934 1.4437 1.06351 1.06301 1.44156 3.1446 7.95705 15.8742 7.3487 2.89358 1.47596 1.47623 2.89484 7.33324 15.9417 27.6888 30.8426 32.6843 33.3627 33.3619 32.7053 30.8335 27.7387 31.2637 33.002 33.3369 33.2406 33.2406 33.3369 33.002 31.2637 28.1815 30.9141 32.5994 33.3775 33.4411 32.7159 30.9447 28.1747 21.0641 16.8992 11.5799 8.23032 8.19847 11.4974 16.8402 20.9691 14.8969 7.36697 3.17675 1.75101 1.75098 3.17666 7.35265 
8.08224 3.29509 1.53017 1.08775 1.08737 1.52889 3.29209 8.09419 15.6543 7.41668 2.98909 1.53711 1.53753 2.99082 7.40396 15.7219 26.6318 29.4652 31.1364 31.6959 31.6944 31.0712 29.4525 26.663 30.5868 32.5668 32.8436 32.3952 32.3952 32.8436 32.5668 30.5868 26.6638 30.0936 31.8168 32.5207 32.4595 31.809 30.0905 26.6434 19.2048 15.823 11.5622 8.65421 8.63928 11.5009 15.7642 19.1839 14.2066 7.48289 3.31027 1.82382 1.82381 3.31027 7.47196 
7.62279 2.93038 1.37368 1.0446 1.04432 1.3722 2.92413 7.60258 14.8961 7.11992 2.77641 1.4705 1.47026 2.77547 7.10542 14.9714 26.6456 30.0346 32.3473 33.2331 33.2237 32.3248 30.0125 26.6336 29.5301 32.3795 32.9807 32.6283 32.6258 32.979 32.3779 29.5278 24.6943 29.6977 31.9724 32.7124 32.7646 31.9127 29.7641 24.7587 14.7082 13.4598 12.5977 13.0627 13.1263 12.6034 13.4266 14.6594 11.5551 7.73867 4.5993 2.74003 2.71331 4.56913 7.73285 
7.68151 2.93859 1.37533 1.04425 1.04396 1.37385 2.9325 7.66165 15.103 7.14991 2.75805 1.46484 1.46479 2.75782 7.13532 15.1824 27.2948 30.781 33.1416 33.9725 33.962 33.1224 30.77 27.3032 29.8916 32.5856 33.3106 33.3569 33.3569 33.3106 32.5856 29.8897 25.1712 30.6611 33.0841 33.7965 33.8065 33.0685 30.6689 25.1722 14.1472 13.5942 13.8091 15.6516 15.7219 13.8145 13.5713 14.0987 10.9478 7.87256 5.25292 3.31459 3.27458 5.22363 7.87324 
7.69507 2.92406 1.36663 1.04229 1.04202 1.36526 2.91849 7.67705 15.2388 7.16499 2.7525 1.45764 1.45762 2.75241 7.15121 15.3181 27.6457 31.14 33.4617 34.2358 34.2265 33.4441 31.1267 27.6515 30.1502 32.6213 33.4491 33.6962 33.6962 33.449 32.6212 30.1481 25.6634 31.0171 33.5271 34.3015 34.319 33.5199 31.0327 25.6666 14.8779 14.0366 13.9723 15.3754 15.4414 13.9781 14.0161 14.8353 11.1182 7.76249 4.95267 3.07737 3.04204 4.92308 7.76198 
7.67352 2.88273 1.34555 1.03749 1.03738 1.34496 2.88039 7.66593 15.3195 7.13 2.73285 1.42945 1.42947 2.73287 7.11759 15.392 27.808 31.2843 33.6055 34.2984 34.2926 33.5953 31.2793 27.8111 30.3394 32.5354 33.4343 33.8713 33.8712 33.4342 32.5355 30.3373 26.1725 31.292 33.7428 34.4362 34.4467 33.7408 31.2978 26.1771 15.9473 14.4773 13.8381 14.1995 14.2339 13.8423 14.468 15.9293 11.4619 7.40241 4.38816 2.59769 2.58348 4.36756 7.39829 
7.66593 2.88039 1.34496 1.03738 1.03738 1.34496 2.88039 7.66593 15.3195 7.13 2.73285 1.42945 1.42945 2.73285 7.13 15.3195 27.8111 31.2793 33.5953 34.2926 34.2926 33.5953 31.2793 27.8111 30.3373 32.5355 33.4342 33.8712 33.8713 33.4343 32.5354 30.3394 26.0969 31.3038 33.732 34.4399 34.4362 33.7314 31.292 26.1725 15.9293 14.468 13.8423 14.2339 14.2339 13.8423 14.468 15.9293 11.4619 7.40241 4.38816 2.59769 2.59769 4.38816 7.40241 
7.67705 2.91849 1.36526 1.04202 1.04202 1.36526 2.91849 7.67705 15.2388 7.16499 2.7525 1.45764 1.45764 2.7525 7.16499 15.2388 27.6515 31.1267 33.4441 34.2265 34.2265 33.4441 31.1267 27.6515 30.1481 32.6212 33.449 33.6962 33.6962 33.4491 32.6213 30.1502 25.584 31.0393 33.5061 34.3078 34.3015 33.5 31.0171 25.6634 14.8353 14.0161 13.9781 15.4414 15.4414 13.9781 14.0161 14.8353 11.1182 7.76249 4.95267 3.07737 3.07737 4.95267 7.76249 
7.66165 2.9325 1.37385 1.04396 1.04396 1.37385 2.9325 7.66165 15.103 7.14991 2.75805 1.46484 1.46484 2.75805 7.14991 15.103 27.3032 30.77 33.1224 33.962 33.962 33.1224 30.77 27.3032 29.8897 32.5856 33.3106 33.3569 33.3569 33.3106 32.5856 29.8916 25.1004 30.694 33.0697 33.8009 33.7965 33.0563 30.6611 25.1712 14.0987 13.5713 13.8145 15.7219 15.7219 13.8145 13.5713 14.0987 10.9478 7.87256 5.25292 3.31459 3.31459 5.25292 7.87256 
7.60258 2.92413 1.3722 1.04432 1.04432 1.3722 2.92413 7.60258 14.8961 7.11992 2.77641 1.4705 1.4705 2.77641 7.11992 14.8961 26.6336 30.0125 32.3248 33.2237 33.2237 32.3248 30.0125 26.6336 29.5278 32.3779 32.979 32.6258 32.6283 32.9807 32.3795 29.5301 24.6892 29.7857 31.9242 32.7624 32.7124 31.8568 29.6977 24.6943 14.6594 13.4266 12.6034 13.1263 13.1263 12.6034 13.4266 14.6594 11.5551 7.73867 4.5993 2.74003 2.74003 4.5993 7.73867 
7.30136 2.9357 1.40169 1.05151 1.05151 1.40169 2.9357 7.30136 14.0963 6.99124 2.90382 1.54051 1.54051 2.90382 6.99124 14.0963 25.0101 28.6088 31.2422 32.2489 32.2489 31.2422 28.6088 25.0101 24.6248 26.2721 26.6127 26.5964 26.5897 26.6107 26.1169 24.5238 21.1736 25.4102 28.0704 29.283 29.2359 28.0201 25.4358 21.1412 15.4067 13.2785 10.8027 8.55092 8.55092 10.8027 13.2785 15.4067 11.3301 6.05167 2.89384 1.69051 1.69051 2.89384 6.05167 
7.16557 2.84012 1.35363 1.03879 1.03879 1.35363 2.84012 7.16557 14.095 6.82913 2.78682 1.47231 1.47231 2.78682 6.82913 14.095 25.6057 29.3233 32.1582 33.2687 33.2687 32.1582 29.3233 25.6057 25.7618 26.9029 27.4863 27.6541 27.6561 27.4852 26.9122 25.7847 23.5675 27.3312 29.9915 31.3296 31.3091 29.9579 27.324 23.5136 17.1134 14.3898 11.2127 8.49015 8.49015 11.2127 14.3898 17.1134 12.328 6.12562 2.74359 1.58726 1.58726 2.74359 6.12562 
7.02999 2.73859 1.3122 1.03088 1.03088 1.3122 2.73859 7.02999 14.0117 6.65435 2.67595 1.419 1.419 2.67595 6.65435 14.0117 25.9526 29.7371 32.6773 33.7843 33.7843 32.6773 29.7371 25.9526 26.1887 25.9688 26.6422 27.7897 27.7897 26.6423 25.9751 26.1983 25.2509 28.8056 31.3479 32.5997 32.5679 31.2944 28.7836 25.1809 18.5826 15.3565 11.5165 8.64894 8.64894 11.5165 15.3565 18.5826 13.2515 6.32002 2.76124 1.57904 1.57904 2.76124 6.32002 
6.92439 2.64201 1.27939 1.02715 1.02715 1.27939 2.64201 6.92439 13.9584 6.52632 2.57791 1.36962 1.36962 2.57791 6.52632 13.9584 26.0042 29.9037 32.9214 33.9154 33.9154 32.9214 29.9037 26.0042 26.2416 25.5044 26.2329 27.6688 27.6689 26.2328 25.5011 26.2521 26.2931 29.8699 32.2816 33.3413 33.3201 32.239 29.8429 26.2381 19.5183 16.0283 11.5235 8.59601 8.59601 11.5235 16.0283 19.5183 14.118 6.66764 2.8127 1.54811 1.54811 2.8127 6.66764 
6.93896 2.64308 1.27918 1.02705 1.02715 1.27939 2.64201 6.92439 13.9584 6.52632 2.57791 1.36962 1.36774 2.57322 6.52225 14.0314 25.9556 29.9342 32.9367 33.9229 33.9154 32.9214 29.9037 26.0042 26.2521 25.5011 26.2328 27.6689 27.6689 26.2328 25.5011 26.2521 26.2381 29.8429 32.239 33.3201 33.3413 32.2816 29.8699 26.2931 19.4273 16.0644 11.4855 8.55659 8.59601 11.5235 16.0544 19.5747 14.104 6.66764 2.8127 1.54811 1.54575 2.80936 6.66261 
7.05912 2.74251 1.31235 1.0308 1.03088 1.3122 2.73859 7.02999 14.0117 6.65435 2.67595 1.419 1.41603 2.66706 6.66022 14.102 25.8689 29.782 32.7107 33.7983 33.7843 32.6773 29.7371 25.9526 26.1983 25.9751 26.6423 27.7897 27.7897 26.6423 25.9751 26.1983 25.1809 28.7836 31.2944 32.5679 32.5997 31.3479 28.8056 25.2509 18.4875 15.4225 11.4571 8.57925 8.64894 11.5165 15.4022 18.6609 13.2324 6.32002 2.76124 1.57904 1.57522 2.75378 6.30961 
7.1963 2.84439 1.3538 1.03868 1.03879 1.35363 2.84012 7.16557 14.095 6.82913 2.78682 1.47231 1.46922 2.77827 6.83927 14.1868 25.5181 29.3699 32.1959 33.2862 33.2687 32.1582 29.3233 25.6057 25.7847 26.9122 27.4852 27.6561 27.6561 27.4852 26.9122 25.7847 23.5136 27.324 29.9579 31.3091 31.3296 29.9915 27.3312 23.5675 17.0459 14.4702 11.1525 8.41141 8.49015 11.2127 14.4305 17.1875 12.3059 6.12562 2.74359 1.58726 1.5828 2.73475 6.11278 
7.32624 2.94094 1.40254 1.05153 1.05151 1.40169 2.9357 7.30136 14.0963 6.99124 2.90382 1.54051 1.53823 2.89903 6.99664 14.1958 24.8933 28.6165 31.2339 32.2304 32.2489 31.2422 28.6088 25.0101 24.5238 26.1169 26.6107 26.5897 26.5897 26.6107 26.1169 24.5238 21.1412 25.4358 28.0201 29.2359 29.283 28.0704 25.4102 21.1736 15.3713 13.3386 10.6842 8.37073 8.55092 10.8027 13.2834 15.429 11.3216 6.05167 2.89384 1.69051 1.68067 2.8719 6.02044 
7.51596 3.3543 1.60644 1.11191 1.112 1.60634 3.35266 7.51986 12.5825 7.15083 3.33839 1.89026 1.88312 3.31874 7.14367 12.5988 20.1953 25.5755 28.05 28.972 29.0384 28.1178 25.5792 20.1301 12.7946 12.4397 12.8338 13.3186 13.3186 12.8338 12.4397 12.7946 13.9387 19.0167 23.0881 24.8222 24.8729 23.1486 18.9808 13.9462 9.28623 7.76109 5.13697 3.50691 3.50822 5.12986 7.77457 9.2936 6.75816 3.32035 1.60743 1.13442 1.13442 1.60743 3.32035 
8.75889 3.98908 1.80953 1.16458 1.16485 1.81094 3.99506 8.79827 14.0239 8.54485 4.15126 2.3913 2.38026 4.12768 8.52595 14.024 19.9692 26.554 30.1653 31.4763 31.463 30.1359 26.617 19.8346 9.48029 9.5578 9.74433 9.55857 9.55857 9.74433 9.5578 9.48029 10.515 17.6955 23.1165 25.1624 25.1461 23.0942 17.6664 10.5218 5.0962 3.8357 2.35171 1.60281 1.60292 2.35076 3.82259 5.11676 3.8925 2.15996 1.24782 1.03762 1.03762 1.24782 2.15996 
9.77175 4.53258 1.99096 1.20947 1.20968 1.99201 4.5364 9.8109 15.0148 9.55439 4.62937 2.61015 2.59699 4.60262 9.53924 15.0134 19.8693 27.0779 31.3374 32.8272 32.8128 31.3002 27.1458 19.6926 8.00994 8.41663 8.48514 8.0003 8.0003 8.48514 8.41663 8.00994 8.50118 16.663 23.1581 25.5774 25.5636 23.1307 16.6203 8.50653 2.90528 1.90432 1.29378 1.08476 1.08484 1.29372 1.90289 2.93811 2.10698 1.38397 1.06378 1.00677 1.00677 1.06378 1.38397 
10.159 4.71882 2.04651 1.21984 1.21987 2.0468 4.71973 10.1832 15.3271 9.84839 4.70555 2.60455 2.596 4.68831 9.83792 15.3325 19.6544 27.3637 31.8175 33.2151 33.2056 31.7959 27.4134 19.4742 7.55124 10.0286 10.2239 7.65808 7.65808 10.2239 10.0286 7.55124 7.29527 15.7307 23.1295 25.8537 25.8441 23.1069 15.6898 7.30991 2.19191 1.33915 1.06135 1.00992 1.00999 1.06168 1.34138 2.21939 1.45897 1.1097 1.01295 1.00064 1.00064 1.01295 1.1097 
10.1832 4.71973 2.0468 1.21987 1.21987 2.0468 4.71973 10.1832 15.3325 9.83792 4.68831 2.596 2.596 4.68831 9.83792 15.3325 19.6544 27.3637 31.8175 33.2151 33.2151 31.8175 27.3637 19.6544 7.54803 10.0293 10.2244 7.65679 7.65808 10.2239 10.0286 7.55124 7.28755 15.7104 23.1069 25.8441 25.8537 23.1295 15.7307 7.29527 2.21939 1.34138 1.06168 1.00999 1.00998 1.06109 1.33891 2.19191 1.45897 1.1097 1.01295 1.00064 1.00063 1.01293 1.1097 
9.8109 4.5364 1.99201 1.20968 1.20968 1.99201 4.5364 9.8109 15.0134 9.53924 4.60262 2.59699 2.59699 4.60262 9.53924 15.0134 19.8693 27.0779 31.3374 32.8272 32.8272 31.3374 27.0779 19.8693 8.00905 8.41427 8.48442 7.99965 8.0003 8.48514 8.41663 8.00994 8.48685 16.6394 23.1307 25.5636 25.5774 23.1581 16.663 8.50118 2.93811 1.90289 1.29372 1.08484 1.08558 1.29373 1.90117 2.90528 2.10698 1.38397 1.06378 1.00677 1.00677 1.06379 1.38385 
8.79827 3.99506 1.81094 1.16485 1.16485 1.81094 3.99506 8.79827 14.024 8.52595 4.12768 2.38026 2.38026 4.12768 8.52595 14.024 19.9692 26.554 30.1653 31.4763 31.4763 30.1653 26.554 19.9692 9.47506 9.55505 9.74507 9.55719 9.55857 9.74433 9.5578 9.48029 10.501 17.6794 23.0942 25.1461 25.1624 23.1165 17.6955 10.515 5.11676 3.82259 2.35076 1.60292 1.61047 2.3581 3.82502 5.0962 3.8925 2.15996 1.24782 1.03762 1.03778 1.24833 2.15979 
7.51986 3.35266 1.60634 1.112 1.112 1.60634 3.35266 7.51986 12.5988 7.14367 3.31874 1.88312 1.88312 3.31874 7.14367 12.5988 20.1953 25.5755 28.05 28.972 28.972 28.05 25.5755 20.1953 12.6706 12.2817 12.6674 13.177 13.3186 12.8338 12.4397 12.7946 13.8564 18.9003 23.1486 24.8729 24.8222 23.0881 19.0167 13.9387 9.2936 7.77457 5.12986 3.50822 3.48071 5.10897 7.70239 9.28623 6.75816 3.32035 1.60743 1.13442 1.13449 1.60553 3.30299 
3.01967 1.59627 1.12206 1.01801 1.01796 1.1212 1.59192 3.00312 5.74164 3.12032 1.60514 1.1427 1.1427 1.60514 3.12032 5.74164 11.599 15.1298 16.4865 17.2644 17.2644 16.4865 15.1298 11.599 4.99909 4.14964 4.07509 4.44742 4.41787 4.05138 4.12682 4.96773 6.93393 10.5547 13.1926 14.7886 14.9017 13.1569 10.7732 7.12501 3.40706 2.99605 2.01746 1.57377 1.56825 2.00631 3.00051 3.37602 2.01641 1.19479 1.01633 0.999344 0.999344 1.01633 1.19479 
1.77542 1.2318 1.0467 1.0057 1.00575 1.04696 1.23262 1.77624 2.81678 1.69441 1.15298 1.02542 1.02542 1.15298 1.69441 2.81678 5.63622 7.48662 8.42367 8.37857 8.37857 8.42367 7.48662 5.63622 2.37085 1.8836 1.81772 2.03123 2.02989 1.8155 1.88134 2.36755 3.45224 5.76238 7.32011 7.90537 7.8726 7.33338 5.73579 3.47822 1.67845 1.46093 1.19683 1.07958 1.07919 1.19584 1.46114 1.67563 1.27839 1.03693 1.00123 0.999458 0.999458 1.00123 1.03693 
1.1935 1.05345 1.00856 1.00066 1.00067 1.0086 1.05362 1.19393 1.46516 1.13474 1.02095 1.00175 1.00175 1.02095 1.13474 1.46516 2.78136 3.67604 4.13085 3.84399 3.84399 4.13085 3.67604 2.78136 1.29986 1.15063 1.13217 1.19285 1.19287 1.13213 1.1505 1.29879 1.71306 2.88081 3.7379 3.74716 3.74024 3.74201 2.86571 1.72175 1.10682 1.05745 1.01905 1.00549 1.00544 1.01892 1.05743 1.10592 1.04645 1.00561 1.00016 0.999904 0.999904 1.00016 1.00561 
1.04165 1.00924 1.00103 0.99984 0.999841 1.00103 1.00927 1.04172 1.09701 1.01859 1.00132 0.999701 0.999701 1.00132 1.01859 1.09701 1.67523 2.11707 2.31888 2.1475 2.1475 2.31888 2.11707 1.67523 1.05699 1.02174 1.01798 1.03282 1.03282 1.01797 1.02172 1.05684 1.18037 1.68312 2.13709 2.1696 2.16794 2.13822 1.67669 1.18106 1.01184 1.00417 1.00066 0.999945 0.999941 1.00065 1.00416 1.01167 1.00617 1.00068 0.999929 0.999985 0.999985 0.999929 1.00068 
1.04172 1.00927 1.00103 0.999841 0.999841 1.00103 1.00927 1.04172 1.09364 1.01846 1.00132 0.9997 0.999701 1.00132 1.01859 1.09701 1.67523 2.11707 2.31888 2.1475 2.15707 2.33375 2.11853 1.67462 1.05684 1.02172 1.01797 1.03282 1.03282 1.01798 1.02174 1.05699 1.17764 1.68078 2.13822 2.16794 2.1696 2.13709 1.68312 1.18037 1.0115 1.00416 1.00065 0.999941 0.999941 1.00064 1.00417 1.01155 1.00617 1.00068 0.999929 0.999985 0.999985 0.999929 1.00068 
1.19393 1.05362 1.0086 1.00067 1.00067 1.0086 1.05362 1.19393 1.45309 1.13342 1.02101 1.00176 1.00175 1.02095 1.13474 1.46516 2.78136 3.67604 4.13085 3.84399 3.86247 4.16183 3.68158 2.77881 1.29879 1.1505 1.13213 1.19287 1.19285 1.13217 1.15063 1.29986 1.69844 2.87485 3.74201 3.74024 3.74716 3.7379 2.88081 1.71306 1.10504 1.05741 1.01892 1.00544 1.00542 1.01883 1.05745 1.10516 1.04645 1.00561 1.00016 0.999904 0.999904 1.00016 1.00561 
1.77624 1.23262 1.04696 1.00575 1.00575 1.04696 1.23262 1.77624 2.78414 1.68921 1.15413 1.02561 1.02542 1.15298 1.69441 2.81678 5.63622 7.48662 8.42367 8.37857 8.40787 8.46368 7.50283 5.63278 2.36755 1.88134 1.8155 2.02989 2.03123 1.81772 1.8836 2.37085 3.42098 5.77071 7.33338 7.8726 7.90537 7.32011 5.76238 3.45224 1.67321 1.46122 1.19584 1.07919 1.07909 1.19515 1.46093 1.67486 1.27839 1.03693 1.00123 0.999458 0.999458 1.00123 1.03693 
3.00312 1.59192 1.1212 1.01796 1.01796 1.1212 1.59192 3.00312 5.60866 3.08448 1.60474 1.14376 1.1427 1.60514 3.12032 5.74164 11.599 15.1298 16.4865 17.2644 17.1644 16.3752 15.0568 11.5313 4.96773 4.12682 4.05138 4.41787 4.44742 4.07509 4.14964 4.99909 6.7819 10.4057 13.1569 14.9017 14.7886 13.1926 10.5547 6.93393 3.34349 2.98548 2.00631 1.56825 1.557 1.98381 2.99605 3.3288 2.01641 1.19479 1.01633 0.999344 0.999344 1.01633 1.19475 
1.65007 1.14419 1.02206 1.00301 1.00301 1.02206 1.14419 1.65007 2.78457 1.79394 1.21688 1.04788 1.04788 1.21688 1.79394 2.78457 4.74166 6.31665 6.96595 7.65478 7.65478 6.96595 6.31665 4.74166 2.29277 2.24287 2.22669 2.06409 2.06409 2.22669 2.24287 2.29277 3.14315 5.10249 6.67209 7.61334 7.61337 6.72574 5.10398 3.14408 1.63112 1.53997 1.22209 1.08055 1.08032 1.22209 1.53996 1.63129 1.2092 1.03721 1.00411 1.00017 1.00017 1.00411 1.03721 
1.14652 1.03575 1.00561 1.00046 1.00046 1.00561 1.03575 1.14652 1.46009 1.17872 1.04102 1.00694 1.00694 1.04102 1.17872 1.46009 2.81481 3.79709 4.2027 4.26245 4.26245 4.2027 3.79709 2.81481 1.35149 1.4111 1.4032 1.29817 1.29817 1.4032 1.4111 1.35149 1.46684 2.02303 2.55713 2.9363 2.93627 2.56652 2.02296 1.46686 1.09265 1.08135 1.02785 1.00665 1.0066 1.02785 1.08135 1.09265 1.03118 1.0052 1.00042 0.999956 0.999956 1.00042 1.0052 
1.0219 1.00557 1.0006 0.999925 0.999925 1.0006 1.00557 1.0219 1.08663 1.02599 1.00433 1.00034 1.00034 1.00433 1.02599 1.08663 1.74311 2.29835 2.55419 2.26788 2.26788 2.55419 2.29835 1.74311 1.06646 1.09342 1.09168 1.05716 1.05716 1.09168 1.09342 1.06646 1.0638 1.17208 1.28665 1.37868 1.37866 1.28875 1.17207 1.0638 1.00827 1.00816 1.00202 1.00022 1.00021 1.00202 1.00816 1.00827 1.00275 1.00047 0.999957 0.99999 0.99999 0.999957 1.00047 
1.00222 1.00049 0.999935 0.999962 0.999962 0.999935 1.00049 1.00222 1.01094 1.00211 1.00008 0.999857 0.999857 1.00008 1.00211 1.01094 1.22825 1.46131 1.56725 1.42521 1.42521 1.56725 1.46131 1.22825 1.00777 1.0131 1.01302 1.00668 1.00668 1.01302 1.0131 1.00777 1.00532 1.01617 1.03257 1.04435 1.04435 1.03294 1.01617 1.00532 1.00032 1.00024 0.999962 0.999896 0.999896 0.999962 1.00024 1.00032 1.00025 0.999942 0.999985 1 1 0.999985 0.999942 
0 0 0 0 0.999962 0.999935 1.00049 1.00222 1.01094 1.00211 1.00008 0.999858 0.999857 1.00008 1.00209 1.0112 1.22825 1.46131 1.56725 1.42521 1.42087 1.55883 1.45455 1.22553 1.00791 1.01293 1.01284 1.00659 1.00668 1.01302 1.0131 1.00777 1.00532 1.01617 1.03294 1.04435 1.04435 1.03257 1.01617 1.00532 1.00032 1.00024 0.999962 0.999896 0.999896 0.999962 1.00024 1.00032 1.00025 0.999942 0.999985 1 0 0 0 
0 0 0 0 0.999925 1.0006 1.00557 1.0219 1.08663 1.02599 1.00436 1.00035 1.00034 1.00433 1.02581 1.08768 1.74311 2.29835 2.55419 2.26788 2.25606 2.53431 2.28173 1.73509 1.06703 1.09228 1.09055 1.05659 1.05716 1.09168 1.09342 1.06646 1.0638 1.17207 1.28875 1.37866 1.37868 1.28665 1.17208 1.0638 1.00827 1.00816 1.00202 1.00021 1.00022 1.00202 1.00816 1.00827 1.00275 1.00047 0.999957 0.99999 0 0 0 
0 0 0 0 1.00046 1.00561 1.03575 1.14652 1.46009 1.17872 1.04122 1.00697 1.00694 1.04102 1.17778 1.46131 2.81481 3.79709 4.2027 4.26245 4.24752 4.19149 3.7862 2.80652 1.35224 1.40734 1.3994 1.29607 1.29817 1.4032 1.4111 1.35149 1.46686 2.02296 2.56652 2.93627 2.9363 2.55713 2.02303 1.46684 1.09265 1.08135 1.02785 1.0066 1.00665 1.02785 1.08135 1.09265 1.03118 1.0052 1.00042 0.999956 0 0 0 
