0 0 0 0 1.00004 1.00004 1.00001 1.00015 1.00644 1.00042 1.00003 1.00003 1.00003 1.00003 1.00044 1.00674 1.01356 1.00758 1.00377 1.00526 1.00528 1.00378 1.0074 1.01385 1.20154 1.11934 1.06485 1.06514 1.06514 1.06505 1.11814 1.19949 1.49514 1.69662 1.64106 1.57653 1.56782 1.63232 1.6831 1.48191 1.45397 1.34988 1.03409 1.00094 1.00098 1.03461 1.34974 1.45325 1.03341 1.0007 1.00002 1.00003 0 0 0 
0 0 0 0 0.999996 0.999996 0.999991 1.00003 1.00008 0.999938 0.999997 0.999996 0.999996 0.999997 0.999939 1.00009 1.00027 1.00002 1.00002 1.00005 1.00005 1.00002 1.00001 1.00029 1.01367 1.01102 1.00484 1.00423 1.00414 1.00474 1.01074 1.0133 1.02091 1.03764 1.03387 1.02656 1.02711 1.03466 1.03814 1.02107 1.01707 1.01224 1.00055 0.999951 0.999951 1.00055 1.01225 1.01701 1.00085 0.999966 0.999991 0.999996 0 0 0 
0 0 0 0 1 1 0.999996 1.00004 0.999991 0.999961 1 1 1 1 0.999961 0.999991 1.00001 0.999933 0.999984 0.999974 0.999974 0.999984 0.999933 1.00001 1.00057 1.00047 1.00022 1.00018 1.00017 1.00021 1.00046 1.00055 1.00019 1.00061 1.00074 1.0004 1.00043 1.00078 1.00064 1.0002 1.00018 1.00007 0.999977 0.999997 0.999997 0.999978 1.00007 1.00018 1.00002 0.999992 1 1 0 0 0 
0 0 0 0 1 1 0.999996 1.00004 1.00002 0.999963 1 1 1 1 0.999963 1.00002 1.00003 0.999962 1 1 1 1 0.999962 1.00003 1.00001 0.999932 0.999967 0.999967 0.999968 0.999968 0.999932 1.00001 1.00002 0.999951 0.999992 0.999988 0.99999 0.999994 0.999953 1.00002 0.999988 0.999935 0.999998 1 1 0.999998 0.999935 0.999987 1.00003 0.999996 1 1 0 0 0 
1.00004 0.999996 1 1 1 1 0.999996 1.00004 1.00002 0.999963 1 1 1 1 0.999963 1.00002 1.00003 0.999962 1 1 1 1 0.999962 1.00003 1.00001 0.999932 0.999967 0.999967 0.999967 0.999967 0.999932 1.00001 1.00002 0.999953 0.999994 0.99999 0.99999 0.999994 0.999953 1.00002 0.999987 0.999935 0.999998 1 1 0.999998 0.999935 0.999988 1.00003 0.999996 1 1 1 1 0.999996 
1.00004 0.999996 1 1 1 1 0.999996 1.00004 0.999991 0.999961 1 1 1 1 0.999961 0.999991 1.00001 0.999933 0.999984 0.999974 0.999974 0.999984 0.999933 1.00001 1.00057 1.00047 1.00022 1.00018 1.00018 1.00022 1.00047 1.00057 1.0002 1.00064 1.00078 1.00043 1.00043 1.00078 1.00064 1.0002 1.00018 1.00007 0.999978 0.999997 0.999997 0.999977 1.00007 1.00018 1.00002 0.999992 1 1 1 1 0.999992 
1.00003 0.999991 0.999996 0.999996 0.999996 0.999996 0.999991 1.00003 1.00009 0.999939 0.999997 0.999996 0.999996 0.999997 0.999938 1.00008 1.00029 1.00001 1.00002 1.00005 1.00005 1.00002 1.00001 1.00029 1.01367 1.01102 1.00484 1.00423 1.00423 1.00484 1.01102 1.01367 1.02107 1.03814 1.03466 1.02711 1.02711 1.03466 1.03814 1.02107 1.01701 1.01225 1.00055 0.999951 0.999951 1.00055 1.01224 1.01707 1.00085 0.999966 0.999991 0.999996 0.999996 0.999991 0.999966 
1.00015 1.00001 1.00004 1.00004 1.00004 1.00004 1.00001 1.00015 1.00674 1.00044 1.00003 1.00003 1.00003 1.00003 1.00042 1.00644 1.01385 1.0074 1.00378 1.00528 1.00528 1.00378 1.0074 1.01385 1.20154 1.11934 1.06485 1.06514 1.06514 1.06485 1.11934 1.20154 1.48191 1.6831 1.63232 1.56782 1.56782 1.63232 1.6831 1.48191 1.45325 1.34974 1.03461 1.00098 1.00094 1.03409 1.34988 1.45397 1.03341 1.0007 1.00002 1.00003 1.00003 1.00002 1.0007 
1.01235 1.00023 0.99998 1.00001 1.00001 0.99998 1.00023 1.01235 1.20144 1.0192 1.00061 0.999988 0.999986 1.00052 1.01873 1.19977 1.31504 1.2218 1.11812 1.14443 1.15959 1.13225 1.24003 1.33469 3.11181 1.68674 1.48581 1.58677 1.55543 1.44808 1.65158 3.09016 6.55831 7.66834 7.35669 7.06758 7.4237 7.72268 7.66605 6.98714 5.56746 4.83993 1.85892 1.048 1.03798 1.77485 4.63384 5.34323 1.8649 1.0426 1.00085 0.999992 0.999992 1.00085 1.0426 
1.00046 0.999945 0.999962 0.999964 0.999964 0.999962 0.999945 1.00046 1.00731 1.00036 0.999951 0.999961 0.999961 0.99995 1.00032 1.00684 1.0134 1.00708 1.00312 1.00445 1.00458 1.00319 1.00717 1.01322 1.21778 1.12669 1.07856 1.07287 1.07295 1.07853 1.12774 1.22082 1.79576 2.04103 1.8373 1.79519 1.78345 1.82704 2.04033 1.76992 1.523 1.4079 1.04442 1.00116 1.001 1.04236 1.39958 1.51471 1.0677 1.00198 0.999968 0.999957 0.999957 0.999968 1.00198 
1.00002 0.999997 1 1 1 1 0.999997 1.00002 1.0001 0.99994 0.999999 1 1 0.999999 0.999937 1.00008 1.00023 0.999973 0.999991 1 1 0.999991 0.999972 1.00022 1.01282 1.01189 1.00561 1.00479 1.00488 1.00573 1.01219 1.01315 1.05088 1.07152 1.043 1.04377 1.04197 1.0416 1.07148 1.04809 1.02234 1.0158 1.00075 0.99995 0.999947 1.00074 1.01543 1.02188 1.00207 1 0.999991 1 1 0.999991 1 
1.00004 0.999996 1 1 1 1 0.999996 1.00004 1 0.999962 1 1 1 1 0.999962 1 1.00002 0.999946 0.999995 0.99999 0.99999 0.999995 0.999946 1.00002 1.00047 1.0005 1.00022 1.00017 1.00018 1.00023 1.00053 1.00049 1.00155 1.00222 1.00081 1.00105 1.00095 1.00074 1.00222 1.00139 1.00029 1.00012 0.99998 0.999996 0.999997 0.99998 1.00011 1.00028 1.00005 0.999985 1 1 1 1 0.999985 
1.00004 0.999996 1 1 1 1 0.999996 1.00004 1 0.999962 1 1 1 1 0.999962 1 1.00002 0.999946 0.999995 0.99999 0.99999 0.999995 0.999946 1.00002 1.00049 1.00053 1.00023 1.00018 1.00018 1.00023 1.00053 1.00049 1.00139 1.00222 1.00074 1.00095 1.00105 1.00081 1.00222 1.00155 1.00029 1.00012 0.99998 0.999996 0.999996 0.999979 1.00011 1.00028 1.00005 0.999985 1 1 1 1 0.999985 
1.00002 0.999997 1 1 1 1 0.999997 1.00002 1.0001 0.99994 0.999999 1 1 0.999999 0.99994 1.0001 1.00022 0.999972 0.999991 1 1 0.999991 0.999973 1.00023 1.01315 1.01219 1.00573 1.00488 1.00488 1.00573 1.01219 1.01315 1.04809 1.07148 1.0416 1.04197 1.04377 1.043 1.07152 1.05088 1.02226 1.01569 1.00076 0.99995 0.999951 1.00075 1.01553 1.02198 1.00207 1 0.999991 1 1 0.999991 1 
1.00045 0.999944 0.999962 0.999964 0.999964 0.999962 0.999945 1.00046 1.00731 1.00036 0.999951 0.999961 0.999961 0.999951 1.00036 1.00731 1.01322 1.00717 1.00319 1.00458 1.00445 1.00312 1.00708 1.0134 1.22082 1.12774 1.07853 1.07295 1.07295 1.07853 1.12774 1.22082 1.76992 2.04033 1.82704 1.78345 1.79519 1.8373 2.04103 1.79576 1.51921 1.40311 1.04401 1.00111 1.00117 1.04452 1.40473 1.51944 1.0677 1.00198 0.999968 0.999957 0.999957 0.999966 1.00195 
1.013 1.00024 0.99998 1.00001 1.00001 0.99998 1.00023 1.01235 1.20144 1.0192 1.00061 0.999988 0.999988 1.00061 1.0192 1.20144 1.33469 1.24003 1.13225 1.15959 1.14443 1.11812 1.2218 1.31504 3.09016 1.65158 1.44808 1.55543 1.55543 1.44808 1.65158 3.09016 6.98714 7.66605 7.72268 7.4237 7.06758 7.35669 7.66834 6.55831 5.57633 4.71107 1.84283 1.04573 1.05039 1.87852 4.89848 5.64895 1.8649 1.0426 1.00085 0.999992 0.999993 1.00089 1.04375 
1.58878 1.03099 1.00065 1.00001 1.00001 1.00065 1.03099 1.58878 4.80669 1.69581 1.03719 1.00087 1.00087 1.03719 1.69581 4.80669 8.15617 7.6976 6.52627 6.62948 6.77142 6.66777 7.83711 8.29614 12.4779 7.08397 6.85728 7.04717 7.04834 6.85861 7.271 12.6143 23.973 25.5229 25.6484 25.2571 26.0439 26.5089 25.5229 23.973 21.1102 19.2148 7.71754 2.06932 2.06991 7.72085 18.9977 21.0801 8.3549 1.82135 1.03722 1.00052 1.00052 1.03726 1.82139 
1.04133 1.00131 0.999948 0.999956 0.999956 0.999948 1.00131 1.04133 1.4153 1.03925 1.00103 0.999933 0.999933 1.00103 1.03925 1.4153 2.53935 1.72041 1.52257 1.83078 1.83394 1.52432 1.72166 2.56433 11.0135 2.90069 2.01304 2.27678 2.27633 2.01231 2.88331 10.9513 28.5574 31.7649 32.6816 32.2019 32.1533 32.6443 31.7649 28.5574 25.3458 22.7342 9.05419 2.33141 2.3314 9.04985 22.604 25.4871 9.84163 1.99711 1.04557 1.00056 1.00056 1.04558 1.997 
1.00199 1.00003 0.99999 1 1 0.99999 1.00003 1.00199 1.0228 1.00093 0.999968 0.999995 0.999995 0.999968 1.00093 1.0228 1.66037 1.0576 1.06818 1.37465 1.37483 1.06666 1.05766 1.67717 7.98206 1.90291 1.15078 1.40112 1.40115 1.15067 1.89274 7.93907 22.2703 24.5443 25.1872 24.8049 24.8345 25.2128 24.5443 22.2703 19.8354 17.9 7.09892 1.96387 1.96532 7.11621 17.9608 20.0723 7.52144 1.70883 1.03054 1.00037 1.00037 1.03055 1.70866 
0.996617 0.999817 1.00001 1 1 1.00001 0.999817 0.996617 1.00606 1.00023 0.999923 0.999995 0.999995 0.999923 1.00023 1.00606 1.09149 0.996505 1.00255 1.0368 1.03681 1.00238 0.996464 1.09455 3.32003 1.42221 1.24262 1.22447 1.22447 1.24261 1.4203 3.31108 10.2138 11.456 11.44 11.1264 11.1197 11.458 11.456 10.2138 9.5274 8.86869 2.7436 1.13966 1.13827 2.72286 8.698 9.44267 3.00753 1.12078 1.00264 0.999991 0.999991 1.00264 1.12082 
0.996618 0.999817 1.00001 1 1 1.00001 0.999817 0.996617 1.00606 1.00023 0.999923 0.999995 0.999995 0.999929 1.00065 1.01115 1.09455 0.996464 1.00238 1.03681 1.03681 1.00238 0.996464 1.09455 3.31108 1.4203 1.24261 1.22447 1.22447 1.24261 1.4203 3.31108 10.2093 11.4296 11.458 11.1197 11.1264 11.44 11.456 10.2138 9.45129 8.71897 2.73784 1.13501 1.13499 2.71134 8.71897 9.48966 3.00753 1.12078 1.00264 0.999991 0.999991 1.00264 1.12078 
1.002 1.00003 0.99999 1 1 0.99999 1.00003 1.00199 1.0228 1.00093 0.999968 0.999995 0.999995 0.999967 1.00095 1.02445 1.67717 1.05766 1.06666 1.37483 1.37483 1.06666 1.05766 1.67717 7.93907 1.89274 1.15067 1.40115 1.40115 1.15067 1.89274 7.93907 22.259 24.8416 25.2128 24.8345 24.8049 25.1872 24.5443 22.2703 20.096 18.0647 7.09272 1.94422 1.94461 7.06032 18.0647 19.9796 7.52144 1.70883 1.03054 1.00037 1.00037 1.03054 1.70883 
1.04142 1.0013 0.999947 0.999956 0.999956 0.999948 1.00131 1.04133 1.4153 1.03925 1.00103 0.999933 0.999933 1.00104 1.03944 1.419 2.56433 1.72166 1.52432 1.83394 1.83394 1.52432 1.72166 2.56433 10.9513 2.88331 2.01231 2.27633 2.27633 2.01231 2.88331 10.9513 28.5339 31.9989 32.6443 32.1533 32.2019 32.6816 31.7649 28.5574 25.5117 22.7488 9.03668 2.30082 2.30134 8.96997 22.7488 25.4378 9.84163 1.99711 1.04557 1.00056 1.00056 1.04557 1.99711 
1.60325 1.03199 1.00068 1.00001 1.00001 1.00065 1.03099 1.58878 4.80669 1.69581 1.03719 1.00087 1.00084 1.03633 1.69565 4.84765 8.29614 7.83711 6.66777 6.77142 6.77142 6.66777 7.83711 8.29614 12.6143 7.271 6.85861 7.04834 7.04834 6.85861 7.271 12.6143 24.1327 26.6951 26.5089 26.0439 25.2571 25.6484 25.5229 23.973 21.3039 19.2893 7.70775 2.04881 2.04959 7.68769 19.2893 21.3149 8.3549 1.82135 1.03722 1.00052 1.00052 1.03722 1.82135 
6.61805 1.6911 1.03338 1.00055 1.00055 1.03338 1.6911 6.61805 18.6274 6.67973 1.74038 1.04168 1.04124 1.73555 6.65859 18.6664 29.1214 29.7744 29.6484 29.6158 29.6158 29.6484 29.7744 29.1214 29.2908 27.9222 27.478 27.6958 27.6958 27.478 27.9222 29.2908 32.4207 33.8047 33.8856 33.8663 33.8524 33.756 33.4235 32.0492 26.4089 24.1094 9.5724 2.2504 2.25801 9.54347 24.1094 26.3066 10.5402 2.20317 1.07444 1.00161 1.00161 1.07444 2.20317 
8.2492 1.90933 1.04571 1.00073 1.00073 1.04571 1.90933 8.2492 23.2454 8.45065 1.97861 1.05756 1.05691 1.97161 8.41457 23.2798 33.3406 34.0603 34.1816 34.1869 34.1869 34.1816 34.0603 33.3406 33.3919 33.1335 33.079 33.2007 33.2007 33.079 33.1335 33.3919 33.5036 34.6107 34.8031 34.8191 34.8208 34.8103 34.6853 33.648 26.8826 24.6606 9.90391 2.31153 2.32446 9.87086 24.6606 26.8728 10.8495 2.26176 1.0807 1.00174 1.00174 1.0807 2.26176 
8.40957 1.92803 1.0466 1.00079 1.00079 1.0466 1.92803 8.40957 23.8108 8.61174 1.99891 1.0588 1.05813 1.99168 8.57435 23.8461 34.2229 34.8221 34.9211 34.9275 34.9275 34.9211 34.8221 34.2229 34.5577 34.6327 34.6441 34.6878 34.6878 34.6441 34.6327 34.5577 33.7197 34.7969 34.9655 34.9803 34.9809 34.97 34.8507 33.8971 26.9951 24.7827 9.95959 2.31977 2.33247 9.92381 24.7827 26.9852 10.9021 2.26876 1.08125 1.00179 1.00179 1.08125 2.26876 
8.42365 1.9265 1.04612 1.00077 1.00077 1.04612 1.9265 8.42365 23.8776 8.61942 1.99736 1.05799 1.0574 1.99101 8.58736 23.9082 34.3037 34.8979 34.9879 34.9941 34.9941 34.9879 34.8979 34.3037 34.7788 34.9204 34.9438 34.956 34.956 34.9438 34.9204 34.7788 33.7785 34.8336 34.9846 34.9974 34.9976 34.9873 34.8698 33.9216 26.98 24.7897 9.94082 2.31658 2.32548 9.9146 24.7897 27.0106 10.8538 2.2521 1.07781 1.00166 1.00166 1.07781 2.2521 
8.43838 1.92312 1.04608 1.00077 1.00077 1.04612 1.9265 8.42365 23.9082 8.58736 1.99101 1.0574 1.0574 1.99101 8.58736 23.9082 34.2713 34.8995 34.9883 34.9942 34.9941 34.9879 34.8979 34.3037 34.7856 34.9211 34.9439 34.956 34.956 34.9438 34.9204 34.7788 33.9216 34.8698 34.9873 34.9976 34.9974 34.9846 34.8336 33.7785 27.0106 24.816 9.9146 2.32548 2.31658 9.94082 24.7897 26.98 10.8538 2.2521 1.07781 1.00166 1.00159 1.07651 2.24237 
8.42747 1.9242 1.04657 1.00079 1.00079 1.0466 1.92803 8.40957 23.8461 8.57435 1.99168 1.05813 1.05813 1.99168 8.57435 23.8461 34.1886 34.8239 34.9226 34.9285 34.9275 34.9211 34.8221 34.2229 34.5658 34.6334 34.6442 34.6878 34.6878 34.6441 34.6327 34.5577 33.8971 34.8507 34.97 34.9809 34.9803 34.9655 34.7969 33.7197 27.0404 24.8234 9.92381 2.33247 2.31977 9.95959 24.7827 26.9951 10.9021 2.26876 1.08125 1.00179 1.0017 1.07965 2.25612 
8.26656 1.90559 1.04567 1.00073 1.00073 1.04571 1.90933 8.2492 23.2798 8.41457 1.97161 1.05691 1.05691 1.97161 8.41457 23.2798 33.2866 34.0536 34.1696 34.1737 34.1869 34.1816 34.0603 33.3406 33.3942 33.1259 33.0703 33.1926 33.2007 33.079 33.1335 33.3919 33.648 34.6853 34.8103 34.8208 34.8191 34.8031 34.6107 33.5036 26.9278 24.7003 9.87086 2.32446 2.31153 9.90391 24.6606 26.8826 10.8495 2.26176 1.0807 1.00174 1.00165 1.07911 2.24914 
6.63481 1.68868 1.03336 1.00055 1.00055 1.03338 1.6911 6.61805 18.6664 6.65859 1.73555 1.04124 1.04124 1.73555 6.65859 18.6664 29.2313 29.9317 29.9791 29.9454 29.6158 29.6484 29.7744 29.1214 29.4807 28.1261 27.6869 27.8935 27.6958 27.478 27.9222 29.2908 32.0492 33.4235 33.756 33.8524 33.8663 33.8856 33.8047 32.4207 26.4764 24.1672 9.54347 2.25801 2.2504 9.5724 24.1094 26.4089 10.5402 2.20317 1.07444 1.00161 1.00154 1.07318 2.19385 
2.52294 1.11247 1.00322 1.00002 1.00002 1.00315 1.11122 2.50425 10.2042 2.50551 1.10397 1.00369 1.0039 1.10522 2.498 10.1635 31.3054 34.0211 34.4192 34.4533 34.452 34.4161 34.0159 31.5713 34.6375 34.6735 34.6498 34.5874 34.6088 34.6677 34.6898 34.6519 33.9287 34.7739 34.9087 34.92 34.9251 34.9124 34.7758 33.9218 28.1516 24.6326 9.5695 2.23519 2.24113 9.60455 24.6154 27.9991 11.2813 2.31868 1.08805 1.0023 1.0023 1.08805 2.31868 
2.15604 1.08533 1.00254 0.999936 0.999932 1.00247 1.08446 2.14926 8.5762 1.98238 1.05986 1.00226 1.00253 1.06228 1.98943 8.58769 31.2484 34.2788 34.8786 34.9316 34.932 34.8786 34.2697 31.5546 34.8315 34.9102 34.9192 34.9119 34.911 34.9186 34.9098 34.8331 34.2069 34.8788 34.9689 34.9782 34.9779 34.9682 34.877 34.1958 28.6619 24.8736 9.55064 2.22058 2.2253 9.58001 24.8412 28.5053 11.4455 2.33661 1.08943 1.00227 1.00227 1.08943 2.33661 
2.13662 1.08416 1.00256 0.999979 0.999974 1.00248 1.08327 2.13005 8.42504 1.9489 1.05771 1.00225 1.00251 1.06011 1.9558 8.43623 31.2543 34.3254 34.9363 34.9907 34.9908 34.936 34.3177 31.5651 34.8849 34.9682 34.9856 34.9874 34.9874 34.9856 34.9685 34.8874 34.2478 34.9043 34.9894 34.9971 34.997 34.9891 34.9027 34.237 28.7145 24.9001 9.55248 2.22093 2.2255 9.58126 24.868 28.5585 11.4606 2.33752 1.08941 1.0023 1.0023 1.08941 2.33752 
2.17415 1.08553 1.00246 0.999977 0.999974 1.00241 1.08496 2.17021 8.59421 1.9903 1.05962 1.00214 1.00236 1.06159 1.99518 8.59992 31.2887 34.343 34.9413 34.9953 34.9953 34.9409 34.3358 31.5945 34.8935 34.9769 34.996 34.9983 34.9983 34.996 34.9771 34.8953 34.2505 34.9077 34.9918 34.9992 34.9992 34.9916 34.9066 34.2421 28.7089 24.9097 9.55869 2.22227 2.22788 9.59087 24.8801 28.5577 11.4264 2.32343 1.08587 1.00211 1.00211 1.08587 2.32343 
2.17021 1.08496 1.00241 0.999974 0.999974 1.00241 1.08496 2.17021 8.59992 1.99518 1.06159 1.00236 1.00236 1.06159 1.99518 8.59992 31.5945 34.3358 34.9409 34.9953 34.9953 34.9409 34.3358 31.5945 34.8953 34.9771 34.996 34.9983 34.9983 34.996 34.9769 34.8935 34.2421 34.9066 34.9916 34.9992 34.9992 34.9916 34.9066 34.2421 28.7089 24.9097 9.55869 2.22227 2.22227 9.55869 24.9097 28.7089 11.4264 2.32343 1.08587 1.00211 1.00201 1.08418 2.31034 
2.13005 1.08327 1.00248 0.999974 0.999974 1.00248 1.08327 2.13005 8.43623 1.9558 1.06011 1.00251 1.00251 1.06011 1.9558 8.43623 31.5651 34.3177 34.936 34.9908 34.9908 34.936 34.3177 31.5651 34.8874 34.9685 34.9856 34.9874 34.9874 34.9856 34.9682 34.8849 34.237 34.9027 34.9891 34.997 34.997 34.9891 34.9027 34.237 28.7145 24.9001 9.55248 2.22093 2.22093 9.55248 24.9001 28.7145 11.4606 2.33752 1.08941 1.0023 1.00218 1.08741 2.32198 
2.14926 1.08446 1.00247 0.999932 0.999932 1.00247 1.08446 2.14926 8.58769 1.98943 1.06228 1.00253 1.00253 1.06228 1.98943 8.58769 31.5546 34.2697 34.8786 34.932 34.932 34.8786 34.2697 31.5546 34.8331 34.9098 34.9186 34.911 34.9119 34.9192 34.9102 34.8315 34.1958 34.877 34.9682 34.9779 34.9779 34.9682 34.877 34.1958 28.6619 24.8736 9.55064 2.22058 2.22058 9.55064 24.8736 28.6619 11.4455 2.33661 1.08943 1.00227 1.00215 1.08743 2.32101 
2.50425 1.11122 1.00315 1.00002 1.00002 1.00315 1.11122 2.50425 10.1635 2.498 1.10522 1.0039 1.0039 1.10522 2.498 10.1635 31.5713 34.0159 34.4161 34.452 34.452 34.4161 34.0159 31.5713 34.6519 34.6898 34.6677 34.6088 34.5874 34.6498 34.6735 34.6375 33.9218 34.7758 34.9124 34.9251 34.9251 34.9124 34.7758 33.9218 28.1516 24.6326 9.5695 2.23519 2.23519 9.5695 24.6326 28.1516 11.2813 2.31868 1.08805 1.0023 1.00218 1.08625 2.30498 
1.70764 1.02986 1.00052 1.00005 1.00004 1.00045 1.02916 1.70617 7.50577 1.76456 1.03041 1.00047 1.00025 1.02817 1.76116 7.4762 31.1792 34.2228 34.8877 34.9441 34.9441 34.8877 34.2228 31.1792 34.4733 34.6874 34.7332 34.6793 34.6612 34.7199 34.6739 34.4538 33.1597 34.4858 34.8092 34.9139 34.9139 34.8092 34.4858 33.1597 25.8468 22.7064 10.2783 2.96077 3.12074 10.8235 22.232 25.1751 11.4445 2.6087 1.15139 1.00693 1.00651 1.14651 2.57845 
1.65598 1.02607 1.00036 0.999968 0.999964 1.00029 1.02539 1.65582 7.28835 1.72247 1.02698 1.00028 1.0001 1.02553 1.72299 7.27696 31.2311 34.2548 34.9208 34.9776 34.9776 34.9208 34.2548 31.2311 34.7533 34.9036 34.9268 34.9195 34.9205 34.9274 34.9037 34.7508 33.509 34.8064 34.9608 34.978 34.978 34.9608 34.8064 33.509 25.858 22.6781 10.5211 3.07575 3.25668 11.1407 22.1951 25.2243 11.6068 2.65524 1.15772 1.00723 1.00679 1.15252 2.62254 
1.65076 1.02564 1.00039 1.00001 1 1.00032 1.02495 1.65046 7.28188 1.72174 1.02698 1.00033 1.00015 1.02556 1.72231 7.27084 31.2424 34.2724 34.936 34.9934 34.9934 34.936 34.2724 31.2424 34.8178 34.9627 34.9866 34.9886 34.9886 34.9865 34.9622 34.8148 33.5755 34.8596 34.9874 34.9972 34.9972 34.9874 34.8596 33.5755 25.9099 22.7426 10.5228 3.07239 3.25279 11.139 22.2621 25.2748 11.611 2.65266 1.15736 1.00724 1.0068 1.15218 2.62014 
1.64754 1.02541 1.00038 1.00001 1.00001 1.00032 1.02485 1.64754 7.28517 1.72143 1.02682 1.0003 1.00016 1.02562 1.72165 7.2786 31.2275 34.2739 34.9365 34.995 34.995 34.9365 34.2739 31.2275 34.8305 34.9721 34.9958 34.9984 34.9984 34.9958 34.9718 34.8286 33.6621 34.8663 34.9895 34.9992 34.9992 34.9895 34.8663 33.6621 26.0932 23.0523 10.3612 2.94395 3.08371 10.8349 22.6953 25.5254 11.5052 2.57974 1.14371 1.00622 1.00588 1.1395 2.55361 
1.64754 1.02485 1.00032 1.00001 1.00001 1.00038 1.02541 1.64754 7.2786 1.72165 1.02562 1.00016 1.00016 1.02562 1.72165 7.2786 31.0637 34.2856 34.9378 34.9951 34.9951 34.938 34.2739 31.2275 34.8286 34.9718 34.9958 34.9984 34.9984 34.9958 34.9718 34.8286 33.7068 34.8669 34.9893 34.9992 34.9991 34.9891 34.8663 33.6621 25.5254 22.6953 10.8349 3.08371 3.08371 10.8349 22.6953 25.5254 11.5052 2.57974 1.14371 1.00622 1.00622 1.14371 2.57974 
1.65046 1.02495 1.00032 1 1.00001 1.00039 1.02564 1.65076 7.27084 1.72231 1.02556 1.00015 1.00015 1.02556 1.72231 7.27084 31.0764 34.2865 34.9378 34.9935 34.9935 34.938 34.2724 31.2424 34.8148 34.9622 34.9865 34.9886 34.9886 34.9865 34.9622 34.8148 33.6349 34.8611 34.9872 34.9972 34.9972 34.9871 34.8596 33.5755 25.2748 22.2621 11.139 3.25279 3.25279 11.139 22.2621 25.2748 11.611 2.65266 1.15736 1.00724 1.00724 1.15736 2.65266 
1.65582 1.02539 1.00029 0.999964 0.999968 1.00036 1.02607 1.65598 7.27696 1.72299 1.02553 1.0001 1.0001 1.02553 1.72299 7.27696 31.0656 34.2694 34.9225 34.9776 34.9776 34.9228 34.2548 31.2311 34.7508 34.9037 34.9274 34.9205 34.9205 34.9274 34.9037 34.7508 33.5692 34.8082 34.9609 34.9781 34.9783 34.9607 34.8064 33.509 25.2243 22.1951 11.1407 3.25668 3.25668 11.1407 22.1951 25.2243 11.6068 2.65524 1.15772 1.00723 1.00723 1.15772 2.65524 
1.70617 1.02916 1.00045 1.00004 1.00005 1.00052 1.02986 1.70764 7.4762 1.76116 1.02817 1.00025 1.00025 1.02817 1.76116 7.4762 31.0042 34.2358 34.8906 34.9459 34.946 34.8909 34.2228 31.1792 34.4538 34.6739 34.7199 34.6612 34.6612 34.7199 34.6739 34.4538 33.1931 34.4754 34.8021 34.9086 34.9019 34.7852 34.4858 33.1597 25.1751 22.232 10.8235 3.12074 3.12074 10.8235 22.232 25.1751 11.4445 2.6087 1.15139 1.00693 1.00693 1.15139 2.6087 
1.94405 1.0449 1.00084 1.00005 1.00005 1.0009 1.04599 1.95593 8.6864 2.08545 1.05988 1.00141 1.00141 1.05988 2.08545 8.6864 29.126 33.8627 34.6503 34.7208 34.7208 34.6497 33.8627 29.126 29.1442 29.0228 28.9609 29.112 29.112 28.9609 29.0228 29.1442 28.4968 30.2355 32.9381 33.9532 33.8789 32.8614 30.0063 28.2112 24.0965 21.9996 8.93079 2.18419 2.18419 8.93079 21.9996 24.0965 9.9313 2.14294 1.07823 1.00213 1.00213 1.07823 2.14294 
1.47583 1.0115 0.999851 0.999964 0.999967 0.999904 1.01187 1.47254 6.84001 1.54365 1.01946 1.00028 1.00028 1.01946 1.54365 6.84001 29.2233 34.1456 34.8683 34.9414 34.9412 34.8677 34.1456 29.2233 33.3012 33.2283 33.2826 33.4418 33.4418 33.2826 33.2283 33.3012 32.7106 33.9918 34.6746 34.8523 34.8518 34.6671 33.9894 32.6972 26.0957 23.9387 9.71749 2.28707 2.28707 9.71749 23.9387 26.0957 10.7804 2.25633 1.08531 1.00223 1.00223 1.08531 2.25633 
1.43591 1.00938 0.99985 1 1 0.999904 1.00979 1.43283 6.64295 1.50673 1.01765 1.0003 1.0003 1.01765 1.50673 6.64295 29.2852 34.2326 34.9178 34.9886 34.9886 34.9173 34.2326 29.2852 34.5419 34.6385 34.6636 34.7112 34.7112 34.6636 34.6385 34.5419 33.5247 34.7231 34.9545 34.9852 34.9843 34.9509 34.7093 33.4895 26.6098 24.4417 9.8432 2.30317 2.30317 9.8432 24.4417 26.6098 10.9397 2.2733 1.08615 1.00228 1.00228 1.08615 2.2733 
1.43735 1.01001 0.999875 1 1.00001 0.999921 1.01032 1.43424 6.64159 1.50801 1.01761 1.00028 1.00028 1.01761 1.50801 6.64159 29.31 34.243 34.9243 34.993 34.993 34.9238 34.243 29.31 34.7679 34.9209 34.9441 34.9568 34.9568 34.9441 34.9209 34.7679 33.6334 34.8242 34.9846 34.9981 34.9979 34.9834 34.814 33.6082 26.6769 24.4732 9.76462 2.27963 2.27963 9.76462 24.4732 26.6769 10.8591 2.24843 1.08097 1.00203 1.00203 1.08097 2.24843 
1.43424 1.01032 0.999921 1.00001 1.00001 0.999921 1.01032 1.43424 6.51051 1.50387 1.01693 1.00023 1.00028 1.01761 1.50801 6.64159 29.31 34.243 34.9238 34.993 34.993 34.9243 34.2355 29.4683 34.7737 34.9212 34.9441 34.9568 34.9568 34.9441 34.9209 34.7679 33.6082 34.814 34.9834 34.9979 34.9979 34.9834 34.814 33.6082 26.5251 24.4344 9.72326 2.26915 2.27963 9.76462 24.4732 26.6769 10.8591 2.24843 1.08097 1.00203 1.00192 1.07941 2.23816 
1.43283 1.00979 0.999904 1 1 0.999904 1.00979 1.43283 6.51396 1.50257 1.01691 1.00024 1.0003 1.01765 1.50673 6.64295 29.2852 34.2326 34.9173 34.9886 34.9886 34.9178 34.2245 29.4459 34.5494 34.639 34.6636 34.7111 34.7112 34.6636 34.6385 34.5419 33.4895 34.7093 34.9509 34.9843 34.9843 34.9509 34.7093 33.4895 26.445 24.3909 9.79165 2.29074 2.30317 9.8432 24.4417 26.6098 10.9397 2.2733 1.08615 1.00228 1.00215 1.08417 2.25988 
1.47254 1.01187 0.999904 0.999967 0.999967 0.999904 1.01187 1.47254 6.71057 1.53937 1.01873 1.00022 1.00028 1.01946 1.54365 6.84001 29.2233 34.1456 34.8677 34.9412 34.9414 34.8683 34.1324 29.378 33.3115 33.2343 33.2833 33.4425 33.4418 33.2826 33.2283 33.3012 32.6972 33.9894 34.6671 34.8518 34.8518 34.6671 33.9894 32.6972 25.9289 23.8752 9.66829 2.27486 2.28707 9.71749 23.9387 26.0957 10.7804 2.25633 1.08531 1.00223 1.0021 1.08334 2.24289 
1.95593 1.04599 1.0009 1.00005 1.00005 1.0009 1.04599 1.95593 8.5624 2.08211 1.05846 1.00133 1.00141 1.05988 2.08545 8.6864 29.126 33.8627 34.6497 34.7208 34.7208 34.6503 33.8483 29.24 28.9589 28.8174 28.956 29.1085 29.112 28.9609 29.0228 29.1442 28.2112 30.0063 32.8614 33.8789 33.8789 32.8614 30.0063 28.2112 24.0611 22.0349 8.8456 2.16695 2.18419 8.93079 21.9996 24.0965 9.9313 2.14294 1.07823 1.00213 1.002 1.07615 2.12713 
6.29786 1.62872 1.03072 1.00054 1.00054 1.03072 1.62872 6.29786 18.0975 6.47659 1.66946 1.03734 1.03775 1.67134 6.46584 18.0231 26.7164 30.954 30.9161 30.9031 30.9015 30.9135 30.7331 26.6309 8.02759 7.85411 8.29298 8.13603 8.13297 8.28924 7.85068 8.02428 8.90324 14.7662 25.2492 29.3907 29.3907 25.2492 14.7662 8.90324 6.46598 6.22795 2.10147 1.07428 1.07428 2.10147 6.21265 6.47077 2.2018 1.07205 1.00224 1.00004 1.00003 1.00226 1.07315 
7.93628 1.84143 1.04254 1.00071 1.00071 1.04254 1.84143 7.93628 22.3879 8.35286 1.89854 1.05269 1.05324 1.90138 8.37798 22.3606 28.352 33.4868 34.2174 34.2828 34.2837 34.2192 33.5297 28.5114 2.50039 2.5616 2.60098 2.4847 2.48522 2.6016 2.56223 2.50087 3.24208 10.742 26.0728 32.2236 32.2236 26.0728 10.742 3.24208 1.59737 1.56573 1.06295 1.00194 1.00194 1.06295 1.5625 1.59938 1.09655 1.00348 1.00002 0.99995 0.99995 1.00001 1.00339 
8.0957 1.85869 1.04336 1.00076 1.00076 1.04336 1.85869 8.0957 22.8183 8.51332 1.91527 1.05362 1.05418 1.91809 8.54092 22.7978 28.517 33.8977 34.7729 34.8575 34.8576 34.7741 33.9435 28.6806 1.2056 1.17796 1.18551 1.16266 1.1627 1.18554 1.178 1.20566 2.29137 10.0635 26.1942 32.6479 32.6479 26.1942 10.0635 2.29137 1.0685 1.02852 1.00071 0.999947 0.999947 1.00071 1.02683 1.07073 1.00562 1.0001 0.999971 1 1 0.999971 1.0001 
8.03689 1.84661 1.0421 1.00071 1.00071 1.0421 1.84661 8.03689 22.6756 8.44912 1.9073 1.05162 1.05199 1.90853 8.46156 22.6772 28.4791 33.8889 34.7272 34.8091 34.8091 34.7279 33.9255 28.6359 1.32188 1.27157 1.27724 1.27356 1.27356 1.27724 1.27157 1.3219 2.32947 9.9823 26.0804 32.4508 32.4508 26.0804 9.9823 2.32947 1.20193 1.00552 1.0002 0.999955 0.999955 1.0002 1.00647 1.20388 1.01556 1.00031 0.999951 0.999997 0.999997 0.999951 1.00031 
8.03526 1.8491 1.04266 1.00075 1.00071 1.0421 1.84661 8.03689 22.6772 8.46156 1.90853 1.05199 1.05199 1.90853 8.46156 22.6772 28.6359 33.9255 34.7279 34.8091 34.8091 34.7272 33.8889 28.4791 1.3219 1.27157 1.27724 1.27356 1.27356 1.27724 1.27157 1.3219 2.32592 9.95505 26.0991 32.4607 32.4508 26.0804 9.9823 2.32947 1.20403 1.00647 1.00019 0.999955 0.999952 1.00012 1.00647 1.20193 1.01558 1.00031 0.999951 0.999997 0.999997 0.999951 1.00031 
8.09108 1.86174 1.04404 1.0008 1.00076 1.04336 1.85869 8.0957 22.7978 8.54092 1.91809 1.05418 1.05418 1.91809 8.54092 22.7978 28.6806 33.9435 34.7741 34.8576 34.8575 34.7729 33.8977 28.517 1.20566 1.178 1.18554 1.1627 1.1627 1.18554 1.178 1.20566 2.2823 10.0199 26.2217 32.6649 32.6479 26.1942 10.0635 2.29137 1.07092 1.02689 1.00071 0.999947 0.99995 1.00084 1.02689 1.0685 1.00565 1.0001 0.999971 1 1 0.999971 1.0001 
7.93176 1.84445 1.04322 1.00075 1.00071 1.04254 1.84143 7.93628 22.3606 8.37798 1.90138 1.05324 1.05324 1.90138 8.37798 22.3606 28.5114 33.5297 34.2192 34.2837 34.2828 34.2174 33.4868 28.352 2.50087 2.56223 2.6016 2.48522 2.48522 2.6016 2.56223 2.50087 3.21978 10.68 26.1069 32.2552 32.2236 26.0728 10.742 3.24208 1.59612 1.56081 1.06268 1.00194 1.00195 1.06326 1.56081 1.59737 1.09581 1.00339 1.00001 0.99995 0.99995 1.00002 1.00348 
6.29426 1.6312 1.03126 1.00057 1.00054 1.03072 1.62872 6.29786 18.0231 6.46584 1.67134 1.03775 1.03775 1.67134 6.46584 18.0231 26.6309 30.7331 30.9135 30.9015 30.9031 30.9161 30.954 26.7164 8.02428 7.85068 8.28924 8.13297 8.13297 8.28924 7.85068 8.02428 8.75238 14.5638 25.1444 29.2791 29.3907 25.2492 14.7662 8.90324 6.26073 6.03055 2.06126 1.07428 1.07458 2.10559 6.03055 6.46598 2.22931 1.07315 1.00226 1.00003 1.00004 1.00224 1.07205 
1.39579 1.01976 1.00034 0.999979 0.999977 1.0003 1.01873 1.38009 3.81529 1.45017 1.02939 1.00082 1.00082 1.02939 1.45017 3.81529 8.80797 10.3357 10.331 10.3263 10.3267 10.3316 10.3397 8.80797 1.33476 1.30026 1.28558 1.27944 1.27944 1.28558 1.30026 1.33476 1.8179 3.44746 7.52244 8.97196 8.85361 7.4211 3.36634 1.76992 1.16176 1.28721 1.02607 1.00114 1.00086 1.01913 1.22765 1.14887 1.00614 0.999913 0.999989 1.00001 1.00001 0.999987 0.999908 
1.03229 1.00111 0.99995 0.999959 0.99996 0.999951 1.00112 1.03234 1.28432 1.02353 1.00077 0.999923 0.999923 1.00077 1.02353 1.28432 2.08686 2.34127 2.3369 2.32362 2.32277 2.33608 2.34056 2.08686 1.03855 1.03615 1.03735 1.03656 1.03656 1.03735 1.03615 1.03855 1.02301 1.17358 1.87082 2.04885 2.06896 1.89349 1.17519 1.02107 1.02098 1.00812 1.00022 0.999939 0.999938 1.00019 1.00703 1.02099 1.00193 0.999975 0.999954 0.999964 0.999964 0.999954 0.999975 
1.00114 0.999978 0.999994 1 1 0.999994 0.999978 1.00114 1.01113 1.00042 0.999947 0.999996 0.999996 0.999947 1.00042 1.01113 1.07364 1.0951 1.08679 1.08423 1.0841 1.08667 1.09497 1.07364 1.00339 1.00365 1.00357 1.00326 1.00326 1.00357 1.00365 1.00339 0.99883 1.00466 1.06092 1.06713 1.06908 1.06309 1.00481 0.998725 1.0015 1.00002 0.999971 0.999997 0.999998 0.999969 1.00002 1.0015 1.00015 0.999993 1 1 1 1 0.999993 
1.00004 0.999987 1 1 1 1 0.999987 1.00004 1.00015 0.999935 0.999997 1 1 0.999997 0.999935 1.00015 1.00217 1.00286 1.00223 1.00208 1.00208 1.00223 1.00285 1.00217 1.00017 1.0001 1.00014 1.00012 1.00012 1.00014 1.0001 1.00017 0.999987 1.00002 1.00185 1.0018 1.00191 1.00199 1.00003 0.999981 1.00006 0.99995 0.999999 1 1 0.999999 0.999951 1.00006 1.00002 0.999995 1 1 1 1 0.999995 
1.00004 0.999987 1 1 1 1 0.999987 1.00004 1.00016 0.999937 0.999997 1 1 0.999997 0.999935 1.00015 1.00217 1.00285 1.00223 1.00208 1.00208 1.00223 1.00286 1.00217 1.00017 1.0001 1.00014 1.00012 1.00012 1.00014 1.0001 1.00017 0.999981 1.00003 1.00199 1.00191 1.00191 1.00199 1.00003 0.999981 1.00006 0.999951 0.999999 1 1 0.999999 0.99995 1.00006 1.00002 0.999995 1 1 1 1 0.999995 
1.00114 0.999978 0.999994 1 1 0.999994 0.999978 1.00114 1.01128 1.00043 0.999948 0.999996 0.999996 0.999947 1.00042 1.01113 1.07364 1.09497 1.08667 1.0841 1.08423 1.08679 1.0951 1.07359 1.00339 1.00363 1.00356 1.00326 1.00326 1.00357 1.00365 1.00339 0.998725 1.00481 1.06309 1.06908 1.06908 1.06309 1.00481 0.998725 1.0015 1.00002 0.999969 0.999998 0.999997 0.999972 1.00002 1.0015 1.00015 0.999993 1 1 1 1 0.999993 
1.03234 1.00112 0.999951 0.99996 0.99996 0.999951 1.00112 1.03234 1.28199 1.02354 1.00079 0.999922 0.999923 1.00077 1.02353 1.28432 2.08686 2.34056 2.33608 2.32277 2.32362 2.3369 2.34127 2.08687 1.03855 1.03565 1.03688 1.03615 1.03656 1.03735 1.03615 1.03855 1.02107 1.17519 1.89349 2.06896 2.06896 1.89349 1.17519 1.02107 1.02099 1.00703 1.00019 0.999938 0.99994 1.00023 1.00812 1.02099 1.00193 0.999975 0.999954 0.999964 0.999964 0.999954 0.999975 
1.38009 1.01873 1.0003 0.999977 0.999977 1.0003 1.01873 1.38009 3.66946 1.4232 1.02741 1.00072 1.00082 1.02939 1.45017 3.81529 8.80797 10.3397 10.3316 10.3267 10.3263 10.331 10.3357 8.8063 1.33351 1.28457 1.26771 1.26168 1.27944 1.28558 1.30026 1.33476 1.76992 3.36634 7.4211 8.85361 8.85361 7.4211 3.36634 1.76992 1.14887 1.22765 1.01913 1.00086 1.00108 1.02463 1.28721 1.14887 1.00614 0.999913 0.999989 1.00001 1.00001 0.999989 0.999913 
1.0107 1.00011 0.999997 1.00004 1.00004 0.999997 1.00011 1.0107 1.23627 1.01923 1.00076 1.00001 1.00001 1.00076 1.01923 1.23627 1.79856 1.97635 2.05179 2.06143 2.06143 2.05179 1.97635 1.79856 0.982745 0.985209 0.98122 0.980376 0.980376 0.98122 0.985209 0.982745 1.04548 1.13623 1.76957 1.93906 1.93906 1.76957 1.13623 1.04548 0.990994 1.01028 1.00062 1.00003 1.00003 1.00062 1.01028 0.990994 0.998543 1.00001 1.00005 1.00004 1.00004 1.00005 1.00001 
1.00016 0.999975 0.999996 0.999997 0.999997 0.999996 0.999975 1.00016 1.00768 1.00025 0.999953 0.999992 0.999992 0.999953 1.00025 1.00768 1.04854 1.06231 1.07318 1.07352 1.07352 1.07318 1.06231 1.04854 0.998084 0.998097 0.998062 0.998175 0.998175 0.998062 0.998097 0.998084 1.00164 1.00376 1.0385 1.04608 1.04608 1.0385 1.00376 1.00164 0.998982 1.00015 0.999986 0.999993 0.999993 0.999986 1.00015 0.998982 0.999956 1 0.999997 0.999996 0.999996 0.999997 1 
1.00003 0.999995 1 1 1 1 0.999995 1.00003 1.00006 0.999935 0.999997 1 1 0.999997 0.999935 1.00006 1.00105 1.00129 1.00204 1.0021 1.0021 1.00204 1.00129 1.00105 0.999959 0.999886 0.999924 0.99993 0.99993 0.999924 0.999886 0.999959 1.00008 1.00001 1.00055 1.0007 1.0007 1.00055 1.00001 1.00008 0.99997 0.999936 0.999997 1 1 0.999997 0.999936 0.99997 1.00005 0.999997 1 1 1 1 0.999997 
1.00004 0.999996 1 1 1 1 0.999996 1.00004 0.999995 0.999963 1 1 1 1 0.999963 0.999995 1.00003 0.999964 1.00002 1.00002 1.00002 1.00002 0.999964 1.00003 1.00006 0.999982 1.00002 1.00002 1.00002 1.00002 0.999982 1.00006 1.00003 0.999949 1.00001 0.999974 0.999974 1.00001 0.999949 1.00003 1.00002 0.999963 1 1 1 1 0.999963 1.00002 1.00004 0.999996 1 1 1 1 0.999996 
0 0 0 0 1 1 0.999996 1.00004 0.999995 0.999963 1 1 1 1 0.999963 0.999995 1.00003 0.999964 1.00002 1.00002 1.00001 1.00001 0.999961 1.00003 1.00006 0.999981 1.00002 1.00002 1.00002 1.00002 0.999982 1.00006 1.00003 0.999949 1.00001 0.999974 0.999974 1.00001 0.999949 1.00003 1.00002 0.999963 1 1 1 1 0.999963 1.00002 1.00004 0.999996 1 1 0 0 0 
0 0 0 0 1 1 0.999995 1.00003 1.00006 0.999935 0.999997 1 1 0.999997 0.999935 1.00007 1.00105 1.00129 1.00204 1.0021 1.00201 1.00195 1.00124 1.001 0.999964 0.99989 0.999928 0.999934 0.99993 0.999924 0.999886 0.999959 1.00008 1.00001 1.00055 1.0007 1.0007 1.00055 1.00001 1.00008 0.999974 0.999936 0.999997 1 1 0.999997 0.999936 0.99997 1.00005 0.999997 1 1 0 0 0 
0 0 0 0 0.999997 0.999996 0.999975 1.00016 1.00768 1.00025 0.999953 0.999992 0.999992 0.999954 1.00025 1.00783 1.04854 1.06231 1.07318 1.07352 1.07215 1.07183 1.06148 1.04786 0.998173 0.998122 0.998092 0.998202 0.998175 0.998062 0.998097 0.998084 1.00164 1.00376 1.03853 1.04611 1.04608 1.0385 1.00376 1.00164 0.999035 1.00015 0.999986 0.999993 0.999993 0.999986 1.00015 0.998982 0.999956 1 0.999997 0.999996 0 0 0 
