0 0 0 0 1.00003 1.00009 1.00332 1.07133 1.62212 1.12103 1.00812 1.00035 1.00035 1.00804 1.12021 1.61836 1.73269 1.64027 1.17885 1.05462 1.05298 1.17642 1.64185 1.73622 1.08145 1.03859 1.03807 1.05167 1.05244 1.03979 1.04015 1.08125 1.02904 1.22018 1.93094 2.38666 2.38432 1.92987 1.22057 1.02883 1.00673 1.00916 1.00081 1.00006 1.00006 1.00081 1.0092 1.00676 1.00141 1.00007 1.00005 1.00006 0 0 0 
0 0 0 0 0.999995 0.999971 1.0001 1.00393 1.03938 1.00493 1.00015 0.999942 0.999942 1.00015 1.00486 1.03886 1.04175 1.03424 1.00561 1.00084 1.00074 1.00549 1.03421 1.042 1.01011 1.00862 1.00917 1.0069 1.00682 1.00909 1.00854 1.00995 1.00198 1.01966 1.10795 1.16503 1.16744 1.10973 1.02009 1.00202 1.00018 1.00028 1.00003 0.999991 0.999991 1.00003 1.00028 1.00018 1.00006 0.999989 0.999996 0.999996 0 0 0 
0 0 0 0 1 0.999997 0.99997 1.00019 1.00106 1 0.999967 0.999996 0.999996 0.999967 0.999998 1.00103 1.00086 1.00056 1.00006 1 0.999996 1.00005 1.00055 1.00087 1.00066 1.00051 1.00059 1.00053 1.00051 1.00058 1.0005 1.00064 1.0001 1.00104 1.00723 1.01111 1.01138 1.00742 1.00108 1.0001 1 0.999943 0.999995 1 1 0.999995 0.999943 1 1.00004 0.999996 1 1 0 0 0 
0 0 0 0 1 1 0.999994 1.00003 0.999999 0.999921 0.999999 1 1 0.999999 0.999921 0.999996 1.00001 0.9999 0.999989 1 1 0.999989 0.999899 1.00001 1.00001 0.999891 0.999953 0.999945 0.999945 0.999952 0.999891 1.00001 1.00003 0.999931 1.00024 1.00037 1.00038 1.00026 0.999932 1.00003 1.00002 0.999942 1 1 1 1 0.999942 1.00002 1.00006 0.999996 1 1 0 0 0 
1.00003 0.999994 1 1 1 1 0.999994 1.00003 0.999996 0.999921 0.999999 1 1 0.999999 0.999921 0.999996 1.00001 0.9999 0.999989 1 1 0.999989 0.9999 1.00001 1.00001 0.999891 0.999953 0.999945 0.999945 0.999953 0.999891 1.00001 1.00003 0.999932 1.00026 1.00038 1.00038 1.00026 0.999932 1.00003 1.00002 0.999942 1 1 1 1 0.999942 1.00002 1.00006 0.999996 1 1 1 1 0.999996 
1.00019 0.99997 0.999997 1 1 0.999997 0.99997 1.00019 1.00103 0.999998 0.999967 0.999996 0.999996 0.999967 0.999998 1.00103 1.00086 1.00056 1.00006 1 1 1.00006 1.00056 1.00086 1.00066 1.00051 1.00059 1.00053 1.00053 1.00059 1.00051 1.00066 1.0001 1.00108 1.00742 1.01138 1.01138 1.00742 1.00108 1.0001 1 0.999943 0.999995 1 1 0.999995 0.999943 1 1.00004 0.999996 1 1 1 1 0.999996 
1.00393 1.0001 0.999971 0.999995 0.999995 0.999971 1.0001 1.00393 1.03886 1.00486 1.00015 0.999942 0.999942 1.00015 1.00486 1.03886 1.04175 1.03424 1.00561 1.00084 1.00084 1.00561 1.03424 1.04175 1.01011 1.00862 1.00917 1.0069 1.0069 1.00917 1.00862 1.01011 1.00202 1.02009 1.10973 1.16744 1.16744 1.10973 1.02009 1.00202 1.00018 1.00028 1.00003 0.999991 0.999991 1.00003 1.00028 1.00018 1.00006 0.999989 0.999996 0.999996 0.999996 0.999996 0.999989 
1.07133 1.00332 1.00009 1.00003 1.00003 1.00009 1.00332 1.07133 1.61836 1.12021 1.00804 1.00035 1.00035 1.00804 1.12021 1.61836 1.73269 1.64027 1.17885 1.05462 1.05462 1.17885 1.64027 1.73269 1.08145 1.03859 1.03807 1.05167 1.05167 1.03807 1.03859 1.08145 1.02883 1.22057 1.92987 2.38432 2.38432 1.92987 1.22057 1.02883 1.00676 1.0092 1.00081 1.00006 1.00006 1.00081 1.00916 1.00673 1.00141 1.00007 1.00005 1.00006 1.00006 1.00005 1.00007 
1.91987 1.07828 1.00328 1.00001 1.00001 1.00328 1.07828 1.91987 4.83985 2.17674 1.12293 1.00632 1.00632 1.12293 2.17674 4.83985 6.0329 5.76295 3.36944 2.03694 2.03694 3.36944 5.83138 6.07365 1.513 1.44651 1.48003 1.52366 1.49264 1.43568 1.40477 1.4673 1.5681 3.22588 6.18537 8.25497 8.29867 6.21242 3.22588 1.5681 1.10406 1.0983 1.00766 1.00074 1.00109 1.01272 1.12898 1.136 1.01244 0.999837 0.999937 1.00002 1.00002 0.999937 0.999837 
1.09899 1.00596 1.00014 0.999916 0.999916 1.00014 1.00596 1.09899 1.62229 1.11819 1.00693 1.00007 1.00007 1.00693 1.11819 1.62229 1.77524 1.67722 1.20988 1.06591 1.06591 1.20988 1.67387 1.76463 1.06133 1.05475 1.05485 1.06506 1.06456 1.05372 1.05372 1.05948 1.03312 1.22316 1.85261 2.33626 2.33243 1.85105 1.22316 1.03312 1.00201 0.999677 0.999459 0.999947 0.999947 0.999413 0.999444 1.0022 0.999544 0.999914 0.999947 0.999945 0.999945 0.999947 0.999913 
1.0044 1.00015 0.999964 0.999999 0.999999 0.999964 1.00015 1.0044 1.0388 1.00447 1.00005 0.999952 0.999952 1.00005 1.00447 1.0388 1.04809 1.03782 1.00768 1.00189 1.00189 1.00768 1.03767 1.04714 1.0097 1.00886 1.00828 1.0072 1.00727 1.00832 1.00891 1.00973 1.00083 1.00829 1.06032 1.11229 1.11213 1.06034 1.00829 1.00083 0.999864 0.999609 0.999972 1 1 0.999967 0.999575 0.999845 1.00008 1.00001 1 1 1 1 1.00001 
1.00011 0.999959 0.999997 1 1 0.999997 0.999959 1.00011 1.00086 0.99995 0.999968 1 1 0.999968 0.99995 1.00086 1.0011 1.00062 1.00008 1.00002 1.00002 1.00008 1.00062 1.00105 1.00064 1.00055 1.00055 1.00049 1.0005 1.00056 1.00056 1.00066 1 0.99995 1.00157 1.00398 1.00397 1.00157 0.99995 1 1.00004 0.999963 1.00001 1 1 1.00001 0.999963 1.00004 1.00007 0.999996 1 1 1 1 0.999996 
1.00011 0.999959 0.999997 1 1 0.999997 0.999959 1.00011 1.00086 0.99995 0.999968 1 1 0.999968 0.99995 1.00086 1.00105 1.00062 1.00008 1.00002 1.00004 1.0001 1.00062 1.00105 1.00066 1.00056 1.00056 1.0005 1.0005 1.00056 1.00056 1.00066 1 0.99995 1.00157 1.00397 1.00398 1.00157 0.99995 1 1.00004 0.999963 1.00001 1 1 1.00001 0.999963 1.00004 1.00007 0.999996 1 1 1 1 0.999996 
1.00441 1.00015 0.999964 0.999999 0.999999 0.999964 1.00015 1.0044 1.0388 1.00445 1.00005 0.999952 0.999952 1.00005 1.00447 1.0388 1.04714 1.03767 1.00768 1.00189 1.00212 1.00801 1.03767 1.04714 1.00973 1.00891 1.00832 1.00727 1.00727 1.00832 1.00891 1.00973 1.00083 1.00829 1.06034 1.11213 1.11229 1.06032 1.00829 1.00083 0.999845 0.999575 0.999967 1 1 0.999972 0.999575 0.999864 1.00008 1.00001 1 1 1 1 1.00001 
1.09917 1.00592 1.00013 0.999915 0.999916 1.00014 1.00596 1.09899 1.62112 1.11787 1.00688 1.00007 1.00007 1.00693 1.11819 1.62229 1.76463 1.67387 1.20988 1.06591 1.06911 1.2151 1.67387 1.76463 1.05948 1.05372 1.05372 1.06456 1.06456 1.05372 1.05372 1.05948 1.03313 1.2232 1.85105 2.33243 2.33626 1.85261 1.22316 1.03312 1.0022 0.999444 0.999413 0.999947 0.999952 0.999459 0.999444 1.00201 0.999544 0.999913 0.999947 0.999945 0.999945 0.999947 0.999914 
1.94051 1.08032 1.0034 1.00002 1.00001 1.00328 1.07828 1.91987 4.91075 2.19996 1.12541 1.00647 1.00632 1.12293 2.17674 4.83985 6.07365 5.83138 3.36944 2.03694 2.0732 3.43843 5.83138 6.07365 1.4673 1.40477 1.43568 1.49264 1.49264 1.43568 1.40477 1.4673 1.56863 3.22728 6.21242 8.29867 8.25497 6.18537 3.22588 1.5681 1.136 1.12898 1.01272 1.00109 1.00092 1.00766 1.12898 1.10406 1.01244 0.999837 0.999937 1.00002 1.00002 0.999937 0.999837 
8.14475 2.27697 1.11325 1.00414 1.00407 1.11271 2.27781 8.18527 17.2374 8.33641 2.36651 1.1423 1.1423 2.36651 8.33641 17.2374 19.6704 19.9257 14.4873 10.1141 10.1141 14.4873 19.9257 19.6704 5.94685 6.13084 6.11108 6.21293 6.38327 6.30661 6.32265 6.10571 5.35954 10.5544 16.2235 21.0244 20.8238 16.0313 10.4819 5.31611 3.08272 2.92239 1.5526 1.06326 1.06326 1.55254 2.92239 3.08272 2.16791 1.11844 1.00658 1.00013 1.00013 1.00658 1.11845 
9.30562 2.50747 1.13764 1.00502 1.00493 1.13678 2.50512 9.32141 19.8449 9.66913 2.60136 1.17085 1.17085 2.60136 9.66913 19.8449 21.6037 20.8447 10.8959 4.33703 4.33703 10.8959 20.8447 21.6037 2.85463 2.58594 2.62435 2.42969 2.427 2.61999 2.57913 2.82301 5.44014 12.8961 20.233 26.4029 26.2782 20.145 12.9666 5.41448 1.62765 1.47031 1.076 1.00471 1.00471 1.07595 1.47031 1.62765 1.17841 1.01347 1.0004 0.999897 0.999897 1.0004 1.01345 
7.257 2.07852 1.09291 1.00319 1.00313 1.09231 2.07641 7.26621 15.4703 7.35626 2.11807 1.10939 1.10939 2.11807 7.35626 15.4703 17.3228 16.5337 7.81405 2.55949 2.55949 7.81405 16.5337 17.3228 1.64177 1.28804 1.26066 1.1961 1.19611 1.26037 1.28583 1.6223 4.04514 9.88392 15.6799 20.4375 20.3642 15.6299 9.94532 4.04441 1.20085 1.06865 1.00569 1.00014 1.00014 1.00569 1.06865 1.20085 1.01755 1.00062 0.99996 0.999996 0.999996 0.99996 1.00062 
3.51168 1.26413 1.01269 1.00012 1.00012 1.01259 1.2636 3.51384 9.83946 4.01386 1.34386 1.01861 1.01861 1.34386 4.01386 9.83946 10.4296 9.52693 3.82681 1.35261 1.35261 3.82681 9.52693 10.4296 1.23537 1.20101 1.1987 1.17206 1.17207 1.19867 1.20078 1.23273 1.74093 4.77232 9.23366 12.2454 12.2104 9.1952 4.79716 1.72976 1.0278 1.0052 1.00021 0.999955 0.999955 1.00021 1.0052 1.0278 1.00125 0.99999 0.999989 1 1 0.999989 0.99999 
3.51384 1.2636 1.01259 1.00012 1.00012 1.01259 1.2636 3.51384 9.84045 4.0076 1.33717 1.01828 1.01861 1.34386 4.01386 9.83946 10.4988 9.54702 3.8586 1.35904 1.35261 3.82681 9.52693 10.4296 1.23273 1.20078 1.19867 1.17207 1.17206 1.1987 1.20078 1.23273 1.72976 4.75897 9.20462 12.2243 12.2745 9.27122 4.704 1.71328 1.02359 1.00506 1.00022 0.999954 0.999955 1.00021 1.0052 1.0278 1.00125 0.99999 0.999989 1 1 0.999989 0.99999 
7.26621 2.07641 1.09231 1.00313 1.00313 1.09231 2.07641 7.26621 15.4782 7.33315 2.11996 1.10986 1.10939 2.11807 7.35626 15.4703 17.3924 16.5232 7.88166 2.57427 2.55949 7.81405 16.5337 17.3228 1.6223 1.28583 1.26037 1.19611 1.1961 1.26066 1.28583 1.6223 4.04441 9.90121 15.7083 20.4611 20.5167 15.7331 9.78049 3.8945 1.17213 1.06697 1.00594 1.00015 1.00014 1.00569 1.06865 1.20085 1.01755 1.00062 0.99996 0.999996 0.999996 0.99996 1.00062 
9.32141 2.50512 1.13678 1.00493 1.00493 1.13678 2.50512 9.32141 19.8537 9.6281 2.59748 1.17097 1.17085 2.60136 9.66913 19.8449 21.7215 20.8454 10.9908 4.35601 4.33703 10.8959 20.8447 21.6037 2.82301 2.57913 2.61999 2.427 2.42969 2.62435 2.57913 2.82301 5.41448 12.9047 20.2209 26.395 26.5194 20.3188 12.7611 5.21443 1.59238 1.46536 1.07881 1.00482 1.00471 1.076 1.47031 1.62765 1.17836 1.01345 1.0004 0.999897 0.999897 1.0004 1.01347 
8.18527 2.27781 1.11271 1.00407 1.00407 1.11271 2.27781 8.18527 17.4592 8.36887 2.36655 1.14255 1.1423 2.36651 8.33641 17.2374 19.7298 19.9194 14.2657 9.86595 10.1141 14.4873 19.9257 19.6704 6.10571 6.32265 6.30661 6.38327 6.21293 6.11108 6.32265 6.10571 5.31611 10.5627 16.224 21.0308 21.2297 16.4249 10.704 5.49342 3.48083 3.09105 1.58672 1.06737 1.06326 1.5526 2.92239 3.08272 2.16632 1.11845 1.00658 1.00013 1.00013 1.00658 1.11844 
9.93905 2.6398 1.14822 1.00599 1.00614 1.14933 2.64124 9.92001 21.7888 9.90606 2.76756 1.20396 1.20397 2.76783 9.89637 21.8738 30.811 32.3979 30.9568 30.2923 30.2923 30.9568 32.3055 30.7515 25.4201 25.2206 25.2188 25.63 25.63 25.2188 25.2206 25.4201 25.6239 28.3994 30.6475 31.9409 32.1228 30.8894 28.5744 25.7602 20.0831 18.1954 9.2014 2.96179 2.95444 9.17257 18.3806 20.2251 10.4138 2.689 1.15163 1.00518 1.00518 1.15164 2.68894 
10.368 2.71307 1.15604 1.00632 1.00651 1.15734 2.71447 10.3445 22.8549 10.2873 2.84586 1.21628 1.21626 2.84563 10.2727 22.9291 32.6569 34.0264 34.0463 33.9267 33.9267 34.0463 34.0352 32.6755 30.9655 30.7009 30.8621 31.3386 31.3386 30.8621 30.7009 30.9655 31.5729 33.3699 34.1437 34.4349 34.4239 34.1301 33.3725 31.5191 23.3722 21.2547 10.6097 3.30846 3.30271 10.5955 21.2081 23.226 11.9006 2.98599 1.18468 1.0062 1.0062 1.18461 2.98607 
10.4211 2.72046 1.1567 1.0064 1.00658 1.158 2.7219 10.3982 23.0788 10.3285 2.85336 1.21662 1.21661 2.85333 10.3135 23.1612 33.3445 34.5612 34.8296 34.8443 34.8443 34.8296 34.5671 33.3561 33.6174 33.6025 33.7179 33.9427 33.9427 33.7179 33.6025 33.6174 33.1489 34.4961 34.8711 34.9353 34.935 34.8714 34.5029 33.0907 24.4964 22.3607 11.0941 3.41427 3.40933 11.0875 22.3531 24.3738 12.4675 3.08686 1.19476 1.00661 1.00661 1.19469 3.08695 
10.3904 2.71067 1.155 1.00608 1.00622 1.1559 2.7113 10.3745 23.1437 10.3156 2.8334 1.20636 1.20636 2.83339 10.2994 23.2289 33.4516 34.6792 34.9485 34.9759 34.9759 34.9485 34.6834 33.4598 34.3964 34.5883 34.6569 34.7429 34.7429 34.6569 34.5883 34.3964 33.3533 34.6678 34.9553 34.99 34.99 34.9555 34.6714 33.2948 24.7539 22.5962 11.1542 3.40718 3.40403 11.1557 22.5965 24.646 12.5796 3.09816 1.1958 1.00666 1.00666 1.19574 3.09823 
10.3745 2.7113 1.1559 1.00622 1.00622 1.1559 2.7113 10.3745 23.1437 10.3156 2.8334 1.20636 1.20636 2.8334 10.3156 23.1437 33.4516 34.6792 34.9456 34.9745 34.9745 34.9456 34.6792 33.4516 34.3972 34.5883 34.6569 34.7429 34.7429 34.6569 34.5883 34.3964 33.2948 34.6714 34.9555 34.99 34.99 34.9555 34.6714 33.2948 24.646 22.5965 11.1557 3.40403 3.40718 11.1542 22.6076 24.7417 12.5797 3.09823 1.19574 1.00666 1.00666 1.1958 3.09816 
10.3982 2.7219 1.158 1.00658 1.00658 1.158 2.7219 10.3982 23.0788 10.3285 2.85336 1.21662 1.21662 2.85336 10.3285 23.0788 33.3445 34.5612 34.82 34.8384 34.8384 34.82 34.5612 33.3445 33.618 33.6027 33.7178 33.9428 33.9427 33.7179 33.6025 33.6174 33.0907 34.5029 34.8714 34.935 34.935 34.8714 34.5029 33.0907 24.3738 22.3531 11.0875 3.40933 3.41427 11.0941 22.3717 24.4741 12.4678 3.08695 1.19469 1.00661 1.00661 1.19476 3.08686 
10.3445 2.71447 1.15734 1.00651 1.00651 1.15734 2.71447 10.3445 22.8549 10.2873 2.84586 1.21628 1.21628 2.84586 10.2873 22.8549 32.6569 34.0264 34.0208 33.9098 33.9098 34.0208 34.0264 32.6569 30.9611 30.6977 30.8617 31.3386 31.3386 30.8621 30.7009 30.9655 31.5191 33.3725 34.1301 34.4239 34.4239 34.1301 33.3725 31.5191 23.226 21.2081 10.5955 3.30271 3.30846 10.6097 21.2438 23.3361 11.901 2.98607 1.18461 1.0062 1.0062 1.18468 2.98599 
9.92001 2.64124 1.14933 1.00614 1.00614 1.14933 2.64124 9.92001 21.7888 9.90606 2.76756 1.20396 1.20396 2.76756 9.90606 21.7888 30.811 32.3979 31.0712 30.4318 30.4318 31.0712 32.3979 30.811 25.6145 25.4287 25.2229 25.6328 25.63 25.2188 25.2206 25.4201 25.7602 28.5744 30.8894 32.1228 32.1228 30.8894 28.5744 25.7602 20.2251 18.3806 9.17257 2.95444 2.96179 9.2014 18.4534 20.3644 10.4121 2.68894 1.15164 1.00518 1.00518 1.15163 2.689 
9.01609 2.46388 1.12057 1.00377 1.00377 1.12057 2.46388 9.01609 21.153 9.15413 2.65317 1.19828 1.19828 2.65317 9.15413 21.153 32.3962 33.9824 34.2258 34.147 34.2073 34.2737 34.0056 32.4658 33.6877 34.431 34.4984 34.4249 34.4269 34.4999 34.4549 33.7123 30.8223 33.6832 34.4536 34.6738 34.6738 34.4536 33.6832 30.8223 21.9713 18.7783 9.23849 2.87099 2.82631 9.06377 18.3799 21.9021 10.9332 2.7484 1.16695 1.00628 1.00628 1.16695 2.7484 
9.8697 2.65321 1.14177 1.00446 1.00446 1.14177 2.65321 9.8697 22.3543 9.97668 2.84922 1.2307 1.2307 2.84922 9.97668 22.3543 33.0671 34.4882 34.8113 34.8335 34.8313 34.8171 34.5241 33.1708 34.3485 34.7494 34.8171 34.8044 34.8043 34.817 34.7479 34.3579 32.6176 34.4245 34.8466 34.9271 34.9271 34.8466 34.4245 32.6176 24.7209 21.4391 10.647 3.25833 3.22099 10.5843 21.7245 25.0584 12.4257 3.06287 1.20429 1.00779 1.00779 1.20429 3.06287 
10.0365 2.68428 1.14452 1.00461 1.00461 1.14452 2.68428 10.0365 22.6893 10.1588 2.88289 1.2353 1.2353 2.88289 10.1588 22.6893 33.2212 34.5915 34.9263 34.9743 34.9763 34.9359 34.6232 33.321 34.5715 34.8908 34.9484 34.957 34.957 34.9484 34.8904 34.5815 33.0208 34.6099 34.9421 34.9862 34.9862 34.9421 34.6099 33.0208 25.6416 22.2437 10.9871 3.33302 3.29364 10.9115 22.4931 25.9325 12.9572 3.16051 1.21451 1.00825 1.00825 1.21451 3.16051 
10.013 2.6635 1.14055 1.00444 1.00444 1.14055 2.6635 10.013 22.7813 10.0638 2.83446 1.21997 1.21997 2.83446 10.0638 22.7813 33.2931 34.6284 34.9464 34.9912 34.9923 34.9519 34.6443 33.3729 34.6142 34.9267 34.9818 34.9906 34.9906 34.9818 34.9263 34.6211 33.1101 34.6467 34.9557 34.9939 34.9939 34.9557 34.6467 33.1101 25.8693 22.4453 10.9706 3.31195 3.28432 10.9202 22.6039 26.1202 13.0426 3.16499 1.21133 1.0079 1.0079 1.21133 3.16499 
10.0526 2.66683 1.14069 1.00445 1.00444 1.14055 2.6635 10.013 22.7813 10.0638 2.83446 1.21997 1.21997 2.83442 10.052 22.863 33.3729 34.6443 34.9519 34.9923 34.9923 34.9519 34.6443 33.3729 34.6211 34.9263 34.9818 34.9906 34.9906 34.9818 34.9267 34.6142 33.0988 34.6415 34.9545 34.9938 34.9939 34.9557 34.6467 33.1101 26.1202 22.6039 10.9202 3.28432 3.31195 10.9706 22.4453 25.8693 13.0426 3.16499 1.21133 1.0079 1.00781 1.21015 3.15776 
10.0915 2.68958 1.14485 1.00463 1.00461 1.14452 2.68428 10.0365 22.6893 10.1588 2.88289 1.2353 1.23529 2.88286 10.1487 22.7706 33.321 34.6232 34.9359 34.9763 34.9763 34.9359 34.6232 33.321 34.5815 34.8904 34.9484 34.957 34.957 34.9484 34.8908 34.5715 33.0022 34.6023 34.9403 34.986 34.9862 34.9421 34.6099 33.0208 25.9325 22.4931 10.9115 3.29364 3.33302 10.9871 22.2437 25.6416 12.9572 3.16051 1.21451 1.00825 1.00813 1.21301 3.151 
9.92579 2.65872 1.14212 1.00448 1.00446 1.14177 2.65321 9.8697 22.3543 9.97668 2.84922 1.2307 1.23067 2.849 9.96452 22.4358 33.1708 34.5241 34.8171 34.8313 34.8313 34.8171 34.5241 33.1708 34.3579 34.7479 34.817 34.8043 34.8044 34.8171 34.7494 34.3485 32.6001 34.4135 34.8424 34.9259 34.9271 34.8466 34.4245 32.6176 25.0584 21.7245 10.5843 3.22099 3.25833 10.647 21.4391 24.7209 12.4257 3.06287 1.20429 1.00779 1.00767 1.20287 3.05408 
9.03999 2.46508 1.12054 1.00377 1.00377 1.12057 2.46388 9.01609 21.153 9.15413 2.65317 1.19828 1.19832 2.65345 9.14072 21.2492 32.4658 34.0056 34.2737 34.2073 34.2073 34.2737 34.0056 32.4658 33.7123 34.4549 34.4999 34.4269 34.4249 34.4984 34.431 33.6877 30.8227 33.7052 34.4803 34.6947 34.6738 34.4536 33.6832 30.8223 21.9021 18.3799 9.06377 2.82631 2.87099 9.23849 18.7783 21.9713 10.9332 2.7484 1.16695 1.00628 1.00618 1.16558 2.73736 
3.55385 1.27742 1.01253 1.00019 1.00018 1.01238 1.27742 3.55385 11.1055 3.45099 1.27655 1.01387 1.01403 1.27778 3.45099 11.1055 29.6506 32.8317 33.8332 33.9748 33.9748 33.8332 32.8317 29.6506 32.7311 34.3599 34.5549 34.4376 34.4188 34.5447 34.3449 32.7218 27.1632 32.9802 34.5838 34.8139 34.7885 34.5436 32.9006 27.1988 6.21417 3.7708 1.71291 1.1254 1.12376 1.68934 3.76181 6.06646 2.24968 1.13928 1.00882 1.00038 1.00037 1.00892 1.14305 
2.5588 1.13237 1.00461 0.999972 0.999969 1.0046 1.13237 2.5588 9.22041 2.49444 1.11687 1.00375 1.00383 1.1168 2.49444 9.22041 29.5878 33.3829 34.5774 34.7341 34.7341 34.5774 33.3829 29.5878 32.7238 34.5553 34.8183 34.8333 34.8345 34.8178 34.5517 32.738 26.6239 32.9851 34.6844 34.9178 34.9124 34.6597 32.93 26.7771 4.44929 2.20344 1.29683 1.07133 1.0731 1.30211 2.21612 4.31239 1.53678 1.06021 1.00457 1.00016 1.00014 1.00449 1.06034 
2.39225 1.11151 1.00365 1.00003 1.00002 1.00363 1.11151 2.39225 8.89645 2.3708 1.10299 1.00325 1.00334 1.10304 2.3708 8.89645 29.5507 33.4824 34.7746 34.9488 34.9488 34.7746 33.4824 29.5507 32.7316 34.6335 34.9243 34.9598 34.9596 34.9233 34.6297 32.7459 26.515 32.9883 34.7148 34.9537 34.9469 34.6896 32.9324 26.6718 3.91227 1.69077 1.15396 1.06081 1.0628 1.15758 1.69175 3.76516 1.30019 1.03992 1.00471 1.00022 1.00021 1.00459 1.04026 
2.45082 1.11858 1.00393 1.00002 1.00002 1.00392 1.11858 2.45082 9.02456 2.43675 1.11206 1.00363 1.00369 1.11192 2.43675 9.02456 29.5945 33.5034 34.7965 34.9724 34.9724 34.7965 33.5034 29.5945 32.7344 34.6541 34.9514 34.988 34.9879 34.9506 34.6506 32.744 26.5493 32.9981 34.7173 34.9588 34.954 34.6996 32.9565 26.7036 4.06503 1.73745 1.16391 1.04888 1.05013 1.16679 1.73843 3.92363 1.35216 1.04069 1.00344 1.00017 1.00016 1.00338 1.04076 
2.44591 1.11874 1.00392 1.00002 1.00002 1.00392 1.11858 2.45082 9.02456 2.43675 1.11192 1.00369 1.00363 1.11206 2.44172 9.02428 29.4701 33.5182 34.797 34.9725 34.9724 34.7965 33.5034 29.5945 32.744 34.6506 34.9506 34.9879 34.9879 34.9514 34.6541 32.7344 26.7036 32.9565 34.6996 34.954 34.9588 34.7173 32.946 26.8775 3.92363 1.73843 1.16679 1.05013 1.05013 1.16679 1.73843 3.92363 1.35216 1.04069 1.00344 1.00017 1.00017 1.00344 1.04069 
2.38747 1.11165 1.00363 1.00002 1.00002 1.00363 1.11151 2.39225 8.89645 2.3708 1.10304 1.00334 1.00325 1.10299 2.37586 8.89619 29.4237 33.4991 34.7758 34.9494 34.9488 34.7746 33.4824 29.5507 32.7459 34.6297 34.9233 34.9596 34.9596 34.9243 34.6335 32.7316 26.6718 32.9324 34.6896 34.9469 34.9537 34.7148 32.9223 26.8491 3.76516 1.69175 1.15758 1.0628 1.0628 1.15758 1.69175 3.76516 1.30019 1.03992 1.00471 1.00022 1.00022 1.00471 1.03992 
2.55385 1.13257 1.0046 0.999969 0.999969 1.0046 1.13237 2.5588 9.22041 2.49444 1.1168 1.00383 1.00375 1.11687 2.49964 9.22013 29.465 33.4005 34.5819 34.7381 34.7341 34.5774 33.3829 29.5878 32.738 34.5517 34.8178 34.8345 34.8345 34.8183 34.5553 32.7238 26.7771 32.93 34.6597 34.9124 34.9178 34.6844 32.9201 26.9515 4.31239 2.21612 1.30211 1.0731 1.0731 1.30211 2.21612 4.31239 1.53678 1.06021 1.00457 1.00016 1.00016 1.00457 1.06021 
3.52339 1.27496 1.01238 1.00018 1.00018 1.01238 1.27742 3.55385 11.1055 3.45099 1.27778 1.01403 1.01387 1.27655 3.43999 11.0505 29.5952 32.876 33.8331 33.9747 33.9748 33.8332 32.8317 29.6506 32.7218 34.3449 34.5447 34.4188 34.4188 34.5549 34.3599 32.7311 27.1988 32.9006 34.5436 34.7885 34.8139 34.5838 32.8988 27.3675 6.06646 3.76181 1.68934 1.12376 1.12376 1.68934 3.76181 6.06646 2.24968 1.13928 1.00882 1.00038 1.00038 1.00882 1.13928 
2.35459 1.1056 1.0044 1.00017 1.00017 1.0044 1.1056 2.35459 8.78545 2.32208 1.098 1.00284 1.00292 1.09802 2.31832 8.85327 25.2607 28.365 29.3175 29.525 29.5319 29.3231 28.6056 25.7985 30.156 29.847 28.9236 28.8797 28.8797 28.9236 29.7199 30.1169 25.5951 31.6994 33.6254 33.9048 33.8854 33.6033 31.6604 25.5981 8.731 4.93879 2.02905 1.17159 1.17159 2.02905 4.93879 8.731 3.34417 1.24687 1.01533 1.00051 1.00051 1.01533 1.24687 
2.46821 1.11832 1.00513 1.00009 1.00009 1.00513 1.11832 2.46821 9.4524 2.42787 1.10667 1.00285 1.00293 1.10696 2.4291 9.56052 27.8559 32.2864 33.4635 33.6357 33.6381 33.4643 32.2495 28.2091 30.7435 32.2627 32.3033 32.586 32.586 32.3033 32.2748 30.8049 24.4081 31.8054 34.2268 34.7133 34.7095 34.2077 31.7583 24.3929 5.86523 2.23004 1.16961 0.99582 0.99582 1.16961 2.23004 5.86523 1.9134 1.06472 1.00188 0.999922 0.999922 1.00188 1.06472 
2.49289 1.12019 1.00524 1.00015 1.00015 1.00524 1.12019 2.49289 9.61771 2.45459 1.10895 1.003 1.00309 1.10926 2.45593 9.72892 28.4894 33.3095 34.5915 34.7743 34.7743 34.5901 33.2661 28.8484 31.3099 33.7762 34.1597 34.331 34.331 34.1597 33.7886 31.3739 24.1381 31.8669 34.3512 34.8682 34.863 34.3318 31.8197 24.1245 5.12805 1.59379 1.02859 0.981804 0.981804 1.02859 1.59379 5.12805 1.56336 1.0312 1.00049 0.999959 0.999959 1.00049 1.0312 
2.48129 1.11724 1.00486 1.00012 1.00012 1.00486 1.11724 2.48129 9.6406 2.45917 1.10883 1.00301 1.00308 1.10904 2.45978 9.74902 28.5659 33.4418 34.7553 34.9449 34.9448 34.7542 33.3927 28.9146 31.6418 34.3122 34.7385 34.836 34.836 34.7385 34.3202 31.6846 24.1697 32.0231 34.434 34.8975 34.8941 34.4222 31.9934 24.1564 5.0617 1.57416 1.03223 0.988167 0.988167 1.03223 1.57416 5.0617 1.53675 1.0295 1.00048 0.999957 0.999957 1.00048 1.0295 
2.48061 1.11568 1.0047 1.00011 1.00012 1.00486 1.11724 2.48129 9.74902 2.45978 1.10904 1.00308 1.00308 1.10904 2.45978 9.74902 28.5659 33.4418 34.7542 34.9448 34.9448 34.7542 33.4418 28.5659 31.6846 34.3202 34.7395 34.8361 34.836 34.7385 34.3122 31.6418 24.1564 31.9934 34.4222 34.8941 34.8941 34.4222 32.0231 24.1697 5.29193 1.62608 1.02153 0.985987 0.988167 1.03223 1.57416 5.0617 1.53675 1.0295 1.00048 0.999957 0.999957 1.00048 1.02952 
2.49108 1.11836 1.00505 1.00014 1.00015 1.00524 1.12019 2.49289 9.72892 2.45593 1.10926 1.00309 1.00309 1.10926 2.45593 9.72892 28.4894 33.3095 34.5901 34.7743 34.7743 34.5901 33.3095 28.4894 31.3739 33.7886 34.1613 34.3312 34.331 34.1597 33.7762 31.3099 24.1245 31.8197 34.3318 34.863 34.863 34.3318 31.8669 24.1381 5.42348 1.66182 1.01784 0.978973 0.981804 1.02859 1.59379 5.12805 1.56336 1.0312 1.00049 0.999959 0.999959 1.00049 1.03122 
2.46642 1.11653 1.00495 1.00008 1.00009 1.00513 1.11832 2.46821 9.56052 2.4291 1.10696 1.00293 1.00293 1.10696 2.4291 9.56052 27.8559 32.2864 33.4643 33.6381 33.6381 33.4643 32.2864 27.8559 30.8049 32.2748 32.3095 32.5874 32.586 32.3033 32.2627 30.7435 24.3929 31.7583 34.2077 34.7095 34.7095 34.2077 31.8054 24.4081 6.14152 2.28369 1.15534 0.993505 0.99582 1.16961 2.23004 5.86523 1.9134 1.06472 1.00188 0.999922 0.999922 1.00188 1.06476 
2.34982 1.10397 1.00425 1.00016 1.00017 1.0044 1.1056 2.35459 8.85327 2.31832 1.09802 1.00292 1.00292 1.09802 2.31832 8.85327 25.2607 28.365 29.3231 29.5319 29.5319 29.3231 28.365 25.2607 30.1169 29.7199 28.7424 28.7144 28.8797 28.9236 29.847 30.156 25.5981 31.6604 33.6033 33.8854 33.8854 33.6033 31.6994 25.5951 9.149 5.1661 2.22573 1.17585 1.17159 2.02905 4.93879 8.731 3.34417 1.24687 1.01533 1.00051 1.00052 1.01534 1.24705 
1.21312 1.00754 1.0001 1.00005 1.00005 1.00011 1.0076 1.21367 3.49561 1.24465 1.02669 1.00262 1.00262 1.02669 1.24465 3.49561 11.9605 9.64285 9.81812 10.1481 10.1481 9.81812 9.64285 11.9605 23.5761 16.9304 12.6629 11.5654 11.3764 12.4378 16.6942 23.4572 26.9805 29.4865 29.7202 29.8262 29.6997 29.5896 29.3523 26.8352 18.5768 14.6244 8.20013 3.01246 3.01243 8.20081 14.6297 18.6554 9.46078 2.91841 1.2892 1.02637 1.02637 1.2892 2.91841 
1.07095 1.00113 0.999886 0.999948 0.999948 0.999888 1.00119 1.07283 2.11659 1.08078 1.02238 1.00267 1.00267 1.02238 1.08078 2.11659 8.62018 3.51075 2.62432 2.62317 2.62317 2.62432 3.51075 8.62018 24.0257 13.1664 6.22857 4.49939 4.50022 6.21981 13.1011 24.1069 29.974 32.216 32.9349 33.1465 33.1498 32.9416 32.2229 29.9547 24.0314 19.4057 11.2051 4.00444 4.00426 11.2031 19.4026 24.0931 12.9433 3.87219 1.44765 1.04372 1.04372 1.44765 3.87219 
1.05744 1.00073 0.99995 1.00001 1.00001 0.999949 1.00077 1.05919 1.91938 1.06703 1.02264 1.00276 1.00276 1.02264 1.06703 1.91938 8.07872 2.43766 1.23748 1.14197 1.14197 1.23748 2.43766 8.07872 24.3174 11.639 3.81198 2.08755 2.0808 3.79537 11.5669 24.4044 31.8878 33.8995 34.3356 34.3932 34.3924 34.3369 33.8999 31.8495 25.1303 20.2449 11.5618 4.08513 4.08509 11.5624 20.2435 25.1991 13.5782 3.99989 1.46217 1.04481 1.04481 1.46217 3.99989 
1.07096 1.00142 0.999978 1 1 0.999977 1.00145 1.0724 2.02256 1.08527 1.02295 1.00265 1.00265 1.02295 1.08527 2.02256 8.19777 2.65278 1.31817 1.19697 1.19697 1.31817 2.65278 8.19777 24.3879 11.1905 3.36455 1.77805 1.77351 3.3527 11.136 24.4506 32.2058 34.1671 34.5569 34.5837 34.5833 34.558 34.1679 32.1796 25.4498 20.6875 11.1971 3.82156 3.8217 11.1971 20.6858 25.5195 13.6542 3.80851 1.4049 1.03448 1.03448 1.4049 3.80851 
1.0724 1.00145 0.999977 1 1 0.999977 1.00145 1.0724 2.02085 1.08383 1.02235 1.00255 1.00265 1.02295 1.08527 2.02256 8.19777 2.65278 1.31707 1.19619 1.19697 1.31817 2.65316 8.27946 24.4506 11.136 3.3527 1.77351 1.77805 3.36455 11.1905 24.3879 32.1796 34.1679 34.558 34.5833 34.5837 34.5569 34.1679 32.2058 25.5628 20.6858 11.1971 3.8217 3.78349 11.1237 20.7618 25.5795 13.6542 3.80851 1.4049 1.03448 1.03345 1.39783 3.77905 
1.05919 1.00077 0.999949 1.00001 1.00001 0.999949 1.00077 1.05919 1.91634 1.06527 1.02183 1.00263 1.00276 1.02264 1.06703 1.91938 8.07872 2.43766 1.2383 1.14266 1.14197 1.23748 2.43559 8.15824 24.4044 11.5669 3.79537 2.0808 2.08755 3.81198 11.639 24.3174 31.8495 33.8999 34.3369 34.3924 34.3932 34.3356 33.8999 31.8878 25.2769 20.2435 11.5624 4.08509 4.0299 11.4675 20.3504 25.279 13.5782 3.99989 1.46217 1.04481 1.04324 1.45182 3.95581 
1.07283 1.00119 0.999888 0.999948 0.999948 0.999888 1.00119 1.07283 2.11334 1.07892 1.02157 1.00254 1.00267 1.02238 1.08078 2.11659 8.62018 3.51075 2.62333 2.62354 2.62317 2.62432 3.51551 8.71049 24.1069 13.1011 6.21981 4.50022 4.49939 6.22857 13.1664 24.0257 29.9547 32.2229 32.9416 33.1498 33.1465 32.9349 32.2229 29.974 24.1682 19.4026 11.2031 4.00426 3.95049 11.1129 19.5091 24.164 12.9433 3.87219 1.44765 1.04372 1.04218 1.43753 3.82961 
1.21367 1.0076 1.00011 1.00005 1.00005 1.00011 1.0076 1.21367 3.46997 1.24013 1.02583 1.0025 1.00262 1.02669 1.24465 3.49561 11.9605 9.64285 9.82543 10.1575 10.1481 9.81812 9.75761 12.1522 23.4572 16.6942 12.4378 11.3764 11.5654 12.6629 16.9304 23.5761 26.8352 29.3523 29.5896 29.6997 29.8262 29.7202 29.3523 26.9805 18.6436 14.6297 8.20081 3.01243 2.98013 8.14058 14.6795 18.6884 9.46078 2.91841 1.2892 1.02637 1.02545 1.28284 2.89202 
1.0042 1.00002 0.999994 1.00001 1.00001 0.999994 1.00002 1.00386 1.18005 1.0087 1.00097 1.00006 1.00006 1.00097 1.00873 1.18741 3.58883 2.50323 2.30555 2.34807 2.37217 2.3291 2.53122 3.63287 6.74857 3.37202 2.11711 1.86472 1.86472 2.11711 3.37202 6.74857 11.3984 12.9256 13.0436 12.8449 12.699 12.8807 12.7526 11.2563 5.86749 4.67939 2.23594 1.15896 1.16022 2.24063 4.68495 5.77439 2.06089 1.11189 1.00904 1.00041 1.00042 1.00928 1.11516 
1.00017 0.999924 0.999943 0.999945 0.999946 0.999943 0.999925 1.00017 1.0088 1.00015 0.999967 0.999939 0.999939 0.999967 1.00015 1.00941 1.26 1.10907 1.09288 1.09532 1.0957 1.0931 1.10926 1.25963 2.55455 1.38647 1.10734 1.08283 1.08283 1.10734 1.38647 2.55455 3.34036 3.79905 3.69353 3.52798 3.54537 3.71516 3.82419 3.3599 1.66621 1.50892 1.10364 1.00643 1.00629 1.10362 1.50727 1.66585 1.12775 1.01017 1.00052 0.999926 0.999925 1.0005 1.00998 
1.00005 0.999999 1 1 1 1 0.999999 1.00005 1.00016 0.999911 0.999995 1 1 0.999995 0.999911 1.00018 1.01357 1.00222 1.00121 1.00142 1.00142 1.00121 1.00223 1.01357 1.25133 1.03545 1.00854 1.00713 1.00713 1.00854 1.03545 1.25133 1.32819 1.41903 1.36513 1.31643 1.31643 1.36517 1.41903 1.32834 1.04116 1.03152 1.00351 0.999993 0.999989 1.00347 1.03111 1.04099 1.00679 1.00033 0.999951 0.999995 0.999995 0.999951 1.00033 
1.00006 0.999996 1 1 1 1 0.999996 1.00006 0.999987 0.999942 1 1 1 1 0.999941 0.999989 1.00046 0.999898 0.999931 0.999949 0.999948 0.999931 0.9999 1.00046 1.02488 1.00184 1.00046 1.00043 1.00043 1.00046 1.00184 1.02488 1.02551 1.03607 1.02737 1.02094 1.02094 1.02737 1.03607 1.02552 1.00118 1.00081 1.00001 0.999967 0.999967 1.00001 1.00078 1.00117 1.00023 0.999957 0.999993 1 1 0.999993 0.999957 
1.00006 0.999996 1 1 1 1 0.999996 1.00006 0.999987 0.999942 1 1 1 1 0.999942 0.999987 1.00046 0.999898 0.999931 0.999949 0.999949 0.999931 0.999898 1.00046 1.02487 1.00184 1.00046 1.00043 1.00043 1.00046 1.00184 1.02488 1.02552 1.03607 1.02737 1.02094 1.02094 1.02737 1.03607 1.02551 1.00117 1.00081 1.00001 0.999967 0.999967 1.00001 1.00078 1.00117 1.00023 0.999957 0.999993 1 1 0.999993 0.999957 
1.00005 0.999999 1 1 1 1 0.999999 1.00005 1.00016 0.999911 0.999995 1 1 0.999995 0.999911 1.00016 1.01357 1.00222 1.00121 1.00142 1.00142 1.00121 1.00222 1.01357 1.2511 1.03552 1.00855 1.00713 1.00713 1.00854 1.03545 1.25133 1.32834 1.41903 1.36517 1.31643 1.31643 1.36513 1.41903 1.32819 1.0408 1.03136 1.00361 1 0.999993 1.00351 1.03108 1.04112 1.00679 1.00033 0.999951 0.999995 0.999995 0.999951 1.00033 
1.00017 0.999925 0.999943 0.999946 0.999946 0.999943 0.999925 1.00017 1.0088 1.00015 0.999967 0.999939 0.999939 0.999967 1.00015 1.0088 1.26 1.10907 1.09288 1.09532 1.09532 1.09288 1.10907 1.26 2.55394 1.386 1.10543 1.08151 1.08283 1.10734 1.38647 2.55455 3.3599 3.82419 3.71516 3.54537 3.52798 3.69353 3.79905 3.34036 1.66018 1.50603 1.10547 1.00664 1.00643 1.10437 1.50678 1.66811 1.12775 1.01017 1.00052 0.999926 0.999926 1.00052 1.01017 
1.00386 1.00002 0.999994 1.00001 1.00001 0.999994 1.00002 1.00386 1.18005 1.0087 1.00097 1.00006 1.00006 1.00097 1.0087 1.18005 3.58883 2.50323 2.30555 2.34807 2.34807 2.30555 2.50323 3.58883 6.63771 3.31183 2.07872 1.83325 1.86472 2.11711 3.37202 6.74857 11.2563 12.7526 12.8807 12.699 12.8449 13.0436 12.9256 11.3984 5.67571 4.53843 2.21803 1.15722 1.15896 2.23191 4.63541 5.83284 2.06089 1.11189 1.00904 1.00041 1.00041 1.00904 1.11189 
1.00003 1.00005 1.00005 1.00005 1.00005 1.00005 1.00005 1.00003 1.00695 1.0004 1.00011 1.00006 1.00006 1.00011 1.0004 1.00695 1.17801 1.10747 1.10695 1.10869 1.10869 1.10695 1.10747 1.17801 1.67128 1.13985 1.05819 1.02929 1.02929 1.05819 1.13985 1.67128 3.16784 3.60568 3.57616 3.46301 3.46301 3.57616 3.60568 3.16784 1.54148 1.41653 1.10732 1.00974 1.00974 1.10732 1.4167 1.54175 1.06586 1.00337 1.00019 1.00002 1.00002 1.00019 1.00337 
1.00004 0.999993 0.999996 0.999996 0.999996 0.999996 0.999993 1.00004 1.00013 0.999918 0.999991 0.999996 0.999996 0.999991 0.999918 1.00013 1.01313 1.01022 1.00962 1.00881 1.00881 1.00962 1.01022 1.01313 1.04185 1.00496 0.999245 0.998258 0.998258 0.999245 1.00496 1.04185 1.20976 1.26716 1.25704 1.23455 1.23455 1.25704 1.26716 1.20976 1.03168 1.02417 1.00388 1.00017 1.00017 1.00388 1.02417 1.0317 1.00297 1.00011 0.999972 0.999994 0.999994 0.999972 1.00011 
1.00006 0.999996 1 1 1 1 0.999996 1.00006 0.999998 0.999941 1 1 1 1 0.999941 0.999998 1.00071 1.0006 1.00059 1.00051 1.00051 1.00059 1.0006 1.00071 0.999879 0.999908 0.999798 0.999777 0.999777 0.999798 0.999908 0.999879 1.00815 1.01122 1.01045 1.00881 1.00881 1.01045 1.01122 1.00815 1.00086 1.00055 1.00005 0.999962 0.999962 1.00005 1.00055 1.00086 1.00011 0.999977 0.999997 1 1 0.999997 0.999977 
1.00005 0.999996 1 1 1 1 0.999996 1.00005 1.00001 0.999945 1 1 1 1 0.999945 1.00001 1.00001 0.999895 0.999953 0.999947 0.999947 0.999953 0.999895 1.00001 1.00006 0.99993 1.00004 1.00004 1.00004 1.00004 0.99993 1.00006 1.00014 1.00009 1.00012 1.00003 1.00003 1.00012 1.00009 1.00014 0.999985 0.999912 0.999981 0.999999 0.999999 0.999981 0.999912 0.999985 1.00003 0.999995 1 1 1 1 0.999995 
0 0 0 0 1 1 0.999996 1.00005 1.00001 0.999945 1 1 1 1 0.999945 1.00001 1.00001 0.999895 0.999953 0.999947 0.999947 0.999953 0.999894 1.00001 1.00006 0.99993 1.00004 1.00004 1.00004 1.00004 0.99993 1.00006 1.00014 1.00009 1.00012 1.00003 1.00003 1.00012 1.00009 1.00014 0.999985 0.999912 0.999981 0.999999 0.999999 0.999981 0.999912 0.999985 1.00003 0.999995 1 1 0 0 0 
0 0 0 0 1 1 0.999996 1.00006 0.999998 0.999941 1 1 1 1 0.999941 0.999999 1.00071 1.0006 1.00059 1.00051 1.0005 1.00058 1.00058 1.0007 0.999895 0.999907 0.999799 0.999781 0.999777 0.999798 0.999908 0.999879 1.00815 1.01122 1.01044 1.00879 1.00881 1.01045 1.01122 1.00815 1.00086 1.00055 1.00005 0.999962 0.999962 1.00005 1.00055 1.00086 1.00011 0.999977 0.999997 1 0 0 0 
0 0 0 0 0.999996 0.999996 0.999993 1.00004 1.00013 0.999918 0.999991 0.999996 0.999996 0.999991 0.999917 1.00015 1.01313 1.01022 1.00962 1.00881 1.00866 1.00945 1.01006 1.01296 1.04186 1.00498 0.999183 0.998232 0.998258 0.999245 1.00496 1.04185 1.20959 1.26723 1.25725 1.23483 1.23455 1.25704 1.26716 1.20976 1.0317 1.02417 1.00388 1.00017 1.00017 1.00388 1.02417 1.03168 1.00297 1.00011 0.999972 0.999994 0 0 0 
