0 0 0 0 1.00007 1.0017 1.02738 1.25874 2.03607 1.34686 1.04674 1.0043 1.00429 1.04659 1.34626 2.03605 2.44555 2.47107 1.84952 1.39003 1.38839 1.84565 2.47083 2.44508 1.27501 1.07236 1.0548 1.118 1.11986 1.05989 1.0769 1.2747 1.1666 1.63884 2.72229 3.54475 3.54497 2.72288 1.63836 1.16396 1.04606 1.04739 1.0107 1.00075 1.00079 1.01127 1.04913 1.04607 1.01503 1.00108 1.00006 1.00008 0 0 0 
0 0 0 0 0.999962 1.00009 1.0025 1.03027 1.12325 1.0316 1.00312 1.00007 1.00006 1.00309 1.03139 1.12263 1.16867 1.16198 1.07302 1.02399 1.02374 1.07244 1.1618 1.16876 1.03858 1.01299 1.01101 1.01618 1.01611 1.01117 1.0131 1.03821 1.01623 1.09681 1.36067 1.55446 1.55949 1.36472 1.09825 1.01646 1.00257 1.00352 1.00066 1 1 1.0007 1.00368 1.00258 1.00091 0.99999 0.999989 0.999996 0 0 0 
0 0 0 0 0.999995 0.999962 1.00011 1.00211 1.00764 1.00126 1.00003 0.999939 0.99994 1.00002 1.00124 1.00755 1.00936 1.00786 1.00269 1.00057 1.00055 1.00265 1.00785 1.00939 1.00315 1.00201 1.00189 1.00186 1.00184 1.00188 1.002 1.00311 1.0013 1.01057 1.05156 1.08048 1.08157 1.05237 1.01077 1.00133 1.00011 1.00006 1.00001 0.99999 0.99999 1.00001 1.00007 1.00011 1.00006 0.999985 1 1 0 0 0 
0 0 0 0 1 0.999995 0.999961 1.00014 1.00013 0.999844 0.999968 0.999998 0.999998 0.999968 0.999842 1.00012 1.00016 0.999952 0.99998 0.999972 0.99997 0.999977 0.999951 1.00017 1.00023 0.999982 1.00007 1.00004 1.00003 1.00006 0.999977 1.00022 1.00005 1.00061 1.00408 1.00659 1.00672 1.00417 1.00062 1.00006 1.00001 0.999882 0.999992 1 1 0.999992 0.99988 1.00001 1.00008 0.999996 1 1 0 0 0 
1.00014 0.999961 0.999995 1 1 0.999995 0.999961 1.00014 1.00012 0.999842 0.999968 0.999998 0.999998 0.999968 0.999842 1.00012 1.00016 0.999952 0.99998 0.999972 0.999972 0.99998 0.999952 1.00016 1.00023 0.999982 1.00007 1.00004 1.00004 1.00007 0.999982 1.00023 1.00006 1.00062 1.00417 1.00672 1.00672 1.00417 1.00062 1.00006 1.00001 0.999882 0.999992 1 1 0.999992 0.999882 1.00001 1.00008 0.999996 1 1 1 1 0.999996 
1.00211 1.00011 0.999962 0.999995 0.999995 0.999962 1.00011 1.00211 1.00755 1.00124 1.00002 0.99994 0.99994 1.00002 1.00124 1.00755 1.00936 1.00786 1.00269 1.00057 1.00057 1.00269 1.00786 1.00936 1.00315 1.00201 1.00189 1.00186 1.00186 1.00189 1.00201 1.00315 1.00133 1.01077 1.05237 1.08157 1.08157 1.05237 1.01077 1.00133 1.00011 1.00006 1.00001 0.99999 0.99999 1.00001 1.00006 1.00011 1.00006 0.999985 1 1 1 1 0.999985 
1.03027 1.0025 1.00009 0.999962 0.999962 1.00009 1.0025 1.03027 1.12263 1.03139 1.00309 1.00006 1.00006 1.00309 1.03139 1.12263 1.16867 1.16198 1.07302 1.02399 1.02399 1.07302 1.16198 1.16867 1.03858 1.01299 1.01101 1.01618 1.01618 1.01101 1.01299 1.03858 1.01646 1.09825 1.36472 1.55949 1.55949 1.36472 1.09825 1.01646 1.00257 1.00352 1.00066 1 1 1.00066 1.00352 1.00257 1.00091 0.99999 0.999989 0.999996 0.999996 0.999989 0.99999 
1.25874 1.02738 1.0017 1.00007 1.00007 1.0017 1.02738 1.25874 2.03605 1.34626 1.04659 1.00429 1.00429 1.04659 1.34626 2.03605 2.44555 2.47107 1.84952 1.39003 1.39003 1.84952 2.47107 2.44555 1.27501 1.07236 1.0548 1.118 1.118 1.0548 1.07236 1.27501 1.16396 1.63836 2.72288 3.54497 3.54497 2.72288 1.63836 1.16396 1.04606 1.04739 1.0107 1.00075 1.00075 1.0107 1.04739 1.04606 1.01503 1.00108 1.00006 1.00008 1.00008 1.00006 1.00108 
2.59716 1.26519 1.02462 1.00105 1.00105 1.02462 1.26519 2.59716 5.07908 2.75543 1.31279 1.03442 1.03442 1.31279 2.75543 5.07908 6.44132 6.86754 5.25733 3.61844 3.61844 5.25733 6.86754 6.44132 2.6737 2.31574 2.23776 2.35027 2.31529 2.17682 2.26202 2.62144 3.0277 4.8323 6.63106 8.34393 8.34393 6.63106 4.8323 3.0277 1.41224 1.29238 1.06137 1.00652 1.00652 1.06137 1.29238 1.41224 1.11139 1.00459 0.999803 0.999977 0.999979 0.999803 1.00449 
1.32392 1.04079 1.00288 0.999937 0.999937 1.00288 1.04079 1.32392 2.01145 1.3298 1.03836 1.00254 1.00254 1.03836 1.3298 2.01145 2.42121 2.44212 1.85169 1.4007 1.4007 1.85169 2.44212 2.42121 1.22953 1.14984 1.13952 1.1872 1.18461 1.13156 1.14304 1.22224 1.28646 1.77359 2.39353 2.99938 2.99938 2.39353 1.77359 1.28646 1.02358 1.00693 0.997963 0.999705 0.999705 0.997963 1.00693 1.02358 1.00186 0.999396 0.999883 0.999917 0.999917 0.999881 0.999393 
1.03339 1.00313 1.00009 0.999961 0.999961 1.00009 1.00313 1.03339 1.1204 1.02837 1.00198 0.999892 0.999892 1.00198 1.02837 1.1204 1.17223 1.16447 1.07973 1.02723 1.02723 1.07973 1.16447 1.17223 1.0213 1.01344 1.01172 1.01746 1.01736 1.01104 1.01287 1.0208 1.01865 1.07556 1.18921 1.3043 1.3043 1.18921 1.07556 1.01865 0.999658 0.998006 0.999446 1 1 0.999446 0.998006 0.999658 0.99988 1.00002 1 1 1 1 1.00002 
1.002 1.00009 0.999943 0.999996 0.999996 0.999943 1.00009 1.002 1.00717 1.00092 0.999904 0.999965 0.999965 0.999904 1.00092 1.00717 1.01054 1.00873 1.00353 1.00081 1.00081 1.00353 1.00873 1.01054 1.00227 1.00197 1.00176 1.00202 1.00206 1.00177 1.002 1.0023 1.00046 1.00322 1.01343 1.02503 1.02503 1.01343 1.00322 1.00046 1.00001 0.999759 1.00001 1.00001 1.00001 1.00001 0.999759 1.00001 1.00014 1.00001 1 1 1 1 1.00001 
1.002 1.00008 0.999943 0.999996 0.999996 0.999943 1.00009 1.002 1.00713 1.00091 0.999901 0.999966 0.999965 0.999904 1.00092 1.00717 1.01054 1.00873 1.00353 1.00081 1.00083 1.00368 1.00873 1.01053 1.0023 1.002 1.00177 1.00206 1.00206 1.00177 1.002 1.0023 1.00047 1.00324 1.01353 1.02527 1.02503 1.01343 1.00322 1.00046 1.00001 0.999759 1.00001 1.00001 1.00001 1.00001 0.999759 1 1.00014 1.00001 1 1 1 1 1.00001 
1.0334 1.00312 1.00009 0.999961 0.999961 1.00009 1.00313 1.03339 1.12005 1.02829 1.00194 0.999886 0.999892 1.00198 1.02837 1.1204 1.17223 1.16447 1.07973 1.02723 1.02747 1.08126 1.16433 1.17214 1.0208 1.01287 1.01104 1.01736 1.01736 1.01104 1.01287 1.0208 1.01878 1.07587 1.1899 1.30606 1.3043 1.18921 1.07556 1.01865 0.999658 0.998012 0.999446 1 1 0.999448 0.998012 0.999596 0.99988 1.00002 1 1 1 1 1.00002 
1.32376 1.0406 1.00286 0.999933 0.999937 1.00288 1.04079 1.32392 2.00916 1.32898 1.03774 1.00246 1.00254 1.03836 1.3298 2.01145 2.42121 2.44212 1.85169 1.4007 1.40178 1.85969 2.43959 2.41849 1.22224 1.14304 1.13156 1.18461 1.18461 1.13156 1.14304 1.22224 1.28752 1.77432 2.39746 3.00933 2.99938 2.39353 1.77359 1.28646 1.02358 1.00747 0.997963 0.999705 0.999723 0.998014 1.00747 1.0227 1.00186 0.999396 0.999883 0.999917 0.999917 0.999883 0.999396 
2.61815 1.26903 1.02502 1.00107 1.00105 1.02462 1.26519 2.59716 5.07414 2.75585 1.31907 1.03522 1.03442 1.31279 2.75543 5.07908 6.44132 6.86754 5.25733 3.61844 3.57693 5.32107 6.92536 6.48589 2.62144 2.26202 2.17682 2.31529 2.31529 2.17682 2.26202 2.62144 3.03912 4.83601 6.61214 8.33335 8.34393 6.63106 4.8323 3.0277 1.41224 1.31512 1.06137 1.00652 1.00757 1.06824 1.31512 1.416 1.11139 1.00459 0.999803 0.999977 0.999977 0.999803 1.00459 
8.12704 2.95897 1.31426 1.02723 1.02723 1.31424 2.95946 8.17174 14.45 8.35651 3.05307 1.41605 1.41448 3.05192 8.38431 14.6542 17.2386 18.91 15.7834 12.7687 12.3912 15.3795 18.7881 17.1023 8.80822 8.71579 8.54459 8.51204 8.51204 8.54459 8.71579 8.80822 8.67773 11.7416 13.9697 16.4615 16.4533 13.9594 11.739 8.69669 4.26645 3.46734 2.03702 1.26958 1.26956 2.0366 3.46734 4.26645 3.03974 1.50415 1.04939 1.00271 1.00271 1.04939 1.50415 
9.33446 3.36474 1.39368 1.03521 1.03521 1.39363 3.35607 9.35066 15.9404 9.62471 3.42681 1.50287 1.49947 3.41485 9.62211 15.9293 16.2382 17.3136 11.7933 6.81404 6.89319 11.881 17.2706 16.23 5.85237 5.23827 5.11117 4.49186 4.49186 5.11117 5.23827 5.85237 8.36716 12.7215 16.1885 19.1453 19.1474 16.1901 12.7126 8.39638 2.79675 2.13679 1.33076 1.04784 1.04785 1.33071 2.13679 2.79675 1.7028 1.15769 1.00949 1.00017 1.00017 1.00949 1.15769 
7.42326 2.66095 1.25471 1.02108 1.02108 1.25468 2.65531 7.43245 13.1289 7.67426 2.72578 1.31786 1.31583 2.717 7.68291 13.1189 13.1936 13.6707 8.12038 3.73562 3.79266 8.20664 13.6312 13.19 3.27305 2.67926 2.55493 2.11629 2.11629 2.55493 2.67926 3.27305 6.09492 10.0295 13.1199 15.7685 15.7613 13.1074 10.0214 6.09768 1.7799 1.34983 1.06691 1.00538 1.00538 1.06691 1.34983 1.7799 1.15369 1.0184 1.00073 0.999937 0.999937 1.00073 1.0184 
4.90018 1.78293 1.08622 1.00437 1.00437 1.08621 1.7807 4.9022 9.8719 5.41022 1.89935 1.11364 1.11365 1.90177 5.38648 9.87061 9.85385 9.81679 5.26973 2.11048 2.13141 5.31605 9.80121 9.85246 1.94205 1.64222 1.61886 1.42862 1.42862 1.61886 1.64222 1.94205 3.37909 6.693 9.88074 12.5789 12.5886 9.89954 6.70555 3.38556 1.21339 1.0623 1.00692 1.00022 1.00022 1.00692 1.0623 1.21339 1.02104 1.00128 0.999968 0.999986 0.999986 0.999968 1.00128 
4.9022 1.7807 1.08621 1.00437 1.00437 1.08621 1.7807 4.9022 9.87061 5.38648 1.90177 1.11365 1.11365 1.90177 5.38648 9.87061 9.85385 9.81679 5.26973 2.11048 2.11048 5.26973 9.81679 9.85385 1.92979 1.63919 1.61797 1.42865 1.42862 1.61886 1.64222 1.94205 3.38556 6.70555 9.89954 12.5886 12.5789 9.88074 6.693 3.37909 1.22158 1.06252 1.00692 1.00022 1.00022 1.00692 1.0623 1.21339 1.02104 1.00128 0.999968 0.999986 0.999986 0.99997 1.00133 
7.43245 2.65531 1.25468 1.02108 1.02108 1.25468 2.65531 7.43245 13.1189 7.68291 2.717 1.31583 1.31583 2.717 7.68291 13.1189 13.1936 13.6707 8.12038 3.73562 3.73562 8.12038 13.6707 13.1936 3.22969 2.66461 2.55083 2.11616 2.11629 2.55493 2.67926 3.27305 6.09768 10.0214 13.1074 15.7613 15.7685 13.1199 10.0295 6.09492 1.81398 1.35284 1.06691 1.00538 1.00538 1.06691 1.34983 1.7799 1.15369 1.0184 1.00073 0.999937 0.999938 1.00074 1.01884 
9.35066 3.35607 1.39363 1.03521 1.03521 1.39363 3.35607 9.35066 15.9293 9.62211 3.41485 1.49947 1.49947 3.41485 9.62211 15.9293 16.2382 17.3136 11.7933 6.81404 6.81404 11.7933 17.3136 16.2382 5.78806 5.21791 5.10395 4.49017 4.49186 5.11117 5.23827 5.85237 8.39638 12.7126 16.1901 19.1474 19.1453 16.1885 12.7215 8.36716 2.8417 2.13612 1.33071 1.04785 1.04784 1.33076 2.13679 2.79675 1.7028 1.15769 1.00949 1.00017 1.00016 1.00947 1.15697 
8.17174 2.95946 1.31424 1.02723 1.02723 1.31424 2.95946 8.17174 14.6542 8.38431 3.05192 1.41448 1.41448 3.05192 8.38431 14.6542 17.2386 18.91 15.7834 12.7687 12.7687 15.7834 18.91 17.2386 8.92326 8.88693 8.72199 8.65501 8.51204 8.54459 8.71579 8.80822 8.69669 11.739 13.9594 16.4533 16.4615 13.9697 11.7416 8.67773 4.21133 3.39455 2.0366 1.26956 1.26958 2.03702 3.46734 4.26645 3.03974 1.50415 1.04939 1.00271 1.00274 1.05008 1.51042 
10.7496 3.74141 1.45572 1.03975 1.03975 1.45572 3.74141 10.7496 20.1989 10.3684 3.84046 1.67577 1.67577 3.84046 10.3684 20.1989 27.1034 29.2481 28.8307 28.3401 28.3401 28.8307 29.2481 27.1034 22.4154 22.6921 22.779 22.9263 23.1102 22.9807 22.6993 22.418 22.2259 25.0991 27.2965 28.8304 29.2165 27.7688 25.4791 22.5437 17.1245 15.049 9.03734 4.3438 4.3417 9.02697 15.0829 17.1218 10.9077 3.77731 1.45717 1.03781 1.03762 1.45563 3.7646 
11.3595 3.90136 1.48349 1.04361 1.04361 1.48349 3.90136 11.3595 21.797 10.8139 3.9812 1.71395 1.71395 3.9812 10.8139 21.797 30.7572 32.8114 33.0514 32.9901 32.9901 33.0514 32.8114 30.7572 27.3222 26.8718 27.2429 27.9356 27.9425 27.2349 26.8709 27.3215 28.6388 31.551 32.9403 33.502 33.4607 32.9019 31.5474 28.559 20.2423 17.729 10.7306 5.12094 5.12329 10.7428 17.6969 20.1482 12.5907 4.25216 1.55228 1.04638 1.04629 1.55205 4.25059 
11.6312 3.96341 1.49172 1.04437 1.04437 1.49172 3.96341 11.6312 22.5571 11.0216 4.02261 1.71678 1.71678 4.02261 11.0216 22.5571 32.1803 33.9611 34.463 34.5316 34.5316 34.463 33.9611 32.1803 30.5959 30.159 30.5344 31.2893 31.2961 30.5285 30.1592 30.5955 31.0557 33.5113 34.4417 34.6867 34.6873 34.4516 33.5319 31.0106 21.9205 19.2123 11.5955 5.47304 5.47394 11.6008 19.1965 21.8295 13.6767 4.57684 1.61264 1.05189 1.05179 1.61247 4.57533 
11.7018 3.95154 1.48657 1.04226 1.04226 1.48657 3.95154 11.7018 22.7977 11.053 3.97907 1.67636 1.67636 3.97907 11.053 22.7977 32.6202 34.1505 34.7598 34.8609 34.8609 34.7598 34.1505 32.6202 32.3808 32.3869 32.7095 33.2587 33.2621 32.7079 32.3869 32.3808 31.6906 33.9119 34.7275 34.903 34.9053 34.7365 33.9228 31.6552 22.564 19.7573 11.8191 5.48054 5.48076 11.8194 19.7518 22.4785 14.109 4.67069 1.62941 1.05321 1.05316 1.62937 4.66953 
11.688 3.9552 1.48789 1.04257 1.04226 1.48657 3.95154 11.7018 22.7072 11.0887 3.99485 1.68461 1.67636 3.97907 11.053 22.7977 32.6205 34.1402 34.7598 34.8609 34.8619 34.76 34.1402 32.6205 32.3808 32.3869 32.7079 33.2621 33.2587 32.7095 32.3869 32.3808 31.6552 33.9228 34.7365 34.9053 34.9053 34.7365 33.9228 31.6552 22.4785 19.7518 11.8191 5.49212 5.48054 11.8191 19.7573 22.564 14.1219 4.66953 1.62937 1.05316 1.05321 1.62941 4.67069 
11.6065 3.96605 1.49324 1.04479 1.04437 1.49172 3.96341 11.6312 22.4646 11.0739 4.04647 1.72875 1.71678 4.02261 11.0216 22.5571 32.1831 33.9399 34.463 34.5316 34.5336 34.4622 33.9399 32.1831 30.5955 30.1592 30.5285 31.2961 31.2893 30.5344 30.159 30.5959 31.0106 33.5319 34.4516 34.6873 34.6873 34.4516 33.5319 31.0106 21.8295 19.1965 11.5955 5.49054 5.47304 11.5955 19.2123 21.9205 13.695 4.57533 1.61247 1.05179 1.05189 1.61264 4.57684 
11.3308 3.90311 1.48492 1.04403 1.04361 1.48349 3.90136 11.3595 21.7054 10.871 4.00647 1.72605 1.71395 3.9812 10.8139 21.797 30.731 32.7794 33.0514 32.9901 32.979 33.0415 32.7794 30.731 27.3215 26.8709 27.2349 27.9425 27.9356 27.2429 26.8718 27.3222 28.559 31.5474 32.9019 33.4607 33.4607 32.9019 31.5474 28.559 20.1482 17.6969 10.7306 5.1358 5.12094 10.7306 17.729 20.2423 12.6072 4.25059 1.55205 1.04629 1.04638 1.55228 4.25216 
10.7298 3.74312 1.45688 1.04009 1.03975 1.45572 3.74141 10.7496 20.1599 10.4414 3.86925 1.68802 1.67577 3.84046 10.3684 20.1989 27.2298 29.39 28.8307 28.3401 28.5532 29.0129 29.39 27.2298 22.418 22.6993 22.9807 23.1102 22.9263 22.779 22.6921 22.4154 22.5437 25.4791 27.7688 29.2165 29.2165 27.7688 25.4791 22.5437 17.1218 15.0829 9.03734 4.36654 4.3438 9.03734 15.049 17.1245 10.8703 3.7646 1.45563 1.03762 1.03781 1.45717 3.77731 
10.2772 3.56001 1.43275 1.03498 1.03521 1.43477 3.57078 10.3114 19.4736 9.88344 3.71082 1.67955 1.67116 3.68521 9.78526 19.6166 30.6152 32.5849 33.2556 33.3017 33.3396 33.2946 32.6227 30.6253 32.0775 33.6624 34.0074 33.7873 33.8377 34.0083 33.6961 32.1132 27.8468 31.8971 33.4182 33.9402 33.9402 33.4182 31.8971 27.8468 18.8474 15.6382 9.05494 4.40327 4.37314 8.98408 15.5851 18.8206 11.6627 3.90522 1.49321 1.04537 1.04582 1.49621 3.92257 
11.3629 3.94816 1.52057 1.04501 1.04546 1.52454 3.97024 11.4361 20.8799 10.89 4.08138 1.81359 1.80312 4.05076 10.7847 21.0608 32.0496 33.7476 34.4105 34.5142 34.5085 34.4094 33.7695 32.0377 33.0863 34.217 34.4715 34.4741 34.4728 34.4711 34.2155 33.1108 30.0699 33.0858 34.2857 34.6128 34.6128 34.2857 33.0858 30.0699 21.7197 18.3704 10.8646 5.26891 5.24268 10.8196 18.3858 21.7852 13.3475 4.42275 1.60463 1.05894 1.05949 1.60744 4.43374 
11.7213 4.06347 1.541 1.04684 1.04729 1.54485 4.08477 11.7889 21.3337 11.1741 4.16613 1.83492 1.82448 4.13735 11.0704 21.5159 32.4517 34.0766 34.756 34.8829 34.884 34.7611 34.0979 32.4423 33.6149 34.495 34.7045 34.7699 34.7694 34.7046 34.4945 33.6383 31.0142 33.7026 34.6428 34.8683 34.8683 34.6428 33.7026 31.0142 23.0444 19.4664 11.4382 5.52242 5.49412 11.389 19.4734 23.0964 14.3036 4.74411 1.66527 1.06537 1.06597 1.66827 4.75619 
11.6366 3.98233 1.50772 1.04171 1.04197 1.51001 3.99512 11.676 21.4807 11.0845 4.0536 1.75585 1.74974 4.0366 11.0061 21.6501 32.6083 34.1665 34.8264 34.9494 34.9501 34.8291 34.1766 32.6049 33.817 34.6451 34.84 34.9022 34.9019 34.8399 34.6446 33.8311 31.3195 33.9123 34.7541 34.9322 34.9322 34.7541 33.9123 31.3195 23.4947 19.8419 11.5194 5.44384 5.42742 11.4852 19.8435 23.5491 14.7382 4.84332 1.67343 1.06334 1.06372 1.67544 4.85193 
11.676 3.99512 1.51001 1.04197 1.04197 1.51001 3.99512 11.676 21.4807 11.0845 4.0536 1.75585 1.75585 4.0536 11.0845 21.4807 32.6049 34.1766 34.8291 34.9501 34.9501 34.8291 34.1766 32.6049 33.8311 34.6446 34.8399 34.9019 34.9019 34.8399 34.6451 33.817 31.2973 33.8844 34.734 34.9256 34.9322 34.7541 33.9123 31.3195 23.5133 19.8763 11.4506 5.39541 5.44384 11.4506 19.8763 23.5133 14.7382 4.84332 1.67343 1.06334 1.06334 1.67343 4.84332 
11.7889 4.08477 1.54485 1.04729 1.04729 1.54485 4.08477 11.7889 21.3337 11.1741 4.16613 1.83492 1.83492 4.16613 11.1741 21.3337 32.4423 34.0979 34.7611 34.884 34.884 34.7611 34.0979 32.4423 33.6383 34.4945 34.7046 34.7694 34.7694 34.7046 34.495 33.6149 30.9789 33.6557 34.6074 34.8576 34.8683 34.6428 33.7026 31.0142 23.0723 19.5218 11.3367 5.43899 5.52242 11.3367 19.5218 23.0723 14.3036 4.74411 1.66527 1.06537 1.06537 1.66527 4.74411 
11.4361 3.97024 1.52454 1.04546 1.04546 1.52454 3.97024 11.4361 20.8799 10.89 4.08138 1.81359 1.81359 4.08138 10.89 20.8799 32.0377 33.7695 34.4094 34.5085 34.5085 34.4094 33.7695 32.0377 33.1108 34.2155 34.4711 34.4728 34.4728 34.4711 34.217 33.0863 30.0353 33.0244 34.237 34.5922 34.6128 34.2857 33.0858 30.0699 21.7569 18.4278 10.7673 5.19024 5.26891 10.7673 18.4278 21.7569 13.3475 4.42275 1.60463 1.05894 1.05894 1.60463 4.42275 
10.3114 3.57078 1.43477 1.03521 1.03521 1.43477 3.57078 10.3114 19.4736 9.88344 3.71082 1.67955 1.67955 3.71082 9.88344 19.4736 30.6253 32.6227 33.2946 33.3396 33.3396 33.2946 32.6227 30.6253 32.1132 33.6961 34.0083 33.8377 33.8377 34.0083 33.6624 32.0775 27.8652 31.9735 33.5725 34.0932 33.9402 33.4182 31.8971 27.8468 18.7889 15.6025 8.93469 4.31969 4.40327 8.93469 15.6025 18.7889 11.6627 3.90522 1.49321 1.04537 1.04537 1.49321 3.90522 
5.64404 1.93053 1.0968 1.00441 1.00441 1.0968 1.93053 5.64404 12.9031 5.29226 1.85789 1.11 1.11059 1.85864 5.27754 12.815 28.482 31.4147 32.8713 33.2106 33.2106 32.8713 31.4147 28.482 30.8005 33.4788 34.0837 33.8521 33.8295 34.0733 33.4529 30.8074 24.4417 31.0082 33.4258 34.084 34.0514 33.4164 30.9787 24.3946 7.74507 4.66788 2.40382 1.4216 1.41093 2.35458 4.54089 7.60468 3.5558 1.46896 1.04731 1.0031 1.0031 1.04733 1.46906 
4.47448 1.57401 1.04457 1.00132 1.00132 1.04457 1.57401 4.47448 11.2365 4.12625 1.49892 1.0418 1.04299 1.50144 4.15542 11.2718 28.4897 31.994 33.8531 34.2428 34.2428 33.8531 31.994 28.4897 30.8485 33.7282 34.3955 34.4585 34.4586 34.391 33.7186 30.8966 23.8446 31.1038 33.7568 34.5298 34.5151 33.7572 31.0827 23.8316 5.94293 3.32774 1.77619 1.21095 1.21974 1.80171 3.37373 5.9825 2.48381 1.22077 1.01938 1.00122 1.00122 1.01938 1.22076 
4.15322 1.48048 1.0338 1.00086 1.00086 1.0338 1.48048 4.15322 10.9065 3.90428 1.44211 1.03389 1.0347 1.44412 3.93055 10.94 28.4805 32.1976 34.2783 34.7347 34.7347 34.2783 32.1976 28.4805 30.8557 33.8651 34.6 34.7591 34.7578 34.5952 33.8561 30.9061 23.6176 31.1197 33.8532 34.6395 34.6219 33.8526 31.0964 23.6051 5.12149 2.61929 1.47265 1.1585 1.16656 1.49465 2.66145 5.15847 1.91879 1.10884 1.01205 1.00093 1.00093 1.01205 1.10882 
4.11608 1.46921 1.0328 1.00085 1.00085 1.0328 1.46921 4.11608 10.9681 3.92972 1.44591 1.03453 1.03518 1.44722 3.94432 10.9857 28.4805 32.2196 34.3679 34.8327 34.8327 34.3679 32.2196 28.4805 30.8712 33.9523 34.7158 34.8836 34.8826 34.7124 33.9453 30.9029 23.6425 31.1976 33.9599 34.6827 34.6699 33.96 31.1757 23.6247 5.12689 2.47023 1.38965 1.11649 1.12098 1.40305 2.49856 5.15417 1.91121 1.11329 1.01005 1.00072 1.00072 1.01005 1.11328 
4.10948 1.46791 1.03271 1.00085 1.00085 1.0328 1.46921 4.11608 10.9857 3.94432 1.44722 1.03518 1.03518 1.44722 3.94432 10.9857 28.3706 32.2411 34.3706 34.8334 34.8334 34.3706 32.2196 28.4805 30.9029 33.9453 34.7124 34.8826 34.8836 34.7158 33.9453 30.9029 23.6247 31.1794 33.9398 34.6699 34.6827 33.9599 31.1976 23.6425 5.15417 2.49856 1.40305 1.12098 1.12098 1.40305 2.49856 5.15417 1.91121 1.11329 1.01005 1.00072 1.00072 1.01005 1.11329 
4.14196 1.47856 1.03366 1.00085 1.00086 1.0338 1.48048 4.15322 10.94 3.93055 1.44412 1.0347 1.0347 1.44412 3.93055 10.94 28.3676 32.2155 34.2817 34.7364 34.7364 34.2817 32.1976 28.4805 30.9061 33.8561 34.5952 34.7578 34.7591 34.6 33.8561 30.9061 23.6051 31.0895 33.8168 34.6219 34.6395 33.8532 31.1197 23.6176 5.15847 2.66145 1.49465 1.16656 1.16656 1.49465 2.66145 5.15847 1.91879 1.10884 1.01205 1.00093 1.00093 1.01205 1.10884 
4.46215 1.57194 1.04443 1.00132 1.00132 1.04457 1.57401 4.47448 11.2718 4.15542 1.50144 1.04299 1.04299 1.50144 4.15542 11.2718 28.3798 32.0124 33.8622 34.2525 34.2525 33.8622 31.994 28.4897 30.8966 33.7186 34.391 34.4586 34.4585 34.3955 33.7186 30.8966 23.8316 31.0751 33.7232 34.5151 34.5298 33.7568 31.1038 23.8446 5.9825 3.37373 1.80171 1.21974 1.21974 1.80171 3.37373 5.9825 2.48381 1.22077 1.01938 1.00122 1.00122 1.01938 1.22077 
5.60038 1.92142 1.09579 1.00435 1.00441 1.0968 1.93053 5.64404 12.815 5.27754 1.85864 1.11059 1.11059 1.85864 5.27754 12.815 28.3369 31.3833 32.8363 33.1765 33.1765 32.8363 31.4147 28.482 30.8074 33.4529 34.0733 33.8295 33.8521 34.0837 33.4529 30.8074 24.3946 30.9652 33.3826 34.0514 34.084 33.4258 31.0082 24.4417 7.60468 4.54089 2.35458 1.41093 1.41093 2.35458 4.54089 7.60468 3.5558 1.46896 1.04731 1.0031 1.0031 1.04731 1.46896 
3.86864 1.41536 1.02856 1.00104 1.00101 1.02828 1.41447 3.87093 10.6813 3.76645 1.42296 1.03288 1.03288 1.42296 3.76645 10.6813 24.0864 26.6723 28.6863 29.0673 29.0673 28.6863 26.6723 24.0864 27.6401 28.8939 28.3361 28.1385 27.9943 28.1789 28.7735 27.6303 23.5255 29.4494 32.0456 32.7604 32.7827 32.0746 29.401 23.5676 9.21731 5.26685 2.5957 1.49638 1.51946 2.63975 5.26685 9.21731 4.73144 1.79544 1.09801 1.00736 1.00736 1.09563 1.79544 
4.0667 1.45214 1.03289 1.00117 1.00113 1.03255 1.45169 4.07781 11.3045 3.89182 1.43318 1.03144 1.03144 1.43318 3.89182 11.3045 26.3304 30.4742 32.2493 32.6902 32.6902 32.2493 30.4742 26.3304 27.4158 29.7898 30.0355 30.5035 30.5035 30.045 29.8114 27.506 22.267 29.2678 32.7539 33.8959 33.9127 32.7927 29.199 22.2972 7.0468 3.33199 1.53066 1.06589 1.06264 1.53116 3.33199 7.0468 3.33257 1.40937 1.03417 1.00129 1.00129 1.03445 1.40937 
4.15083 1.46671 1.03399 1.0013 1.00126 1.03363 1.46632 4.1626 11.5626 3.97521 1.44796 1.03288 1.03288 1.44796 3.97521 11.5626 27.0467 31.7463 33.7985 34.313 34.313 33.7985 31.7463 27.0467 27.7726 31.0327 31.897 32.5563 32.5575 31.906 31.0602 27.8688 21.7179 29.2762 33.0302 34.2759 34.2988 33.0826 29.2076 21.7567 6.03717 2.52179 1.21212 0.998193 0.994834 1.21342 2.52179 6.03717 2.63916 1.23633 1.01593 1.0003 1.0003 1.01623 1.23633 
4.15132 1.46361 1.03291 1.00117 1.00114 1.03267 1.46354 4.1607 11.6066 3.98492 1.44943 1.03354 1.03354 1.44943 3.98492 11.6066 27.2513 31.9152 34.1628 34.6887 34.6887 34.1628 31.9152 27.2513 28.5063 32.2724 33.3139 33.8443 33.8455 33.3183 32.2899 28.5716 21.6778 29.5162 33.2498 34.4119 34.426 33.2823 29.4763 21.6985 5.80759 2.35696 1.17175 0.998244 0.995712 1.17162 2.35696 5.80759 2.42855 1.18425 1.01111 1.00015 1.00015 1.01129 1.18425 
4.1607 1.46354 1.03267 1.00114 1.00114 1.03267 1.46354 4.1607 11.5132 3.9859 1.44944 1.03354 1.03354 1.44943 3.98492 11.6066 27.2513 31.9152 34.1628 34.6887 34.6922 34.1668 31.8954 27.3272 28.5716 32.2899 33.3183 33.8455 33.8443 33.3139 32.2724 28.5063 21.6985 29.4763 33.2165 34.3972 34.3982 33.2194 29.4585 21.8026 5.91581 2.37696 1.17162 0.995712 0.998244 1.17175 2.35696 5.80759 2.42855 1.18425 1.01129 1.00015 1.00014 1.01111 1.18262 
4.1626 1.46632 1.03363 1.00126 1.00126 1.03363 1.46632 4.1626 11.4689 3.97493 1.44796 1.03288 1.03288 1.44796 3.97521 11.5626 27.0467 31.7463 33.7985 34.313 34.3179 33.8066 31.7338 27.1063 27.8688 31.0602 31.906 32.5575 32.5563 31.897 31.0327 27.7726 21.7567 29.2076 32.9781 34.2514 34.2525 32.9792 29.1818 21.857 6.16551 2.55368 1.21342 0.994834 0.998193 1.21212 2.52179 6.03717 2.63916 1.23633 1.01623 1.0003 1.00029 1.01593 1.23359 
4.07781 1.45169 1.03255 1.00113 1.00113 1.03255 1.45169 4.07781 11.2149 3.89196 1.43322 1.03144 1.03144 1.43318 3.89182 11.3045 26.3304 30.4742 32.2493 32.6902 32.702 32.2645 30.4637 26.3926 27.506 29.8114 30.045 30.5035 30.5035 30.0355 29.7898 27.4158 22.2972 29.199 32.703 33.8731 33.8713 32.6939 29.1661 22.3897 7.16991 3.35627 1.53116 1.06264 1.06589 1.53066 3.33199 7.0468 3.33257 1.40937 1.03445 1.00129 1.00127 1.03417 1.40644 
3.87093 1.41447 1.02828 1.00101 1.00101 1.02828 1.41447 3.87093 10.5722 3.75721 1.42308 1.03289 1.03288 1.42296 3.76645 10.6813 24.0864 26.6723 28.6863 29.0673 28.9554 28.5728 26.5515 24.0882 27.6303 28.7735 28.1789 27.9943 28.1385 28.3361 28.8939 27.6401 23.5676 29.401 32.0111 32.7362 32.6897 31.936 29.3094 23.6251 9.37637 5.32335 2.63975 1.51946 1.49638 2.5957 5.26685 9.21731 4.73144 1.79544 1.09563 1.00736 1.00772 1.09801 1.80536 
1.74442 1.06589 1.00294 1.00008 1.00008 1.00294 1.0659 1.74463 5.01341 1.7423 1.06594 1.00332 1.00362 1.06784 1.75448 5.07847 14.2436 11.6596 11.3072 11.3765 11.3765 11.3072 11.6596 14.2436 22.1183 18.2166 14.6291 13.5462 13.3818 14.4257 18.2074 22.1152 24.0838 27.5761 28.5204 28.9511 28.8533 28.4127 27.5737 24.0842 14.9895 11.4875 8.45301 5.44123 5.44231 8.45263 11.4861 14.9923 8.87054 4.18766 1.80082 1.16508 1.16508 1.80082 4.18766 
1.33773 1.02207 1.00049 0.999852 0.999852 1.00049 1.02207 1.33791 3.43549 1.33641 1.02428 1.00066 1.00101 1.0256 1.34023 3.44907 11.4318 5.75789 4.2756 4.07078 4.07078 4.2756 5.75789 11.4318 22.9591 16.6809 11.07 8.39684 8.38329 11.0368 16.6786 22.9574 26.539 29.8912 31.1344 31.7785 31.7814 31.1397 29.8916 26.5428 18.7845 15.449 12.2013 8.28406 8.2862 12.2009 15.447 18.788 11.8878 5.91778 2.29582 1.29665 1.29665 2.29582 5.91778 
1.25088 1.01477 1.00026 0.999948 0.999948 1.00026 1.01477 1.25103 2.94835 1.25807 1.01899 1.0005 1.00089 1.02032 1.26193 2.96204 10.4886 3.92961 1.88707 1.53963 1.53963 1.88707 3.92961 10.4886 23.1419 14.3601 7.39157 4.50356 4.48953 7.3587 14.3551 23.1411 28.8624 31.9746 33.0665 33.559 33.5592 33.0687 31.9748 28.8658 20.6516 16.7259 12.9351 8.66705 8.66865 12.9342 16.7236 20.6556 13.223 6.51175 2.43005 1.3193 1.3193 2.43005 6.51175 
1.25408 1.01528 1.00032 0.999935 0.999935 1.00032 1.01528 1.2542 2.92171 1.26684 1.02367 1.00185 1.00207 1.02452 1.26913 2.93019 10.2871 3.73777 1.6068 1.24109 1.24109 1.6068 3.73777 10.2871 23.238 12.8618 5.46344 2.93258 2.92369 5.44385 12.8592 23.2397 30.0906 33.0138 33.9217 34.2536 34.2537 33.923 33.014 30.0939 22.2059 17.3714 12.3973 7.76734 7.77026 12.3984 17.3679 22.2093 13.9355 6.14026 2.24291 1.23924 1.23924 2.24291 6.14026 
1.2542 1.01528 1.00032 0.999935 0.999935 1.00032 1.01528 1.2542 2.92171 1.26684 1.02367 1.00185 1.00185 1.02367 1.26684 2.92171 10.2703 3.75723 1.60818 1.24177 1.24109 1.6068 3.73777 10.2871 23.2397 12.8592 5.44385 2.92369 2.93258 5.46344 12.8618 23.238 30.0939 33.014 33.923 34.2537 34.2627 33.9416 33.0138 30.0906 22.3013 17.4941 12.2407 7.40516 7.63495 12.3973 17.4122 22.2059 13.9355 6.14026 2.24291 1.23924 1.23925 2.243 6.1404 
1.25103 1.01477 1.00026 0.999948 0.999948 1.00026 1.01477 1.25103 2.94835 1.25807 1.01899 1.0005 1.0005 1.01899 1.25807 2.94835 10.4952 3.96068 1.88956 1.54078 1.53963 1.88707 3.92961 10.4886 23.1411 14.3551 7.3587 4.48953 4.50356 7.39157 14.3601 23.1419 28.8658 31.9748 33.0687 33.5592 33.5799 33.1063 31.9746 28.8624 20.8426 16.8939 12.7793 8.04433 8.44571 12.9351 16.785 20.6516 13.223 6.51175 2.43005 1.3193 1.31933 2.43011 6.51151 
1.33791 1.02207 1.00049 0.999852 0.999852 1.00049 1.02207 1.33791 3.43549 1.33641 1.02428 1.00066 1.00066 1.02428 1.33641 3.43549 11.4137 5.77944 4.28244 4.07638 4.07078 4.2756 5.75789 11.4318 22.9574 16.6786 11.0368 8.38329 8.39684 11.07 16.6809 22.9591 26.5428 29.8916 31.1397 31.7814 31.8097 31.1866 29.8912 26.539 18.9723 15.6053 12.0701 7.6905 8.07471 12.2013 15.504 18.7845 11.8878 5.91778 2.29582 1.29665 1.29669 2.29586 5.91751 
1.74463 1.0659 1.00294 1.00008 1.00008 1.00294 1.0659 1.74463 5.01341 1.7423 1.06594 1.00332 1.00332 1.06594 1.7423 5.01341 13.972 11.3948 11.2006 11.2681 11.3765 11.3072 11.6596 14.2436 22.1152 18.2074 14.4257 13.3818 13.5462 14.6291 18.2166 22.1183 24.0842 27.5737 28.4127 28.8533 28.8921 28.4666 27.5761 24.0838 15.0409 11.5665 8.34982 5.09797 5.31927 8.45301 11.519 14.9895 8.87054 4.18766 1.80082 1.16508 1.16509 1.80078 4.18749 
1.04587 1.00189 0.999997 1 0.999999 0.999999 1.00186 1.04427 1.61211 1.06899 1.00519 1.00037 1.00036 1.00519 1.06978 1.62287 5.07635 4.00559 3.7243 3.7 3.74893 3.77343 4.07429 5.18977 8.36596 5.25918 3.82094 3.3926 3.35794 3.78572 5.20206 8.27343 12.8998 15.6321 15.8505 15.5777 15.5425 15.7958 15.5853 12.8723 5.6367 4.25418 2.69046 1.51303 1.51259 2.68772 4.21794 5.59406 2.90353 1.43068 1.06841 1.0068 1.00691 1.06929 1.43742 
1.00417 1 0.999877 0.999909 0.999909 0.999878 1 1.00409 1.07488 1.00606 1.00032 0.999879 0.999879 1.0003 1.00598 1.07489 1.80604 1.47107 1.39392 1.386 1.38487 1.39195 1.47123 1.80906 3.80139 2.25953 1.48851 1.36732 1.36493 1.48552 2.25979 3.79447 5.29425 6.54425 6.56724 6.08069 6.03761 6.49805 6.46422 5.24673 2.27367 1.86704 1.32376 1.05735 1.05791 1.32582 1.8634 2.27172 1.50554 1.09262 1.01038 1.00065 1.00063 1.01024 1.09184 
1.00019 0.999975 0.999996 1 1 0.999996 0.999976 1.00018 1.00464 1.00008 0.999937 0.99999 0.999991 0.999938 1.00007 1.00464 1.09605 1.03569 1.02578 1.02475 1.02445 1.0254 1.03559 1.09618 1.7296 1.23465 1.0502 1.03202 1.03203 1.05024 1.23504 1.72789 2.11637 2.52456 2.43211 2.17807 2.16343 2.40667 2.49258 2.09673 1.17472 1.11275 1.02755 1.00265 1.00269 1.02777 1.11241 1.17454 1.06403 1.00849 1.00064 0.999932 0.999931 1.00063 1.00843 
1.00006 0.999995 1 1 1 1 0.999995 1.00006 1.0001 0.999851 0.999992 1 1 0.999992 0.999851 1.0001 1.00845 1.00121 1.00053 1.00055 1.00053 1.00051 1.00121 1.00847 1.15275 1.03251 1.00424 1.00243 1.00243 1.00424 1.03257 1.15255 1.22742 1.3416 1.29122 1.19968 1.1961 1.28461 1.33298 1.2223 1.01383 1.00912 1.00111 0.999927 0.99993 1.00112 1.0091 1.01382 1.00484 1.0004 0.999922 0.999982 0.999982 0.999922 1.0004 
1.00006 0.999995 1 1 1 1 0.999995 1.00006 1.0001 0.999851 0.999992 1 1 0.999992 0.999851 1.0001 1.00845 1.00121 1.00053 1.00055 1.00055 1.00053 1.00121 1.00845 1.15255 1.03257 1.00424 1.00243 1.00243 1.00424 1.03251 1.15275 1.22753 1.34164 1.28461 1.1961 1.19598 1.28481 1.3416 1.22742 1.01382 1.0091 1.00112 0.99993 0.99993 1.00112 1.0091 1.01382 1.00484 1.0004 0.999922 0.999982 0.999982 0.999922 1.0004 
1.00018 0.999976 0.999996 1 1 0.999996 0.999976 1.00018 1.00464 1.00008 0.999937 0.99999 0.99999 0.999937 1.00008 1.00464 1.09605 1.03569 1.02578 1.02475 1.02475 1.02578 1.03569 1.09605 1.72789 1.23504 1.05024 1.03203 1.03202 1.0502 1.23465 1.7296 2.11716 2.52513 2.40667 2.16343 2.1626 2.40792 2.52456 2.11637 1.17454 1.11241 1.02777 1.00269 1.00269 1.02777 1.11241 1.17454 1.06403 1.00849 1.00064 0.999932 0.999932 1.00064 1.00849 
1.00409 1 0.999878 0.999909 0.999909 0.999878 1 1.00409 1.07488 1.00606 1.00032 0.999879 0.999879 1.00032 1.00606 1.07488 1.80604 1.47107 1.39392 1.386 1.386 1.39392 1.47107 1.80604 3.79447 2.25979 1.48552 1.36493 1.36732 1.48851 2.25953 3.80139 5.31646 6.56773 6.49805 6.03761 6.07034 6.54011 6.54425 5.29425 2.27172 1.8634 1.32582 1.05791 1.05791 1.32582 1.8634 2.27172 1.50554 1.09262 1.01038 1.00065 1.00065 1.01038 1.09262 
1.04427 1.00186 0.999999 0.999999 0.999999 0.999999 1.00186 1.04427 1.61211 1.06899 1.00519 1.00037 1.00037 1.00519 1.06899 1.61211 5.07635 4.00559 3.7243 3.7 3.7 3.7243 4.00559 5.07635 8.27343 5.20206 3.78572 3.35794 3.3926 3.82094 5.25918 8.36596 12.8021 15.5033 15.7958 15.5425 15.3363 15.5802 15.6321 12.8998 5.59406 4.21794 2.68772 1.51259 1.51259 2.68772 4.21794 5.59406 2.90353 1.43068 1.06841 1.0068 1.0068 1.06841 1.43068 
1.00332 1.00016 1.00006 1.00009 1.00009 1.00006 1.00016 1.00332 1.06813 1.00739 1.00075 1.00008 1.00008 1.00075 1.00739 1.06813 1.61812 1.41563 1.36186 1.37032 1.37032 1.36186 1.41563 1.61812 2.79439 1.69222 1.44946 1.28703 1.28703 1.44946 1.69222 2.79439 5.06838 6.17783 6.28723 6.12432 6.12432 6.37199 6.27193 5.13818 2.20113 1.78141 1.37021 1.07614 1.07614 1.37021 1.78141 2.20113 1.32666 1.03721 1.00416 1.00033 1.00033 1.00416 1.03721 
1.00009 0.999989 0.999996 0.999996 0.999996 0.999996 0.999989 1.00009 1.004 1.00026 0.999953 0.999984 0.999984 0.999953 1.00026 1.004 1.07453 1.05026 1.04479 1.04322 1.04322 1.04479 1.05026 1.07453 1.3033 1.08104 1.04249 1.0213 1.0213 1.04249 1.08104 1.3033 1.75686 2.00709 2.02561 1.95041 1.95041 2.04194 2.02538 1.76899 1.16819 1.10252 1.03557 1.00495 1.00495 1.03557 1.10252 1.16819 1.03917 1.00339 1.00022 0.999952 0.999952 1.00022 1.00339 
1.00005 0.999996 1 1 1 1 0.999996 1.00005 1.00008 0.999861 0.999985 1 1 0.999985 0.999861 1.00008 1.00586 1.0041 1.00377 1.00336 1.00336 1.00377 1.0041 1.00586 1.02374 1.00405 1.00189 1.00063 1.00063 1.00189 1.00405 1.02374 1.07735 1.11168 1.11464 1.09476 1.09476 1.11737 1.11497 1.07937 1.01436 1.00796 1.0017 1.0001 1.0001 1.0017 1.00796 1.01436 1.00253 1.00012 0.999954 0.999991 0.999991 0.999954 1.00012 
1.00009 0.999996 1 1 1 1 0.999996 1.00009 1 0.999905 1 1 1 1 0.999905 1 1.00036 1.00011 1.00018 1.00013 1.00013 1.00018 1.00011 1.00036 1.00101 1.00001 1.00004 0.999991 0.999991 1.00004 1.00001 1.00101 1.00337 1.00533 1.00563 1.00401 1.00401 1.00592 1.00568 1.00357 1.00061 1.00022 0.999987 0.999955 0.999955 0.999987 1.00022 1.00061 1.00015 0.999959 0.999993 1 1 0.999993 0.999959 
0 0 0 0 1 1 0.999996 1.00009 1 0.999905 1 1 1 1 0.999905 1 1.00036 1.00011 1.00018 1.00013 1.00012 1.00017 1.0001 1.00034 1.00098 1.00001 1.00003 0.99999 0.999991 1.00004 1.00001 1.00101 1.00357 1.00568 1.00592 1.00401 1.00389 1.00563 1.00533 1.00337 1.00059 1.0002 0.999983 0.999956 0.999955 0.999987 1.00022 1.00061 1.00015 0.999959 0.999993 1 0 0 0 
0 0 0 0 1 1 0.999996 1.00005 1.00008 0.999861 0.999985 1 1 0.999985 0.99986 1.00009 1.00586 1.0041 1.00377 1.00336 1.0033 1.0037 1.00402 1.00576 1.02327 1.00399 1.00183 1.00061 1.00063 1.00189 1.00405 1.02374 1.07937 1.11497 1.11737 1.09476 1.09345 1.11464 1.11168 1.07735 1.01416 1.00781 1.00167 1.0001 1.0001 1.0017 1.00796 1.01436 1.00253 1.00012 0.999954 0.999991 0 0 0 
0 0 0 0 0.999996 0.999996 0.999989 1.00009 1.004 1.00026 0.999953 0.999984 0.999984 0.999953 1.00026 1.00411 1.07453 1.05026 1.04479 1.04322 1.0427 1.04422 1.04961 1.07379 1.30002 1.08063 1.04176 1.0209 1.0213 1.04249 1.08104 1.3033 1.76899 2.02538 2.04194 1.95041 1.94159 2.02561 2.00709 1.75686 1.16711 1.10149 1.03527 1.00491 1.00495 1.03557 1.10252 1.16819 1.03917 1.00339 1.00022 0.999952 0 0 0 
