0 0 0 0 1.00009 1.00208 1.03118 1.27872 2.06599 1.36944 1.05227 1.00514 1.00514 1.05227 1.36883 2.06616 2.49952 2.53899 1.91429 1.43162 1.43046 1.91101 2.53992 2.49997 1.30344 1.0827 1.06117 1.13046 1.13248 1.0667 1.08762 1.30321 1.18665 1.68008 2.79146 3.63105 3.63053 2.79136 1.67902 1.18325 1.05109 1.0514 1.01141 1.00084 1.00088 1.01204 1.05314 1.05227 1.018 1.00136 1.00007 1.00008 0 0 0 
0 0 0 0 0.999957 1.00014 1.00305 1.03442 1.13207 1.03546 1.00371 1.00012 1.00012 1.00371 1.03524 1.13144 1.18346 1.17771 1.08414 1.02876 1.02848 1.08348 1.17754 1.18358 1.04335 1.01343 1.01085 1.0175 1.01742 1.01105 1.01357 1.04295 1.019 1.10834 1.39219 1.59985 1.60513 1.39651 1.1099 1.01924 1.00306 1.00405 1.00076 1.00001 1.00001 1.0008 1.00423 1.00316 1.00112 1 0.999987 0.999996 0 0 0 
0 0 0 0 0.999993 0.999957 1.00017 1.00252 1.00871 1.00156 1.00005 0.999929 0.999929 1.00005 1.00153 1.00861 1.01077 1.00928 1.00343 1.00078 1.00076 1.00338 1.00926 1.01081 1.00362 1.00213 1.00196 1.00203 1.00201 1.00195 1.00212 1.00357 1.00159 1.01254 1.05913 1.09184 1.09303 1.06002 1.01278 1.00162 1.00013 1.00009 1.00002 0.999989 0.999988 1.00002 1.0001 1.00014 1.00008 0.999982 1 1 0 0 0 
0 0 0 0 1 0.999993 0.999956 1.00017 1.00017 0.999846 0.999962 0.999997 0.999997 0.999962 0.999843 1.00016 1.00021 0.999979 0.999991 0.99997 0.999968 0.999987 0.999978 1.00021 1.00028 1 1.00009 1.00006 1.00006 1.00008 0.999999 1.00027 1.00007 1.00079 1.00499 1.00809 1.00824 1.0051 1.00081 1.00008 1.00001 0.999877 0.999991 1 1 0.999991 0.999876 1 1.00008 0.999996 1 1 0 0 0 
1.00017 0.999956 0.999993 1 1 0.999993 0.999956 1.00017 1.00017 0.999846 0.999962 0.999997 0.999997 0.999962 0.999846 1.00017 1.00021 0.999978 0.999987 0.999968 0.999968 0.999987 0.999979 1.00021 1.00028 1 1.00009 1.00006 1.00006 1.00009 1 1.00028 1.00008 1.00081 1.0051 1.00824 1.00824 1.0051 1.00081 1.00008 1 0.999876 0.999991 1 1 0.999991 0.999877 1.00001 1.00008 0.999996 1 1 1 1 0.999996 
1.00252 1.00017 0.999957 0.999993 0.999993 0.999957 1.00017 1.00252 1.00871 1.00156 1.00005 0.999929 0.999929 1.00005 1.00156 1.00871 1.01081 1.00926 1.00338 1.00076 1.00076 1.00338 1.00928 1.01077 1.00362 1.00213 1.00196 1.00203 1.00203 1.00196 1.00213 1.00362 1.00162 1.01278 1.06002 1.09303 1.09303 1.06002 1.01278 1.00162 1.00014 1.0001 1.00002 0.999988 0.999989 1.00002 1.00009 1.00013 1.00008 0.999982 1 1 1 1 0.999982 
1.03442 1.00305 1.00014 0.999957 0.999957 1.00014 1.00305 1.03442 1.13207 1.03546 1.00371 1.00012 1.00012 1.00371 1.03546 1.13207 1.18358 1.17754 1.08348 1.02848 1.02848 1.08348 1.17771 1.18346 1.04335 1.01343 1.01085 1.0175 1.0175 1.01085 1.01343 1.04335 1.01924 1.1099 1.39651 1.60513 1.60513 1.39651 1.1099 1.01924 1.00316 1.00423 1.0008 1.00001 1.00001 1.00076 1.00405 1.00306 1.00112 1 0.999987 0.999996 0.999996 0.999987 1 
1.27872 1.03118 1.00208 1.00009 1.00009 1.00208 1.03118 1.27872 2.06599 1.36944 1.05227 1.00514 1.00514 1.05227 1.36944 2.06599 2.49997 2.53992 1.91101 1.43046 1.43046 1.91101 2.53899 2.49952 1.30344 1.0827 1.06117 1.13046 1.13046 1.06117 1.0827 1.30344 1.18325 1.67902 2.79136 3.63053 3.63053 2.79136 1.67902 1.18325 1.05227 1.05314 1.01204 1.00088 1.00084 1.01141 1.0514 1.05109 1.018 1.00136 1.00007 1.00008 1.00008 1.00007 1.00136 
2.60539 1.27884 1.02719 1.00125 1.00125 1.02719 1.27884 2.60539 4.95338 2.7352 1.33355 1.03882 1.03824 1.32937 2.7352 4.95338 6.44018 6.90231 5.28066 3.6897 3.6897 5.28066 6.90217 6.44808 2.76642 2.36073 2.32649 2.38134 2.40114 2.24994 2.35603 2.74707 3.17369 4.90315 6.59327 8.25271 8.25271 6.59327 4.90315 3.17369 1.41059 1.32472 1.06763 1.00733 1.00733 1.06763 1.32473 1.4121 1.12287 1.00574 0.999784 0.999964 0.999964 0.999784 1.00574 
1.35102 1.04691 1.00356 0.999975 0.999975 1.00356 1.04691 1.35102 2.03945 1.34958 1.04301 1.00309 1.00311 1.04297 1.34958 2.03945 2.47285 2.50663 1.91122 1.44023 1.44023 1.91122 2.50741 2.47671 1.26675 1.17586 1.14803 1.20892 1.20243 1.14376 1.15924 1.25029 1.32668 1.82543 2.44669 3.06819 3.06819 2.44669 1.82543 1.32668 1.02634 1.00839 0.997925 0.999657 0.999706 0.998567 1.01018 1.02751 1.00252 0.999331 0.999865 0.999915 0.999915 0.999865 0.999331 
1.03808 1.00383 1.00016 0.999953 0.999953 1.00016 1.00383 1.03808 1.12782 1.0315 1.00238 0.999907 0.999908 1.00238 1.0315 1.12782 1.18711 1.18008 1.08973 1.03165 1.03165 1.08973 1.18019 1.18786 1.02419 1.01482 1.01149 1.01917 1.01882 1.01109 1.01327 1.02296 1.02298 1.08605 1.20555 1.32873 1.32873 1.20555 1.08605 1.02298 0.99968 0.997789 0.999361 1 1 0.999397 0.997918 0.999743 0.999826 1.00002 1.00001 1 1 1.00001 1.00002 
1.00245 1.00014 0.999934 0.999994 0.999994 0.999934 1.00014 1.00245 1.00802 1.00114 0.999906 0.999957 0.999957 0.999906 1.00114 1.00802 1.01226 1.01024 1.00429 1.00101 1.00101 1.00429 1.01025 1.01235 1.00245 1.00205 1.00184 1.00212 1.00224 1.00184 1.0021 1.00253 1.00066 1.00408 1.01576 1.02913 1.02913 1.01576 1.00408 1.00066 0.999994 0.999716 1.00001 1.00001 1.00001 1.00001 0.999728 0.999999 1.00015 1.00001 1 1 1 1 1.00001 
1.00245 1.00013 0.999934 0.999994 0.999994 0.999934 1.00014 1.00245 1.00802 1.00114 0.999906 0.999957 0.999957 0.999906 1.00114 1.00806 1.01235 1.01025 1.00422 1.00099 1.00101 1.00429 1.01024 1.01226 1.00253 1.0021 1.00184 1.00224 1.00224 1.00184 1.0021 1.00253 1.00066 1.00408 1.01565 1.02886 1.02886 1.01565 1.00408 1.00066 0.999999 0.999728 1.00001 1.00001 1.00001 1.00001 0.999716 0.999994 1.00015 1.00001 1 1 1 1 1.00001 
1.03808 1.00382 1.00015 0.999953 0.999953 1.00016 1.00383 1.03808 1.12782 1.0315 1.00238 0.999908 0.999907 1.00238 1.03157 1.12812 1.18786 1.18019 1.08909 1.0314 1.03165 1.08973 1.18008 1.18711 1.02296 1.01327 1.01109 1.01882 1.01882 1.01109 1.01327 1.02296 1.02307 1.08634 1.20477 1.32683 1.32683 1.20477 1.08634 1.02298 0.999743 0.997918 0.999397 1 1 0.999361 0.997789 0.99968 0.999826 1.00002 1.00001 1 1 1.00001 1.00002 
1.3509 1.04671 1.00353 0.999971 0.999975 1.00356 1.04691 1.35102 2.03945 1.34958 1.04297 1.00311 1.00309 1.04301 1.35037 2.04172 2.47671 2.50741 1.90798 1.43906 1.44023 1.91122 2.50663 2.47285 1.25029 1.15924 1.14376 1.20243 1.20243 1.14376 1.15924 1.25029 1.32893 1.82842 2.44224 3.05709 3.05709 2.44224 1.82842 1.32668 1.02751 1.01018 0.998567 0.999706 0.999657 0.997925 1.00839 1.02634 1.00252 0.999331 0.999865 0.999915 0.999915 0.999868 0.999334 
2.62668 1.28281 1.0276 1.00128 1.00125 1.02719 1.27884 2.60539 4.95338 2.7352 1.32937 1.03824 1.03882 1.33355 2.73461 4.95833 6.44808 6.90217 5.28062 3.68967 3.6897 5.28066 6.90231 6.44018 2.74707 2.35603 2.24994 2.40114 2.40114 2.24994 2.35603 2.74707 3.21878 4.9409 6.6132 8.25848 8.25848 6.6132 4.9409 3.17369 1.4121 1.32473 1.06763 1.00733 1.00733 1.06763 1.32472 1.41059 1.12287 1.00574 0.999784 0.999964 0.999963 0.999784 1.00585 
8.15353 3.00906 1.33668 1.03137 1.03113 1.3359 3.00906 8.15353 14.311 8.35221 3.09735 1.44519 1.4445 3.09799 8.40602 14.5031 16.8408 18.5841 16.0905 13.1712 13.0626 15.974 18.5915 16.9199 8.99279 8.84942 8.66774 8.62002 8.62002 8.66774 9.01534 9.10168 8.8728 11.7625 13.7752 15.9778 15.9778 13.7752 11.7625 8.8728 4.26152 3.38466 2.01292 1.2809 1.2809 2.01292 3.38466 4.26152 3.06621 1.54549 1.05654 1.00335 1.00335 1.05654 1.54549 
9.32158 3.41384 1.42374 1.04091 1.04051 1.42168 3.41384 9.32158 15.6676 9.58291 3.46186 1.53449 1.53273 3.45593 9.59331 15.6569 15.9117 17.0021 11.7865 6.97357 6.99211 11.8078 17.0074 16.0216 6.14838 5.51423 5.35694 4.69668 4.69668 5.35694 5.49607 6.07486 8.68505 12.6408 15.825 18.4878 18.4878 15.825 12.6408 8.68505 2.99541 2.21294 1.35932 1.05624 1.05624 1.35932 2.21294 2.99541 1.75439 1.18238 1.01171 1.00027 1.00027 1.01171 1.18238 
7.43034 2.69864 1.27462 1.02445 1.02419 1.27321 2.69864 7.43034 12.9976 7.70771 2.76349 1.33975 1.33879 2.76 7.70842 12.9757 12.9034 13.3971 8.0849 3.81536 3.82827 8.10564 13.3874 12.993 3.45969 2.87219 2.73997 2.24356 2.24356 2.73997 2.85345 3.41408 6.32634 10.021 12.9033 15.3464 15.3464 12.9033 10.021 6.32634 1.91207 1.40005 1.07977 1.00693 1.00693 1.07977 1.40005 1.91207 1.17346 1.02279 1.00099 0.999936 0.999936 1.00099 1.02279 
4.99536 1.8332 1.09861 1.00552 1.00545 1.09811 1.8332 4.99536 9.79752 5.4628 1.94947 1.12724 1.12691 1.94822 5.49028 9.83848 9.77395 9.77516 5.37606 2.19732 2.20162 5.3859 9.78965 9.86604 2.04886 1.7246 1.69543 1.47208 1.47208 1.69543 1.72061 2.03482 3.58872 6.83429 9.90796 12.4979 12.4979 9.90796 6.83429 3.58872 1.25839 1.0751 1.00877 1.00034 1.00034 1.00877 1.0751 1.25839 1.02519 1.00173 0.999983 0.999981 0.999981 0.999983 1.00173 
4.99735 1.83124 1.09811 1.00545 1.00552 1.09861 1.8332 4.99536 9.83848 5.49028 1.94822 1.12691 1.12691 1.94822 5.49028 9.83848 9.86604 9.78965 5.37606 2.19732 2.19732 5.37606 9.77516 9.77395 2.03482 1.72061 1.69432 1.47211 1.47208 1.69543 1.7246 2.04886 3.58872 6.83429 9.90796 12.4979 12.6473 9.98337 6.75067 3.40127 1.25887 1.0751 1.00876 1.00034 1.00034 1.00877 1.0751 1.25839 1.02519 1.00173 0.999983 0.999981 0.999981 0.999986 1.00179 
7.43899 2.69382 1.27321 1.02419 1.02445 1.27462 2.69864 7.43034 12.9757 7.70842 2.76 1.33879 1.33879 2.76 7.70842 12.9757 12.993 13.3874 8.0849 3.81536 3.81536 8.0849 13.3971 12.9034 3.41408 2.85345 2.73525 2.24341 2.24356 2.73997 2.87219 3.45969 6.32634 10.021 12.9033 15.3464 15.7297 13.1513 9.99929 5.94779 1.91449 1.40009 1.07975 1.00693 1.00693 1.07977 1.40005 1.91207 1.17346 1.02279 1.00099 0.999936 0.999937 1.00102 1.02333 
9.33665 3.40656 1.42168 1.04051 1.04091 1.42374 3.41384 9.32158 15.6569 9.59331 3.45593 1.53273 1.53273 3.45593 9.59331 15.6569 16.0216 17.0074 11.7865 6.97357 6.97357 11.7865 17.0021 15.9117 6.07486 5.49607 5.34924 4.69527 4.69668 5.35694 5.51423 6.14838 8.68505 12.6408 15.825 18.4878 18.9741 16.1246 12.621 8.16212 2.99984 2.21333 1.35935 1.05626 1.05624 1.35932 2.21294 2.99541 1.75439 1.18238 1.01171 1.00027 1.00026 1.01169 1.18161 
8.19852 3.01085 1.3359 1.03113 1.03137 1.33668 3.00906 8.15353 14.5031 8.40602 3.09799 1.4445 1.4445 3.09799 8.40602 14.5031 16.9199 18.5915 16.0905 13.1712 13.1712 16.0905 18.5841 16.8408 9.10168 9.01534 8.84511 8.76096 8.62002 8.66774 8.84942 8.99279 8.8728 11.7625 13.7752 15.9778 16.7347 14.4591 12.0745 8.93725 4.26338 3.38481 2.01291 1.2809 1.2809 2.01292 3.38466 4.26152 3.06621 1.54549 1.05654 1.00335 1.00338 1.05728 1.55192 
10.814 3.8255 1.4871 1.04492 1.04492 1.4871 3.8255 10.814 19.8105 10.39 3.93018 1.73506 1.74142 3.94396 10.4199 19.8299 27.04 29.2083 29.078 28.6713 28.5613 28.9873 29.1352 26.9804 22.1921 22.5084 22.7257 22.8378 22.8378 22.7257 22.5084 22.1921 22.2937 25.3379 27.7783 28.5666 28.5666 27.7783 25.3379 22.2937 17.1268 14.8866 9.12322 4.53296 4.52312 9.067 14.8636 17.0803 10.9568 3.88101 1.48969 1.04299 1.04278 1.48794 3.86665 
11.4564 3.99294 1.51647 1.04931 1.04931 1.51647 3.99294 11.4564 21.5385 10.9126 4.07582 1.7763 1.78245 4.08647 10.9244 21.5188 30.4711 32.6215 32.8983 32.8554 32.8642 32.9084 32.6371 30.488 27.0358 26.5955 26.9775 27.6697 27.6697 26.9775 26.5955 27.0358 28.3051 31.426 32.8081 33.3681 33.3681 32.8081 31.426 28.3051 20.114 17.463 10.7829 5.33779 5.33289 10.7735 17.4885 20.1349 12.5848 4.35155 1.58887 1.05263 1.05254 1.58853 4.3482 
11.7461 4.06081 1.52656 1.05028 1.05028 1.52656 4.06081 11.7461 22.3042 11.1386 4.12219 1.77952 1.78559 4.13233 11.1488 22.295 31.9455 33.8666 34.3999 34.4907 34.4911 34.4028 33.8737 31.9522 30.2379 29.7518 30.1607 30.9725 30.9725 30.1607 29.7518 30.2379 30.766 33.4493 34.4118 34.6489 34.6489 34.4118 33.4493 30.766 21.831 18.9517 11.6651 5.71804 5.71067 11.6478 18.9766 21.8488 13.7033 4.69905 1.65592 1.05913 1.05904 1.65562 4.69537 
11.8134 4.04883 1.52262 1.04814 1.04814 1.52262 4.04883 11.8134 22.5564 11.1824 4.07558 1.73468 1.7388 4.08146 11.1842 22.5511 32.4076 34.1034 34.725 34.8417 34.842 34.7262 34.1061 32.4099 32.0976 32.0544 32.4049 33.0219 33.0219 32.4049 32.0544 32.0976 31.4365 33.8584 34.7124 34.8872 34.8872 34.7124 33.8584 31.4365 22.5089 19.5217 11.8724 5.70695 5.69996 11.8577 19.5411 22.5187 14.1755 4.80597 1.67559 1.0608 1.06074 1.67539 4.80238 
11.8045 4.05179 1.5239 1.04845 1.04814 1.52262 4.04883 11.8134 22.5511 11.1842 4.08146 1.7388 1.7388 4.08146 11.1842 22.5511 32.4076 34.1034 34.725 34.8417 34.8417 34.725 34.1034 32.4076 32.1013 32.0546 32.4025 33.0259 33.0219 32.4049 32.0544 32.0976 31.4365 33.8584 34.714 34.8872 34.8876 34.7134 33.8463 31.4443 22.4305 19.5245 11.8701 5.71394 5.70695 11.8724 19.5217 22.5089 14.1755 4.80597 1.67559 1.0608 1.0608 1.67559 4.80597 
11.7262 4.0628 1.52804 1.05073 1.05028 1.52656 4.06081 11.7461 22.295 11.1488 4.13233 1.78559 1.78559 4.13233 11.1488 22.295 31.9455 33.8666 34.3999 34.4907 34.4907 34.3999 33.8666 31.9455 30.2418 29.7515 30.1539 30.9802 30.9725 30.1607 29.7518 30.2379 30.766 33.4493 34.4169 34.6489 34.6487 34.4146 33.4443 30.752 21.7449 18.9446 11.6636 5.73083 5.71804 11.6651 18.9517 21.831 13.7033 4.69905 1.65592 1.05913 1.05913 1.65592 4.69905 
11.432 3.99396 1.51785 1.04975 1.04931 1.51647 3.99294 11.4564 21.5188 10.9244 4.08647 1.78245 1.78245 4.08647 10.9244 21.5188 30.4711 32.6215 32.8983 32.8554 32.8554 32.8983 32.6215 30.4711 27.0314 26.5947 26.9688 27.6772 27.6697 26.9775 26.5955 27.0358 28.3051 31.426 32.8099 33.3681 33.3434 32.7885 31.3873 28.2308 20.0271 17.4412 10.7787 5.34842 5.33779 10.7829 17.463 20.114 12.5848 4.35155 1.58887 1.05263 1.05263 1.58887 4.35155 
10.7986 3.82647 1.48818 1.04526 1.04492 1.4871 3.8255 10.814 19.8299 10.4199 3.94396 1.74142 1.74142 3.94396 10.4199 19.8299 27.04 29.2083 29.078 28.6713 28.6713 29.078 29.2083 27.04 22.367 22.7086 22.9343 23.0228 22.8378 22.7257 22.5084 22.1921 22.2937 25.3379 28.0063 28.5666 28.7573 28.0058 25.8439 22.8348 17.1223 14.9209 9.12498 4.5515 4.53296 9.12322 14.8866 17.1268 10.9568 3.88101 1.48969 1.04299 1.04299 1.48969 3.88101 
10.2783 3.62987 1.46749 1.04073 1.04073 1.46746 3.63961 10.3144 19.3598 10.015 3.82472 1.74678 1.74678 3.82472 10.015 19.3598 30.3436 32.4074 33.1081 33.1615 33.1615 33.1081 32.4074 30.3436 31.9441 33.6094 33.9585 33.7725 33.7725 33.9585 33.6094 31.9441 27.525 31.6213 33.167 33.7058 33.7437 33.2067 31.6527 27.5431 18.5802 15.3672 8.96111 4.52804 4.52816 8.96197 15.3764 18.5129 11.6304 3.9801 1.52466 1.05101 1.05149 1.52773 3.99625 
11.3102 4.01455 1.56162 1.0525 1.0525 1.56162 4.03559 11.3853 20.708 11.0117 4.21094 1.89453 1.89453 4.21094 11.0117 20.708 31.7814 33.613 34.3416 34.4739 34.4739 34.3416 33.613 31.7814 32.9731 34.1559 34.4314 34.432 34.432 34.4314 34.1559 32.9731 29.885 33.0229 34.2348 34.5732 34.5672 34.2236 32.9969 29.8674 21.5338 18.0438 10.7878 5.43399 5.43243 10.7819 18.039 21.4361 13.3626 4.51113 1.64198 1.06621 1.0668 1.64477 4.52025 
11.6984 4.14215 1.58502 1.05472 1.05472 1.585 4.1623 11.7686 21.1807 11.3046 4.30021 1.91787 1.91787 4.30021 11.3046 21.1807 32.2189 33.9757 34.7142 34.8667 34.8667 34.7142 33.9757 32.2189 33.5231 34.4416 34.6712 34.7428 34.7428 34.6712 34.4416 33.5231 30.8801 33.6657 34.6214 34.8534 34.8517 34.6157 33.6505 30.865 22.8775 19.1486 11.3808 5.70746 5.70707 11.3776 19.1475 22.7819 14.3451 4.85337 1.70919 1.07377 1.07441 1.71217 4.86317 
11.6642 4.07051 1.5487 1.04851 1.04851 1.54866 4.08181 11.7059 21.343 11.1736 4.16748 1.82501 1.82501 4.16748 11.1736 21.343 32.4295 34.0889 34.798 34.9395 34.9395 34.798 34.0889 32.4295 33.7333 34.6007 34.8143 34.8853 34.8853 34.8143 34.6007 33.7333 31.1828 33.8723 34.7372 34.9244 34.9236 34.7344 33.8639 31.1744 23.3452 19.5747 11.4887 5.62396 5.62373 11.4873 19.5759 23.2656 14.8103 4.97372 1.72126 1.07189 1.0723 1.72322 4.97984 
11.7059 4.08181 1.54866 1.04851 1.04851 1.54866 4.08181 11.7059 21.3535 11.1384 4.15025 1.81853 1.82501 4.16748 11.1736 21.343 32.5537 34.0919 34.798 34.9395 34.9405 34.8011 34.0919 32.5537 33.7418 34.6 34.8134 34.8849 34.8853 34.8143 34.6007 33.7333 31.1744 33.8639 34.7344 34.9236 34.9236 34.7344 33.8639 31.1744 23.2656 19.5759 11.4873 5.62373 5.62396 11.4887 19.5747 23.3452 14.8103 4.97372 1.72126 1.07189 1.07189 1.72126 4.97372 
11.7686 4.1623 1.585 1.05472 1.05472 1.585 4.1623 11.7686 21.1973 11.2461 4.27043 1.90679 1.91787 4.30021 11.3046 21.1807 32.3731 33.9882 34.7142 34.8667 34.8681 34.7169 33.9882 32.3731 33.5413 34.441 34.67 34.7422 34.7428 34.6712 34.4416 33.5231 30.865 33.6505 34.6157 34.8517 34.8517 34.6157 33.6505 30.865 22.7819 19.1475 11.3776 5.70707 5.70746 11.3808 19.1486 22.8775 14.3451 4.85337 1.70919 1.07377 1.07377 1.70919 4.85337 
11.3853 4.03559 1.56162 1.0525 1.0525 1.56162 4.03559 11.3853 20.7218 10.9537 4.18119 1.88354 1.89453 4.21094 11.0117 20.708 31.9308 33.6164 34.3416 34.4739 34.4732 34.3299 33.6164 31.9308 32.9918 34.154 34.43 34.4307 34.432 34.4314 34.1559 32.9731 29.8674 32.9969 34.2236 34.5672 34.5672 34.2236 32.9969 29.8674 21.4361 18.039 10.7819 5.43243 5.43399 10.7878 18.0438 21.5338 13.3626 4.51113 1.64198 1.06621 1.06621 1.64198 4.51113 
10.3144 3.63961 1.46746 1.04073 1.04073 1.46746 3.63961 10.3144 19.3299 9.94989 3.79644 1.73733 1.74678 3.82472 10.015 19.3598 30.4502 32.4178 33.1081 33.1615 33.18 33.1295 32.4178 30.4502 31.9702 33.6425 33.9973 33.8245 33.7725 33.9585 33.6094 31.9441 27.5431 31.6527 33.2067 33.7437 33.7437 33.2067 31.6527 27.5431 18.5129 15.3764 8.96197 4.52816 4.52804 8.96111 15.3672 18.5802 11.6304 3.9801 1.52466 1.05101 1.05101 1.52466 3.9801 
5.6655 1.96948 1.10935 1.0054 1.0054 1.10935 1.96928 5.66396 12.9197 5.41266 1.92329 1.12727 1.12757 1.92396 5.39693 12.9551 28.0151 31.1532 32.6876 33.0457 33.0494 32.692 31.1879 28.1539 30.6039 33.4168 34.0485 33.8267 33.8015 34.0359 33.3914 30.6126 24.3759 30.7749 33.3379 34.0271 34.0183 33.3189 30.7619 24.242 8.04691 4.77813 2.4682 1.45928 1.44924 2.42363 4.66759 7.85005 3.80072 1.53469 1.05514 1.00376 1.0038 1.05596 1.54451 
4.58628 1.62125 1.05224 1.00174 1.00174 1.05224 1.62109 4.58502 11.4019 4.29196 1.55561 1.05159 1.05208 1.55876 4.30831 11.5245 28.1929 31.9131 33.8024 34.2138 34.2084 33.7952 31.895 28.2972 30.597 33.6479 34.352 34.416 34.4156 34.3472 33.6391 30.6503 23.8168 30.8703 33.6805 34.4869 34.4779 33.6605 30.8622 23.6819 6.24097 3.41257 1.82196 1.23037 1.24042 1.85129 3.46681 6.21965 2.63421 1.24914 1.02212 1.00138 1.00136 1.0221 1.25045 
4.25539 1.51951 1.03951 1.00112 1.00112 1.03951 1.51936 4.25409 11.0654 4.0586 1.49169 1.04148 1.04184 1.49432 4.07361 11.1885 28.1819 32.1213 34.2295 34.7064 34.704 34.2261 32.1033 28.2894 30.6012 33.786 34.5598 34.7313 34.7298 34.5546 33.7778 30.6569 23.5877 30.8867 33.7865 34.6091 34.5998 33.7662 30.8795 23.4494 5.4147 2.70289 1.51104 1.17142 1.17996 1.53523 2.74774 5.38126 2.04134 1.12592 1.01311 1.00099 1.00098 1.0132 1.12791 
4.22373 1.50662 1.03799 1.00109 1.00109 1.03799 1.50647 4.22257 11.1133 4.06554 1.49057 1.04148 1.04177 1.49242 4.07322 11.222 28.1882 32.1588 34.3274 34.8116 34.8109 34.3265 32.1386 28.292 30.6453 33.8766 34.6819 34.865 34.864 34.6786 33.8707 30.6806 23.5982 30.9778 33.8931 34.6512 34.6447 33.8814 30.9816 23.4647 5.39139 2.53708 1.4159 1.12452 1.12927 1.43063 2.56625 5.34541 2.00503 1.12631 1.01106 1.00077 1.00076 1.01106 1.12733 
4.22257 1.50647 1.03793 1.00109 1.00109 1.03799 1.50647 4.22257 11.222 4.07322 1.49242 1.04177 1.04177 1.49242 4.07322 11.222 28.1882 32.1588 34.3274 34.8116 34.8116 34.3274 32.1588 28.1882 30.6806 33.8707 34.6786 34.864 34.864 34.6786 33.8707 30.6806 23.4647 30.9816 33.8814 34.6447 34.6512 33.8931 30.9778 23.5982 5.34541 2.56625 1.43063 1.12927 1.12597 1.41981 2.54534 5.34541 2.00503 1.12631 1.01106 1.00077 1.00077 1.01106 1.12631 
4.25409 1.51936 1.03939 1.00111 1.00112 1.03951 1.51936 4.25409 11.1885 4.07361 1.49432 1.04184 1.04184 1.49432 4.07361 11.1885 28.1819 32.1213 34.2295 34.7064 34.7064 34.2295 32.1213 28.1819 30.6569 33.7778 34.5546 34.7298 34.7298 34.5546 33.7778 30.6569 23.4494 30.8795 33.7662 34.5998 34.6091 33.7865 30.8867 23.5877 5.38126 2.74774 1.53523 1.17996 1.17402 1.51763 2.7143 5.38126 2.04134 1.12592 1.01311 1.00099 1.00099 1.01311 1.12592 
4.58502 1.62109 1.05211 1.00173 1.00174 1.05224 1.62109 4.58502 11.5245 4.30831 1.55876 1.05208 1.05208 1.55876 4.30831 11.5245 28.1929 31.9131 33.8024 34.2138 34.2138 33.8024 31.9131 28.1929 30.6503 33.6391 34.3472 34.4156 34.4156 34.3472 33.6391 30.6503 23.6819 30.8622 33.6605 34.4779 34.4869 33.6805 30.8703 23.8168 6.21965 3.46681 1.85129 1.24042 1.23258 1.82601 3.41614 6.21965 2.63421 1.24914 1.02212 1.00138 1.00138 1.02212 1.24914 
5.66396 1.96928 1.10832 1.00533 1.0054 1.10935 1.96928 5.66396 12.9551 5.39693 1.92396 1.12757 1.12757 1.92396 5.39693 12.9551 28.0151 31.1532 32.6876 33.0457 33.0457 32.6876 31.1532 28.0151 30.6126 33.3914 34.0359 33.8015 33.8015 34.0359 33.3914 30.6126 24.242 30.7619 33.3189 34.0183 34.0271 33.3379 30.7749 24.3759 7.85005 4.66759 2.42363 1.44924 1.45538 2.4531 4.74248 7.85005 3.80072 1.53469 1.05514 1.00376 1.00376 1.05514 1.53469 
3.9988 1.4565 1.03292 1.00124 1.00122 1.03264 1.45568 4.00471 10.9701 3.92366 1.47279 1.04005 1.04005 1.47279 3.92366 10.9701 24.2201 26.4742 28.8647 29.2708 29.2708 28.8647 26.4742 24.2201 27.4698 28.7241 27.9677 27.7736 27.626 27.8116 28.6058 27.4594 23.3284 29.2941 32.0456 32.7779 32.7543 32.0119 29.247 23.3679 9.22373 5.28046 2.62651 1.52827 1.57265 2.70605 5.31073 9.45025 4.8237 1.88243 1.1145 1.00981 1.00939 1.11183 1.87182 
4.19875 1.49616 1.03754 1.00143 1.00138 1.03719 1.49583 4.21384 11.5694 4.03653 1.48087 1.03791 1.03791 1.48087 4.03653 11.5694 26.4837 30.2836 32.1305 32.5926 32.5926 32.1305 30.2836 26.4837 27.2943 29.653 29.9217 30.3712 30.3715 29.9317 29.6772 27.3851 22.0956 29.1264 32.7043 33.8679 33.8446 32.6534 29.0565 22.1243 7.1026 3.39632 1.56473 1.07887 1.07337 1.56838 3.41446 7.30442 3.40922 1.44372 1.04047 1.00169 1.00171 1.04078 1.4467 
4.28742 1.51248 1.03887 1.00157 1.00153 1.03852 1.5122 4.30325 11.8381 4.12474 1.49749 1.03967 1.03967 1.49749 4.12474 11.8381 27.2379 31.5886 33.7106 34.2504 34.2504 33.7106 31.5886 27.2379 27.578 30.7565 31.6639 32.3516 32.3523 31.6725 30.7831 27.6749 21.5204 29.1165 32.9683 34.2599 34.2352 32.916 29.0473 21.5577 6.08084 2.58427 1.23634 1.00071 0.994415 1.23934 2.60448 6.2925 2.69724 1.25506 1.01898 1.00041 1.00043 1.01933 1.25791 
4.29031 1.50836 1.03786 1.00143 1.0014 1.03762 1.50832 4.30332 11.8892 4.13059 1.49751 1.04024 1.04024 1.49751 4.13059 11.8892 27.4558 31.755 34.0975 34.6433 34.6433 34.0975 31.755 27.4558 28.2693 31.998 33.1027 33.6887 33.6896 33.1063 32.0143 28.3335 21.4741 29.3535 33.1793 34.3901 34.3764 33.147 29.3122 21.4925 5.85785 2.41053 1.18969 0.999963 0.995261 1.1898 2.4228 6.01653 2.48238 1.19873 1.01309 1.00021 1.00022 1.01328 1.20039 
4.30332 1.50832 1.03762 1.0014 1.0014 1.03762 1.50836 4.29031 11.7955 4.12002 1.49311 1.03975 1.04024 1.49751 4.13059 11.8892 27.4558 31.755 34.0975 34.6433 34.6474 34.1009 31.7292 27.5348 28.3335 32.0143 33.1063 33.6896 33.6887 33.1027 31.998 28.2693 21.4925 29.3122 33.147 34.3764 34.3764 33.147 29.3122 21.4925 6.01653 2.4228 1.1903 0.994175 0.998743 1.18956 2.41848 5.96366 2.48974 1.20039 1.01328 1.00022 1.00021 1.01309 1.19873 
4.30325 1.5122 1.03852 1.00153 1.00153 1.03852 1.51248 4.28742 11.7409 4.11077 1.49248 1.03919 1.03967 1.49749 4.12474 11.8381 27.2379 31.5886 33.7106 34.2504 34.2563 33.7182 31.5669 27.2989 27.6749 30.7831 31.6725 32.3523 32.3516 31.6639 30.7565 27.578 21.5577 29.0473 32.916 34.2352 34.2352 32.916 29.0473 21.5577 6.2925 2.60448 1.24054 0.992939 0.99909 1.23705 2.59737 6.20659 2.7104 1.25791 1.01933 1.00043 1.00041 1.01898 1.25506 
4.21384 1.49583 1.03719 1.00138 1.00138 1.03719 1.49616 4.19875 11.478 4.02355 1.47617 1.03747 1.03791 1.48087 4.03653 11.5694 26.4837 30.2836 32.1305 32.5926 32.6052 32.1445 30.2609 26.5447 27.3851 29.6772 29.9317 30.3715 30.3712 29.9217 29.653 27.2943 22.1243 29.0565 32.6534 33.8446 33.8446 32.6534 29.0565 22.1243 7.30442 3.41446 1.57188 1.07246 1.07714 1.56438 3.40359 7.2233 3.42366 1.4467 1.04078 1.00171 1.00169 1.04047 1.44372 
4.00471 1.45568 1.03264 1.00122 1.00122 1.03264 1.4565 3.9988 10.8305 3.89247 1.46528 1.03921 1.04005 1.47279 3.92366 10.9701 24.2201 26.4742 28.8647 29.2708 29.158 28.7485 26.3569 24.2226 27.4594 28.6058 27.8116 27.626 27.7736 27.9677 28.7241 27.4698 23.3679 29.247 32.0119 32.7543 32.7543 32.0119 29.247 23.3679 9.45025 5.31073 2.71952 1.58275 1.54092 2.65101 5.30607 9.35737 4.81299 1.87182 1.11183 1.00939 1.00981 1.1145 1.88243 
1.82226 1.07624 1.00358 1.00008 1.00009 1.00358 1.0759 1.81682 5.10113 1.81858 1.07672 1.00418 1.00386 1.07472 1.80566 5.12703 14.1697 11.7317 11.4365 11.5054 11.5054 11.4365 11.7317 14.1697 22.1754 18.6544 15.1396 13.9999 13.8341 15.1324 18.4424 22.0723 23.9454 27.5443 28.644 29.0603 29.0603 28.644 27.5443 23.9454 14.6099 11.2581 8.47305 5.38388 5.38398 8.47409 11.2659 14.6763 8.73458 4.25822 1.86078 1.18547 1.18897 1.87357 4.29066 
1.37388 1.02575 1.00066 0.999842 0.999844 1.00068 1.026 1.37604 3.48884 1.37809 1.02871 1.00107 1.0007 1.02739 1.37466 3.55062 11.4606 5.94721 4.43153 4.20217 4.20217 4.43153 5.94721 11.4606 22.751 17.0034 11.479 8.75028 8.73513 11.4786 16.9543 22.8167 26.2427 29.6912 30.9748 31.6509 31.6509 30.9748 29.6912 26.2427 18.2309 15.1223 12.2727 8.2008 8.19929 12.2698 15.1221 18.279 11.6477 5.99464 2.38906 1.33244 1.33913 2.41189 6.04732 
1.27563 1.01706 1.00034 0.99994 0.999941 1.00035 1.01727 1.27805 2.99118 1.29041 1.02233 1.00084 1.00047 1.02097 1.28703 3.03978 10.5031 4.08785 1.96658 1.58896 1.58896 1.96658 4.08785 10.5031 22.9319 14.8036 7.89247 4.83957 4.8239 7.89018 14.7387 23.0162 28.5599 31.7562 32.924 33.4588 33.4588 32.924 31.7562 28.5599 20.1417 16.4265 13.0348 8.58373 8.58366 13.0357 16.4262 20.196 13.0174 6.63472 2.54215 1.3604 1.36763 2.56632 6.69313 
1.27725 1.01748 1.0004 0.999928 0.999929 1.00041 1.01761 1.27859 2.95202 1.29418 1.02645 1.00214 1.00192 1.02559 1.29232 2.99897 10.2942 3.85416 1.64526 1.25182 1.25182 1.64526 3.85416 10.2942 23.0706 13.1362 5.75397 3.12981 3.11975 5.75306 13.0841 23.1281 29.85 32.8522 33.8276 34.1978 34.1978 33.8276 32.8522 29.85 21.8101 17.1293 12.521 7.80367 7.80292 12.5199 17.128 21.8575 13.8036 6.27875 2.33849 1.27098 1.27517 2.35266 6.31783 
1.27859 1.01761 1.00041 0.999929 0.999928 1.0004 1.01748 1.27725 2.99897 1.29232 1.02559 1.00192 1.00192 1.02559 1.29232 2.99897 10.2057 3.88349 1.64365 1.25069 1.25182 1.64526 3.85416 10.2942 23.1281 13.0841 5.75306 3.11975 3.11975 5.75306 13.0841 23.1281 29.8862 32.8828 33.852 34.2084 34.1978 33.8276 32.8522 29.85 21.8575 17.128 12.5199 7.80292 7.80367 12.521 17.1293 21.8101 13.8036 6.31783 2.35266 1.27517 1.27098 2.33849 6.27875 
1.27805 1.01727 1.00035 0.999941 0.99994 1.00034 1.01706 1.27563 3.03978 1.28703 1.02097 1.00047 1.00047 1.02097 1.28703 3.03978 10.4548 4.14102 1.96539 1.58837 1.58896 1.96658 4.08785 10.5031 23.0162 14.7387 7.89018 4.8239 4.8239 7.89018 14.7387 23.0162 28.6229 31.8104 32.9702 33.4818 33.4588 32.924 31.7562 28.5599 20.196 16.4262 13.0357 8.58366 8.58373 13.0348 16.4265 20.1417 13.0174 6.69313 2.56632 1.36763 1.3604 2.54215 6.63472 
1.37604 1.026 1.00068 0.999844 0.999842 1.00066 1.02575 1.37388 3.55062 1.37466 1.02739 1.0007 1.0007 1.02739 1.37466 3.55062 11.3484 5.9668 4.42378 4.19666 4.20217 4.43153 5.94721 11.4606 22.8167 16.9543 11.4786 8.73513 8.73513 11.4786 16.9543 22.8167 26.3225 29.7379 31.0315 31.684 31.6509 30.9748 29.6912 26.2427 18.279 15.1221 12.2698 8.19929 8.2008 12.2727 15.1223 18.2309 11.6477 6.04732 2.41189 1.33913 1.33244 2.38906 5.99464 
1.81682 1.0759 1.00358 1.00009 1.00008 1.00358 1.07624 1.82226 5.12703 1.80566 1.07472 1.00386 1.00386 1.07472 1.80566 5.12703 13.5492 11.1998 11.4335 11.5021 11.5054 11.4365 11.7317 14.1697 22.0723 18.4424 15.1324 13.8341 13.8341 15.1324 18.4424 22.0723 23.9323 27.491 28.4829 28.9028 29.0603 28.644 27.5443 23.9454 14.6763 11.2659 8.47409 5.38398 5.38388 8.47305 11.2581 14.6099 8.73458 4.29066 1.87357 1.18897 1.18547 1.86078 4.25822 
1.05352 1.00236 1.00001 0.999996 0.999995 1.00001 1.00232 1.05173 1.63944 1.07627 1.00601 1.00045 1.00043 1.00603 1.07785 1.64362 5.0273 4.03765 3.8146 3.78437 3.75659 3.78671 4.07862 5.07843 8.47155 5.40318 3.93984 3.51518 3.51518 3.93984 5.34555 8.3831 12.6562 15.3843 15.7442 15.5153 15.5153 15.7442 15.3843 12.6562 5.4581 4.21033 2.71425 1.54669 1.55536 2.73916 4.17421 5.4154 2.91621 1.45829 1.07699 1.00811 1.00824 1.07798 1.46527 
1.00505 1.00004 0.999869 0.999905 0.999905 0.99987 1.00004 1.00497 1.08751 1.00762 1.00043 0.999879 0.999876 1.0004 1.00742 1.08395 1.85547 1.51528 1.43563 1.42493 1.42549 1.43664 1.51604 1.8556 3.89902 2.34857 1.53942 1.4082 1.4082 1.53942 2.3486 3.89194 5.50921 6.83899 6.76415 6.29269 6.29269 6.76415 6.83899 5.50921 2.29344 1.88844 1.34889 1.0669 1.0638 1.33678 1.88452 2.29149 1.54163 1.10624 1.01272 1.00087 1.00085 1.01255 1.10537 
1.00024 0.999971 0.999995 1 1 0.999995 0.999971 1.00023 1.00591 1.00017 0.999929 0.999988 0.999988 0.999929 1.00015 1.00553 1.1079 1.04198 1.03066 1.02921 1.02942 1.03091 1.04208 1.10791 1.77842 1.26399 1.0583 1.0371 1.0371 1.0583 1.26438 1.77657 2.20417 2.64982 2.52358 2.26273 2.26273 2.52358 2.64982 2.20417 1.18761 1.12182 1.03171 1.00347 1.00321 1.03032 1.12144 1.18741 1.07312 1.01053 1.00085 0.999934 0.999933 1.00084 1.01046 
1.00005 0.999994 1 1 1 1 0.999994 1.00005 1.00017 0.999841 0.999989 1 1 0.99999 0.999841 1.00014 1.01013 1.00163 1.00077 1.00076 1.00078 1.00079 1.00164 1.01013 1.17116 1.03897 1.0052 1.00289 1.00289 1.0052 1.03903 1.17093 1.26164 1.39331 1.32913 1.227 1.227 1.32913 1.39331 1.26164 1.01589 1.01066 1.00143 0.999951 0.999933 1.00134 1.01064 1.01587 1.006 1.00056 0.999923 0.999976 0.999976 0.999923 1.00056 
1.00005 0.999994 1 1 1 1 0.999994 1.00005 1.00017 0.999841 0.999989 1 1 0.999989 0.999841 1.00017 1.01013 1.00163 1.00079 1.00078 1.00078 1.00078 1.00163 1.01013 1.17093 1.03903 1.00521 1.00289 1.00289 1.0052 1.03897 1.17116 1.26164 1.39331 1.32913 1.227 1.22694 1.32921 1.38356 1.25569 1.01587 1.01064 1.00134 0.999933 0.999951 1.00143 1.01064 1.01587 1.00598 1.00056 0.999923 0.999976 0.999976 0.999923 1.00056 
1.00023 0.999971 0.999995 1 1 0.999995 0.999971 1.00023 1.00591 1.00017 0.999929 0.999988 0.999988 0.999929 1.00017 1.00591 1.1079 1.04198 1.03091 1.02942 1.02941 1.0309 1.04198 1.1079 1.77657 1.26438 1.05834 1.0371 1.0371 1.0583 1.26399 1.77842 2.20417 2.64982 2.52358 2.26273 2.26196 2.52348 2.61543 2.18235 1.18741 1.12144 1.03032 1.00321 1.00347 1.03171 1.12144 1.18741 1.07292 1.01053 1.00084 0.999933 0.999934 1.00085 1.01053 
1.00497 1.00004 0.99987 0.999905 0.999905 0.99987 1.00004 1.00497 1.08751 1.00762 1.00043 0.999879 0.999879 1.00043 1.00762 1.08751 1.85547 1.51528 1.43664 1.42549 1.4253 1.43644 1.51528 1.85547 3.89194 2.3486 1.53633 1.40571 1.4082 1.53942 2.34857 3.89902 5.50921 6.83899 6.76415 6.29269 6.30586 6.78059 6.76148 5.45608 2.29149 1.88452 1.33678 1.0638 1.0669 1.34889 1.88452 2.29149 1.54063 1.10624 1.01255 1.00085 1.00087 1.01272 1.10624 
1.05173 1.00232 1.00001 0.999995 0.999995 1.00001 1.00232 1.05173 1.63944 1.07627 1.00601 1.00045 1.00045 1.00601 1.07627 1.63944 5.0273 4.03765 3.78671 3.75659 3.72522 3.7522 4.03765 5.0273 8.3831 5.34555 3.90046 3.47847 3.51518 3.93984 5.40318 8.47155 12.6562 15.3843 15.7442 15.5153 15.4306 15.6651 15.3823 12.669 5.4154 4.17421 2.73916 1.55536 1.54669 2.71425 4.17421 5.4154 2.94306 1.45829 1.07798 1.00824 1.00811 1.07699 1.45829 
1.00404 1.0002 1.00006 1.00009 1.00009 1.00006 1.0002 1.00404 1.07901 1.00886 1.00089 1.00009 1.00009 1.00089 1.00886 1.07901 1.66413 1.45591 1.39712 1.4053 1.4053 1.39712 1.45591 1.66413 2.90275 1.75818 1.49684 1.32258 1.32258 1.49684 1.75818 2.90275 5.25567 6.444 6.54513 6.31169 6.31169 6.54513 6.444 5.25567 2.24103 1.80309 1.39797 1.08735 1.08735 1.39797 1.80309 2.24103 1.35407 1.04349 1.00506 1.00044 1.00044 1.00506 1.04349 
1.00013 0.999989 0.999996 0.999997 0.999997 0.999996 0.999989 1.00013 1.005 1.00036 0.99995 0.999981 0.999981 0.99995 1.00036 1.005 1.08443 1.05752 1.05106 1.04925 1.04925 1.05106 1.05752 1.08443 1.34138 1.09586 1.05106 1.02635 1.02635 1.05106 1.09586 1.34138 1.82142 2.09834 2.11668 2.02648 2.02648 2.11668 2.09834 1.82142 1.18546 1.11195 1.04081 1.00608 1.00608 1.04081 1.11195 1.18546 1.04549 1.00423 1.00031 0.999947 0.999947 1.00031 1.00423 
1.00005 0.999996 1 1 1 1 0.999996 1.00005 1.00013 0.999852 0.999982 0.999999 0.999999 0.999982 0.999852 1.00013 1.00701 1.00487 1.00443 1.00397 1.00397 1.00443 1.00487 1.00701 1.02975 1.00536 1.00261 1.00095 1.00095 1.00261 1.00536 1.02975 1.08966 1.13007 1.13261 1.10836 1.10836 1.13261 1.13007 1.08966 1.01714 1.00942 1.00213 1.00016 1.00016 1.00213 1.00942 1.01714 1.00319 1.00019 0.999948 0.999988 0.999988 0.999948 1.00019 
1.00009 0.999997 1 1 1 1 0.999997 1.00009 0.999997 0.9999 1 1 1 1 0.9999 0.999997 1.00044 1.00017 1.00023 1.00018 1.00018 1.00023 1.00017 1.00044 1.00138 1.00008 1.00006 0.999999 0.999999 1.00006 1.00008 1.00138 1.0043 1.0069 1.00721 1.00496 1.00496 1.00721 1.0069 1.0043 1.00081 1.00031 1 0.999948 0.999948 1 1.00031 1.00081 1.00019 0.999953 0.999991 1 1 0.999991 0.999953 
0 0 0 0 1 1 0.999997 1.00009 0.999997 0.9999 1 1 1 1 0.9999 0.999998 1.00044 1.00017 1.00023 1.00018 1.00017 1.00022 1.00016 1.00043 1.00134 1.00007 1.00006 0.999997 0.999999 1.00006 1.00008 1.00138 1.0043 1.0069 1.00721 1.00496 1.00496 1.0072 1.0069 1.0043 1.00078 1.0003 0.999998 0.999948 0.999948 1 1.00031 1.00081 1.00019 0.999953 0.999991 1 0 0 0 
0 0 0 0 1 1 0.999996 1.00005 1.00013 0.999852 0.999982 0.999999 0.999999 0.999982 0.999851 1.00013 1.00701 1.00487 1.00443 1.00397 1.0039 1.00436 1.00478 1.0069 1.02917 1.00528 1.00254 1.00092 1.00095 1.00261 1.00536 1.02975 1.08966 1.13007 1.13261 1.10836 1.10838 1.13263 1.13009 1.08967 1.01691 1.00925 1.0021 1.00015 1.00016 1.00213 1.00942 1.01714 1.00319 1.00019 0.999948 0.999988 0 0 0 
0 0 0 0 0.999997 0.999996 0.999989 1.00013 1.005 1.00036 0.99995 0.999981 0.999981 0.999949 1.00035 1.00513 1.08443 1.05752 1.05106 1.04925 1.04868 1.05044 1.05681 1.08362 1.33765 1.09535 1.05024 1.02588 1.02635 1.05106 1.09586 1.34138 1.82142 2.09834 2.11668 2.02648 2.02634 2.1165 2.09824 1.82136 1.18435 1.11086 1.04048 1.00603 1.00608 1.04081 1.11195 1.18546 1.04549 1.00423 1.00031 0.999947 0 0 0 
