0 0 0 0 1.00013 1.00286 1.03813 1.31196 2.1172 1.40633 1.06249 1.00682 1.00681 1.06234 1.40629 2.11706 2.58849 2.65284 2.02612 1.51018 1.50768 2.02091 2.65381 2.58866 1.35444 1.10203 1.07431 1.1547 1.15659 1.08014 1.10715 1.35408 1.22411 1.75275 2.90289 3.76409 3.76298 2.90257 1.75099 1.21962 1.05983 1.05798 1.01362 1.00105 1.00111 1.01431 1.05979 1.06118 1.02351 1.00196 1.0001 1.00007 0 0 0 
0 0 0 0 0.999949 1.00024 1.00416 1.04202 1.14666 1.0421 1.00495 1.00026 1.00026 1.00492 1.0421 1.14666 1.20907 1.20635 1.10329 1.03758 1.03728 1.10262 1.20603 1.20906 1.05246 1.01443 1.01061 1.02003 1.01995 1.01085 1.0146 1.05198 1.02439 1.12964 1.4488 1.67909 1.68473 1.45358 1.13139 1.02467 1.00395 1.005 1.001 1.00002 1.00003 1.00105 1.0052 1.00407 1.00157 1.00004 0.999984 0.999995 0 0 0 
0 0 0 0 0.99999 0.999949 1.00028 1.00334 1.01052 1.00211 1.00013 0.999911 0.999911 1.00012 1.00211 1.01052 1.0134 1.012 1.0048 1.0012 1.00117 1.00473 1.01198 1.01343 1.00459 1.00234 1.00204 1.00234 1.00232 1.00204 1.00233 1.00452 1.00221 1.01648 1.07359 1.11305 1.11443 1.07466 1.01677 1.00225 1.00017 1.00014 1.00003 0.999986 0.999986 1.00004 1.00016 1.00018 1.00012 0.999976 1 1 0 0 0 
0 0 0 0 1 0.99999 0.999949 1.00024 1.00025 0.999849 0.999951 0.999994 0.999994 0.999951 0.999849 1.00025 1.0003 1.00005 1.00001 0.999965 0.999962 1.00001 1.00005 1.0003 1.00037 1.00005 1.00013 1.0001 1.0001 1.00012 1.00004 1.00036 1.00012 1.00119 1.00694 1.0112 1.01139 1.00708 1.00122 1.00012 1 0.999872 0.999988 0.999999 0.999999 0.999987 0.999871 0.999999 1.00008 0.999995 1 1 0 0 0 
1.00024 0.999949 0.99999 1 1 0.99999 0.999949 1.00024 1.00025 0.999849 0.999951 0.999994 0.999994 0.999951 0.999849 1.00025 1.0003 1.00005 1.00001 0.999965 0.999965 1.00001 1.00005 1.0003 1.00037 1.00005 1.00013 1.0001 1.0001 1.00013 1.00005 1.00037 1.00012 1.00122 1.00708 1.01139 1.01139 1.00708 1.00122 1.00012 0.999999 0.999871 0.999987 0.999999 0.999999 0.999988 0.999872 1 1.00008 0.999995 1 1 1 1 0.999995 
1.00334 1.00028 0.999949 0.99999 0.99999 0.999949 1.00028 1.00334 1.01052 1.00211 1.00012 0.999911 0.999911 1.00012 1.00211 1.01052 1.0134 1.012 1.0048 1.0012 1.0012 1.0048 1.012 1.0134 1.00459 1.00234 1.00204 1.00234 1.00234 1.00204 1.00234 1.00459 1.00225 1.01677 1.07466 1.11443 1.11443 1.07466 1.01677 1.00225 1.00018 1.00016 1.00004 0.999986 0.999986 1.00003 1.00014 1.00017 1.00012 0.999976 1 1 1 1 0.999976 
1.04202 1.00416 1.00024 0.999949 0.999949 1.00024 1.00416 1.04202 1.14666 1.0421 1.00492 1.00026 1.00026 1.00492 1.0421 1.14666 1.20907 1.20635 1.10329 1.03758 1.03758 1.10329 1.20635 1.20907 1.05246 1.01443 1.01061 1.02003 1.02003 1.01061 1.01443 1.05246 1.02467 1.13139 1.45358 1.68473 1.68473 1.45358 1.13139 1.02467 1.00407 1.0052 1.00105 1.00003 1.00002 1.001 1.005 1.00395 1.00157 1.00004 0.999984 0.999995 0.999995 0.999984 1.00004 
1.31196 1.03813 1.00286 1.00013 1.00013 1.00286 1.03813 1.31196 2.11706 1.40629 1.06234 1.00681 1.00681 1.06234 1.40629 2.11706 2.58849 2.65284 2.02612 1.51018 1.51018 2.02612 2.65284 2.58849 1.35444 1.10203 1.07431 1.1547 1.1547 1.07431 1.10203 1.35444 1.21962 1.75099 2.90257 3.76298 3.76298 2.90257 1.75099 1.21962 1.06118 1.05979 1.01431 1.00111 1.00105 1.01362 1.05798 1.05983 1.02351 1.00196 1.0001 1.00007 1.00007 1.0001 1.00196 
2.66605 1.31146 1.03337 1.00179 1.00179 1.03337 1.31146 2.66605 5.09362 2.84253 1.35312 1.04468 1.04534 1.35765 2.86421 5.14175 6.64751 7.20432 5.84933 4.20427 4.20427 5.84933 7.20432 6.64751 3.01679 2.5783 2.44079 2.58811 2.53912 2.36508 2.50704 2.95388 3.48053 5.16764 6.66533 8.12662 8.12662 6.66533 5.16764 3.48053 1.46536 1.33721 1.07988 1.01045 1.01045 1.07988 1.33721 1.46722 1.13908 1.00778 0.999756 0.999937 0.999937 0.999756 1.00778 
1.39713 1.05787 1.00483 1.00005 1.00005 1.00483 1.05787 1.39713 2.10225 1.38712 1.05131 1.00427 1.00424 1.05133 1.38758 2.10457 2.55023 2.60728 2.0295 1.52346 1.52346 2.0295 2.60728 2.55023 1.30687 1.19359 1.17007 1.23643 1.2348 1.16544 1.18951 1.30228 1.40585 1.92891 2.50162 3.091 3.091 2.50162 1.92891 1.40585 1.03681 1.01697 0.999091 0.999665 0.999723 0.999792 1.01883 1.03817 1.00386 0.999226 0.999829 0.999912 0.999912 0.999829 0.999226 
1.0469 1.00525 1.00029 0.99994 0.99994 1.00029 1.00525 1.0469 1.14408 1.03756 1.00317 0.999949 0.999947 1.00317 1.03762 1.14464 1.21253 1.20717 1.11238 1.04185 1.04185 1.11238 1.20717 1.21253 1.02778 1.01458 1.01168 1.02166 1.0216 1.01123 1.0142 1.02744 1.03198 1.10667 1.22837 1.3545 1.3545 1.22837 1.10667 1.03198 1.00009 0.998053 0.999283 0.999997 1 0.999328 0.998204 1.00017 0.999742 1.00001 1.00001 1 1 1.00001 1.00001 
1.0034 1.00025 0.999919 0.99999 0.99999 0.999919 1.00025 1.0034 1.01001 1.0016 0.999915 0.999941 0.999941 0.999915 1.00161 1.01007 1.01556 1.01313 1.00622 1.0016 1.0016 1.00622 1.01313 1.01556 1.00296 1.00227 1.00195 1.00257 1.00259 1.00194 1.00227 1.00297 1.00112 1.00582 1.01942 1.03451 1.03451 1.01942 1.00582 1.00112 0.999988 0.999693 0.999998 1.00001 1.00001 1 0.999707 0.999994 1.00016 1.00001 1 1 1 1 1.00001 
1.00341 1.00024 0.999919 0.99999 0.99999 0.999919 1.00025 1.0034 1.01007 1.00161 0.999915 0.999941 0.999941 0.999915 1.00161 1.01007 1.01545 1.01311 1.00622 1.0016 1.0016 1.00622 1.01311 1.01545 1.00297 1.00227 1.00194 1.00259 1.00259 1.00194 1.00227 1.00297 1.00114 1.00586 1.01928 1.03418 1.03418 1.01928 1.00583 1.00114 0.999988 0.999693 0.999998 1.00001 1.00001 0.999998 0.999693 0.999988 1.00016 1.00001 1 1 1 1 1.00001 
1.0469 1.00523 1.00028 0.99994 0.99994 1.00029 1.00525 1.0469 1.14464 1.03762 1.00317 0.999947 0.999947 1.00317 1.03762 1.14464 1.21158 1.20686 1.11238 1.04185 1.0419 1.11256 1.20686 1.21158 1.02744 1.0142 1.01123 1.0216 1.0216 1.01123 1.0142 1.02744 1.03234 1.10741 1.22739 1.35227 1.35227 1.22739 1.1079 1.03254 1.00009 0.998058 0.999285 0.999997 0.999997 0.999283 0.998053 1.00009 0.999742 1.00001 1.00001 1 1 1.00001 1.00001 
1.39693 1.05763 1.00479 1.00004 1.00005 1.00483 1.05787 1.39713 2.10457 1.38758 1.05133 1.00424 1.00424 1.05133 1.38758 2.10457 2.5428 2.60288 2.0295 1.52346 1.52383 2.02947 2.60288 2.5428 1.30228 1.18951 1.16544 1.2348 1.2348 1.16544 1.18951 1.30228 1.41023 1.93249 2.49654 3.07829 3.07829 2.49654 1.93608 1.41469 1.0371 1.01733 0.999238 0.999689 0.999665 0.999091 1.01697 1.03681 1.00386 0.999226 0.999829 0.999912 0.999912 0.999832 0.999229 
2.68739 1.31578 1.03384 1.00183 1.00179 1.03337 1.31146 2.66605 5.14175 2.86421 1.35765 1.04534 1.04534 1.35765 2.86421 5.14175 6.69171 7.26895 5.84933 4.20427 4.2481 5.90437 7.26895 6.69171 2.95388 2.50704 2.36508 2.53912 2.53912 2.36508 2.50704 2.95388 3.53909 5.20865 6.68503 8.12744 8.12744 6.68503 5.27526 3.6278 1.46953 1.33932 1.07971 1.01059 1.01045 1.07988 1.33721 1.46536 1.13908 1.00778 0.999756 0.999937 0.999936 0.999752 1.00793 
8.13683 3.08463 1.3697 1.03761 1.03761 1.3697 3.08463 8.13683 14.0525 8.26934 3.16624 1.50332 1.50332 3.16624 8.26934 14.0525 16.697 18.4167 15.9154 13.2383 13.2383 15.9154 18.4167 16.697 9.08726 8.92174 8.7015 8.67057 8.81029 8.87893 8.92174 9.08726 9.1199 11.708 13.3531 15.0915 15.0915 13.3531 11.6102 9.04436 4.3797 3.34532 2.01299 1.30937 1.30942 2.01351 3.47662 4.51716 3.11317 1.6149 1.07155 1.00475 1.00471 1.07067 1.6149 
9.26385 3.49902 1.46178 1.04912 1.04912 1.46178 3.49902 9.26385 15.2544 9.53111 3.57517 1.60739 1.60739 3.57517 9.53111 15.2544 15.6135 16.6386 11.8398 7.30015 7.30015 11.8398 16.6386 15.6135 6.78333 5.98835 5.76057 5.03446 5.03337 5.75204 5.98835 6.78333 9.01515 12.5266 15.1766 17.3294 17.3294 15.1766 12.5354 9.06165 3.35294 2.34208 1.41806 1.07331 1.07243 1.41211 2.3151 3.29733 1.84593 1.22674 1.01629 1.00049 1.0005 1.01632 1.22674 
7.42403 2.76703 1.3004 1.02922 1.02922 1.3004 2.76703 7.42403 12.7313 7.71563 2.85949 1.38845 1.38845 2.85949 7.71563 12.7313 12.6056 13.054 8.1236 4.0054 4.0054 8.1236 13.054 12.6056 3.89505 3.24237 3.08703 2.47479 2.47454 3.08093 3.24237 3.89505 6.63575 10.0355 12.5434 14.6002 14.6002 12.5434 10.0493 6.68655 2.16058 1.49238 1.10763 1.01061 1.01044 1.10587 1.47333 2.11717 1.21633 1.03187 1.00169 0.999944 0.999944 1.00165 1.03187 
5.14036 1.92117 1.1183 1.00748 1.00748 1.1183 1.92117 5.14036 9.98702 5.72171 2.05339 1.15675 1.15675 2.05339 5.72171 9.98702 9.79765 9.77207 5.54423 2.34938 2.34938 5.54423 9.77207 9.79765 2.278 1.8913 1.84917 1.55815 1.55816 1.84755 1.8913 2.278 3.91324 7.03217 9.86839 12.2915 12.2915 9.86839 7.02916 3.93715 1.34867 1.1008 1.01317 1.00065 1.00063 1.01291 1.09781 1.33767 1.03439 1.00281 1.00004 0.99997 0.999971 1.00003 1.00281 
5.14288 1.91908 1.11774 1.00741 1.00748 1.1183 1.92117 5.14036 9.98521 5.72267 2.05207 1.15625 1.15675 2.05339 5.72171 9.98702 9.85158 9.77838 5.54423 2.34938 2.34049 5.52483 9.77207 9.79765 2.26249 1.88682 1.84755 1.55816 1.55815 1.84917 1.8913 2.278 3.93715 7.02916 9.86839 12.2915 12.3807 9.94611 7.03575 3.88939 1.33767 1.09781 1.01304 1.00064 1.00065 1.01317 1.1008 1.34867 1.03439 1.00281 1.00003 0.999971 0.99997 1.00004 1.0029 
7.4348 2.76197 1.29892 1.02894 1.02922 1.3004 2.76703 7.42403 12.7262 7.7175 2.856 1.38709 1.38845 2.85949 7.71563 12.7313 12.6777 13.0458 8.1236 4.0054 3.99003 8.10392 13.054 12.6056 3.84607 3.22299 3.08093 2.47454 2.47479 3.08703 3.24237 3.89505 6.68655 10.0493 12.5434 14.6002 14.7837 12.6136 10.0231 6.58473 2.11717 1.47333 1.10635 1.01045 1.01061 1.10763 1.49238 2.16058 1.21633 1.03187 1.00165 0.999944 0.999944 1.00169 1.03264 
9.28185 3.49132 1.45962 1.04867 1.04912 1.46178 3.49902 9.26385 15.2493 9.53112 3.56943 1.60502 1.60739 3.57517 9.53111 15.2544 15.697 16.6368 11.8398 7.30015 7.27366 11.8113 16.6386 15.6135 6.71205 5.96435 5.75204 5.03337 5.03446 5.76057 5.98835 6.78333 9.06165 12.5354 15.1766 17.3294 17.5711 15.2928 12.5172 8.97206 3.29733 2.3151 1.42104 1.07289 1.07331 1.41806 2.34208 3.35294 1.84593 1.22674 1.01632 1.0005 1.00049 1.01629 1.2261 
8.18508 3.08681 1.369 1.03735 1.03761 1.3697 3.08463 8.13683 14.123 8.29066 3.16712 1.50226 1.50332 3.16624 8.26934 14.0525 16.7289 18.4119 15.9154 13.2383 13.3244 16.0042 18.4167 16.697 9.19408 9.08872 8.87893 8.81029 8.67057 8.7015 8.92174 9.08726 9.04436 11.6102 13.3531 15.0915 15.4782 13.6438 11.8063 9.19739 4.51716 3.47662 2.08375 1.3279 1.30937 2.01299 3.34532 4.3797 3.11317 1.6149 1.07067 1.00471 1.00475 1.07155 1.62174 
10.8919 3.95856 1.5428 1.05457 1.05493 1.54361 3.95722 10.8785 19.6174 10.388 4.01555 1.80912 1.81554 4.02811 10.4139 19.648 26.7388 28.9632 28.929 28.5753 28.4742 28.8455 28.8956 26.669 22.2424 22.6926 23.0413 23.0369 23.0369 23.0413 22.6926 22.2424 22.4213 25.8187 28.0446 28.6177 28.8151 28.1776 26.0757 22.729 16.7547 14.5222 9.01138 4.73054 4.76302 9.06912 14.5676 16.8249 10.9573 4.0214 1.54717 1.05293 1.05267 1.54527 4.00659 
11.5971 4.13878 1.57478 1.05998 1.06044 1.57586 4.13743 11.5731 21.3714 10.9399 4.18029 1.85637 1.86252 4.18953 10.9467 21.3623 30.0945 32.3572 32.7152 32.6938 32.7123 32.7391 32.387 30.1299 26.5777 26.1887 26.5678 27.278 27.278 26.5678 26.1887 26.5777 27.8302 31.1565 32.6446 33.1392 33.1312 32.6393 31.1194 27.7759 19.642 17.0409 10.7085 5.59848 5.62198 10.731 17.0157 19.6259 12.61 4.5079 1.65151 1.06439 1.06427 1.65122 4.50469 
11.9137 4.21704 1.58704 1.06139 1.06187 1.58825 4.21658 11.8946 22.2407 11.2064 4.23699 1.86051 1.86656 4.24538 11.2112 22.2418 31.6557 33.719 34.3083 34.4176 34.4245 34.3208 33.7374 31.6907 29.6081 29.0613 29.5044 30.4369 30.4369 29.5044 29.0613 29.6081 30.3275 33.2726 34.3367 34.5833 34.582 34.3336 33.249 30.2728 21.3878 18.5606 11.627 6.02296 6.04992 11.653 18.5403 21.375 13.7778 4.89129 1.72984 1.07284 1.07273 1.72962 4.88776 
11.9767 4.20634 1.58398 1.05916 1.0595 1.58497 4.20688 11.9679 22.5436 11.2666 4.20138 1.81593 1.81985 4.2055 11.2644 22.5476 32.1729 34.0075 34.6745 34.8068 34.8095 34.6797 34.0136 32.2085 31.5848 31.4434 31.8354 32.5879 32.5879 31.8354 31.4434 31.5848 31.0481 33.702 34.6673 34.8607 34.8598 34.6628 33.6824 30.9913 22.1312 19.1837 11.8582 6.01358 6.03192 11.8764 19.1691 22.1225 14.3087 5.02134 1.75576 1.07522 1.07515 1.75563 5.01835 
11.9679 4.20688 1.58497 1.0595 1.0595 1.58497 4.20688 11.9679 22.5476 11.2644 4.2055 1.81985 1.81985 4.2055 11.2644 22.5476 32.1729 34.0075 34.6745 34.8068 34.8068 34.6745 34.0075 32.1729 31.5891 31.4436 31.832 32.5929 32.5879 31.8354 31.4434 31.5848 30.9913 33.6824 34.6628 34.8598 34.8598 34.6628 33.6824 30.9913 22.1225 19.1691 11.8764 6.03192 6.05072 11.9028 19.2009 22.2938 14.3253 5.01835 1.75563 1.07515 1.07522 1.75576 5.02134 
11.8946 4.21658 1.58825 1.06187 1.06187 1.58825 4.21658 11.8946 22.2418 11.2112 4.24538 1.86656 1.86656 4.24538 11.2112 22.2418 31.6557 33.719 34.3083 34.4176 34.4176 34.3083 33.719 31.6557 29.6162 29.0608 29.4963 30.446 30.4369 29.5044 29.0613 29.6081 30.2728 33.249 34.3336 34.582 34.582 34.3336 33.249 30.2728 21.375 18.5403 11.653 6.04992 6.0791 11.6959 18.5979 21.5706 13.8016 4.88776 1.72962 1.07273 1.07284 1.72984 4.89129 
11.5731 4.13743 1.57586 1.06044 1.06044 1.57586 4.13743 11.5731 21.3623 10.9467 4.18953 1.86252 1.86252 4.18953 10.9467 21.3623 30.0945 32.3572 32.7152 32.6938 32.6938 32.7152 32.3572 30.0945 26.5794 26.1882 26.5591 27.2866 27.278 26.5678 26.1887 26.5777 27.7759 31.1194 32.6393 33.1312 33.1312 32.6393 31.1194 27.7759 19.6259 17.0157 10.731 5.62198 5.65608 10.7908 17.0976 19.822 12.6308 4.50469 1.65122 1.06427 1.06439 1.65151 4.5079 
10.8785 3.95722 1.54361 1.05493 1.05493 1.54361 3.95722 10.8785 19.648 10.4139 4.02811 1.81554 1.81554 4.02811 10.4139 19.648 26.7388 28.9632 28.929 28.5753 28.5753 28.929 28.9632 26.7388 22.4175 22.8918 23.2492 23.2193 23.0369 23.0413 22.6926 22.2424 22.729 26.0757 28.1776 28.8151 28.8151 28.1776 26.0757 22.729 16.8249 14.5676 9.06912 4.76302 4.78311 9.08362 14.4873 16.7966 10.9235 4.00659 1.54527 1.05267 1.05293 1.54717 4.0214 
10.4371 3.7852 1.52344 1.05124 1.05156 1.52605 3.79725 10.4718 19.5993 10.1378 3.99187 1.85801 1.85801 3.99187 10.1378 19.5993 30.1682 32.2277 32.8909 32.9719 32.9719 32.8909 32.2277 30.1682 31.6344 33.4371 33.7862 33.5414 33.5939 33.824 33.4391 31.6612 27.0611 31.4324 33.0855 33.6315 33.6689 33.1208 31.4635 27.0765 18.3224 14.9359 8.88308 4.54592 4.54527 8.63707 14.8284 18.3291 11.621 4.12094 1.58444 1.06259 1.06315 1.5876 4.13709 
11.5409 4.20921 1.62542 1.06583 1.06649 1.63048 4.23408 11.6156 20.9114 11.1114 4.39957 2.02837 2.02837 4.39957 11.1114 20.9114 31.7107 33.5231 34.2616 34.4144 34.4144 34.2616 33.5231 31.7107 32.7209 34.0518 34.361 34.3585 34.357 34.3597 34.0519 32.7418 29.4001 32.7004 34.0506 34.4512 34.4459 34.0404 32.6784 29.3807 21.4497 17.7598 10.7568 5.53801 5.53613 10.5857 17.7844 21.6477 13.3785 4.66016 1.70999 1.08091 1.08159 1.7127 4.66816 
11.9538 4.35465 1.65438 1.06885 1.06949 1.65927 4.37851 12.0227 21.4037 11.4196 4.49671 2.05503 2.05503 4.49671 11.4196 21.4037 32.1929 33.9292 34.6597 34.8417 34.8417 34.6597 33.9292 32.1929 33.3049 34.3456 34.6142 34.6952 34.6946 34.6131 34.3459 33.3251 30.5064 33.4714 34.5255 34.8055 34.8032 34.5193 33.4587 30.4907 22.8207 18.8876 11.3714 5.82924 5.82796 11.1855 18.8969 22.9998 14.3997 5.0358 1.789 1.09078 1.09151 1.79186 5.04437 
11.8782 4.26346 1.61522 1.06091 1.06125 1.61803 4.2773 11.9198 21.5647 11.25 4.34042 1.94195 1.94195 4.34042 11.25 21.5647 32.3684 34.0238 34.7573 34.9227 34.9227 34.7573 34.0238 32.3684 33.5512 34.5175 34.7669 34.854 34.8537 34.7662 34.5178 33.5619 30.863 33.7349 34.6783 34.9002 34.8989 34.6752 33.7286 30.8534 23.2855 19.3022 11.4841 5.81407 5.81346 11.3555 19.3018 23.4479 14.9182 5.18958 1.80663 1.08879 1.08925 1.80842 5.19484 
11.9198 4.2773 1.61803 1.06125 1.06125 1.61803 4.2773 11.9198 20.9732 11.2923 4.27215 1.9142 1.9142 4.27215 11.25 21.5647 32.3684 34.0238 34.7573 34.9227 34.9241 34.7615 34.0273 32.4282 33.5619 34.5178 34.7662 34.8537 34.8537 34.7662 34.5178 33.5619 30.8534 33.7286 34.6752 34.8989 34.8989 34.6752 33.7286 30.8534 23.4122 19.3341 11.3555 5.81346 5.81407 11.4841 19.3022 23.2855 14.9182 5.18958 1.80663 1.08925 1.08879 1.80663 5.18958 
12.0227 4.37851 1.65927 1.06949 1.06949 1.65927 4.37851 12.0227 20.7802 11.3734 4.37385 2.00778 2.00778 4.37385 11.4196 21.4037 32.1929 33.9292 34.6597 34.8417 34.8441 34.6677 33.9446 32.2629 33.3251 34.3459 34.6131 34.6946 34.6946 34.6131 34.3459 33.3251 30.4907 33.4587 34.5193 34.8032 34.8032 34.5193 33.4587 30.4907 22.973 18.9446 11.1855 5.82796 5.82924 11.3714 18.8876 22.8207 14.3997 5.0358 1.789 1.09151 1.09078 1.789 5.0358 
11.6156 4.23408 1.63048 1.06649 1.06649 1.63048 4.23408 11.6156 20.2834 11.0732 4.28191 1.98164 1.98164 4.28191 11.1114 20.9114 31.7107 33.5231 34.2616 34.4144 34.4144 34.2722 33.5343 31.7766 32.7418 34.0519 34.3597 34.357 34.357 34.3597 34.0519 32.7418 29.3807 32.6784 34.0404 34.4459 34.4459 34.0404 32.6784 29.3807 21.6204 17.827 10.5857 5.53613 5.53801 10.7568 17.7598 21.4497 13.3785 4.66016 1.70999 1.08159 1.08091 1.70999 4.66016 
10.4718 3.79725 1.52605 1.05156 1.05156 1.52605 3.79725 10.4718 18.7884 10.0143 3.8712 1.81625 1.81625 3.8712 10.1378 19.5993 30.1682 32.2277 32.8909 32.9719 33.0001 32.9163 32.2498 30.2261 31.6612 33.4391 33.824 33.5939 33.5939 33.824 33.4391 31.6612 27.0765 31.4635 33.1208 33.6689 33.6689 33.1208 31.4635 27.0765 18.2981 14.8503 8.63707 4.54527 4.54592 8.88308 14.9359 18.3224 11.621 4.12094 1.58444 1.06315 1.06259 1.58444 4.12094 
6.14784 2.13756 1.14058 1.00809 1.00809 1.14058 2.13756 6.14784 13.0568 5.66048 2.02042 1.15397 1.15397 2.02042 5.6336 13.1794 27.959 30.979 32.5997 32.9822 32.9833 32.6005 30.988 28.0519 30.3178 33.2909 33.9814 33.7658 33.741 33.9685 33.2686 30.3164 23.9639 30.6374 33.2699 34.001 34.001 33.2699 30.6374 23.9639 7.75997 4.81755 2.56136 1.52312 1.51594 2.52153 4.77528 7.70504 3.93414 1.60514 1.06758 1.00502 1.00506 1.06858 1.61544 
4.91085 1.72761 1.06862 1.00274 1.00274 1.06862 1.72761 4.91085 11.4717 4.49296 1.61838 1.06278 1.06278 1.61838 4.49784 11.6805 28.1178 31.7002 33.6658 34.1079 34.1065 33.6645 31.6805 28.2176 30.2794 33.5082 34.2794 34.3492 34.3489 34.2752 33.5021 30.3222 23.2127 30.7179 33.6286 34.4461 34.4461 33.6286 30.7179 23.2127 6.18428 3.6643 1.92028 1.2703 1.27824 1.94777 3.68189 6.18633 2.79736 1.29656 1.02772 1.0018 1.00178 1.02773 1.29801 
4.54892 1.6089 1.05191 1.00177 1.00177 1.05191 1.6089 4.54892 11.1239 4.24768 1.54879 1.05075 1.05075 1.54879 4.25191 11.3361 28.1175 31.922 34.1349 34.6509 34.6502 34.1344 31.9022 28.2208 30.2777 33.6423 34.49 34.6806 34.6791 34.4856 33.6367 30.3227 22.9575 30.7499 33.7577 34.5985 34.5985 33.7577 30.7499 22.9575 5.25918 2.90801 1.58678 1.1965 1.20299 1.61201 2.92422 5.25751 2.1441 1.14929 1.01502 1.00114 1.00113 1.01517 1.15149 
4.4772 1.58493 1.04882 1.00168 1.00168 1.04882 1.58493 4.4772 11.1694 4.25796 1.54887 1.05047 1.05047 1.54887 4.2552 11.3717 28.1202 31.9662 34.2492 34.7719 34.7718 34.2492 31.948 28.2201 30.3278 33.7405 34.6204 34.8299 34.829 34.6179 33.7365 30.3512 22.9903 30.7995 33.8305 34.6238 34.6238 33.8305 30.7995 22.9903 5.20422 2.6889 1.46754 1.14005 1.14344 1.48255 2.69976 5.20342 2.09236 1.1458 1.01301 1.00089 1.00088 1.01303 1.14692 
4.47099 1.58298 1.04862 1.00166 1.00168 1.04882 1.58493 4.4772 11.3717 4.2552 1.54887 1.05047 1.05096 1.55109 4.2552 11.3717 28.1202 31.9662 34.2492 34.7719 34.7719 34.2492 31.9662 28.1202 30.3512 33.7365 34.6179 34.829 34.829 34.6204 33.7365 30.3512 22.976 30.7872 33.8233 34.6005 34.6009 33.801 30.7276 23.2236 5.20342 2.69976 1.47842 1.14344 1.14005 1.46754 2.6889 5.20422 2.10786 1.14692 1.01303 1.00088 1.00089 1.01301 1.1458 
4.53763 1.60603 1.05162 1.00176 1.00177 1.05191 1.6089 4.54892 11.3361 4.25191 1.54879 1.05075 1.05144 1.55284 4.25191 11.3361 28.1175 31.922 34.1349 34.6509 34.6509 34.1349 31.922 28.1175 30.3227 33.6367 34.4856 34.6791 34.6791 34.49 33.6367 30.3227 22.9436 30.7256 33.742 34.5644 34.5644 33.6965 30.6469 23.2026 5.25751 2.92422 1.6053 1.20299 1.1965 1.58678 2.90801 5.25918 2.16777 1.15149 1.01517 1.00113 1.00114 1.01502 1.14929 
4.89822 1.72443 1.06829 1.00272 1.00274 1.06862 1.72761 4.91085 11.6805 4.49784 1.61838 1.06278 1.06381 1.62367 4.49784 11.6805 28.1178 31.7002 33.6658 34.1079 34.1079 33.6658 31.7002 28.1178 30.3222 33.5021 34.2752 34.3489 34.3489 34.2794 33.5021 30.3222 23.1983 30.6952 33.6141 34.4216 34.4223 33.5745 30.6231 23.4475 6.18633 3.68189 1.94399 1.27824 1.2703 1.92028 3.6643 6.18428 2.81777 1.29801 1.02773 1.00178 1.0018 1.02772 1.29656 
6.10352 2.12601 1.13903 1.00797 1.00809 1.14058 2.13756 6.14784 13.1794 5.6336 2.02042 1.15397 1.15486 2.0225 5.6336 13.1794 27.959 30.979 32.5997 32.9822 32.9822 32.5997 30.979 27.959 30.3164 33.2686 33.9685 33.741 33.741 33.9814 33.2686 30.3164 23.9149 30.5954 33.2421 33.938 33.9397 33.2228 30.5347 24.0892 7.70504 4.77528 2.53202 1.51594 1.52312 2.56136 4.81755 7.75997 3.99238 1.61544 1.06858 1.00506 1.00502 1.06758 1.60514 
4.24006 1.52706 1.04193 1.00173 1.00169 1.04168 1.52662 4.24483 11.0658 4.14292 1.54213 1.05212 1.05212 1.54213 4.14292 11.0658 24.2205 26.5321 28.5846 29.0283 29.0283 28.5846 26.5321 24.2205 27.19 28.7726 28.0267 27.9202 27.7732 27.8715 28.7726 27.19 23.0302 28.9784 31.711 32.5436 32.5164 31.6712 28.9316 23.0769 9.03224 5.20962 2.65947 1.57561 1.60077 2.70117 5.2604 9.185 4.91928 1.96537 1.1376 1.01249 1.01197 1.13455 1.95425 
4.46243 1.57292 1.04724 1.00202 1.00197 1.04693 1.57322 4.47792 11.7002 4.27147 1.55336 1.04971 1.04971 1.55336 4.27147 11.7002 26.3562 30.0607 31.9873 32.4898 32.4898 31.9873 30.0607 26.3562 26.8137 29.3218 29.6547 30.1309 30.1312 29.6655 29.3218 26.8137 21.8349 28.7303 32.3376 33.6466 33.6189 32.2817 28.6604 21.8716 7.11428 3.47275 1.6264 1.10407 1.10103 1.62723 3.49548 7.23255 3.5952 1.52202 1.05354 1.00267 1.00269 1.05393 1.52537 
4.56075 1.59236 1.04906 1.0022 1.00215 1.04874 1.59273 4.57688 11.9764 4.36628 1.57233 1.05198 1.05198 1.57233 4.36628 11.9764 27.1535 31.4008 33.5893 34.1673 34.1673 33.5893 31.4008 27.1535 26.9944 30.2758 31.2679 32.0071 32.0076 31.2777 30.2758 26.9944 21.2236 28.6736 32.5864 34.0484 34.0195 32.528 28.6058 21.2704 6.07301 2.64013 1.2767 1.00539 1.00236 1.27866 2.67055 6.19565 2.85089 1.30609 1.02596 1.00079 1.00082 1.0264 1.30933 
4.56162 1.58701 1.04786 1.00201 1.00197 1.04766 1.58745 4.57417 12.0442 4.36995 1.5708 1.05219 1.05219 1.5708 4.36995 12.0442 27.3599 31.5921 33.9979 34.5806 34.5806 33.9979 31.5921 27.3599 27.6716 31.4561 32.6946 33.3946 33.3956 32.6988 31.4561 27.6716 21.1569 28.956 32.8663 34.2451 34.2283 32.8294 28.9134 21.1842 5.81837 2.47026 1.22056 1.0028 1.00062 1.22058 2.48823 5.92104 2.60293 1.23444 1.01746 1.0004 1.00041 1.0177 1.2363 
4.57417 1.58745 1.04766 1.00197 1.00197 1.04766 1.58745 4.57417 12.202 4.33799 1.56584 1.05125 1.05219 1.5708 4.36995 12.0442 27.5203 31.5636 34.002 34.5806 34.584 34.002 31.5636 27.5203 27.7374 31.4744 32.6988 33.3956 33.3946 32.6946 31.4561 27.6716 21.1842 28.9134 32.8294 34.2283 34.2283 32.8294 28.9134 21.1842 5.92104 2.48823 1.22058 1.00062 1.00056 1.22015 2.4843 6.02475 2.60293 1.23444 1.01746 1.0004 1.0004 1.01746 1.23444 
4.57688 1.59273 1.04874 1.00215 1.00215 1.04874 1.59273 4.57688 12.1369 4.32731 1.56632 1.05098 1.05198 1.57233 4.36628 11.9764 27.3089 31.3758 33.595 34.1673 34.1714 33.595 31.3758 27.3089 27.0935 30.3051 31.2777 32.0076 32.0071 31.2679 30.2758 26.9944 21.2704 28.6058 32.528 34.0195 34.0195 32.528 28.6058 21.2704 6.19565 2.67055 1.27866 1.00236 1.00229 1.27825 2.66415 6.32117 2.85089 1.30609 1.02596 1.00079 1.00079 1.02596 1.30609 
4.47792 1.57322 1.04693 1.00197 1.00197 1.04693 1.57322 4.47792 11.8563 4.23365 1.54755 1.04877 1.04971 1.55336 4.27147 11.7002 26.5036 30.0339 31.9969 32.4898 32.4991 31.9969 30.0339 26.5036 26.9076 29.3483 29.6655 30.1312 30.1309 29.6547 29.3218 26.8137 21.8716 28.6604 32.2817 33.6189 33.6189 32.2817 28.6604 21.8716 7.23255 3.49548 1.62723 1.10103 1.10069 1.62538 3.48519 7.35319 3.5952 1.52202 1.05354 1.00267 1.00267 1.05354 1.52202 
4.24483 1.52662 1.04168 1.00169 1.00169 1.04168 1.52662 4.24483 11.1528 4.08967 1.53329 1.05049 1.05212 1.54213 4.14292 11.0658 24.3062 26.4152 28.4736 29.0283 28.9187 28.4736 26.4152 24.3062 27.1858 28.6504 27.8715 27.7732 27.9202 28.0267 28.7726 27.19 23.0769 28.9316 31.6712 32.5164 32.5164 31.6712 28.9316 23.0769 9.185 5.2604 2.70117 1.60077 1.60229 2.70469 5.25889 9.30029 4.91928 1.96537 1.1376 1.01249 1.01249 1.1376 1.96537 
1.9338 1.09453 1.00494 1.00012 1.00013 1.00495 1.09405 1.92741 5.36045 1.92485 1.09267 1.00524 1.00524 1.09267 1.91807 5.37186 14.1576 11.8003 11.4073 11.4647 11.4647 11.4073 11.8003 14.1576 21.7933 18.2695 15.1446 13.9761 13.9761 15.1446 18.2695 21.7933 23.4762 27.2456 28.5516 28.9729 28.9729 28.5516 27.2456 23.4762 14.252 11.0484 8.41987 5.63894 5.64041 8.42352 11.0559 14.3246 8.57803 4.42678 1.98517 1.23555 1.23555 1.98517 4.42678 
1.44611 1.03405 1.00112 0.999841 0.999843 1.00114 1.03433 1.44828 3.72447 1.44451 1.03443 1.00107 1.00107 1.03443 1.4428 3.75735 11.7248 6.28034 4.68483 4.42063 4.42063 4.68483 6.28034 11.7248 22.6908 17.2136 11.9847 9.25064 9.25064 11.9847 17.2136 22.6908 25.8105 29.4132 30.7927 31.4864 31.4864 30.7927 29.4132 25.8105 17.7774 14.8936 12.259 8.66634 8.66469 12.2554 14.8935 17.8287 11.3621 6.19162 2.58477 1.42055 1.42055 2.58477 6.19162 
1.32879 1.02247 1.00058 0.999935 0.999936 1.00059 1.02272 1.33133 3.18323 1.34117 1.02584 1.00071 1.00071 1.02584 1.33939 3.2092 10.7916 4.32357 2.10066 1.67528 1.67528 2.10066 4.32357 10.7916 22.9657 15.243 8.60657 5.37319 5.37319 8.60657 15.243 22.9657 28.0645 31.4413 32.7182 33.3016 33.3016 32.7182 31.4413 28.0645 19.769 16.2641 13.0594 9.08249 9.08154 13.0594 16.2642 19.8246 12.7973 6.91833 2.77345 1.46191 1.46191 2.77345 6.91833 
1.32306 1.02225 1.00061 0.999923 0.999924 1.00062 1.02239 1.32441 3.1129 1.33828 1.02992 1.00218 1.00218 1.02992 1.33739 3.13766 10.5103 4.02153 1.71041 1.27173 1.27173 1.71041 4.02153 10.5103 23.0427 13.3679 6.19714 3.44831 3.44831 6.19714 13.3679 23.0427 29.4516 32.6076 33.6821 34.1018 34.1018 33.6821 32.6076 29.4516 21.453 16.9709 12.5703 8.22862 8.22867 12.5693 16.9696 21.5002 13.6717 6.56342 2.52269 1.34517 1.34517 2.52269 6.56342 
1.32441 1.02239 1.00062 0.999924 0.999923 1.00061 1.02225 1.32306 3.13766 1.33739 1.02912 1.00196 1.00185 1.0287 1.33739 3.13766 10.5113 4.02211 1.70978 1.27127 1.27173 1.71041 4.02153 10.5103 23.0462 13.3652 6.19671 3.44842 3.44831 6.19714 13.3679 23.0427 29.4769 32.6359 33.7043 34.1116 34.1018 33.6821 32.6076 29.4516 21.5002 16.9696 12.5693 8.22867 8.22862 12.5703 16.9709 21.453 13.6717 6.56342 2.52269 1.34517 1.34029 2.50751 6.52562 
1.33133 1.02272 1.00059 0.999936 0.999935 1.00058 1.02247 1.32879 3.2092 1.33939 1.02453 1.00033 1.00014 1.02386 1.33939 3.2092 10.793 4.32434 2.10144 1.67562 1.67528 2.10066 4.32357 10.7916 22.967 15.2406 8.60558 5.37259 5.37319 8.60657 15.243 22.9657 28.1062 31.4915 32.7593 33.3233 33.3016 32.7182 31.4413 28.0645 19.8246 16.2642 13.0594 9.08154 9.08249 13.0594 16.2641 19.769 12.7973 6.91833 2.77345 1.46191 1.45339 2.74672 6.86427 
1.44828 1.03433 1.00114 0.999843 0.999841 1.00112 1.03405 1.44611 3.75735 1.4428 1.03318 1.00069 1.00051 1.03253 1.4428 3.75735 11.726 6.28117 4.68243 4.42032 4.42063 4.68483 6.28034 11.7248 22.6909 17.2124 11.9847 9.25081 9.25064 11.9847 17.2136 22.6908 25.8551 29.4593 30.8312 31.5077 31.4864 30.7927 29.4132 25.8105 17.8287 14.8935 12.2554 8.66469 8.66634 12.259 14.8936 17.7774 11.3621 6.19162 2.58477 1.42055 1.41275 2.55953 6.14352 
1.92741 1.09405 1.00495 1.00013 1.00012 1.00494 1.09453 1.9338 5.37186 1.91807 1.09072 1.0049 1.00474 1.08978 1.91807 5.37186 14.1566 11.7978 11.2989 11.3551 11.4647 11.4073 11.8003 14.1576 21.7929 18.266 15.1418 13.9741 13.9761 15.1446 18.2695 21.7933 23.4534 27.2143 28.5338 28.9676 28.9729 28.5516 27.2456 23.4762 14.3246 11.0559 8.42352 5.64041 5.63894 8.41987 11.0484 14.252 8.57803 4.42678 1.98517 1.23555 1.23147 1.97113 4.39572 
1.06167 1.00321 1.00005 0.999986 0.999985 1.00005 1.00317 1.05962 1.64389 1.09093 1.00767 1.00059 1.00056 1.00768 1.09201 1.6669 5.57721 4.44638 3.99287 3.94802 3.94802 3.99287 4.44638 5.57721 8.67426 5.59304 4.12453 3.7007 3.6627 4.08584 5.53686 8.58758 12.9447 15.9209 16.2627 16.0373 16.0339 16.2579 15.8096 12.8599 5.29907 4.23942 2.77141 1.61096 1.6031 2.72782 3.9756 5.12861 2.92699 1.5015 1.09295 1.01082 1.01099 1.09416 1.50887 
1.00649 1.00014 0.999857 0.999898 0.999898 0.999858 1.00014 1.00638 1.09756 1.01043 1.00067 0.999884 0.999877 1.00062 1.01033 1.09905 1.96579 1.59064 1.50983 1.49328 1.49328 1.50983 1.59064 1.96579 4.05711 2.49675 1.62819 1.48027 1.47789 1.62514 2.49695 4.04957 5.68465 7.12299 7.02602 6.57775 6.57775 7.02642 7.14582 5.70616 2.33308 1.92579 1.37994 1.07991 1.086 1.39958 1.90418 2.31346 1.5978 1.13174 1.01743 1.00134 1.00131 1.01721 1.1307 
1.00032 0.999965 0.999993 1 1 0.999993 0.999966 1.00031 1.00709 1.00035 0.999919 0.999982 0.999983 0.999917 1.00034 1.00721 1.13042 1.05212 1.04067 1.03824 1.03824 1.04067 1.05212 1.13042 1.86178 1.31731 1.07418 1.04732 1.04733 1.07423 1.31772 1.85962 2.34738 2.86226 2.69408 2.41853 2.41854 2.69415 2.86285 2.34856 1.21072 1.13638 1.03794 1.00467 1.00528 1.04105 1.13654 1.20782 1.08937 1.01476 1.00129 0.999954 0.999952 1.00128 1.01466 
1.00005 0.999993 1 1 1 1 0.999993 1.00004 1.00022 0.999829 0.999984 1 1 0.999984 0.999828 1.00022 1.01371 1.00235 1.00134 1.00127 1.00127 1.00134 1.00235 1.01371 1.20456 1.0519 1.0073 1.00389 1.00389 1.0073 1.05197 1.20426 1.32305 1.48754 1.40396 1.28189 1.28188 1.40396 1.48758 1.32324 1.02009 1.0133 1.00201 0.999975 1.00003 1.00226 1.01374 1.01972 1.00837 1.00093 0.999938 0.999965 0.999965 0.999937 1.00092 
1.00004 0.999993 1 1 1 1 0.999993 1.00004 1.00022 0.999829 0.999984 1 1 0.999984 0.999829 1.00022 1.01368 1.0024 1.00134 1.00127 1.00116 1.00121 1.00235 1.01371 1.20426 1.05197 1.0073 1.00389 1.00389 1.0073 1.05197 1.20426 1.32324 1.48758 1.40396 1.28188 1.27726 1.39563 1.47665 1.31683 1.01972 1.01374 1.00226 1.00003 1.00002 1.00222 1.01374 1.01972 1.00837 1.00093 0.999938 0.999965 0.999965 0.999938 1.00093 
1.00031 0.999966 0.999993 1 1 0.999993 0.999966 1.00031 1.00709 1.00035 0.999919 0.999982 0.999982 0.999919 1.00035 1.00709 1.1303 1.05257 1.04067 1.03824 1.03698 1.03902 1.05212 1.13042 1.85962 1.31772 1.07423 1.04733 1.04733 1.07423 1.31772 1.85962 2.34856 2.86285 2.69415 2.41854 2.40238 2.66661 2.82691 2.32718 1.20782 1.13654 1.04105 1.00528 1.00524 1.04075 1.13654 1.20782 1.08937 1.01476 1.00129 0.999954 0.999954 1.00129 1.01476 
1.00638 1.00014 0.999858 0.999898 0.999898 0.999858 1.00014 1.00638 1.09756 1.01043 1.00067 0.999884 0.999884 1.00067 1.01043 1.09756 1.9624 1.59233 1.50983 1.49328 1.4874 1.50116 1.59064 1.96579 4.04957 2.49695 1.62514 1.47789 1.47789 1.62514 2.49695 4.04957 5.70616 7.14582 7.02642 6.57775 6.55199 6.9778 7.08907 5.67498 2.31346 1.90418 1.39958 1.086 1.08612 1.4001 1.90418 2.31346 1.5978 1.13174 1.01743 1.00134 1.00134 1.01743 1.13174 
1.05962 1.00317 1.00005 0.999985 0.999985 1.00005 1.00317 1.05962 1.64389 1.09093 1.00767 1.00059 1.00059 1.00767 1.09093 1.64389 5.55827 4.45272 3.99287 3.94802 4.03981 4.08271 4.44638 5.57721 8.58758 5.53686 4.08584 3.6627 3.6627 4.08584 5.53686 8.58758 12.8599 15.8096 16.2579 16.0339 15.9277 16.1366 15.7019 12.7948 5.12861 3.9756 2.72782 1.6031 1.60314 2.72809 3.9756 5.12861 2.92699 1.5015 1.09295 1.01082 1.01082 1.09295 1.5015 
1.00545 1.00029 1.00006 1.00009 1.00009 1.00006 1.00029 1.00545 1.09309 1.01195 1.00118 1.00012 1.00012 1.00118 1.01195 1.09309 1.74369 1.52803 1.45893 1.46653 1.46653 1.45893 1.52803 1.74369 3.08886 1.87239 1.57622 1.38618 1.38618 1.57622 1.87239 3.08886 5.49249 6.78918 6.90453 6.66995 6.71933 6.9893 6.88614 5.56205 2.29534 1.83315 1.44292 1.10844 1.10841 1.44291 1.83315 2.29534 1.39907 1.05519 1.00686 1.00067 1.00067 1.00686 1.05519 
1.0002 0.999989 0.999995 0.999998 0.999998 0.999995 0.999989 1.0002 1.00642 1.0006 0.999949 0.999975 0.999975 0.999949 1.0006 1.00642 1.1028 1.07157 1.06313 1.06079 1.06079 1.06313 1.07157 1.1028 1.41095 1.12462 1.06745 1.03646 1.03646 1.06745 1.12462 1.41095 1.9219 2.24109 2.26158 2.1655 2.1758 2.28103 2.2634 1.93679 1.21429 1.12767 1.05061 1.00841 1.00834 1.05022 1.12767 1.21429 1.05726 1.00599 1.0005 0.999944 0.999944 1.0005 1.00599 
1.00004 0.999995 1 1 1 1 0.999995 1.00004 1.00018 0.999847 0.999977 0.999998 0.999998 0.999977 0.999847 1.00018 1.00935 1.00649 1.00581 1.00523 1.00523 1.00581 1.00649 1.00935 1.04217 1.00828 1.00422 1.00168 1.00168 1.00422 1.00828 1.04217 1.11163 1.16272 1.16472 1.13583 1.13754 1.16836 1.16708 1.11434 1.02242 1.01215 1.00305 1.00029 1.00029 1.00301 1.01215 1.02242 1.0046 1.00035 0.999939 0.999982 0.999982 0.999939 1.00035 
1.0001 0.999998 1 1 1 1 0.999998 1.0001 0.999986 0.999892 0.999999 1 1 0.999999 0.999892 0.999986 1.00062 1.0003 1.00035 1.00027 1.00027 1.00035 1.0003 1.00062 1.0023 1.00023 1.00013 1.00002 1.00002 1.00013 1.00023 1.0023 1.00616 1.01009 1.01034 1.00716 1.00734 1.0108 1.01063 1.00647 1.00122 1.00052 1.00004 0.999937 0.999936 1.00004 1.00052 1.00122 1.0003 0.999946 0.999985 1 1 0.999985 0.999946 
0 0 0 0 1 1 0.999998 1.0001 0.999986 0.999892 0.999999 1 1 0.999999 0.999892 0.999986 1.00062 1.0003 1.00035 1.00027 1.00026 1.00034 1.00029 1.0006 1.00224 1.00022 1.00012 1.00002 1.00002 1.00013 1.00023 1.0023 1.00647 1.01063 1.0108 1.00734 1.00716 1.01034 1.01009 1.00616 1.00119 1.0005 1.00004 0.999936 0.999937 1.00004 1.00052 1.00122 1.0003 0.999946 0.999985 1 0 0 0 
0 0 0 0 1 1 0.999995 1.00004 1.00018 0.999847 0.999977 0.999998 0.999998 0.999977 0.999847 1.00018 1.00935 1.00649 1.00581 1.00523 1.00515 1.00571 1.00638 1.00921 1.0414 1.00817 1.00412 1.00163 1.00168 1.00422 1.00828 1.04217 1.11434 1.16708 1.16836 1.13754 1.13583 1.16472 1.16272 1.11163 1.02215 1.01195 1.00301 1.00029 1.00029 1.00305 1.01215 1.02242 1.0046 1.00035 0.999939 0.999982 0 0 0 
0 0 0 0 0.999998 0.999995 0.999989 1.0002 1.00642 1.0006 0.999949 0.999975 0.999975 0.999949 1.0006 1.00642 1.1028 1.07157 1.06313 1.06079 1.06014 1.06241 1.07072 1.10187 1.40634 1.12393 1.06647 1.03589 1.03646 1.06745 1.12462 1.41095 1.93679 2.2634 2.28103 2.1758 2.1655 2.26158 2.24109 1.9219 1.21316 1.12648 1.05022 1.00834 1.00841 1.05061 1.12767 1.21429 1.05726 1.00599 1.0005 0.999944 0 0 0 
