0 0 0 0 1.00014 1.00307 1.03987 1.31978 2.12989 1.41564 1.06474 1.00724 1.00723 1.06457 1.41487 2.12943 2.61004 2.68107 2.05552 1.53157 1.52915 2.05052 2.68243 2.61048 1.36731 1.10754 1.07771 1.1609 1.16281 1.08364 1.11271 1.36692 1.23382 1.77031 2.92855 3.79248 3.79174 2.92837 1.76853 1.22916 1.06155 1.05882 1.01394 1.0011 1.00116 1.01464 1.06066 1.0629 1.0249 1.00212 1.00011 1.00007 0 0 0 
0 0 0 0 0.999948 1.00027 1.00446 1.0439 1.15077 1.04396 1.00523 1.00029 1.00029 1.0052 1.04371 1.15016 1.2153 1.21327 1.10843 1.04006 1.03975 1.10772 1.21303 1.21534 1.05481 1.01473 1.01056 1.02068 1.0206 1.01081 1.0149 1.05431 1.0258 1.13497 1.46264 1.69809 1.70383 1.46753 1.13677 1.02608 1.00414 1.00517 1.00104 1.00003 1.00003 1.0011 1.00537 1.00426 1.00169 1.00005 0.999983 0.999995 0 0 0 
0 0 0 0 0.999989 0.999948 1.00031 1.00356 1.01107 1.00228 1.00014 0.999906 0.999906 1.00014 1.00225 1.01095 1.01407 1.0127 1.00517 1.00132 1.00129 1.00511 1.01267 1.0141 1.00484 1.00239 1.00206 1.00242 1.0024 1.00206 1.00238 1.00478 1.00238 1.01752 1.0773 1.11839 1.11981 1.07842 1.01782 1.00243 1.00018 1.00015 1.00004 0.999986 0.999985 1.00004 1.00017 1.00019 1.00013 0.999974 1 1 0 0 0 
0 0 0 0 1 0.999989 0.999948 1.00026 1.00028 0.999854 0.999949 0.999994 0.999994 0.999949 0.99985 1.00027 1.00032 1.00007 1.00002 0.999965 0.999962 1.00001 1.00007 1.00033 1.00039 1.00006 1.00014 1.00012 1.00011 1.00013 1.00005 1.00038 1.00013 1.0013 1.00748 1.01204 1.01225 1.00763 1.00133 1.00014 1 0.999871 0.999987 0.999999 0.999999 0.999987 0.99987 0.999998 1.00008 0.999994 1 1 0 0 0 
1.00026 0.999948 0.999989 1 1 0.999989 0.999948 1.00026 1.00027 0.99985 0.999949 0.999994 0.999994 0.999949 0.999854 1.00028 1.00033 1.00007 1.00002 0.999965 0.999965 1.00002 1.00007 1.00032 1.00039 1.00006 1.00014 1.00012 1.00012 1.00014 1.00006 1.00039 1.00014 1.00133 1.00763 1.01225 1.01225 1.00763 1.00133 1.00014 0.999998 0.99987 0.999987 0.999999 0.999999 0.999987 0.999871 1 1.00008 0.999994 1 1 1 1 0.999994 
1.00356 1.00031 0.999948 0.999989 0.999989 0.999948 1.00031 1.00356 1.01095 1.00225 1.00014 0.999906 0.999906 1.00014 1.00228 1.01107 1.0141 1.01267 1.00517 1.00132 1.00132 1.00517 1.0127 1.01407 1.00484 1.00239 1.00206 1.00242 1.00242 1.00206 1.00239 1.00484 1.00243 1.01782 1.07842 1.11981 1.11981 1.07842 1.01782 1.00243 1.00019 1.00017 1.00004 0.999985 0.999986 1.00004 1.00015 1.00018 1.00013 0.999974 1 1 1 1 0.999974 
1.0439 1.00446 1.00027 0.999948 0.999948 1.00027 1.00446 1.0439 1.15016 1.04371 1.0052 1.00029 1.00029 1.0052 1.04396 1.15077 1.21534 1.21303 1.10843 1.04006 1.04006 1.10843 1.21327 1.2153 1.05481 1.01473 1.01056 1.02068 1.02068 1.01056 1.01473 1.05481 1.02608 1.13677 1.46753 1.70383 1.70383 1.46753 1.13677 1.02608 1.00426 1.00537 1.0011 1.00003 1.00003 1.00104 1.00517 1.00414 1.00169 1.00005 0.999983 0.999995 0.999995 0.999983 1.00005 
1.31978 1.03987 1.00307 1.00014 1.00014 1.00307 1.03987 1.31978 2.12943 1.41487 1.06457 1.00723 1.00723 1.06457 1.41564 2.12989 2.61048 2.68243 2.05552 1.53157 1.53157 2.05552 2.68107 2.61004 1.36731 1.10754 1.07771 1.1609 1.1609 1.07771 1.10754 1.36731 1.22916 1.76853 2.92837 3.79174 3.79174 2.92837 1.76853 1.22916 1.0629 1.06066 1.01464 1.00116 1.0011 1.01394 1.05882 1.06155 1.0249 1.00212 1.00011 1.00007 1.00007 1.00011 1.00212 
2.70254 1.32389 1.03486 1.00193 1.00193 1.03486 1.32389 2.70254 5.08204 2.8444 1.36421 1.04711 1.04711 1.36421 2.82417 5.02952 6.60828 7.18334 5.82597 4.21168 4.21168 5.82597 7.29964 6.70331 3.04787 2.59127 2.46898 2.62094 2.5709 2.39171 2.53886 2.99708 3.63148 5.277 6.70467 8.09145 8.09254 6.64958 5.23917 3.57818 1.46251 1.33095 1.07964 1.01028 1.01046 1.0861 1.3338 1.46843 1.14453 1.00847 0.999748 0.999929 0.999929 0.99975 1.00849 
1.40776 1.06036 1.00518 1.00007 1.00007 1.00518 1.06036 1.40776 2.11806 1.39614 1.05374 1.00457 1.00457 1.05374 1.39471 2.11245 2.56401 2.63421 2.05222 1.54121 1.54121 2.05222 2.62926 2.56137 1.32284 1.20452 1.17537 1.24441 1.24277 1.17066 1.19681 1.31493 1.43012 1.95533 2.50637 3.07735 3.11471 2.52132 1.95478 1.42834 1.03921 1.019 0.999567 0.999675 0.999702 0.999801 1.0194 1.03954 1.00429 0.999207 0.999822 0.999911 0.999911 0.999822 0.999208 
1.04913 1.00561 1.00032 0.999937 0.999937 1.00032 1.00561 1.04913 1.14823 1.0391 1.00341 0.999962 0.999962 1.00341 1.03893 1.14719 1.2168 1.21371 1.11636 1.04394 1.04394 1.11636 1.21369 1.21744 1.02926 1.01524 1.01175 1.02238 1.02231 1.01128 1.01447 1.02865 1.0347 1.11234 1.2317 1.35663 1.36328 1.23461 1.1122 1.03465 1.00021 0.998148 0.999281 0.999997 0.999997 0.999286 0.998155 1.00021 0.999724 1.00001 1.00001 1 1 1.00001 1.00001 
1.00367 1.00028 0.999916 0.999989 0.999989 0.999916 1.00028 1.00367 1.01054 1.00173 0.99992 0.999936 0.999936 0.99992 1.00172 1.01041 1.01613 1.01387 1.00654 1.00169 1.00169 1.00654 1.01388 1.01624 1.00306 1.0023 1.00197 1.00266 1.00268 1.00196 1.00231 1.00309 1.00127 1.00629 1.02001 1.03523 1.03621 1.02045 1.00631 1.00127 0.999988 0.999689 0.999997 1.00002 1.00002 0.999997 0.999689 0.999988 1.00016 1.00001 1 1 1 1 1.00001 
1.00367 1.00028 0.999915 0.999989 0.999989 0.999916 1.00028 1.00367 1.01041 1.00172 0.999919 0.999936 0.999936 0.99992 1.00173 1.01054 1.01624 1.01388 1.00654 1.00169 1.00173 1.00666 1.01391 1.01647 1.00309 1.00231 1.00196 1.00268 1.00268 1.00196 1.00231 1.00309 1.00127 1.00629 1.02001 1.03523 1.03523 1.02001 1.00629 1.00127 0.999988 0.999689 0.999997 1.00002 1.00002 0.999997 0.999689 0.999988 1.00016 1.00001 1 1 1 1 1.00001 
1.04912 1.00561 1.00032 0.999937 0.999937 1.00032 1.00561 1.04913 1.14719 1.03893 1.0034 0.999959 0.999962 1.00341 1.0391 1.14823 1.21744 1.21369 1.11636 1.04394 1.04434 1.1174 1.21396 1.21906 1.02865 1.01447 1.01128 1.02231 1.02231 1.01128 1.01447 1.02865 1.0347 1.11234 1.2317 1.35663 1.35663 1.2317 1.11234 1.0347 1.00021 0.998155 0.999286 0.999997 0.999997 0.999281 0.998148 1.00021 0.999725 1.00001 1.00001 1 1 1.00001 1.00001 
1.40773 1.06036 1.00514 1.00006 1.00007 1.00518 1.06036 1.40776 2.11245 1.39471 1.05357 1.00453 1.00457 1.05374 1.39614 2.11806 2.56137 2.62926 2.05222 1.54121 1.54339 2.05606 2.63044 2.56859 1.31493 1.19681 1.17066 1.24277 1.24277 1.17066 1.19681 1.31493 1.43012 1.95533 2.50637 3.07735 3.07735 2.50637 1.95533 1.43012 1.03954 1.0194 0.999801 0.999702 0.999702 0.999567 1.019 1.03954 1.00429 0.999208 0.999822 0.999911 0.999911 0.999822 0.999207 
2.70254 1.32393 1.03534 1.00197 1.00193 1.03486 1.32389 2.70254 5.02952 2.82417 1.36874 1.04781 1.04711 1.36421 2.8444 5.08204 6.70331 7.29964 5.82597 4.21168 4.26234 5.89326 7.29306 6.70971 2.99708 2.53886 2.39171 2.5709 2.5709 2.39171 2.53886 2.99708 3.63148 5.277 6.70467 8.09145 8.09145 6.70467 5.277 3.63148 1.46843 1.3338 1.0861 1.01046 1.01046 1.07964 1.33095 1.46843 1.14467 1.00849 0.99975 0.999929 0.999929 0.999748 1.00847 
8.05148 3.09914 1.37829 1.03948 1.0392 1.37747 3.10066 8.09947 14.0557 8.30047 3.18498 1.51494 1.51663 3.17966 8.27036 13.9997 16.3927 18.1769 15.7101 13.1049 13.3042 15.9327 18.2813 16.5914 9.09582 8.87673 8.80778 8.76159 8.76159 8.80778 8.87673 9.09582 9.17097 11.6428 13.2204 14.8471 14.8471 13.2204 11.6428 9.17097 4.49328 3.45213 2.00619 1.31408 1.31408 2.00619 3.45213 4.49328 3.17692 1.63757 1.07433 1.00507 1.00507 1.07433 1.63757 
9.21775 3.53213 1.47315 1.05169 1.05121 1.47079 3.52322 9.23661 15.1487 9.51182 3.58554 1.61934 1.62407 3.59818 9.51082 15.1547 15.4276 16.4913 11.8669 7.39822 7.3648 11.839 16.5232 15.6005 6.93202 6.101 5.84575 5.11115 5.11115 5.84575 6.101 6.93202 9.14991 12.4851 15.015 17.0409 17.0409 15.015 12.4851 9.14991 3.34502 2.36408 1.42808 1.07714 1.07714 1.42808 2.36408 3.34502 1.8855 1.23755 1.01762 1.00057 1.00057 1.01762 1.23755 
7.40368 2.79214 1.30829 1.03076 1.03045 1.30667 2.78633 7.41487 12.694 7.73857 2.87664 1.3976 1.39972 2.87907 7.72974 12.6882 12.4516 12.923 8.15991 4.07179 4.04497 8.12488 12.9441 12.6005 4.00781 3.34476 3.17002 2.5318 2.5318 3.17002 3.34476 4.00781 6.7361 10.0332 12.4387 14.4047 14.4047 12.4387 10.0332 6.7361 2.14835 1.50423 1.11394 1.01157 1.01157 1.11394 1.50423 2.14835 1.23708 1.03499 1.00185 0.999948 0.999948 1.00185 1.03499 
5.16911 1.94572 1.12387 1.00809 1.00801 1.12325 1.94331 5.17182 9.91026 5.71371 2.06304 1.16139 1.16482 2.08258 5.73681 9.95213 9.74838 9.73725 5.59246 2.39222 2.3844 5.57882 9.76597 9.85716 2.33877 1.93754 1.8891 1.58087 1.58087 1.8891 1.93754 2.33877 4.00983 7.08601 9.86787 12.2326 12.2326 9.86787 7.08601 4.00983 1.35352 1.10632 1.01427 1.00073 1.00073 1.01427 1.10632 1.35352 1.03875 1.0032 1.00004 0.999968 0.999968 1.00004 1.0032 
5.17182 1.94331 1.12325 1.00801 1.00801 1.12325 1.94331 5.17182 9.91026 5.71371 2.06304 1.16139 1.16139 2.06304 5.71371 9.91026 9.81993 9.77125 5.57882 2.3844 2.3844 5.57882 9.73725 9.74838 2.32289 1.93279 1.88733 1.58086 1.58087 1.8891 1.93754 2.33877 4.00983 7.08601 9.86787 12.2326 12.2742 9.88867 7.03468 3.90656 1.35355 1.10404 1.01406 1.00072 1.00073 1.01427 1.10632 1.35352 1.03875 1.0032 1.00004 0.999968 0.999967 1.00005 1.00331 
7.41487 2.78633 1.30667 1.03045 1.03045 1.30667 2.78633 7.41487 12.694 7.73857 2.87664 1.3976 1.3976 2.87664 7.73857 12.694 12.5846 12.9785 8.12488 4.04497 4.04497 8.12488 12.923 12.4516 3.9583 3.32494 3.16354 2.53152 2.5318 3.17002 3.34476 4.00781 6.7361 10.0332 12.4387 14.4047 14.4982 12.4837 10.0469 6.57583 2.14863 1.49172 1.11229 1.01139 1.01157 1.11394 1.50423 2.14835 1.23708 1.03499 1.00185 0.999948 0.999948 1.00189 1.03586 
9.23661 3.52322 1.47079 1.05121 1.05121 1.47079 3.52322 9.23661 15.1487 9.51182 3.58554 1.61934 1.61934 3.58554 9.51182 15.1487 15.5938 16.5548 11.839 7.3648 7.3648 11.839 16.4913 15.4276 6.86015 6.07594 5.8369 5.11001 5.11115 5.84575 6.101 6.93202 9.14991 12.4851 15.015 17.0409 17.1609 15.0735 12.5068 8.88829 3.34539 2.34276 1.42603 1.07644 1.07714 1.42808 2.36408 3.34502 1.8855 1.23755 1.01762 1.00057 1.00056 1.01759 1.23708 
8.09947 3.10066 1.37747 1.0392 1.0392 1.37747 3.10066 8.09947 14.0557 8.30047 3.18498 1.51494 1.51494 3.18498 8.30047 14.0557 16.6902 18.3864 15.9327 13.3042 13.3042 15.9327 18.1769 16.3927 9.20142 9.04354 8.98446 8.90108 8.76159 8.80778 8.87673 9.09582 9.17097 11.6428 13.2204 14.8471 15.0418 13.369 11.8087 9.11917 4.58394 3.51723 2.04259 1.32349 1.31408 2.00619 3.45213 4.49328 3.17692 1.63757 1.07433 1.00507 1.00512 1.07525 1.6448 
10.9105 3.98854 1.55612 1.05692 1.05692 1.55612 3.98854 10.9105 19.5842 10.4235 4.04909 1.83393 1.83393 4.04909 10.4235 19.5842 26.7292 28.9656 28.9637 28.6362 28.533 28.8779 28.894 26.6558 22.1811 22.6579 22.9754 22.9626 23.1447 23.1832 22.8577 22.3574 22.7586 26.1587 28.2157 28.8614 28.5409 27.8669 26.1587 22.7586 16.6756 14.4742 9.05776 4.7673 4.79224 9.02015 14.4229 16.621 10.9278 4.04078 1.55839 1.05512 1.05512 1.55839 4.04078 
11.6253 4.17192 1.58875 1.06256 1.06256 1.58875 4.17192 11.6253 21.303 10.9631 4.21496 1.8824 1.8824 4.21496 10.9631 21.303 29.963 32.268 32.6488 32.641 32.6581 32.6718 32.2975 29.9999 26.4708 26.1017 26.4888 27.1894 27.1983 26.48 26.0992 26.4779 27.6828 31.06 32.5977 33.0798 33.1092 32.6175 31.06 27.6828 19.6546 16.9086 10.7415 5.64334 5.67616 10.7207 16.9573 19.662 12.6316 4.53989 1.66574 1.06717 1.06717 1.66574 4.53989 
11.9505 4.25269 1.60153 1.06409 1.06409 1.60153 4.25269 11.9505 22.2029 11.2365 4.2731 1.8867 1.8867 4.2731 11.2365 22.2029 31.5286 33.6671 34.2715 34.3914 34.3982 34.2836 33.6854 31.5654 29.4554 28.9031 29.3561 30.3032 30.3131 29.347 28.9027 29.466 30.1776 33.1943 34.3106 34.5637 34.5673 34.3129 33.1943 30.1776 21.4088 18.4445 11.6679 6.08099 6.11138 11.6432 18.4807 21.4109 13.8119 4.93086 1.74686 1.07613 1.07613 1.74686 4.93086 
12.0155 4.24293 1.59826 1.06185 1.06185 1.59826 4.24293 12.0155 22.5185 11.2922 4.23532 1.8399 1.8399 4.23532 11.2922 22.5185 32.0597 33.9837 34.6556 34.7943 34.7972 34.661 33.9889 32.0985 31.4516 31.2907 31.6952 32.4751 32.4808 31.6912 31.2909 31.4596 30.903 33.6393 34.6486 34.8521 34.8531 34.6518 33.6393 30.903 22.1507 19.0892 11.8889 6.07693 6.09658 11.8719 19.1098 22.1517 14.3498 5.06739 1.7743 1.07875 1.07875 1.7743 5.06739 
12.0029 4.24335 1.59923 1.06219 1.06185 1.59826 4.24293 12.0155 22.5843 11.2743 4.24089 1.84415 1.84415 4.24089 11.2743 22.5843 32.0597 33.9837 34.6556 34.7943 34.7943 34.6556 33.9837 32.0597 31.4596 31.2909 31.6912 32.4808 32.4751 31.6952 31.2909 31.4596 30.8892 33.6309 34.6474 34.8519 34.8526 34.6486 33.6393 30.903 22.1356 19.0888 11.8862 6.13152 6.07693 11.8889 19.0892 22.1507 14.3498 5.06739 1.7743 1.07875 1.07883 1.7744 5.06773 
11.9277 4.25209 1.6027 1.06457 1.06409 1.60153 4.25269 11.9505 22.2604 11.2228 4.28264 1.89303 1.89303 4.28264 11.2228 22.2604 31.5286 33.6671 34.2715 34.3914 34.3914 34.2715 33.6671 31.5286 29.466 28.9027 29.347 30.3131 30.3032 29.3561 28.9027 29.466 30.1569 33.1863 34.3106 34.563 34.5648 34.3106 33.1943 30.1776 21.3791 18.4438 11.6614 6.16405 6.08099 11.6679 18.4445 21.4088 13.8119 4.93086 1.74686 1.07613 1.07625 1.74699 4.9314 
11.598 4.17043 1.5898 1.06303 1.06256 1.58875 4.17192 11.6253 21.3409 10.9499 4.22459 1.88882 1.88882 4.22459 10.9499 21.3409 29.963 32.268 32.6488 32.641 32.641 32.6488 32.268 29.963 26.4779 26.0992 26.48 27.1983 27.1894 26.4888 26.0992 26.4779 27.662 31.0526 32.5932 33.0715 33.0641 32.5977 31.06 27.6828 19.6196 16.9077 10.7276 5.72361 5.64334 10.7415 16.9086 19.6546 12.6316 4.53989 1.66574 1.06717 1.0673 1.66598 4.54028 
10.8942 3.98705 1.55689 1.05727 1.05692 1.55612 3.98854 10.9105 19.6761 10.4386 4.06398 1.84092 1.84092 4.06398 10.4386 19.6761 26.7292 28.9656 28.9637 28.6362 28.6362 28.9637 28.9656 26.7292 22.3574 22.8577 23.1832 23.1447 22.9626 22.9754 22.8577 22.3574 22.8566 26.2706 28.3266 28.9688 28.9664 28.2157 26.1587 22.7586 16.8555 14.475 9.0802 4.85164 4.7673 9.05776 14.4742 16.6756 10.9278 4.04078 1.55839 1.05512 1.05539 1.56029 4.04058 
10.4493 3.81465 1.53761 1.05406 1.05441 1.5403 3.82695 10.4922 19.5204 10.2201 4.01417 1.87912 1.8903 4.04673 10.2736 19.6344 30.0101 32.1815 32.8678 32.9579 32.9579 32.8678 32.1689 29.9657 31.5865 33.3987 33.7813 33.5359 33.5888 33.8198 33.4317 31.6141 27.0787 31.4039 33.1159 33.682 33.5552 33.0167 31.3801 27.0138 18.2295 14.873 8.81311 4.55522 4.57857 8.62541 14.873 18.2295 11.6213 4.15448 1.59817 1.06597 1.06597 1.59817 4.15468 
11.5399 4.24002 1.6421 1.06948 1.07017 1.64731 4.26507 11.6224 20.8264 11.1999 4.42402 2.05369 2.06641 4.45688 11.2372 20.8953 31.5124 33.496 34.2491 34.396 34.396 34.2491 33.4739 31.4511 32.6769 34.0271 34.3427 34.3394 34.3379 34.3414 34.0266 32.6988 29.3719 32.6111 34.0109 34.4255 34.4424 34.0458 32.642 29.3244 21.4054 17.6388 10.6971 5.56156 5.58669 10.5811 17.6388 21.4054 13.3857 4.6936 1.72549 1.08513 1.08513 1.72549 4.69376 
11.9631 4.39068 1.67246 1.07271 1.07339 1.67748 4.41463 12.04 21.3206 11.508 4.52338 2.08116 2.09396 4.55735 11.5486 21.3889 31.9997 33.9036 34.6526 34.8364 34.8364 34.6526 33.8839 31.9409 33.2685 34.3226 34.5991 34.6828 34.6821 34.5979 34.3232 33.2894 30.4868 33.4003 34.4964 34.7918 34.8017 34.5233 33.4324 30.4492 22.7852 18.7768 11.3176 5.85895 5.88533 11.1881 18.7768 22.7852 14.4152 5.07654 1.80727 1.09563 1.09563 1.80727 5.07675 
11.8976 4.30092 1.6321 1.06423 1.0646 1.63497 4.31483 11.9463 21.4879 11.3252 4.37 1.96646 1.97397 4.38953 11.3424 21.5569 32.2056 34.0077 34.7504 34.9194 34.9194 34.7504 33.997 32.169 33.5154 34.4969 34.7542 34.8457 34.8453 34.7534 34.4971 33.5266 30.8545 33.6829 34.6596 34.8921 34.8974 34.6739 33.7032 30.8157 23.2385 19.21 11.4511 5.85756 5.87248 11.3592 19.21 23.2385 14.947 5.23792 1.82652 1.0934 1.0934 1.82652 5.23803 
11.9463 4.31483 1.63497 1.0646 1.0646 1.63497 4.31483 11.9463 21.4879 11.3252 4.37 1.96646 1.96646 4.37 11.3252 21.4879 32.2056 34.0077 34.7504 34.9194 34.9208 34.7546 34.0077 32.2056 33.5266 34.4971 34.7534 34.8453 34.8457 34.7542 34.4971 33.5154 30.8157 33.7032 34.6671 34.895 34.8921 34.6596 33.6829 30.8545 23.4455 19.3338 11.2988 5.83864 5.84136 11.4269 19.2439 23.324 14.9456 5.23803 1.82652 1.0934 1.09294 1.82476 5.23792 
12.04 4.41463 1.67748 1.07339 1.07339 1.67748 4.41463 12.04 21.3206 11.508 4.52338 2.08116 2.08116 4.52338 11.508 21.3206 31.9997 33.9036 34.6526 34.8364 34.8384 34.6599 33.9036 31.9997 33.2894 34.3232 34.5979 34.6821 34.6828 34.5991 34.3232 33.2685 30.4492 33.4324 34.5087 34.7958 34.7918 34.4964 33.4003 30.4868 23.0439 18.9848 11.0937 5.8268 5.83071 11.2798 18.8319 22.8916 14.4146 5.07675 1.80727 1.09563 1.09488 1.80445 5.07654 
11.6224 4.26507 1.64731 1.07017 1.07017 1.64731 4.26507 11.6224 20.8264 11.1999 4.42402 2.05369 2.05369 4.42402 11.1999 20.8264 31.5124 33.496 34.2491 34.396 34.3939 34.2557 33.496 31.5124 32.6988 34.0266 34.3414 34.3379 34.3394 34.3427 34.0266 32.6769 29.3244 32.642 34.0195 34.429 34.4255 34.0109 32.6111 29.3719 21.6906 17.8612 10.4919 5.53182 5.53595 10.6639 17.6991 21.5234 13.3844 4.69376 1.72549 1.08513 1.08444 1.72281 4.6936 
10.4922 3.82695 1.5403 1.05441 1.05441 1.5403 3.82695 10.4922 19.5204 10.2201 4.01417 1.87912 1.87912 4.01417 10.2201 19.5204 30.0101 32.1815 32.8678 32.9579 32.9751 32.8793 32.1815 30.0101 31.6141 33.4317 33.8198 33.5888 33.5359 33.7813 33.4317 31.5865 27.0138 31.3801 33.051 33.5941 33.682 33.1159 31.4039 27.0787 18.2134 14.7353 8.50887 4.52096 4.52424 8.74704 14.8349 18.23 11.6231 4.15468 1.59817 1.06597 1.0654 1.59502 4.15448 
6.19219 2.16305 1.14722 1.00873 1.00873 1.14722 2.16305 6.19219 13.1656 5.71655 2.04449 1.16061 1.16061 2.04449 5.71655 13.1656 28.0414 31.0011 32.6026 32.9955 32.9955 32.6026 31.0011 28.0414 30.2539 33.2423 33.9615 33.7248 33.6998 33.9484 33.2174 30.2477 23.8708 30.5999 33.259 34.0002 33.9829 33.2516 30.5686 23.9541 7.78452 4.82583 2.54749 1.52911 1.53521 2.57368 4.89088 7.86826 4.02237 1.63277 1.0718 1.0054 1.0054 1.07178 1.63277 
4.96334 1.74927 1.0727 1.00301 1.00301 1.0727 1.74927 4.96334 11.5227 4.52317 1.63202 1.06527 1.06527 1.63202 4.52317 11.5227 28.138 31.6494 33.6455 34.0914 34.0914 33.6455 31.6494 28.138 30.2428 33.4697 34.2615 34.3324 34.3321 34.257 33.4627 30.2807 23.0959 30.6685 33.6156 34.4345 34.4414 33.6193 30.6478 23.2134 6.24732 3.71234 1.96828 1.29019 1.28308 1.94952 3.67974 6.22325 2.85315 1.30975 1.02921 1.00189 1.00189 1.02921 1.30975 
4.5948 1.62659 1.05495 1.00195 1.00195 1.05495 1.62659 4.5948 11.1743 4.27696 1.56131 1.05284 1.05284 1.56131 4.27696 11.1743 28.1385 31.8755 34.1176 34.6419 34.6419 34.1176 31.8755 28.1385 30.2421 33.6034 34.4723 34.6666 34.6649 34.4675 33.5971 30.2822 22.8338 30.7008 33.7494 34.5945 34.5959 33.7511 30.6779 22.956 5.3149 2.95259 1.6288 1.21135 1.20512 1.61137 2.92017 5.29129 2.18995 1.15741 1.01569 1.00117 1.00117 1.01569 1.15741 
4.52135 1.60102 1.0515 1.00183 1.00183 1.0515 1.60102 4.52135 11.2253 4.29318 1.56239 1.05258 1.05258 1.56239 4.29318 11.2253 28.1298 31.9184 34.2303 34.7634 34.7634 34.2303 31.9184 28.1298 30.2762 33.7038 34.6044 34.8198 34.8188 34.6015 33.6989 30.2947 22.8684 30.7493 33.8137 34.6169 34.6173 33.8144 30.7291 22.9848 5.24879 2.72179 1.49384 1.14839 1.14511 1.48361 2.70039 5.23685 2.1262 1.15169 1.01354 1.00092 1.00092 1.01354 1.15169 
4.51786 1.5992 1.05129 1.00181 1.00183 1.0515 1.60102 4.52135 11.2253 4.29318 1.56239 1.05258 1.05258 1.56239 4.28844 11.3219 28.1298 31.9184 34.2326 34.7617 34.7617 34.2326 31.8923 28.2997 30.2947 33.6989 34.6015 34.8188 34.8198 34.6044 33.7038 30.2762 22.9848 30.7291 33.8101 34.6124 34.6124 33.8102 30.7493 22.8684 5.24879 2.72179 1.49384 1.14839 1.14839 1.49384 2.72179 5.24879 2.1262 1.15169 1.01354 1.00092 1.00092 1.01354 1.15171 
4.58623 1.6238 1.05464 1.00193 1.00195 1.05495 1.62659 4.5948 11.1743 4.27696 1.56131 1.05284 1.05285 1.56132 4.27196 11.2688 28.1385 31.8755 34.1125 34.6359 34.6359 34.1125 31.8396 28.3012 30.2822 33.5971 34.4675 34.6649 34.6666 34.4723 33.6034 30.2421 22.956 30.6779 33.7388 34.5869 34.5866 33.7385 30.7008 22.8338 5.3149 2.95259 1.6288 1.21135 1.21135 1.6288 2.95259 5.3149 2.18995 1.15741 1.01569 1.00117 1.00117 1.01569 1.15743 
4.95344 1.74616 1.07234 1.00298 1.00301 1.0727 1.74927 4.96334 11.5227 4.52317 1.63202 1.06527 1.06528 1.6321 4.51712 11.6136 28.138 31.6494 33.6398 34.092 34.092 33.6398 31.6154 28.2904 30.2807 33.4627 34.257 34.3321 34.3324 34.2615 33.4697 30.2428 23.2134 30.6478 33.6072 34.4318 34.4294 33.6063 30.6685 23.0959 6.24732 3.71234 1.96828 1.29019 1.29019 1.96828 3.71234 6.24732 2.85315 1.30975 1.02921 1.00189 1.00189 1.02921 1.30979 
6.15022 2.15145 1.1456 1.0086 1.00873 1.14722 2.16305 6.19219 13.1656 5.71655 2.04449 1.16061 1.16078 2.04545 5.70936 13.2502 28.0414 31.0011 32.522 32.9112 32.9112 32.522 30.9122 28.064 30.2477 33.2174 33.9484 33.6998 33.7248 33.9615 33.2423 30.2539 23.9541 30.5686 33.2389 33.976 33.9838 33.2492 30.5999 23.8708 7.78452 4.82583 2.54749 1.52911 1.52911 2.54749 4.82583 7.78452 4.02237 1.63277 1.07178 1.0054 1.0054 1.0718 1.63271 
4.28948 1.54476 1.04419 1.00185 1.00185 1.04419 1.54422 4.29495 11.0007 4.21423 1.55432 1.0541 1.0541 1.55432 4.22888 11.1068 24.3262 26.3952 28.3805 28.8351 28.8351 28.3805 26.2749 24.2344 27.1271 28.7002 28.0194 27.8914 27.8914 28.0194 28.7002 27.1271 22.9624 28.9994 31.7503 32.5674 32.4966 31.6364 28.8621 23.0627 9.24736 5.29698 2.73903 1.60657 1.60657 2.7042 5.25828 9.24736 4.94569 1.99083 1.1483 1.01363 1.01362 1.14509 1.99071 
4.50488 1.59129 1.04967 1.00217 1.00217 1.04967 1.59146 4.52098 11.6192 4.34326 1.56798 1.05211 1.05211 1.56798 4.34752 11.705 26.519 29.9792 31.9541 32.466 32.466 31.9541 29.9788 26.469 26.7722 29.2774 29.6071 30.0876 30.0876 29.6071 29.2774 26.7722 21.7489 28.7137 32.3291 33.6279 33.5948 32.2576 28.6043 21.8713 7.32425 3.53339 1.64155 1.1073 1.1073 1.63777 3.50428 7.32425 3.6291 1.53886 1.05631 1.00292 1.00292 1.0567 1.53885 
4.60471 1.61143 1.0516 1.00235 1.00235 1.0516 1.61165 4.62144 11.8934 4.43998 1.58737 1.05446 1.05446 1.58737 4.44469 11.9835 27.3395 31.3261 33.563 34.1478 34.1478 33.563 31.3311 27.2745 26.9283 30.1755 31.1738 31.9239 31.9239 31.1738 30.1755 26.9283 21.1311 28.6442 32.5774 34.0347 34.0049 32.5133 28.5496 21.2722 6.28689 2.71335 1.28961 1.00459 1.00459 1.28699 2.68209 6.28689 2.87879 1.31664 1.02709 1.00088 1.00088 1.02753 1.31665 
4.60918 1.60575 1.05039 1.00216 1.00216 1.05039 1.60599 4.62219 11.9642 4.4408 1.58601 1.0546 1.0546 1.58601 4.44331 12.0533 27.5426 31.522 33.9779 34.5683 34.5683 33.9779 31.5261 27.505 27.5727 31.3322 32.5931 33.3212 33.3212 32.5931 31.3322 27.5727 21.0641 28.9099 32.8402 34.2277 34.2131 32.8028 28.8463 21.1909 6.00774 2.51964 1.22782 1.00199 1.00199 1.22727 2.50125 6.00774 2.62644 1.24202 1.01819 1.00044 1.00044 1.01844 1.24201 
4.62219 1.60599 1.05018 1.00212 1.00216 1.05039 1.60575 4.60918 12.0533 4.44331 1.58321 1.05428 1.05428 1.58321 4.4408 11.9642 27.505 31.5261 33.9813 34.5719 34.5683 33.9779 31.522 27.5426 27.5708 31.3327 32.5978 33.3223 33.3212 32.5931 31.3322 27.5727 21.1909 28.8463 32.7257 34.1779 34.2277 32.8402 28.9099 21.0641 5.96848 2.52364 1.22798 1.00102 0.999937 1.22782 2.51964 6.07112 2.62644 1.24202 1.01819 1.00044 1.00044 1.01819 1.24202 
4.62144 1.61165 1.05128 1.0023 1.00235 1.0516 1.61143 4.60471 11.9835 4.44469 1.584 1.0541 1.0541 1.584 4.43998 11.8934 27.2745 31.3311 33.5695 34.1532 34.1478 33.563 31.3261 27.3395 26.9285 30.1757 31.1841 31.9249 31.9239 31.1738 30.1755 26.9283 21.2722 28.5496 32.3918 33.9437 34.0347 32.5774 28.6442 21.1311 6.26132 2.71974 1.28874 1.00319 1.00168 1.28961 2.71335 6.38503 2.87879 1.31664 1.02709 1.00088 1.00088 1.02709 1.31664 
4.52098 1.59146 1.04935 1.00212 1.00217 1.04967 1.59129 4.50488 11.705 4.34752 1.56469 1.05177 1.05177 1.56469 4.34326 11.6192 26.469 29.9788 31.963 32.4751 32.466 31.9541 29.9792 26.519 26.7723 29.2785 29.6174 30.0876 30.0876 29.6071 29.2774 26.7722 21.8713 28.6043 32.1409 33.5374 33.6279 32.3291 28.7137 21.7489 7.29922 3.54366 1.64193 1.10665 1.10506 1.64155 3.53339 7.41852 3.6291 1.53886 1.05631 1.00292 1.00292 1.05631 1.53886 
4.29495 1.54422 1.04394 1.00181 1.00185 1.04419 1.54476 4.28948 11.1068 4.22888 1.54952 1.0535 1.0535 1.54952 4.21423 11.0007 24.2344 26.2749 28.2722 28.7292 28.8351 28.3805 26.3952 24.3262 27.1256 28.6935 27.8696 27.748 27.8914 28.0194 28.7002 27.1271 23.0627 28.8621 31.4889 32.3923 32.5674 31.7503 28.9994 22.9624 9.22045 5.29919 2.71672 1.61715 1.63136 2.73903 5.29698 9.35313 4.94569 1.99083 1.1483 1.01363 1.01363 1.1483 1.99083 
1.95501 1.09868 1.00531 1.00014 1.00014 1.00531 1.0982 1.94789 5.34899 1.93184 1.0925 1.00479 1.00479 1.0925 1.93097 5.3889 13.9386 11.6795 11.3579 11.4129 11.4127 11.3583 11.8633 14.3335 21.7881 18.4159 15.2857 14.1198 13.9509 15.0786 18.2043 21.6906 23.4785 27.2733 28.5629 28.9929 28.9087 28.4808 27.1634 23.3253 14.1327 11.0308 8.3799 5.57782 5.69275 8.38638 11.0716 14.1992 8.60123 4.42419 1.99327 1.24188 1.24605 2.00746 4.42505 
1.46628 1.03651 1.00127 0.999843 0.999845 1.00129 1.03681 1.46807 3.79191 1.45627 1.03323 1.00025 1.00025 1.03324 1.45634 3.82476 11.6697 6.35416 4.7231 4.45712 4.4634 4.73211 6.36086 11.9348 22.6205 17.3061 12.1117 9.37288 9.35596 12.0724 17.2605 22.6824 25.7531 29.3848 30.7466 31.4447 31.429 30.7173 29.3152 25.6485 17.7424 14.8981 12.2279 8.57272 8.76272 12.2286 14.9726 17.7878 11.39 6.17121 2.59164 1.43037 1.43834 2.61698 6.17238 
1.34457 1.02414 1.00066 0.999934 0.999936 1.00068 1.02441 1.34685 3.23481 1.34853 1.02393 0.999847 0.999847 1.02393 1.34874 3.26028 10.7453 4.40179 2.13055 1.69433 1.69518 2.13211 4.3769 10.996 22.8976 15.4156 8.8037 5.51852 5.50048 8.76299 15.3581 22.9777 28.0078 31.4114 32.6683 33.2639 33.2444 32.6318 31.3236 27.8878 19.7505 16.2882 13.0259 8.9858 9.18626 13.0312 16.37 19.799 12.8504 6.91026 2.78672 1.47427 1.48295 2.8135 6.91149 
1.33578 1.02362 1.00068 0.999923 0.999924 1.00069 1.02377 1.33688 3.1624 1.3466 1.02911 1.00171 1.00171 1.0291 1.34672 3.18665 10.4593 4.07688 1.72374 1.27458 1.27571 1.7255 4.06008 10.6891 22.9838 13.48 6.32297 3.53738 3.52611 6.29975 13.4377 23.0403 29.3927 32.572 33.6457 34.0778 34.0686 33.6259 32.5248 29.3232 21.3856 16.9769 12.5448 8.20677 8.32294 12.5487 17.0339 21.4247 13.7204 6.57877 2.54264 1.35644 1.36139 2.55774 6.57943 
1.33688 1.02377 1.00069 0.999924 0.999924 1.00069 1.02377 1.33688 3.1624 1.3466 1.02911 1.00171 1.00171 1.02911 1.3466 3.1624 10.6891 4.06008 1.7255 1.27571 1.27571 1.7255 4.06008 10.6891 23.0403 13.4377 6.29975 3.52611 3.52611 6.29975 13.4377 23.0403 29.3232 32.5248 33.6259 34.0686 34.0891 33.6713 32.6016 29.4312 21.4247 17.0339 12.5487 8.32294 8.14965 12.5193 17.0685 21.4247 13.7204 6.57877 2.54264 1.35644 1.35644 2.54264 6.57877 
1.34685 1.02441 1.00068 0.999936 0.999936 1.00068 1.02441 1.34685 3.23481 1.34853 1.02393 0.999847 0.999847 1.02393 1.34853 3.23481 10.996 4.3769 2.13211 1.69518 1.69518 2.13211 4.3769 10.996 22.9777 15.3581 8.76299 5.50048 5.50048 8.76299 15.3581 22.9777 27.8878 31.3236 32.6318 33.2444 33.2883 32.7147 31.4618 28.0785 19.799 16.37 13.0312 9.18626 8.88539 13.0025 16.4213 19.799 12.8504 6.91026 2.78672 1.47427 1.47427 2.78672 6.91026 
1.46807 1.03681 1.00129 0.999845 0.999845 1.00129 1.03681 1.46807 3.79191 1.45627 1.03323 1.00025 1.00025 1.03323 1.45627 3.79191 11.9348 6.36086 4.73211 4.4634 4.4634 4.73211 6.36086 11.9348 22.6824 17.2605 12.0724 9.35596 9.35596 12.0724 17.2605 22.6824 25.6485 29.3152 30.7173 31.429 31.4733 30.7944 29.4224 25.8335 17.7878 14.9726 12.2286 8.76272 8.47505 12.2061 15.0211 17.7878 11.39 6.17121 2.59164 1.43037 1.43037 2.59164 6.17121 
1.94789 1.0982 1.00531 1.00014 1.00014 1.00531 1.0982 1.94789 5.34899 1.93184 1.0925 1.00479 1.00479 1.0925 1.93184 5.34899 14.3335 11.8633 11.3583 11.4127 11.4127 11.3583 11.8633 14.3335 21.6906 18.2043 15.0786 13.9509 13.9509 15.0786 18.2043 21.6906 23.3253 27.1634 28.4808 28.9087 28.9355 28.5115 27.2219 23.4709 14.1992 11.0716 8.38638 5.69275 5.52266 8.36642 11.0845 14.1992 8.60123 4.42419 1.99327 1.24188 1.24188 1.99327 4.42419 
1.06314 1.00342 1.00006 0.999983 0.999983 1.00006 1.00337 1.06098 1.63265 1.09385 1.00811 1.00062 1.00062 1.00811 1.09823 1.70139 5.55133 4.47488 4.04574 3.9953 3.9953 4.04574 4.47488 5.55133 8.6185 5.53279 4.13192 3.71061 3.67316 4.09457 5.47789 8.5343 12.6458 15.8472 15.9797 15.7912 15.9626 16.169 15.7118 12.7725 5.12696 3.99572 2.73806 1.61802 1.61708 2.73344 3.96034 5.0859 2.94156 1.51737 1.09763 1.01164 1.01182 1.09887 1.52471 
1.00683 1.00016 0.999855 0.999896 0.999896 0.999856 1.00017 1.00671 1.09856 1.01118 1.00072 0.999885 0.999885 1.00072 1.01077 1.10175 1.98203 1.61125 1.52729 1.50938 1.50938 1.52729 1.61125 1.98203 4.08416 2.53066 1.64681 1.4955 1.49318 1.64381 2.53077 4.07663 5.77625 7.32706 7.12625 6.67443 6.64651 7.08374 7.18667 5.74102 2.31659 1.91565 1.40712 1.08923 1.09004 1.40947 1.91142 2.31434 1.60931 1.13727 1.01856 1.00146 1.00143 1.01832 1.13617 
1.00033 0.999965 0.999992 1 1 0.999992 0.999965 1.00032 1.00724 1.00041 0.999918 0.999981 0.999981 0.999918 1.00037 1.0075 1.13554 1.05554 1.0433 1.0406 1.0406 1.0433 1.05554 1.13554 1.87892 1.33113 1.07835 1.05001 1.05002 1.07839 1.33155 1.87667 2.36843 2.95827 2.722 2.44378 2.44486 2.71878 2.88247 2.36455 1.21264 1.14028 1.04277 1.00563 1.0057 1.04307 1.13981 1.2124 1.09316 1.01582 1.00141 0.999961 0.999959 1.0014 1.01571 
1.00004 0.999992 1 1 1 1 0.999992 1.00004 1.00021 0.999828 0.999982 1 1 0.999982 0.999822 1.00023 1.01456 1.00264 1.00151 1.00141 1.00141 1.00151 1.00264 1.01456 1.21244 1.05545 1.00789 1.00417 1.00417 1.0079 1.05553 1.21212 1.3334 1.5253 1.4179 1.29247 1.29265 1.41772 1.50201 1.33321 1.02069 1.01446 1.00246 1.00004 1.00004 1.00247 1.01443 1.02067 1.00899 1.00103 0.999943 0.999962 0.999962 0.999942 1.00102 
1.00004 0.999992 1 1 1 1 0.999992 1.00004 1.00021 0.999828 0.999982 1 1 0.999982 0.999828 1.00021 1.01452 1.00265 1.00154 1.00144 1.00141 1.00151 1.00264 1.01456 1.21212 1.05553 1.0079 1.00417 1.00417 1.00789 1.05545 1.21244 1.3268 1.51381 1.41772 1.29265 1.29247 1.4179 1.5253 1.3334 1.02067 1.01443 1.00247 1.00004 1.00004 1.00246 1.01446 1.02069 1.00899 1.00103 0.999942 0.999962 0.999962 0.999943 1.00103 
1.00032 0.999965 0.999992 1 1 0.999992 0.999965 1.00032 1.00724 1.00041 0.999918 0.999981 0.999981 0.999919 1.00041 1.00724 1.13531 1.0557 1.04372 1.04092 1.0406 1.0433 1.05554 1.13554 1.87667 1.33155 1.07839 1.05002 1.05001 1.07835 1.33113 1.87892 2.34627 2.92103 2.71878 2.44486 2.44378 2.722 2.95827 2.36843 1.2124 1.13981 1.04307 1.0057 1.00563 1.04277 1.14028 1.21264 1.09316 1.01582 1.0014 0.999959 0.999961 1.00141 1.01582 
1.00671 1.00017 0.999856 0.999896 0.999896 0.999856 1.00017 1.00671 1.09856 1.01118 1.00072 0.999885 0.999887 1.00073 1.01118 1.09856 1.9775 1.6109 1.52954 1.51104 1.50938 1.52729 1.61125 1.98203 4.07663 2.53077 1.64381 1.49318 1.4955 1.64681 2.53066 4.08416 5.74494 7.26959 7.08374 6.64651 6.67443 7.12625 7.32706 5.77625 2.31434 1.91142 1.40947 1.09004 1.08923 1.40712 1.91565 2.31659 1.60931 1.13727 1.01832 1.00143 1.00146 1.01856 1.13727 
1.06098 1.00337 1.00006 0.999983 0.999983 1.00006 1.00337 1.06098 1.63265 1.09385 1.00811 1.00062 1.00063 1.00809 1.09385 1.63265 5.43693 4.40321 4.05489 4.00143 3.9953 4.04574 4.47488 5.55133 8.5343 5.47789 4.09457 3.67316 3.71061 4.13192 5.53279 8.6185 12.5777 15.7378 16.169 15.9626 15.7912 15.9797 15.8472 12.6458 5.0859 3.96034 2.73344 1.61708 1.61802 2.73806 3.99572 5.12696 2.94156 1.51737 1.09887 1.01182 1.01164 1.09763 1.51737 
1.00581 1.00032 1.00006 1.00009 1.00009 1.00006 1.00032 1.00581 1.09531 1.01278 1.00126 1.00013 1.00013 1.00126 1.01278 1.09531 1.76507 1.54675 1.47338 1.48073 1.48073 1.47338 1.54675 1.76507 3.13243 1.89854 1.59433 1.40145 1.40145 1.59433 1.89854 3.13243 5.61909 6.97501 7.07421 6.80166 6.80166 7.07421 6.97501 5.61909 2.30924 1.84084 1.45307 1.11375 1.11375 1.45307 1.84084 2.30924 1.40919 1.05816 1.00734 1.00074 1.00074 1.00734 1.05816 
1.00023 0.999989 0.999995 0.999998 0.999998 0.999995 0.999989 1.00023 1.00668 1.00067 0.999951 0.999974 0.999974 0.999951 1.00067 1.00668 1.10737 1.07516 1.06625 1.06376 1.06376 1.06625 1.07516 1.10737 1.4282 1.13205 1.07162 1.03913 1.03913 1.07162 1.13205 1.4282 1.96224 2.29989 2.31708 2.20933 2.20933 2.31708 2.29989 1.96224 1.2204 1.12954 1.05252 1.00894 1.00894 1.05252 1.12954 1.2204 1.06019 1.00647 1.00056 0.999945 0.999945 1.00056 1.00647 
1.00004 0.999994 1 1 1 1 0.999994 1.00004 1.00019 0.999849 0.999976 0.999998 0.999998 0.999976 0.999849 1.00019 1.00998 1.00693 1.00618 1.00557 1.00557 1.00618 1.00693 1.00998 1.04553 1.00911 1.00467 1.00189 1.00189 1.00467 1.00911 1.04553 1.12027 1.17593 1.17695 1.14473 1.14473 1.17695 1.17593 1.12027 1.02363 1.01254 1.00324 1.00032 1.00032 1.00324 1.01254 1.02363 1.00499 1.0004 0.999938 0.99998 0.99998 0.999938 1.0004 
1.0001 0.999998 1 1 1 1 0.999998 1.0001 0.999983 0.99989 0.999999 1 1 0.999999 0.99989 0.999983 1.00067 1.00033 1.00038 1.0003 1.0003 1.00038 1.00033 1.00067 1.00258 1.00028 1.00015 1.00003 1.00003 1.00015 1.00028 1.00258 1.00705 1.01161 1.01174 1.00798 1.00798 1.01174 1.01161 1.00705 1.00132 1.00055 1.00005 0.999934 0.999934 1.00005 1.00055 1.00132 1.00033 0.999945 0.999984 1 1 0.999984 0.999945 
0 0 0 0 1 1 0.999998 1.0001 0.999983 0.99989 0.999999 1 1 0.999999 0.99989 0.999983 1.00067 1.00033 1.00038 1.0003 1.00029 1.00037 1.00032 1.00065 1.00251 1.00027 1.00014 1.00003 1.00003 1.00015 1.00028 1.00258 1.00705 1.01161 1.01174 1.00798 1.00779 1.01126 1.01103 1.00672 1.00129 1.00053 1.00005 0.999933 0.999934 1.00005 1.00055 1.00132 1.00033 0.999945 0.999984 1 0 0 0 
0 0 0 0 1 1 0.999994 1.00004 1.00019 0.999849 0.999976 0.999998 0.999998 0.999976 0.999847 1.0002 1.00998 1.00693 1.00618 1.00557 1.00548 1.00608 1.00681 1.00983 1.0447 1.00899 1.00457 1.00184 1.00189 1.00467 1.00911 1.04553 1.12027 1.17593 1.17695 1.14473 1.14291 1.17314 1.1714 1.11744 1.02335 1.01233 1.00324 1.00031 1.00032 1.00324 1.01254 1.02363 1.00499 1.0004 0.999938 0.99998 0 0 0 
0 0 0 0 0.999998 0.999995 0.999989 1.00023 1.00668 1.00067 0.999951 0.999974 0.999974 0.999951 1.00066 1.00684 1.10737 1.07516 1.06625 1.06376 1.06308 1.06549 1.07428 1.10641 1.4234 1.13132 1.07061 1.03852 1.03913 1.07162 1.13205 1.4282 1.96224 2.29989 2.31708 2.20933 2.19946 2.29792 2.27694 1.94692 1.21929 1.12834 1.05253 1.00888 1.00894 1.05252 1.12954 1.2204 1.06019 1.00647 1.00056 0.999945 0 0 0 
