0 0 0 0 1.00019 1.00381 1.04572 1.34486 2.16549 1.44282 1.07327 1.00881 1.00881 1.07326 1.44206 2.16528 2.68047 2.77385 2.14702 1.60131 1.59839 2.14135 2.77367 2.68 1.41027 1.1262 1.08965 1.18233 1.18416 1.0958 1.1315 1.40973 1.26897 1.83079 3.01469 3.88336 3.88226 3.01421 1.82922 1.26377 1.07153 1.06695 1.01787 1.00147 1.00155 1.0187 1.06893 1.073 1.02978 1.00271 1.00015 1.00007 0 0 0 
0 0 0 0 0.999944 1.00038 1.00555 1.05027 1.16287 1.04968 1.00639 1.00044 1.00044 1.00639 1.0494 1.16222 1.23564 1.23635 1.12553 1.04873 1.0484 1.12478 1.23608 1.23566 1.06291 1.01585 1.01045 1.02299 1.0229 1.01073 1.01605 1.06235 1.03077 1.15308 1.50919 1.76033 1.76641 1.51445 1.15506 1.03109 1.00511 1.00628 1.00141 1.00006 1.00006 1.00148 1.00651 1.00526 1.00215 1.0001 0.99998 0.999994 0 0 0 
0 0 0 0 0.999985 0.999943 1.00043 1.00435 1.01273 1.00284 1.00022 0.999894 0.999894 1.00022 1.0028 1.01261 1.01639 1.01511 1.0065 1.00177 1.00174 1.00642 1.01508 1.01642 1.00576 1.00257 1.00209 1.00268 1.00266 1.0021 1.00256 1.00569 1.00301 1.02121 1.0902 1.13663 1.13819 1.09148 1.02156 1.00306 1.00024 1.00023 1.00006 0.999982 0.999981 1.00007 1.00026 1.00025 1.00017 0.999969 0.999999 1 0 0 0 
0 0 0 0 1 0.999986 0.999945 1.00033 1.00037 0.999866 0.99994 0.99999 0.99999 0.99994 0.999862 1.00036 1.00043 1.00015 1.00004 0.999965 0.999962 1.00003 1.00015 1.00043 1.00048 1.0001 1.00018 1.00016 1.00015 1.00018 1.00009 1.00047 1.00019 1.00172 1.00946 1.01509 1.01534 1.00964 1.00176 1.00019 0.999995 0.999868 0.999982 0.999999 0.999999 0.999981 0.999868 0.999994 1.00007 0.999993 1 1 0 0 0 
1.00033 0.999945 0.999986 1 1 0.999986 0.999945 1.00033 1.00036 0.999862 0.99994 0.99999 0.99999 0.99994 0.999862 1.00036 1.00043 1.00015 1.00004 0.999965 0.999965 1.00004 1.00015 1.00043 1.00048 1.0001 1.00018 1.00016 1.00016 1.00018 1.0001 1.00048 1.00019 1.00176 1.00964 1.01534 1.01534 1.00964 1.00176 1.00019 0.999994 0.999868 0.999981 0.999999 0.999999 0.999981 0.999868 0.999994 1.00007 0.999993 1 1 1 1 0.999993 
1.00435 1.00043 0.999943 0.999985 0.999985 0.999943 1.00043 1.00435 1.01261 1.0028 1.00022 0.999894 0.999894 1.00022 1.0028 1.01261 1.01639 1.01511 1.0065 1.00177 1.00177 1.0065 1.01511 1.01639 1.00576 1.00257 1.00209 1.00268 1.00268 1.00209 1.00257 1.00576 1.00306 1.02156 1.09148 1.13819 1.13819 1.09148 1.02156 1.00306 1.00025 1.00026 1.00007 0.999981 0.999981 1.00007 1.00026 1.00025 1.00017 0.999969 0.999999 1 1 0.999999 0.999969 
1.05027 1.00555 1.00038 0.999944 0.999944 1.00038 1.00555 1.05027 1.16222 1.0494 1.00639 1.00044 1.00044 1.00639 1.0494 1.16222 1.23564 1.23635 1.12553 1.04873 1.04873 1.12553 1.23635 1.23564 1.06291 1.01585 1.01045 1.02299 1.02299 1.01045 1.01585 1.06291 1.03109 1.15506 1.51445 1.76641 1.76641 1.51445 1.15506 1.03109 1.00526 1.00651 1.00148 1.00006 1.00006 1.00148 1.00651 1.00526 1.00215 1.0001 0.99998 0.999994 0.999994 0.99998 1.0001 
1.34486 1.04572 1.00381 1.00019 1.00019 1.00381 1.04572 1.34486 2.16528 1.44206 1.07326 1.00881 1.00881 1.07326 1.44206 2.16528 2.68047 2.77385 2.14702 1.60131 1.60131 2.14702 2.77385 2.68047 1.41027 1.1262 1.08965 1.18233 1.18233 1.08965 1.1262 1.41027 1.26377 1.82922 3.01421 3.88226 3.88226 3.01421 1.82922 1.26377 1.073 1.06893 1.0187 1.00155 1.00155 1.0187 1.06893 1.073 1.02978 1.00271 1.00015 1.00007 1.00007 1.00015 1.00271 
2.75973 1.35336 1.03986 1.00243 1.00247 1.0404 1.3581 2.78104 5.05027 2.84768 1.38751 1.05345 1.05345 1.38751 2.86839 5.05695 6.72362 7.36637 6.00603 4.4252 4.38143 5.95356 7.36637 6.72362 3.18988 2.69615 2.54413 2.71602 2.66779 2.47053 2.63154 3.13105 3.86346 5.46808 6.72001 7.94082 7.94268 6.72133 5.46808 3.86346 1.5673 1.39605 1.11083 1.01704 1.01704 1.11083 1.39605 1.5673 1.16241 1.01067 0.999748 0.999903 0.999903 0.999748 1.01067 
1.44279 1.06953 1.00641 1.00015 1.00015 1.00636 1.06925 1.44251 2.14387 1.42013 1.05974 1.0055 1.0055 1.05974 1.41958 2.1467 2.62361 2.71546 2.14181 1.60955 1.60925 2.14202 2.71546 2.62361 1.36168 1.22525 1.19257 1.27084 1.26922 1.18768 1.22103 1.35708 1.50231 2.03496 2.5471 3.08832 3.08856 2.54727 2.03496 1.50231 1.04765 1.02303 1.0003 0.999846 0.999846 1.0003 1.02303 1.04765 1.00575 0.99914 0.999785 0.999908 0.999908 0.999785 0.99914 
1.05674 1.00697 1.00046 0.999928 0.999928 1.00045 1.00695 1.05673 1.15832 1.04377 1.00407 0.999996 0.999996 1.00407 1.04375 1.15883 1.23678 1.23614 1.13446 1.05311 1.05306 1.13427 1.23614 1.23678 1.03339 1.01592 1.01201 1.02486 1.0248 1.01149 1.0155 1.03302 1.04427 1.13086 1.24972 1.37593 1.37594 1.24975 1.13086 1.04427 1.00057 0.998129 0.999182 0.999992 0.999992 0.999182 0.998129 1.00057 0.999691 0.999994 1.00001 1 1 1.00001 0.999994 
1.00461 1.00039 0.999906 0.999985 0.999985 0.999906 1.00039 1.00461 1.01192 1.00214 0.99993 0.999922 0.999922 0.99993 1.00214 1.01198 1.01903 1.01656 1.00826 1.00226 1.00225 1.00826 1.01656 1.01903 1.00352 1.00244 1.00203 1.00296 1.00299 1.00201 1.00245 1.00353 1.00184 1.0081 1.02321 1.03988 1.03988 1.02322 1.0081 1.00184 0.999971 0.999635 0.999983 1.00002 1.00002 0.999983 0.999635 0.999971 1.00017 1.00002 1 1 1 1 1.00002 
1.00461 1.00039 0.999906 0.999985 0.999985 0.999906 1.00039 1.00461 1.01198 1.00214 0.99993 0.999921 0.999922 0.99993 1.00214 1.01198 1.01903 1.01656 1.00826 1.00226 1.00226 1.00826 1.01655 1.01902 1.00353 1.00245 1.00201 1.00299 1.00299 1.00201 1.00245 1.00353 1.00184 1.00808 1.02322 1.03988 1.03988 1.02321 1.00808 1.00184 0.999971 0.999635 0.999983 1.00002 1.00002 0.999983 0.999635 0.999971 1.00017 1.00002 1 1 1 1 1.00002 
1.05673 1.00695 1.00045 0.999928 0.999928 1.00045 1.00695 1.05673 1.15883 1.04375 1.00408 0.999997 0.999996 1.00407 1.04375 1.15883 1.23678 1.23614 1.13446 1.05311 1.05311 1.13446 1.23595 1.23662 1.03302 1.0155 1.01149 1.0248 1.0248 1.01149 1.0155 1.03302 1.04441 1.1311 1.24975 1.37593 1.37593 1.24972 1.13109 1.04441 1.00057 0.998135 0.999184 0.999993 0.999992 0.999182 0.998129 1.00057 0.999691 0.999994 1.00001 1 1 1.00001 0.999994 
1.44251 1.06925 1.00636 1.00015 1.00015 1.00636 1.06925 1.44251 2.1467 1.41958 1.05983 1.00551 1.0055 1.05974 1.41958 2.1467 2.62361 2.71546 2.14181 1.60955 1.60955 2.14181 2.71212 2.62014 1.35708 1.22103 1.18768 1.26922 1.26922 1.18768 1.22103 1.35708 1.50474 2.03611 2.54727 3.08832 3.08832 2.5471 2.03602 1.50467 1.04797 1.02344 1.00046 0.999874 0.999846 1.0003 1.02303 1.04765 1.00575 0.99914 0.999785 0.999908 0.999908 0.999788 0.999144 
2.78104 1.3581 1.0404 1.00247 1.00247 1.0404 1.3581 2.78104 5.05695 2.86839 1.38867 1.05366 1.05345 1.38751 2.86839 5.05695 6.72362 7.36637 6.00603 4.4252 4.4252 6.00603 7.41715 6.75921 3.13105 2.63154 2.47053 2.66779 2.66779 2.47053 2.63154 3.13105 3.9103 5.49944 6.72133 7.94082 7.94082 6.72001 5.50003 3.91079 1.57235 1.39837 1.11074 1.01725 1.01704 1.11083 1.39605 1.5673 1.16241 1.01067 0.999748 0.999903 0.999903 0.99974 1.01089 
8.02208 3.149 1.40435 1.04534 1.04534 1.40435 3.149 8.02208 13.7789 8.25799 3.23465 1.5621 1.5621 3.23465 8.25799 13.7789 16.027 17.8456 15.6381 13.1857 13.1857 15.6381 17.8456 16.027 9.11569 8.73982 8.732 8.72834 8.72834 8.732 8.74206 9.21016 9.38323 11.6278 13.1189 14.465 14.1115 12.8712 11.5913 9.31987 4.60397 3.45202 2.07241 1.35385 1.35931 2.09329 3.57681 4.60397 3.54215 1.72632 1.08875 1.00648 1.00642 1.08769 1.71908 
9.16109 3.59148 1.50551 1.0596 1.0596 1.50551 3.59148 9.16109 14.8564 9.44112 3.67005 1.67959 1.67959 3.67005 9.44112 14.8564 15.0621 16.1622 11.8781 7.62899 7.62899 11.8781 16.1622 15.0621 7.39499 6.43067 6.10989 5.34665 5.34665 6.10989 6.42636 7.32123 9.34659 12.3574 14.6266 16.3585 16.1322 14.52 12.3463 9.30289 3.60635 2.48052 1.46699 1.09014 1.09073 1.47269 2.44835 3.60635 2.0738 1.27539 1.02242 1.00082 1.00083 1.02241 1.27563 
7.3964 2.84369 1.33124 1.03548 1.03548 1.33124 2.84369 7.3964 12.5542 7.76556 2.95072 1.43865 1.43865 2.95072 7.76556 12.5542 12.1425 12.6331 8.18785 4.22354 4.22354 8.18785 12.6331 12.1425 4.40386 3.70848 3.47287 2.72617 2.72617 3.47287 3.70949 4.3538 6.92723 10.0274 12.2147 13.9694 13.799 12.1409 10.025 6.90238 2.33507 1.5881 1.13414 1.01491 1.01509 1.13548 1.56517 2.33507 1.33986 1.04873 1.00276 0.99997 0.99997 1.00269 1.04756 
5.26793 2.01341 1.14164 1.01016 1.01016 1.14164 2.01341 5.26793 9.83215 5.77105 2.15392 1.18899 1.18899 2.15392 5.77105 9.83215 9.68288 9.68551 5.72601 2.52119 2.52119 5.72601 9.68551 9.68288 2.55287 2.10503 2.0372 1.66183 1.66183 2.0372 2.10495 2.53567 4.24012 7.21997 9.867 12.0988 12.0039 9.79222 7.20168 4.22417 1.43121 1.132 1.01818 1.00105 1.00107 1.01844 1.12793 1.43121 1.06176 1.00504 1.00012 0.999957 0.999958 1.00011 1.00489 
5.27179 2.01088 1.14095 1.01006 1.01016 1.14164 2.01341 5.26793 9.79339 5.7471 2.13457 1.18654 1.18899 2.15392 5.77105 9.83215 9.68288 9.68551 5.72601 2.52119 2.51084 5.70567 9.70041 9.61711 2.53567 2.10495 2.03489 1.66179 1.66183 2.0372 2.10503 2.55287 4.15446 7.19028 9.79222 12.0039 12.0988 9.867 7.21997 4.24012 1.41819 1.12793 1.01844 1.00107 1.00105 1.01818 1.132 1.43121 1.059 1.00489 1.00011 0.999958 0.999957 1.00012 1.00504 
7.40778 2.83777 1.32952 1.03513 1.03548 1.33124 2.84369 7.3964 12.5608 7.76877 2.96446 1.44207 1.43865 2.95072 7.76556 12.5542 12.1425 12.6331 8.18785 4.22354 4.20465 8.16866 12.7034 12.1205 4.3538 3.70949 3.46501 2.72585 2.72617 3.47287 3.70848 4.40386 6.78675 10.0223 12.1409 13.799 13.9694 12.2147 10.0274 6.92723 2.28901 1.56517 1.13548 1.01509 1.01491 1.13414 1.5881 2.33507 1.32567 1.04756 1.00269 0.99997 0.99997 1.00276 1.04873 
9.18053 3.58232 1.503 1.05904 1.0596 1.50551 3.59148 9.16109 14.8535 9.43485 3.68015 1.68372 1.67959 3.67005 9.44112 14.8564 15.0621 16.1622 11.8781 7.62899 7.59881 11.8525 16.2203 15.0626 7.32123 6.42636 6.10073 5.34579 5.34665 6.10989 6.43067 7.39499 9.16157 12.3603 14.52 16.1322 16.3585 14.6266 12.3574 9.34659 3.54758 2.44835 1.47269 1.09073 1.09014 1.46699 2.48052 3.60635 2.05025 1.27563 1.02241 1.00083 1.00082 1.02242 1.27539 
8.06996 3.15092 1.40354 1.04502 1.04534 1.40435 3.149 8.02208 13.7807 8.26805 3.24582 1.56538 1.5621 3.23465 8.25799 13.7789 16.027 17.8456 15.6381 13.1857 13.2546 15.716 18.0497 16.23 9.21016 8.74206 8.9017 8.86181 8.72834 8.732 8.73982 9.11569 9.37685 11.772 12.8712 14.1115 14.465 13.1189 11.6278 9.38323 4.74168 3.57681 2.09329 1.35931 1.35385 2.07241 3.45202 4.60397 3.47 1.71908 1.08769 1.00642 1.00648 1.08875 1.72632 
10.947 4.08311 1.60037 1.06506 1.06542 1.60106 4.08162 10.9253 19.5035 10.537 4.19582 1.93514 1.93513 4.19652 10.533 19.5635 26.3855 28.6768 28.3582 27.9791 27.9791 28.3582 28.6768 26.3855 22.2585 22.8276 22.9253 22.8587 22.8587 22.9253 22.8276 22.2585 22.3919 25.317 27.076 27.8206 28.0409 27.3093 25.5574 22.4891 16.5602 14.1011 8.9754 4.93919 4.93919 8.9754 14.1011 16.5602 10.963 4.14227 1.60003 1.06334 1.06334 1.60003 4.14227 
11.6843 4.27633 1.63543 1.07152 1.072 1.63642 4.27485 11.6522 21.1346 11.0549 4.35595 1.98579 1.98569 4.35476 11.0369 21.1676 29.7538 32.1403 32.6094 32.5964 32.5964 32.6094 32.1403 29.7538 26.1796 25.8461 26.2388 26.9225 26.9225 26.2388 25.8461 26.1796 27.4265 30.9968 32.4935 32.9942 32.9777 32.4905 30.948 27.4091 19.2659 16.649 10.6504 5.85462 5.85462 10.6504 16.649 19.2659 12.6158 4.64821 1.71304 1.07692 1.07692 1.71304 4.64821 
12.0393 4.36616 1.65007 1.07345 1.07395 1.65121 4.36565 12.0111 22.091 11.3462 4.41654 1.99039 1.99028 4.4162 11.3292 22.1413 31.3754 33.5895 34.2478 34.3591 34.3591 34.2478 33.5895 31.3754 28.985 28.3806 28.8783 29.8802 29.8802 28.8783 28.3806 28.985 29.894 33.1311 34.2415 34.5176 34.517 34.2433 33.103 29.8789 21.031 18.2025 11.6151 6.33118 6.33118 11.6151 18.2025 21.031 13.8196 5.06239 1.80314 1.08766 1.08766 1.80314 5.06239 
12.1183 4.36023 1.64601 1.07114 1.07149 1.64696 4.3609 12.1002 22.4387 11.3968 4.36368 1.93077 1.93081 4.36352 11.3796 22.4973 31.9567 33.9253 34.6372 34.7749 34.7749 34.6372 33.9253 31.9567 31.0304 30.7717 31.2133 32.0965 32.0965 31.2133 30.7717 31.0304 30.6307 33.574 34.6096 34.8285 34.8291 34.6098 33.5544 30.6208 21.8324 18.8752 11.8652 6.31845 6.31845 11.8652 18.8752 21.8324 14.4072 5.2201 1.83529 1.09111 1.09111 1.83529 5.2201 
12.1002 4.3609 1.64696 1.07149 1.07149 1.64696 4.3609 12.1002 22.4387 11.3968 4.36368 1.93077 1.93077 4.36368 11.3968 22.4387 31.9653 33.9129 34.6357 34.7748 34.7749 34.6372 33.9253 31.9567 31.0334 30.7723 31.2091 32.1021 32.0965 31.2133 30.7717 31.0304 30.6208 33.5541 34.6098 34.8291 34.8291 34.6098 33.5541 30.6208 21.8993 18.8553 11.8826 6.31716 6.33727 11.8845 18.8637 21.9791 14.4072 5.2201 1.83529 1.09111 1.09117 1.83524 5.22101 
12.0111 4.36565 1.65121 1.07395 1.07395 1.65121 4.36565 12.0111 22.091 11.3462 4.41654 1.99039 1.99039 4.41654 11.3462 22.091 31.384 33.5738 34.2447 34.3587 34.3591 34.2478 33.5895 31.3754 28.9917 28.3807 28.869 29.8901 29.8802 28.8783 28.3806 28.985 29.8789 33.0947 34.2433 34.517 34.517 34.2433 33.0947 29.8789 21.0994 18.1803 11.6405 6.32883 6.36079 11.6474 18.199 21.1889 13.8196 5.06239 1.80314 1.08766 1.08778 1.80317 5.06381 
11.6522 4.27485 1.63642 1.072 1.072 1.63642 4.27485 11.6522 21.1346 11.0549 4.35595 1.98579 1.98579 4.35595 11.0549 21.1346 29.7416 32.1175 32.5968 32.5861 32.5964 32.6094 32.1403 29.7538 26.1804 25.8462 26.2301 26.9312 26.9225 26.2388 25.8461 26.1796 27.4091 30.9453 32.4905 32.9777 32.9777 32.4905 30.9453 27.4091 19.327 16.6279 10.6717 5.84789 5.88499 10.6896 16.6573 19.4137 12.6158 4.64821 1.71304 1.07692 1.07707 1.71317 4.64976 
10.9253 4.08162 1.60106 1.06542 1.06542 1.60106 4.08162 10.9253 19.5035 10.537 4.19582 1.93514 1.93514 4.19582 10.537 19.5035 26.4557 28.7463 28.442 28.0784 27.9791 28.3582 28.6768 26.3855 22.4347 23.0326 23.1337 23.041 22.8587 22.9253 22.8276 22.2585 22.4891 25.6898 27.3093 28.0409 28.0409 27.3093 25.6898 22.4891 16.7071 14.1556 9.03049 4.94579 4.96608 9.00862 14.1223 16.71 10.963 4.14227 1.60003 1.06334 1.06365 1.60202 4.1562 
10.4276 3.88538 1.5785 1.06272 1.06311 1.58109 3.89595 10.481 19.7026 10.5793 4.269 2.01576 2.00382 4.23709 10.5608 19.7894 29.5638 31.9408 32.8687 32.9525 32.9574 32.8807 31.9503 29.573 31.4061 33.3401 33.7084 33.4378 33.4916 33.7477 33.3712 31.4323 26.7346 31.2527 32.9881 33.5593 33.5593 32.9881 31.2527 26.7346 17.9824 14.6174 8.69884 4.65974 4.74965 8.8455 14.6058 17.9164 11.6576 4.28822 1.64167 1.07596 1.07595 1.64497 4.30576 
11.3888 4.28438 1.68607 1.07994 1.08073 1.69128 4.30699 11.482 20.8764 11.5192 4.70617 2.21762 2.20213 4.66455 11.4906 20.9646 30.9987 33.2848 34.1685 34.3195 34.3185 34.1621 33.2785 31.0007 32.5045 33.9439 34.2828 34.2765 34.275 34.2814 33.9425 32.5263 29.0139 32.4114 33.8912 34.3449 34.3449 33.8912 32.4114 29.0139 21.1767 17.4452 10.5925 5.71001 5.8004 10.717 17.3154 21.2032 13.3736 4.81128 1.77416 1.09758 1.09757 1.77684 4.81982 
11.8476 4.45471 1.72153 1.08398 1.08474 1.72651 4.47598 11.9368 21.3743 11.8422 4.81139 2.24732 2.232 4.77188 11.8164 21.4642 31.5238 33.7281 34.6367 34.8208 34.8208 34.636 33.727 31.5323 33.1199 34.2445 34.5495 34.6413 34.6406 34.5481 34.2443 33.1407 30.207 33.2678 34.4247 34.7523 34.7523 34.4247 33.2678 30.207 22.5887 18.6077 11.2326 6.03252 6.12779 11.3603 18.4712 22.6064 14.4249 5.21624 1.86486 1.11013 1.11012 1.86768 5.22545 
11.8665 4.39635 1.68165 1.07455 1.07494 1.6843 4.40745 11.9255 21.5558 11.5759 4.58643 2.09481 2.08638 4.56299 11.5481 21.6402 31.8214 33.8824 34.7355 34.91 34.91 34.7355 33.8775 31.8414 33.384 34.4247 34.711 34.8169 34.8164 34.7101 34.4242 33.3949 30.6093 33.5853 34.6138 34.8713 34.8713 34.6138 33.5853 30.6093 23.065 19.0364 11.3898 6.04173 6.09575 11.4728 18.9522 23.0755 14.9963 5.39919 1.89034 1.10795 1.10794 1.89207 5.40568 
11.9255 4.40745 1.6843 1.07494 1.07494 1.6843 4.40745 11.9255 21.6402 11.5481 4.58643 2.09481 2.09481 4.58643 11.5481 21.6402 31.8414 33.8775 34.7355 34.91 34.91 34.7355 33.8775 31.8414 33.3949 34.4242 34.7101 34.8164 34.8169 34.711 34.4247 33.384 30.6446 33.5688 34.6203 34.8738 34.8713 34.6138 33.5853 30.6093 23.0755 19.0703 11.4462 6.07731 6.07731 11.4462 19.0703 23.0755 14.9963 5.39919 1.89034 1.10795 1.10795 1.89034 5.39919 
11.9368 4.47598 1.72651 1.08474 1.08474 1.72651 4.47598 11.9368 21.4642 11.8164 4.81139 2.24732 2.24732 4.81139 11.8164 21.4642 31.5323 33.727 34.6367 34.8208 34.8208 34.6367 33.727 31.5323 33.1407 34.2443 34.5481 34.6406 34.6413 34.5495 34.2445 33.1199 30.2411 33.2464 34.4408 34.7598 34.7523 34.4247 33.2678 30.207 22.6064 18.6627 11.3163 6.0951 6.0951 11.3163 18.6627 22.6064 14.4249 5.21624 1.86486 1.11013 1.11013 1.86486 5.21624 
11.482 4.30699 1.69128 1.08073 1.08073 1.69128 4.30699 11.482 20.9646 11.4906 4.70617 2.21762 2.21762 4.70617 11.4906 20.9646 31.0007 33.2785 34.1685 34.3195 34.3195 34.1685 33.2785 31.0007 32.5263 33.9425 34.2814 34.275 34.2765 34.2828 33.9439 32.5045 29.0589 32.3895 33.9227 34.3601 34.3449 33.8912 32.4114 29.0139 21.2032 17.5016 10.6721 5.76861 5.76861 10.6721 17.5016 21.2032 13.3736 4.81128 1.77416 1.09758 1.09758 1.77416 4.81128 
10.481 3.89595 1.58109 1.06311 1.06311 1.58109 3.89595 10.481 19.7894 10.5608 4.269 2.01576 2.01576 4.269 10.5608 19.7894 29.573 31.9503 32.8687 32.9525 32.9525 32.8687 31.9503 29.573 31.4323 33.3712 33.7477 33.4916 33.4378 33.7084 33.3401 31.4061 26.8033 31.2656 32.9688 33.5464 33.5593 32.9881 31.2527 26.7346 17.9164 14.5898 8.80412 4.72074 4.72074 8.80412 14.5898 17.9164 11.6576 4.28822 1.64167 1.07596 1.07596 1.64167 4.28822 
6.32455 2.23977 1.16814 1.01095 1.01095 1.16814 2.23977 6.32455 13.1973 5.86771 2.12433 1.18523 1.18523 2.12433 5.86771 13.1973 28.0631 30.8371 32.4338 32.8511 32.8511 32.4338 30.8371 28.0631 30.0421 33.122 33.8948 33.6628 33.6376 33.8816 33.1203 30.0435 23.6434 30.36 33.1327 33.8988 33.9269 33.1488 30.3987 23.6117 7.63719 4.90808 2.67961 1.57598 1.57229 2.66269 4.90656 7.58268 4.03611 1.68628 1.08133 1.00656 1.00662 1.08245 1.68651 
5.13042 1.81834 1.08625 1.00399 1.00399 1.08625 1.81834 5.13042 11.6979 4.7095 1.68963 1.07671 1.07671 1.68963 4.7095 11.6979 28.213 31.4688 33.5692 34.0373 34.0373 33.5692 31.4688 28.213 30.0385 33.3551 34.1998 34.2768 34.2761 34.195 33.3543 30.0417 22.916 30.4325 33.5203 34.3654 34.3829 33.5366 30.4779 22.8187 6.15528 3.8591 2.00255 1.32891 1.33172 2.01329 3.85933 6.15642 2.935 1.34864 1.03441 1.00234 1.00232 1.03444 1.34869 
4.74313 1.68288 1.06499 1.00258 1.00258 1.06499 1.68288 4.74313 11.339 4.44607 1.61204 1.06196 1.06196 1.61204 4.44607 11.339 28.2259 31.7005 34.057 34.6031 34.6031 34.057 31.7005 28.2259 30.0358 33.4866 34.4112 34.6238 34.6219 34.4062 33.4857 30.0391 22.6416 30.4585 33.6591 34.5327 34.5557 33.6776 30.5087 22.5374 5.16011 3.07094 1.64552 1.23788 1.24106 1.65491 3.07106 5.15773 2.22866 1.17655 1.01732 1.00132 1.00131 1.0175 1.17658 
4.66542 1.65262 1.06033 1.00238 1.00238 1.06033 1.65262 4.66542 11.3765 4.44213 1.61107 1.06114 1.06114 1.61107 4.44213 11.3765 28.2131 31.7508 34.1774 34.7332 34.7332 34.1774 31.7508 28.2131 30.0565 33.5894 34.5484 34.7875 34.7863 34.5453 33.5885 30.0595 22.6691 30.5284 33.7374 34.5691 34.5791 33.7382 30.5549 22.5657 5.08117 2.80921 1.50835 1.16401 1.16566 1.51381 2.80924 5.07989 2.16317 1.16708 1.01523 1.00104 1.00103 1.01527 1.16709 
4.66042 1.65094 1.0601 1.00236 1.00238 1.06033 1.65262 4.66542 11.5336 4.42045 1.61107 1.06114 1.06192 1.61435 4.44213 11.3765 28.025 31.7849 34.1774 34.7332 34.7323 34.1758 31.7508 28.2131 30.0595 33.5885 34.5453 34.7863 34.7863 34.5453 33.5885 30.0595 22.5657 30.5549 33.7382 34.5791 34.5691 33.7374 30.5284 22.6691 5.07989 2.80924 1.51381 1.16566 1.16566 1.51381 2.81745 5.07989 2.16317 1.16708 1.01523 1.00104 1.00104 1.01523 1.16708 
4.73323 1.6801 1.06464 1.00255 1.00258 1.06499 1.68288 4.74313 11.4996 4.40864 1.61204 1.06196 1.06313 1.6183 4.44607 11.339 28.0389 31.736 34.057 34.6031 34.6009 34.053 31.7005 28.2259 30.0391 33.4857 34.4062 34.6219 34.6219 34.4062 33.4857 30.0391 22.5374 30.5087 33.6776 34.5557 34.5327 33.6591 30.4585 22.6416 5.15773 3.07106 1.65491 1.24106 1.24105 1.65491 3.08252 5.15773 2.22866 1.17655 1.01732 1.00132 1.00132 1.01732 1.17655 
5.11896 1.81519 1.08584 1.00396 1.00399 1.08625 1.81834 5.13042 11.8508 4.66441 1.68963 1.07671 1.07838 1.69755 4.7095 11.6979 28.0341 31.5037 33.5692 34.0373 34.0317 33.5629 31.4688 28.213 30.0417 33.3543 34.195 34.2761 34.2761 34.195 33.3543 30.0417 22.8187 30.4779 33.5366 34.3829 34.3654 33.5203 30.4325 22.916 6.15642 3.85933 2.01329 1.33172 1.33172 2.01329 3.86393 6.15642 2.935 1.34864 1.03441 1.00234 1.00234 1.03441 1.34864 
6.28119 2.22791 1.16635 1.01079 1.01095 1.16814 2.23977 6.32455 13.4494 5.86167 2.12433 1.18523 1.18599 2.12442 5.86771 13.1973 27.9059 30.8421 32.4338 32.8511 32.8557 32.44 30.8371 28.0631 30.0435 33.1203 33.8816 33.6376 33.6376 33.8816 33.1203 30.0435 23.6117 30.3987 33.1488 33.9269 33.8988 33.1327 30.36 23.6434 7.58268 4.90656 2.66269 1.57229 1.5723 2.66269 4.8771 7.58268 4.03611 1.68628 1.08133 1.00656 1.00656 1.08133 1.68628 
4.44878 1.60042 1.05264 1.00239 1.00239 1.05264 1.60042 4.44878 11.0598 4.43002 1.61671 1.06646 1.06573 1.61153 4.39926 11.1104 24.0584 26.5882 28.4821 28.9395 28.9395 28.4821 26.6879 24.2092 26.936 28.6397 28.0679 27.8813 27.8813 28.0679 28.6397 26.936 22.7834 28.4462 31.2902 32.2457 32.5199 31.5627 28.8842 22.8154 9.05933 5.25867 2.7087 1.65244 1.64108 2.69747 5.24409 9.05933 5.0065 2.04498 1.16523 1.01627 1.01627 1.16523 2.04498 
4.67216 1.65141 1.05884 1.00284 1.00284 1.05884 1.65141 4.67216 11.6062 4.55566 1.6308 1.06383 1.06338 1.62717 4.53259 11.6896 26.1056 29.9045 31.8159 32.3505 32.3505 31.8159 29.8889 26.198 26.5072 29.0972 29.4584 29.9532 29.9532 29.4584 29.0972 26.5072 21.6579 28.2319 31.9405 33.3902 33.5417 32.1383 28.6068 21.6196 7.26835 3.60179 1.68344 1.12647 1.12695 1.67919 3.57767 7.26835 3.75571 1.60252 1.06849 1.00394 1.00394 1.06849 1.60252 
4.77806 1.67395 1.06121 1.00306 1.00306 1.06121 1.67395 4.77806 11.885 4.65766 1.65228 1.0667 1.06622 1.64852 4.63389 11.9712 26.9318 31.2492 33.464 34.076 34.076 33.464 31.2313 27.0385 26.5938 29.8299 30.8746 31.6593 31.6593 30.8746 29.8299 26.5938 21.0233 28.1589 32.188 33.8095 33.9696 32.3926 28.516 20.9918 6.22243 2.76714 1.31699 1.00875 1.0101 1.31508 2.74658 6.22243 2.98654 1.3603 1.03392 1.00131 1.00131 1.03392 1.3603 
4.78447 1.66738 1.0596 1.00279 1.00279 1.0596 1.66738 4.78447 11.9627 4.64899 1.64838 1.06627 1.06586 1.64536 4.62934 12.048 27.0912 31.4676 33.8916 34.5104 34.5104 33.8916 31.4453 27.1901 27.1614 30.8862 32.2448 33.0691 33.0691 32.2448 30.8862 27.1614 20.9156 28.5007 32.5321 34.0774 34.1583 32.6633 28.7293 20.9395 5.92981 2.57154 1.25137 1.00412 1.00504 1.25065 2.55942 5.92981 2.71089 1.27203 1.02236 1.00065 1.00065 1.02236 1.27203 
4.79881 1.6678 1.0594 1.00275 1.00279 1.0596 1.66738 4.78447 12.048 4.62934 1.64536 1.06586 1.06586 1.64536 4.62934 12.048 27.0912 31.4676 33.8989 34.5151 34.5151 33.8989 31.4676 27.0912 27.2263 30.9056 32.2496 33.0703 33.0691 32.2448 30.8862 27.1614 20.9395 28.7293 32.4936 34.0569 34.0774 32.5321 28.5007 20.9156 6.03366 2.58333 1.25174 1.00301 1.00412 1.25137 2.57154 5.92981 2.71089 1.27203 1.02236 1.00065 1.00063 1.02207 1.27003 
4.79666 1.67448 1.0609 1.003 1.00306 1.06121 1.67395 4.77806 11.9712 4.63389 1.64852 1.06622 1.06622 1.64852 4.63389 11.9712 26.9318 31.2492 33.4752 34.083 34.083 33.4752 31.2492 26.9318 26.6937 29.8615 30.8858 31.6597 31.6593 30.8746 29.8299 26.5938 20.9918 28.516 32.1263 33.7757 33.8095 32.188 28.1589 21.0233 6.34814 2.78705 1.31857 1.00707 1.00875 1.31699 2.76714 6.22243 2.98654 1.3603 1.03392 1.00131 1.00127 1.0334 1.35679 
4.69014 1.65189 1.05854 1.00278 1.00284 1.05884 1.65141 4.67216 11.6896 4.53259 1.62717 1.06338 1.06338 1.62717 4.53259 11.6896 26.1056 29.9045 31.8299 32.3614 32.3614 31.8299 29.9045 26.1056 26.6032 29.1256 29.4698 29.9539 29.9532 29.4584 29.0972 26.5072 21.6196 28.6068 31.8811 33.3575 33.3902 31.9405 28.2319 21.6579 7.39095 3.61965 1.68493 1.12402 1.12647 1.68344 3.60179 7.26835 3.75571 1.60252 1.06849 1.00394 1.00391 1.06803 1.59894 
4.45516 1.60008 1.0524 1.00235 1.00239 1.05264 1.60042 4.44878 11.1104 4.39926 1.61153 1.06573 1.06573 1.61153 4.39926 11.1104 24.0584 26.5882 28.3859 28.8406 28.8406 28.3859 26.5882 24.0584 26.934 28.5241 27.9148 27.7368 27.8813 28.0679 28.6397 26.936 22.8154 28.8842 31.2484 32.211 32.2457 31.2902 28.4462 22.7834 9.21356 5.28382 2.72799 1.67362 1.65244 2.7087 5.25867 9.05933 5.0065 2.04498 1.16523 1.01627 1.01692 1.1687 2.05665 
2.05469 1.11557 1.00663 1.00017 1.00017 1.00662 1.11489 2.04756 5.69189 2.03158 1.10873 1.00627 1.00627 1.10873 2.02434 5.65003 14.105 11.8934 11.5822 11.6308 11.6306 11.582 11.8932 14.2019 21.6002 18.5147 15.2027 14.1263 13.9593 14.9943 18.3057 21.5105 22.9628 26.9202 28.2943 28.7353 28.6534 28.2027 26.8296 22.8693 13.9734 10.8114 8.40404 5.88035 5.88035 8.40404 10.8114 13.9734 8.37705 4.60527 2.08721 1.2871 1.2871 2.08721 4.60527 
1.52235 1.04372 1.00168 0.999841 0.999844 1.00171 1.04402 1.52479 4.06046 1.51575 1.04033 1.00077 1.00077 1.04034 1.51389 4.04596 11.8584 6.571 4.88167 4.5934 4.59716 4.88821 6.57537 11.9839 22.4914 17.5076 12.3745 9.69591 9.6784 12.3331 17.4614 22.5587 25.2954 29.0943 30.5781 31.3058 31.3109 30.5855 29.0984 25.2873 17.4144 14.5821 12.2871 9.09128 9.09128 12.2871 14.5821 17.4144 11.0185 6.38906 2.73373 1.50768 1.50768 2.73373 6.38906 
1.38449 1.02872 1.00088 0.999929 0.999931 1.00089 1.029 1.3874 3.46327 1.39613 1.02908 1.00025 1.00025 1.02909 1.39406 3.4472 10.9292 4.5749 2.22768 1.75681 1.75753 2.2291 4.57066 11.0619 22.8043 15.8737 9.32845 5.95351 5.93457 9.2851 15.8153 22.89 27.509 31.0779 32.4774 33.1239 33.1264 32.4818 31.0778 27.4922 19.4736 16.0033 13.1322 9.54019 9.54019 13.1322 16.0033 19.4736 12.4961 7.20437 2.95745 1.56549 1.56549 2.95745 7.20437 
1.37106 1.02769 1.00088 0.999919 0.99992 1.00089 1.02783 1.3726 3.34984 1.38578 1.03344 1.00204 1.00204 1.03343 1.38466 3.34014 10.6133 4.20818 1.77438 1.28913 1.29025 1.77608 4.20441 10.7254 22.8746 13.803 6.68996 3.80785 3.79582 6.66543 13.7556 22.9436 29.0063 32.321 33.5056 33.9882 33.9896 33.5079 32.32 28.9976 21.166 16.7525 12.6764 8.63437 8.63437 12.6764 16.7525 21.166 13.4651 6.86087 2.67723 1.42339 1.42339 2.67723 6.86087 
1.3726 1.02783 1.00089 0.99992 0.99992 1.00089 1.02783 1.3726 3.34014 1.38466 1.03344 1.00204 1.00204 1.03344 1.38466 3.34014 10.7254 4.20441 1.77608 1.29025 1.29025 1.77608 4.20441 10.7254 22.9436 13.7556 6.66543 3.79582 3.80785 6.68996 13.7556 22.9436 28.9976 32.32 33.5079 33.9896 33.9896 33.5079 32.32 28.9976 21.2671 16.8078 12.6317 8.57566 8.57566 12.6317 16.8078 21.2671 13.4651 6.86087 2.67723 1.42339 1.41787 2.66088 6.82384 
1.3874 1.029 1.00089 0.999931 0.999931 1.00089 1.029 1.3874 3.4472 1.39406 1.02908 1.00025 1.00025 1.02908 1.39406 3.4472 11.0619 4.57066 2.2291 1.75753 1.75753 2.2291 4.57066 11.0619 22.89 15.8153 9.2851 5.93457 5.95351 9.32845 15.8153 22.89 27.4922 31.0778 32.4818 33.1264 33.1264 32.4818 31.0778 27.4922 19.6135 16.0934 13.0887 9.4376 9.4376 13.0887 16.0934 19.6135 12.4961 7.20437 2.95745 1.56549 1.55583 2.92724 7.15658 
1.52479 1.04402 1.00171 0.999844 0.999844 1.00171 1.04402 1.52479 4.04596 1.51389 1.04033 1.00077 1.00077 1.04033 1.51389 4.04596 11.9839 6.57537 4.88821 4.59716 4.59716 4.88821 6.57537 11.9839 22.5587 17.4614 12.3331 9.6784 9.69591 12.3745 17.4614 22.5587 25.2873 29.0984 30.5855 31.3109 31.3109 30.5855 29.0984 25.2873 17.5434 14.6679 12.2467 8.99222 8.99222 12.2467 14.6679 17.5434 11.0185 6.38906 2.73373 1.50768 1.49899 2.70531 6.34717 
2.04756 1.11489 1.00662 1.00017 1.00017 1.00662 1.11489 2.04756 5.65003 2.02434 1.10873 1.00627 1.00627 1.10873 2.02434 5.65003 14.2019 11.8932 11.582 11.6306 11.6306 11.582 11.8932 14.2019 21.5105 18.3057 14.9943 13.9593 14.1263 15.2027 18.3057 21.5105 22.8693 26.8296 28.2027 28.6534 28.6534 28.2027 26.8296 22.8693 14.0602 10.8526 8.38148 5.82387 5.82387 8.38148 10.8526 14.0602 8.37705 4.60527 2.08721 1.2871 1.28249 2.07146 4.57656 
1.07211 1.00426 1.0001 0.999975 0.999975 1.0001 1.0042 1.06981 1.76727 1.1131 1.00964 1.00072 1.00071 1.00966 1.1131 1.76727 5.79956 4.69398 4.2586 4.19382 4.19382 4.2586 4.69398 5.79956 8.60415 5.61641 4.21587 3.8043 3.7666 4.17975 5.61641 8.60415 12.8432 15.976 16.4091 16.1831 15.9779 16.1731 15.976 12.8432 4.91716 3.96269 2.74193 1.66276 1.66681 2.7623 3.83217 4.89209 2.89707 1.54492 1.11036 1.01414 1.01436 1.11176 1.5528 
1.00822 1.00026 0.999847 0.99989 0.99989 0.999849 1.00026 1.0081 1.11338 1.01292 1.00089 0.999887 0.999883 1.00087 1.01292 1.11338 2.06363 1.67399 1.57781 1.55724 1.55724 1.57781 1.67399 2.06363 4.17903 2.63659 1.7133 1.54984 1.54767 1.71044 2.63659 4.17903 6.0682 7.73788 7.42443 6.93534 6.9274 7.40057 7.73788 6.0682 2.32819 1.93127 1.44626 1.10606 1.10306 1.43801 1.92363 2.31904 1.64748 1.16001 1.02319 1.00198 1.00194 1.02291 1.15873 
1.00043 0.999961 0.999989 0.999999 0.999999 0.999989 0.999961 1.00042 1.00878 1.00052 0.999911 0.999976 0.999977 0.999909 1.00052 1.00878 1.15405 1.06498 1.05088 1.04757 1.04757 1.05088 1.06498 1.15405 1.93785 1.37526 1.09287 1.0595 1.05952 1.09293 1.37526 1.93785 2.56374 3.20511 2.90457 2.58828 2.57073 2.87664 3.20511 2.56374 1.22687 1.14983 1.05032 1.0073 1.00701 1.04899 1.15187 1.22647 1.1066 1.02 1.0019 0.999998 0.999995 1.00188 1.01986 
1.00004 0.99999 1 1 1 1 0.999991 1.00004 1.00029 0.999811 0.999978 1 1 0.999978 0.999811 1.00029 1.01783 1.00341 1.00199 1.00184 1.00184 1.00199 1.00341 1.01783 1.23944 1.06765 1.01011 1.00522 1.00522 1.01011 1.06765 1.23944 1.41331 1.63238 1.49599 1.34675 1.34138 1.48643 1.63238 1.41331 1.02413 1.01664 1.00324 1.00012 1.00009 1.00313 1.01728 1.02405 1.01128 1.00143 0.999973 0.999951 0.999951 0.999971 1.00143 
1.00004 0.999991 1 1 1 1 0.999991 1.00004 1.00026 0.999821 0.999978 1 1 0.999978 0.999811 1.00029 1.01782 1.00342 1.00203 1.00187 1.00184 1.00199 1.00341 1.01783 1.23909 1.06772 1.01011 1.00522 1.00522 1.01011 1.06765 1.23944 1.40584 1.61859 1.48643 1.34138 1.34675 1.49599 1.63238 1.41331 1.02405 1.01728 1.00313 1.00009 1.00009 1.00313 1.01728 1.02405 1.01128 1.00143 0.999973 0.999951 0.999951 0.999973 1.00143 
1.00042 0.999961 0.999989 0.999999 0.999999 0.999989 0.999961 1.00042 1.00826 1.00058 0.999911 0.999976 0.999976 0.999911 1.00052 1.00878 1.15404 1.06498 1.05131 1.04789 1.04757 1.05088 1.06498 1.15405 1.93537 1.37562 1.09293 1.05952 1.0595 1.09287 1.37526 1.93785 2.54231 3.16519 2.87664 2.57073 2.58828 2.90457 3.20511 2.56374 1.22647 1.15187 1.04899 1.00701 1.00701 1.04899 1.15187 1.22647 1.1066 1.02 1.0019 0.999998 0.999998 1.0019 1.02 
1.0081 1.00026 0.999849 0.99989 0.99989 0.999849 1.00026 1.0081 1.10673 1.01348 1.00089 0.999887 0.999887 1.00089 1.01292 1.11338 2.06393 1.67427 1.57991 1.55869 1.55724 1.57781 1.67399 2.06363 4.17098 2.63667 1.71044 1.54767 1.54984 1.7133 2.63659 4.17903 6.05659 7.69864 7.40057 6.9274 6.93534 7.42443 7.73788 6.0682 2.31904 1.92363 1.43801 1.10306 1.10306 1.43801 1.92363 2.31904 1.64748 1.16001 1.02319 1.00198 1.00198 1.02319 1.16001 
1.06981 1.0042 1.0001 0.999975 0.999975 1.0001 1.0042 1.06981 1.65849 1.10672 1.00964 1.00072 1.00072 1.00964 1.1131 1.76727 5.79847 4.6925 4.26547 4.19745 4.19382 4.2586 4.69398 5.79956 8.52107 5.56084 4.17975 3.7666 3.8043 4.21587 5.61641 8.60415 12.7033 15.7725 16.1731 15.9779 16.1831 16.4091 15.976 12.8432 4.89209 3.83217 2.7623 1.66681 1.66681 2.7623 3.83217 4.89209 2.89707 1.54492 1.11036 1.01414 1.01414 1.11036 1.54492 
1.00705 1.00042 1.00006 1.0001 1.0001 1.00006 1.00042 1.00705 1.10359 1.01554 1.00154 1.00016 1.00016 1.00154 1.01554 1.10359 1.83531 1.60893 1.5234 1.52964 1.52964 1.5234 1.60893 1.83531 3.27212 1.98211 1.65123 1.45142 1.45142 1.65123 1.98211 3.27212 5.82317 7.28299 7.43847 7.12115 7.12115 7.43847 7.28299 5.82317 2.33218 1.85729 1.4849 1.13212 1.13212 1.4849 1.85729 2.33218 1.44024 1.0682 1.00907 1.001 1.001 1.00907 1.0682 
1.00031 0.99999 0.999994 0.999999 0.999999 0.999994 0.99999 1.00031 1.00775 1.00091 0.99996 0.999969 0.999969 0.99996 1.00091 1.00775 1.1231 1.08775 1.07707 1.07401 1.07401 1.07707 1.08775 1.1231 1.48677 1.15782 1.08594 1.04852 1.04852 1.08594 1.15782 1.48677 2.05249 2.43022 2.46563 2.33613 2.33613 2.46563 2.43022 2.05249 1.24234 1.14228 1.06037 1.01112 1.01112 1.06037 1.14228 1.24234 1.07017 1.00823 1.00077 0.999954 0.999954 1.00077 1.00823 
1.00003 0.999993 1 1 1 1 0.999993 1.00003 1.00024 0.999856 0.999971 0.999996 0.999996 0.999971 0.999856 1.00024 1.01223 1.00855 1.00755 1.0068 1.0068 1.00755 1.00855 1.01223 1.05772 1.01226 1.00637 1.00271 1.00271 1.00637 1.01226 1.05772 1.14222 1.20897 1.21305 1.17288 1.17288 1.21305 1.20897 1.14222 1.02846 1.01505 1.00409 1.00046 1.00046 1.00409 1.01505 1.02846 1.00642 1.00057 0.99994 0.999974 0.999974 0.99994 1.00057 
1.0001 0.999999 1 1 1 1 0.999999 1.0001 0.999972 0.999883 0.999997 1 1 0.999997 0.999883 0.999972 1.00086 1.00047 1.0005 1.0004 1.0004 1.0005 1.00047 1.00086 1.00369 1.00047 1.00024 1.00007 1.00007 1.00024 1.00047 1.00369 1.00939 1.01562 1.01611 1.01071 1.01071 1.01611 1.01562 1.00939 1.00177 1.00077 1.00009 0.999928 0.999928 1.00009 1.00077 1.00177 1.00044 0.999945 0.999978 0.999999 0.999999 0.999978 0.999945 
0 0 0 0 1 1 0.999999 1.0001 0.999972 0.999883 0.999997 1 1 0.999997 0.999883 0.999973 1.00086 1.00047 1.0005 1.0004 1.00039 1.00049 1.00046 1.00084 1.00359 1.00045 1.00023 1.00006 1.00007 1.00024 1.00047 1.00369 1.00939 1.01562 1.01611 1.01071 1.01071 1.01611 1.01562 1.00939 1.00173 1.00075 1.00008 0.999927 0.999928 1.00009 1.00077 1.00177 1.00044 0.999945 0.999978 0.999999 0 0 0 
0 0 0 0 1 1 0.999993 1.00003 1.00024 0.999856 0.999971 0.999996 0.999996 0.999971 0.999854 1.00025 1.01223 1.00855 1.00755 1.0068 1.0067 1.00743 1.00841 1.01205 1.0567 1.01209 1.00624 1.00265 1.00271 1.00637 1.01226 1.05772 1.1422 1.20892 1.213 1.17282 1.17288 1.21305 1.20897 1.14222 1.02815 1.01482 1.00403 1.00045 1.00046 1.00409 1.01505 1.02846 1.00642 1.00057 0.99994 0.999974 0 0 0 
0 0 0 0 0.999999 0.999994 0.99999 1.00031 1.00775 1.00091 0.99996 0.999969 0.999969 0.999959 1.0009 1.00792 1.1231 1.08775 1.07707 1.07401 1.07326 1.07623 1.08674 1.12201 1.48119 1.15692 1.08481 1.04783 1.04852 1.08594 1.15782 1.48677 2.05275 2.43057 2.46602 2.3364 2.33613 2.46563 2.43022 2.05249 1.24125 1.141 1.05994 1.01104 1.01112 1.06037 1.14228 1.24234 1.07017 1.00823 1.00077 0.999954 0 0 0 
