0 0 0 0 1.00022 1.00439 1.05 1.36237 2.1907 1.46243 1.07929 1.01001 1.01001 1.0793 1.46157 2.19076 2.72617 2.83595 2.20652 1.64936 1.64928 2.20638 2.83477 2.72467 1.44116 1.14002 1.09852 1.19808 1.19985 1.10476 1.14539 1.44048 1.29311 1.87319 3.07111 3.93983 3.93876 3.07037 1.8714 1.28738 1.08002 1.07619 1.02088 1.00185 1.00185 1.02088 1.07618 1.08002 1.03348 1.00319 1.00019 1.00007 0 0 0 
0 0 0 0 0.999942 1.00047 1.0064 1.05494 1.17155 1.05393 1.00727 1.00056 1.00056 1.00727 1.05364 1.17089 1.24964 1.25224 1.1378 1.05532 1.05532 1.13781 1.25193 1.2496 1.06897 1.01678 1.01044 1.02475 1.02465 1.01073 1.017 1.06837 1.03456 1.16639 1.54302 1.80457 1.81087 1.54859 1.16848 1.03489 1.006 1.00755 1.00172 1.00009 1.00009 1.00172 1.00755 1.006 1.00252 1.00015 0.999978 0.999993 0 0 0 
0 0 0 0 0.999982 0.999941 1.00053 1.00496 1.01402 1.00328 1.00028 0.999885 0.999885 1.00028 1.00324 1.01388 1.01811 1.01691 1.00752 1.00214 1.00214 1.00752 1.01687 1.01814 1.00648 1.00273 1.0021 1.00287 1.00285 1.00211 1.00272 1.0064 1.00351 1.02407 1.09992 1.15006 1.15173 1.10132 1.02446 1.00357 1.0003 1.00034 1.00008 0.999979 0.999979 1.00008 1.00034 1.0003 1.0002 0.999966 0.999998 1 0 0 0 
0 0 0 0 1 0.999983 0.999945 1.00038 1.00045 0.999879 0.999933 0.999987 0.999987 0.999933 0.999874 1.00043 1.00051 1.00023 1.00006 0.999966 0.999966 1.00006 1.00022 1.00052 1.00055 1.00013 1.00022 1.00019 1.00018 1.00021 1.00012 1.00054 1.00023 1.00207 1.01106 1.0175 1.01778 1.01127 1.00212 1.00024 0.999992 0.999868 0.999978 0.999998 0.999998 0.999978 0.999868 0.999992 1.00007 0.999992 1 1 0 0 0 
1.00038 0.999945 0.999983 1 1 0.999983 0.999945 1.00038 1.00045 0.999879 0.999933 0.999987 0.999987 0.999933 0.999879 1.00045 1.00052 1.00022 1.00006 0.999966 0.999966 1.00006 1.00023 1.00051 1.00055 1.00013 1.00022 1.00019 1.00019 1.00022 1.00013 1.00055 1.00024 1.00212 1.01127 1.01778 1.01778 1.01127 1.00212 1.00024 0.999992 0.999868 0.999978 0.999998 0.999998 0.999978 0.999868 0.999992 1.00007 0.999992 1 1 1 1 0.999992 
1.00496 1.00053 0.999941 0.999982 0.999982 0.999941 1.00053 1.00496 1.01402 1.00328 1.00028 0.999885 0.999885 1.00028 1.00328 1.01402 1.01814 1.01687 1.00752 1.00214 1.00214 1.00752 1.01691 1.01811 1.00648 1.00273 1.0021 1.00287 1.00287 1.0021 1.00273 1.00648 1.00357 1.02446 1.10132 1.15173 1.15173 1.10132 1.02446 1.00357 1.0003 1.00034 1.00008 0.999979 0.999979 1.00008 1.00034 1.0003 1.0002 0.999966 0.999998 1 1 0.999998 0.999966 
1.05494 1.0064 1.00047 0.999942 0.999942 1.00047 1.0064 1.05494 1.17155 1.05393 1.00727 1.00056 1.00056 1.00727 1.05393 1.17155 1.2496 1.25193 1.13781 1.05532 1.05532 1.13781 1.25224 1.24964 1.06897 1.01678 1.01044 1.02475 1.02475 1.01044 1.01678 1.06897 1.03489 1.16848 1.54859 1.81087 1.81087 1.54859 1.16848 1.03489 1.006 1.00755 1.00172 1.00009 1.00009 1.00172 1.00755 1.006 1.00252 1.00015 0.999978 0.999993 0.999993 0.999978 1.00015 
1.36237 1.05 1.00439 1.00022 1.00022 1.00439 1.05 1.36237 2.1907 1.46243 1.07929 1.01001 1.01001 1.07929 1.46243 2.1907 2.72467 2.83477 2.20638 1.64928 1.64928 2.20638 2.83595 2.72617 1.44116 1.14002 1.09852 1.19808 1.19808 1.09852 1.14002 1.44116 1.28738 1.8714 3.07037 3.93876 3.93876 3.07037 1.8714 1.28738 1.08002 1.07618 1.02088 1.00185 1.00185 1.02088 1.07619 1.08002 1.03348 1.00319 1.00019 1.00007 1.00007 1.00019 1.00319 
2.80288 1.37966 1.04457 1.0029 1.0029 1.04457 1.37966 2.80288 5.15855 2.94458 1.40285 1.05801 1.05801 1.40285 2.94458 5.15855 6.71627 7.41393 5.98484 4.44851 4.44851 5.98484 7.61703 6.87549 3.29021 2.77213 2.58777 2.77034 2.73528 2.52666 2.70267 3.22913 3.87148 5.47298 6.68781 7.86694 7.86694 6.68781 5.47298 3.87148 1.56326 1.38587 1.10948 1.01672 1.01695 1.10959 1.38913 1.56938 1.17701 1.01232 0.999744 0.999884 0.999884 0.999744 1.01232 
1.46827 1.07618 1.00729 1.00021 1.00021 1.00729 1.07618 1.46827 2.16744 1.43719 1.06417 1.00624 1.00624 1.06417 1.43719 2.16744 2.65011 2.7745 2.21026 1.66053 1.66053 2.21026 2.76038 2.64471 1.39268 1.24323 1.20976 1.29086 1.28835 1.19988 1.23897 1.38817 1.53988 2.07978 2.58802 3.12919 3.12919 2.58802 2.07978 1.53988 1.05128 1.02417 1.00071 0.999834 0.999865 1.00088 1.02463 1.05163 1.00699 0.999103 0.999759 0.999905 0.999905 0.999759 0.999103 
1.06243 1.00801 1.00056 0.999922 0.999922 1.00056 1.00801 1.06243 1.16662 1.04727 1.00459 1.00003 1.00003 1.00459 1.04727 1.16662 1.24588 1.25146 1.14863 1.06062 1.06062 1.14863 1.25105 1.2475 1.03684 1.01682 1.0128 1.02682 1.02667 1.0117 1.01637 1.03646 1.05032 1.14177 1.26307 1.3929 1.3929 1.26307 1.14177 1.05032 1.00071 0.997988 0.999106 0.999984 0.999984 0.999108 0.997993 1.0007 0.999685 0.999981 1.00001 1 1 1.00001 0.999981 
1.00536 1.00049 0.999901 0.999981 0.999981 0.999901 1.00049 1.00536 1.01308 1.00246 0.999941 0.99991 0.99991 0.999941 1.00246 1.01308 1.02045 1.01849 1.00981 1.0028 1.0028 1.00981 1.01848 1.0208 1.00387 1.00254 1.00207 1.00317 1.00322 1.00203 1.00254 1.00389 1.00225 1.00937 1.02566 1.04364 1.04364 1.02566 1.00937 1.00225 0.999952 0.999583 0.999973 1.00002 1.00002 0.999973 0.999583 0.999952 1.00017 1.00002 1 1 1 1 1.00002 
1.00536 1.00049 0.999901 0.999981 0.999981 0.999901 1.00049 1.00536 1.01308 1.00246 0.999941 0.99991 0.99991 0.99994 1.00247 1.01321 1.0208 1.01848 1.00968 1.00275 1.0028 1.00981 1.01848 1.0208 1.00389 1.00254 1.00203 1.00322 1.00322 1.00203 1.00254 1.00389 1.00227 1.00938 1.02532 1.04283 1.04283 1.02532 1.00938 1.00227 0.999944 0.999565 0.999969 1.00002 1.00002 0.999973 0.999583 0.999952 1.00017 1.00002 1 1 1 1 1.00002 
1.06241 1.00801 1.00055 0.999921 0.999922 1.00056 1.00801 1.06243 1.16662 1.04727 1.00459 1.00003 1.00002 1.0046 1.04736 1.16766 1.2475 1.25105 1.14781 1.06024 1.06062 1.14863 1.25105 1.2475 1.03646 1.01637 1.0117 1.02667 1.02667 1.0117 1.01637 1.03646 1.05101 1.14298 1.26081 1.3872 1.3872 1.26081 1.14298 1.05101 1.00062 0.997824 0.999053 0.999979 0.999984 0.999106 0.997988 1.00071 0.999685 0.999981 1.00001 1 1 1.00001 0.999981 
1.46789 1.07618 1.00724 1.0002 1.00021 1.00729 1.07618 1.46827 2.16744 1.43719 1.06417 1.00624 1.0062 1.06443 1.43781 2.1721 2.64471 2.76038 2.20431 1.65772 1.66053 2.21026 2.76038 2.64471 1.38817 1.23897 1.19988 1.28835 1.28835 1.19988 1.23897 1.38817 1.54804 2.08486 2.57355 3.09333 3.09333 2.57355 2.08486 1.54804 1.05047 1.023 1.00019 0.999819 0.999834 1.00071 1.02417 1.05128 1.00699 0.999103 0.999759 0.999905 0.999905 0.999762 0.999109 
2.82307 1.37974 1.04516 1.00295 1.0029 1.04457 1.37966 2.80288 5.15855 2.94458 1.40285 1.05801 1.05969 1.41238 2.96659 5.20791 6.87549 7.61703 6.04012 4.49241 4.44851 5.98484 7.61703 6.87549 3.22913 2.70267 2.52666 2.73528 2.73528 2.52666 2.70267 3.22913 3.98399 5.57759 6.73811 7.852 7.852 6.73811 5.57759 3.98399 1.57347 1.39215 1.10976 1.01721 1.01672 1.10948 1.38587 1.56326 1.17701 1.01232 0.999744 0.999884 0.999885 0.999732 1.01257 
7.97641 3.18108 1.42177 1.04944 1.04911 1.42097 3.18285 8.02597 13.5855 8.2133 3.28123 1.59979 1.59742 3.27737 8.23688 13.6531 15.7751 17.6585 15.5934 13.2614 13.2614 15.5934 17.6585 15.7751 9.5224 9.26428 9.04482 8.99288 8.99288 9.04482 9.26428 9.5224 9.61455 11.8504 13.2145 14.4887 14.4887 13.2145 11.8504 9.61455 4.85159 3.65206 2.16022 1.39509 1.38505 2.1265 3.65208 4.85159 3.62178 1.77758 1.09808 1.00749 1.00749 1.09808 1.77758 
9.11051 3.63424 1.52601 1.06507 1.06447 1.52338 3.6245 9.13149 14.6654 9.40088 3.7396 1.72799 1.72396 3.73002 9.40468 14.6589 14.7198 15.9463 11.8351 7.75427 7.75427 11.8351 15.9463 14.7198 7.41074 6.55485 6.26308 5.50272 5.50272 6.26308 6.55485 7.41074 9.26161 12.2386 14.4574 16.0908 16.0908 14.4574 12.2386 9.26161 3.64074 2.52369 1.5029 1.10079 1.10059 1.49854 2.52369 3.64074 2.15096 1.30483 1.02635 1.00106 1.00106 1.02635 1.30483 
7.38541 2.88156 1.34625 1.03877 1.03839 1.34444 2.87529 7.39795 12.4473 7.77543 3.01846 1.47286 1.47013 3.01018 7.77953 12.4416 11.8416 12.4636 8.18436 4.31472 4.31472 8.18436 12.4636 11.8416 4.47849 3.86385 3.67077 2.86648 2.86648 3.67077 3.86385 4.47849 6.86376 9.97752 12.1308 13.823 13.823 12.1308 9.97752 6.86376 2.34887 1.61427 1.15 1.01774 1.01778 1.15011 1.61431 2.34887 1.37994 1.05808 1.00349 0.999992 0.999992 1.00349 1.05808 
5.32663 2.06111 1.15419 1.01173 1.01162 1.15344 2.05836 5.33063 9.82632 5.83756 2.19632 1.20698 1.2069 2.1992 5.83946 9.82416 9.52556 9.62989 5.78593 2.59987 2.59987 5.78593 9.62989 9.52556 2.63641 2.2095 2.14803 1.7245 1.7245 2.14803 2.2095 2.63641 4.27939 7.28433 9.91901 12.0786 12.0786 9.91901 7.28433 4.27939 1.45484 1.14586 1.02158 1.00135 1.00135 1.02155 1.1459 1.45484 1.07374 1.00643 1.00019 0.999952 0.999952 1.00019 1.00643 
5.33063 2.05836 1.15344 1.01162 1.01173 1.15419 2.05836 5.33063 9.82416 5.83946 2.1992 1.2069 1.2069 2.1992 5.83756 9.82632 9.52582 9.62972 5.78134 2.59571 2.59987 5.78593 9.62989 9.52556 2.63678 2.20957 2.14526 1.72443 1.7245 2.14803 2.2095 2.63641 4.27939 7.28433 9.91901 12.0786 12.1177 9.94124 7.27851 4.2519 1.44181 1.14168 1.02126 1.00133 1.00135 1.02158 1.14586 1.45484 1.07374 1.00643 1.00019 0.999952 0.999951 1.0002 1.00662 
7.39795 2.87529 1.34444 1.03839 1.03877 1.34625 2.87529 7.39795 12.4416 7.77953 3.01018 1.47013 1.47013 3.01018 7.77543 12.4473 11.8413 12.4633 8.1702 4.29983 4.31472 8.18436 12.4636 11.8416 4.47837 3.8645 3.66234 2.8661 2.86648 3.67077 3.86385 4.47849 6.86376 9.97752 12.1308 13.823 13.9108 12.1752 9.97785 6.81485 2.30445 1.5917 1.14771 1.01745 1.01774 1.15 1.61427 2.34887 1.37994 1.05808 1.00349 0.999992 0.999994 1.00358 1.0595 
9.13149 3.6245 1.52338 1.06447 1.06507 1.52601 3.6245 9.13149 14.6589 9.40468 3.73002 1.72396 1.72396 3.73002 9.40088 14.6654 14.7205 15.9467 11.8302 7.73621 7.75427 11.8351 15.9463 14.7198 7.41209 6.55443 6.25312 5.50141 5.50272 6.26308 6.55485 7.41074 9.26161 12.2386 14.4574 16.0908 16.2027 14.5116 12.2487 9.19934 3.58431 2.4932 1.50067 1.09987 1.10079 1.5029 2.52369 3.64074 2.15096 1.30483 1.02635 1.00106 1.00105 1.02637 1.30502 
8.02597 3.18285 1.42097 1.04911 1.04944 1.42177 3.18285 8.02597 13.6531 8.23688 3.27737 1.59742 1.59742 3.27737 8.2133 13.5855 15.7736 17.6561 15.7083 13.3562 13.2614 15.5934 17.6585 15.7751 9.52179 9.26918 9.21723 9.12816 8.99288 9.04482 9.26428 9.5224 9.61455 11.8504 13.2145 14.4887 14.6695 13.3448 11.9483 9.66272 4.9823 3.77664 2.19542 1.40533 1.39509 2.16022 3.65206 4.85159 3.62178 1.77758 1.09808 1.00749 1.00755 1.09926 1.78579 
11.0094 4.15195 1.63088 1.07115 1.07152 1.63145 4.14954 10.9839 19.4758 10.5759 4.30149 2.00942 2.01857 4.32061 10.6212 19.4948 26.4451 28.7481 28.5931 28.2834 27.888 28.254 28.5958 26.2694 21.9129 22.4762 22.5616 22.4912 22.4912 22.5616 22.4762 21.9129 22.1111 25.0609 26.5159 27.6904 27.6904 26.5159 25.0609 22.1111 16.4869 13.949 8.98923 5.07513 5.07633 8.99466 13.9789 16.4841 11.0456 4.23961 1.62903 1.06935 1.06935 1.62903 4.22421 
11.77 4.35158 1.66751 1.07823 1.07873 1.66837 4.34915 11.7319 21.0818 11.0802 4.45545 2.06134 2.06993 4.47008 11.1078 21.0628 29.4747 31.9421 32.4543 32.4751 32.5205 32.5229 32.0183 29.5837 25.9698 25.6488 26.0607 26.7167 26.7167 26.0607 25.6488 25.9698 27.2913 30.8712 32.3825 32.8711 32.8711 32.3825 30.8712 27.2913 19.1489 16.444 10.6644 6.01811 6.01942 10.6673 16.4135 19.0664 12.5515 4.72373 1.74586 1.08407 1.08407 1.74586 4.72133 
12.1424 4.44725 1.68355 1.08049 1.08101 1.68455 4.4457 12.1081 22.0739 11.385 4.51913 2.06613 2.07461 4.53297 11.4112 22.0594 31.1244 33.4513 34.1652 34.3072 34.3244 34.2041 33.5149 31.2722 28.6607 28.0448 28.5839 29.5759 29.5759 28.5839 28.0448 28.6607 29.7811 33.0472 34.1837 34.4809 34.4809 34.1837 33.0472 29.7811 20.9228 18.0008 11.6421 6.52051 6.52188 11.6457 17.9795 20.8364 13.7598 5.15194 1.84207 1.09618 1.09618 1.84207 5.14946 
12.2189 4.44286 1.67905 1.07812 1.07848 1.67988 4.44252 12.1955 22.4531 11.4385 4.45784 1.99821 2.00403 4.46737 11.458 22.4408 31.7392 33.8447 34.5919 34.748 34.7558 34.6115 33.8706 31.8834 30.717 30.3925 30.8736 31.8058 31.8058 30.8736 30.3925 30.717 30.5676 33.4904 34.5741 34.8115 34.8115 34.5741 33.4904 30.5676 21.7451 18.6946 11.8871 6.49336 6.49487 11.8916 18.6834 21.6694 14.3987 5.32517 1.87775 1.10027 1.10027 1.87775 5.32262 
12.1955 4.44252 1.67988 1.07848 1.07848 1.67988 4.44252 12.1955 22.4408 11.458 4.46737 2.00403 2.00403 4.46737 11.458 22.4408 31.7392 33.8447 34.5919 34.748 34.748 34.5919 33.8447 31.7392 30.722 30.3932 30.8671 31.8136 31.8058 30.8736 30.3925 30.717 30.5676 33.4904 34.5741 34.8115 34.8121 34.5742 33.4764 30.4074 21.6694 18.6834 11.8916 6.49487 6.49336 11.8871 18.6946 21.7451 14.4165 5.32262 1.87775 1.10027 1.10034 1.8778 5.32517 
12.1081 4.4457 1.68455 1.08101 1.08101 1.68455 4.4457 12.1081 22.0594 11.4112 4.53297 2.07461 2.07461 4.53297 11.4112 22.0594 31.1244 33.4513 34.1652 34.3072 34.3072 34.1652 33.4513 31.1244 28.6694 28.0442 28.5728 29.5879 29.5759 28.5839 28.0448 28.6607 29.7811 33.0472 34.1837 34.4809 34.4804 34.1852 33.0073 29.6478 20.8364 17.9795 11.6457 6.52188 6.52051 11.6421 18.0008 20.9228 13.7858 5.14946 1.84207 1.09618 1.09629 1.84218 5.15194 
11.7319 4.34915 1.66837 1.07873 1.07873 1.66837 4.34915 11.7319 21.0628 11.1078 4.47008 2.06993 2.06993 4.47008 11.1078 21.0628 29.4747 31.9421 32.4543 32.4751 32.4751 32.4543 31.9421 29.4747 25.9732 25.6478 26.0519 26.726 26.7167 26.0607 25.6488 25.9698 27.2913 30.8712 32.3825 32.8711 32.8482 32.365 30.8293 27.194 19.0664 16.4135 10.6673 6.01942 6.01811 10.6644 16.444 19.1489 12.5743 4.72133 1.74586 1.08407 1.08418 1.74606 4.72373 
10.9839 4.14954 1.63145 1.07152 1.07152 1.63145 4.14954 10.9839 19.4948 10.6212 4.32061 2.01857 2.01857 4.32061 10.6212 19.4948 26.4451 28.7481 28.5931 28.2834 28.2834 28.5931 28.7481 26.4451 22.0879 22.6792 22.7676 22.6719 22.4912 22.5616 22.4762 21.9129 22.1111 25.0609 26.5159 27.6904 27.9048 26.7516 25.5536 22.4569 16.4841 13.9789 8.99466 5.07633 5.07513 8.98923 13.949 16.4869 11.0177 4.22421 1.62903 1.06935 1.06965 1.63117 4.23961 
10.6421 3.98077 1.61359 1.07048 1.07095 1.61669 3.99403 10.697 19.9896 10.8122 4.41985 2.10479 2.10479 4.41985 10.8122 19.9896 29.2234 31.82 32.72 32.8108 32.8343 32.7417 31.82 29.2234 31.2844 33.2579 33.6318 33.3379 33.3927 33.6722 33.2591 31.285 26.5384 31.0927 32.7826 33.3494 33.4246 32.8491 31.1049 26.5385 17.923 14.4623 8.8676 4.87322 4.81084 8.89101 14.438 17.8587 11.6665 4.37019 1.678 1.08398 1.08468 1.68155 4.38898 
11.6847 4.41264 1.72982 1.0903 1.09122 1.73583 4.43925 11.7819 21.051 11.6962 4.85339 2.31944 2.31944 4.85339 11.6962 21.051 30.5611 33.1692 34.1031 34.2894 34.2854 34.1028 33.1692 30.5611 32.3923 33.8869 34.2417 34.2339 34.2323 34.2402 33.8866 32.3921 28.8097 32.3086 33.8385 34.3037 34.2963 33.8273 32.3028 28.8081 20.925 17.1813 10.7575 5.9591 5.88866 10.7428 17.2385 20.9507 13.3661 4.88709 1.81228 1.10742 1.10826 1.81517 4.89698 
12.148 4.59102 1.7684 1.09489 1.09579 1.77416 4.61621 12.24 21.5584 12.037 4.9684 2.35139 2.35139 4.9684 12.037 21.5584 31.1009 33.628 34.5806 34.7998 34.8019 34.5889 33.628 31.1009 33.0221 34.1884 34.5136 34.6112 34.6105 34.5122 34.1885 33.0222 30.0473 33.1864 34.3942 34.7316 34.727 34.3854 33.1886 30.0459 22.3723 18.3568 11.4136 6.30542 6.23208 11.4042 18.413 22.3882 14.431 5.30506 1.90927 1.12156 1.12246 1.91232 5.31583 
12.0962 4.51079 1.72303 1.08354 1.08401 1.72622 4.52503 12.1576 21.7537 11.7119 4.71194 2.1796 2.1796 4.71194 11.7119 21.7537 31.4644 33.8083 34.6984 34.8966 34.8982 34.7041 33.8083 31.4644 33.2928 34.3717 34.6789 34.7953 34.7948 34.6779 34.3718 33.2928 30.47 33.5176 34.5899 34.8596 34.8576 34.5867 33.5217 30.4678 22.9222 18.8305 11.511 6.259 6.21529 11.5057 18.8662 22.9301 15.029 5.50462 1.93739 1.11913 1.11969 1.93938 5.51297 
12.1576 4.52503 1.72622 1.08401 1.08401 1.72622 4.52503 12.1576 21.6435 11.6039 4.6396 2.15139 2.1796 4.71194 11.7119 21.7537 31.4644 33.8083 34.7041 34.8982 34.8982 34.7041 33.8435 31.5731 33.2928 34.3718 34.6779 34.7948 34.7953 34.6789 34.3717 33.2928 30.4678 33.5217 34.5867 34.8576 34.8576 34.5867 33.5217 30.4678 23.0028 18.8943 11.511 6.259 6.259 11.511 18.8943 23.0028 15.0118 5.51297 1.93938 1.11969 1.11913 1.93739 5.50462 
12.24 4.61621 1.77416 1.09579 1.09579 1.77416 4.61621 12.24 21.4592 11.8576 4.84571 2.30363 2.35139 4.9684 12.037 21.5584 31.1009 33.628 34.5889 34.8019 34.8019 34.5889 33.6901 31.2459 33.0222 34.1885 34.5122 34.6105 34.6112 34.5136 34.1884 33.0221 30.0459 33.1886 34.3854 34.727 34.727 34.3854 33.1886 30.0459 22.4756 18.4586 11.4136 6.30542 6.30542 11.4136 18.4586 22.4756 14.4097 5.31583 1.91232 1.12246 1.12156 1.90927 5.30506 
11.7819 4.43925 1.73583 1.09122 1.09122 1.73583 4.43925 11.7819 20.9504 11.5265 4.73389 2.27201 2.31944 4.85339 11.6962 21.051 30.5611 33.1692 34.1028 34.2854 34.2854 34.1028 33.2319 30.7057 32.3921 33.8866 34.2402 34.2323 34.2339 34.2417 33.8869 32.3923 28.8081 32.3028 33.8273 34.2963 34.2963 33.8273 32.3028 28.8081 21.0361 17.2815 10.7575 5.9591 5.9591 10.7575 17.2815 21.0361 13.3458 4.89698 1.81517 1.10826 1.10742 1.81228 4.88709 
10.697 3.99403 1.61669 1.07095 1.07095 1.61669 3.99403 10.697 19.7539 10.5969 4.30308 2.06281 2.10479 4.41985 10.8122 19.9896 29.2234 31.82 32.7417 32.8343 32.8343 32.7417 31.8772 29.341 31.285 33.2591 33.6722 33.3927 33.3379 33.6318 33.2579 31.2844 26.5385 31.1049 32.8491 33.4246 33.4246 32.8491 31.1049 26.5385 17.9164 14.4516 8.8676 4.87322 4.87322 8.8676 14.4516 17.9164 11.6888 4.38898 1.68155 1.08468 1.08398 1.678 4.37019 
6.40848 2.29056 1.18286 1.01266 1.01249 1.18095 2.29056 6.40848 13.3918 5.98456 2.18138 1.2044 1.20435 2.18105 5.98511 13.4301 27.946 30.734 32.3637 32.7842 32.7842 32.3637 30.734 27.946 29.8998 33.0247 33.8233 33.568 33.5423 33.8097 32.996 29.8968 23.5557 30.2762 33.0711 33.8496 33.8496 33.0711 30.2762 23.5557 7.75586 4.99717 2.7386 1.61449 1.60723 2.70028 4.93606 7.57055 4.02833 1.71036 1.08776 1.00744 1.0075 1.08897 1.72143 
5.24775 1.86696 1.09622 1.00478 1.00475 1.09577 1.86696 5.24775 11.9281 4.81666 1.73554 1.08644 1.08642 1.73528 4.80473 11.9274 28.127 31.375 33.4826 33.9722 33.9722 33.4826 31.375 28.127 29.9254 33.2717 34.1457 34.236 34.2354 34.1403 33.2627 29.9678 22.7647 30.3375 33.4674 34.3368 34.3368 33.4674 30.3375 22.7647 6.2522 3.90795 2.04112 1.35097 1.35905 2.07767 3.93959 6.18931 2.97733 1.37404 1.03833 1.00271 1.00268 1.03836 1.37559 
4.8485 1.72244 1.07234 1.00308 1.00306 1.07196 1.72244 4.8485 11.5718 4.54566 1.65192 1.06955 1.06953 1.65169 4.53591 11.5712 28.144 31.6135 33.9951 34.5634 34.5634 33.9951 31.6135 28.144 29.9221 33.4017 34.3572 34.5885 34.5864 34.3514 33.3936 29.967 22.4759 30.3665 33.612 34.5155 34.5155 33.612 30.3665 22.4759 5.24559 3.12244 1.67696 1.25249 1.25987 1.70812 3.1551 5.16564 2.2456 1.18704 1.01849 1.00144 1.00143 1.01869 1.18952 
4.7683 1.68926 1.06677 1.00281 1.0028 1.06653 1.68926 4.7683 11.599 4.53827 1.64772 1.06803 1.06801 1.64751 4.53335 11.5986 28.1308 31.6698 34.1322 34.7063 34.7063 34.1322 31.6698 28.1308 29.928 33.5058 34.5007 34.7604 34.759 34.497 33.4993 29.9529 22.4951 30.4134 33.6805 34.5445 34.5445 33.6805 30.4134 22.4951 5.15408 2.84987 1.53047 1.17299 1.17672 1.54818 2.87141 5.07161 2.18087 1.1762 1.01646 1.00115 1.00114 1.01651 1.17745 
4.76367 1.68765 1.06653 1.0028 1.0028 1.06653 1.68926 4.7683 11.599 4.53827 1.64751 1.06801 1.06803 1.64772 4.53827 11.599 27.9542 31.7111 34.1372 34.7081 34.7063 34.1322 31.6698 28.1308 29.9529 33.4993 34.497 34.759 34.759 34.497 33.4993 29.9529 22.6041 30.3403 33.6549 34.5281 34.5282 33.655 30.4134 22.6076 5.07161 2.87141 1.54818 1.17672 1.17672 1.54818 2.87141 5.07161 2.18087 1.1762 1.01646 1.00115 1.00115 1.01646 1.1762 
4.83906 1.71965 1.07196 1.00306 1.00306 1.07196 1.72244 4.8485 11.5718 4.54566 1.65169 1.06953 1.06955 1.65192 4.54566 11.5718 27.9665 31.6553 34.0065 34.5693 34.5634 33.9951 31.6135 28.144 29.967 33.3936 34.3514 34.5864 34.5864 34.3514 33.3936 29.967 22.5875 30.2603 33.5662 34.4886 34.4886 33.5662 30.3665 22.5904 5.16564 3.1551 1.70812 1.25987 1.25987 1.70812 3.1551 5.16564 2.2456 1.18704 1.01849 1.00144 1.00144 1.01849 1.18704 
5.23655 1.86374 1.09577 1.00475 1.00475 1.09577 1.86696 5.24775 11.9281 4.81666 1.73528 1.08642 1.08644 1.73554 4.81666 11.9281 27.9585 31.4166 33.5056 33.9918 33.9722 33.4826 31.375 28.127 29.9678 33.2627 34.1403 34.2354 34.2354 34.1403 33.2627 29.9678 22.8678 30.2403 33.4255 34.3159 34.3159 33.4254 30.3375 22.8703 6.18931 3.93959 2.07767 1.35905 1.35905 2.07767 3.93959 6.18931 2.97733 1.37404 1.03833 1.00271 1.00271 1.03833 1.37404 
6.36512 2.27842 1.18095 1.01249 1.01249 1.18095 2.29056 6.40848 13.3918 5.98456 2.18105 1.20435 1.2044 2.18138 5.98456 13.3918 27.7705 30.7197 32.3172 32.7419 32.7842 32.3637 30.734 27.946 29.8968 32.996 33.8097 33.5423 33.5423 33.8097 32.996 29.8968 23.5509 30.1561 33.0136 33.8063 33.8064 33.0139 30.2762 23.5526 7.57055 4.93606 2.70028 1.60723 1.60723 2.70028 4.93606 7.57055 4.02833 1.71036 1.08776 1.00744 1.00744 1.08776 1.71036 
4.55098 1.6398 1.05889 1.00281 1.00281 1.05889 1.6398 4.55098 11.078 4.62471 1.68155 1.0788 1.0788 1.68155 4.49332 11.2732 24.2227 26.616 28.2242 28.6819 28.6784 28.2164 26.5995 24.2715 26.8021 28.6582 28.1086 27.8964 27.8933 28.1071 28.6568 26.8019 22.7496 28.4887 31.3012 32.2417 32.132 31.1371 28.3773 22.616 9.12594 5.27786 2.73947 1.73571 1.73571 2.73947 5.27786 9.12594 5.03895 2.08548 1.17866 1.0185 1.0185 1.17866 2.08548 
4.77424 1.69366 1.06563 1.00336 1.00336 1.06563 1.69366 4.77424 11.5198 4.7341 1.69116 1.07493 1.07493 1.69116 4.63192 11.8538 26.2 29.8134 31.7641 32.3128 32.3084 31.7576 29.8047 26.2268 26.2797 28.9655 29.3752 29.8734 29.8736 29.3756 28.966 26.2812 21.6099 28.255 31.8889 33.3298 33.2593 31.7534 28.106 21.4898 7.38717 3.65578 1.7147 1.13573 1.13573 1.7147 3.65578 7.38717 3.84412 1.64651 1.07761 1.00477 1.00477 1.07761 1.64651 
4.88391 1.7179 1.06831 1.0036 1.0036 1.06831 1.7179 4.88391 11.7988 4.84052 1.71441 1.07828 1.07828 1.71441 4.73518 12.1433 27.0329 31.1466 33.4132 34.0394 34.0364 33.4086 31.1434 27.0562 26.3277 29.5865 30.6695 31.4792 31.4789 30.6696 29.5869 26.3294 20.9951 28.1851 32.1349 33.7595 33.6923 32.005 28.0114 20.839 6.34126 2.82585 1.33945 1.00664 1.00664 1.33945 2.82585 6.34126 3.0642 1.39126 1.0391 1.00167 1.00167 1.0391 1.39126 
4.89201 1.71076 1.06643 1.00328 1.00328 1.06643 1.71076 4.89201 11.8793 4.81776 1.70591 1.07707 1.07707 1.70591 4.72974 12.2203 27.1778 31.3655 33.8473 34.4794 34.4782 33.8453 31.3616 27.2206 26.8479 30.557 31.9889 32.8831 32.8831 31.989 30.5576 26.8479 20.9151 28.4505 32.4458 34.026 33.9895 32.3703 28.3399 20.7174 6.00975 2.61858 1.26826 1.00209 1.00209 1.26826 2.61858 6.00975 2.77062 1.2933 1.0255 1.00083 1.00083 1.0255 1.2933 
4.90717 1.71141 1.06624 1.00324 1.00328 1.06643 1.71076 4.89201 12.2203 4.72974 1.70591 1.07707 1.07592 1.69767 4.72974 12.2203 27.2206 31.3616 33.8453 34.4782 34.4782 33.8453 31.3616 27.2206 26.8479 30.5576 31.989 32.8831 32.8831 31.9889 30.557 26.8479 20.6352 28.3243 32.325 33.9674 33.9876 32.3674 28.3322 20.6268 6.00968 2.61856 1.26824 1.00313 1.00209 1.26826 2.61858 6.00975 2.77062 1.2933 1.0255 1.00083 1.00081 1.02517 1.29108 
4.90383 1.71877 1.06803 1.00353 1.0036 1.06831 1.7179 4.88391 12.1433 4.73518 1.71441 1.07828 1.07694 1.70436 4.73518 12.1433 27.0562 31.1434 33.4086 34.0364 34.0364 33.4086 31.1434 27.0562 26.3294 29.5869 30.6696 31.4789 31.4792 30.6695 29.5865 26.3277 20.7649 27.982 31.9433 33.6556 33.6895 32.0077 27.9894 20.7581 6.34111 2.82595 1.33945 1.00819 1.00664 1.33945 2.82585 6.34126 3.0642 1.39126 1.0391 1.00167 1.00163 1.03852 1.38735 
4.7935 1.69446 1.06535 1.00329 1.00336 1.06563 1.69366 4.77424 11.8538 4.63192 1.69116 1.07493 1.07365 1.68146 4.63192 11.8538 26.2268 29.8047 31.7576 32.3084 32.3084 31.7576 29.8047 26.2268 26.2812 28.966 29.3756 29.8736 29.8734 29.3752 28.9655 26.2797 21.4317 28.0875 31.7026 33.2303 33.2637 31.7661 28.0945 21.4256 7.38702 3.65583 1.71463 1.13722 1.13573 1.7147 3.65578 7.38717 3.84412 1.64651 1.07761 1.00477 1.00473 1.0771 1.64257 
4.55872 1.63972 1.05867 1.00276 1.00281 1.05889 1.6398 4.55098 11.2732 4.49332 1.68155 1.0788 1.07692 1.66872 4.49332 11.2732 24.2715 26.5995 28.2164 28.6784 28.6784 28.2164 26.5995 24.2715 26.8019 28.6568 28.1071 27.8933 27.8964 28.1086 28.6582 26.8021 22.5473 28.3633 31.1056 32.1011 32.132 31.1498 28.3678 22.5412 9.12538 5.27764 2.73943 1.72143 1.73571 2.73947 5.27786 9.12594 5.03895 2.08548 1.17866 1.0185 1.01922 1.18243 2.09751 
2.10694 1.12654 1.00764 1.0002 1.00021 1.00763 1.12587 2.09898 5.84088 2.08076 1.11737 1.00676 1.00713 1.11936 2.08076 5.84088 14.5106 12.0941 11.7754 11.816 11.6098 11.5733 12.0941 14.5106 21.3375 18.2681 15.3819 14.318 14.318 15.3819 18.0593 21.2492 22.6215 26.6987 28.1893 28.6398 28.8009 28.3396 26.6689 22.6007 13.8207 10.7298 8.35068 6.01306 6.01504 8.355 10.7298 13.9168 8.38081 4.62772 2.13135 1.30892 1.31386 2.14816 4.65463 
1.5692 1.05003 1.0021 0.999847 0.99985 1.00213 1.05036 1.57119 4.24805 1.55488 1.0435 1.00045 1.00081 1.04469 1.55488 4.24805 12.287 6.73007 5.01049 4.69549 4.71386 5.0321 6.73007 12.287 22.4929 17.5532 12.5766 9.91986 9.91986 12.5766 17.508 22.5587 24.9511 28.8673 30.3969 31.1714 31.2024 30.4582 28.9095 24.9897 17.2483 14.507 12.2554 9.32638 9.3243 12.2507 14.507 17.426 11.0061 6.38543 2.7925 1.54188 1.55115 2.82258 6.424 
1.42113 1.033 1.00111 0.99993 0.999932 1.00113 1.03331 1.42381 3.6208 1.426 1.03061 0.999799 1.00019 1.0319 1.426 3.6208 11.3548 4.67907 2.30153 1.80368 1.80739 2.30877 4.67907 11.3548 22.8676 16.0898 9.72511 6.2819 6.2819 9.72511 16.0349 22.9513 27.1411 30.8125 32.2738 32.9899 33.0325 32.3537 30.8641 27.1801 19.338 15.9612 13.1074 9.79179 9.79098 13.1071 15.9612 19.5259 12.5243 7.23164 3.03457 1.60858 1.61891 3.0667 7.27594 
1.40062 1.03117 1.00107 0.99992 0.999921 1.00108 1.03133 1.4019 3.48441 1.41216 1.03533 1.00187 1.00208 1.03607 1.41216 3.48441 10.9913 4.28604 1.81776 1.30467 1.3073 1.82242 4.28604 10.9913 22.92 13.9734 6.99458 4.02126 4.02126 6.99458 13.9324 22.9848 28.7212 32.1145 33.3604 33.9035 33.9253 33.41 32.1471 28.752 21.0271 16.7042 12.6703 8.84794 8.84766 12.6693 16.7042 21.1442 13.5013 6.92754 2.74647 1.45998 1.46589 2.7635 6.9628 
1.4019 1.03133 1.00108 0.999921 0.999921 1.00108 1.03133 1.4019 3.40792 1.40912 1.03533 1.00187 1.00187 1.03533 1.41216 3.48441 11.0385 4.29245 1.82242 1.3073 1.30467 1.81776 4.28604 10.9913 22.9848 13.9324 6.97058 4.00879 4.02126 6.99458 13.9734 22.92 28.7125 32.1128 33.363 33.9048 33.9173 33.3902 32.145 28.7614 21.1442 16.7801 12.6232 8.62407 8.62394 12.6224 16.7567 21.2154 13.4373 6.9628 2.7635 1.46589 1.45998 2.74647 6.92754 
1.42381 1.03331 1.00113 0.999932 0.999932 1.00113 1.03331 1.42381 3.52164 1.41969 1.03061 0.999799 0.999799 1.03061 1.426 3.6208 11.4232 4.69029 2.30877 1.80739 1.80368 2.30153 4.67907 11.3548 22.9513 16.0349 9.68252 6.26243 6.2819 9.72511 16.0898 22.8676 27.1255 30.8114 32.2787 32.9923 33.0159 32.3227 30.8525 27.2167 19.5259 16.0788 13.0579 9.39234 9.39171 13.0577 16.048 19.6026 12.4422 7.27594 3.0667 1.61891 1.60858 3.03457 7.23164 
1.57119 1.05036 1.00213 0.99985 0.99985 1.00213 1.05036 1.57119 4.13918 1.54986 1.0435 1.00045 1.00045 1.0435 1.55488 4.24805 12.3425 6.74137 5.0321 4.71386 4.69549 5.01049 6.73007 12.287 22.5587 17.508 12.5366 9.90212 9.91986 12.5766 17.5532 22.4929 24.9436 28.8697 30.4047 31.1764 31.1999 30.4434 28.894 25.0332 17.426 14.6152 12.2114 8.942 8.94046 12.2084 14.5891 17.4945 10.9335 6.424 2.82258 1.55115 1.54188 2.7925 6.38543 
2.09898 1.12587 1.00763 1.00021 1.00021 1.00763 1.12587 2.09898 5.63826 2.06231 1.11737 1.00676 1.00676 1.11737 2.08076 5.84088 14.4651 12.002 11.5733 11.6098 11.816 11.7754 12.0941 14.5106 21.2492 18.0593 15.1744 14.1484 14.318 15.3819 18.2681 21.3375 22.5279 26.6036 28.0925 28.5544 28.5867 28.1401 26.6384 22.6178 13.9168 10.7876 8.32428 5.78781 5.78905 8.32607 10.7719 13.9843 8.33371 4.65463 2.14816 1.31386 1.30892 2.13135 4.62772 
1.07908 1.00489 1.00013 0.999969 0.999969 1.00013 1.00482 1.07674 1.84411 1.12444 1.01077 1.00083 1.00083 1.01077 1.12452 1.86018 5.71584 4.72136 4.33709 4.26339 4.3391 4.41503 4.85605 5.95464 8.64183 5.69744 4.29502 3.89075 3.85218 4.25815 5.64316 8.56048 12.7362 15.9279 16.3026 16.0815 16.0564 16.264 15.8969 12.7282 5.05861 4.07338 2.79922 1.70112 1.7011 2.78763 4.0403 5.01953 2.92092 1.57904 1.12167 1.01642 1.01667 1.1232 1.5872 
1.00931 1.00033 0.999844 0.999886 0.999886 0.999846 1.00034 1.00918 1.13002 1.01471 1.00109 0.999901 0.999901 1.00109 1.01475 1.1334 2.10223 1.72121 1.62082 1.59631 1.59135 1.61406 1.72006 2.1173 4.24611 2.70747 1.76173 1.5894 1.58729 1.75896 2.70735 4.23777 6.22386 7.9863 7.78939 7.22059 7.17799 7.71605 7.90022 6.17842 2.36981 1.95476 1.45087 1.11113 1.11211 1.45607 1.95016 2.36737 1.67109 1.17377 1.02635 1.00235 1.00231 1.02604 1.17246 
1.00051 0.999959 0.999987 0.999998 0.999998 0.999987 0.999959 1.0005 1.01065 1.00064 0.999914 0.999972 0.999972 0.999913 1.00063 1.01106 1.16636 1.07334 1.05776 1.05368 1.05266 1.05644 1.07258 1.16743 1.97986 1.4064 1.10389 1.06675 1.06677 1.10396 1.40675 1.97712 2.66097 3.35942 3.07673 2.70921 2.69102 3.04244 3.31381 2.63571 1.24339 1.15583 1.05197 1.00789 1.00798 1.053 1.15524 1.2431 1.11571 1.02296 1.00228 1.00003 1.00003 1.00226 1.02282 
1.00004 0.999989 1 1 1 1 0.999989 1.00004 1.00043 0.999804 0.999974 1 1 0.999974 0.999804 1.00047 1.02014 1.00421 1.00251 1.00227 1.00217 1.00238 1.0041 1.02031 1.25914 1.07694 1.01193 1.00609 1.00609 1.01193 1.07701 1.25874 1.45813 1.7041 1.56815 1.39382 1.38805 1.55702 1.68933 1.44993 1.02753 1.01783 1.00349 1.00012 1.00013 1.00359 1.01778 1.02751 1.01302 1.00176 1 0.999942 0.999942 0.999997 1.00175 
1.00004 0.999989 1 1 1 1 0.999989 1.00004 1.00047 0.999804 0.999974 1 1 0.999974 0.999804 1.00047 1.02014 1.00421 1.00251 1.00227 1.00227 1.00251 1.00421 1.02014 1.25874 1.07701 1.01193 1.00609 1.00609 1.01193 1.07694 1.25914 1.45844 1.70413 1.56841 1.39367 1.3879 1.55728 1.68956 1.45026 1.02751 1.01778 1.00359 1.00013 1.00013 1.00359 1.01778 1.02751 1.01302 1.00176 1 0.999942 0.999942 1 1.00176 
1.0005 0.999959 0.999987 0.999998 0.999998 0.999987 0.999959 1.0005 1.01106 1.00063 0.999914 0.999972 0.999972 0.999914 1.00063 1.01106 1.16636 1.07334 1.05776 1.05368 1.05368 1.05776 1.07334 1.16636 1.97712 1.40675 1.10396 1.06677 1.06675 1.10389 1.4064 1.97986 2.6628 3.36005 3.07805 2.70837 2.69009 3.04388 3.3159 2.6378 1.2431 1.15524 1.053 1.00798 1.00798 1.053 1.15524 1.2431 1.11571 1.02296 1.00228 1.00003 1.00003 1.00228 1.02296 
1.00918 1.00034 0.999846 0.999886 0.999886 0.999846 1.00034 1.00918 1.1334 1.01475 1.00109 0.999901 0.999901 1.00109 1.01475 1.1334 2.10223 1.72121 1.62082 1.59631 1.59631 1.62082 1.72121 2.10223 4.23777 2.70735 1.75896 1.58729 1.5894 1.76173 2.70747 4.24611 6.24446 8.00725 7.81332 7.23762 7.19156 7.73622 7.94419 6.20997 2.36737 1.95016 1.45607 1.11211 1.11211 1.45607 1.95016 2.36737 1.67109 1.17377 1.02635 1.00235 1.00235 1.02635 1.17377 
1.07674 1.00482 1.00013 0.999969 0.999969 1.00013 1.00482 1.07674 1.86018 1.12452 1.01077 1.00083 1.00083 1.01077 1.12452 1.86018 5.71584 4.72136 4.33709 4.26339 4.26339 4.33709 4.72136 5.71584 8.56048 5.64316 4.25815 3.85218 3.89075 4.29502 5.69744 8.64183 12.6604 15.8254 16.1837 15.9742 15.9729 16.1801 15.7241 12.5988 5.01953 4.0403 2.78763 1.7011 1.7011 2.78763 4.0403 5.01953 2.92092 1.57904 1.12167 1.01642 1.01642 1.12167 1.57904 
1.00798 1.0005 1.00006 1.0001 1.0001 1.00006 1.0005 1.00798 1.11669 1.01748 1.00176 1.00018 1.00018 1.00176 1.01748 1.11669 1.88373 1.65311 1.56031 1.56559 1.56559 1.56031 1.65311 1.88373 3.36624 2.03998 1.68934 1.48634 1.48634 1.68934 2.03998 3.36624 5.89917 7.4068 7.55962 7.26206 7.26409 7.5625 7.40957 5.90075 2.35065 1.87028 1.50639 1.14591 1.14591 1.50639 1.87028 2.35065 1.46047 1.07564 1.01045 1.00122 1.00122 1.01045 1.07564 
1.00039 0.999992 0.999993 0.999999 0.999999 0.999993 0.999992 1.00039 1.00923 1.00107 0.99997 0.999965 0.999965 0.99997 1.00107 1.00923 1.13487 1.09736 1.08518 1.08166 1.08166 1.08518 1.09736 1.13487 1.5293 1.1773 1.09655 1.05568 1.05568 1.09655 1.1773 1.5293 2.10071 2.49879 2.53564 2.40722 2.40725 2.53578 2.49888 2.10048 1.25745 1.15076 1.06609 1.01284 1.01284 1.06609 1.15076 1.25745 1.07742 1.00963 1.00093 0.999964 0.999964 1.00093 1.00963 
1.00003 0.999992 1 1 1 1 0.999992 1.00003 1.00033 0.999857 0.999967 0.999995 0.999995 0.999967 0.999857 1.00033 1.014 1.00985 1.00863 1.00778 1.00778 1.00863 1.00985 1.014 1.06732 1.01487 1.00776 1.00341 1.00341 1.00776 1.01487 1.06732 1.15545 1.22852 1.23252 1.19026 1.19023 1.23249 1.2285 1.15543 1.03199 1.01687 1.00476 1.00057 1.00057 1.00476 1.01687 1.03199 1.00757 1.00072 0.999945 0.999969 0.999969 0.999945 1.00072 
1.0001 1 1 1 1 1 1 1.0001 0.999969 0.999878 0.999996 1 1 0.999996 0.999878 0.999969 1.00101 1.00059 1.0006 1.00049 1.00049 1.0006 1.00059 1.00101 1.00467 1.00064 1.00032 1.0001 1.0001 1.00032 1.00064 1.00467 1.01093 1.01822 1.01867 1.01254 1.01254 1.01867 1.01822 1.01092 1.00212 1.00095 1.00012 0.999926 0.999926 1.00012 1.00095 1.00212 1.00054 0.999949 0.999974 0.999998 0.999998 0.999974 0.999949 
0 0 0 0 1 1 1 1.0001 0.999968 0.999878 0.999996 1 1 0.999996 0.999878 0.999969 1.00101 1.00059 1.0006 1.00049 1.00047 1.00059 1.00057 1.00099 1.00455 1.00063 1.00031 1.0001 1.0001 1.00032 1.00064 1.00467 1.01092 1.01822 1.01867 1.01254 1.01254 1.01867 1.01822 1.01093 1.00208 1.00092 1.00012 0.999925 0.999926 1.00012 1.00095 1.00212 1.00054 0.999949 0.999974 0.999998 0 0 0 
0 0 0 0 1 1 0.999992 1.00003 1.00031 0.99986 0.999967 0.999995 0.999995 0.999967 0.999857 1.00033 1.014 1.00985 1.00863 1.00778 1.00767 1.0085 1.00969 1.0138 1.06616 1.01467 1.0076 1.00333 1.00341 1.00776 1.01487 1.06732 1.15543 1.2285 1.23249 1.19023 1.19026 1.23252 1.22852 1.15545 1.03165 1.01661 1.0047 1.00056 1.00057 1.00476 1.01687 1.03199 1.00757 1.00072 0.999945 0.999969 0 0 0 
0 0 0 0 0.999999 0.999993 0.999992 1.00039 1.00902 1.00108 0.99997 0.999965 0.999965 0.999969 1.00107 1.00923 1.13487 1.09736 1.08518 1.08166 1.08086 1.08429 1.09626 1.1337 1.52318 1.17627 1.09533 1.05494 1.05568 1.09655 1.1773 1.5293 2.10048 2.49888 2.53578 2.40725 2.40722 2.53564 2.49879 2.10071 1.25635 1.14942 1.06565 1.01275 1.01284 1.06609 1.15076 1.25745 1.07742 1.00963 1.00093 0.999964 0 0 0 
