0 0 0 0 1.00025 1.0048 1.05292 1.37364 2.21006 1.47552 1.08345 1.01086 1.01084 1.08325 1.47439 2.20946 2.75474 2.87785 2.24361 1.68093 1.68087 2.24345 2.87801 2.75496 1.46234 1.14982 1.10464 1.2089 1.21071 1.11104 1.1553 1.46163 1.30958 1.90241 3.109 3.97658 3.97598 3.10859 1.90067 1.30357 1.08437 1.07928 1.02224 1.00205 1.00205 1.02225 1.07929 1.08452 1.03612 1.00354 1.00022 1.00007 0 0 0 
0 0 0 0 0.999943 1.00054 1.00703 1.05813 1.17691 1.0566 1.0079 1.00065 1.00064 1.00785 1.0563 1.17626 1.2588 1.26315 1.14587 1.05985 1.05987 1.1459 1.26311 1.25881 1.07322 1.01748 1.01046 1.02601 1.0259 1.01077 1.01771 1.07259 1.03723 1.17558 1.56621 1.83421 1.84064 1.57195 1.17775 1.03758 1.00652 1.00812 1.0019 1.0001 1.0001 1.0019 1.00812 1.00653 1.0028 1.00018 0.999977 0.999993 0 0 0 
0 0 0 0 0.99998 0.999941 1.0006 1.0054 1.01476 1.00356 1.00032 0.999881 0.99988 1.00032 1.00352 1.01462 1.01933 1.01813 1.00821 1.00239 1.00239 1.00821 1.01813 1.01933 1.007 1.00287 1.00211 1.00301 1.00299 1.00211 1.00286 1.00691 1.00388 1.02612 1.10678 1.15938 1.16112 1.10827 1.02654 1.00395 1.00034 1.00039 1.0001 0.999977 0.999977 1.0001 1.00039 1.00034 1.00022 0.999964 0.999997 1 0 0 0 
0 0 0 0 1 0.99998 0.999946 1.00042 1.00049 0.999885 0.99993 0.999985 0.999986 0.99993 0.99988 1.00048 1.00058 1.00028 1.00007 0.999966 0.999966 1.00007 1.00028 1.00058 1.0006 1.00015 1.00024 1.00021 1.0002 1.00023 1.00014 1.00059 1.00027 1.00233 1.01225 1.01926 1.01955 1.01247 1.00238 1.00027 0.999991 0.999868 0.999976 0.999998 0.999998 0.999976 0.999868 0.999991 1.00007 0.999991 1 1 0 0 0 
1.00042 0.999946 0.99998 1 1 0.99998 0.999946 1.00042 1.00049 0.999885 0.99993 0.999985 0.999985 0.99993 0.999885 1.00049 1.00058 1.00028 1.00007 0.999966 0.999966 1.00007 1.00028 1.00058 1.0006 1.00015 1.00024 1.00021 1.00021 1.00024 1.00015 1.0006 1.00027 1.00238 1.01247 1.01955 1.01955 1.01247 1.00238 1.00027 0.999991 0.999868 0.999976 0.999998 0.999998 0.999976 0.999868 0.999991 1.00007 0.999991 1 1 1 1 0.999991 
1.0054 1.0006 0.999941 0.99998 0.99998 0.999941 1.0006 1.0054 1.01476 1.00356 1.00032 0.999881 0.999881 1.00032 1.00356 1.01476 1.01933 1.01813 1.00821 1.00239 1.00239 1.00821 1.01813 1.01933 1.007 1.00287 1.00211 1.00301 1.00301 1.00211 1.00287 1.007 1.00395 1.02654 1.10827 1.16112 1.16112 1.10827 1.02654 1.00395 1.00034 1.00039 1.0001 0.999977 0.999977 1.0001 1.00039 1.00034 1.00022 0.999964 0.999997 1 1 0.999997 0.999964 
1.05813 1.00703 1.00054 0.999943 0.999943 1.00054 1.00703 1.05813 1.17691 1.0566 1.0079 1.00065 1.00065 1.0079 1.0566 1.17691 1.25881 1.26311 1.1459 1.05987 1.05987 1.1459 1.26311 1.25881 1.07322 1.01748 1.01046 1.02601 1.02601 1.01046 1.01748 1.07322 1.03758 1.17775 1.57195 1.84064 1.84064 1.57195 1.17775 1.03758 1.00653 1.00812 1.0019 1.0001 1.0001 1.0019 1.00812 1.00653 1.0028 1.00018 0.999977 0.999993 0.999993 0.999977 1.00018 
1.37364 1.05292 1.0048 1.00025 1.00025 1.0048 1.05292 1.37364 2.21006 1.47552 1.08345 1.01086 1.01086 1.08345 1.47552 2.21006 2.75496 2.87801 2.24345 1.68087 1.68087 2.24345 2.87801 2.75496 1.46234 1.14982 1.10464 1.2089 1.2089 1.10464 1.14982 1.46234 1.30357 1.90067 3.10859 3.97598 3.97598 3.10859 1.90067 1.30357 1.08452 1.07929 1.02225 1.00205 1.00205 1.02225 1.07929 1.08452 1.03612 1.00354 1.00022 1.00007 1.00007 1.00022 1.00354 
2.79601 1.38441 1.04688 1.00316 1.00316 1.04688 1.38441 2.79601 5.27572 3.01487 1.42285 1.06295 1.06295 1.42285 3.01487 5.27572 6.87485 7.63029 6.14214 4.60743 4.61598 6.1571 7.63029 6.87485 3.3612 2.82612 2.64012 2.83004 2.78019 2.56424 2.7539 3.29745 4.13717 5.66482 6.77166 7.80627 7.79425 6.76192 5.67034 4.09157 1.63724 1.38169 1.10843 1.01658 1.01685 1.10867 1.38491 1.56535 1.18697 1.01366 0.999743 0.999872 0.999872 0.999744 1.01366 
1.48568 1.08161 1.00802 1.00027 1.00027 1.00802 1.08161 1.48568 2.19334 1.45104 1.06785 1.00676 1.00676 1.06785 1.45104 2.19334 2.67298 2.80159 2.23724 1.68708 1.68872 2.24069 2.80159 2.67298 1.41453 1.25606 1.21335 1.3031 1.30148 1.20828 1.25168 1.40993 1.58574 2.11838 2.58809 3.08774 3.08818 2.58888 2.12028 1.583 1.05782 1.02454 1.00107 0.999835 0.999787 1.00037 1.02497 1.05345 1.00791 0.999087 0.999741 0.999903 0.999903 0.999741 0.999086 
1.06643 1.00883 1.00064 0.999919 0.999919 1.00064 1.00883 1.06643 1.17409 1.04993 1.00499 1.00005 1.00005 1.00499 1.04993 1.17409 1.25595 1.26196 1.1554 1.06454 1.06496 1.15637 1.26196 1.25595 1.03936 1.0175 1.01246 1.02807 1.028 1.01187 1.01702 1.03897 1.05651 1.15138 1.26758 1.39299 1.39375 1.26832 1.15201 1.05637 1.00106 0.997833 0.999054 0.999977 0.999971 0.998996 0.99784 1.00077 0.999689 0.999972 1.00001 1 1 1.00001 0.999972 
1.00591 1.00057 0.999899 0.999978 0.999978 0.999899 1.00057 1.00591 1.01412 1.00271 0.99995 0.999902 0.999902 0.99995 1.00271 1.01412 1.02216 1.01987 1.01043 1.00301 1.00307 1.01057 1.01987 1.02216 1.00413 1.00261 1.00206 1.00336 1.00339 1.00204 1.00261 1.00414 1.00263 1.0103 1.02664 1.04455 1.0448 1.02682 1.01039 1.00264 0.999952 0.99954 0.999966 1.00002 1.00002 0.999961 0.99954 0.999935 1.00017 1.00003 1 1 1 1 1.00003 
1.00591 1.00056 0.999899 0.999979 0.999978 0.999899 1.00057 1.00591 1.01421 1.00272 0.99995 0.999902 0.999902 0.999949 1.00272 1.01421 1.02201 1.01984 1.01057 1.00307 1.00296 1.0103 1.01986 1.02228 1.00414 1.00261 1.00204 1.00339 1.00339 1.00204 1.00261 1.00414 1.00264 1.01039 1.02682 1.0448 1.04455 1.02664 1.0103 1.00263 0.999935 0.99954 0.999961 1.00002 1.00002 0.999966 0.99954 0.999952 1.00017 1.00003 1 1 1 1 1.00003 
1.0664 1.0088 1.00063 0.999918 0.999919 1.00064 1.00883 1.06643 1.17486 1.05003 1.00499 1.00005 1.00005 1.00499 1.05003 1.17486 1.25472 1.26156 1.15637 1.06496 1.06417 1.15461 1.26168 1.25648 1.03897 1.01702 1.01187 1.028 1.028 1.01187 1.01702 1.03897 1.05637 1.15201 1.26832 1.39375 1.39299 1.26758 1.15138 1.05651 1.00077 0.99784 0.998996 0.999971 0.999977 0.999054 0.997833 1.00106 0.999689 0.999972 1.00001 1 1 1.00001 0.999972 
1.48522 1.08129 1.00796 1.00026 1.00027 1.00802 1.08161 1.48568 2.19465 1.45126 1.06785 1.00676 1.00673 1.06791 1.45126 2.19465 2.66205 2.79442 2.24069 1.68872 1.68448 2.23152 2.79612 2.67112 1.40993 1.25168 1.20828 1.30148 1.30148 1.20828 1.25168 1.40993 1.583 2.12028 2.58888 3.08818 3.08774 2.58809 2.11838 1.58574 1.05345 1.02497 1.00037 0.999787 0.999835 1.00107 1.02454 1.05782 1.00791 0.999086 0.999741 0.999903 0.999903 0.999741 0.999087 
2.81584 1.38935 1.04749 1.00321 1.00316 1.04688 1.38441 2.79601 5.35925 3.05879 1.42285 1.06295 1.06389 1.42809 3.05879 5.35925 6.95379 7.75044 6.1571 4.61598 4.65001 6.19287 7.67831 6.91305 3.29745 2.7539 2.56424 2.78019 2.78019 2.56424 2.7539 3.29745 4.09157 5.67034 6.76192 7.79425 7.80627 6.77166 5.66482 4.13717 1.56535 1.38491 1.10867 1.01685 1.01658 1.10843 1.38169 1.63724 1.18697 1.01366 0.999744 0.999872 0.999872 0.999743 1.01366 
8.04222 3.20578 1.43284 1.05215 1.05215 1.43284 3.20578 8.04222 13.4778 8.16709 3.29579 1.61608 1.61427 3.29555 8.18852 13.5469 16.1435 17.8779 15.7712 13.4756 13.4642 15.7562 17.9556 16.2064 9.57641 9.26269 9.01956 8.98449 9.11961 9.19221 9.42659 9.67448 9.69817 11.8194 13.1595 14.3305 14.4927 13.2634 11.7355 9.62409 4.87553 3.67737 2.14968 1.40289 1.40289 2.14968 3.67737 4.87553 3.62415 1.80562 1.10377 1.00817 1.00817 1.10377 1.80562 
9.11741 3.64223 1.53829 1.0686 1.0686 1.53829 3.64223 9.11741 14.5446 9.38132 3.74871 1.74515 1.74133 3.73986 9.38383 14.5397 14.7549 15.9196 11.825 7.8254 7.8212 11.8184 15.9356 14.7473 7.58423 6.69971 6.3731 5.60556 5.60423 6.36293 6.67289 7.50933 9.35044 12.1659 14.2925 15.812 15.9165 14.3473 12.1589 9.37656 3.68547 2.58794 1.52692 1.1094 1.1094 1.52692 2.58794 3.68547 2.1839 1.32512 1.02926 1.00125 1.00125 1.02926 1.32512 
7.40243 2.89407 1.3555 1.04091 1.04091 1.3555 2.89407 7.40243 12.3672 7.77709 3.03123 1.48566 1.4833 3.02532 7.78061 12.3624 11.8695 12.4433 8.17226 4.36006 4.35829 8.1698 12.4736 11.8474 4.62989 4.01762 3.81593 2.9635 2.96305 3.80708 3.99176 4.58165 6.94916 9.95801 12.0404 13.6487 13.7367 12.0887 9.95783 6.98419 2.37439 1.65444 1.16412 1.02029 1.02029 1.16412 1.65444 2.37439 1.39572 1.06374 1.00399 1.00001 1.00001 1.00399 1.06374 
5.37388 2.08734 1.16246 1.01282 1.01282 1.16246 2.08734 5.37388 9.89372 5.92717 2.23938 1.21972 1.21879 2.23674 5.92874 9.89185 9.60841 9.67593 5.83736 2.65403 2.65183 5.83184 9.67266 9.54483 2.7306 2.29713 2.23176 1.76964 1.76953 2.22869 2.29005 2.71246 4.38112 7.34194 9.9157 12.023 12.0542 9.92176 7.34692 4.40014 1.47566 1.16027 1.02455 1.00162 1.00162 1.02455 1.16027 1.47566 1.08006 1.00735 1.00023 0.99995 0.99995 1.00023 1.00735 
5.37845 2.08495 1.16173 1.01271 1.01282 1.16246 2.08734 5.37388 9.89185 5.92874 2.23674 1.21879 1.21879 2.23674 5.92874 9.89185 9.54483 9.67266 5.83736 2.65403 2.65403 5.83736 9.67593 9.60841 2.71246 2.29005 2.22869 1.76953 1.76953 2.22869 2.29005 2.71246 4.35146 7.32813 9.9157 12.023 12.023 9.9157 7.34194 4.38112 1.4757 1.15714 1.02419 1.00159 1.00162 1.02455 1.16027 1.47566 1.08006 1.00735 1.00023 0.99995 0.999949 1.00024 1.00757 
7.41537 2.8885 1.35375 1.04052 1.04091 1.3555 2.89407 7.40243 12.3624 7.78061 3.02532 1.4833 1.4833 3.02532 7.78061 12.3624 11.8474 12.4736 8.17226 4.36006 4.36006 8.17226 12.4433 11.8695 4.58165 3.99176 3.80708 2.96305 2.96305 3.80708 3.99176 4.58165 6.90922 9.96498 12.0404 13.6487 13.6487 12.0404 9.95801 6.94916 2.3747 1.63979 1.16165 1.01998 1.02029 1.16412 1.65444 2.37439 1.39572 1.06374 1.00399 1.00001 1.00001 1.00409 1.06529 
9.13877 3.63364 1.53575 1.06799 1.0686 1.53829 3.64223 9.11741 14.5397 9.38383 3.73986 1.74133 1.74133 3.73986 9.38383 14.5397 14.7473 15.9356 11.825 7.8254 7.8254 11.825 15.9196 14.7549 7.50933 6.67289 6.36293 5.60423 5.60423 6.36293 6.67289 7.50933 9.2694 12.1736 14.2925 15.812 15.812 14.2925 12.1659 9.35044 3.68567 2.5643 1.52463 1.10841 1.1094 1.52692 2.58794 3.68547 2.1839 1.32512 1.02926 1.00125 1.00124 1.02928 1.32533 
8.09291 3.2084 1.43216 1.05181 1.05215 1.43284 3.20578 8.04222 13.5469 8.18852 3.29555 1.61427 1.61427 3.29555 8.18852 13.5469 16.2064 17.9556 15.7712 13.4756 13.4756 15.7712 17.8779 16.1435 9.67448 9.42659 9.19221 9.11961 9.11961 9.19221 9.42659 9.67448 9.61481 11.8183 13.1595 14.3305 14.3305 13.1595 11.8194 9.69817 4.96375 3.73803 2.18354 1.41298 1.40289 2.14968 3.67737 4.87553 3.62415 1.80562 1.10377 1.00817 1.00824 1.10501 1.81419 
11.0166 4.19382 1.65107 1.07527 1.07564 1.65168 4.19177 10.9896 19.3495 10.586 4.31196 2.04003 2.04003 4.31196 10.586 19.3495 26.159 28.4364 28.5298 28.2315 28.2315 28.5298 28.438 26.1805 21.9262 22.5229 22.6106 22.5003 22.5003 22.6106 22.5229 21.9262 22.2518 25.3971 26.4254 27.5578 27.5578 26.4254 24.919 21.9673 16.2781 13.7997 8.87135 5.07703 5.05129 9.05605 13.8039 16.2804 11.0183 4.27443 1.64922 1.07365 1.07365 1.64917 4.27452 
11.7725 4.3975 1.68859 1.08272 1.08322 1.6895 4.39559 11.7339 20.9931 11.1162 4.47427 2.0939 2.0939 4.47427 11.1162 20.9931 29.4208 31.9136 32.3758 32.413 32.413 32.3758 31.8946 29.4042 25.8329 25.5099 25.9235 26.5902 26.5902 25.9235 25.5099 25.8329 27.0967 30.7869 32.295 32.7968 32.7968 32.295 30.7761 27.1984 19.0186 16.343 10.6272 6.06218 6.03234 10.7202 16.3456 19.0189 12.5702 4.76796 1.76754 1.08904 1.08904 1.76748 4.76822 
12.1618 4.49814 1.70554 1.08521 1.08572 1.70661 4.49715 12.127 21.984 11.4305 4.54333 2.09906 2.09906 4.54333 11.4305 21.984 31.0518 33.4325 34.1144 34.2699 34.2699 34.1144 33.4194 31.0288 28.4609 27.8322 28.3784 29.391 29.391 28.3784 27.8322 28.4609 29.5225 32.956 34.1507 34.4544 34.4544 34.1507 32.9877 29.708 20.7884 17.9017 11.603 6.5704 6.54098 11.7023 17.9047 20.7887 13.786 5.20387 1.86764 1.1021 1.10209 1.86758 5.20416 
12.2516 4.49631 1.7008 1.08284 1.0832 1.70171 4.49658 12.2282 22.3727 11.4907 4.49111 2.03183 2.03183 4.49111 11.4907 22.3727 31.6754 33.8332 34.566 34.7289 34.7289 34.566 33.8292 31.6479 30.5072 30.1331 30.6351 31.6146 31.6146 30.6351 30.1331 30.5072 30.292 33.4377 34.5526 34.7987 34.7987 34.5526 33.4368 30.5129 21.6222 18.6018 11.8623 6.56056 6.54216 11.9309 18.6048 21.6225 14.4366 5.3882 1.90576 1.10664 1.10663 1.9057 5.38853 
12.2282 4.49658 1.70171 1.0832 1.0832 1.70171 4.49658 12.2282 22.4281 11.4768 4.49123 2.03176 2.03183 4.49111 11.4907 22.3727 31.6479 33.8292 34.566 34.7289 34.7321 34.5706 33.8332 31.6754 30.5091 30.1353 30.6277 31.623 31.6146 30.6351 30.1331 30.5072 30.5129 33.4368 34.5526 34.7987 34.799 34.5532 33.436 30.465 21.6225 18.6048 11.9309 6.54216 6.56056 11.8623 18.6048 21.6225 14.4366 5.3882 1.90576 1.10664 1.10664 1.90576 5.3882 
12.127 4.49715 1.70661 1.08572 1.08572 1.70661 4.49715 12.127 22.0334 11.4162 4.5437 2.09922 2.09906 4.54333 11.4305 21.984 31.0288 33.4194 34.1144 34.2699 34.2776 34.1258 33.4325 31.0518 28.4634 27.8323 28.3666 29.4037 29.391 28.3784 27.8322 28.4609 29.708 32.9877 34.1507 34.4544 34.4546 34.1532 32.976 29.6739 20.7887 17.9047 11.7023 6.54098 6.5704 11.603 17.9047 20.7887 13.786 5.20387 1.86764 1.1021 1.1021 1.86764 5.20387 
11.7339 4.39559 1.6895 1.08322 1.08322 1.6895 4.39559 11.7339 21.029 11.1006 4.47548 2.09405 2.0939 4.47427 11.1162 20.9931 29.4042 31.8946 32.3758 32.413 32.4248 32.3925 31.9136 29.4208 25.8322 25.5091 25.9148 26.5997 26.5902 25.9235 25.5099 25.8329 27.1984 30.7761 32.295 32.7968 32.79 32.2974 30.7685 27.1736 19.0189 16.3456 10.7202 6.03234 6.06218 10.6272 16.3456 19.0189 12.5702 4.76796 1.76754 1.08904 1.08904 1.76754 4.76796 
10.9896 4.19177 1.65168 1.07564 1.07564 1.65168 4.19177 10.9896 19.4046 10.5835 4.31085 2.03982 2.04003 4.31196 10.586 19.3495 26.1805 28.438 28.5298 28.2315 28.2283 28.5268 28.4364 26.159 22.098 22.7234 22.8162 22.6813 22.5003 22.6106 22.5229 21.9262 21.9673 24.919 26.4254 27.5578 27.6649 26.538 25.0534 22.0582 16.2804 13.8039 9.05605 5.05129 5.07703 8.87135 13.8039 16.2804 11.0183 4.27443 1.64922 1.07365 1.07365 1.64922 4.27443 
10.74 4.03881 1.64172 1.07663 1.07719 1.64515 4.05333 10.7962 19.7938 10.8182 4.44804 2.13977 2.12594 4.41135 10.7324 19.8566 29.1619 31.771 32.6891 32.788 32.7946 32.7023 31.7155 29.1504 31.1607 33.1642 33.568 33.2564 33.3115 33.6084 33.1971 31.1799 26.4389 30.9811 32.6897 33.2717 33.4188 32.8262 31.0325 26.4389 17.7796 14.3444 8.83887 4.92077 4.95229 8.87913 14.3444 17.7796 11.662 4.41826 1.69902 1.08894 1.08894 1.69902 4.41826 
11.8026 4.48436 1.76712 1.09883 1.09989 1.7737 4.51282 11.9011 20.9259 11.7336 4.89101 2.36149 2.34445 4.84497 11.6358 21.0034 30.4972 33.1248 34.0662 34.2575 34.2577 34.0609 33.0798 30.5158 32.2822 33.8483 34.2136 34.204 34.2023 34.2122 33.8476 32.2987 28.6999 32.2305 33.7876 34.2665 34.2602 33.779 32.2141 28.6999 21.0236 17.2893 10.7355 6.02571 6.05975 10.776 17.2893 21.0236 13.3673 4.9338 1.83498 1.11346 1.11346 1.83498 4.9338 
12.2732 4.6696 1.80767 1.10379 1.10482 1.81395 4.69655 12.366 21.437 12.0682 5.00653 2.39488 2.37782 4.96214 11.9756 21.5167 31.0566 33.5999 34.5645 34.7901 34.7902 34.5636 33.5596 31.0795 32.9222 34.1502 34.4894 34.5906 34.5898 34.488 34.1505 32.9383 29.9605 33.1302 34.3617 34.7118 34.7064 34.3515 33.1139 29.9605 22.4712 18.4785 11.3995 6.38289 6.41897 11.4417 18.4785 22.4712 14.4388 5.35889 1.93592 1.12865 1.12865 1.93592 5.35889 
12.202 4.58119 1.75567 1.09056 1.09112 1.75922 4.59675 12.263 21.6329 11.7699 4.75749 2.22171 2.21186 4.73126 11.6956 21.7089 31.4241 33.7719 34.6859 34.8906 34.8906 34.6855 33.7436 31.4499 33.2153 34.3352 34.6566 34.7802 34.7797 34.6557 34.3351 33.2221 30.3956 33.4725 34.5684 34.849 34.8459 34.5643 33.4643 30.3956 22.9712 18.876 11.5006 6.34279 6.36446 11.5286 18.876 22.9712 15.0522 5.57033 1.96711 1.12643 1.12643 1.96711 5.57033 
12.263 4.59675 1.75922 1.09112 1.09112 1.75922 4.59675 12.263 21.7089 11.6956 4.73126 2.21186 2.21186 4.73126 11.6956 21.7089 31.4499 33.7436 34.6855 34.8906 34.8906 34.6855 33.7436 31.4499 33.2221 34.3351 34.6557 34.7797 34.7797 34.6557 34.3351 33.2221 30.4298 33.4643 34.5643 34.8459 34.849 34.5684 33.4725 30.3956 22.9006 18.8786 11.4998 6.34264 6.34279 11.5006 18.876 22.9712 15.0522 5.57033 1.96711 1.12643 1.12589 1.96537 5.56448 
12.366 4.69655 1.81395 1.10482 1.10482 1.81395 4.69655 12.366 21.5167 11.9756 4.96214 2.37782 2.37782 4.96214 11.9756 21.5167 31.0795 33.5596 34.5636 34.7902 34.7902 34.5636 33.5596 31.0795 32.9383 34.1505 34.488 34.5898 34.5898 34.488 34.1505 32.9383 29.9933 33.1139 34.3515 34.7064 34.7118 34.3617 33.1302 29.9605 22.3847 18.4786 11.3961 6.38227 6.38289 11.3995 18.4785 22.4712 14.4388 5.35889 1.93592 1.12865 1.12776 1.93309 5.35035 
11.9011 4.51282 1.7737 1.09989 1.09989 1.7737 4.51282 11.9011 21.0034 11.6358 4.84497 2.34445 2.34445 4.84497 11.6358 21.0034 30.5158 33.0798 34.0609 34.2577 34.2577 34.0609 33.0798 30.5158 32.2987 33.8476 34.2122 34.2023 34.2023 34.2122 33.8476 32.2987 28.739 32.2141 33.779 34.2602 34.2665 33.7876 32.2305 28.6999 20.9393 17.288 10.7299 6.02431 6.02571 10.7355 17.2893 21.0236 13.3673 4.9338 1.83498 1.11346 1.11263 1.83228 4.92581 
10.7962 4.05333 1.64515 1.07719 1.07719 1.64515 4.05333 10.7962 19.8566 10.7324 4.41135 2.12594 2.12594 4.41135 10.7324 19.8566 29.1504 31.7155 32.7023 32.7946 32.7946 32.7023 31.7155 29.1504 31.1799 33.1971 33.6084 33.3115 33.3115 33.6084 33.1971 31.1799 26.4888 31.0325 32.8262 33.4188 33.2717 32.6897 30.9811 26.4389 17.7202 14.3564 8.83951 4.92095 4.92077 8.83887 14.3444 17.7796 11.662 4.41826 1.69902 1.08894 1.08825 1.69556 4.40056 
6.52213 2.34134 1.19378 1.01397 1.01378 1.1917 2.32873 6.4746 13.6389 6.01458 2.22082 1.21846 1.21846 2.22082 6.07045 13.5079 27.6637 30.6222 32.3255 32.7507 32.7507 32.3255 30.6222 27.6637 29.7945 32.9619 33.7855 33.5273 33.5022 33.7729 32.9314 29.7942 23.4759 30.2256 32.9916 33.7914 33.7771 33.0314 30.0434 23.5176 7.61743 5.01059 2.74646 1.63701 1.6322 2.73018 4.97124 7.56571 4.10165 1.74104 1.09256 1.00809 1.00815 1.09382 1.75226 
5.34008 1.90443 1.10334 1.00538 1.00534 1.10284 1.9012 5.32566 12.2842 4.88131 1.77096 1.09429 1.09429 1.77096 4.88934 12.1019 27.8826 31.3547 33.4249 33.9277 33.9277 33.4249 31.3547 27.8826 29.8318 33.2161 34.1122 34.2072 34.2064 34.106 33.2048 29.875 22.7419 30.2981 33.4194 34.3076 34.3008 33.4526 30.1291 22.8636 6.14869 3.98184 2.10733 1.37291 1.3773 2.11874 3.99712 6.14988 3.03214 1.39303 1.04109 1.00297 1.00294 1.04112 1.39463 
4.93098 1.75323 1.07761 1.00347 1.00344 1.07718 1.75048 4.91857 11.9325 4.6059 1.68209 1.07553 1.07553 1.68209 4.61364 11.7449 27.8954 31.599 33.9565 34.5381 34.5381 33.9565 31.599 27.8954 29.8282 33.3461 34.3239 34.5659 34.5636 34.3171 33.3359 29.8741 22.4527 30.3297 33.5691 34.4909 34.4816 33.6029 30.1469 22.5822 5.10959 3.18698 1.73147 1.26807 1.27186 1.74165 3.20242 5.10712 2.28876 1.1974 1.01939 1.00153 1.00152 1.0196 1.19998 
4.84254 1.71646 1.07133 1.00314 1.00312 1.07107 1.71495 4.83486 11.9415 4.59084 1.67454 1.07332 1.07332 1.67454 4.6061 11.7625 27.8956 31.6564 34.1021 34.6886 34.6886 34.1021 31.6564 27.8956 29.8313 33.45 34.4698 34.7422 34.7405 34.4653 33.4418 29.8569 22.468 30.3601 33.6432 34.521 34.5159 33.6611 30.2337 22.5889 5.00622 2.89489 1.56397 1.18197 1.18388 1.56974 2.90514 5.00497 2.21246 1.18389 1.01733 1.00122 1.00121 1.01738 1.1852 
4.83486 1.71495 1.07107 1.00312 1.00312 1.07107 1.71495 4.83486 11.7625 4.6061 1.67317 1.07302 1.07357 1.67577 4.6061 11.7625 27.714 31.7052 34.1016 34.6879 34.6886 34.1021 31.6564 27.8956 29.8569 33.4418 34.4653 34.7405 34.7405 34.4653 33.4418 29.8569 22.5889 30.2337 33.6611 34.5159 34.5159 33.6611 30.3241 22.602 5.00497 2.90514 1.56974 1.18388 1.18388 1.56974 2.90514 5.00497 2.21246 1.18389 1.01733 1.00122 1.00122 1.01733 1.18389 
4.91857 1.75048 1.07718 1.00344 1.00344 1.07718 1.75048 4.91857 11.7449 4.61364 1.67961 1.07507 1.07594 1.68435 4.61364 11.7449 27.7021 31.6478 33.9561 34.537 34.5381 33.9565 31.599 27.8954 29.8741 33.3359 34.3171 34.5636 34.5636 34.3171 33.3359 29.8741 22.5822 30.1469 33.6029 34.4816 34.4816 33.6029 30.2854 22.5919 5.10712 3.20242 1.74165 1.27186 1.27186 1.74165 3.20242 5.10712 2.28876 1.1974 1.01939 1.00153 1.00153 1.01939 1.1974 
5.32566 1.9012 1.10284 1.00534 1.00534 1.10284 1.9012 5.32566 12.1019 4.88934 1.76759 1.09357 1.0949 1.77384 4.88934 12.1019 27.6937 31.4017 33.4283 33.9326 33.9277 33.4249 31.3547 27.8826 29.875 33.2048 34.106 34.2064 34.2064 34.106 33.2048 29.875 22.8636 30.1291 33.4526 34.3008 34.3008 33.4526 30.258 22.8749 6.14988 3.99712 2.11874 1.3773 1.3773 2.11874 3.99712 6.14988 3.03214 1.39303 1.04109 1.00297 1.00297 1.04109 1.39303 
6.4746 2.32873 1.1917 1.01378 1.01378 1.1917 2.32873 6.4746 13.5079 6.07045 2.22047 1.21809 1.21862 2.22063 6.07045 13.5079 27.4019 30.5556 32.3011 32.724 32.7507 32.3255 30.6222 27.6637 29.7942 32.9314 33.7729 33.5022 33.5022 33.7729 32.9314 29.7942 23.5176 30.0434 33.0314 33.7771 33.7771 33.0314 30.1892 23.5679 7.56571 4.97124 2.73018 1.6322 1.6322 2.73018 4.97124 7.56571 4.10165 1.74104 1.09256 1.00809 1.00809 1.09256 1.74104 
4.63255 1.6652 1.06267 1.00298 1.00298 1.06267 1.6652 4.63255 11.3878 4.51562 1.68711 1.08182 1.08187 1.68724 4.51562 11.3878 24.0924 26.528 28.1143 28.5708 28.5805 28.1252 26.528 24.0924 26.7128 28.6588 28.2243 27.9862 27.8435 28.0731 28.545 26.7179 22.4287 28.2579 31.0765 32.0705 32.0381 31.0278 28.2101 22.4793 9.24396 5.31876 2.78455 1.75859 1.75859 2.78455 5.31876 9.24396 5.07178 2.11212 1.19151 1.02084 1.02084 1.19151 2.11212 
4.88616 1.72337 1.06964 1.00353 1.00353 1.06964 1.72337 4.88616 12.0264 4.67121 1.70338 1.07894 1.07897 1.70351 4.67121 12.0264 26.0531 29.7695 31.712 32.2711 32.2703 31.7142 29.7695 26.0531 26.138 28.8841 29.318 29.823 29.8243 29.3303 28.9153 26.2408 21.3258 27.9598 31.6302 33.1655 33.1293 31.5628 27.8867 21.3701 7.53591 3.72529 1.73781 1.14594 1.14594 1.73781 3.72529 7.53591 3.89066 1.6767 1.08352 1.00535 1.00535 1.08352 1.6767 
4.99995 1.74889 1.07254 1.00379 1.00379 1.07254 1.74889 4.99995 12.3227 4.77555 1.72688 1.08242 1.08244 1.72691 4.77555 12.3227 26.8673 31.1112 33.3751 34.0122 34.014 33.3795 31.1112 26.8673 26.159 29.4281 30.5289 31.3617 31.363 30.5415 29.4618 26.2654 20.6436 27.8398 31.8663 33.5952 33.5576 31.796 27.7698 20.6999 6.4908 2.89592 1.35681 1.0094 1.0094 1.35681 2.89592 6.4908 3.10567 1.41291 1.04221 1.0019 1.0019 1.04221 1.41291 
4.9979 1.74077 1.07075 1.0035 1.0035 1.07075 1.74077 4.9979 12.401 4.77668 1.72073 1.08119 1.08121 1.72074 4.77668 12.401 27.0388 31.3376 33.8145 34.4569 34.4577 33.8163 31.3376 27.0388 26.6409 30.3337 31.8087 32.753 32.7547 31.8147 30.3534 26.7123 20.4948 28.1886 32.2366 33.9158 33.8948 32.1915 28.1394 20.5349 6.12216 2.66896 1.28004 1.0035 1.0035 1.28004 2.66896 6.12216 2.8053 1.30814 1.02739 1.00094 1.00094 1.02739 1.30814 
5.00784 1.74178 1.07063 1.00346 1.0035 1.07075 1.74077 4.9979 12.4002 4.79545 1.72074 1.08121 1.08119 1.72073 4.77668 12.401 27.0388 31.3376 33.8163 34.4577 34.4569 33.8145 31.2995 27.2304 26.7123 30.3534 31.8147 32.7547 32.7547 31.8147 30.3534 26.7123 20.5349 28.1394 32.1915 33.8948 33.8948 32.1915 28.1394 20.5349 6.12193 2.68197 1.28084 1.0025 1.0035 1.28004 2.66896 6.12216 2.8053 1.30814 1.02739 1.00094 1.00092 1.02705 1.30588 
5.01476 1.75018 1.07233 1.00372 1.00379 1.07254 1.74889 4.99995 12.3241 4.802 1.72691 1.08244 1.08242 1.72688 4.77555 12.3227 26.8673 31.1112 33.3795 34.014 34.0122 33.3751 31.0768 27.0794 26.2654 29.4618 30.5415 31.363 31.363 30.5415 29.4618 26.2654 20.6999 27.7698 31.796 33.5576 33.5576 31.796 27.7698 20.6999 6.49058 2.91786 1.35913 1.00792 1.0094 1.35681 2.89592 6.4908 3.10567 1.41291 1.04221 1.0019 1.00185 1.04159 1.40888 
4.90055 1.7246 1.06942 1.00347 1.00353 1.06964 1.72337 4.88616 12.0256 4.69677 1.70351 1.07897 1.07894 1.70338 4.67121 12.0264 26.0531 29.7695 31.7142 32.2703 32.2711 31.712 29.7435 26.2415 26.2408 28.9153 29.3303 29.8243 29.8243 29.3303 28.9153 26.2408 21.3701 27.8867 31.5628 33.1293 33.1293 31.5628 27.8867 21.3701 7.5359 3.7456 1.73994 1.14489 1.14594 1.73781 3.72529 7.53591 3.89066 1.6767 1.08352 1.00535 1.0053 1.083 1.67266 
4.63485 1.66537 1.06251 1.00294 1.00298 1.06267 1.6652 4.63255 11.4391 4.55808 1.68724 1.08187 1.08182 1.68711 4.51562 11.3878 24.0924 26.528 28.1252 28.5805 28.5708 28.1143 26.6212 24.3278 26.7179 28.545 28.0731 27.8435 27.8435 28.0731 28.545 26.7179 22.4793 28.2101 31.0278 32.0381 32.0381 31.0278 28.2101 22.4793 9.26148 5.34461 2.80382 1.77223 1.75859 2.78455 5.31876 9.24396 5.07178 2.11212 1.19151 1.02084 1.02163 1.19551 2.12435 
2.16702 1.13669 1.00841 1.00022 1.00022 1.00841 1.13586 2.15931 6.00955 2.13721 1.13002 1.00833 1.00813 1.12889 2.12948 5.96541 14.5693 12.1753 11.8459 11.8809 11.9801 11.9413 12.1749 14.6624 21.1971 18.1764 15.2947 14.277 14.277 15.2947 18.1764 21.1971 22.5803 26.6969 28.4801 28.9412 28.7819 28.3104 26.4829 22.4282 13.6701 10.6249 8.32998 6.00589 6.17675 8.37089 10.6319 13.6724 8.33135 4.66832 2.17837 1.32868 1.32868 2.17837 4.66832 
1.59578 1.05373 1.00235 0.999846 0.999846 1.00235 1.05405 1.59849 4.36534 1.58917 1.0499 1.00141 1.00122 1.04925 1.58702 4.3507 12.3866 6.82843 5.08429 4.75956 4.75322 5.07762 6.83728 12.5086 22.4686 17.5934 12.6659 10.0463 10.0463 12.6659 17.5934 22.4686 24.8575 28.7851 30.3649 31.1248 31.1177 30.3427 28.7647 24.8953 16.9831 14.3557 12.237 9.31752 9.60731 12.2936 14.3552 16.9856 10.9218 6.41982 2.86106 1.5739 1.5739 2.86106 6.41982 
1.43877 1.03525 1.00124 0.999927 0.999927 1.00124 1.03557 1.4421 3.72325 1.45453 1.0361 1.00077 1.00056 1.0354 1.4521 3.70667 11.4561 4.75864 2.34775 1.83411 1.83287 2.3449 4.75421 11.5834 22.881 16.2432 9.93342 6.48287 6.48287 9.93342 16.2432 22.881 27.0486 30.7348 32.2449 32.9545 32.9381 32.2102 30.712 27.0635 19.0762 15.8215 13.1023 9.78764 10.0894 13.171 15.8207 19.0797 12.4534 7.29205 3.11766 1.64793 1.64793 3.11766 7.29205 
1.41735 1.03325 1.00119 0.999918 0.999918 1.00119 1.03342 1.41913 3.56751 1.43464 1.03925 1.00242 1.00231 1.03884 1.43331 3.55791 11.0775 4.34615 1.84282 1.31306 1.31234 1.84133 4.34152 11.183 22.9342 14.1179 7.18467 4.15734 4.15734 7.18467 14.1179 22.9342 28.6195 32.0433 33.3297 33.8735 33.8651 33.3076 32.0311 28.6188 20.8287 16.5985 12.6783 8.89142 9.06569 12.7449 16.599 20.8312 13.4555 7.0028 2.80895 1.49111 1.49111 2.80895 7.0028 
1.41913 1.03342 1.0012 0.999919 0.999918 1.00119 1.03325 1.41735 3.55791 1.43331 1.03884 1.00231 1.00231 1.03884 1.43331 3.55791 11.0775 4.34615 1.84282 1.31306 1.31306 1.84282 4.34615 11.0775 22.9976 14.0803 7.16045 4.14464 4.15734 7.18467 14.1179 22.9342 28.6188 32.0311 33.3076 33.8651 33.8651 33.3297 32.0433 28.6195 20.8312 16.599 12.6783 8.89142 8.89142 12.6783 16.7048 21.0048 13.4555 7.0028 2.80895 1.49111 1.48497 2.79178 6.96871 
1.4421 1.03557 1.00126 0.999929 0.999927 1.00124 1.03525 1.43877 3.70667 1.4521 1.0354 1.00056 1.00056 1.0354 1.4521 3.70667 11.4561 4.75864 2.34775 1.83411 1.83411 2.34775 4.75864 11.4561 22.9631 16.1916 9.8902 6.46322 6.48287 9.93342 16.2432 22.881 27.0635 30.712 32.2102 32.9381 32.9381 32.2449 30.7348 27.0486 19.0797 15.8207 13.1023 9.78764 9.78764 13.1023 15.9824 19.3538 12.4534 7.29205 3.11766 1.64793 1.63731 3.08488 7.24902 
1.59849 1.05405 1.00238 0.999849 0.999846 1.00235 1.05373 1.59578 4.3507 1.58702 1.04925 1.00122 1.00122 1.04925 1.58702 4.3507 12.3866 6.82843 5.08429 4.75956 4.75956 5.08429 6.82843 12.3866 22.5334 17.5499 12.6257 10.0286 10.0463 12.6659 17.5934 22.4686 24.8953 28.7647 30.3427 31.1177 31.1177 30.3649 28.7851 24.8575 16.9856 14.3552 12.237 9.31752 9.31752 12.237 14.5043 17.2398 10.9218 6.41982 2.86106 1.5739 1.56435 2.83049 6.38244 
2.15931 1.13586 1.00838 1.00023 1.00022 1.00841 1.13669 2.16702 5.96541 2.12948 1.12889 1.00813 1.00813 1.12889 2.12948 5.96541 14.5693 12.1753 11.8459 11.8809 11.8809 11.8459 12.1753 14.5693 21.1099 17.972 15.0894 14.1115 14.277 15.2947 18.1764 21.1971 22.4282 26.4829 28.3104 28.7819 28.7819 28.4801 26.6969 22.5803 13.6724 10.6319 8.32998 6.00589 6.00589 8.32998 10.7026 13.7818 8.33135 4.66832 2.17837 1.32868 1.32357 2.16109 4.64231 
1.08351 1.00531 1.00015 0.999965 0.999965 1.00016 1.00525 1.08091 1.93126 1.13296 1.01173 1.00086 1.00086 1.01173 1.13296 1.93126 5.88179 4.86808 4.46238 4.37705 4.37705 4.46238 4.86808 5.88179 8.77745 5.81592 4.39548 3.99893 3.96101 4.35979 5.76428 8.69586 12.7439 15.9773 16.4227 16.204 16.204 16.4227 15.9773 12.7439 4.97932 4.08625 2.82431 1.72733 1.72733 2.82431 4.11926 5.06654 2.92764 1.59866 1.12897 1.01798 1.01825 1.13057 1.60677 
1.01008 1.0004 0.999844 0.999883 0.999883 0.999846 1.0004 1.00993 1.14958 1.01616 1.00115 0.999894 0.999894 1.00115 1.01616 1.14958 2.13916 1.75209 1.64855 1.62168 1.62168 1.64855 1.75209 2.13916 4.30032 2.75403 1.79849 1.61925 1.61722 1.79581 2.7542 4.29181 6.27383 8.05585 7.87427 7.31411 7.31411 7.87427 8.05585 6.27383 2.36621 1.96845 1.45766 1.11425 1.11425 1.45766 1.96997 2.38438 1.68708 1.18371 1.02873 1.00265 1.00261 1.0284 1.18232 
1.00057 0.999957 0.999985 0.999998 0.999998 0.999985 0.999958 1.00056 1.01299 1.00072 0.999905 0.99997 0.99997 0.999905 1.00072 1.01299 1.17564 1.07865 1.06243 1.05783 1.05783 1.06243 1.07865 1.17564 2.01113 1.42717 1.11171 1.0719 1.07192 1.11178 1.4275 2.00835 2.70695 3.4272 3.14375 2.76867 2.76867 3.14375 3.4272 2.70695 1.24937 1.16218 1.05421 1.00829 1.00829 1.05421 1.16141 1.25304 1.12205 1.02512 1.00257 1.00006 1.00005 1.00255 1.02497 
1.00003 0.999987 1 1 1 1 0.999987 1.00003 1.00063 0.999801 0.999972 1 1 0.999972 0.999801 1.00063 1.02194 1.00471 1.00287 1.00258 1.00258 1.00287 1.00471 1.02194 1.27312 1.08348 1.01328 1.00673 1.00674 1.01328 1.08354 1.2727 1.48369 1.74425 1.60345 1.4196 1.4196 1.60345 1.74425 1.48369 1.02907 1.01921 1.00381 1.00013 1.00013 1.00381 1.01898 1.02969 1.01429 1.00201 1.00002 0.999936 0.999936 1.00002 1.002 
1.00003 0.999987 1 1 1 1 0.999987 1.00003 1.00062 0.999803 0.999971 1 1 0.999972 0.999801 1.00063 1.02194 1.00471 1.00287 1.00258 1.00254 1.00282 1.00463 1.022 1.2727 1.08354 1.01328 1.00674 1.00674 1.01328 1.08354 1.2727 1.47472 1.72816 1.60371 1.41942 1.4196 1.60345 1.74425 1.48369 1.02905 1.01916 1.00381 1.00013 1.00015 1.00386 1.01916 1.02905 1.01429 1.00201 1.00002 0.999936 0.999936 1.00002 1.00201 
1.00056 0.999958 0.999985 0.999998 0.999998 0.999985 0.999958 1.00056 1.01279 1.00074 0.999914 0.999969 0.99997 0.999905 1.00072 1.01299 1.17564 1.07865 1.06243 1.05783 1.05745 1.06192 1.07811 1.17595 2.00835 1.4275 1.11178 1.07192 1.07192 1.11178 1.4275 2.00835 2.68312 3.38467 3.14509 2.76775 2.76867 3.14375 3.4272 2.70695 1.24906 1.16155 1.05421 1.00829 1.00861 1.05496 1.16155 1.24906 1.12205 1.02512 1.00257 1.00006 1.00006 1.00257 1.02512 
1.00993 1.0004 0.999846 0.999883 0.999883 0.999846 1.0004 1.00993 1.14768 1.01627 1.00121 0.999907 0.999894 1.00115 1.01616 1.14958 2.13916 1.75209 1.64855 1.62168 1.62003 1.64617 1.75012 2.14351 4.29181 2.7542 1.79581 1.61722 1.61722 1.79581 2.7542 4.29181 6.2313 7.97552 7.89758 7.33042 7.31411 7.87427 8.05585 6.27383 2.36371 1.96376 1.45766 1.11425 1.11754 1.46392 1.96376 2.36371 1.68708 1.18371 1.02873 1.00265 1.00265 1.02873 1.18371 
1.08091 1.00525 1.00016 0.999965 0.999965 1.00016 1.00525 1.08091 1.9063 1.13147 1.01161 1.0009 1.00086 1.01173 1.13296 1.93126 5.88179 4.86808 4.46238 4.37705 4.37223 4.45422 4.85601 5.8965 8.69586 5.76428 4.35979 3.96101 3.96101 4.35979 5.76428 8.69586 12.7347 15.9407 16.3031 16.0968 16.204 16.4227 15.9773 12.7439 4.94099 4.05363 2.82431 1.72733 1.72227 2.81465 4.05363 4.94099 2.92764 1.59866 1.12897 1.01798 1.01798 1.12897 1.59866 
1.00866 1.00055 1.00006 1.0001 1.0001 1.00006 1.00055 1.00866 1.12739 1.01893 1.00192 1.0002 1.0002 1.00192 1.01893 1.12739 1.91265 1.68134 1.58427 1.58889 1.58889 1.58427 1.68134 1.91265 3.42773 2.07875 1.71498 1.51015 1.51015 1.71498 2.07875 3.42773 5.90133 7.42213 7.58522 7.32132 7.37354 7.67652 7.52793 5.97658 2.36558 1.88053 1.5207 1.15551 1.15551 1.5207 1.88053 2.36558 1.47352 1.08078 1.01144 1.00139 1.00139 1.01144 1.08078 
1.00045 0.999994 0.999992 1 1 0.999992 0.999994 1.00045 1.01039 1.00119 0.999979 0.999962 0.999962 0.999979 1.00119 1.01039 1.1431 1.10418 1.0909 1.08702 1.08702 1.0909 1.10418 1.1431 1.55846 1.19112 1.10403 1.06077 1.06077 1.10403 1.19112 1.55846 2.11996 2.52583 2.56663 2.44634 2.45863 2.58995 2.5529 2.13794 1.26714 1.15608 1.06974 1.01403 1.01403 1.06974 1.15608 1.26714 1.08244 1.01065 1.00106 0.999973 0.999973 1.00106 1.01065 
1.00003 0.999992 1 1 1 1 0.999992 1.00003 1.0004 0.999859 0.999964 0.999994 0.999994 0.999964 0.999859 1.0004 1.01528 1.0108 1.00943 1.00849 1.00849 1.00943 1.0108 1.01528 1.07426 1.01684 1.00878 1.00393 1.00393 1.00878 1.01684 1.07426 1.16196 1.23781 1.24236 1.20051 1.20286 1.24733 1.24368 1.16564 1.03434 1.01804 1.0052 1.00066 1.00066 1.0052 1.01804 1.03434 1.0084 1.00083 0.999952 0.999966 0.999966 0.999952 1.00083 
1.0001 1 1 1 1 1 1 1.0001 0.999968 0.999874 0.999996 1 1 0.999996 0.999874 0.999968 1.00113 1.00067 1.00068 1.00055 1.00055 1.00068 1.00067 1.00113 1.00543 1.00078 1.00038 1.00013 1.00013 1.00038 1.00078 1.00543 1.01171 1.01953 1.02001 1.01368 1.01397 1.02075 1.02039 1.0122 1.00237 1.00106 1.00015 0.999925 0.999925 1.00015 1.00106 1.00237 1.00061 0.999953 0.999971 0.999998 0.999998 0.999971 0.999953 
0 0 0 0 1 1 1 1.0001 0.999968 0.999874 0.999996 1 1 0.999996 0.999874 0.999968 1.00113 1.00067 1.00068 1.00055 1.00053 1.00066 1.00065 1.0011 1.00529 1.00076 1.00037 1.00012 1.00013 1.00038 1.00078 1.00543 1.0122 1.02039 1.02075 1.01397 1.01368 1.02001 1.01953 1.01171 1.00232 1.00103 1.00015 0.999925 0.999925 1.00015 1.00106 1.00237 1.00061 0.999953 0.999971 0.999998 0 0 0 
0 0 0 0 1 1 0.999992 1.00003 1.0004 0.999859 0.999964 0.999994 0.999994 0.999964 0.999859 1.0004 1.01528 1.0108 1.00943 1.00849 1.00837 1.00928 1.01063 1.01507 1.07299 1.01662 1.00862 1.00385 1.00393 1.00878 1.01684 1.07426 1.16564 1.24368 1.24733 1.20286 1.20051 1.24236 1.23781 1.16196 1.03398 1.01777 1.0052 1.00066 1.00066 1.0052 1.01804 1.03434 1.0084 1.00083 0.999952 0.999966 0 0 0 
0 0 0 0 1 0.999992 0.999994 1.00045 1.01039 1.00119 0.999979 0.999962 0.999962 0.999978 1.00119 1.01039 1.1431 1.10418 1.0909 1.08702 1.08618 1.08995 1.103 1.14185 1.55193 1.18998 1.10275 1.05999 1.06077 1.10403 1.19112 1.55846 2.13794 2.5529 2.58995 2.45863 2.44634 2.56663 2.52583 2.11996 1.26603 1.15472 1.06974 1.01403 1.01403 1.06974 1.15608 1.26714 1.08244 1.01065 1.00106 0.999973 0 0 0 
