0 0 0 0 1.00027 1.00509 1.05491 1.38123 2.22558 1.48711 1.08651 1.01148 1.01146 1.08633 1.48591 2.22494 2.77509 2.90656 2.27302 1.70495 1.70231 2.26785 2.90523 2.77343 1.47677 1.15667 1.10892 1.21635 1.21812 1.11536 1.16221 1.47602 1.32038 1.92197 3.13434 4.00065 3.99978 3.13387 1.92045 1.31479 1.08667 1.07999 1.02258 1.00206 1.00214 1.02342 1.08193 1.08823 1.03794 1.00379 1.00024 1.00006 0 0 0 
0 0 0 0 0.999943 1.00058 1.00746 1.0603 1.18207 1.0591 1.0084 1.00071 1.00071 1.00835 1.05877 1.18132 1.26497 1.27066 1.15184 1.06322 1.06288 1.15107 1.27043 1.26501 1.07615 1.018 1.0105 1.02688 1.02677 1.01081 1.01823 1.0755 1.03908 1.18187 1.58197 1.8542 1.86076 1.58784 1.18411 1.03944 1.00677 1.00832 1.00197 1.0001 1.00011 1.00205 1.00859 1.00695 1.00299 1.0002 0.999976 0.999992 0 0 0 
0 0 0 0 0.999978 0.999941 1.00065 1.00571 1.01557 1.00384 1.00036 0.999879 0.999879 1.00036 1.0038 1.01542 1.02015 1.019 1.00874 1.00259 1.00256 1.00866 1.01896 1.02019 1.00736 1.00296 1.0021 1.00311 1.00308 1.00211 1.00295 1.00727 1.00414 1.02756 1.11153 1.16575 1.16754 1.11307 1.028 1.00421 1.00035 1.00041 1.0001 0.999978 0.999977 1.00011 1.00043 1.00037 1.00024 0.999962 0.999997 1 0 0 0 
0 0 0 0 1 0.999979 0.999947 1.00045 1.00055 0.9999 0.999928 0.999984 0.999984 0.999928 0.999894 1.00054 1.00063 1.00032 1.00009 0.999968 0.999965 1.00008 1.00032 1.00063 1.00064 1.00016 1.00026 1.00023 1.00022 1.00025 1.00015 1.00063 1.00029 1.00252 1.01309 1.02049 1.0208 1.01332 1.00257 1.0003 0.999991 0.999868 0.999975 0.999997 0.999997 0.999974 0.999869 0.99999 1.00007 0.999991 1 1 0 0 0 
1.00045 0.999947 0.999979 1 1 0.999979 0.999947 1.00045 1.00054 0.999894 0.999928 0.999984 0.999984 0.999928 0.999894 1.00054 1.00063 1.00032 1.00009 0.999968 0.999968 1.00009 1.00032 1.00063 1.00064 1.00016 1.00026 1.00023 1.00023 1.00026 1.00016 1.00064 1.0003 1.00257 1.01332 1.0208 1.0208 1.01332 1.00257 1.0003 0.99999 0.999869 0.999974 0.999997 0.999997 0.999975 0.999868 0.999991 1.00007 0.999991 1 1 1 1 0.999991 
1.00571 1.00065 0.999941 0.999978 0.999978 0.999941 1.00065 1.00571 1.01542 1.0038 1.00036 0.999879 0.999879 1.00036 1.0038 1.01542 1.02019 1.01896 1.00874 1.00259 1.00259 1.00874 1.019 1.02015 1.00736 1.00296 1.0021 1.00311 1.00311 1.0021 1.00296 1.00736 1.00421 1.028 1.11307 1.16754 1.16754 1.11307 1.028 1.00421 1.00037 1.00043 1.00011 0.999977 0.999978 1.0001 1.00041 1.00035 1.00024 0.999962 0.999997 1 1 0.999997 0.999962 
1.0603 1.00746 1.00058 0.999943 0.999943 1.00058 1.00746 1.0603 1.18132 1.05877 1.00835 1.00071 1.00071 1.00835 1.05877 1.18132 1.26501 1.27043 1.15184 1.06322 1.06322 1.15184 1.27066 1.26497 1.07615 1.018 1.0105 1.02688 1.02688 1.0105 1.018 1.07615 1.03944 1.18411 1.58784 1.86076 1.86076 1.58784 1.18411 1.03944 1.00695 1.00859 1.00205 1.00011 1.0001 1.00197 1.00832 1.00677 1.00299 1.0002 0.999976 0.999992 0.999992 0.999976 1.0002 
1.38123 1.05491 1.00509 1.00027 1.00027 1.00509 1.05491 1.38123 2.22494 1.48591 1.08633 1.01146 1.01146 1.08633 1.48591 2.22494 2.77343 2.90523 2.27302 1.70495 1.70495 2.27302 2.90656 2.77509 1.47677 1.15667 1.10892 1.21635 1.21635 1.10892 1.15667 1.47677 1.31479 1.92045 3.13387 3.99978 3.99978 3.13387 1.92045 1.31479 1.08823 1.08193 1.02342 1.00214 1.00206 1.02258 1.07999 1.08667 1.03794 1.00379 1.00024 1.00006 1.00006 1.00024 1.00379 
2.81384 1.39273 1.04867 1.00336 1.00342 1.04929 1.39273 2.83329 5.32462 3.05222 1.42816 1.06485 1.06485 1.42816 3.05222 5.32462 6.84195 7.58898 6.18094 4.66007 4.66007 6.18094 7.71359 6.9263 3.4088 2.86245 2.66659 2.86089 2.81067 2.59013 2.78935 3.3452 4.18467 5.6951 6.77047 7.7743 7.7743 6.77047 5.6951 4.18467 1.63527 1.37839 1.10778 1.01662 1.01636 1.10797 1.38181 1.6411 1.19268 1.01451 0.999735 0.999865 0.999865 0.999736 1.01451 
1.49666 1.08498 1.0085 1.0003 1.0003 1.00844 1.08498 1.49618 2.20581 1.45961 1.07003 1.00715 1.00715 1.07003 1.45961 2.20581 2.69506 2.8316 2.25837 1.70638 1.70638 2.25837 2.82531 2.68472 1.42951 1.2649 1.21917 1.31206 1.31046 1.21406 1.26048 1.42493 1.60885 2.14147 2.6037 3.09668 3.09668 2.6037 2.14147 1.60885 1.05995 1.02528 1.00104 0.999817 0.999942 1.00106 1.02572 1.06031 1.00855 0.999075 0.99973 0.999902 0.999902 0.99973 0.999076 
1.06913 1.00938 1.00069 0.999917 0.999916 1.00069 1.00938 1.06911 1.17823 1.05167 1.00525 1.00007 1.00007 1.00525 1.05167 1.17823 1.26178 1.26941 1.16007 1.06732 1.06732 1.16007 1.2691 1.26059 1.04114 1.01799 1.01261 1.02899 1.02892 1.012 1.0175 1.04075 1.06025 1.15734 1.27365 1.39944 1.39944 1.27365 1.15734 1.06025 1.00115 0.997788 0.999 0.99997 0.999983 0.998999 0.997793 1.00114 0.999698 0.999965 1.00001 1 1 1.00001 0.999965 
1.0063 1.00062 0.999899 0.999977 0.999977 0.999898 1.00062 1.0063 1.0147 1.00288 0.999957 0.999897 0.999897 0.999957 1.00288 1.0147 1.02309 1.02084 1.0109 1.00318 1.00318 1.0109 1.02081 1.02294 1.00431 1.00266 1.00206 1.00348 1.0035 1.00204 1.00266 1.00433 1.0029 1.01102 1.02782 1.04621 1.04621 1.02782 1.01102 1.0029 0.999941 0.999516 0.999959 1.00002 1.00002 0.999959 0.999516 0.999942 1.00017 1.00003 1 1 1 1 1.00003 
1.0063 1.00062 0.999898 0.999977 0.999977 0.999898 1.00062 1.0063 1.01478 1.00288 0.999955 0.999897 0.999897 0.999955 1.00288 1.0147 1.02294 1.02081 1.0109 1.00318 1.00319 1.01091 1.02084 1.02309 1.00433 1.00266 1.00204 1.0035 1.0035 1.00204 1.00266 1.00433 1.00293 1.01109 1.02783 1.04609 1.04585 1.02765 1.011 1.00289 0.999942 0.999516 0.999953 1.00002 1.00002 0.999953 0.999516 0.999942 1.00017 1.00003 1 1 1 1 1.00003 
1.06911 1.00935 1.00069 0.999916 0.999916 1.00069 1.00938 1.06913 1.1788 1.05176 1.00522 1.00006 1.00006 1.00522 1.05167 1.17823 1.26059 1.2691 1.16007 1.06732 1.06739 1.16027 1.26941 1.26178 1.04075 1.0175 1.012 1.02892 1.02892 1.012 1.0175 1.04075 1.06089 1.15816 1.27342 1.39808 1.39724 1.27262 1.1575 1.06042 1.00114 0.997793 0.998939 0.999977 0.999977 0.998939 0.997793 1.00114 0.999698 0.999965 1.00001 1 1 1.00001 0.999965 
1.49618 1.08465 1.00844 1.0003 1.0003 1.00844 1.08498 1.49666 2.20783 1.46028 1.0697 1.00703 1.00703 1.0697 1.45961 2.20581 2.68472 2.82531 2.25837 1.70638 1.70661 2.25801 2.8316 2.69506 1.42493 1.26048 1.21406 1.31046 1.31046 1.21406 1.26048 1.42493 1.61439 2.14406 2.59952 3.08487 3.08413 2.59853 2.14187 1.61141 1.06031 1.02572 1.00037 0.999895 0.999895 1.00037 1.02572 1.06031 1.00855 0.999075 0.99973 0.999902 0.999902 0.99973 0.999075 
2.83329 1.3977 1.04929 1.00342 1.00342 1.04929 1.39273 2.81384 5.36756 3.07435 1.43634 1.06746 1.06746 1.43634 3.05222 5.32462 6.9263 7.71359 6.18094 4.66007 4.70245 6.23169 7.58898 6.84195 3.3452 2.78935 2.59013 2.81067 2.81067 2.59013 2.78935 3.3452 4.24825 5.73412 6.78611 7.76824 7.77116 6.78836 5.72627 4.23492 1.6411 1.38181 1.10816 1.01663 1.01663 1.10816 1.38181 1.6411 1.19268 1.01451 0.999735 0.999865 0.999865 0.999735 1.01451 
7.99973 3.21871 1.44085 1.05434 1.05434 1.44085 3.21871 7.99973 13.3791 8.16311 3.32032 1.62762 1.62762 3.32032 8.1438 13.3349 15.8974 17.7412 15.8008 13.5434 13.7269 16.0152 17.7377 15.9244 9.66624 9.36211 9.10956 9.06263 9.06263 9.10956 9.36211 9.66624 9.76262 11.9068 13.1693 14.2825 14.2777 13.1607 11.8323 9.70037 4.88811 3.71218 2.17631 1.41801 1.41801 2.17631 3.71218 4.88811 3.60387 1.82019 1.10722 1.00862 1.00862 1.10722 1.82019 
9.08516 3.66271 1.54893 1.07163 1.07163 1.54893 3.66271 9.08516 14.4595 9.35418 3.77315 1.75603 1.75603 3.77315 9.34558 14.4643 14.505 15.8099 11.8197 7.88379 7.84266 11.8014 15.8088 14.585 7.64928 6.77815 6.44088 5.67363 5.67363 6.44088 6.77815 7.64928 9.2926 12.129 14.2067 15.6647 15.6631 14.2019 12.1202 9.32416 3.67885 2.63099 1.54937 1.11601 1.11601 1.54937 2.63099 3.67885 2.19825 1.33811 1.03133 1.0014 1.0014 1.03133 1.33811 
7.39168 2.9124 1.36344 1.04277 1.04277 1.36344 2.9124 7.39168 12.3344 7.78663 3.06093 1.49463 1.49463 3.06093 7.78023 12.338 11.6391 12.3624 8.17305 4.39956 4.36885 8.14619 12.3544 11.7107 4.69834 4.1037 3.90678 3.02892 3.02892 3.90678 4.1037 4.69834 6.91764 9.94834 12.0006 13.5649 13.5624 11.9956 9.94644 6.95463 2.36193 1.67883 1.17435 1.02217 1.02217 1.17435 1.67883 2.36193 1.40158 1.06708 1.00431 1.00002 1.00002 1.00431 1.06708 
5.39732 2.10918 1.16881 1.0137 1.0137 1.16881 2.10918 5.39732 9.8269 5.91476 2.24624 1.2257 1.2257 2.24624 5.91157 9.82709 9.44041 9.6262 5.872 2.69244 2.68023 5.85477 9.63173 9.49166 2.78153 2.35354 2.2886 1.80117 1.80117 2.2886 2.35354 2.78153 4.39406 7.36285 9.90863 11.9928 12.0007 9.92593 7.36982 4.41325 1.48056 1.1701 1.02685 1.00184 1.00184 1.02685 1.1701 1.48056 1.08344 1.00793 1.00026 0.999949 0.999949 1.00026 1.00793 
5.40222 2.10663 1.16805 1.01358 1.0137 1.16881 2.10918 5.39732 9.82709 5.91157 2.24624 1.2257 1.22664 2.252 5.91476 9.8269 9.49166 9.63173 5.85477 2.68023 2.68023 5.85477 9.6262 9.44041 2.76347 2.34607 2.28532 1.80105 1.80117 2.2886 2.35354 2.78153 4.41325 7.36982 9.92593 12.0007 12.1159 9.99427 7.37224 4.39406 1.48061 1.16692 1.02646 1.00181 1.00184 1.02685 1.1701 1.48056 1.08344 1.00793 1.00026 0.999949 0.999948 1.00027 1.00817 
7.40546 2.90656 1.36162 1.04236 1.04277 1.36344 2.9124 7.39168 12.338 7.78023 3.06093 1.49463 1.49964 3.05888 7.78663 12.3344 11.7107 12.3544 8.14619 4.36885 4.36885 8.14619 12.3624 11.6391 4.65135 4.07734 3.89768 3.02843 3.02892 3.90678 4.1037 4.69834 6.95463 9.94644 11.9956 13.5624 13.8193 12.1283 9.94292 6.91764 2.36231 1.66423 1.17172 1.02182 1.02217 1.17435 1.67883 2.36193 1.40158 1.06708 1.00431 1.00002 1.00002 1.00442 1.06868 
9.10773 3.65369 1.54629 1.07099 1.07163 1.54893 3.66271 9.08516 14.4643 9.34558 3.77315 1.75603 1.76374 3.77294 9.35418 14.4595 14.585 15.8088 11.8014 7.84266 7.84266 11.8014 15.8099 14.505 7.57597 6.75151 6.4306 5.67227 5.67363 6.44088 6.77815 7.64928 9.32416 12.1202 14.2019 15.6631 15.988 14.3588 12.1313 9.2926 3.67905 2.60779 1.54687 1.11496 1.11601 1.54937 2.63099 3.67885 2.19825 1.33811 1.03133 1.0014 1.00139 1.03134 1.33845 
8.05158 3.22106 1.44014 1.05398 1.05434 1.44085 3.21871 7.99973 13.3349 8.1438 3.32032 1.62762 1.63167 3.31688 8.16311 13.3791 15.9244 17.7377 16.0152 13.7269 13.7269 16.0152 17.7412 15.8974 9.76587 9.52658 9.28406 9.19912 9.06263 9.10956 9.36211 9.66624 9.70037 11.8323 13.1607 14.2777 14.7951 13.5237 11.9997 9.76262 4.97328 3.77192 2.2104 1.42785 1.41801 2.17631 3.71218 4.88811 3.60387 1.82019 1.10722 1.00862 1.00869 1.10849 1.82907 
11.03 4.22258 1.66412 1.07776 1.07811 1.66465 4.22258 11.03 19.078 10.5856 4.31053 2.0506 2.05954 4.3291 10.6197 19.3162 25.9907 28.251 28.4063 28.1065 28.1065 28.4063 28.251 25.9907 22.0432 22.6804 22.774 22.6204 22.6277 22.7812 22.6804 22.0432 22.1031 25.1542 26.6538 27.7387 27.439 26.3209 24.7658 21.8514 16.0403 13.6605 8.91377 5.01173 5.01173 8.91377 13.6605 16.0403 10.9564 4.28158 1.65891 1.07597 1.07597 1.65891 4.28158 
11.7936 4.42872 1.70192 1.08532 1.0858 1.70274 4.42872 11.7936 20.8246 11.1844 4.48663 2.10727 2.1152 4.49792 11.1432 20.9432 29.3713 31.8772 32.341 32.3832 32.3832 32.341 31.8772 29.3713 25.7474 25.4256 25.832 26.5154 26.5147 25.8296 25.4256 25.7474 27.0777 30.7028 32.2423 32.7336 32.7465 32.2279 30.7007 27.1588 18.8967 16.2957 10.6485 6.0224 6.0224 10.6485 16.2957 18.8967 12.6036 4.80029 1.78236 1.09229 1.09229 1.78236 4.80029 
12.1901 4.53194 1.71934 1.08794 1.08843 1.72033 4.53194 12.1901 21.7872 11.5039 4.55704 2.11284 2.12067 4.56817 11.4615 21.9435 30.9937 33.4072 34.0879 34.2477 34.2477 34.0879 33.4072 30.9937 28.3305 27.6873 28.2346 29.2759 29.2768 28.235 27.6873 28.3305 29.5839 32.9297 34.1346 34.4372 34.4363 34.1252 32.9477 29.6942 20.658 17.8532 11.6333 6.53343 6.53343 11.6333 17.8532 20.658 13.8268 5.24258 1.88538 1.10607 1.10607 1.88538 5.24258 
12.2811 4.5309 1.71461 1.08574 1.08608 1.71544 4.5309 12.2811 22.1675 11.5694 4.51128 2.04803 2.05349 4.51788 11.5201 22.3403 31.6218 33.8152 34.5524 34.7172 34.7172 34.5524 33.8152 31.6218 30.3681 29.9598 30.4698 31.4897 31.4901 30.4693 29.9598 30.3681 30.3763 33.404 34.5407 34.7908 34.7899 34.5371 33.3964 30.5209 21.4997 18.5539 11.888 6.56261 6.56261 11.888 18.5539 21.4997 14.4723 5.43499 1.92531 1.11103 1.11103 1.92531 5.43499 
12.2606 4.53103 1.71544 1.08608 1.08608 1.71544 4.5309 12.2811 22.3403 11.5201 4.51788 2.05349 2.04803 4.51128 11.5201 22.3403 31.5821 33.8091 34.5459 34.7132 34.7172 34.5524 33.8152 31.6218 30.3731 29.9608 30.4693 31.4901 31.4897 30.4698 29.9598 30.3681 30.5209 33.3964 34.5371 34.7899 34.7916 34.5412 33.3858 30.4158 21.6248 18.527 11.9529 6.63642 6.56261 11.888 18.5539 21.4997 14.4723 5.43499 1.92531 1.11103 1.11102 1.92484 5.43151 
12.1578 4.53075 1.72033 1.08843 1.08843 1.72033 4.53194 12.1901 21.9435 11.4615 4.56817 2.12067 2.11284 4.55704 11.4615 21.9435 30.9536 33.3863 34.0717 34.2378 34.2477 34.0879 33.4072 30.9937 28.3366 27.688 28.235 29.2768 29.2759 28.2346 27.6873 28.3305 29.6942 32.9477 34.1252 34.4363 34.4369 34.1326 32.9111 29.613 20.7846 17.8204 11.734 6.65435 6.53343 11.6333 17.8532 20.658 13.8268 5.24258 1.88538 1.10607 1.10612 1.88497 5.23951 
11.7571 4.4266 1.70274 1.0858 1.0858 1.70274 4.42872 11.7936 20.9432 11.1432 4.49792 2.1152 2.10727 4.48663 11.1432 20.9432 29.3304 31.8449 32.3145 32.3634 32.3832 32.341 31.8772 29.3713 25.75 25.4255 25.8296 26.5147 26.5154 25.832 25.4256 25.7474 27.1588 30.7007 32.2279 32.7465 32.7138 32.2128 30.6576 27.0814 19.0058 16.2609 10.7504 6.13353 6.0224 10.6485 16.2957 18.8967 12.6036 4.80029 1.78236 1.09229 1.09236 1.78214 4.79817 
11.005 4.22037 1.66465 1.07811 1.07811 1.66465 4.22258 11.03 19.3162 10.6197 4.3291 2.05954 2.0506 4.31053 10.6197 19.3162 26.0612 28.3216 28.4944 28.2044 28.1065 28.4063 28.251 25.9907 22.2179 22.8798 22.7812 22.6277 22.6204 22.774 22.6804 22.0432 21.8514 24.7658 26.3209 27.439 27.8459 26.7592 25.2479 22.2208 16.3138 13.7626 9.08775 5.14187 5.01173 8.91377 13.6605 16.0403 10.9564 4.28158 1.65891 1.07597 1.07626 1.66083 4.29367 
10.8179 4.08274 1.65992 1.08081 1.08081 1.65992 4.09832 10.8709 19.87 10.8806 4.53835 2.19233 2.12086 4.35467 10.8806 19.87 29.1845 31.7663 32.7459 32.8364 32.8457 32.7627 31.7717 29.1877 31.097 33.1248 33.5281 33.2048 33.2602 33.5684 33.1586 31.113 26.3914 30.8884 32.6857 33.2838 33.2803 32.6827 30.9402 26.3897 17.7476 14.264 8.92208 5.01994 4.94908 8.80916 14.2891 17.6925 11.6606 4.44973 1.71651 1.09305 1.09307 1.71662 4.46822 
11.9079 4.54216 1.79057 1.10454 1.10454 1.79057 4.57237 12.003 20.9703 11.7818 4.9974 2.42537 2.34064 4.78673 11.7818 20.9703 30.5539 33.122 34.0499 34.2341 34.2329 34.0436 33.1194 30.5543 32.2248 33.8209 34.194 34.1832 34.1814 34.1928 33.821 32.2391 28.6526 32.1928 33.7593 34.2462 34.255 33.7761 32.1773 28.6536 20.9234 17.1305 10.8095 6.13907 6.06876 10.7209 17.2772 20.979 13.3692 4.96386 1.85274 1.11843 1.11844 1.85281 4.97261 
12.3816 4.73155 1.83258 1.10977 1.10977 1.83258 4.7602 12.4707 21.4882 12.1229 5.11289 2.4592 2.37416 4.90389 12.1229 21.4882 31.1318 33.6121 34.5721 34.7882 34.7879 34.5712 33.6121 31.1375 32.8697 34.1238 34.4728 34.5765 34.5757 34.4717 34.1248 32.8842 29.9228 33.0982 34.3388 34.6987 34.7032 34.3483 33.0815 29.9231 22.3857 18.3209 11.4814 6.50805 6.43267 11.39 18.4745 22.4332 14.445 5.39318 1.95639 1.13441 1.13443 1.95648 5.40266 
12.2882 4.63345 1.77692 1.09535 1.09535 1.77692 4.65022 12.3455 21.6899 11.8073 4.83378 2.26927 2.21966 4.71297 11.8073 21.6899 31.489 33.7606 34.6883 34.8897 34.8896 34.6881 33.7563 31.5063 33.1702 34.3095 34.641 34.7696 34.7692 34.6403 34.3099 33.1757 30.3639 33.4422 34.5522 34.841 34.8426 34.5563 33.4335 30.3646 22.918 18.7562 11.5544 6.44401 6.397 11.4933 18.8557 22.926 15.0678 5.61258 1.9886 1.13199 1.13201 1.98868 5.61959 
12.3455 4.65022 1.78073 1.09596 1.09535 1.77692 4.65022 12.3455 21.574 11.6635 4.71297 2.21966 2.21966 4.71297 11.8073 21.6899 31.489 33.7606 34.6881 34.8896 34.8897 34.6883 33.7606 31.489 33.1757 34.3099 34.6403 34.7692 34.7696 34.641 34.3095 33.1702 30.3646 33.4335 34.5516 34.8401 34.8401 34.5594 33.4383 30.3646 22.926 18.8557 11.4933 6.397 6.42175 11.5283 18.8233 22.9596 15.051 5.61959 1.98868 1.13201 1.13199 1.9886 5.61258 
12.4707 4.7602 1.83927 1.11088 1.10977 1.83258 4.7602 12.4707 21.3831 11.8815 4.90389 2.37416 2.37416 4.90389 12.1229 21.4882 31.1318 33.6121 34.5712 34.7879 34.7882 34.5721 33.6121 31.1318 32.8842 34.1248 34.4717 34.5757 34.5765 34.4728 34.1238 32.8697 29.9231 33.0815 34.3357 34.6965 34.6965 34.3524 33.0971 29.9231 22.4332 18.4745 11.39 6.43267 6.47179 11.4428 18.4267 22.4594 14.4239 5.40266 1.95648 1.13443 1.13441 1.95639 5.39318 
12.003 4.57237 1.79758 1.10568 1.10454 1.79057 4.57237 12.003 20.8662 11.5479 4.78673 2.34064 2.34064 4.78673 11.7818 20.9703 30.5539 33.122 34.0436 34.2329 34.2341 34.0499 33.122 30.5539 32.2391 33.821 34.1928 34.1814 34.1832 34.194 33.8209 32.2248 28.6536 32.1773 33.754 34.2414 34.2414 33.7751 32.1984 28.6536 20.979 17.2772 10.7209 6.06876 6.10702 10.7762 17.2342 21.0049 13.3491 4.97261 1.85281 1.11844 1.11843 1.85274 4.96386 
10.8709 4.09832 1.6636 1.08142 1.08081 1.65992 4.09832 10.8709 19.6082 10.606 4.35467 2.12086 2.12086 4.35467 10.8806 19.87 29.1845 31.7663 32.7627 32.8457 32.8364 32.7459 31.7663 29.1845 31.113 33.1586 33.5684 33.2602 33.2048 33.5281 33.1248 31.097 26.3897 30.9402 32.7321 33.3239 33.3239 32.629 30.8777 26.3897 17.6925 14.2891 8.80916 4.94908 4.98105 8.85478 14.2586 17.7165 11.6805 4.46822 1.71662 1.09307 1.09305 1.71651 4.44973 
6.57164 2.36823 1.19706 1.01449 1.0143 1.19493 2.35498 6.52155 13.537 6.11645 2.24795 1.2283 1.2283 2.24795 6.11645 13.537 27.2043 30.4845 32.2047 32.6405 32.6489 32.2202 30.4845 27.2043 29.7252 32.8799 33.7563 33.4918 33.4674 33.7435 32.8776 29.7252 23.4342 30.1096 32.9697 33.7388 33.7639 32.9958 29.9827 23.4998 7.70114 5.01678 2.74469 1.64712 1.64711 2.74095 4.97879 7.60016 4.0733 1.74633 1.09501 1.00849 1.00856 1.09629 1.75763 
5.39889 1.92892 1.10721 1.00573 1.00569 1.10669 1.92518 5.38128 12.1366 4.9389 1.79739 1.10024 1.10024 1.79739 4.9389 12.1366 27.5184 31.3844 33.4082 33.9203 33.9137 33.3993 31.3844 27.5184 29.8253 33.1633 34.0869 34.1874 34.1865 34.0806 33.1619 29.8253 22.7551 30.1903 33.4057 34.2756 34.2907 33.4364 30.072 22.853 6.30261 4.01818 2.14691 1.39103 1.39103 2.15206 4.03319 6.21833 3.03932 1.4037 1.04299 1.00317 1.00314 1.04301 1.40523 
4.98505 1.77352 1.08037 1.00368 1.00365 1.07994 1.77032 4.96944 11.7785 4.66003 1.70479 1.08007 1.08007 1.70479 4.66003 11.7785 27.5257 31.6377 33.9346 34.5221 34.5185 33.9294 31.6377 27.5257 29.8252 33.2949 34.2983 34.5497 34.5473 34.2916 33.2935 29.8252 22.4646 30.2163 33.5576 34.4611 34.4792 33.5905 30.0897 22.5692 5.27504 3.22376 1.76852 1.28225 1.28226 1.77054 3.23917 5.17454 2.2854 1.20104 1.01987 1.00159 1.00158 1.02009 1.20357 
4.89407 1.73508 1.07392 1.00333 1.00332 1.07366 1.73316 4.8834 11.794 4.64996 1.69437 1.07725 1.07725 1.69437 4.64996 11.794 27.5468 31.695 34.0815 34.6758 34.6745 34.0796 31.695 27.5468 29.7999 33.4011 34.4465 34.7288 34.7271 34.4421 33.4001 29.7999 22.4746 30.2638 33.625 34.497 34.5091 33.6452 30.1749 22.5701 5.15636 2.9214 1.587 1.18992 1.18993 1.5879 2.93165 5.06249 2.21306 1.18737 1.01789 1.00127 1.00126 1.01794 1.18863 
4.8834 1.73316 1.07366 1.00332 1.00332 1.07366 1.73316 4.8834 11.8103 4.6681 1.69213 1.07677 1.07725 1.69437 4.64996 11.794 27.7187 31.6603 34.0796 34.6745 34.6745 34.0796 31.6603 27.7187 29.8023 33.4001 34.4421 34.7271 34.7288 34.4465 33.4011 29.7999 22.5701 30.1749 33.6452 34.5091 34.5091 33.6452 30.1749 22.5701 5.06249 2.93165 1.5879 1.18993 1.18993 1.5879 2.93165 5.06249 2.21306 1.18737 1.01789 1.00127 1.00127 1.01789 1.18737 
4.96944 1.77032 1.07994 1.00365 1.00365 1.07994 1.77032 4.96944 11.7984 4.68675 1.70046 1.07926 1.08007 1.70479 4.66003 11.7785 27.6976 31.5989 33.9294 34.5185 34.5185 33.9294 31.5989 27.6976 29.8276 33.2935 34.2916 34.5473 34.5497 34.2983 33.2949 29.8252 22.5692 30.0897 33.5905 34.4792 34.4792 33.5905 30.0897 22.5692 5.17454 3.23917 1.77054 1.28226 1.28226 1.77054 3.23917 5.17454 2.2854 1.20104 1.01987 1.00159 1.00159 1.01987 1.20104 
5.38128 1.92518 1.10669 1.00569 1.00569 1.10669 1.92518 5.38128 12.1577 4.96957 1.79147 1.09895 1.10024 1.79739 4.9389 12.1366 27.6822 31.3487 33.3993 33.9137 33.9137 33.3993 31.3487 27.6822 29.8277 33.1619 34.0806 34.1865 34.1874 34.0869 33.1633 29.8253 22.853 30.072 33.4364 34.2907 34.2907 33.4364 30.072 22.853 6.21833 4.03319 2.15206 1.39103 1.39103 2.15206 4.03319 6.21833 3.03932 1.4037 1.04299 1.00317 1.00317 1.04299 1.4037 
6.52155 2.35498 1.19493 1.0143 1.0143 1.19493 2.35498 6.52155 13.48 6.11867 2.24728 1.22775 1.2283 2.24795 6.11645 13.537 27.3228 30.4629 32.2202 32.6489 32.6489 32.2202 30.4629 27.3228 29.7264 32.8776 33.7435 33.4674 33.4918 33.7563 32.8799 29.7252 23.4998 29.9827 32.9958 33.7639 33.7639 32.9958 29.9827 23.4998 7.60016 4.97879 2.74095 1.64711 1.64711 2.74095 4.97879 7.60016 4.0733 1.74633 1.09501 1.00849 1.00849 1.09501 1.74633 
4.67589 1.68181 1.06558 1.00317 1.00313 1.06542 1.682 4.67911 11.3773 4.55571 1.70258 1.08577 1.08577 1.70258 4.57641 11.4038 24.2631 26.673 28.2363 28.6941 28.6941 28.2363 26.673 24.2631 26.6463 28.5871 28.2015 27.9577 27.814 28.052 28.5856 26.6477 22.3149 28.261 31.0454 32.042 32.0405 31.0441 28.1223 22.4039 9.18452 5.3137 2.78628 1.7607 1.7607 2.78628 5.3137 9.18452 5.09363 2.13789 1.20024 1.0225 1.0225 1.20024 2.13789 
4.92255 1.7406 1.07281 1.00374 1.00368 1.07259 1.74185 4.93762 12.0262 4.71798 1.72008 1.08296 1.08296 1.72008 4.7296 12.0256 26.1454 29.7148 31.6524 32.2244 32.2244 31.6524 29.7148 26.1454 26.0966 28.8469 29.2872 29.7894 29.7908 29.2995 28.8481 26.0986 21.2026 27.9127 31.5014 33.076 33.0761 31.5011 27.805 21.3183 7.49909 3.7386 1.74976 1.15345 1.15345 1.74976 3.7386 7.49909 3.90141 1.69416 1.08761 1.00576 1.00576 1.08761 1.69416 
5.03788 1.76683 1.07587 1.00401 1.00395 1.07565 1.76814 5.05343 12.3228 4.82358 1.7441 1.08659 1.08659 1.7441 4.83562 12.3223 26.9852 31.0477 33.3256 33.9805 33.9805 33.3256 31.0477 26.9852 26.0985 29.3499 30.4475 31.2866 31.2881 30.4601 29.3496 26.1006 20.4997 27.7722 31.7264 33.5042 33.5042 31.7255 27.6817 20.6386 6.45108 2.90974 1.36507 1.01287 1.01287 1.36507 2.90974 6.45108 3.11478 1.42478 1.04438 1.00206 1.00206 1.04438 1.42478 
5.0407 1.75874 1.07399 1.00372 1.00368 1.07386 1.75971 5.05131 12.4024 4.82542 1.73774 1.08515 1.08515 1.73774 4.83334 12.402 27.1244 31.2727 33.7763 34.4319 34.4319 33.7763 31.2727 27.1244 26.5341 30.1983 31.6903 32.6652 32.667 31.6964 30.1985 26.5355 20.3451 28.1127 32.1121 33.8499 33.8498 32.1126 28.0476 20.4699 6.1022 2.68327 1.28697 1.00554 1.00554 1.28697 2.68327 6.1022 2.81804 1.3166 1.02871 1.00102 1.00102 1.02871 1.3166 
5.05131 1.75971 1.07386 1.00368 1.00368 1.07386 1.75971 5.05131 12.4024 4.82542 1.73442 1.08456 1.08456 1.73774 4.82542 12.4024 27.0302 31.292 33.777 34.4321 34.4319 33.7763 31.2727 27.1244 26.5355 30.1985 31.6964 32.667 32.667 31.6964 30.1985 26.5355 20.4699 28.0476 32.1126 33.8498 33.8304 32.074 28.0476 20.4697 6.10203 2.69609 1.28773 1.00453 1.00554 1.28697 2.68327 6.1022 2.82779 1.3166 1.02871 1.00102 1.001 1.02836 1.31432 
5.05343 1.76814 1.07565 1.00395 1.00395 1.07565 1.76814 5.05343 12.3228 4.82358 1.73977 1.08587 1.08587 1.7441 4.82358 12.3228 26.8798 31.0639 33.3269 33.98 33.9805 33.3256 31.0477 26.9852 26.1006 29.3496 30.4601 31.2881 31.2881 30.4601 29.3496 26.1006 20.6386 27.6817 31.7255 33.5042 33.4672 31.6525 27.6805 20.6386 6.45097 2.93153 1.36739 1.01139 1.01287 1.36507 2.90974 6.45108 3.13252 1.42478 1.04438 1.00206 1.002 1.04374 1.42069 
4.93762 1.74185 1.07259 1.00368 1.00368 1.07259 1.74185 4.93762 12.0262 4.71798 1.71596 1.08228 1.08228 1.72008 4.71798 12.0262 26.0504 29.7264 31.6504 32.2209 32.2244 31.6524 29.7148 26.1454 26.0986 28.8481 29.2995 29.7908 29.7908 29.2995 28.8481 26.0986 21.3183 27.805 31.5011 33.0761 33.0355 31.4224 27.8039 21.3184 7.49913 3.75883 1.7518 1.15242 1.15345 1.74976 3.7386 7.49909 3.9206 1.69416 1.08761 1.00576 1.00571 1.08707 1.69009 
4.67911 1.682 1.06542 1.00313 1.00313 1.06542 1.682 4.67911 11.3773 4.55571 1.6968 1.08478 1.08478 1.70258 4.55571 11.3773 24.1763 26.6724 28.2361 28.6948 28.6941 28.2363 26.673 24.2631 26.6477 28.5856 28.052 27.814 27.814 28.052 28.5856 26.6477 22.4039 28.1223 31.0441 32.0405 31.9577 30.9173 28.1207 22.4047 9.20187 5.33948 2.80559 1.77504 1.7607 2.78628 5.3137 9.18452 5.09128 2.13789 1.20024 1.0225 1.02333 1.2044 2.15032 
2.19639 1.1425 1.00893 1.00024 1.00024 1.00893 1.1425 2.19639 5.99025 2.1578 1.13573 1.00891 1.00891 1.13573 2.1578 5.99025 14.4356 12.061 11.9808 12.0155 12.1117 12.0727 12.1432 14.5097 21.1056 18.1149 15.236 14.2461 14.0814 15.0318 18.1149 21.1056 22.3895 26.5147 28.3229 28.7949 28.8746 28.3967 26.577 22.4574 13.5102 10.5563 8.38 6.28209 6.28209 8.38 10.5563 13.5102 8.30999 4.6868 2.20465 1.34039 1.34039 2.20465 4.6868 
1.61772 1.05674 1.00254 0.999848 0.999848 1.00254 1.05674 1.61772 4.35858 1.60719 1.05263 1.00157 1.00157 1.05263 1.60719 4.35858 12.4361 6.91423 5.11818 4.78929 4.78278 5.11107 6.89952 12.4356 22.449 17.6165 12.7191 10.1257 10.108 12.6797 17.6165 22.449 24.743 28.6645 30.2624 31.0569 31.0695 30.2934 28.7086 24.7894 16.7702 14.2582 12.3243 9.79177 9.79177 12.3243 14.2582 16.7702 10.8841 6.43087 2.89653 1.59229 1.59229 2.89653 6.43087 
1.45546 1.03724 1.00135 0.999926 0.999926 1.00135 1.03724 1.45546 3.71602 1.46793 1.03806 1.00089 1.00089 1.03806 1.46793 3.71602 11.5172 4.8435 2.37454 1.85218 1.85093 2.37153 4.82624 11.5171 22.8865 16.3388 10.0692 6.61627 6.59648 10.0267 16.3388 22.8865 26.9135 30.5964 32.1117 32.8707 32.8925 32.1533 30.6541 26.9701 18.8672 15.7325 13.215 10.2846 10.2846 13.215 15.7325 18.8672 12.4257 7.31852 3.16244 1.67089 1.67089 3.16244 7.31852 
1.43124 1.03491 1.00128 0.999918 0.999918 1.00128 1.03491 1.43124 3.56312 1.44669 1.04088 1.00251 1.00251 1.04088 1.44669 3.56312 11.1172 4.40705 1.85709 1.31705 1.31633 1.85547 4.39665 11.1171 22.9421 14.2199 7.31732 4.25066 4.23777 7.29353 14.2199 22.9421 28.4967 31.9372 33.235 33.8208 33.8326 33.2622 31.9764 28.5387 20.6644 16.531 12.795 9.21154 9.21154 12.795 16.531 20.6644 13.4398 7.04145 2.84478 1.51027 1.51027 2.84478 7.04145 
1.43276 1.03508 1.00129 0.999919 0.999918 1.00128 1.03491 1.43124 3.57763 1.44422 1.04088 1.00251 1.00251 1.04088 1.44422 3.57763 11.1172 4.40705 1.85709 1.31705 1.31705 1.85709 4.40705 11.1172 23.0013 14.1861 7.29353 4.23777 4.25066 7.31732 14.2199 22.9421 28.5346 31.9958 33.3024 33.8537 33.8366 33.2673 31.9682 28.5417 20.7026 16.5298 12.7029 9.09291 9.09291 12.7029 16.5551 20.7984 13.4398 7.04145 2.84478 1.51027 1.50388 2.82737 7.00754 
1.45851 1.03757 1.00138 0.999929 0.999926 1.00135 1.03724 1.45546 3.72492 1.46304 1.03806 1.00089 1.00089 1.03806 1.46304 3.72492 11.5172 4.8435 2.37454 1.85218 1.85218 2.37454 4.8435 11.5172 22.965 16.2898 10.0267 6.59648 6.61627 10.0692 16.3388 22.8865 26.9826 30.6721 32.2202 32.9308 32.8996 32.1627 30.6351 26.9953 18.9128 15.7316 13.115 10.0794 10.0794 13.115 15.7742 19.0472 12.4257 7.31852 3.16244 1.67089 1.65988 3.12902 7.2764 
1.62004 1.05708 1.00258 0.999851 0.999848 1.00254 1.05674 1.61772 4.37646 1.60314 1.05263 1.00157 1.00157 1.05264 1.60314 4.37646 12.4361 6.91423 5.11818 4.78929 4.78929 5.11818 6.91423 12.4361 22.5109 17.5744 12.6797 10.108 10.1257 12.7191 17.6165 22.449 24.8257 28.7134 30.3592 31.1181 31.0859 30.3071 28.6886 24.8301 16.8157 14.2576 12.2363 9.59413 9.59413 12.2363 14.2983 16.9398 10.8841 6.43087 2.89653 1.59229 1.58239 2.86548 6.39433 
2.18792 1.14162 1.0089 1.00024 1.00024 1.00893 1.1425 2.19639 5.92782 2.14335 1.13573 1.00891 1.00892 1.13582 2.14335 5.92782 14.4356 12.061 11.9808 12.0155 12.0155 11.9808 12.061 14.4356 21.0169 17.9116 15.0318 14.0814 14.2461 15.236 18.1149 21.1056 22.3029 26.3116 28.137 28.6159 28.74 28.2745 26.4543 22.3874 13.5746 10.5636 8.32996 6.16941 6.16941 8.32996 10.5839 13.6555 8.30999 4.6868 2.20465 1.34039 1.3351 2.18698 4.6611 
1.08653 1.00562 1.00017 0.999963 0.999962 1.00018 1.00555 1.08389 1.99132 1.14317 1.01234 1.00091 1.00091 1.01235 1.1417 1.98333 5.93555 4.91892 4.50167 4.41474 4.4471 4.5379 4.96222 5.98488 8.80656 5.85902 4.43638 4.04394 4.04394 4.43638 5.85902 8.80656 12.7942 16.0507 16.5569 16.3434 16.2632 16.4818 15.8602 12.6643 5.07391 4.09493 2.83559 1.7411 1.7411 2.83559 4.09493 5.07391 2.91378 1.60637 1.13286 1.01889 1.01918 1.13454 1.61453 
1.01061 1.00044 0.999844 0.999881 0.999881 0.999847 1.00045 1.01045 1.15498 1.01673 1.00122 0.999897 0.999897 1.00123 1.01689 1.15667 2.16412 1.77256 1.66628 1.63832 1.63801 1.66604 1.77336 2.16431 4.33016 2.78547 1.82165 1.63823 1.63823 1.82165 2.78547 4.33016 6.26369 8.03193 7.86895 7.34057 7.39783 7.96172 7.99589 6.25127 2.3976 1.97301 1.46733 1.11995 1.11995 1.46733 1.97301 2.3976 1.69773 1.19139 1.0306 1.00289 1.00285 1.03026 1.18995 
1.00061 0.999957 0.999984 0.999998 0.999998 0.999984 0.999957 1.0006 1.01359 1.00077 0.999907 0.999969 0.999968 0.999906 1.00077 1.01385 1.18193 1.08215 1.06529 1.06044 1.06045 1.06533 1.08234 1.18196 2.03012 1.44142 1.11725 1.07551 1.07551 1.11725 1.44142 2.03012 2.71944 3.44171 3.16539 2.79732 2.81564 3.20152 3.40178 2.69785 1.2604 1.16452 1.05613 1.00892 1.00892 1.05613 1.16452 1.2604 1.12651 1.02674 1.0028 1.00008 1.00007 1.00277 1.02657 
1.00003 0.999986 1 1 1 1 0.999987 1.00003 1.00067 0.999795 0.99997 1 1 0.99997 0.999797 1.0007 1.02319 1.00504 1.00309 1.00277 1.00277 1.0031 1.00507 1.02319 1.2823 1.08806 1.01425 1.0072 1.0072 1.01425 1.08806 1.2823 1.49477 1.76035 1.61891 1.43359 1.43957 1.63165 1.74433 1.48595 1.03136 1.01977 1.00404 1.00016 1.00016 1.00404 1.01977 1.03136 1.0152 1.00219 1.00004 0.999932 0.999932 1.00004 1.00218 
1.00003 0.999987 1 1 1 1 0.999987 1.00003 1.0007 0.999797 0.99997 1 1 0.99997 0.9998 1.00064 1.02319 1.00504 1.0031 1.00277 1.00277 1.00309 1.00504 1.02319 1.28187 1.08812 1.01426 1.0072 1.0072 1.01425 1.08806 1.2823 1.48595 1.74433 1.63165 1.43957 1.43359 1.61891 1.76035 1.49477 1.03136 1.01977 1.00404 1.00016 1.00017 1.00407 1.01992 1.03024 1.0152 1.00219 1.00004 0.999932 0.999932 1.00004 1.00219 
1.0006 0.999957 0.999984 0.999998 0.999998 0.999984 0.999957 1.0006 1.01385 1.00077 0.999907 0.999969 0.999969 0.999907 1.00079 1.01318 1.18193 1.08215 1.06533 1.06045 1.06044 1.06529 1.08215 1.18193 2.02731 1.44175 1.11732 1.07553 1.07551 1.11725 1.44142 2.03012 2.69785 3.40178 3.20152 2.81564 2.79732 3.16539 3.44171 2.71944 1.2604 1.16452 1.05613 1.00892 1.00901 1.0565 1.16419 1.25328 1.12651 1.02674 1.0028 1.00008 1.00008 1.0028 1.02674 
1.01045 1.00045 0.999847 0.999881 0.999881 0.999847 1.00045 1.01045 1.15667 1.01689 1.00122 0.999897 0.999897 1.00122 1.01696 1.15112 2.16412 1.77256 1.66604 1.63801 1.63832 1.66628 1.77256 2.16412 4.3221 2.78556 1.81906 1.63626 1.63823 1.82165 2.78547 4.33016 6.25127 7.99589 7.96172 7.39783 7.34057 7.86895 8.03193 6.26369 2.3976 1.97301 1.46733 1.11995 1.12124 1.47086 1.96583 2.36898 1.69773 1.19139 1.0306 1.00289 1.00289 1.0306 1.19139 
1.08389 1.00555 1.00018 0.999962 0.999962 1.00018 1.00555 1.08389 1.98333 1.1417 1.01234 1.00091 1.00091 1.01234 1.14012 1.94176 5.93555 4.91892 4.5379 4.4471 4.41474 4.50167 4.91892 5.93555 8.72741 5.8081 4.40123 4.00629 4.04394 4.43638 5.85902 8.80656 12.6643 15.8602 16.4818 16.2632 16.3434 16.5569 16.0507 12.7942 5.07391 4.09493 2.83559 1.7411 1.73903 2.82827 3.99902 4.89043 2.91378 1.60637 1.13286 1.01889 1.01889 1.13286 1.60637 
1.00915 1.00059 1.00006 1.0001 1.0001 1.00006 1.00059 1.00915 1.13317 1.02004 1.00204 1.00021 1.00021 1.00204 1.02004 1.13311 1.93423 1.70161 1.60138 1.60545 1.60545 1.60138 1.70161 1.93423 3.46823 2.10475 1.73234 1.52636 1.52636 1.73234 2.10475 3.46823 5.95038 7.49824 7.66555 7.39671 7.39677 7.66607 7.49942 5.95188 2.37756 1.88739 1.53015 1.16211 1.1621 1.53013 1.88737 2.37745 1.482 1.08431 1.01215 1.00151 1.00151 1.01215 1.08431 
1.00049 0.999996 0.999992 1 1 0.999992 0.999996 1.00049 1.01097 1.00129 0.999988 0.99996 0.99996 0.999988 1.00129 1.01097 1.14877 1.10893 1.09489 1.09076 1.09076 1.09489 1.10893 1.14877 1.57828 1.20073 1.1092 1.06432 1.06432 1.1092 1.20073 1.57828 2.14438 2.56084 2.60261 2.48061 2.48042 2.6025 2.56084 2.1444 1.27318 1.15915 1.07237 1.01489 1.01489 1.07237 1.15915 1.27319 1.08585 1.01137 1.00115 0.999981 0.999981 1.00115 1.01137 
1.00003 0.999991 1 1 1 1 0.999991 1.00003 1.00044 0.999863 0.999962 0.999994 0.999994 0.999962 0.999863 1.00044 1.01618 1.01148 1.00999 1.00899 1.00899 1.00999 1.01148 1.01618 1.07914 1.01826 1.00951 1.00431 1.00431 1.00951 1.01826 1.07914 1.16878 1.24792 1.25226 1.20903 1.209 1.25224 1.24789 1.16876 1.03582 1.01876 1.00553 1.00072 1.00072 1.00553 1.01876 1.03582 1.009 1.00091 0.999958 0.999963 0.999963 0.999958 1.00091 
1.0001 1 1 1 1 1 1 1.0001 0.999966 0.999871 0.999995 1 1 0.999995 0.999871 0.999966 1.00121 1.00073 1.00073 1.00059 1.00059 1.00073 1.00073 1.00121 1.00599 1.00088 1.00043 1.00015 1.00015 1.00043 1.00088 1.00599 1.01259 1.02102 1.02144 1.01467 1.01467 1.02144 1.02102 1.01259 1.00253 1.00114 1.00016 0.999924 0.999924 1.00016 1.00114 1.00253 1.00066 0.999957 0.999968 0.999997 0.999997 0.999968 0.999957 
0 0 0 0 1 1 1 1.0001 0.999966 0.999871 0.999995 1 1 0.999995 0.999871 0.999966 1.00121 1.00073 1.00073 1.00059 1.00058 1.00071 1.00071 1.00119 1.00584 1.00086 1.00041 1.00014 1.00015 1.00043 1.00088 1.00599 1.01259 1.02102 1.02144 1.01467 1.01467 1.02144 1.02102 1.01259 1.00253 1.00114 1.00016 0.999924 0.999924 1.00016 1.00114 1.00253 1.00066 0.999957 0.999968 0.999997 0 0 0 
0 0 0 0 1 1 0.999991 1.00003 1.00044 0.999863 0.999962 0.999994 0.999994 0.999962 0.999863 1.00044 1.01618 1.01148 1.00999 1.00899 1.00886 1.00983 1.0113 1.01596 1.0778 1.01802 1.00934 1.00422 1.00431 1.00951 1.01826 1.07914 1.16876 1.24789 1.25224 1.209 1.20903 1.25226 1.24792 1.16878 1.03582 1.01876 1.00553 1.00072 1.00072 1.00553 1.01876 1.03582 1.009 1.00091 0.999958 0.999963 0 0 0 
0 0 0 0 1 0.999992 0.999996 1.00049 1.01097 1.00129 0.999988 0.99996 0.99996 0.999986 1.00129 1.01097 1.14877 1.10893 1.09489 1.09076 1.0899 1.09392 1.10772 1.14751 1.57153 1.19951 1.10788 1.0635 1.06432 1.1092 1.20073 1.57828 2.1444 2.56084 2.6025 2.48042 2.48061 2.60261 2.56084 2.14438 1.27319 1.15915 1.07237 1.01489 1.01489 1.07237 1.15915 1.27318 1.08585 1.01137 1.00115 0.999981 0 0 0 
