0 0 0 0 1.00028 1.00517 1.05541 1.38318 2.22881 1.48881 1.08708 1.01162 1.0116 1.08691 1.48757 2.22808 2.77937 2.91299 2.2826 1.71209 1.70959 2.27766 2.9135 2.77962 1.48042 1.15843 1.11007 1.21828 1.21995 1.11641 1.16392 1.47962 1.32417 1.92734 3.14089 4.00665 4.00574 3.14024 1.92548 1.31779 1.0881 1.08111 1.02308 1.00212 1.00212 1.02308 1.08113 1.08797 1.0384 1.00385 1.00024 1.00006 0 0 0 
0 0 0 0 0.999943 1.00059 1.00758 1.06084 1.18261 1.0594 1.00848 1.00073 1.00072 1.00843 1.05907 1.18189 1.26652 1.27241 1.15374 1.06425 1.06389 1.15293 1.27248 1.26657 1.0769 1.01813 1.01051 1.02711 1.02699 1.01082 1.01836 1.07624 1.03957 1.18347 1.58595 1.85925 1.86579 1.59185 1.18572 1.03992 1.00692 1.00851 1.00203 1.00011 1.00011 1.00203 1.00851 1.00692 1.00304 1.00021 0.999976 0.999992 0 0 0 
0 0 0 0 0.999978 0.999941 1.00066 1.00579 1.01562 1.00387 1.00037 0.999878 0.999877 1.00036 1.00382 1.01547 1.02038 1.0192 1.00892 1.00266 1.00263 1.00884 1.0192 1.02037 1.00745 1.00299 1.0021 1.00313 1.00311 1.00211 1.00297 1.00736 1.00421 1.02793 1.11274 1.16736 1.16916 1.11429 1.02837 1.00428 1.00036 1.00042 1.0001 0.999977 0.999977 1.0001 1.00042 1.00036 1.00024 0.999962 0.999997 1 0 0 0 
0 0 0 0 1 0.999978 0.999948 1.00046 1.00055 0.999898 0.999928 0.999984 0.999984 0.999927 0.999892 1.00054 1.00064 1.00033 1.00009 0.99997 0.999967 1.00009 1.00033 1.00064 1.00065 1.00016 1.00026 1.00023 1.00022 1.00026 1.00016 1.00063 1.0003 1.00257 1.01331 1.02081 1.02112 1.01354 1.00262 1.0003 0.99999 0.999869 0.999974 0.999997 0.999997 0.999974 0.999869 0.99999 1.00007 0.999991 1 1 0 0 0 
1.00046 0.999948 0.999978 1 1 0.999978 0.999948 1.00046 1.00054 0.999892 0.999927 0.999984 0.999984 0.999928 0.999892 1.00054 1.00064 1.00033 1.00009 0.99997 0.99997 1.00009 1.00033 1.00064 1.00065 1.00016 1.00026 1.00023 1.00023 1.00026 1.00016 1.00065 1.0003 1.00262 1.01354 1.02112 1.02112 1.01354 1.00262 1.0003 0.99999 0.999869 0.999974 0.999997 0.999997 0.999974 0.999869 0.99999 1.00007 0.999991 1 1 1 1 0.999991 
1.00579 1.00066 0.999941 0.999978 0.999978 0.999941 1.00066 1.00579 1.01547 1.00382 1.00036 0.999877 0.999878 1.00037 1.00382 1.01547 1.02038 1.0192 1.00892 1.00266 1.00266 1.00892 1.0192 1.02038 1.00745 1.00299 1.0021 1.00313 1.00313 1.0021 1.00299 1.00745 1.00428 1.02837 1.11429 1.16916 1.16916 1.11429 1.02837 1.00428 1.00036 1.00042 1.0001 0.999977 0.999977 1.0001 1.00042 1.00036 1.00024 0.999962 0.999997 1 1 0.999997 0.999962 
1.06084 1.00758 1.00059 0.999943 0.999943 1.00059 1.00758 1.06084 1.18189 1.05907 1.00843 1.00072 1.00073 1.00848 1.05907 1.18189 1.26652 1.27241 1.15374 1.06425 1.06425 1.15374 1.27241 1.26652 1.0769 1.01813 1.01051 1.02711 1.02711 1.01051 1.01813 1.0769 1.03992 1.18572 1.59185 1.86579 1.86579 1.59185 1.18572 1.03992 1.00692 1.00851 1.00203 1.00011 1.00011 1.00203 1.00851 1.00692 1.00304 1.00021 0.999976 0.999992 0.999992 0.999976 1.00021 
1.38318 1.05541 1.00517 1.00028 1.00028 1.00517 1.05541 1.38318 2.22808 1.48757 1.08691 1.0116 1.01162 1.08708 1.48757 2.22808 2.77937 2.91299 2.2826 1.71209 1.71209 2.2826 2.91299 2.77937 1.48042 1.15843 1.11007 1.21828 1.21828 1.11007 1.15843 1.48042 1.31779 1.92548 3.14024 4.00574 4.00574 3.14024 1.92548 1.31779 1.08797 1.08113 1.02308 1.00212 1.00212 1.02308 1.08111 1.0881 1.0384 1.00385 1.00024 1.00006 1.00006 1.00024 1.00385 
2.83252 1.39359 1.04958 1.00346 1.00346 1.04958 1.39359 2.83252 5.31142 3.0452 1.42846 1.06514 1.06514 1.42845 3.0452 5.31142 6.82927 7.56676 6.16162 4.64976 4.74649 6.28171 7.62905 6.86744 3.41978 2.86979 2.67168 2.86758 2.81784 2.59598 2.79747 3.35677 4.15316 5.67577 6.75798 7.77001 7.77001 6.75798 5.74495 4.26558 1.63861 1.38012 1.10774 1.01656 1.01656 1.10755 1.3767 1.63523 1.19356 1.01465 0.999726 0.999862 0.999862 0.999741 1.01465 
1.49908 1.08592 1.00858 1.00031 1.00031 1.00858 1.08592 1.49908 2.21136 1.46246 1.07074 1.00727 1.00725 1.07054 1.46246 2.21136 2.7021 2.83893 2.26278 1.71059 1.71313 2.26616 2.83669 2.69614 1.43331 1.26711 1.22061 1.31426 1.3127 1.2155 1.26267 1.42869 1.61111 2.14566 2.6108 3.10746 3.10746 2.6108 2.14877 1.6194 1.06039 1.02528 1.0008 0.999866 0.999866 1.00164 1.02688 1.06149 1.00871 0.999072 0.999728 0.999902 0.999902 0.999726 0.999072 
1.0698 1.00953 1.0007 0.999916 0.999916 1.0007 1.00953 1.0698 1.1794 1.05214 1.00533 1.00007 1.00007 1.00531 1.05214 1.1794 1.26365 1.27129 1.16093 1.0679 1.06843 1.16224 1.27117 1.26271 1.04159 1.01811 1.01263 1.02921 1.02915 1.01204 1.01763 1.0412 1.06083 1.15837 1.27548 1.4022 1.4022 1.27548 1.15936 1.06166 1.00115 0.997734 0.998969 0.999974 0.999974 0.999032 0.997909 1.00124 0.999703 0.999963 1.00001 1 1 1.00001 0.999963 
1.0064 1.00064 0.999898 0.999976 0.999976 0.999898 1.00064 1.0064 1.01488 1.00292 0.999959 0.999895 0.999895 0.999959 1.00292 1.01488 1.0234 1.02109 1.01098 1.00321 1.00327 1.01115 1.02107 1.02326 1.00436 1.00267 1.00206 1.0035 1.00353 1.00204 1.00267 1.00437 1.00296 1.01118 1.02816 1.04676 1.04676 1.02816 1.01122 1.00298 0.999937 0.999506 0.999955 1.00002 1.00002 0.999961 0.999525 0.999945 1.00017 1.00003 1 1 1 1 1.00003 
1.0064 1.00063 0.999898 0.999976 0.999976 0.999898 1.00064 1.0064 1.01481 1.00291 0.999959 0.999895 0.999895 0.999959 1.00292 1.01488 1.02326 1.02107 1.01115 1.00327 1.00327 1.01115 1.02107 1.02326 1.00437 1.00267 1.00204 1.00353 1.00353 1.00204 1.00267 1.00437 1.00298 1.01122 1.02799 1.04629 1.0463 1.028 1.01123 1.00298 0.999936 0.999506 0.99995 1.00002 1.00002 0.999956 0.999524 0.999952 1.00017 1.00003 1 1 1 1 1.00003 
1.0698 1.0095 1.0007 0.999915 0.999916 1.0007 1.00953 1.0698 1.17893 1.05204 1.00531 1.00007 1.00007 1.00533 1.05214 1.1794 1.26271 1.27117 1.16224 1.06843 1.06843 1.16224 1.27117 1.26271 1.0412 1.01763 1.01204 1.02915 1.02915 1.01204 1.01763 1.0412 1.06166 1.15936 1.27427 1.39868 1.3987 1.27428 1.1594 1.06168 1.00114 0.997741 0.998911 0.999974 0.999981 0.998974 0.997921 1.00135 0.999703 0.999963 1.00001 1 1 1.00001 0.999964 
1.49906 1.08559 1.00852 1.0003 1.00031 1.00858 1.08592 1.49908 2.2077 1.46122 1.07054 1.00725 1.00727 1.07074 1.46246 2.21136 2.69614 2.83669 2.26616 1.71313 1.71313 2.26616 2.83669 2.69614 1.42869 1.26267 1.2155 1.3127 1.3127 1.2155 1.26267 1.42869 1.6194 2.14877 2.60156 3.08346 3.08366 2.60172 2.14888 1.61946 1.06075 1.02573 1.00028 0.999895 0.999948 1.00086 1.02707 1.06324 1.00871 0.999072 0.999726 0.999902 0.999902 0.999728 0.999077 
2.833 1.39857 1.05021 1.00351 1.00346 1.04958 1.39359 2.83252 5.30594 3.04617 1.42845 1.06514 1.06514 1.42846 3.0452 5.31142 6.86744 7.62905 6.28171 4.74649 4.74649 6.28171 7.62905 6.86744 3.35677 2.79747 2.59598 2.81784 2.81784 2.59598 2.79747 3.35677 4.26558 5.74495 6.79156 7.76099 7.76065 6.79134 5.74579 4.26671 1.64436 1.38349 1.10818 1.01684 1.01816 1.11594 1.39975 1.67605 1.19356 1.01465 0.999741 0.999862 0.999863 0.999726 1.01492 
7.97635 3.2214 1.44304 1.05498 1.05462 1.4423 3.22363 8.02817 13.3452 8.16021 3.3274 1.6323 1.6323 3.3274 8.16014 13.3444 15.841 17.6851 15.9594 13.6923 13.6923 15.9594 17.6851 15.841 9.64088 9.30654 9.04729 9.01586 9.01586 9.04729 9.30654 9.64088 9.69021 11.8133 13.1348 14.2236 14.2233 13.136 11.883 9.77699 4.86955 3.70552 2.17423 1.41928 1.41937 2.17498 3.70544 4.91719 3.58098 1.82141 1.10777 1.00872 1.00872 1.10777 1.82141 
9.07136 3.67023 1.55228 1.07256 1.07191 1.54958 3.66089 9.09428 14.4374 9.34419 3.78206 1.76185 1.76185 3.78206 9.34339 14.4386 14.5041 15.778 11.7987 7.86284 7.86284 11.7987 15.778 14.5041 7.70174 6.80992 6.46128 5.69042 5.69042 6.46128 6.80992 7.70174 9.32382 12.1126 14.1701 15.6002 15.6003 14.1709 12.1081 9.33211 3.67729 2.6472 1.55562 1.11797 1.11681 1.54914 2.63218 3.73378 2.19566 1.34119 1.03186 1.00144 1.00144 1.03186 1.34119 
7.38548 2.91854 1.36591 1.04335 1.04294 1.36406 2.91251 7.39945 12.3283 7.78823 3.07025 1.49893 1.49893 3.07025 7.78746 12.328 11.6411 12.33 8.1503 4.38466 4.38466 8.1503 12.33 11.6411 4.73974 4.13907 3.93462 3.0458 3.0458 3.93462 4.13907 4.73974 6.96651 9.94833 11.9775 13.5212 13.5215 11.9769 9.94001 6.94546 2.35895 1.68845 1.17762 1.02275 1.02248 1.17537 1.68332 2.40533 1.39918 1.06752 1.00437 1.00002 1.00002 1.00437 1.06752 
5.40157 2.11533 1.17063 1.01396 1.01384 1.16985 2.11269 5.40678 9.80146 5.90497 2.24895 1.22747 1.22747 2.24895 5.905 9.80183 9.45223 9.61881 5.86328 2.6911 2.6911 5.86328 9.61881 9.45223 2.80359 2.3717 2.30482 1.80933 1.80933 2.30482 2.3717 2.80359 4.42718 7.37063 9.91015 11.9797 11.9792 9.91012 7.37733 4.41906 1.4818 1.17337 1.02755 1.00191 1.00187 1.02714 1.17169 1.49599 1.08347 1.00803 1.00026 0.999949 0.999949 1.00026 1.00803 
5.40678 2.11269 1.16985 1.01384 1.01384 1.16985 2.11269 5.40678 9.80183 5.905 2.24895 1.22747 1.2265 2.24572 5.90497 9.80146 9.42399 9.62623 5.85452 2.68519 2.6911 5.86328 9.61881 9.45223 2.78548 2.36415 2.30147 1.80919 1.80933 2.30482 2.3717 2.80359 4.41906 7.37733 9.91012 11.9792 11.9797 9.91015 7.37063 4.42718 1.49599 1.17169 1.02714 1.00187 1.00191 1.02755 1.17337 1.4818 1.08347 1.00803 1.00026 0.999949 0.999948 1.00028 1.00826 
7.39945 2.91251 1.36406 1.04294 1.04294 1.36406 2.91251 7.39945 12.328 7.78746 3.07025 1.49893 1.49647 3.06316 7.78823 12.3283 11.6342 12.3619 8.13678 4.36967 4.38466 8.1503 12.33 11.6411 4.69253 4.11245 3.92537 3.04531 3.0458 3.93462 4.13907 4.73974 6.94546 9.94001 11.9769 13.5215 13.5212 11.9775 9.94833 6.96651 2.40533 1.68332 1.17537 1.02248 1.02275 1.17762 1.68845 2.35895 1.39918 1.06752 1.00437 1.00002 1.00002 1.00448 1.06912 
9.09428 3.66089 1.54958 1.07191 1.07191 1.54958 3.66089 9.09428 14.4386 9.34339 3.78206 1.76185 1.7579 3.77175 9.34419 14.4374 14.5069 15.8012 11.7893 7.84328 7.86284 11.7987 15.778 14.5041 7.62783 6.78288 6.45091 5.68907 5.69042 6.46128 6.80992 7.70174 9.33211 12.1081 14.1709 15.6003 15.6002 14.1701 12.1126 9.32382 3.73378 2.63218 1.54914 1.11681 1.11797 1.55562 2.6472 3.67729 2.19566 1.34119 1.03186 1.00144 1.00143 1.03187 1.34156 
8.02817 3.22363 1.4423 1.05462 1.05462 1.4423 3.22363 8.02817 13.3444 8.16014 3.3274 1.6323 1.63007 3.32383 8.16021 13.3452 15.9445 17.776 16.0572 13.7755 13.6923 15.9594 17.6851 15.841 9.7391 9.4706 9.22158 9.15208 9.01586 9.04729 9.30654 9.64088 9.77699 11.883 13.136 14.2233 14.2236 13.1348 11.8133 9.69021 4.91719 3.70544 2.17498 1.41937 1.41928 2.17423 3.70552 4.86955 3.58098 1.82141 1.10777 1.00872 1.00879 1.10904 1.83037 
11.0461 4.23112 1.66784 1.07866 1.07901 1.66832 4.23112 11.0461 19.0037 10.5774 4.30495 2.05095 2.06003 4.32479 10.6397 19.3211 26.0769 28.3448 28.5313 28.2484 28.1483 28.4399 28.271 26.0016 21.9871 22.6191 22.7176 22.5674 22.5674 22.7176 22.6191 21.9871 21.7924 24.7195 26.2745 27.3926 27.6706 26.5962 25.0755 22.0517 16.3256 13.6179 9.08293 5.16015 5.03769 8.93525 13.667 16.0509 10.9708 4.2961 1.66333 1.07684 1.07656 1.66147 4.28422 
11.8181 4.43791 1.70595 1.08633 1.08682 1.70671 4.43791 11.8181 20.7836 11.1967 4.48629 2.10863 2.11673 4.49916 11.1528 20.9302 29.2932 31.8187 32.2961 32.3486 32.375 32.3331 31.8604 29.3598 25.7275 25.4049 25.8116 26.4914 26.4914 25.8116 25.4049 25.7275 27.1447 30.6976 32.2246 32.7406 32.7235 32.2253 30.6825 27.0763 19.0497 16.3069 10.7651 6.16149 6.04412 10.6483 16.2585 18.8533 12.5909 4.80679 1.78593 1.0932 1.09315 1.78625 4.80948 
12.2144 4.54132 1.72361 1.08899 1.0895 1.72455 4.54132 12.2144 21.7391 11.5178 4.55707 2.11431 2.12232 4.56988 11.4721 21.9362 30.919 33.3694 34.0597 34.2294 34.2478 34.088 33.4009 31.0038 28.298 27.6508 28.2052 29.2417 29.2417 28.2052 27.6508 28.298 29.6737 32.9422 34.1207 34.4316 34.4314 34.1252 32.9151 29.5871 20.8333 17.8593 11.744 6.68281 6.56059 11.6385 17.821 20.6155 13.8137 5.24993 1.88951 1.10714 1.10711 1.89004 5.25371 
12.2999 4.5398 1.71876 1.08672 1.08707 1.71954 4.5398 12.2999 22.1189 11.5855 4.51402 2.05071 2.05632 4.52237 11.5282 22.3386 31.5531 33.8008 34.5401 34.709 34.7165 34.5513 33.8077 31.6348 30.3334 29.9158 30.4314 31.4544 31.4544 30.4314 29.9158 30.3334 30.494 33.3943 34.5336 34.7874 34.7882 34.5353 33.3875 30.3897 21.6688 18.5503 11.9582 6.65941 6.5857 11.893 18.5286 21.4628 14.4669 5.44394 1.92984 1.11215 1.11218 1.93043 5.44826 
12.2779 4.53938 1.71954 1.08707 1.08672 1.71876 4.5398 12.2999 22.3386 11.5282 4.52237 2.05632 2.05632 4.52237 11.5282 22.3386 31.5531 33.8008 34.5401 34.709 34.709 34.5401 33.8008 31.5531 30.3361 29.9163 30.4246 31.4623 31.4544 30.4314 29.9158 30.3334 30.3743 33.3809 34.5393 34.7899 34.7874 34.5336 33.3943 30.494 21.4628 18.5286 11.893 6.5857 6.65941 11.9582 18.5286 21.4628 14.4669 5.44394 1.92984 1.11215 1.11215 1.92984 5.44394 
12.1805 4.53956 1.72455 1.0895 1.08899 1.72361 4.54132 12.2144 21.9362 11.4721 4.56988 2.12232 2.12232 4.56988 11.4721 21.9362 30.919 33.3694 34.0597 34.2294 34.2294 34.0597 33.3694 30.919 28.3022 27.6518 28.1928 29.2537 29.2417 28.2052 27.6508 28.298 29.5701 32.9019 34.1303 34.4335 34.4316 34.1207 32.9422 29.6737 20.6155 17.821 11.6385 6.56059 6.68281 11.744 17.821 20.6155 13.8137 5.24993 1.88951 1.10714 1.10714 1.88951 5.24993 
11.78 4.43524 1.70671 1.08682 1.08633 1.70595 4.43791 11.8181 20.9302 11.1528 4.49916 2.11673 2.11673 4.49916 11.1528 20.9302 29.2932 31.8187 32.2961 32.3486 32.3486 32.2961 31.8187 29.2932 25.7282 25.4046 25.8058 26.5023 26.4914 25.8116 25.4049 25.7275 27.0427 30.6504 32.2062 32.7023 32.7406 32.2246 30.6976 27.1447 18.8533 16.2585 10.6483 6.04412 6.16149 10.7651 16.2585 18.8533 12.5909 4.80679 1.78593 1.0932 1.0932 1.78593 4.80679 
11.021 4.22846 1.66832 1.07901 1.07866 1.66784 4.23112 11.0461 19.3211 10.6397 4.32479 2.06003 2.06003 4.32479 10.6397 19.3211 26.0769 28.3448 28.5313 28.2484 28.2484 28.5313 28.3448 26.0769 22.1586 22.8202 22.9175 22.7412 22.5674 22.7176 22.6191 21.9871 22.2416 25.299 26.8098 27.8888 27.3926 26.2745 24.7195 21.7924 16.0509 13.667 8.93525 5.03769 5.16015 9.08293 13.667 16.0509 10.9708 4.2961 1.66333 1.07684 1.07684 1.66333 4.2961 
10.8495 4.09775 1.66175 1.08144 1.08144 1.66175 4.11366 10.903 19.8944 10.9169 4.38151 2.13442 2.1196 4.34291 10.9169 19.8944 29.1349 31.7491 32.729 32.8206 32.8206 32.729 31.7491 29.1349 31.0886 33.132 33.5387 33.2198 33.2208 33.539 33.1323 31.0899 26.3582 30.9138 32.6491 33.2482 33.3329 32.6453 30.8887 26.3682 17.7066 14.2972 8.84276 4.97667 5.04137 8.9287 14.2972 17.7066 11.6702 4.46668 1.72176 1.09429 1.09429 1.72176 4.46668 
11.9561 4.56434 1.79127 1.10516 1.10516 1.79127 4.59518 12.0534 20.9778 11.8115 4.81538 2.35602 2.33912 4.77344 11.8115 20.9778 30.4879 33.1016 34.0429 34.2317 34.2317 34.0429 33.1016 30.4879 32.2175 33.8145 34.1886 34.1771 34.1769 34.1883 33.8138 32.2179 28.6329 32.1691 33.7664 34.2489 34.2316 33.7604 32.1741 28.6133 20.9268 17.2288 10.7373 6.0949 6.16878 10.8296 17.2288 20.9268 13.3591 4.97542 1.85785 1.11991 1.11991 1.85785 4.97542 
12.4291 4.7544 1.83388 1.11049 1.11049 1.83388 4.78364 12.5204 21.4965 12.1545 4.93327 2.38995 2.37288 4.8914 12.1545 21.4965 31.0682 33.5934 34.5648 34.7856 34.7856 34.5648 33.5934 31.0682 32.8637 34.1178 34.4681 34.5725 34.5725 34.468 34.1176 32.8642 29.9062 33.0739 34.3425 34.7 34.6915 34.3436 33.0823 29.8922 22.3905 18.43 11.4102 6.46283 6.53951 11.5015 18.43 22.3905 14.4354 5.40605 1.9622 1.13611 1.13611 1.9622 5.40605 
12.3222 4.65086 1.77943 1.09614 1.09614 1.77943 4.66798 12.3821 21.7011 11.8305 4.73322 2.2317 2.22186 4.70953 11.8305 21.7011 31.4378 33.7485 34.6836 34.888 34.888 34.6836 33.7485 31.4378 33.1616 34.3034 34.6368 34.7668 34.7667 34.6367 34.3031 33.162 30.349 33.4269 34.5521 34.8409 34.8374 34.5547 33.4298 30.3399 22.8906 18.8237 11.5071 6.42188 6.46894 11.5661 18.8237 22.8906 15.0625 5.62615 1.9944 1.13355 1.13355 1.9944 5.62615 
12.3821 4.66798 1.7833 1.09674 1.09614 1.77943 4.65086 12.3222 21.711 11.7811 4.70953 2.22186 2.22186 4.70953 11.8305 21.7011 31.4378 33.7485 34.6836 34.888 34.8894 34.6886 33.7673 31.4854 33.162 34.3031 34.6367 34.7667 34.7668 34.6368 34.3034 33.1616 30.3399 33.4298 34.5547 34.8374 34.8374 34.5521 33.4298 30.3399 22.9318 18.8272 11.5134 6.4 6.4 11.4805 18.8559 22.8906 15.0625 5.62615 1.9944 1.13355 1.13298 1.99261 5.62648 
12.5204 4.78364 1.84066 1.1116 1.11049 1.83388 4.7544 12.4291 21.5142 12.0802 4.8914 2.37288 2.37288 4.8914 12.1545 21.4965 31.0682 33.5934 34.5648 34.7856 34.7875 34.5737 33.6243 31.1405 32.8642 34.1176 34.468 34.5725 34.5725 34.4681 34.1178 32.8637 29.8922 33.0823 34.3436 34.6915 34.6915 34.3425 33.0823 29.8922 22.4313 18.4396 11.4192 6.42821 6.42821 11.3702 18.4866 22.3905 14.4354 5.40605 1.9622 1.13611 1.13518 1.95933 5.40626 
12.0534 4.59518 1.79838 1.1063 1.10516 1.79127 4.56434 11.9561 20.994 11.7382 4.77344 2.33912 2.33912 4.77344 11.8115 20.9778 30.4879 33.1016 34.0429 34.2317 34.2285 34.0461 33.1343 30.563 32.2179 33.8138 34.1883 34.1769 34.1771 34.1886 33.8145 32.2175 28.6133 32.1741 33.7604 34.2316 34.2316 33.7664 32.1741 28.6133 20.9777 17.2447 10.7517 6.06445 6.06445 10.7024 17.2892 20.9268 13.3591 4.97542 1.85785 1.11991 1.11904 1.85512 4.97558 
10.903 4.11366 1.66551 1.08204 1.08144 1.66175 4.09775 10.8495 19.8679 10.8357 4.34291 2.1196 2.1196 4.34291 10.9169 19.8944 29.1349 31.7491 32.729 32.8206 32.8484 32.7592 31.7717 29.1888 31.0899 33.1323 33.539 33.2208 33.2198 33.5387 33.132 31.0886 26.3682 30.8887 32.6453 33.3329 33.3329 32.6491 30.8887 26.3682 17.6642 14.243 8.82226 4.93899 4.93899 8.7751 14.2589 17.7066 11.6702 4.46668 1.72176 1.09429 1.09356 1.71831 4.46678 
6.55853 2.3682 1.19786 1.01463 1.01443 1.19574 2.35515 6.5092 13.5982 6.12465 2.25407 1.23048 1.23048 2.25407 6.12465 13.5982 27.1826 30.4938 32.207 32.6441 32.6441 32.207 30.4938 27.1826 29.7059 32.8879 33.7456 33.4775 33.4763 33.7456 32.86 29.7114 23.4518 30.0005 32.9995 33.7689 33.7482 32.9668 30.0005 23.4185 7.63375 5.0166 2.75888 1.65381 1.65381 2.75903 5.04681 7.81878 4.0665 1.74765 1.09562 1.0086 1.00867 1.09691 1.759 
5.40333 1.93302 1.10817 1.00582 1.00579 1.10766 1.92951 5.38722 12.1804 4.93973 1.80053 1.10105 1.10105 1.80053 4.93973 12.1804 27.4739 31.3842 33.4062 33.9179 33.9179 33.4062 31.3842 27.4739 29.7773 33.1604 34.0791 34.1819 34.1823 34.0789 33.1497 29.8282 22.7756 30.0833 33.437 34.2884 34.2824 33.4205 30.0833 22.783 6.21096 4.02964 2.14987 1.38969 1.38969 2.14026 4.0045 6.36907 3.04103 1.40637 1.04347 1.00323 1.00319 1.04349 1.40788 
4.98937 1.77686 1.08106 1.00374 1.00371 1.08064 1.77388 4.97528 11.8242 4.66172 1.70775 1.08075 1.08075 1.70775 4.66172 11.8242 27.4782 31.6402 33.9341 34.5218 34.5218 33.9341 31.6402 27.4782 29.7752 33.2914 34.2905 34.545 34.5449 34.2901 33.2818 29.8291 22.4874 30.1035 33.5932 34.4806 34.4713 33.5749 30.1035 22.4965 5.16677 3.23394 1.7677 1.2807 1.2807 1.7636 3.21351 5.35076 2.28465 1.20196 1.02 1.00161 1.0016 1.02022 1.20448 
4.90021 1.73864 1.07457 1.00338 1.00337 1.07432 1.73694 4.89106 11.8413 4.65338 1.69768 1.07795 1.07795 1.69768 4.65338 11.8413 27.4952 31.6972 34.0796 34.6746 34.6746 34.0796 31.6972 27.4952 29.7635 33.3965 34.4397 34.725 34.725 34.4395 33.3888 29.7966 22.4895 30.1827 33.6453 34.5089 34.503 33.634 30.1827 22.4989 5.05247 2.92844 1.58669 1.18939 1.18939 1.58493 2.91596 5.23404 2.21322 1.18824 1.01803 1.00129 1.00128 1.01809 1.1895 
4.89106 1.73694 1.07432 1.00337 1.00337 1.07432 1.73694 4.89106 11.7723 4.68793 1.69734 1.07783 1.07795 1.69768 4.65338 11.8413 27.4952 31.6972 34.0796 34.6746 34.6717 34.0755 31.6792 27.5687 29.7966 33.3888 34.4395 34.725 34.725 34.4395 33.3888 29.7966 22.4989 30.1594 33.634 34.503 34.5031 33.6343 30.1469 22.634 5.05104 2.93881 1.59269 1.19155 1.19139 1.5918 2.9365 5.05104 2.21322 1.18824 1.01803 1.00129 1.00129 1.01803 1.18824 
4.97528 1.77388 1.08064 1.00371 1.00371 1.08064 1.77388 4.97528 11.7607 4.71022 1.70643 1.08047 1.08075 1.70775 4.66172 11.8242 27.4782 31.6402 33.9341 34.5218 34.5141 33.9233 31.6212 27.5473 29.8291 33.2818 34.2901 34.5449 34.5449 34.2901 33.2818 29.8291 22.4965 30.0697 33.5749 34.4713 34.472 33.5759 30.0589 22.6382 5.16393 3.24947 1.77833 1.28509 1.28469 1.77627 3.24474 5.16393 2.28465 1.20196 1.02 1.00161 1.00161 1.02 1.20196 
5.38722 1.92951 1.10766 1.00579 1.00579 1.10766 1.92951 5.38722 12.1218 4.99552 1.79835 1.10052 1.10105 1.80053 4.93973 12.1804 27.4739 31.3842 33.4062 33.9179 33.9016 33.388 31.3667 27.5382 29.8282 33.1497 34.0789 34.1823 34.1823 34.0789 33.1497 29.8282 22.783 30.052 33.4205 34.2824 34.2838 33.4227 30.0427 22.9205 6.21192 4.04467 2.16163 1.39517 1.39388 2.15656 4.03414 6.21192 3.04103 1.40637 1.04347 1.00323 1.00323 1.04347 1.40637 
6.5092 2.35515 1.19574 1.01443 1.01443 1.19574 2.35515 6.5092 13.4275 6.13764 2.25437 1.23035 1.23048 2.25407 6.12465 13.5982 27.1826 30.4938 32.207 32.6441 32.6595 32.2289 30.4833 27.2379 29.7114 32.86 33.7456 33.4763 33.4763 33.7456 32.86 29.7114 23.4185 29.9483 32.9668 33.7482 33.7508 32.9882 29.9641 23.5517 7.58163 4.97818 2.74278 1.65034 1.65138 2.74654 4.98799 7.58163 4.0665 1.74765 1.09562 1.0086 1.0086 1.09562 1.74765 
4.68839 1.68606 1.06624 1.0032 1.0032 1.06624 1.68606 4.68839 11.3251 4.55884 1.70956 1.08729 1.08729 1.70956 4.55027 11.4003 24.0937 26.6146 28.1741 28.6295 28.6253 28.1672 26.5978 24.2294 26.6295 28.6238 28.1229 27.8801 27.7349 27.9716 28.5093 26.6344 22.3355 28.1602 31.0842 32.0664 31.9508 30.9107 28.1123 22.3886 9.3057 5.35429 2.82194 1.78744 1.75918 2.7881 5.31454 9.15489 5.09698 2.13817 1.20038 1.0225 1.0225 1.20038 2.13817 
4.94224 1.74579 1.0735 1.00377 1.00377 1.0735 1.74579 4.94224 11.987 4.72802 1.72655 1.08433 1.08433 1.72655 4.71831 12.0668 26.0036 29.7281 31.6534 32.2229 32.2228 31.6504 29.7093 26.1251 26.0381 28.823 29.2842 29.7808 29.7822 29.2966 28.8542 26.1405 21.2513 27.8479 31.5371 33.0911 33.0124 31.3903 27.7755 21.2984 7.60641 3.76694 1.75505 1.15333 1.15493 1.74989 3.73161 7.4846 3.91851 1.70056 1.08892 1.00589 1.00589 1.08892 1.70056 
5.05829 1.77225 1.07661 1.00404 1.00404 1.07661 1.77225 5.05829 12.2821 4.83379 1.75074 1.08802 1.08802 1.75074 4.82394 12.3643 26.8263 31.0649 33.3287 33.9802 33.9781 33.324 31.046 26.9537 26.0334 29.3138 30.4345 31.2693 31.2705 30.447 29.3471 26.1398 20.5573 27.7169 31.7608 33.5199 33.444 31.618 27.6478 20.6158 6.56041 2.94305 1.37075 1.01111 1.01404 1.36606 2.90604 6.43628 3.13041 1.4298 1.04525 1.00213 1.00213 1.04525 1.4298 
5.05867 1.76391 1.07475 1.00376 1.00376 1.07475 1.76391 5.05867 12.3625 4.83747 1.7438 1.08645 1.08645 1.7438 4.82821 12.4438 26.9757 31.2955 33.7767 34.4312 34.4301 33.7748 31.2729 27.1122 26.4745 30.1549 31.6636 32.644 32.6456 31.6693 30.1736 26.5451 20.4015 28.0648 32.1271 33.8546 33.8134 32.0431 28.0183 20.4402 6.18852 2.70419 1.28965 1.00426 1.00625 1.2881 2.68265 6.08872 2.82847 1.31987 1.02922 1.00106 1.00106 1.02922 1.31987 
5.06982 1.76503 1.07463 1.00372 1.00376 1.07475 1.76391 5.05867 12.4438 4.82821 1.74046 1.08645 1.08529 1.74046 4.82821 12.4438 27.1122 31.2729 33.7767 34.4312 34.4312 33.7767 31.2955 26.9757 26.5451 30.1736 31.6693 32.6456 32.644 31.6636 30.1549 26.4745 20.4402 28.0183 32.0431 33.8134 33.8134 32.0431 28.0183 20.4402 6.18852 2.70419 1.28965 1.00426 1.00426 1.28965 2.70419 6.18852 2.82847 1.31987 1.02922 1.00106 1.00103 1.02886 1.31756 
5.0744 1.77371 1.0764 1.00397 1.00404 1.07661 1.77225 5.05829 12.3643 4.82394 1.74635 1.08802 1.0866 1.74635 4.82394 12.3643 26.9537 31.046 33.3287 33.9802 33.9802 33.3287 31.0649 26.8263 26.1398 29.3471 30.447 31.2705 31.2693 30.4345 29.3138 26.0334 20.6158 27.6478 31.618 33.444 33.444 31.618 27.6478 20.6158 6.56041 2.94305 1.37075 1.01111 1.01111 1.37075 2.94305 6.56041 3.13041 1.4298 1.04525 1.00213 1.00207 1.04461 1.42567 
4.95786 1.74719 1.0733 1.0037 1.00377 1.0735 1.74579 4.94224 12.0668 4.71831 1.72228 1.08433 1.08298 1.72228 4.71831 12.0668 26.1251 29.7093 31.6534 32.2229 32.2229 31.6534 29.7281 26.0036 26.1405 28.8542 29.2966 29.7822 29.7808 29.2842 28.823 26.0381 21.2984 27.7755 31.3903 33.0124 33.0124 31.3903 27.7755 21.2984 7.60641 3.76694 1.75505 1.15333 1.15333 1.75505 3.76694 7.60641 3.91851 1.70056 1.08892 1.00589 1.00584 1.08838 1.69645 
4.69222 1.68637 1.06609 1.00316 1.0032 1.06624 1.68606 4.68839 11.4003 4.55027 1.70365 1.08729 1.08532 1.70365 4.55027 11.4003 24.2294 26.5978 28.1741 28.6295 28.6295 28.1741 26.6146 24.0937 26.6344 28.5093 27.9716 27.7349 27.8801 28.1229 28.6238 26.6295 22.3886 28.1123 30.9107 31.9508 31.9508 30.9107 28.1123 22.3886 9.3057 5.35429 2.82194 1.78744 1.78744 2.82194 5.35429 9.3057 5.09698 2.13817 1.20038 1.0225 1.02335 1.20457 2.1505 
2.20763 1.14443 1.00908 1.00024 1.00024 1.00908 1.14443 2.20763 6.04312 2.16813 1.13778 1.00916 1.00916 1.13778 2.16813 6.04312 14.5703 12.2068 12.0375 12.0746 12.0746 12.0375 12.117 14.4326 21.1294 18.199 15.124 14.1584 14.1584 15.124 18.199 21.1294 22.4669 26.6068 28.4232 28.8986 28.6814 28.2084 26.3936 22.311 13.6 10.5647 8.31968 6.14016 6.31054 8.38527 10.5445 13.5196 8.34205 4.67223 2.19791 1.33935 1.3447 2.21577 4.69769 
1.62181 1.05735 1.00258 0.999847 0.999847 1.00258 1.05735 1.62181 4.39858 1.61323 1.05367 1.0017 1.0017 1.05367 1.61323 4.39858 12.4564 6.91149 5.12343 4.79436 4.79436 5.12343 6.91582 12.3876 22.4147 17.6421 12.7118 10.1357 10.1357 12.7118 17.6421 22.4147 24.7525 28.6844 30.2721 31.0533 31.0748 30.2926 28.6646 24.7875 16.8753 14.2739 12.2233 9.54436 9.83771 12.3281 14.233 16.751 10.9305 6.40634 2.88192 1.58942 1.59945 2.91328 6.44235 
1.45794 1.03758 1.00137 0.999925 0.999925 1.00137 1.03758 1.45794 3.75214 1.4731 1.03892 1.00103 1.00103 1.03892 1.4731 3.75214 11.5328 4.83154 2.38006 1.8562 1.8562 2.38006 4.84864 11.4697 22.8504 16.3847 10.0825 6.63998 6.63998 10.0825 16.3847 22.8504 26.9352 30.6263 32.1278 32.8747 32.8854 32.1419 30.604 26.9462 18.9836 15.7526 13.1018 10.0281 10.3339 13.2245 15.7091 18.8488 12.4822 7.29361 3.14838 1.66835 1.67949 3.18222 7.33514 
1.4338 1.03526 1.00129 0.999918 0.999918 1.00129 1.03526 1.4338 3.5916 1.45067 1.04151 1.00259 1.00259 1.04151 1.45067 3.5916 11.138 4.40126 1.85983 1.31763 1.31763 1.85983 4.41341 11.0752 22.917 14.2622 7.3395 4.26789 4.26789 7.3395 14.2622 22.917 28.5095 31.954 33.2437 33.821 33.827 33.2511 31.9427 28.5049 20.7477 16.5396 12.6927 9.07224 9.24866 12.8063 16.5127 20.6513 13.4865 7.02562 2.84062 1.51028 1.51676 2.8582 7.05953 
1.43544 1.03542 1.00131 0.999919 0.999918 1.00129 1.03526 1.4338 3.55565 1.45088 1.04152 1.00259 1.00259 1.04151 1.45067 3.5916 11.0752 4.41341 1.85983 1.31763 1.31804 1.85987 4.40126 11.138 22.9762 14.2293 7.33944 4.26784 4.26789 7.3395 14.2622 22.917 28.5049 31.9427 33.2511 33.827 33.821 33.2437 31.954 28.5095 20.6513 16.5127 12.8063 9.24866 9.07224 12.6927 16.5396 20.7477 13.4192 7.05953 2.8582 1.51676 1.51028 2.84062 7.02562 
1.46113 1.03791 1.00139 0.999927 0.999925 1.00137 1.03758 1.45794 3.70737 1.47341 1.03892 1.00103 1.00103 1.03892 1.4731 3.75214 11.4697 4.84864 2.38006 1.8562 1.85588 2.3787 4.83154 11.5328 22.9291 16.3376 10.0815 6.63949 6.63998 10.0825 16.3847 22.8504 26.9462 30.604 32.1419 32.8854 32.8747 32.1278 30.6263 26.9352 18.8488 15.7091 13.2245 10.3339 10.0281 13.1018 15.7526 18.9836 12.3979 7.33514 3.18222 1.67949 1.66835 3.14838 7.29361 
1.62431 1.05767 1.00261 0.99985 0.999847 1.00258 1.05735 1.62181 4.34833 1.61362 1.05365 1.0017 1.0017 1.05367 1.61323 4.39858 12.3876 6.91582 5.12343 4.79436 4.79296 5.12391 6.91149 12.4564 22.4768 17.6015 12.7118 10.136 10.1357 12.7118 17.6421 22.4147 24.7875 28.6646 30.2926 31.0748 31.0533 30.2721 28.6844 24.7525 16.751 14.233 12.3281 9.83771 9.54436 12.2233 14.2739 16.8753 10.8563 6.44235 2.91328 1.59945 1.58942 2.88192 6.40634 
2.19928 1.14352 1.00905 1.00024 1.00024 1.00908 1.14443 2.20763 5.98972 2.16914 1.13768 1.00915 1.00916 1.13778 2.16813 6.04312 14.4326 12.117 12.0375 12.0746 12.1736 12.1346 12.2068 14.5703 21.0403 17.9986 15.1192 14.1555 14.1584 15.124 18.199 21.1294 22.311 26.3936 28.2084 28.6814 28.8986 28.4232 26.6068 22.4669 13.5196 10.5445 8.38527 6.31054 6.14016 8.31968 10.5647 13.6 8.29246 4.69769 2.21577 1.3447 1.33935 2.19791 4.67223 
1.0874 1.0057 1.00018 0.999962 0.999962 1.00018 1.00563 1.08473 1.97861 1.1427 1.01249 1.00092 1.00091 1.01255 1.14111 1.95414 6.0172 4.9795 4.55239 4.46206 4.46206 4.55239 4.9795 6.0172 8.8528 5.89466 4.46468 4.07421 4.03562 4.42818 5.84322 8.77346 12.6802 15.8957 16.5346 16.3107 16.3107 16.5346 15.8957 12.6802 5.13789 4.11275 2.84326 1.74643 1.74643 2.84326 4.11275 5.13789 2.91033 1.60829 1.13384 1.01913 1.01942 1.13556 1.61649 
1.01075 1.00045 0.999845 0.999881 0.99988 0.999847 1.00046 1.01059 1.15707 1.01717 1.00125 0.999899 0.999894 1.00123 1.01728 1.15513 2.17288 1.77772 1.66913 1.64118 1.64118 1.66913 1.77772 2.17288 4.34169 2.79344 1.82886 1.6441 1.64211 1.82624 2.79356 4.33351 6.27077 8.03117 7.99545 7.42449 7.42449 7.99545 8.03117 6.27077 2.41458 1.97499 1.46739 1.12029 1.12029 1.46739 1.97499 2.41458 1.70035 1.1933 1.03108 1.00296 1.00291 1.03073 1.19186 
1.00063 0.999957 0.999984 0.999998 0.999998 0.999984 0.999957 1.00061 1.01389 1.0008 0.999908 0.999968 0.999968 0.999905 1.00081 1.0137 1.18374 1.08301 1.0658 1.06092 1.06092 1.0658 1.08301 1.18374 2.03619 1.44487 1.11864 1.07643 1.07645 1.11871 1.44523 2.03333 2.7144 3.42855 3.22408 2.83214 2.83214 3.22408 3.42855 2.7144 1.26514 1.16474 1.05617 1.00895 1.00895 1.05617 1.16474 1.26514 1.12764 1.02715 1.00285 1.00008 1.00008 1.00283 1.02699 
1.00003 0.999986 1 1 1 1 0.999986 1.00003 1.0007 0.999798 0.999969 1 1 0.999969 0.9998 1.00069 1.02354 1.00512 1.00313 1.0028 1.0028 1.00313 1.00512 1.02354 1.28481 1.0892 1.0145 1.00732 1.00732 1.0145 1.08927 1.28437 1.49298 1.75582 1.64179 1.44627 1.44627 1.64179 1.75582 1.49298 1.03227 1.0198 1.00404 1.00016 1.00016 1.00404 1.0198 1.03227 1.01543 1.00224 1.00005 0.999931 0.999931 1.00004 1.00223 
1.00003 0.999986 1 1 1 1 0.999986 1.00003 1.0007 0.999798 0.999969 1 1 0.999969 0.999798 1.0007 1.02348 1.00515 1.00318 1.00284 1.0028 1.00313 1.00512 1.02354 1.28437 1.08927 1.0145 1.00732 1.00732 1.0145 1.0892 1.28481 1.50228 1.77223 1.61686 1.43401 1.44627 1.64179 1.75582 1.49298 1.03227 1.0198 1.00404 1.00016 1.00018 1.00416 1.02017 1.03048 1.01543 1.00224 1.00005 0.999931 0.999931 1.00005 1.00224 
1.00061 0.999957 0.999984 0.999998 0.999998 0.999984 0.999957 1.00061 1.01389 1.0008 0.999908 0.999968 0.999968 0.999908 1.0008 1.01389 1.18333 1.08318 1.0663 1.0613 1.06092 1.0658 1.08301 1.18374 2.03333 1.44523 1.11871 1.07645 1.07643 1.11864 1.44487 2.03619 2.73755 3.46889 3.15223 2.79484 2.83214 3.22408 3.42855 2.7144 1.26514 1.16474 1.05617 1.00895 1.00919 1.05724 1.16514 1.25412 1.12764 1.02715 1.00285 1.00008 1.00008 1.00285 1.02715 
1.01059 1.00046 0.999847 0.99988 0.99988 0.999847 1.00046 1.01059 1.15707 1.01717 1.00125 0.999899 0.999899 1.00125 1.01717 1.15707 2.16778 1.77797 1.6719 1.64327 1.64118 1.66913 1.77772 2.17288 4.33351 2.79356 1.82624 1.64211 1.6441 1.82886 2.79344 4.34169 6.3038 8.08856 7.83048 7.32576 7.42449 7.99545 8.03117 6.27077 2.41458 1.97499 1.46739 1.12029 1.12267 1.47373 1.96608 2.36748 1.70035 1.1933 1.03108 1.00296 1.00296 1.03108 1.1933 
1.08473 1.00563 1.00018 0.999962 0.999962 1.00018 1.00563 1.08473 1.97861 1.1427 1.01249 1.00092 1.00092 1.01249 1.1427 1.97861 5.90343 4.90448 4.52542 4.43535 4.46206 4.55239 4.9795 6.0172 8.77346 5.84322 4.42818 4.03562 4.07421 4.46468 5.89466 8.8528 12.7356 15.9864 16.5687 16.3625 16.3107 16.5346 15.8957 12.6802 5.13789 4.11275 2.84326 1.74643 1.74254 2.82863 3.98552 4.87143 2.91033 1.60829 1.13384 1.01913 1.01913 1.13384 1.60829 
1.00927 1.0006 1.00006 1.0001 1.0001 1.00006 1.0006 1.00927 1.13425 1.02035 1.00207 1.00022 1.00022 1.00207 1.02035 1.13425 1.93949 1.70659 1.60574 1.60966 1.60966 1.60574 1.70659 1.93949 3.47847 2.11134 1.73676 1.5305 1.5305 1.73676 2.11134 3.47847 5.92688 7.46708 7.63877 7.3882 7.44173 7.73193 7.56901 6.00034 2.37837 1.88871 1.53248 1.1638 1.1638 1.53248 1.88871 2.37837 1.48408 1.0852 1.01233 1.00154 1.00154 1.01233 1.0852 
1.0005 0.999996 0.999992 1 1 0.999992 0.999996 1.0005 1.01106 1.00132 0.99999 0.99996 0.99996 0.99999 1.00132 1.01106 1.15019 1.11013 1.09591 1.09171 1.09171 1.09591 1.11013 1.15019 1.58331 1.20318 1.11052 1.06523 1.06523 1.11052 1.20318 1.58331 2.14147 2.55608 2.5998 2.48281 2.49535 2.62342 2.58326 2.15962 1.275 1.16026 1.07315 1.01514 1.01514 1.07315 1.16026 1.275 1.08671 1.01156 1.00118 0.999983 0.999983 1.00118 1.01156 
1.00003 0.999991 1 1 1 1 0.999991 1.00003 1.00044 0.999865 0.999962 0.999994 0.999994 0.999962 0.999865 1.00044 1.01642 1.01165 1.01013 1.00912 1.00912 1.01013 1.01165 1.01642 1.08039 1.01862 1.0097 1.00441 1.00441 1.0097 1.01862 1.08039 1.16859 1.24743 1.25219 1.20995 1.21239 1.25733 1.2535 1.17241 1.03629 1.01901 1.00564 1.00074 1.00074 1.00564 1.01901 1.03629 1.00915 1.00093 0.99996 0.999963 0.999963 0.99996 1.00093 
1.0001 1 1 1 1 1 1 1.0001 0.999965 0.999871 0.999995 1 1 0.999995 0.999871 0.999965 1.00123 1.00075 1.00074 1.0006 1.0006 1.00074 1.00075 1.00123 1.00613 1.00091 1.00044 1.00016 1.00016 1.00044 1.00091 1.00613 1.01256 1.02095 1.02141 1.01478 1.01508 1.0222 1.02186 1.01308 1.00258 1.00116 1.00017 0.999925 0.999925 1.00017 1.00116 1.00258 1.00068 0.999958 0.999968 0.999997 0.999997 0.999968 0.999958 
0 0 0 0 1 1 1 1.0001 0.999965 0.999871 0.999995 1 1 0.999995 0.99987 0.999967 1.00123 1.00075 1.00074 1.0006 1.00059 1.00073 1.00073 1.00121 1.00598 1.00089 1.00043 1.00015 1.00016 1.00044 1.00091 1.00613 1.01308 1.02186 1.0222 1.01508 1.01478 1.02141 1.02095 1.01256 1.00253 1.00113 1.00016 0.999923 0.999925 1.00017 1.00116 1.00258 1.00068 0.999958 0.999968 0.999997 0 0 0 
0 0 0 0 1 1 0.999991 1.00003 1.00044 0.999865 0.999962 0.999994 0.999994 0.999962 0.999863 1.00046 1.01642 1.01165 1.01013 1.00912 1.00899 1.00998 1.01147 1.01619 1.07902 1.01838 1.00952 1.00432 1.00441 1.0097 1.01862 1.08039 1.17241 1.2535 1.25733 1.21239 1.20995 1.25219 1.24743 1.16859 1.03592 1.01873 1.00556 1.00073 1.00074 1.00564 1.01901 1.03629 1.00915 1.00093 0.99996 0.999963 0 0 0 
0 0 0 0 1 0.999992 0.999996 1.0005 1.01106 1.00132 0.99999 0.99996 0.999959 0.999989 1.00131 1.0113 1.15019 1.11013 1.09591 1.09171 1.09083 1.09492 1.10891 1.14892 1.57647 1.20195 1.10919 1.0644 1.06523 1.11052 1.20318 1.58331 2.15962 2.58326 2.62342 2.49535 2.48281 2.5998 2.55608 2.14147 1.2739 1.15888 1.07268 1.01504 1.01514 1.07315 1.16026 1.275 1.08671 1.01156 1.00118 0.999983 0 0 0 
