0 0 0 0 1.00032 1.0057 1.05893 1.39662 2.25269 1.5061 1.09233 1.01273 1.01271 1.09213 1.50489 2.25229 2.80984 2.95757 2.32384 1.7493 1.747 2.31923 2.95627 2.80815 1.5056 1.17007 1.11767 1.2315 1.23327 1.12422 1.17589 1.5049 1.34706 1.96336 3.18491 4.04648 4.0455 3.18419 1.96189 1.34085 1.09316 1.08311 1.02406 1.00231 1.0024 1.0249 1.08506 1.09456 1.04172 1.00432 1.00028 1.00006 0 0 0 
0 0 0 0 0.999946 1.00068 1.0084 1.06473 1.19021 1.06322 1.00935 1.00085 1.00085 1.00929 1.06286 1.18944 1.27743 1.28546 1.16309 1.06986 1.06953 1.16234 1.28538 1.2776 1.08223 1.01917 1.01061 1.02873 1.0286 1.01094 1.0194 1.08153 1.04304 1.19493 1.61422 1.89476 1.90149 1.62035 1.1973 1.04342 1.00747 1.00901 1.00219 1.00012 1.00013 1.00228 1.00928 1.00765 1.00342 1.00026 0.999975 0.999991 0 0 0 
0 0 0 0 0.999975 0.999942 1.00076 1.00636 1.01678 1.0043 1.00044 0.999876 0.999875 1.00043 1.00425 1.01662 1.02194 1.02071 1.00978 1.003 1.00297 1.00969 1.02068 1.02199 1.00813 1.00313 1.0021 1.00331 1.00328 1.00211 1.00312 1.00803 1.00471 1.03061 1.12144 1.17888 1.18077 1.1231 1.03108 1.00478 1.0004 1.00047 1.00012 0.999976 0.999975 1.00013 1.00049 1.00042 1.00028 0.99996 0.999996 1 0 0 0 
0 0 0 0 0.999999 0.999976 0.999952 1.00051 1.00063 0.999916 0.999925 0.999981 0.999981 0.999924 0.99991 1.00062 1.00073 1.00041 1.00011 0.99997 0.999967 1.00011 1.00041 1.00074 1.00072 1.00019 1.0003 1.00026 1.00025 1.00029 1.00018 1.0007 1.00035 1.00294 1.01491 1.02313 1.02347 1.01517 1.003 1.00036 0.99999 0.99987 0.999972 0.999997 0.999996 0.999971 0.99987 0.99999 1.00006 0.99999 1 1 0 0 0 
1.00051 0.999952 0.999976 0.999999 0.999999 0.999976 0.999952 1.00051 1.00062 0.99991 0.999924 0.999981 0.999981 0.999924 0.99991 1.00062 1.00073 1.00041 1.00011 0.99997 0.99997 1.00011 1.00041 1.00073 1.00072 1.00019 1.0003 1.00026 1.00026 1.0003 1.00019 1.00072 1.00036 1.003 1.01517 1.02347 1.02347 1.01517 1.003 1.00036 0.99999 0.99987 0.999971 0.999996 0.999997 0.999972 0.99987 0.99999 1.00006 0.99999 1 1 1 1 0.99999 
1.00636 1.00076 0.999942 0.999975 0.999975 0.999942 1.00076 1.00636 1.01662 1.00425 1.00043 0.999875 0.999875 1.00043 1.00425 1.01662 1.02194 1.02071 1.00978 1.003 1.003 1.00978 1.02071 1.02194 1.00813 1.00313 1.0021 1.00331 1.00331 1.0021 1.00313 1.00813 1.00478 1.03108 1.1231 1.18077 1.18077 1.1231 1.03108 1.00478 1.00042 1.00049 1.00013 0.999975 0.999976 1.00012 1.00047 1.0004 1.00028 0.99996 0.999996 1 1 0.999996 0.99996 
1.06473 1.0084 1.00068 0.999946 0.999946 1.00068 1.0084 1.06473 1.18944 1.06286 1.00929 1.00085 1.00085 1.00929 1.06286 1.18944 1.27743 1.28546 1.16309 1.06986 1.06986 1.16309 1.28546 1.27743 1.08223 1.01917 1.01061 1.02873 1.02873 1.01061 1.01917 1.08223 1.04342 1.1973 1.62035 1.90149 1.90149 1.62035 1.1973 1.04342 1.00765 1.00928 1.00228 1.00013 1.00012 1.00219 1.00901 1.00747 1.00342 1.00026 0.999975 0.999991 0.999991 0.999975 1.00026 
1.39662 1.05893 1.0057 1.00032 1.00032 1.0057 1.05893 1.39662 2.25229 1.50489 1.09213 1.01271 1.01271 1.09213 1.50489 2.25229 2.80984 2.95757 2.32384 1.7493 1.7493 2.32384 2.95757 2.80984 1.5056 1.17007 1.11767 1.2315 1.2315 1.11767 1.17007 1.5056 1.34085 1.96189 3.18419 4.0455 4.0455 3.18419 1.96189 1.34085 1.09456 1.08506 1.0249 1.0024 1.00231 1.02406 1.08311 1.09316 1.04172 1.00432 1.00028 1.00006 1.00006 1.00028 1.00432 
2.86501 1.40958 1.05296 1.00385 1.00385 1.05296 1.40958 2.86501 5.26649 3.0427 1.44373 1.06967 1.07092 1.45028 3.0427 5.26649 6.74882 7.47373 6.14655 4.67324 4.67324 6.14655 7.47373 6.74882 3.49563 2.91843 2.7028 2.91183 2.86521 2.63225 2.85104 3.43676 4.37686 5.81417 6.76824 7.71076 7.71076 6.76824 5.84422 4.42738 1.63223 1.37217 1.10669 1.02041 1.01617 1.10571 1.36891 1.67396 1.20242 1.01604 0.999771 0.999848 0.999848 0.999771 1.01604 
1.51864 1.09195 1.00948 1.00038 1.00038 1.00948 1.09195 1.51864 2.22968 1.47608 1.07452 1.00793 1.00791 1.07466 1.47608 2.22968 2.73784 2.89595 2.32186 1.7559 1.7559 2.32186 2.89595 2.73784 1.45992 1.28259 1.23062 1.32987 1.32827 1.22549 1.27806 1.45532 1.66176 2.18823 2.63387 3.11215 3.11215 2.63387 2.18858 1.66453 1.06388 1.02453 1.00097 0.999946 0.999875 1.00234 1.0282 1.06775 1.00992 0.999056 0.9997 0.999899 0.999899 0.9997 0.999056 
1.07471 1.01056 1.00081 0.999914 0.999914 1.00081 1.01056 1.07471 1.18549 1.05503 1.00579 1.00011 1.0001 1.00581 1.05503 1.18549 1.27259 1.28504 1.17319 1.07475 1.07475 1.17319 1.28504 1.27259 1.04497 1.01912 1.01298 1.03093 1.03085 1.01232 1.01859 1.04455 1.06862 1.16984 1.28482 1.41095 1.41095 1.28482 1.17001 1.06885 1.00134 0.997494 0.998882 0.999964 0.999968 0.99901 0.997854 1.00156 0.999735 0.99995 1.00002 1 1 1.00002 0.99995 
1.00713 1.00074 0.999899 0.999973 0.999973 0.999899 1.00074 1.00713 1.01581 1.00322 0.999972 0.999886 0.999885 0.999972 1.00322 1.01581 1.02476 1.02293 1.01249 1.00378 1.00378 1.01249 1.02293 1.02476 1.00471 1.00275 1.00207 1.00372 1.00375 1.00204 1.00274 1.00472 1.00348 1.01251 1.03008 1.0493 1.0493 1.03008 1.01249 1.00348 0.999919 0.999447 0.999942 1.00002 1.00002 0.999954 0.999488 0.999934 1.00016 1.00003 1 1 1 1 1.00003 
1.00713 1.00074 0.999898 0.999973 0.999973 0.999899 1.00074 1.00713 1.01598 1.00323 0.999972 0.999885 0.999886 0.999972 1.00322 1.01581 1.02476 1.02293 1.01249 1.00378 1.00361 1.01206 1.02284 1.02498 1.00472 1.00274 1.00204 1.00375 1.00375 1.00204 1.00274 1.00472 1.00348 1.01249 1.02974 1.04848 1.04848 1.03008 1.01251 1.00348 0.999923 0.999467 0.999948 1.00002 1.00002 0.999949 0.999467 0.999935 1.00016 1.00003 1 1 1 1 1.00003 
1.07467 1.01052 1.0008 0.999913 0.999914 1.00081 1.01056 1.07471 1.18682 1.05537 1.00581 1.0001 1.00011 1.00579 1.05503 1.18549 1.27259 1.28504 1.17319 1.07475 1.0736 1.1708 1.2838 1.27284 1.04455 1.01859 1.01232 1.03085 1.03085 1.01232 1.01859 1.04455 1.06885 1.17001 1.28274 1.40544 1.40537 1.28482 1.16984 1.06862 1.00146 0.99767 0.998946 0.999968 0.999973 0.998952 0.997685 1.00156 0.999735 0.99995 1.00002 1 1 1.00002 0.999951 
1.51809 1.09159 1.00942 1.00037 1.00038 1.00948 1.09195 1.51864 2.2313 1.47807 1.07466 1.00791 1.00793 1.07452 1.47608 2.22968 2.73784 2.89595 2.32186 1.7559 1.74956 2.30634 2.8788 2.72624 1.45532 1.27806 1.22549 1.32827 1.32827 1.22549 1.27806 1.45532 1.66453 2.18858 2.61976 3.07655 3.07649 2.63387 2.18823 1.66176 1.06661 1.02663 1.00165 0.999875 1.00003 1.00171 1.02636 1.06699 1.00992 0.999056 0.9997 0.999899 0.999899 0.999702 0.999061 
2.88417 1.41467 1.05362 1.00391 1.00385 1.05296 1.40958 2.86501 5.45274 3.14603 1.45028 1.07092 1.06967 1.44373 3.0427 5.26649 6.74882 7.47373 6.14655 4.67324 4.84452 6.35203 7.68502 6.90474 3.43676 2.85104 2.63225 2.86521 2.86521 2.63225 2.85104 3.43676 4.42738 5.84422 6.81715 7.69589 7.69588 6.76824 5.81417 4.37686 1.67647 1.3724 1.10612 1.01617 1.02209 1.11486 1.39202 1.67145 1.20242 1.01604 0.999771 0.999848 0.999849 0.999755 1.01635 
7.96751 3.24553 1.45667 1.05885 1.05847 1.45596 3.24826 8.01912 13.2819 8.1278 3.36354 1.664 1.664 3.36354 8.1278 13.2819 15.941 17.7225 15.9181 13.7335 13.7335 15.9181 17.7225 15.941 9.57116 9.25394 8.79899 8.9631 8.9658 8.97169 9.25683 9.66695 9.86783 11.8285 13.0443 14.0052 14.0051 13.0443 11.8284 9.86759 4.87488 3.72052 2.19506 1.45473 1.43831 2.19582 3.72048 4.9247 3.64035 1.85662 1.11556 1.00965 1.00965 1.11556 1.85662 
9.04336 3.69306 1.57004 1.0779 1.0772 1.56728 3.68397 9.06631 14.2967 9.31625 3.83802 1.80298 1.80298 3.83802 9.31625 14.2967 14.4506 15.6834 11.8087 7.9858 7.9858 11.8087 15.6834 14.4506 7.97904 6.96303 6.5759 5.7954 5.79479 6.56579 6.9615 7.90407 9.45473 12.0018 13.9813 15.2732 15.2732 13.9818 12.0015 9.45656 3.72265 2.70819 1.58437 1.12656 1.12741 1.57783 2.6931 3.78073 2.25116 1.36379 1.03583 1.0017 1.0017 1.03582 1.36379 
7.38431 2.94265 1.37942 1.04666 1.04621 1.37752 2.93674 7.3984 12.2382 7.79371 3.1251 1.52879 1.52879 3.1251 7.79371 12.2382 11.5891 12.2466 8.16419 4.4632 4.4632 8.16419 12.2466 11.5891 4.98871 4.34102 4.12717 3.16654 3.1667 4.11662 4.34101 4.94042 7.05437 9.90491 11.8695 13.3137 13.314 11.8696 9.90415 7.05568 2.38475 1.73168 1.19392 1.02532 1.02583 1.19157 1.72657 2.43234 1.42986 1.07564 1.00516 1.00005 1.00005 1.00516 1.07564 
5.44596 2.15006 1.18185 1.0156 1.01546 1.18104 2.14747 5.45138 9.83762 5.98269 2.28407 1.24313 1.24313 2.28407 5.98269 9.83762 9.46187 9.62181 5.9309 2.76274 2.76274 5.9309 9.62181 9.46187 2.94352 2.48856 2.42031 1.86867 1.86866 2.41647 2.48836 2.92471 4.54285 7.44551 9.9048 11.9053 11.9051 9.90447 7.44526 4.54318 1.5049 1.19048 1.03149 1.00222 1.00226 1.03105 1.18872 1.51999 1.09405 1.00947 1.00034 0.999947 0.999947 1.00034 1.00947 
5.45138 2.14747 1.18104 1.01546 1.01546 1.18104 2.14747 5.45138 9.80224 5.95891 2.27767 1.24085 1.24313 2.28407 5.98269 9.83762 9.46187 9.62181 5.9309 2.76274 2.76022 5.92464 9.62156 9.46148 2.92471 2.48836 2.41647 1.86866 1.86867 2.42031 2.48856 2.92471 4.48057 7.43715 9.94887 11.9829 11.9053 9.9048 7.44551 4.54285 1.50496 1.18872 1.03105 1.00226 1.00214 1.03149 1.19048 1.5049 1.09405 1.00947 1.00034 0.999947 0.999947 1.00034 1.00948 
7.3984 2.93674 1.37752 1.04621 1.04621 1.37752 2.93674 7.3984 12.2439 7.79527 3.11128 1.52311 1.52879 3.1251 7.79371 12.2382 11.5891 12.2466 8.16419 4.4632 4.46021 8.15962 12.2463 11.589 4.94042 4.34101 4.11662 3.1667 3.16654 4.12717 4.34102 4.94042 6.95165 9.90845 11.9564 13.4819 13.3137 11.8695 9.90491 7.05437 2.38499 1.72657 1.19157 1.02583 1.0246 1.19392 1.73168 2.38475 1.42986 1.07564 1.00516 1.00005 1.00005 1.00516 1.07566 
9.06631 3.68397 1.56728 1.0772 1.0772 1.56728 3.68397 9.06631 14.2951 9.30973 3.81791 1.79396 1.80298 3.83802 9.31625 14.2967 14.4506 15.6834 11.8087 7.9858 7.97718 11.7994 15.6833 14.4508 7.90407 6.9615 6.56579 5.79479 5.7954 6.5759 6.96303 7.90407 9.3322 12.022 14.0793 15.4884 15.2732 13.9813 12.0018 9.45473 3.72271 2.6931 1.57783 1.12741 1.12431 1.58437 2.70819 3.72265 2.25116 1.36379 1.03582 1.0017 1.0017 1.03583 1.36357 
8.01912 3.24826 1.45596 1.05847 1.05847 1.45596 3.24826 8.01912 13.2847 8.13972 3.35936 1.65929 1.664 3.36354 8.1278 13.2819 15.941 17.7225 15.9181 13.7335 13.7319 15.9142 17.7198 15.9391 9.66695 9.25683 8.97169 8.9658 8.9631 8.79899 9.25394 9.66695 9.92911 12.0063 13.2843 14.3643 14.0052 13.0443 11.8285 9.86783 4.96078 3.72048 2.19582 1.43831 1.46017 2.19506 3.72052 4.87488 3.64035 1.85662 1.11556 1.00965 1.00965 1.11556 1.85646 
11.0389 4.27755 1.6929 1.08474 1.08474 1.6929 4.27755 11.0389 19.0975 10.7479 4.40142 2.11798 2.12757 4.42288 10.7805 19.1843 26.1325 28.4697 28.7575 28.5248 28.3339 28.5874 28.4021 26.0846 21.7674 22.4027 22.4914 22.3386 22.3386 22.4914 22.4027 21.7674 22.0828 25.1942 26.9358 27.9592 28.0606 27.0286 24.4272 22.4632 16.0011 13.5648 9.12308 5.31609 5.21082 9.00199 13.6062 16.0631 10.9569 4.34717 1.68676 1.08192 1.08164 1.685 4.34705 
11.8032 4.48859 1.73275 1.09314 1.09314 1.73275 4.48859 11.8032 20.7127 11.2837 4.57794 2.17659 2.1851 4.59232 11.2848 20.7471 29.1418 31.6787 32.2175 32.2834 32.2776 32.2077 31.693 29.1668 25.5737 25.2461 25.6647 26.3353 26.3353 25.6647 25.2461 25.5737 26.9338 30.5764 32.1211 32.6214 32.599 32.0825 30.6211 26.8767 18.7524 16.1097 10.8191 6.34288 6.25239 10.7588 16.0863 18.7375 12.5845 4.86013 1.81189 1.09944 1.09941 1.81238 4.85975 
12.2183 4.59797 1.752 1.09615 1.09615 1.752 4.59797 12.2183 21.6944 11.6067 4.64805 2.18246 2.19085 4.66255 11.6079 21.741 30.8474 33.2882 34.0201 34.2027 34.1894 34.004 33.2967 30.8661 28.0702 27.4084 27.9897 29.0128 29.0128 27.9897 27.4084 28.0702 29.4467 32.8377 34.0923 34.4025 34.4016 34.0882 32.8838 29.4259 20.5204 17.6741 11.7945 6.88242 6.78304 11.7333 17.6556 20.508 13.8128 5.31203 1.92006 1.11464 1.11465 1.9208 5.31155 
12.3235 4.59989 1.74653 1.0935 1.0935 1.74653 4.59989 12.3235 22.0912 11.6539 4.59167 2.1098 2.11564 4.60151 11.6497 22.1447 31.5126 33.7406 34.516 34.6927 34.6868 34.51 33.7451 31.5242 30.0743 29.6061 30.1553 31.21 31.21 30.1553 29.6061 30.0743 30.2558 33.331 34.5128 34.7746 34.7755 34.5135 33.3425 30.2492 21.3829 18.3949 11.9918 6.82483 6.76237 11.953 18.3827 21.3741 14.4828 5.51928 1.96349 1.12028 1.12034 1.96427 5.51877 
12.2941 4.60073 1.74756 1.09391 1.0935 1.74653 4.59989 12.3235 22.1447 11.6497 4.60151 2.11564 2.11564 4.60151 11.6497 22.1447 31.5126 33.7406 34.516 34.6927 34.6927 34.516 33.7406 31.5126 30.079 29.6066 30.1466 31.2193 31.21 30.1553 29.6061 30.0743 30.2492 33.3018 34.5141 34.775 34.775 34.5141 33.3018 30.2492 21.3741 18.3827 11.9832 6.82379 6.82483 11.9918 18.3933 21.4585 14.4846 5.51877 1.96427 1.12034 1.12028 1.96349 5.51928 
12.1766 4.59742 1.75317 1.09672 1.09615 1.752 4.59797 12.2183 21.741 11.6079 4.66255 2.19085 2.19085 4.66255 11.6079 21.741 30.8474 33.2882 34.0201 34.2027 34.2027 34.0201 33.2882 30.8474 28.0766 27.4091 27.9774 29.0264 29.0128 27.9897 27.4084 28.0702 29.4259 32.7956 34.0896 34.4004 34.4004 34.0896 32.7956 29.4259 20.508 17.6556 11.7836 6.88104 6.88242 11.7945 17.6765 20.6003 13.8145 5.31155 1.9208 1.11465 1.11464 1.92006 5.31203 
11.7581 4.48706 1.73373 1.09369 1.09314 1.73275 4.48859 11.8032 20.7471 11.2848 4.59232 2.1851 2.1851 4.59232 11.2848 20.7471 29.1418 31.6787 32.2175 32.2834 32.2834 32.2175 31.6787 29.1418 25.5771 25.2453 25.6559 26.3452 26.3353 25.6647 25.2461 25.5737 26.8767 30.496 32.0848 32.5921 32.5921 32.0848 30.496 26.8767 18.7375 16.0863 10.7995 6.3364 6.34288 10.8191 16.1149 18.8239 12.5862 4.85975 1.81238 1.09941 1.09944 1.81189 4.86013 
11.0059 4.27568 1.69353 1.08514 1.08474 1.6929 4.27755 11.0389 19.1843 10.7805 4.42288 2.12757 2.12757 4.42288 10.7805 19.1843 26.1325 28.4697 28.7575 28.5248 28.5248 28.7575 28.4697 26.1325 21.9426 22.6048 22.699 22.5198 22.3386 22.4914 22.4027 21.7674 22.4632 25.6079 27.1433 28.1715 28.1715 27.1433 25.6079 22.4632 16.0631 13.6062 9.14257 5.32391 5.31609 9.12308 13.5727 16.0766 10.9563 4.34705 1.685 1.08164 1.08192 1.68676 4.34717 
10.8664 4.14049 1.68558 1.08774 1.08837 1.68941 4.15632 10.9196 19.7524 10.9228 4.33169 2.21068 2.21068 4.33169 10.9228 19.7524 28.968 31.5119 32.6714 32.7868 32.7868 32.6714 31.5119 28.968 30.9693 33.0453 33.4522 33.1065 33.1065 33.4522 33.0453 30.9693 26.3054 30.7184 32.4792 33.1508 33.2632 32.596 30.8011 26.2462 17.7006 14.2114 9.07941 5.22127 5.21492 9.05284 14.1679 17.658 11.6742 4.51271 1.74792 1.10079 1.10079 1.74792 4.51271 
11.927 4.59879 1.81707 1.113 1.1142 1.82434 4.62955 12.0233 20.9036 11.8481 4.76775 2.44879 2.44879 4.76775 11.8481 20.9036 30.3992 32.9132 34.017 34.2028 34.2028 34.017 32.9132 30.3992 32.1121 33.7675 34.1544 34.1404 34.1404 34.1544 33.7675 32.1121 28.5686 32.1257 33.7245 34.2032 34.1928 33.7148 32.0813 28.4671 20.6783 17.0857 10.9562 6.36828 6.37201 10.9568 16.9395 20.7298 13.3488 5.02318 1.88529 1.12771 1.12771 1.88529 5.02318 
12.4176 4.79976 1.86297 1.11891 1.12008 1.86989 4.82887 12.5079 21.4298 12.1854 4.88603 2.48387 2.48387 4.88603 12.1854 21.4298 31.0045 33.4285 34.5479 34.7747 34.7747 34.5479 33.4285 31.0045 32.7661 34.0714 34.439 34.5472 34.5472 34.439 34.0714 32.7661 29.854 33.0333 34.3165 34.6756 34.6706 34.3101 33.0123 29.7745 22.1787 18.297 11.6431 6.76104 6.76281 11.6398 18.1431 22.2216 14.4304 5.4601 1.99404 1.14525 1.14525 1.99404 5.4601 
12.3423 4.70579 1.80836 1.10354 1.10416 1.81222 4.72251 12.3992 21.6287 11.8883 4.72914 2.30375 2.30375 4.72914 11.8883 21.6287 31.3755 33.6313 34.6695 34.8812 34.8812 34.6695 33.6313 31.3755 33.0802 34.2578 34.609 34.7477 34.7477 34.609 34.2578 33.0802 30.3059 33.3787 34.5295 34.8269 34.8252 34.5297 33.3754 30.2404 22.7368 18.7071 11.6569 6.64927 6.64989 11.6534 18.6084 22.782 15.0736 5.69558 2.0296 1.14281 1.14281 2.0296 5.69558 
12.3992 4.72251 1.81222 1.10416 1.10416 1.81222 4.72251 12.3992 21.6451 11.8302 4.68223 2.28473 2.30375 4.72914 11.8883 21.6287 31.3755 33.6313 34.6695 34.8812 34.8825 34.6755 33.6523 31.4217 33.0856 34.2579 34.6084 34.7473 34.7477 34.609 34.2578 33.0802 30.2404 33.3754 34.5297 34.8252 34.8269 34.5295 33.3787 30.3059 22.8291 18.7783 11.6534 6.64989 6.50842 11.5975 18.7783 22.8291 15.0736 5.69558 2.0296 1.14281 1.14219 2.02784 5.69443 
12.5079 4.82887 1.86989 1.12008 1.12008 1.86989 4.82887 12.5079 21.4546 12.1001 4.8036 2.44987 2.48387 4.88603 12.1854 21.4298 31.0045 33.4285 34.5479 34.7747 34.7771 34.5597 33.4623 31.076 32.78 34.0722 34.438 34.5465 34.5472 34.439 34.0714 32.7661 29.7745 33.0123 34.3101 34.6706 34.6756 34.3165 33.0333 29.854 22.3426 18.4085 11.6398 6.76281 6.53471 11.5535 18.4085 22.3426 14.4304 5.4601 1.99404 1.14525 1.14424 1.99119 5.45907 
12.0233 4.62955 1.82434 1.1142 1.1142 1.82434 4.62955 12.0233 20.9275 11.7633 4.68453 2.41473 2.44879 4.76775 11.8481 20.9036 30.3992 32.9132 34.017 34.2028 34.1998 34.0316 32.9491 30.4739 32.1256 33.7675 34.1533 34.1386 34.1404 34.1544 33.7675 32.1121 28.4671 32.0813 33.7148 34.1928 34.2032 33.7245 32.1257 28.5686 20.8654 17.1939 10.9568 6.37201 6.15928 10.8723 17.1939 20.8654 13.3488 5.02318 1.88529 1.12771 1.12678 1.88258 5.0223 
10.9196 4.15632 1.68941 1.08837 1.08837 1.68941 4.15632 10.9196 19.7331 10.8317 4.25823 2.18184 2.21068 4.33169 10.9228 19.7524 28.968 31.5119 32.6714 32.7868 32.8152 32.6961 31.5344 29.0187 30.9851 33.0802 33.4932 33.162 33.1065 33.4522 33.0453 30.9693 26.2462 30.8011 32.596 33.2632 33.1508 32.4792 30.7184 26.3054 17.5987 14.2125 9.05284 5.21492 5.00485 8.96956 14.2125 17.5987 11.6742 4.51271 1.74792 1.10079 1.10001 1.74436 4.51204 
6.66798 2.42074 1.21229 1.01643 1.01621 1.21001 2.4071 6.61997 13.8157 6.18349 2.29373 1.24597 1.24683 2.29714 6.19804 13.7685 27.0343 30.3091 32.0241 32.4892 32.508 32.0429 30.3414 26.9989 29.5969 32.7769 33.6964 33.4214 33.3956 33.683 32.7408 29.609 23.3019 29.8148 32.8614 33.6685 33.6685 32.8614 29.8148 23.3019 8.00656 5.21682 2.83549 1.6953 1.6953 2.83549 5.21682 8.00656 4.19369 1.79041 1.10395 1.00957 1.00965 1.10532 1.80217 
5.50537 1.97647 1.11726 1.00664 1.0066 1.1167 1.97262 5.49024 12.4509 5.01175 1.82597 1.10761 1.1091 1.83274 5.00897 12.3606 27.4327 31.2848 33.3739 33.9009 33.9028 33.3801 31.3035 27.3606 29.738 33.0738 34.0341 34.1472 34.1463 34.0263 33.0572 29.798 22.7102 29.9176 33.3256 34.2337 34.2337 33.3256 29.9176 22.7102 6.38336 4.0073 2.15167 1.39828 1.39828 2.15167 4.0073 6.38336 3.12041 1.42981 1.04705 1.00351 1.00348 1.04709 1.43151 
5.08266 1.81286 1.08783 1.00427 1.00424 1.08736 1.80959 5.06959 12.0987 4.7299 1.73125 1.08615 1.08712 1.73636 4.72758 12.0063 27.4531 31.5468 33.8974 34.4991 34.5047 33.9073 31.5697 27.3756 29.7397 33.2069 34.2452 34.5161 34.5133 34.2368 33.1915 29.8028 22.4178 29.9339 33.4815 34.4275 34.4275 33.4815 29.9339 22.4178 5.3571 3.20785 1.77106 1.28402 1.28402 1.77106 3.20785 5.3571 2.35379 1.21616 1.02159 1.00171 1.0017 1.02183 1.21887 
4.98638 1.77097 1.08034 1.00382 1.0038 1.08006 1.76904 4.97841 12.1099 4.71667 1.72267 1.0833 1.08388 1.72552 4.71761 12.0214 27.4865 31.6113 34.0412 34.6533 34.6564 34.0475 31.6323 27.4046 29.7032 33.3153 34.3977 34.7009 34.6989 34.392 33.3031 29.7441 22.4102 30.0371 33.5626 34.4646 34.4646 33.5626 30.0371 22.4102 5.23371 2.91614 1.59256 1.19244 1.19244 1.59256 2.91614 5.23371 2.26266 1.19823 1.01922 1.00136 1.00135 1.01929 1.1996 
4.97841 1.76904 1.08006 1.0038 1.0038 1.08006 1.76904 4.97841 12.0214 4.71761 1.72552 1.08388 1.08388 1.72552 4.71761 12.0214 27.4865 31.6113 34.0412 34.6533 34.6533 34.0412 31.6113 27.4865 29.7441 33.3031 34.392 34.6989 34.6989 34.392 33.3031 29.7441 22.5483 30.0021 33.5492 34.4576 34.4576 33.5492 30.0371 22.4102 5.23371 2.94722 1.59256 1.19244 1.20246 1.60548 2.94722 5.25356 2.26266 1.19823 1.01922 1.00136 1.00136 1.01922 1.19823 
5.06959 1.80959 1.08736 1.00424 1.00424 1.08736 1.80959 5.06959 12.0063 4.72758 1.73636 1.08712 1.08712 1.73636 4.72758 12.0063 27.4531 31.5468 33.8974 34.4991 34.4991 33.8974 31.5468 27.4531 29.8028 33.1915 34.2368 34.5133 34.5133 34.2368 33.1915 29.8028 22.5638 29.8904 33.4609 34.4174 34.4174 33.4609 29.9339 22.4178 5.3571 3.25505 1.77106 1.28402 1.30383 1.79443 3.25505 5.38455 2.35379 1.21616 1.02159 1.00171 1.00171 1.02159 1.21616 
5.49024 1.97262 1.1167 1.0066 1.0066 1.1167 1.97262 5.49024 12.3606 5.00897 1.83274 1.1091 1.1091 1.83274 5.00897 12.3606 27.4327 31.2848 33.3739 33.9009 33.9009 33.3739 31.2848 27.4327 29.798 33.0572 34.0263 34.1463 34.1463 34.0263 33.0572 29.798 22.85 29.8784 33.3088 34.2277 34.2277 33.3088 29.9176 22.7102 6.38336 4.05204 2.15167 1.39828 1.42048 2.17947 4.05204 6.41662 3.12041 1.42981 1.04705 1.00351 1.00351 1.04705 1.42981 
6.61997 2.4071 1.21001 1.01621 1.01621 1.21001 2.4071 6.61997 13.7685 6.19804 2.29714 1.24683 1.24683 2.29714 6.19804 13.7685 27.0343 30.3091 32.0241 32.4892 32.4892 32.0241 30.3091 27.0343 29.609 32.7408 33.683 33.3956 33.3956 33.683 32.7408 29.609 23.3958 29.7803 32.8488 33.6496 33.6496 32.8488 29.8148 23.3019 8.00656 5.12313 2.83549 1.6953 1.67669 2.80562 5.12313 7.88609 4.19369 1.79041 1.10395 1.00957 1.00957 1.10395 1.79041 
4.76661 1.71535 1.07159 1.00357 1.00353 1.07147 1.71582 4.77014 11.4748 4.6452 1.73964 1.09594 1.09594 1.73964 4.6452 11.4748 24.1847 26.7354 28.2726 28.7352 28.7352 28.2726 26.7354 24.1847 26.5166 28.6594 28.308 28.0395 28.0365 28.3063 28.658 26.5161 22.1821 28.1116 30.9194 31.9463 31.9453 31.0144 28.0475 22.2887 9.1953 5.3541 2.83452 1.83352 1.81144 2.85408 5.38009 9.21159 5.13179 2.18934 1.21867 1.02609 1.02516 1.21415 2.17682 
5.04607 1.77974 1.0794 1.0042 1.00413 1.07924 1.78142 5.06174 12.111 4.81015 1.75805 1.09265 1.09265 1.75805 4.81015 12.111 25.9894 29.6489 31.5582 32.147 32.147 31.5582 29.6489 25.9894 25.8313 28.7165 29.2166 29.7237 29.7239 29.2171 28.717 25.8322 21.1128 27.7929 31.3585 32.9626 32.9592 31.5195 27.6978 21.2029 7.54225 3.78075 1.77389 1.16499 1.16502 1.7763 3.80227 7.54229 3.9623 1.72911 1.09613 1.00666 1.00671 1.09671 1.73335 
5.16611 1.80767 1.08279 1.00449 1.00442 1.08263 1.80941 5.18224 12.4143 4.91872 1.78318 1.09666 1.09666 1.78318 4.91872 12.4143 26.8223 30.9805 33.253 33.9302 33.9302 33.253 30.9805 26.8223 25.7858 29.1282 30.2755 31.1384 31.1384 30.2754 29.1279 25.7872 20.3947 27.657 31.5797 33.3993 33.4024 31.7764 27.5558 20.5121 6.49238 2.96113 1.38471 1.01308 1.01559 1.38751 2.98436 6.49233 3.17029 1.44878 1.04892 1.00242 1.00248 1.0496 1.4531 
5.15982 1.79826 1.08071 1.00419 1.00415 1.08063 1.79958 5.17095 12.4947 4.91836 1.77525 1.09448 1.09448 1.77525 4.91836 12.4947 26.9648 31.2141 33.7159 34.3912 34.3912 33.7159 31.2141 26.9648 26.1955 29.8875 31.4436 32.4835 32.4836 31.4438 29.8868 26.1968 20.2312 27.9645 31.9687 33.7628 33.7663 32.1143 27.8999 20.3394 6.15757 2.72615 1.30114 1.00502 1.00674 1.30218 2.73977 6.1574 2.86423 1.33377 1.03145 1.0012 1.00123 1.03182 1.33618 
5.17095 1.79958 1.08063 1.00415 1.00419 1.08071 1.79958 5.17095 12.5715 4.90103 1.77197 1.09386 1.09448 1.77525 4.91836 12.4947 26.9648 31.2141 33.7159 34.3912 34.3963 33.7254 31.2207 26.9967 26.1968 29.8868 31.4438 32.4836 32.4835 31.4436 29.8875 26.1955 20.2658 27.8832 32.0657 33.7429 33.7628 31.9687 27.9645 20.2312 6.1574 2.73977 1.30218 1.00674 1.00399 1.30558 2.77599 6.28131 2.86424 1.33618 1.03182 1.00123 1.0012 1.03145 1.33377 
5.18224 1.80941 1.08263 1.00442 1.00449 1.08279 1.80941 5.18224 12.4919 4.89661 1.77876 1.09589 1.09666 1.78318 4.91872 12.4143 26.8223 30.9805 33.253 33.9302 33.9373 33.2651 30.987 26.8365 25.7872 29.1279 30.2754 31.1384 31.1384 30.2755 29.1282 25.7858 20.447 27.5263 31.7087 33.3624 33.3993 31.5797 27.657 20.3947 6.49233 2.98436 1.38751 1.01559 1.01158 1.39601 3.04566 6.68874 3.1708 1.4531 1.0496 1.00248 1.00242 1.04892 1.44878 
5.06174 1.78142 1.07924 1.00413 1.0042 1.0794 1.78142 5.06174 12.187 4.78861 1.75383 1.09192 1.09265 1.75805 4.81015 12.111 25.9894 29.6489 31.5582 32.147 32.159 31.5729 29.6527 26.0142 25.8322 28.717 29.2171 29.7239 29.7237 29.2166 28.7165 25.8313 21.1551 27.6791 31.4653 32.9261 32.9626 31.3585 27.7929 21.1128 7.54229 3.80227 1.7763 1.16502 1.16369 1.78747 3.86531 7.73473 3.96273 1.73335 1.09671 1.00671 1.00666 1.09613 1.72911 
4.77014 1.71582 1.07147 1.00353 1.00357 1.07159 1.71582 4.77014 11.5175 4.61577 1.73373 1.09489 1.09594 1.73964 4.6452 11.4748 24.1847 26.7354 28.2726 28.7352 28.6402 28.1803 26.63 24.1744 26.5161 28.658 28.3063 28.0365 28.0395 28.308 28.6594 26.5166 22.2276 28.0316 30.9833 31.9138 31.9463 30.9194 28.1116 22.1821 9.21159 5.38009 2.85408 1.81144 1.84956 2.89621 5.43331 9.41206 5.13149 2.17682 1.21415 1.02516 1.02609 1.21867 2.18934 
2.27678 1.15756 1.01009 1.00027 1.00027 1.01009 1.15756 2.27678 5.98594 2.23014 1.14736 1.01014 1.01034 1.14846 2.21505 5.91373 14.5288 12.282 12.4272 12.473 12.0894 12.0514 12.1906 14.4322 21.0215 18.1872 15.1518 14.2079 14.2079 14.9464 17.9857 20.9337 22.284 26.4355 28.3548 28.8382 28.8336 28.3333 26.3502 22.1975 13.2708 10.4288 8.40822 6.49376 6.28029 8.3272 10.4357 13.3378 8.21906 4.74575 2.27694 1.37016 1.37016 2.27694 4.74575 
1.65216 1.06216 1.00293 0.99985 0.99985 1.00293 1.06216 1.65216 4.32913 1.65156 1.05836 1.00192 1.0021 1.05904 1.6468 4.31121 12.2731 7.01014 5.18566 4.8484 4.87194 5.21327 7.02387 12.44 22.3533 17.698 12.807 10.2696 10.2696 12.7673 17.6572 22.4128 24.6351 28.5624 30.2147 30.9966 31.0141 30.2512 28.5633 24.6337 16.4025 14.0636 12.3769 10.1483 9.79181 12.2444 14.0628 16.4523 10.7345 6.48367 2.99949 1.64039 1.64039 2.99949 6.48367 
1.47777 1.04046 1.00156 0.999924 0.999924 1.00156 1.04046 1.47777 3.69341 1.50414 1.04224 1.00117 1.00137 1.04296 1.49868 3.67419 11.345 4.93053 2.42273 1.88674 1.89162 2.43532 4.94396 11.5275 22.827 16.5585 10.3378 6.88263 6.88263 10.2946 16.5117 22.9022 26.8042 30.5015 32.0535 32.8107 32.8361 32.1 30.4978 26.7941 18.506 15.5532 13.3017 10.6659 10.2865 13.144 15.5518 18.5566 12.2842 7.40572 3.28827 1.72932 1.72932 3.28827 7.40572 
1.45276 1.03794 1.00146 0.999918 0.999918 1.00146 1.03794 1.45276 3.5404 1.47581 1.0444 1.00272 1.00282 1.04482 1.47284 3.52889 10.986 4.47843 1.88382 1.3253 1.32803 1.8906 4.48631 11.1273 22.914 14.4665 7.59724 4.44391 4.44391 7.57344 14.4337 22.9708 28.3672 31.8468 33.1784 33.7725 33.7863 33.2085 31.8448 28.3636 20.3788 16.3922 12.8927 9.50459 9.27186 12.7587 16.3902 20.421 13.3392 7.14957 2.935 1.55665 1.55665 2.935 7.14957 
1.45462 1.03808 1.00146 0.999918 0.999918 1.00146 1.03794 1.45276 3.52889 1.47284 1.04482 1.00282 1.00272 1.0444 1.47284 3.52889 11.1273 4.48631 1.8906 1.32803 1.32803 1.8906 4.48631 11.1273 22.9708 14.4337 7.57344 4.43084 4.44391 7.59724 14.4665 22.914 28.3636 31.8448 33.182 33.7751 33.7725 33.1784 31.8468 28.3672 20.421 16.3902 12.7587 9.27186 9.44046 12.8735 16.4294 20.4919 13.3392 7.14957 2.935 1.55665 1.54974 2.91664 7.1159 
1.48122 1.04076 1.00156 0.999924 0.999924 1.00156 1.04046 1.47777 3.67419 1.49868 1.04296 1.00137 1.00117 1.04224 1.49868 3.67419 11.5275 4.94396 2.43532 1.89162 1.89162 2.43532 4.94396 11.5275 22.9022 16.5117 10.2946 6.86277 6.88263 10.3378 16.5585 22.827 26.7941 30.4978 32.0597 32.815 32.8107 32.0535 30.5015 26.8042 18.5566 15.5518 13.144 10.2865 10.5619 13.2809 15.6002 18.6898 12.2842 7.40572 3.28827 1.72932 1.71748 3.25251 7.36699 
1.65499 1.06245 1.00293 0.99985 0.99985 1.00293 1.06216 1.65216 4.31121 1.6468 1.05904 1.0021 1.00192 1.05836 1.6468 4.31121 12.44 7.02387 5.21327 4.87194 4.87194 5.21327 7.02387 12.44 22.4128 17.6572 12.7673 10.2521 10.2696 12.807 17.698 22.3533 24.6337 28.5633 30.2257 31.0041 30.9966 30.2147 28.5624 24.6351 16.4523 14.0628 12.2444 9.79181 10.049 12.3578 14.1056 16.5758 10.7345 6.48367 2.99949 1.64039 1.62964 2.96677 6.45016 
2.26868 1.15647 1.01009 1.00027 1.00027 1.01009 1.15756 2.27678 5.91373 2.21505 1.14846 1.01034 1.01014 1.14736 2.21505 5.91373 14.4322 12.1906 12.0514 12.0894 12.0894 12.0514 12.1906 14.4322 20.9337 17.9857 14.9464 14.0408 14.2079 15.1518 18.1872 21.0215 22.1975 26.3502 28.2639 28.7587 28.8382 28.3548 26.4355 22.284 13.3378 10.4357 8.3272 6.28029 6.43665 8.39844 10.4567 13.3567 8.21906 4.74575 2.27694 1.37016 1.36441 2.25808 4.72164 
1.09604 1.00637 1.00021 0.999958 0.999958 1.00021 1.0063 1.09309 2.00712 1.1534 1.01362 1.00101 1.001 1.01368 1.15496 2.03185 6.1266 5.09966 4.65337 4.55609 4.55609 4.65337 5.09966 6.1266 8.93487 5.9854 4.511 4.12824 4.12653 4.50997 5.9854 8.93487 12.7815 16.0726 16.7699 16.552 16.529 16.7365 15.9812 12.7102 4.76672 3.89578 2.84381 1.77155 1.7715 2.84347 3.89473 4.74088 2.88553 1.62184 1.14074 1.02081 1.02113 1.14265 1.63013 
1.01193 1.00053 0.999843 0.999877 0.999877 0.999845 1.00054 1.01175 1.16733 1.01902 1.00142 0.99991 0.999904 1.00139 1.01887 1.16918 2.21449 1.81558 1.70127 1.67087 1.67087 1.70127 1.81558 2.21449 4.398 2.84982 1.86889 1.67727 1.67753 1.86916 2.84982 4.398 6.32032 8.11304 8.0198 7.49117 7.44845 7.94631 8.13502 6.34026 2.36497 1.96761 1.48957 1.13122 1.13099 1.48886 1.96704 2.35385 1.71764 1.20688 1.03452 1.00342 1.00337 1.03414 1.20532 
1.00073 0.999956 0.999982 0.999997 0.999997 0.999982 0.999957 1.00071 1.0152 1.00094 0.999913 0.999965 0.999965 0.99991 1.00093 1.01543 1.195 1.08992 1.07131 1.06586 1.06586 1.07131 1.08992 1.195 2.07027 1.47039 1.129 1.08317 1.08318 1.12902 1.47039 2.07027 2.77747 3.52389 3.27668 2.89196 2.87269 3.23991 3.52565 2.77937 1.26036 1.17037 1.06037 1.01007 1.01012 1.06073 1.17164 1.25931 1.13551 1.03014 1.00329 1.00013 1.00012 1.00327 1.02996 
1.00003 0.999984 1 1 1 1 0.999984 1.00003 1.00082 0.999799 0.999965 1 1 0.999965 0.999796 1.00084 1.02582 1.00581 1.00357 1.00318 1.00318 1.00357 1.00581 1.02582 1.30129 1.09766 1.01637 1.00821 1.00821 1.01637 1.09766 1.30129 1.5256 1.80715 1.67561 1.47504 1.46842 1.66307 1.80714 1.52593 1.03223 1.02171 1.00455 1.00022 1.00023 1.00462 1.022 1.03199 1.01713 1.0026 1.00008 0.999923 0.999923 1.00008 1.00259 
1.00003 0.999984 1 1 1 1 0.999984 1.00003 1.00082 0.999799 0.999965 1 1 0.999965 0.999799 1.00082 1.02568 1.00594 1.00369 1.00327 1.00318 1.00357 1.00581 1.02582 1.30127 1.09766 1.01637 1.00821 1.00821 1.01637 1.09766 1.30129 1.52593 1.80714 1.67595 1.4748 1.47504 1.67561 1.80715 1.5256 1.03199 1.022 1.00462 1.00023 1.00023 1.00462 1.022 1.03199 1.01713 1.0026 1.00008 0.999923 0.999923 1.00008 1.0026 
1.00071 0.999957 0.999982 0.999997 0.999997 0.999982 0.999957 1.00071 1.0152 1.00094 0.999913 0.999965 0.999965 0.999913 1.00094 1.0152 1.1942 1.09071 1.07239 1.06668 1.06586 1.07131 1.08992 1.195 2.07022 1.47043 1.12902 1.08318 1.08317 1.129 1.47039 2.07027 2.77937 3.52565 3.27832 2.89057 2.89196 3.27668 3.52389 2.77747 1.25931 1.17164 1.06073 1.01012 1.01012 1.06073 1.17164 1.25931 1.13551 1.03014 1.00329 1.00013 1.00013 1.00329 1.03014 
1.01175 1.00054 0.999845 0.999877 0.999877 0.999845 1.00054 1.01175 1.16733 1.01902 1.00142 0.99991 0.99991 1.00142 1.01902 1.16733 2.20509 1.81839 1.70716 1.67534 1.67087 1.70127 1.81558 2.21449 4.39789 2.84989 1.86916 1.67753 1.67727 1.86889 2.84982 4.398 6.34026 8.13502 8.0442 7.50625 7.49117 8.0198 8.11304 6.32032 2.35385 1.96704 1.48886 1.13099 1.13099 1.48886 1.96704 2.35385 1.71764 1.20688 1.03452 1.00342 1.00342 1.03452 1.20688 
1.09309 1.0063 1.00021 0.999958 0.999958 1.00021 1.0063 1.09309 2.00712 1.1534 1.01362 1.00101 1.00101 1.01362 1.1534 2.00712 6.00067 5.03601 4.59768 4.50147 4.55609 4.65337 5.09966 6.1266 8.93304 5.98432 4.50997 4.12653 4.12824 4.511 5.9854 8.93487 12.7102 15.9812 16.6545 16.4466 16.552 16.7699 16.0726 12.7815 4.74088 3.89473 2.84347 1.7715 1.7715 2.84347 3.89473 4.74088 2.88553 1.62184 1.14074 1.02081 1.02081 1.14074 1.62184 
1.01019 1.00068 1.00007 1.0001 1.0001 1.00007 1.00068 1.01019 1.147 1.02234 1.00229 1.00024 1.00024 1.00229 1.02234 1.147 1.97641 1.74183 1.63619 1.63911 1.63911 1.63619 1.74183 1.97641 3.55101 2.1582 1.76803 1.55992 1.55992 1.76803 2.1582 3.55101 6.04273 7.63904 7.82046 7.54397 7.54397 7.82046 7.63904 6.04273 2.38616 1.89746 1.54901 1.17588 1.17588 1.54901 1.89746 2.38616 1.49825 1.09162 1.01366 1.00178 1.00178 1.01366 1.09162 
1.00058 1 0.999991 1 1 0.999991 1 1.00058 1.01247 1.0015 1.00001 0.999956 0.999956 1.00001 1.0015 1.01247 1.16045 1.11883 1.10322 1.09851 1.09851 1.10322 1.11883 1.16045 1.61924 1.22089 1.12004 1.07179 1.07179 1.12004 1.22089 1.61924 2.19284 2.62989 2.67415 2.54913 2.54913 2.67415 2.62989 2.19284 1.2878 1.16807 1.07777 1.01674 1.01674 1.07777 1.16807 1.2878 1.09279 1.01292 1.00135 0.999998 0.999998 1.00135 1.01292 
1.00003 0.99999 1 1 1 1 0.99999 1.00003 1.00054 0.999873 0.999958 0.999992 0.999992 0.999958 0.999873 1.00054 1.0181 1.01293 1.01119 1.01006 1.01006 1.01119 1.01293 1.0181 1.08952 1.02137 1.0111 1.00514 1.00514 1.0111 1.02137 1.08952 1.18279 1.26862 1.2726 1.22661 1.22661 1.2726 1.26862 1.18279 1.03965 1.02082 1.00624 1.00086 1.00086 1.00624 1.02082 1.03965 1.01027 1.00108 0.999973 0.999958 0.999958 0.999973 1.00108 
1.0001 1 1 1 1 1 1 1.0001 0.999964 0.999866 0.999995 1 1 0.999995 0.999866 0.999964 1.00139 1.00087 1.00085 1.00069 1.00069 1.00085 1.00087 1.00139 1.00724 1.00112 1.00054 1.0002 1.0002 1.00054 1.00112 1.00724 1.01449 1.02421 1.0245 1.01682 1.01682 1.0245 1.02421 1.01449 1.00298 1.00136 1.00021 0.999925 0.999925 1.00021 1.00136 1.00298 1.00078 0.999967 0.999964 0.999996 0.999996 0.999964 0.999967 
0 0 0 0 1 1 1 1.0001 0.999964 0.999866 0.999995 1 1 0.999995 0.999866 0.999966 1.00139 1.00087 1.00085 1.00069 1.00067 1.00083 1.00085 1.00137 1.00707 1.0011 1.00052 1.00019 1.0002 1.00054 1.00112 1.00724 1.01507 1.02521 1.02537 1.01716 1.01682 1.0245 1.02421 1.01449 1.00292 1.00133 1.0002 0.999923 0.999925 1.00021 1.00136 1.00298 1.00078 0.999967 0.999964 0.999996 0 0 0 
0 0 0 0 1 1 0.99999 1.00003 1.00054 0.999873 0.999958 0.999992 0.999992 0.999958 0.99987 1.00057 1.0181 1.01293 1.01119 1.01006 1.00992 1.01102 1.01273 1.01786 1.08801 1.0211 1.0109 1.00504 1.00514 1.0111 1.02137 1.08952 1.18687 1.27506 1.27806 1.22918 1.22661 1.2726 1.26862 1.18279 1.03927 1.02052 1.00616 1.00084 1.00086 1.00624 1.02082 1.03965 1.01027 1.00108 0.999973 0.999958 0 0 0 
0 0 0 0 1 0.999991 1 1.00058 1.01247 1.0015 1.00001 0.999956 0.999956 1.00001 1.00148 1.01275 1.16045 1.11883 1.10322 1.09851 1.0976 1.10218 1.11753 1.15912 1.61191 1.21953 1.11863 1.07092 1.07179 1.12004 1.22089 1.61924 2.212 2.65846 2.69877 2.562 2.54913 2.67415 2.62989 2.19284 1.28673 1.16663 1.07727 1.01664 1.01674 1.07777 1.16807 1.2878 1.09279 1.01292 1.00135 0.999998 0 0 0 
