0 0 0 0 1.00044 1.00723 1.06847 1.43122 2.30345 1.54218 1.10563 1.01582 1.0158 1.10542 1.54104 2.30357 2.8971 3.07755 2.45405 1.85933 1.85742 2.44936 3.07517 2.89435 1.57415 1.20341 1.13943 1.26819 1.26962 1.14583 1.20915 1.57301 1.40935 2.058 3.29643 4.1397 4.13666 3.29482 2.05627 1.40242 1.1088 1.09156 1.02567 1.00284 1.00295 1.02666 1.09163 1.10889 1.0509 1.00571 1.0004 1.00005 0 0 0 
0 0 0 0 0.999959 1.00095 1.01083 1.07508 1.20642 1.07184 1.01162 1.00121 1.0012 1.01155 1.07147 1.20573 1.3057 1.32069 1.19418 1.08852 1.08805 1.19316 1.32048 1.30577 1.09706 1.02247 1.01116 1.03335 1.03319 1.01152 1.02271 1.09624 1.05296 1.2264 1.69047 1.98933 1.99675 1.69726 1.22906 1.0534 1.0092 1.01084 1.00255 1.00017 1.00018 1.00264 1.01084 1.0092 1.00454 1.0004 0.999972 0.999989 0 0 0 
0 0 0 0 0.999967 0.999955 1.00107 1.008 1.01926 1.00532 1.00063 0.999874 0.999873 1.00062 1.00526 1.0191 1.02595 1.02511 1.01313 1.00441 1.00436 1.01301 1.02508 1.026 1.01009 1.00344 1.00207 1.00382 1.00379 1.00209 1.00343 1.00998 1.00618 1.03837 1.14585 1.21035 1.21248 1.14781 1.03894 1.00628 1.00053 1.00065 1.00014 0.999974 0.999973 1.00015 1.00065 1.00053 1.00038 0.999959 0.999993 1 0 0 0 
0 0 0 0 0.999997 0.999969 0.99997 1.00068 1.00081 0.999945 0.999919 0.999973 0.999973 0.999918 0.999939 1.00079 1.00099 1.00065 1.00024 1 0.999998 1.00023 1.00065 1.001 1.00092 1.00027 1.00038 1.00034 1.00033 1.00037 1.00026 1.0009 1.00051 1.00408 1.01975 1.02996 1.03037 1.02008 1.00415 1.00052 0.999992 0.999876 0.999969 0.999995 0.999995 0.999968 0.999876 0.999992 1.00006 0.999987 1 1 0 0 0 
1.00068 0.99997 0.999969 0.999997 0.999997 0.999969 0.99997 1.00068 1.00081 0.999945 0.999919 0.999973 0.999973 0.999919 0.999945 1.00081 1.001 1.00065 1.00023 0.999998 1 1.00024 1.00065 1.001 1.00092 1.00027 1.00038 1.00034 1.00034 1.00038 1.00027 1.00092 1.00052 1.00415 1.02008 1.03037 1.03037 1.02008 1.00415 1.00052 0.999992 0.999876 0.999968 0.999995 0.999995 0.999969 0.999876 0.999992 1.00006 0.999987 1 1 1 1 0.999987 
1.008 1.00107 0.999955 0.999967 0.999967 0.999955 1.00107 1.008 1.01926 1.00532 1.00063 0.999874 0.999874 1.00063 1.00532 1.01926 1.026 1.02508 1.01301 1.00436 1.00441 1.01313 1.02508 1.026 1.01009 1.00344 1.00207 1.00382 1.00382 1.00207 1.00344 1.01009 1.00628 1.03894 1.14781 1.21248 1.21248 1.14781 1.03894 1.00628 1.00053 1.00065 1.00015 0.999973 0.999974 1.00014 1.00065 1.00053 1.00038 0.999959 0.999993 1 1 0.999993 0.999959 
1.07508 1.01083 1.00095 0.999959 0.999959 1.00095 1.01083 1.07508 1.20642 1.07184 1.01162 1.00121 1.00121 1.01162 1.07184 1.20642 1.30577 1.32048 1.19316 1.08805 1.08852 1.19418 1.32048 1.30577 1.09706 1.02247 1.01116 1.03335 1.03335 1.01116 1.02247 1.09706 1.0534 1.22906 1.69726 1.99675 1.99675 1.69726 1.22906 1.0534 1.0092 1.01084 1.00264 1.00018 1.00017 1.00255 1.01084 1.0092 1.00454 1.0004 0.999972 0.999989 0.999989 0.999972 1.0004 
1.43122 1.06847 1.00723 1.00044 1.00044 1.00723 1.06847 1.43122 2.30345 1.54218 1.10563 1.01582 1.01582 1.10563 1.54218 2.30345 2.89435 3.07517 2.44936 1.85742 1.85933 2.45405 3.07517 2.89435 1.57415 1.20341 1.13943 1.26819 1.26819 1.13943 1.20341 1.57415 1.40242 2.05627 3.29482 4.13666 4.13666 3.29482 2.05627 1.40242 1.10889 1.09163 1.02666 1.00295 1.00284 1.02567 1.09163 1.10889 1.0509 1.00571 1.0004 1.00005 1.00005 1.0004 1.00571 
2.93543 1.44985 1.06219 1.00499 1.00499 1.06219 1.44985 2.93543 5.1527 3.01749 1.47446 1.08043 1.08043 1.47446 3.01749 5.1527 6.888 7.6807 6.18394 4.78106 4.82303 6.23398 7.6807 6.888 3.67312 3.01826 2.78628 3.01845 2.98449 2.72716 2.98722 3.64784 4.65785 5.97473 6.76605 7.59445 7.59473 6.78603 5.97473 4.65785 1.77573 1.41502 1.13428 1.025 1.02501 1.1343 1.41502 1.77573 1.23026 1.02057 0.999854 0.99982 0.99982 0.999854 1.02057 
1.56748 1.10825 1.01208 1.0006 1.0006 1.01208 1.10825 1.56748 2.27756 1.51148 1.08494 1.00989 1.00989 1.08494 1.51148 2.27756 2.80831 3.00689 2.40928 1.83824 1.8345 2.39997 3.00689 2.80831 1.53761 1.33119 1.262 1.37164 1.36961 1.25177 1.31985 1.528 1.77446 2.28679 2.70303 3.15309 3.14108 2.6985 2.28679 1.77446 1.08645 1.03399 1.00477 1.00021 1.00032 1.00578 1.03399 1.08645 1.01355 0.999069 0.999631 0.999891 0.999891 0.999631 0.999069 
1.08798 1.01355 1.00113 0.999914 0.999914 1.00113 1.01355 1.08798 1.2016 1.06288 1.00715 1.00021 1.00021 1.00715 1.06288 1.2016 1.2973 1.3192 1.19496 1.08855 1.08795 1.19343 1.3192 1.2973 1.05522 1.02311 1.0146 1.03573 1.03564 1.0133 1.02158 1.05438 1.0889 1.19788 1.31085 1.43741 1.43583 1.31053 1.19788 1.0889 1.00277 0.997964 0.999007 0.99997 0.999981 0.999085 0.997964 1.00277 0.999863 0.999914 1.00001 1 1 1.00001 0.999914 
1.00927 1.00107 0.999908 0.999962 0.999962 0.999908 1.00107 1.00927 1.01847 1.00408 1.00002 0.999859 0.999859 1.00002 1.00408 1.01847 1.029 1.02797 1.01502 1.00477 1.00466 1.01472 1.02797 1.029 1.00568 1.00293 1.00207 1.00429 1.00436 1.00201 1.00289 1.00576 1.00507 1.01626 1.03556 1.05678 1.05664 1.03555 1.01626 1.00507 0.99991 0.999402 0.999939 1.00002 1.00002 0.999946 0.999402 0.99991 1.00015 1.00004 1 1 1 1 1.00004 
1.00927 1.00106 0.999907 0.999962 0.999962 0.999908 1.00107 1.00927 1.01847 1.00408 1.00002 0.999859 0.999859 1.00002 1.0041 1.01863 1.02923 1.0279 1.01472 1.00466 1.00467 1.01473 1.0279 1.02923 1.00576 1.00289 1.00201 1.00436 1.00436 1.00201 1.00289 1.00576 1.00507 1.01626 1.03555 1.05664 1.05567 1.03515 1.01623 1.00506 0.99991 0.999403 0.999946 1.00002 1.00002 0.999939 0.999425 0.999931 1.00015 1.00004 1 1 1 1 1.00004 
1.08796 1.0135 1.00113 0.999912 0.999914 1.00113 1.01355 1.08798 1.2016 1.06288 1.00715 1.00021 1.00021 1.00715 1.06302 1.20276 1.29784 1.31826 1.19343 1.08795 1.08803 1.19365 1.31826 1.29784 1.05438 1.02158 1.0133 1.03564 1.03564 1.0133 1.02158 1.05438 1.08889 1.19783 1.31053 1.43583 1.42941 1.30813 1.19794 1.0892 1.00278 0.997967 0.999085 0.999981 0.99997 0.999007 0.998177 1.00304 0.999863 0.999914 1.00001 1 1 1.00001 0.999914 
1.56696 1.10783 1.012 1.00059 1.0006 1.01208 1.10825 1.56748 2.27756 1.51148 1.08494 1.00989 1.00986 1.085 1.51245 2.28265 2.8012 2.99435 2.39997 1.8345 1.83457 2.39954 2.99435 2.8012 1.528 1.31985 1.25177 1.36961 1.36961 1.25177 1.31985 1.528 1.77441 2.2867 2.6985 3.14108 3.10298 2.68362 2.28629 1.77722 1.08654 1.03408 1.00578 1.00032 1.00021 1.00477 1.03596 1.09027 1.01355 0.999069 0.999631 0.999891 0.999891 0.999632 0.999074 
2.95551 1.45513 1.06292 1.00506 1.00499 1.06219 1.44985 2.93543 5.1527 3.01749 1.47446 1.08043 1.08155 1.47969 3.03812 5.19873 6.95305 7.77229 6.23398 4.82303 4.86544 6.28337 7.77229 6.95305 3.64784 2.98722 2.72716 2.98449 2.98449 2.72716 2.98722 3.64784 4.66422 5.97799 6.78603 7.59473 7.59063 6.83805 6.00015 4.70652 1.77672 1.41499 1.1343 1.02501 1.025 1.13428 1.43431 1.8167 1.23026 1.02057 0.999854 0.99982 0.999822 0.999832 1.02091 
7.99718 3.30557 1.48867 1.06842 1.06842 1.48867 3.30557 7.99718 13.3309 8.18423 3.42024 1.71868 1.71868 3.42024 8.18423 13.3309 15.3637 17.2622 15.6462 13.6941 13.6941 15.6462 17.2622 15.3637 9.96454 9.57567 9.26529 9.21685 9.21685 9.26529 9.57567 9.96454 10.0093 11.8912 13.4332 14.7256 14.5524 13.2879 11.6345 9.88653 4.98618 3.6779 2.20301 1.49211 1.49222 2.20374 3.67707 4.98618 3.80263 1.94939 1.1389 1.01244 1.01235 1.13731 1.93932 
8.98752 3.73569 1.60748 1.09073 1.09073 1.60748 3.73569 8.98752 13.9335 9.25894 3.86624 1.85745 1.85745 3.86624 9.25894 13.9335 13.9425 15.2814 11.7666 8.25664 8.25664 11.7666 15.2814 13.9425 8.18508 7.24816 6.77754 6.03899 6.03899 6.77754 7.24816 8.18508 9.4046 11.799 13.7809 15.2372 15.1351 13.7264 11.7657 9.56345 4.08657 2.8927 1.64831 1.15395 1.15262 1.64158 2.87724 4.08657 2.40225 1.42403 1.04759 1.00251 1.00252 1.04758 1.42304 
7.39453 2.99639 1.40953 1.05473 1.05473 1.40953 2.99639 7.39453 12.0359 7.83902 3.17745 1.573 1.573 3.17745 7.83902 12.0359 11.1479 11.9073 8.1809 4.6704 4.6704 8.1809 11.9073 11.1479 5.32945 4.78491 4.54556 3.48707 3.48707 4.54556 4.78491 5.32945 7.09831 9.84903 11.8468 13.4085 13.3289 11.8022 9.84009 7.231 2.66536 1.87005 1.2381 1.03504 1.03469 1.2355 1.86458 2.66536 1.51705 1.09941 1.00793 1.00015 1.00014 1.00774 1.09721 
5.5639 2.23522 1.20974 1.02002 1.02002 1.20974 2.23522 5.5639 9.89614 6.13749 2.36926 1.27722 1.27722 2.36926 6.13749 9.89614 9.22928 9.50554 6.07038 2.9455 2.9455 6.07038 9.50554 9.22928 3.19505 2.80029 2.73499 2.04146 2.04146 2.73499 2.80029 3.19505 4.71027 7.56301 9.94301 11.9814 11.9435 9.92163 7.57399 4.78859 1.63808 1.24448 1.04319 1.00341 1.00336 1.04266 1.24244 1.63808 1.12616 1.01413 1.00067 0.999946 0.999947 1.00064 1.01374 
5.56825 2.23269 1.20888 1.01985 1.02002 1.20974 2.23522 5.5639 9.86053 6.11296 2.36922 1.27722 1.27722 2.36926 6.13749 9.89614 9.3126 9.57409 6.07038 2.9455 2.92502 6.04721 9.57409 9.3126 3.17633 2.78977 2.73004 2.0411 2.04146 2.73499 2.80029 3.19505 4.78859 7.57399 9.92163 11.9435 11.9814 9.94301 7.56301 4.71027 1.63808 1.24244 1.04181 1.00327 1.00327 1.04181 1.23336 1.60621 1.12163 1.01374 1.00064 0.999947 0.999946 1.00067 1.01413 
7.40779 2.99075 1.40758 1.05423 1.05473 1.40953 2.99639 7.39453 12.0376 7.84028 3.17746 1.573 1.573 3.17745 7.83902 12.0359 11.2924 12.0144 8.1809 4.6704 4.62293 8.15055 12.0144 11.2924 5.28194 4.75572 4.53424 3.48635 3.48707 4.54556 4.78491 5.32945 7.231 9.84009 11.8022 13.3289 13.4085 11.8468 9.84903 7.09831 2.66536 1.86458 1.22943 1.03367 1.03368 1.22942 1.82297 2.57177 1.49828 1.09721 1.00774 1.00014 1.00015 1.00793 1.09941 
9.00879 3.72718 1.60466 1.08994 1.09073 1.60748 3.73569 8.98752 13.934 9.25356 3.86623 1.85745 1.85745 3.86624 9.25894 13.9335 14.1314 15.3916 11.7666 8.25664 8.1962 11.7495 15.3916 14.1314 8.11112 7.21975 6.76665 6.03736 6.03899 6.77754 7.24816 8.18508 9.56345 11.7657 13.7264 15.1351 15.2372 13.7809 11.799 9.4046 4.08657 2.87724 1.64416 1.15108 1.15109 1.64416 2.82909 3.97527 2.37401 1.42304 1.04758 1.00252 1.00251 1.04759 1.42403 
8.04661 3.30945 1.48808 1.068 1.06842 1.48867 3.30557 7.99718 13.3323 8.19474 3.42027 1.71868 1.71868 3.42024 8.18423 13.3309 15.9224 17.6812 15.6462 13.6941 13.993 15.9984 17.6812 15.9224 10.0565 9.73512 9.43509 9.3486 9.21685 9.26529 9.57567 9.96454 9.88653 11.6345 13.2879 14.5524 14.7256 13.4332 11.8912 10.0093 4.98618 3.67707 2.28739 1.52173 1.52199 2.28798 3.83769 5.13565 3.72597 1.93932 1.13731 1.01235 1.01244 1.1389 1.94939 
10.9617 4.4068 1.75621 1.10105 1.10104 1.75626 4.40601 10.9607 18.9432 10.7338 4.59809 2.27349 2.28619 4.62799 10.9732 19.0114 25.8489 28.2576 28.8758 28.7026 28.5914 28.7677 28.2576 25.8489 21.4975 22.1721 22.558 22.328 22.328 22.558 22.1721 21.4975 21.7517 24.8387 26.6716 27.6218 27.6226 26.6725 24.847 21.7583 15.9075 13.3663 9.07327 5.55775 5.64383 9.18953 13.4034 15.9772 10.9669 4.48798 1.74705 1.09581 1.09555 1.74527 4.47712 
11.7082 4.63236 1.79933 1.11162 1.11161 1.7994 4.63132 11.7081 20.5763 11.3009 4.77705 2.33621 2.34718 4.79558 11.4652 20.4882 28.7011 31.3616 31.9717 32.1087 32.1341 32.0105 31.3616 28.7011 25.1719 24.8674 25.3243 26.0045 26.0045 25.3243 24.8674 25.1719 26.6435 30.3162 31.9142 32.4492 32.4501 31.9151 30.3143 26.6423 18.5721 15.7383 10.7874 6.64115 6.69793 10.8115 15.7137 18.564 12.5574 4.98606 1.87886 1.11665 1.11669 1.8797 4.99116 
12.162 4.75974 1.82285 1.11565 1.11564 1.82287 4.75863 12.1626 21.5854 11.6421 4.84953 2.34253 2.35344 4.86913 11.8037 21.4929 30.3784 33.0349 33.8013 34.0449 34.0723 33.8422 33.0349 30.3784 27.4788 26.8034 27.4017 28.469 28.469 27.4017 26.8034 27.4788 29.2226 32.6834 33.9881 34.3174 34.3179 33.9887 32.6823 29.2215 20.3524 17.298 11.7803 7.22889 7.2994 11.8134 17.2766 20.3461 13.7896 5.45194 1.99815 1.13536 1.13546 1.99931 5.45861 
12.3236 4.76886 1.81886 1.11228 1.11227 1.8188 4.7678 12.3244 22.0239 11.7074 4.77522 2.25399 2.26231 4.7895 11.8295 21.9318 31.1028 33.5916 34.4009 34.6099 34.6212 34.4195 33.5916 31.1028 29.3678 28.7919 29.4024 30.5857 30.5857 29.4024 28.7919 29.3678 30.147 33.196 34.4519 34.7332 34.7332 34.4518 33.195 30.1454 21.2434 18.0569 11.9848 7.16052 7.20857 12.0064 18.0412 21.2396 14.5091 5.69348 2.04977 1.14278 1.14292 2.05088 5.69922 
12.3244 4.7678 1.8188 1.11227 1.11227 1.8188 4.7678 12.3244 22.0239 11.7074 4.7895 2.26231 2.25399 4.77522 11.7074 22.0239 31.0644 33.5765 34.4195 34.6212 34.6099 34.4009 33.5765 31.0644 29.3769 28.792 29.3936 30.5952 30.5857 29.4024 28.7919 29.3678 30.1104 33.1864 34.4486 34.733 34.733 34.4486 33.1864 30.1104 21.2396 18.0412 12.0064 7.20857 7.18673 12.006 18.037 21.32 14.5091 5.69348 2.04977 1.14278 1.14278 2.04977 5.69348 
12.1626 4.75863 1.82287 1.11564 1.11564 1.82287 4.75863 12.1626 21.5854 11.6421 4.86913 2.35344 2.34253 4.84953 11.6421 21.5854 30.3351 33.0056 33.8422 34.0723 34.0449 33.8013 33.0056 30.3351 27.4874 26.8042 27.389 28.4834 28.469 27.4017 26.8034 27.4788 29.197 32.6663 33.9861 34.3178 34.3178 33.9861 32.6663 29.197 20.3461 17.2766 11.8134 7.2994 7.26774 11.8111 17.2768 20.4329 13.7896 5.45194 1.99815 1.13536 1.13536 1.99815 5.45194 
11.7081 4.63132 1.7994 1.11161 1.11161 1.7994 4.63132 11.7081 20.5763 11.3009 4.79558 2.34718 2.33621 4.77705 11.3009 20.5763 28.6576 31.3225 32.0105 32.1341 32.1087 31.9717 31.3225 28.6576 25.1782 24.8675 25.3154 26.0147 26.0045 25.3243 24.8674 25.1719 26.6251 30.3083 31.9145 32.4469 32.4469 31.9145 30.3083 26.6251 18.564 15.7137 10.8115 6.69793 6.68009 10.8247 15.7148 18.6396 12.5574 4.98606 1.87886 1.11665 1.11665 1.87886 4.98606 
10.9607 4.40601 1.75626 1.10104 1.10104 1.75626 4.40601 10.9607 18.9432 10.7338 4.62799 2.28619 2.27349 4.59809 10.7338 18.9432 25.9207 28.3285 28.7677 28.5914 28.7026 28.8758 28.3285 25.9207 21.6667 22.3741 22.7636 22.5058 22.328 22.558 22.1721 21.4975 21.8447 24.9668 26.7787 27.7247 27.7247 26.7787 24.9668 21.8447 15.9772 13.4034 9.18953 5.64383 5.58991 9.10356 13.4075 16.0487 10.9669 4.48798 1.74705 1.09581 1.09581 1.74705 4.48798 
10.9664 4.26886 1.74276 1.10376 1.10446 1.74679 4.28475 11.0348 19.5926 11.299 4.60572 2.39429 2.3756 4.60572 11.299 19.5926 28.7107 31.4104 32.5794 32.7808 32.7784 32.631 31.4164 28.7087 30.734 32.9449 33.379 33.0216 33.0784 33.4207 32.9811 30.7493 25.9509 30.5393 32.3598 32.9729 32.9729 32.3598 30.5393 25.9509 17.5006 13.9775 9.07241 5.29034 5.14714 8.88525 13.9641 17.4836 11.6832 4.66797 1.80765 1.11773 1.11773 1.81149 4.66797 
11.972 4.72314 1.87538 1.13188 1.13323 1.88309 4.75403 12.0835 20.6646 12.2783 5.09464 2.66283 2.644 5.09464 12.2783 20.6646 30.0988 32.7874 33.9291 34.1172 34.1242 33.9388 32.7833 30.0952 31.8944 33.6445 34.058 34.0345 34.033 34.0568 33.644 31.9069 28.0812 31.8701 33.583 34.1041 34.1041 33.583 31.8701 28.0812 20.3745 16.7504 10.967 6.48369 6.3494 10.8299 16.837 20.4529 13.3234 5.16302 1.94959 1.14778 1.14778 1.95241 5.16302 
12.4959 4.95134 1.93065 1.13958 1.14089 1.93794 4.98017 12.6023 21.2106 12.6035 5.21185 2.70189 2.6828 5.21185 12.6035 21.2106 30.7609 33.352 34.4942 34.7422 34.744 34.5063 33.3522 30.7628 32.5657 33.9512 34.3568 34.4752 34.4744 34.3557 33.9515 32.5787 29.4538 32.831 34.2218 34.623 34.623 34.2218 32.831 29.4538 21.9094 17.984 11.6713 6.90132 6.75703 11.527 18.0713 21.9815 14.4093 5.61055 2.0684 1.16889 1.16889 2.07135 5.61055 
12.4534 4.86826 1.87921 1.12264 1.12331 1.88308 4.88403 12.5234 21.4281 12.2657 4.97614 2.48523 2.47294 4.97614 12.2657 21.4281 31.1601 33.5333 34.6268 34.862 34.8625 34.6334 33.5286 31.1758 32.8909 34.1346 34.53 34.693 34.6925 34.5292 34.1343 32.8962 29.9733 33.2266 34.4637 34.7937 34.7937 34.4637 33.2266 29.9733 22.5577 18.4433 11.6649 6.8318 6.74777 11.5796 18.4945 22.5958 15.0957 5.87748 2.1157 1.1676 1.1676 2.11754 5.87748 
12.5234 4.88403 1.88308 1.12331 1.12264 1.87921 4.86826 12.5234 21.4281 12.2657 4.97614 2.47294 2.47348 4.97723 12.2863 21.4996 31.1758 33.5286 34.6334 34.8625 34.8625 34.6334 33.5286 31.1758 32.8962 34.1343 34.5292 34.6925 34.6925 34.5292 34.1343 32.8962 30.016 33.2241 34.4692 34.795 34.7937 34.4637 33.2266 29.9733 22.5674 18.5583 11.5242 6.70243 6.8318 11.6649 18.4433 22.5577 15.0957 5.87748 2.11754 1.1676 1.16695 2.1157 5.87071 
12.6023 4.98017 1.93794 1.14089 1.13958 1.93065 4.95134 12.6023 21.2106 12.6035 5.21185 2.6828 2.6815 5.21323 12.6533 21.2848 30.7628 33.3522 34.5063 34.744 34.744 34.5063 33.3522 30.7628 32.5787 33.9515 34.3557 34.4744 34.4744 34.3557 33.9515 32.5787 29.5021 32.8242 34.2314 34.6261 34.623 34.2218 32.831 29.4538 21.9706 18.1733 11.4366 6.68527 6.90132 11.6713 17.984 21.9094 14.4093 5.61055 2.07135 1.16889 1.16779 2.0684 5.6007 
12.0835 4.75403 1.88309 1.13323 1.13188 1.87538 4.72314 12.0835 20.6646 12.2783 5.09464 2.644 2.64255 5.09358 12.3164 20.7374 30.0952 32.7833 33.9388 34.1242 34.1242 33.9388 32.7833 30.0952 31.9069 33.644 34.0568 34.033 34.033 34.0568 33.644 31.9069 28.1405 31.8551 33.5987 34.1089 34.1041 33.583 31.8701 28.0812 20.4509 16.9357 10.7427 6.28274 6.48369 10.967 16.7504 20.3745 13.3234 5.16302 1.95241 1.14778 1.14676 1.94959 5.15384 
11.0348 4.28475 1.74679 1.10446 1.10376 1.74276 4.26886 11.0348 19.5926 11.299 4.60572 2.3756 2.37599 4.61175 11.3808 19.646 28.7087 31.4164 32.631 32.7784 32.7784 32.631 31.4164 28.7087 30.7493 32.9811 33.4207 33.0784 33.0784 33.4207 32.9811 30.7493 25.9981 30.5778 32.3853 33.0088 32.9729 32.3598 30.5393 25.9509 17.4082 13.9793 8.78138 5.07739 5.29034 9.07241 13.9775 17.5006 11.6832 4.66797 1.81149 1.11773 1.11687 1.80765 4.6489 
6.80097 2.51207 1.24492 1.0211 1.0211 1.24492 2.51207 6.80097 14.11 6.37308 2.40917 1.29343 1.29343 2.40917 6.37308 14.11 27.1858 30.2831 32.0534 32.5305 32.5305 32.0534 30.2831 27.1858 29.2949 32.6455 33.5851 33.3179 33.292 33.5705 32.6117 29.3055 23.2646 29.547 32.6695 33.5298 33.4767 32.6053 29.5407 23.1298 8.1775 5.20758 2.95571 1.78273 1.7783 2.95116 5.17123 8.12913 4.31203 1.86753 1.12256 1.0122 1.0123 1.12412 1.8797 
5.73491 2.07951 1.14083 1.00898 1.00898 1.14083 2.07951 5.73491 12.8836 5.23738 1.92493 1.13329 1.13329 1.92493 5.23738 12.8836 27.4073 31.1099 33.2324 33.7768 33.7768 33.2324 31.1099 27.4073 29.3649 32.9075 33.9215 34.0513 34.0496 33.913 32.893 29.4243 22.6983 29.6706 33.1834 34.1623 34.1253 33.1117 29.6747 22.5566 6.50639 4.21862 2.23428 1.44167 1.44681 2.23968 4.23259 6.50865 3.24128 1.48705 1.05709 1.00448 1.00444 1.05714 1.48877 
5.30048 1.89926 1.10526 1.00579 1.00579 1.10526 1.89926 5.30048 12.5349 4.9422 1.81818 1.10615 1.10615 1.81818 4.9422 12.5349 27.4326 31.3987 33.8316 34.4514 34.4514 33.8316 31.3987 27.4326 29.3622 33.0391 34.1329 34.4408 34.4374 34.1237 33.0261 29.425 22.3985 29.6895 33.3515 34.374 34.3291 33.2724 29.6943 22.2526 5.43007 3.4099 1.83774 1.31015 1.3145 1.84003 3.42488 5.42715 2.44226 1.24654 1.02544 1.00204 1.00203 1.02574 1.24939 
5.20075 1.85201 1.09545 1.00507 1.00507 1.09545 1.85201 5.20075 12.5284 4.91294 1.80332 1.10133 1.10133 1.80332 4.91294 12.5284 27.4635 31.4566 33.9785 34.6104 34.6104 33.9785 31.4566 27.4635 29.3819 33.1483 34.2882 34.6349 34.6325 34.2825 33.1399 29.4201 22.3718 29.7708 33.438 34.404 34.3753 33.3936 29.787 22.2343 5.28477 3.05961 1.63854 1.20914 1.21128 1.63954 3.06959 5.28325 2.33354 1.22081 1.02235 1.00161 1.0016 1.02243 1.22223 
5.19114 1.85053 1.0952 1.00505 1.00507 1.09545 1.85201 5.20075 12.5284 4.91294 1.80569 1.10174 1.10174 1.80569 4.90412 12.6075 27.4026 31.4734 33.98 34.6116 34.6104 33.9785 31.4566 27.4635 29.4201 33.1399 34.2825 34.6325 34.6325 34.2825 33.1399 29.4201 22.2343 29.787 33.3936 34.3753 34.404 33.438 29.7708 22.3718 5.28325 3.06959 1.63954 1.21128 1.21109 1.63854 3.06959 5.28325 2.33354 1.22081 1.02235 1.00161 1.00161 1.02235 1.22081 
5.28531 1.89628 1.10476 1.00575 1.00579 1.10526 1.89926 5.30048 12.5349 4.9422 1.82194 1.10681 1.10681 1.82194 4.9331 12.6126 27.377 31.4157 33.8359 34.4538 34.4514 33.8316 31.3987 27.4326 29.425 33.0261 34.1237 34.4374 34.4374 34.1237 33.0261 29.425 22.2526 29.6943 33.2724 34.3291 34.374 33.3515 29.6895 22.3985 5.42715 3.42488 1.84003 1.3145 1.31402 1.83774 3.42488 5.42715 2.44226 1.24654 1.02544 1.00204 1.00204 1.02544 1.24654 
5.71734 2.07585 1.14023 1.00893 1.00898 1.14083 2.07951 5.73491 12.8836 5.23738 1.9299 1.13433 1.13433 1.9299 5.22746 12.9601 27.3555 31.1241 33.2368 33.7789 33.7768 33.2324 31.1099 27.4073 29.4243 32.893 33.913 34.0496 34.0496 33.913 32.893 29.4243 22.5566 29.6747 33.1117 34.1253 34.1623 33.1834 29.6706 22.6983 6.50865 4.23259 2.23968 1.44681 1.44523 2.23428 4.23259 6.50865 3.24128 1.48705 1.05709 1.00448 1.00448 1.05709 1.48705 
6.75047 2.49842 1.24245 1.02083 1.0211 1.24492 2.51207 6.80097 14.11 6.37308 2.41226 1.29408 1.29408 2.41226 6.36281 14.1833 27.1393 30.2914 32.0507 32.5318 32.5305 32.0534 30.2831 27.1858 29.3055 32.6117 33.5705 33.292 33.292 33.5705 32.6117 29.3055 23.1298 29.5407 32.6053 33.4767 33.5298 32.6695 29.547 23.2646 8.12913 5.17123 2.95116 1.7783 1.77968 2.95571 5.17123 8.12913 4.31203 1.86753 1.12256 1.0122 1.0122 1.12256 1.86753 
4.96329 1.79237 1.08614 1.00458 1.00455 1.08609 1.7924 4.96175 11.9126 4.86416 1.80247 1.11357 1.11361 1.80295 4.83893 11.8807 23.9765 26.5123 27.9738 28.4462 28.4504 27.9743 26.6021 24.1201 26.2453 28.5204 28.1595 27.8949 27.8949 28.1595 28.5204 26.2453 21.939 27.7208 30.7258 31.8018 31.6411 30.6723 27.5483 22.0106 9.19193 5.47434 2.97872 1.91586 1.93161 2.99858 5.5014 9.20672 5.22062 2.27797 1.25373 1.03437 1.03319 1.24831 2.26491 
5.25377 1.86457 1.09554 1.00524 1.00518 1.09546 1.86461 5.25272 12.5127 5.01946 1.82906 1.11136 1.11138 1.82942 5.00331 12.5064 25.8139 29.5104 31.4308 32.0506 32.0473 31.426 29.4872 25.9054 25.5304 28.5288 29.1218 29.6052 29.6052 29.1218 28.5288 25.5304 20.9079 27.3566 31.1628 32.7727 32.6403 31.087 27.1874 21.0232 7.67807 4.00933 1.85034 1.19746 1.19686 1.85354 4.03406 7.67777 4.11149 1.81912 1.11841 1.00914 1.0092 1.11906 1.82378 
5.3835 1.89643 1.09976 1.00559 1.00553 1.09969 1.89647 5.3824 12.8379 5.13463 1.85607 1.11598 1.11602 1.85648 5.11788 12.8286 26.6099 30.8298 33.1276 33.8425 33.8399 33.1238 30.8004 26.7155 25.3834 28.7317 29.939 30.825 30.825 29.939 28.7317 25.3834 20.1776 27.1965 31.4026 33.2468 33.1094 31.324 27.0427 20.3111 6.62729 3.18092 1.44321 1.0249 1.02364 1.44701 3.20663 6.62701 3.31012 1.51522 1.06181 1.00347 1.00356 1.06262 1.52013 
5.38046 1.88609 1.0972 1.00532 1.00529 1.09718 1.88613 5.37931 12.9119 5.12557 1.84941 1.11299 1.11302 1.84979 5.11299 12.9037 26.7781 31.0858 33.6033 34.3137 34.3126 33.6018 31.0543 26.8746 25.6383 29.2291 30.8806 32.0568 32.0568 30.8806 29.2291 25.6383 19.9768 27.5242 31.7767 33.613 33.5364 31.7248 27.4244 20.0665 6.21282 2.88798 1.34054 1.01136 1.01047 1.34213 2.90305 6.21253 2.97507 1.37964 1.03906 1.00172 1.00176 1.03949 1.38235 
5.37931 1.88613 1.09718 1.00529 1.00529 1.09718 1.88613 5.37931 12.9037 5.11299 1.84979 1.11302 1.11299 1.84979 5.11299 12.9037 26.7781 31.0858 33.6033 34.3137 34.3137 33.6033 31.0858 26.7781 25.7013 29.2462 30.8802 32.0566 32.0568 30.8806 29.2291 25.6383 20.0665 27.4244 31.6261 33.5364 33.5364 31.6261 27.4244 20.0665 6.21253 2.90305 1.34213 1.01047 1.00962 1.34379 2.88798 6.21282 2.98738 1.38235 1.03949 1.00176 1.00172 1.03906 1.37964 
5.3824 1.89647 1.09969 1.00553 1.00553 1.09969 1.89647 5.3824 12.8286 5.11788 1.85648 1.11602 1.11598 1.85648 5.11788 12.8286 26.6099 30.8298 33.1276 33.8425 33.8425 33.1276 30.8298 26.6099 25.4839 28.7651 29.9388 30.8246 30.825 29.939 28.7317 25.3834 20.3111 27.0427 31.1679 33.1094 33.1094 31.1679 27.0427 20.3111 6.62701 3.20663 1.44701 1.02364 1.02243 1.45093 3.18092 6.62729 3.33227 1.52013 1.06262 1.00356 1.00347 1.06181 1.51522 
5.25272 1.86461 1.09546 1.00518 1.00518 1.09546 1.86461 5.25272 12.5064 5.00331 1.82942 1.11138 1.11136 1.82942 5.00331 12.5064 25.8139 29.5104 31.4308 32.0506 32.0506 31.4308 29.5104 25.8139 25.6282 28.5598 29.1223 29.6054 29.6052 29.1218 28.5288 25.5304 21.0232 27.1874 30.9381 32.6403 32.6403 30.9381 27.1874 21.0232 7.67777 4.03406 1.85354 1.19686 1.19669 1.85772 4.00933 7.67807 4.13593 1.82378 1.11906 1.0092 1.00914 1.11841 1.81912 
4.96175 1.7924 1.08609 1.00455 1.00455 1.08609 1.7924 4.96175 11.8807 4.83893 1.80295 1.11361 1.11357 1.80295 4.83893 11.8807 23.9765 26.5123 27.9738 28.4462 28.4462 27.9738 26.5123 23.9765 26.2476 28.4141 28.156 27.8932 27.8949 28.1595 28.5204 26.2453 22.0106 27.5483 30.5035 31.6411 31.6411 30.5035 27.5483 22.0106 9.20672 5.5014 2.99858 1.93161 1.94856 3.01505 5.47434 9.19193 5.2267 2.26491 1.24831 1.03319 1.03437 1.25373 2.27797 
2.41399 1.18867 1.01316 1.00038 1.00038 1.01316 1.18867 2.41399 6.03915 2.32558 1.17728 1.01402 1.01423 1.17728 2.32558 6.03915 14.1834 11.9611 11.9203 11.9584 11.9584 11.9203 11.9611 14.1834 20.7459 18.1077 15.1932 14.4135 14.2503 14.9897 17.915 20.6558 21.9183 26.2606 28.0172 28.5658 28.5658 28.0172 26.2606 21.9183 12.7726 10.1698 8.31095 6.57391 6.68611 8.34697 10.1776 12.8423 8.07183 4.84158 2.45127 1.44524 1.44524 2.45127 4.86206 
1.74517 1.0773 1.00401 0.999864 0.999864 1.00401 1.0773 1.74517 4.49944 1.73156 1.07389 1.00338 1.00357 1.07389 1.73156 4.49944 12.5475 7.36405 5.4411 5.06525 5.06525 5.4411 7.36405 12.5475 22.1896 17.7967 13.0265 10.6026 10.5848 12.9852 17.7601 22.2409 24.1215 28.2762 30.0999 30.8796 30.8796 30.0999 28.2762 24.1215 15.6083 13.6524 12.2504 10.287 10.4752 12.2922 13.6526 15.6622 10.4788 6.55273 3.23816 1.75989 1.75989 3.23816 6.58019 
1.54594 1.0501 1.00216 0.999925 0.999925 1.00216 1.0501 1.54594 3.8353 1.5642 1.05392 1.00249 1.00271 1.05392 1.5642 3.8353 11.6846 5.27949 2.58884 1.98627 1.98627 2.58884 5.27949 11.6846 22.7659 16.9437 10.9188 7.49952 7.47862 10.873 16.9027 22.8309 26.2707 30.1775 31.9169 32.6844 32.6844 31.9169 30.1775 26.2707 17.7136 15.1672 13.1987 10.8206 11.0164 13.2552 15.1682 17.769 12.051 7.53663 3.58795 1.87329 1.87329 3.58795 7.56839 
1.51093 1.04615 1.00195 0.99992 0.99992 1.00195 1.04615 1.51093 3.66539 1.52953 1.05376 1.00358 1.00368 1.05376 1.52953 3.66539 11.2511 4.73852 1.98009 1.35948 1.35948 1.98009 4.73852 11.2511 22.936 15.0411 8.32022 4.94649 4.93234 8.29509 15.012 22.9814 27.9083 31.5427 33.0397 33.6652 33.6652 33.0397 31.5427 27.9083 19.7339 16.1128 12.8646 9.73582 9.84178 12.9162 16.1149 19.7796 13.1691 7.35196 3.15056 1.6726 1.6726 3.15056 7.38324 
1.51247 1.04628 1.00195 0.99992 0.99992 1.00195 1.04615 1.51093 3.64148 1.53088 1.05419 1.00368 1.00358 1.05376 1.52953 3.66539 11.2511 4.73852 1.98009 1.35948 1.36143 1.98506 4.72266 11.2164 22.9814 15.012 8.29509 4.93234 4.93234 8.29509 15.012 22.9814 27.903 31.5442 33.0103 33.6529 33.669 33.0454 31.5469 27.9083 19.759 16.1149 12.9162 9.84178 9.68166 12.8646 16.1128 19.7339 13.1027 7.38324 3.15056 1.6726 1.67258 3.15036 7.35196 
1.54913 1.05042 1.00216 0.999925 0.999925 1.00216 1.0501 1.54594 3.8097 1.56685 1.05468 1.00271 1.00249 1.05392 1.5642 3.8353 11.6846 5.27949 2.58884 1.98627 1.98837 2.59545 5.25694 11.6301 22.8309 16.9027 10.873 7.47862 7.47862 10.873 16.9027 22.8309 26.2595 30.1779 31.8764 32.6632 32.6921 31.9272 30.1696 26.2707 17.7745 15.1682 13.2552 11.0164 10.7247 13.1987 15.1672 17.7136 11.9716 7.56839 3.58795 1.87329 1.87332 3.58744 7.53663 
1.7475 1.07757 1.00401 0.999864 0.999864 1.00401 1.0773 1.74517 4.46741 1.73395 1.07458 1.00357 1.00338 1.07389 1.73156 4.49944 12.5475 7.36405 5.4411 5.06525 5.07368 5.45503 7.34349 12.5011 22.2409 17.7601 12.9852 10.5848 10.5848 12.9852 17.7601 22.2409 24.1173 28.2807 30.0732 30.8688 30.8965 30.1165 28.2684 24.1215 15.6674 13.6526 12.2922 10.4752 10.1945 12.2504 13.6524 15.6083 10.4093 6.58019 3.23816 1.75989 1.7599 3.23773 6.55273 
2.40424 1.18726 1.01315 1.00038 1.00038 1.01316 1.18867 2.41399 6.03555 2.33461 1.17842 1.01423 1.01402 1.17728 2.32558 6.03915 14.1834 11.9611 11.9203 11.9584 11.8609 11.827 12.0428 14.2268 20.6558 17.915 14.9897 14.2503 14.2503 14.9897 17.915 20.6558 21.833 26.1817 27.9514 28.4911 28.4482 27.9106 26.1634 21.9183 12.7876 10.1776 8.34697 6.68611 6.52079 8.31095 10.1698 12.7726 8.02412 4.86206 2.45127 1.44524 1.44522 2.45104 4.84158 
1.11726 1.00832 1.00032 0.99995 0.99995 1.00033 1.00824 1.11406 2.05448 1.18229 1.01676 1.0013 1.00127 1.01712 1.18646 2.144 6.49751 5.4512 4.94716 4.82697 4.82697 4.94716 5.4512 6.49751 9.16076 6.1859 4.73074 4.38487 4.38487 4.73074 6.1859 9.16076 12.7138 16.1711 17.0121 16.8073 16.7878 16.9865 16.0353 12.6019 4.70645 3.97393 2.89116 1.84263 1.83992 2.87935 3.94204 4.66936 2.89918 1.68154 1.16811 1.02688 1.02688 1.16815 1.68165 
1.01519 1.00078 0.999856 0.999868 0.999868 0.999859 1.00079 1.01498 1.18516 1.02407 1.00195 0.999954 0.999928 1.00185 1.02386 1.19749 2.33399 1.91326 1.78083 1.74433 1.74433 1.78083 1.91326 2.33399 4.54916 2.99555 1.98447 1.77362 1.77362 1.98447 2.99555 4.54916 6.60694 8.56575 8.53773 7.88808 7.84279 8.45994 8.60308 6.63102 2.36362 2.00613 1.51956 1.14972 1.15384 1.52475 2.00129 2.36108 1.75338 1.23787 1.04263 1.00466 1.00466 1.04263 1.23784 
1.00102 0.99996 0.999976 0.999996 0.999996 0.999976 0.99996 1.001 1.01737 1.00139 0.999943 0.999955 0.999956 0.999924 1.00135 1.01903 1.22675 1.10865 1.08593 1.07897 1.07897 1.08593 1.10865 1.22675 2.15982 1.5387 1.1588 1.10254 1.10254 1.1588 1.5387 2.15982 3.00763 3.88234 3.61037 3.11906 3.0973 3.56842 3.88204 3.00821 1.27824 1.18867 1.06931 1.01253 1.0129 1.0705 1.1879 1.27783 1.15462 1.03801 1.00452 1.00026 1.00026 1.00452 1.038 
1.00004 0.999978 0.999999 1 1 0.999999 0.999979 1.00004 1.00097 0.999807 0.999954 1 1 0.999954 0.9998 1.00115 1.03246 1.00776 1.00485 1.00424 1.00424 1.00485 1.00776 1.03246 1.34538 1.12168 1.02213 1.01095 1.01095 1.02213 1.12168 1.34538 1.63786 1.98719 1.83512 1.58109 1.57324 1.82012 1.98877 1.63909 1.03703 1.02615 1.00595 1.00036 1.00039 1.00611 1.02606 1.037 1.02179 1.00368 1.0002 0.999903 0.999903 1.0002 1.00368 
1.00004 0.999979 0.999999 1 1 0.999999 0.999979 1.00004 1.00115 0.9998 0.999954 1 1 0.999954 0.999807 1.00097 1.03236 1.00782 1.00491 1.00429 1.00424 1.00485 1.00776 1.03246 1.34485 1.12171 1.02213 1.01095 1.01095 1.02213 1.12168 1.34538 1.63909 1.98877 1.82012 1.57324 1.58109 1.83512 1.98719 1.63786 1.037 1.02606 1.00623 1.00041 1.00041 1.00623 1.02606 1.037 1.02179 1.00368 1.0002 0.999903 0.999903 1.0002 1.00368 
1.001 0.99996 0.999976 0.999996 0.999996 0.999976 0.99996 1.001 1.01903 1.00135 0.999943 0.999955 0.999955 0.999943 1.00139 1.01737 1.22612 1.10899 1.08648 1.07938 1.07897 1.08593 1.10865 1.22675 2.15648 1.53885 1.15881 1.10255 1.10254 1.1588 1.5387 2.15982 3.00821 3.88204 3.56842 3.0973 3.11906 3.61037 3.88234 3.00763 1.27783 1.1879 1.07129 1.01308 1.01308 1.07129 1.1879 1.27783 1.15462 1.03801 1.00452 1.00026 1.00026 1.00452 1.03801 
1.01498 1.00079 0.999859 0.999868 0.999868 0.999859 1.00079 1.01498 1.19749 1.02386 1.00195 0.999954 0.999954 1.00195 1.02407 1.18516 2.32902 1.91509 1.7842 1.74689 1.74433 1.78083 1.91326 2.33399 4.54057 2.99546 1.98454 1.77368 1.77362 1.98447 2.99555 4.54916 6.63102 8.60308 8.45994 7.84279 7.88808 8.53773 8.56575 6.60694 2.36108 2.00129 1.52761 1.15517 1.15517 1.52761 2.00129 2.36108 1.75338 1.23787 1.04263 1.00466 1.00466 1.04263 1.23787 
1.11406 1.00824 1.00033 0.99995 0.99995 1.00033 1.00824 1.11406 2.144 1.18646 1.01676 1.0013 1.0013 1.01676 1.18229 2.05448 6.43618 5.42004 4.921 4.80135 4.82697 4.94716 5.4512 6.49751 9.08519 6.13677 4.72988 4.38407 4.38487 4.73074 6.1859 9.16076 12.6019 16.0353 16.9865 16.7878 16.8073 17.0121 16.1711 12.7138 4.66936 3.94204 2.87113 1.8377 1.8377 2.87113 3.94204 4.66936 2.89918 1.68154 1.16811 1.02688 1.02688 1.16811 1.68154 
1.01292 1.00093 1.00009 1.00009 1.00009 1.00009 1.00093 1.01292 1.17073 1.02844 1.00295 1.00032 1.00032 1.00295 1.02852 1.16841 2.08116 1.84069 1.72157 1.72149 1.72149 1.72157 1.84069 2.08116 3.73335 2.27923 1.85022 1.63845 1.63845 1.85022 2.27923 3.73335 6.11066 7.76827 7.80834 7.66072 7.71831 7.90773 7.87833 6.19043 2.43433 1.92441 1.58948 1.20927 1.20927 1.58948 1.92441 2.43433 1.5328 1.10924 1.01756 1.00251 1.00251 1.01756 1.10924 
1.00082 1.00001 0.999988 0.999999 0.999999 0.999988 1.00001 1.00082 1.01516 1.00211 1.00007 0.999947 0.999947 1.00007 1.00212 1.01486 1.18903 1.1435 1.12375 1.1175 1.1175 1.12375 1.1435 1.18903 1.71569 1.27143 1.14682 1.09047 1.09047 1.14682 1.27143 1.71569 2.26177 2.7263 2.73967 2.65257 2.66496 2.76289 2.75549 2.28165 1.31665 1.18111 1.09005 1.02148 1.02148 1.09005 1.18111 1.31665 1.10909 1.01691 1.00191 1.00005 1.00005 1.00191 1.01691 
1.00004 0.999987 1 1 1 1 0.999987 1.00004 1.00072 0.999915 0.999948 0.999989 0.999989 0.999948 0.999918 1.00069 1.02303 1.01677 1.01434 1.01283 1.01283 1.01434 1.01677 1.02303 1.1159 1.03003 1.0153 1.00741 1.00741 1.0153 1.03003 1.1159 1.20667 1.30255 1.29651 1.25679 1.25944 1.30221 1.30959 1.21121 1.04727 1.02423 1.00798 1.00123 1.00123 1.00798 1.02423 1.04727 1.01354 1.00156 1.00003 0.999946 0.999946 1.00003 1.00156 
1.0001 1 1 1 1 1 1 1.0001 0.999956 0.999854 0.999992 1 1 0.999992 0.999854 0.999955 1.00189 1.00124 1.00116 1.00095 1.00095 1.00116 1.00124 1.00189 1.01085 1.00183 1.00085 1.00034 1.00034 1.00085 1.00183 1.01085 1.01803 1.02995 1.02819 1.02078 1.02117 1.0292 1.03113 1.01872 1.00391 1.00176 1.00032 0.99993 0.99993 1.00032 1.00176 1.00391 1.00111 1 0.999952 0.999993 0.999993 0.999952 1 
0 0 0 0 1 1 1 1.0001 0.999955 0.999854 0.999992 1 1 0.999993 0.999854 0.999956 1.00189 1.00124 1.00116 1.00095 1.00093 1.00114 1.00121 1.00186 1.01061 1.0018 1.00083 1.00033 1.00034 1.00085 1.00183 1.01085 1.01872 1.03113 1.0292 1.02117 1.02078 1.02819 1.02995 1.01803 1.00384 1.00172 1.0003 0.999928 0.99993 1.00032 1.00176 1.00391 1.00111 1 0.999952 0.999993 0 0 0 
0 0 0 0 1 1 0.999987 1.00004 1.00069 0.999918 0.999948 0.999989 0.999989 0.999948 0.999915 1.00072 1.02303 1.01677 1.01434 1.01283 1.01267 1.01413 1.01651 1.02274 1.114 1.02964 1.01505 1.00728 1.00741 1.0153 1.03003 1.1159 1.21121 1.30959 1.30221 1.25944 1.25679 1.29651 1.30255 1.20667 1.04683 1.02389 1.00789 1.00122 1.00123 1.00798 1.02423 1.04727 1.01354 1.00156 1.00003 0.999946 0 0 0 
0 0 0 0 0.999999 0.999988 1.00001 1.00082 1.01486 1.00212 1.00007 0.999947 0.999947 1.00006 1.00211 1.01516 1.18903 1.1435 1.12375 1.1175 1.11645 1.12254 1.14197 1.1875 1.70722 1.26965 1.14523 1.08947 1.09047 1.14682 1.27143 1.71569 2.28165 2.75549 2.76289 2.66496 2.65257 2.73967 2.7263 2.26177 1.31553 1.17961 1.08951 1.02136 1.02148 1.09005 1.18111 1.31665 1.10909 1.01691 1.00191 1.00005 0 0 0 
