0 0 0 0 1.00075 1.0105 1.08711 1.49087 2.38539 1.60209 1.12963 1.02214 1.02211 1.1294 1.60092 2.386 3.04879 3.27942 2.65363 2.04844 2.04504 2.64694 3.27465 3.0442 1.70516 1.27073 1.18548 1.34083 1.34194 1.19194 1.27677 1.70375 1.52189 2.22351 3.46237 4.26419 4.25856 3.45726 2.22025 1.51224 1.15046 1.11605 1.03648 1.00492 1.00492 1.03648 1.11606 1.15048 1.07033 1.00903 1.00073 1.00005 0 0 0 
0 0 0 0 1.00001 1.00162 1.01648 1.09488 1.23562 1.08818 1.01619 1.00203 1.00203 1.01611 1.08777 1.23498 1.3584 1.38573 1.24743 1.12458 1.12404 1.24626 1.38534 1.3584 1.12771 1.03075 1.01345 1.04355 1.04331 1.01384 1.03098 1.12666 1.07423 1.29017 1.84182 2.16887 2.17708 1.84993 1.29336 1.07474 1.01448 1.0158 1.00413 1.00038 1.00038 1.00413 1.0158 1.01448 1.00726 1.00077 0.999975 0.999983 0 0 0 
0 0 0 0 0.999951 1.00002 1.00187 1.01152 1.0242 1.00751 1.00106 0.999897 0.999895 1.00105 1.00744 1.02402 1.03402 1.03413 1.01948 1.00741 1.00735 1.01932 1.03409 1.03407 1.01452 1.00422 1.00202 1.00499 1.00494 1.00204 1.00421 1.01436 1.00964 1.05567 1.19713 1.2731 1.27572 1.19973 1.05645 1.00979 1.00097 1.0012 1.00028 0.999973 0.999973 1.00028 1.0012 1.00097 1.00062 0.999974 0.999986 1 0 0 0 
0 0 0 0 0.999992 0.999954 1.00004 1.00108 1.00122 1.00004 0.999918 0.999955 0.999955 0.999916 1.00003 1.0012 1.00161 1.00124 1.00054 1.00007 1.00006 1.00053 1.00124 1.00162 1.0014 1.00044 1.00053 1.00052 1.00051 1.00052 1.00043 1.00137 1.00094 1.00699 1.03135 1.0455 1.04606 1.03183 1.0071 1.00096 1.00001 0.999903 0.999959 0.999989 0.999989 0.999959 0.999903 1.00001 1.00005 0.999979 1 1 0 0 0 
1.00108 1.00004 0.999954 0.999992 0.999992 0.999954 1.00004 1.00108 1.0012 1.00003 0.999918 0.999955 0.999955 0.999918 1.00003 1.00122 1.00162 1.00124 1.00053 1.00006 1.00006 1.00053 1.00124 1.00162 1.0014 1.00044 1.00053 1.00052 1.00052 1.00053 1.00044 1.0014 1.00096 1.0071 1.03183 1.04606 1.04606 1.03183 1.0071 1.00096 1.00001 0.999903 0.999959 0.999989 0.999989 0.999959 0.999903 1.00001 1.00005 0.999979 1 1 1 1 0.999979 
1.01152 1.00187 1.00002 0.999951 0.999951 1.00002 1.00187 1.01152 1.02402 1.00744 1.00106 0.999897 0.999897 1.00106 1.00744 1.0242 1.03407 1.03409 1.01932 1.00735 1.00735 1.01932 1.03409 1.03407 1.01452 1.00422 1.00202 1.00499 1.00499 1.00202 1.00422 1.01452 1.00979 1.05645 1.19973 1.27572 1.27572 1.19973 1.05645 1.00979 1.00097 1.0012 1.00028 0.999973 0.999973 1.00028 1.0012 1.00097 1.00062 0.999974 0.999986 1 1 0.999986 0.999974 
1.09488 1.01648 1.00162 1.00001 1.00001 1.00162 1.01648 1.09488 1.23498 1.08777 1.01619 1.00203 1.00203 1.01619 1.08777 1.23562 1.3584 1.38534 1.24626 1.12404 1.12404 1.24626 1.38534 1.3584 1.12771 1.03075 1.01345 1.04355 1.04355 1.01345 1.03075 1.12771 1.07474 1.29336 1.84993 2.17708 2.17708 1.84993 1.29336 1.07474 1.01448 1.0158 1.00413 1.00038 1.00038 1.00413 1.0158 1.01448 1.00726 1.00077 0.999975 0.999983 0.999983 0.999975 1.00077 
1.49087 1.08711 1.0105 1.00075 1.00075 1.0105 1.08711 1.49087 2.386 1.60092 1.12963 1.02214 1.02214 1.12963 1.60092 2.38539 3.0442 3.27465 2.64694 2.04504 2.04504 2.64694 3.27465 3.0442 1.70516 1.27073 1.18548 1.34083 1.34083 1.18548 1.27073 1.70516 1.51224 2.22025 3.45726 4.25856 4.25856 3.45726 2.22025 1.51224 1.15048 1.11606 1.03648 1.00492 1.00492 1.03648 1.11606 1.15048 1.07033 1.00903 1.00073 1.00005 1.00005 1.00073 1.00903 
3.01274 1.51404 1.08158 1.00767 1.00767 1.08158 1.51404 3.01274 5.15446 3.04434 1.51899 1.09905 1.09676 1.5099 3.02188 5.12807 7.07727 7.90542 6.51647 5.18365 5.18365 6.51647 7.90542 7.07727 4.04446 3.26961 2.94779 3.20749 3.20279 2.91775 3.25908 4.04209 5.08581 6.21279 6.86821 7.50523 7.50828 6.87492 6.21211 5.08451 1.85297 1.46902 1.14812 1.03529 1.03587 1.14861 1.448 1.85312 1.28965 1.03217 1.00006 0.999789 0.999789 1.00006 1.03215 
1.65627 1.14171 1.01779 1.00114 1.00114 1.01779 1.14171 1.65627 2.35836 1.56902 1.10438 1.01407 1.01423 1.10492 1.56977 2.36491 2.94501 3.19967 2.60785 2.01487 2.01487 2.60785 3.19967 2.94501 1.68518 1.41958 1.32509 1.45078 1.44856 1.30492 1.40585 1.67527 1.9748 2.45094 2.81629 3.2078 3.20827 2.81894 2.45084 1.97458 1.1119 1.03858 1.00372 1.0004 1.00032 1.0028 1.03653 1.11189 1.02188 0.99928 0.99948 0.999874 0.999874 0.99948 0.999281 
1.11438 1.02037 1.00192 0.999939 0.999939 1.00192 1.02037 1.11438 1.2319 1.07748 1.00997 1.0005 1.00052 1.01002 1.07754 1.23289 1.34595 1.38389 1.24965 1.12282 1.12282 1.24965 1.38389 1.34595 1.07769 1.03133 1.01904 1.04602 1.046 1.01623 1.02919 1.07694 1.13377 1.25124 1.35792 1.48279 1.48285 1.35914 1.25124 1.13376 1.00474 0.997176 0.998388 0.99989 0.999878 0.998296 0.99689 1.00474 1.00027 0.99984 1.00001 1 1 1.00001 0.99984 
1.0141 1.00192 0.999963 0.999939 0.999939 0.999963 1.00192 1.0141 1.02407 1.00594 1.00016 0.999816 0.999816 1.00017 1.00596 1.02422 1.03776 1.03886 1.02272 1.00798 1.00798 1.02272 1.03886 1.03776 1.0081 1.00326 1.00206 1.00553 1.0057 1.00188 1.00314 1.00826 1.00932 1.02462 1.04711 1.07202 1.07202 1.04741 1.02462 1.00932 0.999828 0.999136 0.999833 1.00003 1.00003 0.999822 0.999108 0.999828 1.00011 1.00005 1.00001 1 1 1.00001 1.00005 
1.0141 1.00191 0.999961 0.999939 0.999939 0.999963 1.00192 1.0141 1.02422 1.00596 1.00017 0.999816 0.999816 1.00016 1.00596 1.02422 1.03784 1.03876 1.02251 1.0079 1.00798 1.02272 1.03886 1.03776 1.00826 1.00314 1.00188 1.0057 1.0057 1.00188 1.00314 1.00826 1.00932 1.02462 1.04741 1.07202 1.07202 1.04711 1.02462 1.00932 0.999828 0.999108 0.999822 1.00003 1.00003 0.999833 0.999136 0.999853 1.00011 1.00005 1.00001 1 1 1.00001 1.00005 
1.11437 1.0203 1.00191 0.999937 0.999939 1.00192 1.02037 1.11438 1.23289 1.07754 1.01002 1.00052 1.0005 1.00997 1.07754 1.23289 1.34582 1.38297 1.2486 1.12238 1.12282 1.24965 1.38389 1.34595 1.07694 1.02919 1.01623 1.046 1.046 1.01623 1.02919 1.07694 1.13376 1.25124 1.35914 1.48285 1.48279 1.35792 1.25124 1.13377 1.00474 0.99689 0.998296 0.999878 0.999894 0.998401 0.997176 1.00511 1.00029 0.99984 1.00001 1 1 1.00001 0.99984 
1.65584 1.14115 1.01767 1.00113 1.00114 1.01779 1.14171 1.65627 2.36491 1.56977 1.10492 1.01423 1.01407 1.10438 1.56977 2.36491 2.93851 3.19078 2.60004 2.01101 2.01487 2.60785 3.19967 2.94501 1.67527 1.40585 1.30492 1.44856 1.44856 1.30492 1.40585 1.67527 1.97458 2.45084 2.81894 3.20827 3.2078 2.81629 2.45094 1.9748 1.11189 1.03653 1.0028 1.00032 1.00046 1.00377 1.03858 1.11702 1.02197 0.999281 0.99948 0.999874 0.999874 0.99948 0.99928 
3.0338 1.5195 1.08241 1.00776 1.00767 1.08158 1.51404 3.01274 5.12807 3.02188 1.5099 1.09676 1.09905 1.51899 3.02188 5.12807 7.10994 7.95418 6.56265 5.2273 5.18365 6.51647 7.90542 7.07727 4.04209 3.25908 2.91775 3.20279 3.20279 2.91775 3.25908 4.04209 5.08451 6.21211 6.87492 7.50828 7.50523 6.86821 6.21279 5.08581 1.85312 1.448 1.14861 1.03587 1.03818 1.15733 1.46902 1.89899 1.28719 1.03215 1.00006 0.999789 0.999789 1.00006 1.03217 
7.94614 3.39886 1.5439 1.08759 1.08759 1.5439 3.40312 8.00217 12.5901 8.02462 3.56109 1.84608 1.84608 3.56109 8.02462 12.5901 15.8356 17.5497 15.3785 13.634 13.634 15.3785 17.5497 15.8356 10.4174 9.9217 9.46252 9.41736 9.41736 9.46252 9.9217 10.4174 10.0081 11.7475 13.5213 14.5436 14.4075 13.4228 11.8411 10.1733 5.23302 4.10001 2.26757 1.56691 1.55327 2.23413 4.05095 5.20093 4.1189 2.125 1.18001 1.01821 1.01821 1.18001 2.125 
8.83578 3.81372 1.67313 1.11663 1.11663 1.67313 3.80544 8.86059 13.4054 9.05863 4.00923 2.00067 2.00067 4.00923 9.05863 13.4054 13.7095 14.9234 11.6705 8.64844 8.64844 11.6705 14.9234 13.7095 8.64862 7.76261 7.1345 6.429 6.429 7.1345 7.76261 8.64862 9.48798 11.4421 13.2679 14.4969 14.4006 13.2166 11.4435 9.55498 4.40783 3.05337 1.78949 1.21656 1.21712 1.78937 3.06592 4.45842 2.71727 1.5419 1.07408 1.00465 1.00465 1.07408 1.5419 
7.38158 3.09804 1.46593 1.07166 1.07166 1.46593 3.09255 7.39737 11.7785 7.84176 3.35444 1.68782 1.68782 3.35444 7.84176 11.7785 10.889 11.6398 8.21367 5.0396 5.0396 8.21367 11.6398 10.889 5.99679 5.54868 5.23852 4.07279 4.07279 5.23852 5.54868 5.99679 7.30674 9.70326 11.6282 12.9816 12.9089 11.583 9.68993 7.34132 2.91699 2.00498 1.33949 1.0615 1.06197 1.342 2.01757 2.96304 1.72 1.15646 1.01459 1.00048 1.00048 1.01459 1.15646 
5.7313 2.38773 1.26414 1.03005 1.03005 1.26414 2.38507 5.7381 9.6756 6.18775 2.4947 1.34383 1.34383 2.4947 6.18775 9.6756 9.04563 9.48192 6.28218 3.28856 3.28856 6.28218 9.48192 9.04563 3.70014 3.48647 3.46456 2.43728 2.43728 3.46456 3.48647 3.70014 5.05335 7.68727 9.9719 11.8321 11.8111 9.97864 7.72096 5.08837 1.81543 1.32679 1.07495 1.00739 1.00744 1.07549 1.32991 1.83312 1.20807 1.02701 1.0016 0.999958 0.999958 1.0016 1.02701 
5.7381 2.38507 1.26313 1.02982 1.03005 1.26414 2.38773 5.7313 9.64759 6.16556 2.4947 1.34383 1.34256 2.49084 6.18775 9.6756 9.10366 9.52557 6.28218 3.28856 3.29169 6.27115 9.52557 9.10366 3.70073 3.47186 3.46435 2.43728 2.43728 3.46456 3.48647 3.70014 5.04355 7.70859 9.9863 11.8389 11.8321 9.9719 7.68727 5.05335 1.83312 1.32991 1.07549 1.00744 1.00739 1.07495 1.32679 1.81543 1.20807 1.02701 1.0016 0.999958 0.99996 1.00166 1.02771 
7.39737 3.09255 1.4638 1.07102 1.07166 1.46593 3.09804 7.38158 11.781 7.84162 3.35444 1.68782 1.68445 3.34653 7.84176 11.7785 11.0212 11.7108 8.21367 5.0396 5.05371 8.21066 11.7108 11.0212 5.99572 5.51973 5.23821 4.07293 4.07279 5.23852 5.54868 5.99679 7.27362 9.70217 11.6283 12.985 12.9816 11.6282 9.70326 7.30674 2.96304 2.01757 1.342 1.06197 1.0615 1.33949 2.00498 2.91699 1.72 1.15646 1.01459 1.00048 1.00049 1.01493 1.15954 
8.86059 3.80544 1.67008 1.11563 1.11663 1.67313 3.81372 8.83578 13.4044 9.05219 4.00923 2.00067 1.99563 3.99867 9.05863 13.4054 13.867 14.9842 11.6705 8.64844 8.65938 11.6471 14.9842 13.867 8.6467 7.7349 7.13353 6.42873 6.429 7.1345 7.76261 8.64862 9.4684 11.4581 13.2655 14.4996 14.4969 13.2679 11.4421 9.48798 4.45842 3.06592 1.78937 1.21712 1.21656 1.78949 3.05337 4.40783 2.71727 1.5419 1.07408 1.00465 1.00464 1.07425 1.54388 
8.00217 3.40312 1.54346 1.08708 1.08759 1.5439 3.39886 7.94614 12.5925 8.03767 3.56109 1.84608 1.84364 3.55841 8.02462 12.5901 16.201 17.8389 15.3785 13.634 13.5256 15.2443 17.8389 16.201 10.4183 10.0773 9.4677 9.42073 9.41736 9.46252 9.9217 10.4174 10.1537 11.9085 13.5226 14.5504 14.5436 13.5213 11.7475 10.0081 5.20093 4.05095 2.23413 1.55327 1.56691 2.26757 4.10001 5.23302 4.1189 2.125 1.18001 1.01821 1.01835 1.18207 2.13698 
11.3281 4.64047 1.8662 1.12883 1.12883 1.8662 4.64047 11.3281 18.6928 11.2904 4.94845 2.52857 2.55782 4.95262 11.2798 18.81 25.4266 28.0645 29.1542 29.0899 28.8605 28.9414 27.9032 25.2807 21.1749 21.9913 22.2634 21.945 22.1242 22.471 22.1966 21.3483 20.8901 24.0322 25.4091 26.3104 26.3104 25.4091 24.0322 20.8901 15.5277 13.0635 9.18287 5.9834 5.98058 9.17581 13.0503 15.5495 11.0501 4.75581 1.86179 1.12533 1.12498 1.85944 4.7407 
12.1677 4.88612 1.91174 1.14083 1.14083 1.91174 4.88612 12.1677 20.1119 11.7783 5.12307 2.60249 2.62755 5.1209 11.7385 20.1934 28.0795 30.8753 31.6388 31.8809 31.9091 31.6872 30.9638 28.1666 24.4895 24.1939 24.7095 25.3947 25.4057 24.7009 24.1936 24.4939 26.1446 29.9902 31.6307 32.1767 32.1767 31.6307 29.9902 26.1446 17.8716 15.135 10.7123 7.09631 7.10195 10.7276 15.1515 17.9454 12.3996 5.19352 1.9915 1.15072 1.15077 1.99216 5.19452 
12.6556 5.03088 1.9405 1.14667 1.14667 1.9405 5.03088 12.6556 21.1272 12.1396 5.20093 2.60989 2.63452 5.2008 12.0998 21.2206 29.8591 32.6421 33.4848 33.821 33.8541 33.5451 32.7129 29.9307 26.5604 25.7392 26.4255 27.5242 27.541 26.4111 25.7397 26.5652 28.7174 32.4499 33.8043 34.1576 34.1576 33.8043 32.4499 28.7174 19.5713 16.6541 11.7556 7.78416 7.78694 11.7656 16.6739 19.6599 13.588 5.66336 2.12435 1.17591 1.17603 2.1253 5.66484 
12.7444 5.03316 1.93557 1.14404 1.14404 1.93557 5.03316 12.7444 21.635 12.1395 5.09421 2.50413 2.52186 5.09431 12.0987 21.7423 30.691 33.307 34.2084 34.4736 34.4904 34.2391 33.3511 30.7426 28.1588 27.299 28.0551 29.3831 29.3954 28.0436 27.3011 28.1604 29.7008 33.0148 34.3249 34.6397 34.6397 34.3249 33.0148 29.7008 20.5472 17.4892 11.9491 7.74019 7.74189 11.9572 17.5 20.628 14.4205 5.97109 2.19216 1.1868 1.18693 2.19275 5.96998 
12.6918 5.03058 1.9363 1.14451 1.14404 1.93557 5.03316 12.7444 21.7423 12.0987 5.09431 2.52186 2.52186 5.09431 12.0987 21.7423 30.691 33.307 34.2084 34.4736 34.4736 34.2084 33.307 30.691 28.1604 27.3011 28.0436 29.3954 29.3954 28.0436 27.3011 28.1604 29.7316 32.9925 34.3301 34.6395 34.6395 34.3249 32.9925 29.7316 20.628 17.5 11.9572 7.74189 7.79501 11.9948 17.4892 20.5472 14.4391 5.96998 2.19275 1.18693 1.1868 2.19216 5.97109 
12.5817 5.02663 1.94129 1.14734 1.14667 1.9405 5.03088 12.6556 21.2206 12.0998 5.2008 2.63452 2.63452 5.2008 12.0998 21.2206 29.8591 32.6421 33.4848 33.821 33.821 33.4848 32.6421 29.8591 26.5652 25.7397 26.4111 27.541 27.541 26.4111 25.7397 26.5652 28.7391 32.4186 33.8069 34.1533 34.1533 33.8043 32.4186 28.7391 19.6599 16.6739 11.7656 7.78694 7.86457 11.826 16.6541 19.5713 13.6171 5.66484 2.1253 1.17603 1.17591 2.12435 5.66336 
12.092 4.88086 1.91226 1.14144 1.14083 1.91174 4.88612 12.1677 20.1934 11.7385 5.1209 2.62755 2.62755 5.1209 11.7385 20.1934 28.0795 30.8753 31.6388 31.8809 31.8809 31.6388 30.8753 28.0795 24.4939 24.1936 24.7009 25.4057 25.4057 24.7009 24.1936 24.4939 26.1476 29.9264 31.588 32.1465 32.1465 31.6307 29.9264 26.1476 17.9454 15.1515 10.7276 7.10195 7.1765 10.7925 15.135 17.8716 12.4265 5.19452 1.99216 1.15077 1.15072 1.9915 5.19352 
11.2702 4.63473 1.86624 1.12924 1.12883 1.8662 4.64047 11.3281 18.81 11.2798 4.95262 2.55782 2.55782 4.95262 11.2798 18.81 25.4266 28.0645 29.1542 29.0899 29.0899 29.1542 28.0645 25.4266 21.3483 22.1966 22.471 22.1242 22.1242 22.471 22.1966 21.3483 20.9984 24.1182 25.7901 26.402 26.402 25.4091 24.1182 20.9984 15.5495 13.0503 9.17581 5.98058 6.05293 9.24731 13.0635 15.5277 11.0285 4.7407 1.85944 1.12498 1.12533 1.86179 4.75581 
11.1885 4.48233 1.8517 1.13872 1.13966 1.85654 4.50069 11.2614 19.3224 11.7702 5.19352 2.72807 2.72807 5.19352 11.7702 19.3224 28.3877 31.1505 32.2186 32.4511 32.4805 32.2491 31.1939 28.509 30.3962 32.8301 33.3091 32.9506 32.9506 33.3091 32.8301 30.3962 25.5581 30.1603 32.0558 32.7213 32.7213 32.0558 30.1603 25.5581 17.0781 13.5695 8.94314 5.49066 5.49116 8.94666 13.5891 17.0184 11.6968 4.94012 1.92753 1.15225 1.1533 1.93188 4.94019 
12.1673 4.93127 1.99329 1.17469 1.17649 2.00232 4.96557 12.2829 20.4105 12.7492 5.77749 3.05004 3.05004 5.77749 12.7492 20.4105 29.8856 32.6162 33.6531 33.9712 33.9772 33.6752 32.66 30.0415 31.5495 33.4286 33.8959 33.87 33.87 33.8959 33.4286 31.5495 27.6119 31.445 33.3611 33.9181 33.9181 33.3611 31.445 27.6119 20.1073 16.3362 10.9041 6.77584 6.77415 10.8984 16.339 20.0266 13.2802 5.39672 2.06896 1.18767 1.1889 2.07206 5.39694 
12.7354 5.20306 2.06469 1.18613 1.18782 2.07322 5.23505 12.8455 20.9742 13.0807 5.89299 3.09646 3.09646 5.89299 13.0807 20.9742 30.6172 33.2312 34.2694 34.6277 34.6412 34.299 33.2833 30.782 32.2383 33.7139 34.1872 34.3319 34.3319 34.1872 33.7139 32.2383 29.037 32.4443 34.0638 34.5145 34.5145 34.0638 32.4443 29.037 21.6853 17.5899 11.6267 7.24181 7.24058 11.6225 17.5924 21.5988 14.356 5.8391 2.20091 1.21556 1.21688 2.2042 5.83943 
12.7071 5.13547 2.01226 1.16344 1.16429 2.01662 5.1524 12.7781 21.2263 12.6882 5.47785 2.81947 2.81947 5.47785 12.6882 21.2263 30.997 33.3822 34.4818 34.7918 34.7986 34.4963 33.3944 31.135 32.5691 33.8821 34.3623 34.5764 34.5764 34.3623 33.8821 32.5691 29.6506 32.9231 34.3427 34.7241 34.7241 34.3427 32.9231 29.6506 22.3502 18.0658 11.6288 7.21597 7.21551 11.626 18.0702 22.2789 15.1105 6.15739 2.26572 1.21665 1.21745 2.26792 6.15746 
12.7781 5.1524 2.01662 1.16429 1.16429 2.01662 5.1524 12.7781 21.115 12.676 5.4445 2.80482 2.81947 5.47785 12.6882 21.2263 31.135 33.3944 34.4963 34.7986 34.7986 34.4963 33.3944 31.135 32.5799 33.8803 34.3624 34.5765 34.5764 34.3623 33.8821 32.5691 29.5526 32.9107 34.3224 34.7158 34.7158 34.3224 32.9107 29.5526 22.2789 18.0702 11.626 7.21551 7.21597 11.6288 18.0658 22.3502 15.1115 6.15746 2.26572 1.21665 1.21665 2.26572 6.15739 
12.8455 5.23505 2.07322 1.18782 1.18782 2.07322 5.23505 12.8455 20.8623 13.0385 5.83418 3.07206 3.09646 5.89299 13.0807 20.9742 30.782 33.2833 34.299 34.6412 34.6412 34.299 33.2833 30.782 32.2574 33.7119 34.1874 34.3319 34.3319 34.1872 33.7139 32.2383 28.9149 32.4022 34.0274 34.4969 34.4969 34.0274 32.4022 28.9149 21.5988 17.5924 11.6225 7.24058 7.24181 11.6267 17.5899 21.6853 14.3565 5.83943 2.20091 1.21556 1.21556 2.20091 5.8391 
12.2829 4.96557 2.00232 1.17649 1.17649 2.00232 4.96557 12.2829 20.2952 12.7157 5.72084 3.02608 3.05004 5.77749 12.7492 20.4105 30.0415 32.66 33.6752 33.9772 33.9772 33.6752 32.66 30.0415 31.5691 33.4252 33.8957 33.8698 33.87 33.8959 33.4286 31.5495 27.4652 31.3948 33.3126 33.8894 33.8894 33.3126 31.3948 27.4652 20.0266 16.339 10.8984 6.77415 6.77584 10.9041 16.3362 20.1073 13.2803 5.39694 2.06896 1.18767 1.18767 2.06896 5.39672 
11.2614 4.50069 1.85654 1.13966 1.13966 1.85654 4.50069 11.2614 19.1527 11.6898 5.13027 2.70391 2.72807 5.19352 11.7702 19.3224 28.509 31.1939 32.2491 32.4805 32.4805 32.2491 31.1939 28.509 30.4198 32.8633 33.3099 32.9522 32.9506 33.3091 32.8301 30.3962 25.4686 30.272 32.1546 32.8131 32.8131 32.1546 30.272 25.4686 17.0184 13.5891 8.94666 5.49116 5.49066 8.94314 13.5695 17.0781 11.6988 4.94019 1.92753 1.15225 1.15225 1.92753 4.94012 
7.24475 2.74898 1.32103 1.0333 1.0333 1.32103 2.73236 7.19105 14.3102 6.74788 2.59792 1.38583 1.38583 2.59791 6.73169 14.3903 26.8655 30.0026 31.8592 32.3565 32.3565 31.8592 30.0026 26.8655 28.8554 32.3546 33.4209 33.158 33.1304 33.4028 32.314 28.8648 22.6399 29.3222 32.3769 33.2901 33.2221 32.3054 29.1728 22.6581 8.13841 5.31634 3.06574 1.90752 1.90606 3.06155 5.30689 8.04159 4.46273 1.97149 1.15181 1.01744 1.01757 1.15359 1.98376 
6.20592 2.28981 1.193 1.01495 1.01495 1.193 2.28443 6.18586 13.3444 5.696 2.07545 1.18161 1.18168 2.07577 5.68224 13.4335 27.1074 30.8352 33.0082 33.5964 33.5964 33.0082 30.8352 27.1074 28.8977 32.5962 33.7337 33.896 33.8931 33.7235 32.5783 28.9597 21.8512 29.4319 32.9401 33.9828 33.9632 32.8856 29.3284 21.9993 6.8104 4.47408 2.4995 1.58192 1.58355 2.50406 4.48217 6.72993 3.43112 1.58762 1.0776 1.00686 1.00681 1.07762 1.58914 
5.74973 2.07849 1.14442 1.00971 1.00971 1.14442 2.0741 5.73254 13.0013 5.37139 1.95546 1.14466 1.14467 1.95552 5.35806 13.0916 27.1519 31.1526 33.6676 34.3321 34.3321 33.6676 31.1526 27.1519 28.8938 32.7212 33.9418 34.3016 34.2975 33.931 32.705 28.9595 21.4938 29.4714 33.149 34.2504 34.216 33.0826 29.3578 21.6544 5.6937 3.67739 2.06812 1.4107 1.41133 2.07118 3.68357 5.59758 2.58634 1.29756 1.03238 1.0028 1.0028 1.03273 1.30045 
5.6187 2.01188 1.12832 1.00815 1.00815 1.12832 2.00935 5.60795 12.9641 5.30044 1.93723 1.1368 1.1368 1.93723 5.28869 13.0496 27.1965 31.2142 33.8357 34.5126 34.5126 33.8357 31.2142 27.1965 28.9212 32.8334 34.0929 34.5064 34.5036 34.0864 32.8228 28.9594 21.4738 29.5203 33.2412 34.2779 34.2554 33.2051 29.4418 21.6114 5.47906 3.25804 1.78037 1.26731 1.26759 1.78161 3.26081 5.38784 2.44779 1.25936 1.02835 1.00224 1.00222 1.02844 1.26078 
5.60795 2.00935 1.1279 1.00811 1.00815 1.12832 2.00935 5.60795 13.0496 5.28869 1.93723 1.1368 1.1368 1.93723 5.28869 13.0496 27.131 31.22 33.8382 34.5151 34.5151 33.8382 31.2142 27.131 28.9594 32.8228 34.0864 34.5036 34.5036 34.0864 32.8228 28.9594 21.6114 29.4418 33.2051 34.2554 34.2557 33.2049 29.4625 21.6093 5.38784 3.26081 1.78161 1.26759 1.26731 1.78037 3.25804 5.47906 2.44779 1.25936 1.02835 1.00224 1.00224 1.02835 1.25936 
5.73254 2.0741 1.14367 1.00963 1.00971 1.14442 2.0741 5.73254 13.0916 5.35806 1.95552 1.14467 1.14467 1.95552 5.35806 13.0916 27.0873 31.1511 33.6707 34.3351 34.3351 33.6707 31.1526 27.0873 28.9595 32.705 33.931 34.2975 34.2975 33.931 32.705 28.9595 21.6544 29.3578 33.0826 34.216 34.2171 33.0831 29.3909 21.647 5.59758 3.68357 2.07118 1.41133 1.4107 2.06812 3.67739 5.6937 2.58634 1.29756 1.03238 1.0028 1.0028 1.03238 1.29756 
6.18586 2.28443 1.19205 1.01485 1.01495 1.193 2.28443 6.18586 13.4335 5.68224 2.07577 1.18168 1.18168 2.07577 5.68224 13.4335 27.0424 30.833 33.021 33.6092 33.6092 33.021 30.8352 27.0424 28.9597 32.5783 33.7235 33.8931 33.8931 33.7235 32.5783 28.9597 21.9993 29.3284 32.8856 33.9632 33.9657 32.8878 29.3588 21.9938 6.72993 4.48217 2.50406 1.58355 1.58192 2.4995 4.47408 6.8104 3.43112 1.58762 1.0776 1.00686 1.00686 1.0776 1.58762 
7.19105 2.73236 1.31773 1.03287 1.0333 1.32103 2.73236 7.19105 14.3903 6.73169 2.59791 1.38583 1.38583 2.59791 6.73169 14.3903 26.7482 29.9403 31.793 32.3005 32.3005 31.793 30.0026 26.7482 28.8648 32.314 33.4028 33.1304 33.1304 33.4028 32.314 28.8648 22.6581 29.1728 32.3054 33.2221 33.2302 32.3338 29.2273 22.6944 8.04159 5.30689 3.06155 1.90606 1.90752 3.06574 5.31634 8.13841 4.46273 1.97149 1.15181 1.01744 1.01744 1.15181 1.97149 
5.30524 1.9318 1.11563 1.00723 1.00723 1.11563 1.9318 5.30524 12.08 5.23728 1.92645 1.15802 1.15802 1.92645 5.18415 12.0108 24.2202 26.4766 27.8822 28.3946 28.3946 27.8822 26.4766 24.2202 25.752 28.06 28.0344 27.7925 27.7925 28.0344 28.06 25.752 21.725 27.2312 29.8226 31.1047 31.0576 29.7603 27.0567 21.727 9.06034 5.48852 3.08565 2.01708 2.00259 3.07503 5.47865 9.08648 5.34984 2.38296 1.30975 1.04712 1.04712 1.30975 2.38296 
5.58135 2.01129 1.12816 1.00807 1.00807 1.12816 2.01129 5.58135 12.6618 5.41413 1.96283 1.15569 1.15569 1.96283 5.38149 12.6531 25.8149 29.1859 31.1172 31.8115 31.8115 31.1172 29.1859 25.8149 25.1738 28.228 28.8801 29.3602 29.3602 28.8801 28.228 25.1738 20.8292 26.7961 30.1719 31.9986 31.9461 30.0892 26.6268 20.8533 7.74583 4.14796 1.98621 1.26875 1.26761 1.97902 4.11862 7.76251 4.43951 1.99367 1.16675 1.01548 1.01548 1.16675 1.99367 
5.72658 2.05066 1.13405 1.00859 1.00859 1.13405 2.05066 5.72658 12.9876 5.5395 1.99351 1.16174 1.16174 1.99351 5.50566 12.9743 26.5309 30.455 32.8277 33.6382 33.6382 32.8277 30.455 26.5309 24.8674 28.179 29.4059 30.3261 30.3261 29.4059 28.179 24.8674 20.1276 26.5836 30.4024 32.5136 32.4597 30.3157 26.433 20.1466 6.71201 3.3165 1.53447 1.0532 1.05395 1.52922 3.28928 6.72775 3.62485 1.65661 1.09273 1.00671 1.00671 1.09273 1.65661 
5.73979 2.04163 1.13012 1.00822 1.00822 1.13012 2.04163 5.73979 13.0676 5.52069 1.98746 1.15572 1.15572 1.98746 5.49749 13.0565 26.7544 30.7461 33.3487 34.1396 34.1396 33.3487 30.7461 26.7544 24.8126 28.1609 29.8874 31.2657 31.2657 29.8874 28.1609 24.8126 19.8598 26.8673 30.9384 33.056 33.0276 30.8825 26.764 19.8546 6.28723 3.01843 1.40798 1.02685 1.0275 1.40563 3.00287 6.31703 3.2052 1.47442 1.05692 1.00331 1.00331 1.05692 1.47442 
5.75385 2.04328 1.13014 1.00819 1.00822 1.13012 2.04163 5.73979 13.0565 5.49749 1.98764 1.15488 1.15572 1.98746 5.49749 13.0565 26.7544 30.7461 33.3487 34.1396 34.1444 33.3581 30.7994 26.6724 24.8818 28.178 29.8873 31.2654 31.2657 29.8874 28.1609 24.8126 19.8546 26.764 30.8189 32.9944 33.056 30.9384 26.8673 19.8598 6.31703 3.00287 1.40563 1.0275 1.02599 1.409 3.01843 6.28723 3.2052 1.47442 1.05692 1.00331 1.00331 1.05693 1.47443 
5.74721 2.05335 1.13409 1.00854 1.00859 1.13405 2.05066 5.72658 12.9743 5.50566 1.9937 1.16056 1.16174 1.99351 5.50566 12.9743 26.5309 30.455 32.8277 33.6382 33.6436 32.8402 30.509 26.4182 24.977 28.2141 29.406 30.3256 30.3261 29.4059 28.179 24.8674 20.1466 26.433 30.2393 32.4059 32.5136 30.4024 26.5836 20.1276 6.72775 3.28928 1.52922 1.05395 1.05203 1.53757 3.3165 6.71201 3.62485 1.65661 1.09273 1.00671 1.00671 1.09273 1.65659 
5.60133 2.01394 1.1282 1.00801 1.00807 1.12816 2.01129 5.58135 12.6531 5.38149 1.96309 1.15455 1.15569 1.96283 5.38149 12.6531 25.8149 29.1859 31.1172 31.8115 31.8215 31.1312 29.228 25.7315 25.2818 28.2616 28.8807 29.3605 29.3602 28.8801 28.228 25.1738 20.8533 26.6268 30.0246 31.9017 31.9986 30.1719 26.7961 20.8292 7.76251 4.11862 1.97902 1.26761 1.26797 1.98724 4.14796 7.74583 4.43951 1.99367 1.16675 1.01548 1.01548 1.16677 1.99366 
5.31111 1.93261 1.11565 1.0072 1.00723 1.11563 1.9318 5.30524 12.0108 5.18415 1.92676 1.15645 1.15802 1.92645 5.18415 12.0108 24.2202 26.4766 27.8822 28.3946 28.2954 27.788 26.3174 24.0538 25.7585 27.9581 28.0325 27.7919 27.7925 28.0344 28.06 25.752 21.727 27.0567 29.719 31.0199 31.1047 29.8226 27.2312 21.725 9.08648 5.47865 3.07503 2.00259 2.03591 3.10894 5.48852 9.06034 5.34984 2.38296 1.30975 1.04712 1.04714 1.30989 2.38316 
2.60911 1.24319 1.02001 1.0007 1.00069 1.01987 1.24144 2.59804 6.32577 2.51681 1.22329 1.02033 1.02033 1.22329 2.51681 6.32577 14.7433 12.8206 11.9281 11.9332 11.9332 11.9281 12.6335 14.4167 20.1306 17.5343 14.9715 14.2924 14.2924 14.9715 17.5343 20.1306 21.1947 25.8416 27.6549 28.397 28.397 27.6549 25.8416 21.1947 12.3774 9.88808 8.42047 7.12433 7.18333 8.42694 9.89566 12.4439 7.84385 4.94563 2.72403 1.59104 1.60013 2.74669 4.95922 
1.92094 1.10961 1.00664 0.99992 0.999925 1.00668 1.10996 1.92365 4.86227 1.88591 1.09874 1.00465 1.00465 1.09874 1.88591 4.86227 12.6863 7.66425 5.83839 5.38688 5.38688 5.83839 7.66518 12.4749 21.9384 17.7507 13.2005 10.9957 10.9957 13.2005 17.7507 21.9384 23.2247 27.7495 29.7654 30.5788 30.5788 29.7654 27.7495 23.2247 15.1241 13.2905 12.3843 11.1972 11.2761 12.3813 13.2897 15.173 10.0754 6.60183 3.57095 1.97901 1.99521 3.60684 6.62032 
1.6817 1.07161 1.00366 0.999941 0.999944 1.0037 1.07206 1.68563 4.15923 1.68755 1.07099 1.00287 1.00287 1.07099 1.68755 4.15923 11.8664 5.52737 2.86756 2.16337 2.16337 2.86756 5.56378 11.6578 22.7256 17.3978 11.6953 8.41533 8.41533 11.6953 17.3978 22.7256 25.2248 29.5135 31.5287 32.3617 32.3617 31.5287 29.5135 25.2248 17.2793 14.8636 13.4825 11.8013 11.8891 13.4816 14.8622 17.3256 11.6614 7.6647 4.02708 2.13542 2.15297 4.06865 7.68558 
1.62325 1.06346 1.00313 0.999931 0.999933 1.00314 1.06366 1.62516 3.94398 1.63498 1.06876 1.00434 1.00434 1.06876 1.63498 3.94398 11.5389 4.96617 2.15496 1.4318 1.4318 2.15496 4.99282 11.3216 23.1019 16.1365 9.71487 5.93372 5.93372 9.71487 16.1365 23.1019 26.9725 30.9078 32.6732 33.4019 33.4019 32.6732 30.9078 26.9725 19.2466 15.835 13.2154 10.5995 10.6523 13.215 15.8338 19.2823 12.8626 7.58349 3.50605 1.89144 1.90134 3.52816 7.60646 
1.62516 1.06366 1.00314 0.999933 0.999933 1.00314 1.06346 1.62325 3.90749 1.63555 1.06837 1.00423 1.00434 1.06876 1.63498 3.94398 11.4667 4.9787 2.15152 1.42966 1.4318 2.15496 4.9787 11.4667 23.1463 16.1119 9.69063 5.9187 5.93372 9.71487 16.1365 23.1019 26.9284 30.852 32.6752 33.401 33.4019 32.6732 30.9078 26.9725 19.2699 15.8725 13.1974 10.5992 10.4958 13.159 15.9291 19.3554 12.8626 7.60646 3.52816 1.90134 1.89144 3.50605 7.58349 
1.68563 1.07206 1.0037 0.999944 0.999944 1.0037 1.07161 1.6817 4.11281 1.68837 1.07021 1.00267 1.00287 1.07099 1.68755 4.15923 11.7976 5.54615 2.86384 2.16148 2.16337 2.86756 5.54615 11.7976 22.7881 17.3607 11.6506 8.39417 8.41533 11.6953 17.3978 22.7256 25.1721 29.4511 31.5331 32.3583 32.3617 31.5287 29.5135 25.2248 17.3385 14.919 13.4608 11.7966 11.6174 13.4162 15.0098 17.4612 11.6614 7.68558 4.06865 2.15297 2.13542 4.02708 7.6647 
1.92365 1.10996 1.00668 0.999925 0.999925 1.00668 1.10961 1.92094 4.81216 1.88688 1.09813 1.00446 1.00465 1.09874 1.88591 4.86227 12.6165 7.67117 5.82344 5.37806 5.38688 5.83839 7.67117 12.6165 21.9889 17.7146 13.1618 10.979 10.9957 13.2005 17.7507 21.9384 23.1863 27.7098 29.7726 30.5719 30.5788 29.7654 27.7495 23.2247 15.1816 13.3378 12.3686 11.19 11.0237 12.3351 13.418 15.2968 10.0754 6.62032 3.60684 1.99521 1.97901 3.57095 6.60183 
2.59804 1.24144 1.01987 1.00069 1.00069 1.01987 1.24319 2.60911 6.27608 2.51824 1.22216 1.02011 1.02033 1.22329 2.51681 6.32577 14.6065 12.7313 11.9166 11.9259 11.9332 11.9281 12.7313 14.6065 20.0466 17.3471 14.7734 14.1341 14.2924 14.9715 17.5343 20.1306 21.0635 25.7153 27.5812 28.4313 28.397 27.6549 25.8416 21.1947 12.3965 9.91281 8.40774 7.12724 7.0176 8.37839 9.94355 12.4726 7.84385 4.95922 2.74669 1.60013 1.59104 2.72403 4.94563 
1.15702 1.0129 1.00059 0.999942 0.999943 1.00059 1.01282 1.15307 2.24337 1.2366 1.02406 1.00196 1.00194 1.02425 1.2366 2.24337 6.43291 5.60099 5.02817 4.8927 4.92181 5.06196 5.60099 6.43291 9.20364 6.35148 4.95166 4.65677 4.6574 4.95264 6.35067 9.20284 12.8256 16.4857 17.5475 17.4709 17.4512 17.5252 16.4857 12.8256 4.96061 4.01761 3.00139 1.98952 1.98905 2.99626 3.98823 4.92758 2.90074 1.77824 1.22128 1.04063 1.04127 1.22457 1.78762 
1.02253 1.00146 0.999887 0.999851 0.99985 0.999892 1.00148 1.02223 1.2526 1.03598 1.00321 1.00005 1.00003 1.00312 1.03598 1.2526 2.48635 2.10154 1.96123 1.90525 1.90453 1.96073 2.10154 2.48635 4.75696 3.24169 2.18847 1.94566 1.94578 2.18859 3.24175 4.75693 6.84747 8.93801 8.86157 8.31207 8.2707 8.78774 8.93801 6.84747 2.4774 2.05426 1.56196 1.17653 1.17813 1.56436 2.04895 2.47494 1.80964 1.29858 1.06135 1.00789 1.00778 1.06074 1.29656 
1.00174 0.99999 0.999964 0.999993 0.999993 0.999964 0.999991 1.00171 1.02735 1.00253 1.00003 0.999934 0.999934 1.00001 1.00253 1.02735 1.28095 1.1507 1.1241 1.11199 1.11202 1.12418 1.1507 1.28095 2.29896 1.66835 1.22461 1.14478 1.14479 1.22462 1.66836 2.29891 3.29336 4.31978 3.92137 3.42955 3.40763 3.87885 4.31978 3.29336 1.34046 1.21639 1.08345 1.01644 1.0166 1.0839 1.21536 1.34 1.18967 1.05465 1.00761 1.00061 1.0006 1.00754 1.05437 
1.00006 0.999966 0.999996 1 1 0.999996 0.999967 1.00005 1.00204 0.999857 0.999929 0.999996 0.999997 0.999929 0.999857 1.00204 1.04562 1.01311 1.00902 1.00764 1.00764 1.00903 1.01311 1.04562 1.42554 1.17276 1.03659 1.01783 1.01783 1.03659 1.17276 1.42552 1.81328 2.26812 2.03046 1.75252 1.74344 2.01286 2.26812 1.81328 1.05354 1.03398 1.0086 1.00063 1.00064 1.00865 1.03386 1.05351 1.03165 1.00634 1.00053 0.999877 0.999876 1.00052 1.00632 
1.00005 0.999967 0.999996 1 1 0.999996 0.999967 1.00005 1.002 0.999866 0.999929 0.999996 0.999996 0.999929 0.999866 1.002 1.04562 1.01311 1.00915 1.00774 1.00774 1.00915 1.01318 1.04548 1.42552 1.17276 1.03659 1.01783 1.01783 1.03659 1.17276 1.42552 1.80042 2.24483 2.01286 1.74344 1.75252 2.03046 2.26812 1.81328 1.05351 1.03386 1.00865 1.00064 1.00064 1.00865 1.03386 1.05351 1.03165 1.00634 1.00053 0.999877 0.999877 1.00053 1.00634 
1.00171 0.999991 0.999964 0.999993 0.999993 0.999964 0.999991 1.00171 1.02704 1.00259 1.00003 0.999934 0.999934 1.00003 1.00259 1.02704 1.28095 1.1507 1.12505 1.11273 1.11273 1.12505 1.15106 1.28026 2.29891 1.66836 1.22462 1.14479 1.14479 1.22462 1.66836 2.29891 3.26158 4.2623 3.87885 3.40763 3.42955 3.92137 4.31978 3.29336 1.34 1.21536 1.0839 1.0166 1.0166 1.0839 1.21536 1.34 1.18967 1.05465 1.00761 1.00061 1.00061 1.00761 1.05465 
1.02223 1.00148 0.999892 0.99985 0.99985 0.999892 1.00148 1.02223 1.2505 1.0365 1.00321 1.00005 1.00005 1.00321 1.0365 1.2505 2.48635 2.10154 1.96597 1.90901 1.90901 1.96597 2.10334 2.4809 4.75693 3.24175 2.18859 1.94578 1.94578 2.18859 3.24175 4.75693 6.80746 8.85817 8.78774 8.2707 8.31207 8.86157 8.93801 6.84747 2.47494 2.04895 1.56436 1.17813 1.17813 1.56436 2.04895 2.47494 1.80964 1.29858 1.06135 1.00789 1.00789 1.06135 1.29858 
1.15307 1.01282 1.00059 0.999943 0.999943 1.00059 1.01282 1.15307 2.20324 1.23286 1.02406 1.00196 1.00196 1.02406 1.23286 2.20324 6.43291 5.60099 5.00014 4.86625 4.86625 5.00014 5.5201 6.31898 9.20284 6.35067 4.95264 4.6574 4.6574 4.95264 6.35067 9.20284 12.8365 16.4696 17.5252 17.4512 17.4709 17.5475 16.4857 12.8256 4.92758 3.98823 2.99626 1.98905 1.98905 2.99626 3.98823 4.92758 2.90074 1.77824 1.22128 1.04063 1.04063 1.22128 1.77824 
1.01929 1.00156 1.00014 1.00009 1.00009 1.00014 1.00156 1.01929 1.23087 1.04148 1.00454 1.00051 1.00051 1.00454 1.04148 1.23087 2.24688 2.01084 1.86839 1.86196 1.86196 1.86839 2.01084 2.24688 4.03149 2.48908 1.99695 1.7824 1.7824 1.99695 2.48908 4.03149 6.37521 8.19477 8.39679 8.2128 8.26754 8.49627 8.30447 6.45479 2.49068 1.96676 1.65821 1.27573 1.27573 1.65821 1.96676 2.49068 1.58668 1.14386 1.02566 1.00427 1.00427 1.02566 1.14386 
1.00142 1.00006 0.999983 0.999997 0.999997 0.999983 1.00006 1.00142 1.02311 1.0035 1.00022 0.999931 0.999931 1.00022 1.0035 1.02311 1.24591 1.19472 1.16693 1.15686 1.15686 1.16693 1.19472 1.24591 1.90277 1.3778 1.20281 1.13006 1.13006 1.20281 1.3778 1.90277 2.42412 2.95737 2.99313 2.90308 2.91641 3.01894 2.98733 2.445 1.37178 1.21245 1.11429 1.03264 1.03264 1.11429 1.21245 1.37178 1.14068 1.0261 1.00353 1.00023 1.00023 1.00353 1.0261 
1.00006 0.999983 1 1 1 1 0.999983 1.00006 1.00143 1.00002 0.99993 0.99998 0.99998 0.99993 1.00002 1.00143 1.0341 1.02579 1.02168 1.01921 1.01921 1.02168 1.02579 1.0341 1.17435 1.05223 1.02534 1.01299 1.01299 1.02534 1.05223 1.17435 1.26247 1.38213 1.37587 1.33061 1.33372 1.38269 1.39018 1.26781 1.06426 1.03287 1.01198 1.00227 1.00227 1.01198 1.03287 1.06426 1.02086 1.00279 1.00021 0.999921 0.999921 1.00021 1.00279 
1.00009 1 1 1 1 1 1 1.00009 0.999969 0.99983 0.999986 1 1 0.999986 0.99983 0.999969 1.00314 1.00221 1.00196 1.00159 1.00159 1.00196 1.00221 1.00314 1.02068 1.00409 1.00176 1.00075 1.00075 1.00176 1.00409 1.02068 1.02765 1.04531 1.0424 1.03219 1.03271 1.04376 1.04685 1.02858 1.00639 1.00293 1.00063 0.999971 0.999971 1.00063 1.00293 1.00639 1.00197 1.00011 0.99993 0.999984 0.999984 0.99993 1.00011 
0 0 0 0 1 1 1 1.00009 0.999969 0.99983 0.999986 1 1 0.999986 0.999829 0.999973 1.00314 1.00221 1.00196 1.00159 1.00157 1.00193 1.00217 1.00309 1.02027 1.00401 1.00172 1.00073 1.00075 1.00176 1.00409 1.02068 1.02858 1.04685 1.04376 1.03271 1.03219 1.0424 1.04531 1.02765 1.00629 1.00288 1.00061 0.999967 0.999971 1.00063 1.00293 1.00639 1.00197 1.00011 0.99993 0.999984 0 0 0 
0 0 0 0 1 1 0.999983 1.00006 1.00143 1.00002 0.99993 0.99998 0.99998 0.999929 1.00002 1.00148 1.0341 1.02579 1.02168 1.01921 1.01898 1.02139 1.02542 1.03372 1.17156 1.05153 1.02498 1.01279 1.01299 1.02534 1.05223 1.17435 1.26781 1.39018 1.38269 1.33372 1.33061 1.37587 1.38213 1.26247 1.06371 1.03245 1.01185 1.00225 1.00227 1.01198 1.03287 1.06426 1.02086 1.00279 1.00021 0.999921 0 0 0 
0 0 0 0 0.999997 0.999983 1.00006 1.00142 1.02311 1.0035 1.00022 0.999931 0.99993 1.00022 1.00347 1.02356 1.24591 1.19472 1.16693 1.15686 1.15558 1.16543 1.1928 1.24415 1.89181 1.37508 1.20087 1.12882 1.13006 1.20281 1.3778 1.90277 2.445 2.98733 3.01894 2.91641 2.90308 2.99313 2.95737 2.42412 1.37059 1.21074 1.11363 1.03248 1.03264 1.11429 1.21245 1.37178 1.14068 1.0261 1.00353 1.00023 0 0 0 
