0 0 0 0 1.00087 1.01155 1.09271 1.50669 2.405 1.61542 1.13603 1.02406 1.02406 1.13602 1.61405 2.40519 3.08929 3.33115 2.70321 2.10003 2.09702 2.69732 3.32778 3.08585 1.74425 1.29173 1.2 1.36275 1.36376 1.20647 1.29783 1.74276 1.55187 2.26688 3.50335 4.29455 4.28823 3.49726 2.26324 1.54205 1.15931 1.11971 1.03783 1.00531 1.00546 1.03903 1.12195 1.16138 1.07653 1.01019 1.00085 1.00005 0 0 0 
0 0 0 0 1.00004 1.00187 1.01843 1.10064 1.24326 1.0922 1.01741 1.0023 1.0023 1.01741 1.09181 1.24269 1.37404 1.40469 1.26253 1.13582 1.13529 1.26139 1.40438 1.37411 1.13741 1.03372 1.01447 1.04693 1.04666 1.01487 1.03395 1.13628 1.08093 1.30988 1.88717 2.21953 2.22807 1.89568 1.31322 1.08147 1.01587 1.0169 1.00446 1.00042 1.00044 1.0046 1.01729 1.01618 1.00821 1.00091 0.99998 0.999981 0 0 0 
0 0 0 0 0.999946 1.00005 1.00217 1.01265 1.02552 1.00807 1.00119 0.999905 0.999905 1.00119 1.008 1.02534 1.03648 1.03697 1.02146 1.00845 1.00838 1.02129 1.03693 1.03654 1.01601 1.0045 1.00202 1.00539 1.00534 1.00204 1.0045 1.01584 1.01084 1.06145 1.21349 1.2923 1.29505 1.21627 1.06231 1.011 1.0011 1.00134 1.00031 0.999976 0.999976 1.00033 1.00138 1.00113 1.00071 0.999985 0.999984 0.999999 0 0 0 
0 0 0 0 0.99999 0.999949 1.00007 1.00122 1.00133 1.00006 0.999916 0.99995 0.99995 0.999916 1.00005 1.00131 1.00182 1.00145 1.00065 1.00009 1.00009 1.00064 1.00144 1.00183 1.00156 1.0005 1.00057 1.00058 1.00057 1.00056 1.00049 1.00154 1.00111 1.00806 1.03543 1.05075 1.05136 1.03597 1.00819 1.00113 1.00001 0.999911 0.999959 0.999987 0.999987 0.999958 0.999914 1.00002 1.00005 0.999976 0.999999 1 0 0 0 
1.00122 1.00007 0.999949 0.99999 0.99999 0.999949 1.00007 1.00122 1.00133 1.00006 0.999916 0.99995 0.99995 0.999916 1.00006 1.00133 1.00183 1.00144 1.00064 1.00009 1.00009 1.00064 1.00145 1.00182 1.00156 1.0005 1.00057 1.00058 1.00058 1.00057 1.0005 1.00156 1.00113 1.00819 1.03597 1.05136 1.05136 1.03597 1.00819 1.00113 1.00002 0.999914 0.999958 0.999987 0.999987 0.999958 0.999914 1.00002 1.00005 0.999976 0.999999 1 1 0.999999 0.999976 
1.01265 1.00217 1.00005 0.999946 0.999946 1.00005 1.00217 1.01265 1.02552 1.00807 1.00119 0.999905 0.999905 1.00119 1.00807 1.02552 1.03654 1.03693 1.02129 1.00838 1.00838 1.02129 1.03697 1.03648 1.01601 1.0045 1.00202 1.00539 1.00539 1.00202 1.0045 1.01601 1.011 1.06231 1.21627 1.29505 1.29505 1.21627 1.06231 1.011 1.00113 1.00138 1.00033 0.999976 0.999976 1.00033 1.00138 1.00113 1.00071 0.999985 0.999984 0.999999 0.999999 0.999984 0.999985 
1.10064 1.01843 1.00187 1.00004 1.00004 1.00187 1.01843 1.10064 1.24326 1.0922 1.01741 1.0023 1.0023 1.01741 1.0922 1.24326 1.37411 1.40438 1.26139 1.13529 1.13529 1.26139 1.40469 1.37404 1.13741 1.03372 1.01447 1.04693 1.04693 1.01447 1.03372 1.13741 1.08147 1.31322 1.89568 2.22807 2.22807 1.89568 1.31322 1.08147 1.01618 1.01729 1.0046 1.00044 1.00044 1.0046 1.01729 1.01618 1.00821 1.00091 0.99998 0.999981 0.999981 0.99998 1.00091 
1.50669 1.09271 1.01155 1.00087 1.00087 1.01155 1.09271 1.50669 2.405 1.61542 1.13602 1.02406 1.02406 1.13603 1.61542 2.405 3.08585 3.32778 2.69732 2.09702 2.09702 2.69732 3.33115 3.08929 1.74425 1.29173 1.2 1.36275 1.36275 1.2 1.29173 1.74425 1.54205 2.26324 3.49726 4.28823 4.28823 3.49726 2.26324 1.54205 1.16138 1.12195 1.03903 1.00546 1.00546 1.03903 1.12195 1.16138 1.07653 1.01019 1.00085 1.00005 1.00005 1.00085 1.01019 
3.06551 1.54135 1.08821 1.00866 1.00866 1.08821 1.54135 3.06551 5.12031 3.03214 1.53851 1.10425 1.10559 1.54361 3.05 5.1587 7.16504 8.01243 6.5065 5.2119 5.22314 6.52566 8.02837 7.17737 4.20926 3.4 3.03843 3.30411 3.25899 2.96951 3.32845 4.15003 5.0298 6.18297 6.8803 7.4841 7.4865 6.86491 6.18297 5.0298 1.88895 1.44846 1.15566 1.03824 1.03824 1.15566 1.44846 1.88895 1.3091 1.0368 1.00015 0.999782 0.999782 1.00015 1.0368 
1.6794 1.15081 1.01955 1.00133 1.00133 1.01955 1.15081 1.6794 2.38514 1.58652 1.1105 1.0155 1.01544 1.11053 1.5874 2.38771 2.97498 3.23327 2.64492 2.05595 2.05849 2.64999 3.23659 2.97406 1.72407 1.43681 1.32626 1.47259 1.47146 1.32102 1.43205 1.72004 2.01697 2.49751 2.84928 3.22672 3.2445 2.85961 2.49751 2.01697 1.12211 1.03853 1.00347 1.00042 1.00042 1.00347 1.03853 1.12211 1.0246 0.999407 0.999427 0.999867 0.999867 0.999427 0.999407 
1.12232 1.02253 1.00219 0.999952 0.999952 1.00219 1.02253 1.12232 1.24155 1.08204 1.01087 1.00061 1.00061 1.01086 1.08222 1.24233 1.36079 1.40067 1.26135 1.1316 1.13213 1.2626 1.40134 1.3604 1.08495 1.03263 1.01819 1.04937 1.0494 1.01745 1.032 1.0846 1.14543 1.26642 1.37159 1.4956 1.5002 1.37461 1.26642 1.14543 1.00562 0.996567 0.99819 0.999856 0.999856 0.99819 0.996567 1.00562 1.00043 0.999817 1.00001 1 1 1.00001 0.999817 
1.01572 1.00222 0.999987 0.999931 0.999931 0.999987 1.00222 1.01572 1.02598 1.00659 1.00021 0.999805 0.999804 1.00021 1.00661 1.0261 1.04075 1.04216 1.02446 1.00881 1.0089 1.02469 1.04224 1.04063 1.00911 1.00325 1.00183 1.00609 1.00614 1.00177 1.00322 1.00914 1.01078 1.02742 1.0507 1.07659 1.07757 1.05136 1.02742 1.01078 0.999834 0.999022 0.999796 1.00004 1.00004 0.999796 0.999022 0.999834 1.0001 1.00005 1.00001 1 1 1.00001 1.00005 
1.01573 1.00222 0.999986 0.999931 0.999931 0.999987 1.00222 1.01572 1.0261 1.00661 1.00021 0.999804 0.999804 1.00021 1.00661 1.0261 1.04075 1.04216 1.02446 1.00881 1.00881 1.02446 1.04216 1.04075 1.00914 1.00322 1.00177 1.00614 1.00614 1.00177 1.00322 1.00914 1.01074 1.02725 1.0507 1.07659 1.07659 1.0507 1.02725 1.01074 0.999834 0.999023 0.999796 1.00004 1.00004 0.999796 0.999022 0.999834 1.0001 1.00005 1.00001 1 1 1.00001 1.00005 
1.1223 1.02245 1.00218 0.99995 0.999952 1.00219 1.02253 1.12232 1.24233 1.08222 1.01086 1.00061 1.00061 1.01086 1.08222 1.24233 1.36079 1.40067 1.26135 1.1316 1.1316 1.26135 1.40067 1.36079 1.0846 1.032 1.01745 1.0494 1.0494 1.01745 1.032 1.0846 1.14622 1.2658 1.37159 1.4956 1.4956 1.37159 1.2658 1.14622 1.00561 0.996586 0.998197 0.999858 0.999856 0.99819 0.996567 1.00562 1.00043 0.999817 1.00001 1 1 1.00001 0.999816 
1.67889 1.15022 1.01943 1.00131 1.00133 1.01955 1.15081 1.6794 2.38771 1.5874 1.11053 1.01544 1.01544 1.11053 1.5874 2.38771 2.97498 3.23327 2.64492 2.05595 2.05595 2.64492 3.23327 2.97498 1.72004 1.43205 1.32102 1.47146 1.47146 1.32102 1.43205 1.72004 2.02202 2.49218 2.84928 3.22672 3.22672 2.84928 2.49218 2.02202 1.12255 1.03913 1.00371 1.00048 1.00042 1.00347 1.03853 1.12211 1.0246 0.999407 0.999427 0.999867 0.999868 0.999428 0.999418 
3.08547 1.54698 1.08911 1.00877 1.00866 1.08821 1.54135 3.06551 5.1587 3.05 1.54361 1.10559 1.10559 1.54361 3.05 5.1587 7.16504 8.01243 6.5065 5.2119 5.2119 6.5065 8.01243 7.16504 4.15003 3.32845 2.96951 3.25899 3.25899 2.96951 3.32845 4.15003 5.12975 6.22425 6.8803 7.4841 7.4841 6.8803 6.22425 5.12975 1.8947 1.45401 1.15656 1.03889 1.03824 1.15566 1.44846 1.88895 1.3091 1.0368 1.00015 0.999782 0.999784 1.00011 1.03736 
7.76468 3.41304 1.55978 1.09446 1.0939 1.55919 3.41633 7.82253 12.5198 7.94886 3.57631 1.87148 1.87148 3.57631 7.94886 12.5198 16.2696 17.8448 15.6055 13.8721 13.8721 15.6055 17.8448 16.2696 10.4125 9.85996 9.245 9.26354 9.26354 9.245 9.85996 10.4125 10.1527 11.5982 13.0762 13.9223 13.9223 13.0762 11.5982 10.1527 5.40266 4.19927 2.38722 1.62361 1.63739 2.4215 4.24937 5.48461 4.17298 2.16864 1.19339 1.02014 1.01999 1.19121 2.15559 
8.71689 3.85936 1.69704 1.12661 1.12551 1.69367 3.84944 8.7446 13.2747 9.01868 4.00419 2.02007 2.02007 4.00419 9.01868 13.2747 13.9106 14.8877 11.6861 8.72431 8.72431 11.6861 14.8877 13.9106 8.8535 7.91021 7.22988 6.52286 6.52286 7.22988 7.91021 8.8535 9.66227 11.3327 12.9375 13.9509 13.9509 12.9375 11.3327 9.66227 4.42648 3.10095 1.81829 1.23302 1.23078 1.81179 3.07464 4.42631 2.78832 1.57805 1.08255 1.00544 1.00545 1.08238 1.57553 
7.32663 3.14364 1.48642 1.07834 1.07763 1.48406 3.13695 7.34437 11.6901 7.83575 3.3595 1.70556 1.70556 3.3595 7.83575 11.6901 11.0736 11.6182 8.23015 5.1082 5.1082 8.23015 11.6182 11.0736 6.24704 5.78759 5.4377 4.23998 4.23998 5.4377 5.78759 6.24704 7.4679 9.62832 11.394 12.5867 12.5867 11.394 9.62832 7.4679 2.92749 2.03555 1.35556 1.06833 1.06722 1.34958 2.01567 2.92763 1.76361 1.17385 1.01724 1.00063 1.00061 1.01685 1.17063 
5.7496 2.4387 1.28234 1.03389 1.03363 1.28119 2.43539 5.75754 9.71753 6.27769 2.54635 1.36504 1.36504 2.54635 6.27769 9.71753 9.18988 9.52809 6.34935 3.37437 3.37437 6.34935 9.52809 9.18988 3.877 3.7232 3.7168 2.57542 2.57542 3.7168 3.7232 3.877 5.21865 7.73582 9.90185 11.6622 11.6622 9.90185 7.73582 5.21865 1.84354 1.35096 1.08295 1.00871 1.00855 1.08171 1.34481 1.84369 1.23175 1.03157 1.00202 0.999965 0.999962 1.00195 1.03078 
5.75754 2.43539 1.28119 1.03363 1.03363 1.28119 2.43539 5.75754 9.7171 6.27954 2.53584 1.36258 1.36504 2.54635 6.27769 9.71753 9.18988 9.52809 6.34935 3.37437 3.37191 6.34283 9.50682 9.13676 3.8611 3.70724 3.70927 2.57433 2.57542 3.7168 3.7232 3.877 5.21865 7.73582 9.90185 11.6622 11.7676 9.93326 7.72394 5.15609 1.84369 1.34481 1.08171 1.00855 1.00855 1.08171 1.34481 1.84369 1.23175 1.03157 1.00202 0.999965 0.999965 1.00202 1.03157 
7.34437 3.13695 1.48406 1.07763 1.07763 1.48406 3.13695 7.34437 11.6892 7.83961 3.35244 1.70258 1.70556 3.3595 7.83575 11.6901 11.0736 11.6182 8.23015 5.1082 5.10503 8.22378 11.5918 11.0068 6.19951 5.75773 5.42386 4.23864 4.23998 5.4377 5.78759 6.24704 7.4679 9.62832 11.394 12.5867 12.8086 11.4783 9.65635 7.36373 2.92763 2.01567 1.34958 1.06722 1.06722 1.34958 2.01567 2.92763 1.76361 1.17385 1.01724 1.00063 1.00063 1.01724 1.17385 
8.7446 3.84944 1.69367 1.12551 1.12551 1.69367 3.84944 8.7446 13.2766 9.0193 3.99256 2.0153 2.02007 4.00419 9.01868 13.2747 13.9106 14.8877 11.6861 8.72431 8.71719 11.6749 14.8628 13.8471 8.78017 7.88036 7.21859 6.52101 6.52286 7.22988 7.91021 8.8535 9.66227 11.3327 12.9375 13.9509 14.2351 13.0344 11.362 9.53579 4.42631 3.07464 1.81179 1.23078 1.23078 1.81179 3.07464 4.42631 2.78832 1.57805 1.08255 1.00544 1.00544 1.08255 1.57805 
7.82253 3.41633 1.55919 1.0939 1.0939 1.55919 3.41633 7.82253 12.5976 7.96857 3.5769 1.8697 1.87148 3.57631 7.94886 12.5198 16.2696 17.8448 15.6055 13.8721 13.8708 15.6003 17.7388 16.2459 10.4947 10.0133 9.41028 9.38918 9.26354 9.245 9.85996 10.4125 10.1527 11.5982 13.0762 13.9223 14.3917 13.3069 11.7578 10.1852 5.48461 4.24937 2.4215 1.63739 1.63739 2.4215 4.24937 5.48461 4.17298 2.16864 1.19339 1.02014 1.02014 1.19339 2.16864 
11.2304 4.68759 1.89871 1.13855 1.13898 1.89892 4.6832 11.2314 18.7557 11.1104 4.96285 2.5749 2.5749 4.96285 11.1104 18.7557 25.2056 27.8025 28.9199 28.8571 28.95 29.0007 27.8025 25.2056 21.0651 21.8866 22.1454 21.8101 21.9886 22.3529 22.0919 21.2357 21.3353 24.4946 25.8892 26.8383 26.5621 25.6158 24.1255 20.9508 15.5508 12.9515 9.30664 6.21093 6.21093 9.30664 12.9515 15.5508 11.0148 4.79888 1.89257 1.13427 1.13427 1.89257 4.79888 
12.0408 4.94073 1.94661 1.15085 1.15151 1.94735 4.937 12.0414 20.2419 11.6191 5.15492 2.65542 2.65542 5.15492 11.6191 20.2419 28.0075 30.81 31.5802 31.8392 31.8381 31.5783 30.81 28.0075 24.2899 24.0124 24.5338 25.2226 25.2339 24.5253 24.0118 24.2954 25.9401 29.7071 31.5018 32.0187 32.0677 31.5694 29.8726 25.9402 17.799 15.0158 10.8397 7.34208 7.34208 10.8397 15.0158 17.799 12.4133 5.25082 2.0223 1.16098 1.16098 2.0223 5.25082 
12.542 5.09314 1.97757 1.15737 1.15808 1.97862 5.09052 12.5431 21.2753 11.9828 5.23562 2.66346 2.66346 5.23562 11.9828 21.2753 29.7367 32.5602 33.4049 33.7589 33.7689 33.4187 32.5602 29.7367 26.3207 25.4482 26.1559 27.2633 27.2808 26.1414 25.4481 26.3256 28.5607 32.2504 33.7609 34.1218 34.1226 33.7691 32.3494 28.5226 19.4948 16.5215 11.8754 8.0558 8.0558 11.8754 16.5215 19.4948 13.5847 5.71676 2.15737 1.18799 1.18799 2.15737 5.71676 
12.6839 5.0987 1.97171 1.15458 1.15509 1.97275 5.09809 12.6848 21.8108 12.0193 5.14117 2.55968 2.55968 5.14117 12.0193 21.8108 30.5556 33.2541 34.1588 34.4347 34.4395 34.1646 33.2541 30.5556 27.8201 26.8826 27.6779 29.033 29.046 27.6659 26.8838 27.822 29.5506 32.8796 34.295 34.6211 34.6189 34.2952 32.9473 29.5123 20.4864 17.3566 12.0149 7.97915 7.97915 12.0149 17.3566 20.4864 14.4203 6.03747 2.22996 1.19998 1.19998 2.22996 6.03747 
12.6848 5.09809 1.97275 1.15509 1.15509 1.97275 5.0987 12.6839 21.7438 12.0509 5.14117 2.55968 2.57755 5.17464 12.0193 21.8108 30.5497 33.2225 34.1646 34.4395 34.4395 34.1646 33.2225 30.5497 27.822 26.8838 27.6659 29.046 29.033 27.6779 26.8826 27.8201 29.5123 32.9473 34.2952 34.6189 34.6211 34.295 32.9473 29.5123 20.4832 17.3381 12.0374 8.00916 7.97915 12.0149 17.3566 20.4864 14.4203 6.03747 2.22996 1.19998 1.19987 2.22935 6.0394 
12.5431 5.09052 1.97862 1.15808 1.15808 1.97862 5.09314 12.542 21.2119 12.0162 5.23562 2.66346 2.68938 5.28745 11.9828 21.2753 29.7037 32.5124 33.4187 33.7689 33.7689 33.4187 32.5124 29.7037 26.3256 25.4481 26.1414 27.2808 27.2633 26.1559 25.4482 26.3207 28.5226 32.3494 33.7691 34.1226 34.1218 33.7609 32.3494 28.5226 19.4896 16.4966 11.9097 8.09753 8.0558 11.8754 16.5215 19.4948 13.5847 5.71676 2.15737 1.18799 1.18788 2.15634 5.71591 
12.0414 4.937 1.94735 1.15151 1.15151 1.94735 4.94073 12.0408 20.1833 11.6524 5.15492 2.65542 2.68176 5.20875 11.6191 20.2419 27.9282 30.7362 31.5783 31.8381 31.8381 31.5783 30.7362 27.9282 24.2954 24.0118 24.5253 25.2339 25.2226 24.5338 24.0124 24.2899 25.9402 29.8726 31.5694 32.0677 32.0187 31.5018 29.8726 25.9402 17.7936 14.9892 10.8777 7.38392 7.34208 10.8397 15.0158 17.799 12.4133 5.25082 2.0223 1.16098 1.16093 2.02157 5.25029 
11.2314 4.6832 1.89892 1.13898 1.13898 1.89892 4.68759 11.2304 18.6794 11.1288 4.96285 2.5749 2.60488 5.03098 11.1104 18.7557 25.3388 28.0022 29.0007 28.95 28.95 29.0007 28.0022 25.3388 21.2357 22.0919 22.3529 21.9886 21.8101 22.1454 21.8866 21.0651 20.9508 24.1255 25.6158 26.5621 26.8383 25.8892 24.1255 20.9508 15.6168 12.9787 9.33631 6.24675 6.21093 9.30664 12.9515 15.5508 11.0148 4.79888 1.89257 1.13427 1.13466 1.89498 4.81449 
11.3462 4.58574 1.89688 1.15248 1.15248 1.89688 4.58574 11.3462 19.4375 11.7979 5.30727 2.81427 2.81427 5.30727 11.7105 19.4389 28.4161 31.0851 32.1591 32.4073 32.4073 32.1591 31.1045 28.4729 30.3025 32.7959 33.3154 32.9675 33.0273 33.3611 32.8294 30.3279 25.4503 30.1311 32.1314 32.8075 32.7646 32.0838 30.1311 25.4503 16.9883 13.4558 8.9266 5.56104 5.71747 9.13419 13.5112 16.9295 11.7016 5.01159 1.96136 1.16315 1.16424 1.96592 5.03353 
12.3763 5.0706 2.05235 1.19321 1.19321 2.05235 5.0706 12.3763 20.541 12.7561 5.93365 3.15458 3.15458 5.93365 12.6843 20.5811 30.0034 32.6093 33.6044 33.9281 33.9281 33.6044 32.6319 30.0788 31.4588 33.3661 33.8515 33.8273 33.826 33.8492 33.3622 31.4801 27.4807 31.2987 33.2531 33.8368 33.8524 33.2782 31.2987 27.4807 20.0341 16.2299 10.9007 6.86846 7.00523 11.0491 16.0988 20.0501 13.2652 5.45746 2.10179 1.2 1.20127 2.10494 5.46755 
12.948 5.3492 2.12714 1.20561 1.20561 2.12714 5.3492 12.948 21.111 13.0959 6.04298 3.20191 3.20191 6.04298 13.0229 21.1524 30.7428 33.2328 34.2432 34.6056 34.6056 34.2432 33.2581 30.821 32.1477 33.6428 34.1335 34.288 34.2867 34.131 33.6405 32.1688 28.9208 32.3079 33.9761 34.4619 34.4717 33.9966 32.3079 28.9208 21.6247 17.488 11.6268 7.34792 7.4972 11.7871 17.3524 21.6331 14.3316 5.89065 2.23584 1.22984 1.23119 2.23919 5.90147 
12.868 5.24956 2.06279 1.17872 1.17872 2.06279 5.24956 12.868 21.354 12.7006 5.59483 2.91362 2.91362 5.59483 12.6511 21.3836 31.0623 33.3556 34.458 34.7756 34.7756 34.458 33.3605 31.1266 32.4788 33.8041 34.3076 34.5386 34.5376 34.3057 33.8025 32.4913 29.5633 32.825 34.2833 34.6922 34.6973 34.2952 32.825 29.5633 22.2987 17.9674 11.6262 7.33251 7.4268 11.723 17.8848 22.3003 15.103 6.22344 2.30607 1.2317 1.2325 2.30831 6.23178 
12.9343 5.26896 2.06766 1.1797 1.17872 2.06279 5.24956 12.868 21.3836 12.6511 5.56244 2.89894 2.89894 5.56244 12.6511 21.3836 31.1266 33.3605 34.465 34.7794 34.7756 34.458 33.3605 31.1266 32.4913 33.8025 34.3057 34.5376 34.5376 34.3057 33.8025 32.4913 29.6027 32.8259 34.2871 34.6924 34.6924 34.2871 32.825 29.5633 22.3003 17.8848 11.6946 7.40167 7.40167 11.6946 17.8848 22.3003 15.103 6.22344 2.30607 1.2317 1.2317 2.30607 6.22344 
13.0526 5.3848 2.13652 1.20751 1.20561 2.12714 5.3492 12.948 21.1524 13.0229 5.98124 3.17415 3.17415 5.98124 13.0229 21.1524 30.821 33.2581 34.2586 34.6129 34.6056 34.2432 33.2581 30.821 32.1688 33.6405 34.131 34.2867 34.2867 34.131 33.6405 32.1688 28.9666 32.3162 33.9837 34.4641 34.4641 33.9837 32.3079 28.9208 21.6331 17.3524 11.7425 7.45749 7.45749 11.7425 17.3524 21.6331 14.3316 5.89065 2.23584 1.22984 1.22984 2.23584 5.89065 
12.4873 5.10857 2.06227 1.19523 1.19321 2.05235 5.0706 12.3763 20.5811 12.6843 5.86976 3.12684 3.12684 5.86976 12.6843 20.5811 30.0788 32.6319 33.6164 33.9326 33.9281 33.6044 32.6319 30.0788 31.4801 33.3622 33.8492 33.826 33.826 33.8492 33.3622 31.4801 27.5344 31.3038 33.2638 33.8416 33.8416 33.2638 31.2987 27.4807 20.0501 16.0988 11.0052 6.96825 6.96825 11.0052 16.0988 20.0501 13.2652 5.45746 2.10179 1.2 1.2 2.10179 5.45746 
11.4158 4.60653 1.9023 1.15355 1.15248 1.89688 4.58574 11.3462 19.4389 11.7105 5.25773 2.79137 2.79137 5.25773 11.7105 19.4389 28.4729 31.1045 32.1723 32.4188 32.4073 32.1591 31.1045 28.4729 30.3279 32.8294 33.3611 33.0273 33.0273 33.3611 32.8294 30.3279 25.4962 30.1222 32.1563 32.8438 32.8438 32.1563 30.1311 25.4503 16.9295 13.5112 9.09714 5.6795 5.6795 9.09714 13.5112 16.9295 11.7016 5.01159 1.96136 1.16315 1.16315 1.96136 5.01159 
7.37741 2.83161 1.34606 1.03779 1.03779 1.34606 2.83161 7.37741 14.3624 6.85226 2.65375 1.41501 1.41525 2.65113 6.85302 14.3387 26.5958 29.8168 31.718 32.1685 32.184 31.7426 29.8941 26.7914 28.7335 32.2543 33.382 33.1263 33.1263 33.382 32.2543 28.7335 22.8201 29.1906 32.3072 33.1207 33.1207 32.3072 29.1906 22.8201 8.59708 5.49562 3.16191 1.96696 1.96221 3.14786 5.4626 8.55458 4.5174 2.00496 1.16165 1.01922 1.01937 1.16352 2.0176 
6.34242 2.35588 1.21014 1.01716 1.01716 1.21014 2.35588 6.34242 13.3778 5.78634 2.11621 1.19589 1.19711 2.11106 5.80464 13.3924 26.9319 30.7408 32.9522 33.5743 33.5712 32.9475 30.7325 27.0721 28.7814 32.4963 33.6839 33.8532 33.8532 33.6839 32.4963 28.7814 22.0749 29.2946 32.8954 33.8981 33.8981 32.8954 29.2946 22.0749 7.04552 4.4478 2.48499 1.58497 1.59222 2.49904 4.45921 7.04678 3.48717 1.61627 1.0839 1.00763 1.00758 1.08391 1.61787 
5.88014 2.13506 1.15738 1.01116 1.01116 1.15738 2.13506 5.88014 13.0357 5.4606 1.99226 1.15609 1.15686 1.98845 5.47595 13.0504 26.9867 31.0649 33.6112 34.3018 34.2993 33.6066 31.0525 27.1273 28.7765 32.6203 33.8902 34.2617 34.2617 33.8902 32.6203 28.7765 21.7265 29.3271 33.1074 34.156 34.156 33.1074 29.3271 21.7265 5.96522 3.65474 2.05508 1.40861 1.41486 2.06823 3.66794 5.96198 2.63683 1.31395 1.0348 1.00305 1.00305 1.03517 1.31688 
5.73921 2.0608 1.13901 1.00927 1.00927 1.13901 2.0608 5.73921 13.0019 5.38929 1.97345 1.14762 1.14799 1.97144 5.39916 13.0107 27.0385 31.1421 33.7872 34.4874 34.486 33.7853 31.1215 27.1764 28.797 32.7364 34.0365 34.4677 34.4677 34.0365 32.7364 28.797 21.6825 29.368 33.1963 34.2044 34.2044 33.1963 29.368 21.6825 5.75043 3.25276 1.78104 1.26969 1.2726 1.78816 3.26176 5.74884 2.48605 1.27124 1.03025 1.00244 1.00242 1.03034 1.27268 
5.72682 2.05822 1.13899 1.00927 1.00927 1.13901 2.0608 5.73921 13.0107 5.39916 1.97144 1.14799 1.14762 1.97345 5.39916 13.0107 27.0385 31.1421 33.7872 34.4874 34.4874 33.7872 31.1421 27.0385 28.7965 32.7353 34.0299 34.4648 34.4677 34.0365 32.7364 28.797 21.6825 29.368 33.1963 34.2044 34.1956 33.1806 29.3716 21.5751 5.74884 3.26176 1.78816 1.2726 1.2726 1.78816 3.26176 5.74884 2.48605 1.27124 1.03025 1.00244 1.00244 1.03025 1.27124 
5.86102 2.1305 1.15735 1.01116 1.01116 1.15738 2.13506 5.88014 13.0504 5.47595 1.98845 1.15686 1.15609 1.99226 5.47595 13.0504 26.9867 31.0649 33.6112 34.3018 34.3018 33.6112 31.0649 26.9867 28.7772 32.6188 33.8789 34.2575 34.2617 33.8902 32.6203 28.7765 21.7265 29.3271 33.1074 34.156 34.1436 33.0806 29.3199 21.6172 5.96198 3.66794 2.06823 1.41486 1.41486 2.06823 3.66794 5.96198 2.63683 1.31395 1.0348 1.00305 1.00305 1.0348 1.31395 
6.32024 2.35024 1.21011 1.01716 1.01716 1.21014 2.35588 6.34242 13.3924 5.80464 2.11106 1.19711 1.19589 2.11621 5.80464 13.3924 26.9319 30.7408 32.9522 33.5743 33.5743 32.9522 30.7408 26.9319 28.7817 32.4949 33.6731 33.8499 33.8532 33.6839 32.4963 28.7814 22.0749 29.2946 32.8954 33.8981 33.8869 32.8715 29.2865 21.9707 7.04678 4.45921 2.49904 1.59222 1.59222 2.49904 4.45921 7.04678 3.48717 1.61627 1.0839 1.00763 1.00763 1.0839 1.61627 
7.32052 2.81433 1.34597 1.03778 1.03779 1.34606 2.83161 7.37741 14.3387 6.85302 2.65113 1.41525 1.41501 2.65375 6.85302 14.3387 26.5958 29.8168 31.718 32.1685 32.1685 31.718 29.8168 26.5958 28.7331 32.252 33.363 33.0983 33.1263 33.382 32.2543 28.7335 22.8201 29.1906 32.3072 33.1207 33.1166 32.3086 29.1779 22.7086 8.55458 5.4626 3.14786 1.96221 1.96221 3.14786 5.4626 8.55458 4.5174 2.00496 1.16165 1.01922 1.01922 1.16165 2.00496 
5.40401 1.97256 1.12473 1.00815 1.00813 1.12478 1.97351 5.4097 12.3219 5.2898 1.97195 1.1734 1.1734 1.97195 5.2898 12.3219 24.1828 26.5267 27.9266 28.4395 28.4395 27.9266 26.5267 24.1828 25.6373 28.1643 28.3202 28.061 28.061 28.3202 28.1643 25.6373 21.6834 27.3578 30.1711 31.3512 31.2387 30.0375 27.2198 21.6386 9.15505 5.52867 3.05587 1.98889 1.98889 3.05587 5.52867 9.15505 5.36477 2.42863 1.33621 1.05357 1.05357 1.33621 2.42863 
5.69617 2.0561 1.1381 1.00905 1.009 1.1382 2.05909 5.71656 12.9335 5.47353 2.00881 1.17068 1.17068 2.00881 5.47353 12.9335 25.7173 29.0981 31.0188 31.7381 31.7381 31.0188 29.0981 25.7173 24.872 28.0673 28.7862 29.2903 29.2903 28.7862 28.0673 24.872 20.6786 26.8809 30.5015 32.1698 32.0356 30.3048 26.7815 20.716 7.87003 4.20791 1.99442 1.28505 1.28505 1.99442 4.20791 7.87003 4.4918 2.03313 1.18081 1.01761 1.01761 1.18081 2.03313 
5.84584 2.0977 1.14451 1.00964 1.00958 1.14462 2.10073 5.86692 13.266 5.60021 2.04083 1.17719 1.17719 2.04083 5.60021 13.266 26.4308 30.352 32.7307 33.5762 33.5762 32.7307 30.352 26.4308 24.5254 27.9432 29.2243 30.1858 30.1858 29.2243 27.9432 24.5254 19.9796 26.6644 30.7718 32.714 32.5591 30.543 26.5618 20.0102 6.84669 3.38347 1.53794 1.06502 1.06502 1.53794 3.38347 6.84669 3.68192 1.68894 1.10148 1.00774 1.00774 1.10148 1.68894 
5.85452 2.08776 1.14019 1.00922 1.00919 1.14026 2.08964 5.86885 13.3428 5.58473 2.03263 1.16982 1.16982 2.03263 5.58473 13.3428 26.6362 30.6548 33.2675 34.0839 34.0839 33.2675 30.6548 26.6362 24.4818 27.8405 29.6054 31.0383 31.0383 29.6054 27.8405 24.4818 19.784 26.8472 31.1313 33.1116 33.0299 30.9709 26.7905 19.7715 6.39562 3.0682 1.41697 1.03445 1.03445 1.41697 3.0682 6.39562 3.25307 1.49707 1.06204 1.00381 1.00381 1.06204 1.49707 
5.86885 2.08964 1.14026 1.00919 1.00919 1.14026 2.08964 5.86885 13.0289 5.60076 2.0314 1.16877 1.16877 2.03263 5.58473 13.3428 26.6362 30.6548 33.2675 34.0839 34.0823 33.2643 30.6907 26.6498 24.538 27.8596 29.612 31.0399 31.0383 29.6054 27.8405 24.4818 19.7715 26.7905 30.9709 33.0299 33.0299 30.9709 26.7905 19.7715 6.48529 3.07659 1.42727 1.03007 1.03445 1.41697 3.0682 6.39562 3.25307 1.49707 1.06204 1.00381 1.00374 1.0614 1.49364 
5.86692 2.10073 1.14462 1.00958 1.00958 1.14462 2.10073 5.86692 12.9423 5.6082 2.03927 1.17574 1.17574 2.04083 5.60021 13.266 26.4308 30.352 32.7307 33.5762 33.5723 32.7242 30.3866 26.4018 24.6211 27.9803 29.2396 30.1878 30.1858 29.2243 27.9432 24.5254 20.0102 26.5618 30.543 32.5591 32.5591 30.543 26.5618 20.0102 6.96088 3.39907 1.56314 1.05973 1.06502 1.53794 3.38347 6.84669 3.68192 1.68894 1.10148 1.00774 1.00758 1.10027 1.68273 
5.71656 2.05909 1.1382 1.009 1.009 1.1382 2.05909 5.71656 12.6228 5.48176 2.00753 1.16931 1.16931 2.00881 5.47353 12.9335 25.7173 29.0981 31.0188 31.7381 31.7351 31.0136 29.1191 25.7215 24.9679 28.1037 28.8009 29.2934 29.2903 28.7862 28.0673 24.872 20.716 26.7815 30.3048 32.0356 32.0356 30.3048 26.7815 20.716 7.98552 4.22006 2.01915 1.28695 1.28505 1.99442 4.20791 7.87003 4.4918 2.03313 1.18081 1.01761 1.0175 1.17986 2.0271 
5.4097 1.97351 1.12478 1.00813 1.00813 1.12478 1.97351 5.4097 11.9713 5.27274 1.97026 1.17156 1.17156 1.97195 5.2898 12.3219 24.1828 26.5267 27.9266 28.4395 28.4396 27.9269 26.3558 24.1262 25.6349 28.0644 28.1759 27.9241 28.061 28.3202 28.1643 25.6373 21.6386 27.2198 30.0375 31.2387 31.2387 30.0375 27.2198 21.6386 9.27378 5.55006 3.15594 2.0889 1.98889 3.05587 5.52867 9.15505 5.36477 2.42863 1.33621 1.05357 1.0554 1.34346 2.44057 
2.69135 1.26416 1.02235 1.00082 1.00082 1.02235 1.26416 2.69135 6.23903 2.58343 1.24029 1.02309 1.02309 1.24029 2.59118 6.27051 14.702 12.7439 12.314 12.3155 12.3155 12.314 12.7439 14.702 20.1197 17.7071 15.3836 14.493 14.3348 15.1873 17.5223 20.0318 21.0362 25.7896 27.8162 28.5486 28.5486 27.8162 25.7865 21.0339 12.2422 9.79937 8.43697 7.40036 7.40304 8.43754 9.79917 12.2429 7.75874 4.97436 2.80767 1.6401 1.6401 2.80767 4.97436 
1.96437 1.11919 1.00755 0.999946 0.999946 1.00755 1.11919 1.96437 4.76872 1.93282 1.10847 1.00581 1.00581 1.10847 1.93529 4.76895 12.8578 7.8203 5.87383 5.42389 5.42389 5.87383 7.8203 12.8578 21.785 17.7961 13.3646 11.1297 11.1122 13.3245 17.7631 21.829 22.9709 27.594 29.6199 30.4678 30.4678 29.6199 27.5937 22.9704 14.8393 13.1495 12.405 11.6311 11.6291 12.4046 13.1492 14.8396 9.93668 6.61586 3.67114 2.05117 2.05117 3.67114 6.61586 
1.71139 1.07754 1.00419 0.999948 0.999948 1.00419 1.07754 1.71139 4.0773 1.7252 1.07903 1.00363 1.00363 1.07903 1.72873 4.07728 12.0629 5.66057 2.91164 2.20107 2.20107 2.91164 5.66057 12.0629 22.6136 17.5536 11.9751 8.67543 8.65315 11.9283 17.5198 22.6684 24.9189 29.3163 31.3698 32.2411 32.2411 31.3698 29.3156 24.9182 16.9811 14.7176 13.5429 12.2758 12.2744 13.5428 14.7175 16.9812 11.5216 7.69553 4.15825 2.22076 2.22076 4.15825 7.69553 
1.65099 1.06856 1.00354 0.999936 0.999936 1.00354 1.06856 1.65099 3.87482 1.66639 1.07478 1.00499 1.00499 1.07478 1.66809 3.8748 11.7339 5.06406 2.18393 1.44542 1.44542 2.18393 5.06406 11.7339 23.072 16.5047 10.1898 6.26935 6.25339 10.1638 16.4811 23.1088 26.685 30.7022 32.5346 33.307 33.307 32.5346 30.7017 26.6846 19.0111 15.7241 13.2881 10.9637 10.9633 13.2891 15.7239 19.0112 12.7498 7.64408 3.6139 1.96071 1.96071 3.6139 7.64408 
1.65301 1.06872 1.00355 0.999938 0.999936 1.00354 1.06856 1.65099 3.8748 1.66809 1.07478 1.00499 1.00488 1.07437 1.66639 3.87482 11.7678 5.07432 2.18727 1.44658 1.44542 2.18393 5.06406 11.7339 23.1088 16.4811 10.1638 6.25339 6.26935 10.1898 16.4811 23.1088 26.6846 30.7017 32.5403 33.311 33.307 32.5346 30.7022 26.685 19.1353 15.8775 13.1999 10.6991 10.9082 13.2706 15.7241 19.0111 12.7498 7.64408 3.6139 1.96071 1.95059 3.59162 7.62275 
1.71547 1.07795 1.00423 0.999951 0.999948 1.00419 1.07754 1.71139 4.07728 1.72873 1.07903 1.00363 1.00343 1.0782 1.7252 4.0773 12.1127 5.67809 2.91737 2.20302 2.20107 2.91164 5.66057 12.0629 22.6684 17.5198 11.9283 8.65315 8.67543 11.9751 17.5198 22.6684 24.9182 29.3156 31.3786 32.2476 32.2411 31.3698 29.3163 24.9189 17.2512 14.9539 13.4367 11.8223 12.1794 13.5193 14.7176 16.9811 11.5216 7.69553 4.15825 2.22076 2.20252 4.11675 7.67684 
1.96723 1.11948 1.00759 0.99995 0.999946 1.00755 1.11919 1.96437 4.76895 1.93529 1.10847 1.00581 1.00561 1.10783 1.93282 4.76872 12.9012 7.83794 5.88445 5.43203 5.42389 5.87383 7.8203 12.8578 21.829 17.7631 13.3245 11.1122 11.1297 13.3646 17.7631 21.829 22.9704 27.5937 29.6315 30.4761 30.4678 29.6199 27.594 22.9709 15.0845 13.3381 12.3401 11.2043 11.539 12.3882 13.1495 14.8393 9.93668 6.61586 3.67114 2.05117 2.03432 3.63552 6.59928 
2.67994 1.26213 1.02218 1.00082 1.00082 1.02235 1.26416 2.69135 6.27051 2.59118 1.24029 1.02309 1.02286 1.23919 2.58343 6.23903 14.6535 12.6547 12.2162 12.2164 12.3155 12.314 12.7439 14.702 20.0318 17.5223 15.1873 14.3348 14.493 15.3836 17.5223 20.0318 21.0339 25.7865 27.7456 28.4878 28.5486 27.8162 25.7896 21.0362 12.2406 9.87671 8.36098 7.13942 7.34733 8.42698 9.79937 12.2422 7.75874 4.97436 2.80767 1.6401 1.63052 2.78482 4.9622 
1.16814 1.01443 1.00069 0.999942 0.999944 1.00069 1.01434 1.16388 2.20423 1.24535 1.02633 1.00222 1.00218 1.02661 1.25132 2.23945 6.64866 5.77517 5.19991 5.05113 5.0524 5.20488 5.78842 6.63437 9.20038 6.38617 4.99767 4.71217 4.71288 4.99708 6.38763 9.19899 12.8465 16.5557 17.6613 17.6251 17.5313 17.5667 16.4859 12.7877 5.04364 4.05068 3.03894 2.03339 2.03147 3.02552 3.99302 4.93005 2.92278 1.8073 1.23842 1.04572 1.04642 1.24191 1.81679 
1.02486 1.00171 0.999906 0.999845 0.999845 0.999912 1.00173 1.02453 1.26262 1.04053 1.00373 1.0001 1.00007 1.00358 1.03966 1.2601 2.54635 2.14441 1.99114 1.93369 1.93654 1.9952 2.14797 2.54129 4.80705 3.30768 2.24637 1.99501 1.99514 2.24651 3.30811 4.80646 6.93511 9.07359 8.9802 8.44471 8.4571 9.0019 9.09427 6.95115 2.50762 2.07215 1.5694 1.18136 1.18452 1.5746 2.0643 2.47997 1.82532 1.31408 1.06739 1.00901 1.00889 1.06673 1.31197 
1.002 1.00001 0.99996 0.999992 0.999992 0.99996 1.00001 1.00196 1.02926 1.00304 1.00007 0.999928 0.999929 1.00005 1.00295 1.0288 1.29911 1.16138 1.132 1.11919 1.11999 1.13311 1.16242 1.29853 2.33554 1.70662 1.24617 1.15853 1.15854 1.24618 1.70679 2.3352 3.39039 4.46956 4.02084 3.52561 3.52297 4.02443 4.47146 3.39315 1.35807 1.2258 1.08677 1.01721 1.01761 1.08811 1.22522 1.34969 1.19971 1.05961 1.0087 1.00074 1.00072 1.00863 1.05931 
1.00007 0.999962 0.999995 1 1 0.999995 0.999963 1.00006 1.00225 0.999896 0.999921 0.999993 0.999994 0.999921 0.999881 1.00219 1.05041 1.01456 1.00996 1.00842 1.00853 1.01011 1.01474 1.05026 1.44855 1.18907 1.04183 1.02034 1.02034 1.04183 1.18909 1.44847 1.87282 2.36448 2.09497 1.80751 1.80692 2.09562 2.36472 1.87352 1.05853 1.03668 1.00935 1.00068 1.00072 1.00957 1.03683 1.05669 1.03479 1.00725 1.00065 0.999874 0.999873 1.00064 1.00723 
1.00006 0.999963 0.999995 1 1 0.999995 0.999963 1.00006 1.00225 0.999896 0.999921 0.999993 0.999993 0.999921 0.999896 1.00225 1.05026 1.01474 1.01011 1.00853 1.00842 1.00996 1.01456 1.05041 1.44847 1.18909 1.04183 1.02034 1.02034 1.04183 1.18907 1.44855 1.87352 2.36472 2.09562 1.80692 1.80751 2.09497 2.36448 1.87282 1.05669 1.03683 1.00957 1.00072 1.0007 1.00946 1.03683 1.05669 1.03479 1.00725 1.00065 0.999874 0.999874 1.00065 1.00725 
1.00196 1.00001 0.99996 0.999992 0.999992 0.99996 1.00001 1.00196 1.02926 1.00304 1.00007 0.999928 0.999928 1.00007 1.00304 1.02926 1.29853 1.16242 1.13311 1.11999 1.11919 1.132 1.16138 1.29911 2.3352 1.70679 1.24618 1.15854 1.15853 1.24617 1.70662 2.33554 3.39315 4.47146 4.02443 3.52297 3.52561 4.02084 4.46956 3.39039 1.34969 1.22522 1.08811 1.01761 1.01753 1.08769 1.22522 1.34969 1.19971 1.05961 1.0087 1.00074 1.00074 1.0087 1.05961 
1.02453 1.00173 0.999912 0.999845 0.999845 0.999912 1.00173 1.02453 1.26262 1.04053 1.00373 1.0001 1.0001 1.00373 1.04053 1.26262 2.54129 2.14797 1.9952 1.93654 1.93369 1.99114 2.14441 2.54635 4.80646 3.30811 2.24651 1.99514 1.99501 2.24637 3.30768 4.80705 6.95115 9.09427 9.0019 8.4571 8.44471 8.9802 9.07359 6.93511 2.47997 2.0643 1.5746 1.18452 1.18498 1.57562 2.0643 2.47997 1.82532 1.31408 1.06739 1.00901 1.00901 1.06739 1.31408 
1.16388 1.01434 1.00069 0.999944 0.999944 1.00069 1.01434 1.16388 2.20423 1.24535 1.02633 1.00222 1.00222 1.02633 1.24535 2.20423 6.63437 5.78842 5.20488 5.0524 5.05113 5.19991 5.77517 6.64866 9.19899 6.38763 4.99708 4.71288 4.71217 4.99767 6.38617 9.20038 12.7877 16.4859 17.5667 17.5313 17.6251 17.6613 16.5557 12.8465 4.93005 3.99302 3.02552 2.03147 2.03157 3.02595 3.99302 4.93005 2.92278 1.8073 1.23842 1.04572 1.04572 1.23842 1.8073 
1.02138 1.0018 1.00017 1.00009 1.00009 1.00017 1.0018 1.02138 1.24704 1.04566 1.00512 1.00058 1.00058 1.00512 1.04566 1.24704 2.28711 2.05477 1.90637 1.89802 1.89802 1.90637 2.05477 2.28711 4.10695 2.54585 2.03777 1.82277 1.82277 2.03777 2.54585 4.10695 6.50495 8.39307 8.62374 8.40212 8.40212 8.62374 8.39307 6.50495 2.51375 1.97967 1.67731 1.29619 1.29593 1.67725 1.97967 2.51375 1.60057 1.15421 1.02829 1.00489 1.00489 1.02829 1.15421 
1.00164 1.00008 0.999981 0.999997 0.999997 0.999981 1.00008 1.00164 1.02569 1.00399 1.00029 0.999928 0.999928 1.00029 1.00399 1.02569 1.26279 1.21054 1.18045 1.16903 1.16903 1.18045 1.21054 1.26279 1.95855 1.4119 1.22049 1.14262 1.14262 1.22049 1.4119 1.95855 2.48514 3.04371 3.08477 2.98401 2.98401 3.08477 3.04371 2.48514 1.38804 1.22162 1.1222 1.03653 1.03634 1.12149 1.22162 1.38804 1.1501 1.02921 1.00415 1.0003 1.0003 1.00415 1.02921 
1.00007 0.999981 1 1 1 1 0.999981 1.00007 1.00169 1.00006 0.999925 0.999977 0.999977 0.999925 1.00006 1.00169 1.03778 1.02889 1.0242 1.02137 1.02137 1.0242 1.02889 1.03778 1.19356 1.06036 1.02887 1.01497 1.01497 1.02887 1.06036 1.19356 1.28265 1.41115 1.40494 1.35509 1.35509 1.40494 1.41115 1.28265 1.06961 1.03562 1.01344 1.00267 1.00265 1.0133 1.03562 1.06961 1.0233 1.00325 1.00028 0.999915 0.999915 1.00028 1.00325 
1.00008 1 1 1 1 1 1 1.00008 0.999977 0.999823 0.999984 1 1 0.999984 0.999823 0.999977 1.0036 1.00257 1.00226 1.00183 1.00183 1.00226 1.00257 1.0036 1.02443 1.00507 1.00212 1.00092 1.00092 1.00212 1.00507 1.02443 1.03151 1.0514 1.04816 1.03644 1.03644 1.04816 1.0514 1.03151 1.00726 1.00335 1.00076 0.999993 0.999988 1.00075 1.00335 1.00726 1.00229 1.00016 0.999923 0.99998 0.99998 0.999923 1.00016 
0 0 0 0 1 1 1 1.00008 0.999977 0.999823 0.999984 1 1 0.999984 0.999822 0.999981 1.0036 1.00257 1.00226 1.00183 1.0018 1.00222 1.00252 1.00355 1.02395 1.00498 1.00208 1.00089 1.00092 1.00212 1.00507 1.02443 1.03253 1.05311 1.04966 1.03701 1.03644 1.04816 1.0514 1.03151 1.00716 1.00328 1.00075 0.999988 0.999993 1.00076 1.00335 1.00726 1.00229 1.00016 0.999923 0.99998 0 0 0 
0 0 0 0 1 1 0.999981 1.00007 1.00169 1.00006 0.999925 0.999977 0.999977 0.999925 1.00006 1.00175 1.03778 1.02889 1.0242 1.02137 1.02112 1.02388 1.02849 1.03736 1.19048 1.05956 1.02846 1.01475 1.01497 1.02887 1.06036 1.19356 1.28823 1.4197 1.41222 1.35845 1.35509 1.40494 1.41115 1.28265 1.06903 1.03517 1.0133 1.00265 1.00267 1.01344 1.03562 1.06961 1.0233 1.00325 1.00028 0.999915 0 0 0 
0 0 0 0 0.999997 0.999981 1.00008 1.00164 1.02569 1.00399 1.00029 0.999928 0.999927 1.00029 1.00397 1.02619 1.26279 1.21054 1.18045 1.16903 1.16769 1.17886 1.20849 1.26096 1.94684 1.40888 1.21844 1.14131 1.14262 1.22049 1.4119 1.95855 2.50616 3.07474 3.11182 2.99797 2.98401 3.08477 3.04371 2.48514 1.38688 1.21986 1.12149 1.03634 1.03653 1.1222 1.22162 1.38804 1.1501 1.02921 1.00415 1.0003 0 0 0 
