0 0 0 0 1.00194 1.01921 1.1301 1.599 2.52994 1.71693 1.18185 1.0386 1.0386 1.18187 1.7154 2.53084 3.37218 3.6718 3.04033 2.45061 2.44795 3.03489 3.66636 3.36643 1.9954 1.43032 1.30175 1.50708 1.50732 1.30786 1.43621 1.99313 1.73989 2.50866 3.71633 4.45191 4.44472 3.70652 2.50341 1.72839 1.22867 1.14899 1.05156 1.00938 1.00959 1.05296 1.15136 1.23137 1.1226 1.02015 1.00198 1.00011 0 0 0 
0 0 0 0 1.00029 1.00422 1.03428 1.13789 1.29267 1.12337 1.02754 1.0046 1.0046 1.02754 1.12289 1.29219 1.47389 1.5241 1.36129 1.21694 1.21638 1.36007 1.52344 1.47374 1.20693 1.05887 1.02539 1.07308 1.07259 1.02575 1.05897 1.20529 1.12773 1.44606 2.17821 2.52249 2.53153 2.18828 1.45043 1.12842 1.02693 1.02411 1.0074 1.00092 1.00095 1.0076 1.02461 1.02737 1.01631 1.00217 1.00008 0.999964 0 0 0 
0 0 0 0 0.999922 1.00042 1.00497 1.02095 1.03525 1.01308 1.00239 1.00007 1.00007 1.00239 1.01299 1.03506 1.05341 1.0571 1.03598 1.01713 1.01705 1.03578 1.05704 1.05349 1.02789 1.00723 1.00226 1.00876 1.00868 1.00229 1.00721 1.02761 1.0207 1.1072 1.33206 1.42291 1.42652 1.33618 1.1086 1.02096 1.00225 1.00244 1.00063 1.00002 1.00002 1.00066 1.0025 1.00228 1.0015 1.00012 0.999969 0.999995 0 0 0 
0 0 0 0 0.999971 0.999929 1.00037 1.00239 1.00239 1.0004 0.999959 0.999908 0.999908 0.999959 1.00038 1.00235 1.00347 1.00312 1.00166 1.00044 1.00044 1.00164 1.00311 1.00349 1.00301 1.00099 1.00081 1.00104 1.00103 1.0008 1.00097 1.00297 1.00271 1.01794 1.06999 1.09248 1.09343 1.07094 1.01819 1.00275 1.00009 0.999976 0.999972 0.999974 0.999974 0.999973 0.999984 1.00009 1.00011 0.999956 0.999995 1 0 0 0 
1.00239 1.00037 0.999929 0.999971 0.999971 0.999929 1.00037 1.00239 1.00239 1.0004 0.999959 0.999908 0.999908 0.999959 1.0004 1.00239 1.00347 1.00312 1.00166 1.00044 1.00044 1.00166 1.00312 1.00347 1.00301 1.00099 1.00081 1.00104 1.00104 1.00081 1.00099 1.00301 1.00275 1.01819 1.07094 1.09343 1.09343 1.07094 1.01819 1.00275 1.00009 0.999984 0.999973 0.999974 0.999974 0.999972 0.999976 1.00009 1.00011 0.999956 0.999995 1 1 0.999995 0.999956 
1.02095 1.00497 1.00042 0.999922 0.999922 1.00042 1.00497 1.02095 1.03525 1.01308 1.00239 1.00007 1.00007 1.00239 1.01308 1.03525 1.05341 1.0571 1.03598 1.01713 1.01713 1.03598 1.0571 1.05341 1.02789 1.00723 1.00226 1.00876 1.00876 1.00226 1.00723 1.02789 1.02096 1.1086 1.33618 1.42652 1.42652 1.33618 1.1086 1.02096 1.00228 1.0025 1.00066 1.00002 1.00002 1.00063 1.00244 1.00225 1.0015 1.00012 0.999969 0.999995 0.999995 0.999969 1.00012 
1.13789 1.03428 1.00422 1.00029 1.00029 1.00422 1.03428 1.13789 1.29267 1.12337 1.02754 1.0046 1.0046 1.02754 1.12337 1.29267 1.47389 1.5241 1.36129 1.21694 1.21694 1.36129 1.5241 1.47389 1.20693 1.05887 1.02539 1.07308 1.07308 1.02539 1.05887 1.20693 1.12842 1.45043 2.18828 2.53153 2.53153 2.18828 1.45043 1.12842 1.02737 1.02461 1.0076 1.00095 1.00092 1.0074 1.02411 1.02693 1.01631 1.00217 1.00008 0.999964 0.999964 1.00008 1.00217 
1.599 1.1301 1.01921 1.00194 1.00194 1.01921 1.1301 1.599 2.52994 1.71693 1.18185 1.0386 1.0386 1.18185 1.71693 2.52994 3.37218 3.6718 3.04033 2.45061 2.45061 3.04033 3.6718 3.37218 1.9954 1.43032 1.30175 1.50708 1.50708 1.30175 1.43032 1.9954 1.72839 2.50341 3.70652 4.44472 4.44472 3.70652 2.50341 1.72839 1.23137 1.15136 1.05296 1.00959 1.00938 1.05156 1.14899 1.22867 1.1226 1.02015 1.00198 1.00011 1.00011 1.00198 1.02015 
3.23659 1.66092 1.1259 1.01535 1.01535 1.1259 1.66092 3.23659 5.39865 3.2935 1.67793 1.16105 1.16105 1.67793 3.2935 5.39865 7.80637 8.84655 7.34731 6.10041 6.00741 7.24182 8.73677 7.74109 4.74816 3.75888 3.31556 3.60778 3.5774 3.26238 3.71446 4.71124 5.5783 6.424 7.00685 7.36521 7.36521 7.00685 6.424 5.5783 2.1445 1.64802 1.21702 1.06981 1.07104 1.21905 1.65383 2.15029 1.4402 1.06922 1.00152 0.99973 0.999729 1.00158 1.0686 
1.82493 1.21883 1.03393 1.00311 1.00311 1.03393 1.21883 1.82493 2.51359 1.68699 1.14641 1.02463 1.02463 1.14641 1.68699 2.51359 3.17003 3.51738 2.94465 2.36159 2.36132 2.94545 3.52266 3.18227 2.02298 1.61389 1.44233 1.618 1.61763 1.43261 1.60752 2.01997 2.32097 2.70799 2.96872 3.17869 3.17869 2.96872 2.70799 2.32097 1.19153 1.06739 1.00625 1.00197 1.00207 1.00654 1.06825 1.19193 1.04548 1.00091 0.99903 0.999804 0.999803 0.999032 1.0009 
1.17596 1.04038 1.00473 1.00015 1.00015 1.00473 1.04038 1.17596 1.29538 1.11124 1.01685 1.00145 1.00145 1.01685 1.11124 1.29538 1.44733 1.51761 1.35704 1.2025 1.2015 1.35537 1.51698 1.44838 1.14494 1.05803 1.03015 1.07485 1.07523 1.02866 1.05712 1.14505 1.23918 1.35953 1.4417 1.53117 1.53117 1.4417 1.35953 1.23918 1.01294 0.997109 0.997024 0.999637 0.999641 0.997037 0.997153 1.01293 1.00186 0.999673 0.999979 1 1 0.999978 0.999679 
1.02842 1.0052 1.00029 0.999874 0.999874 1.00029 1.0052 1.02842 1.03826 1.01125 1.00069 0.999757 0.999757 1.00069 1.01125 1.03826 1.05989 1.06773 1.04177 1.01748 1.01732 1.04141 1.06762 1.06006 1.01674 1.00452 1.00149 1.00961 1.00976 1.00133 1.00446 1.01692 1.02395 1.04809 1.07234 1.09904 1.09904 1.07234 1.04809 1.02395 0.999977 0.998541 0.999515 1.00004 1.00004 0.999516 0.998544 0.999977 1.00008 1.00006 1.00002 1 1 1.00002 1.00006 
1.02843 1.00518 1.00029 0.999874 0.999874 1.00029 1.0052 1.02842 1.03826 1.01125 1.00069 0.999757 0.999756 1.00069 1.01128 1.03843 1.05989 1.06773 1.04177 1.01748 1.01748 1.04177 1.06773 1.05989 1.01692 1.00446 1.00133 1.00976 1.00976 1.00133 1.00446 1.01692 1.02395 1.04792 1.07188 1.09837 1.09837 1.07188 1.04792 1.02395 0.999977 0.998544 0.999516 1.00004 1.00004 0.999516 0.998544 0.999977 1.00008 1.00006 1.00002 1 1 1.00002 1.00006 
1.17596 1.04022 1.0047 1.00015 1.00015 1.00473 1.04038 1.17596 1.29538 1.11124 1.01685 1.00145 1.00144 1.01683 1.11152 1.29629 1.44733 1.51761 1.35704 1.2025 1.2025 1.35704 1.51761 1.44733 1.14505 1.05712 1.02866 1.07523 1.07523 1.02866 1.05712 1.14505 1.23985 1.35868 1.43989 1.52776 1.52776 1.43989 1.35868 1.23985 1.01293 0.997153 0.997037 0.999641 0.999641 0.997037 0.997153 1.01293 1.00186 0.999673 0.999979 1 1 0.999979 0.999673 
1.82419 1.218 1.03376 1.00309 1.00311 1.03393 1.21883 1.82493 2.51359 1.68699 1.14641 1.02463 1.02457 1.14638 1.68801 2.51562 3.17003 3.51738 2.94465 2.36159 2.36159 2.94465 3.51738 3.17003 2.01997 1.60752 1.43261 1.61763 1.61763 1.43261 1.60752 2.01997 2.32381 2.70265 2.96071 3.16284 3.16284 2.96071 2.70265 2.32381 1.19193 1.06825 1.00654 1.00207 1.00207 1.00654 1.06825 1.19193 1.04548 1.00091 0.99903 0.999804 0.999804 0.99903 1.00091 
3.25367 1.66673 1.12697 1.01552 1.01535 1.1259 1.66092 3.23659 5.39865 3.2935 1.67793 1.16105 1.16295 1.68381 3.31083 5.43451 7.80637 8.84655 7.34731 6.10041 6.10041 7.34731 8.84655 7.80637 4.71124 3.71446 3.26238 3.5774 3.5774 3.26238 3.71446 4.71124 5.62811 6.4416 7.01966 7.36257 7.36257 7.01966 6.4416 5.62811 2.15029 1.65383 1.21905 1.07104 1.07104 1.21905 1.65383 2.15029 1.4402 1.06922 1.00152 0.99973 0.99973 1.00152 1.06922 
7.60078 3.51829 1.64088 1.1306 1.12994 1.6406 3.52317 7.66125 12.051 7.75006 3.73535 2.08116 2.08116 3.73535 7.75006 12.051 15.9934 17.6842 16.1192 14.3288 14.495 16.3221 17.6842 15.9934 10.6501 10.0236 9.28269 9.37295 9.37295 9.28269 10.0236 10.6501 10.361 11.2505 12.2323 13.3866 13.3866 12.2323 11.2505 10.361 5.68735 4.32539 2.80553 1.89335 1.89335 2.80553 4.32539 5.68735 4.35988 2.38058 1.27318 1.03459 1.03459 1.27318 2.38058 
8.41917 3.96656 1.78524 1.17391 1.17251 1.78146 3.9566 8.4512 12.5136 8.7264 4.19851 2.25068 2.25068 4.19851 8.7264 12.5136 13.4892 14.3474 11.6628 9.19935 9.16152 11.6601 14.3474 13.4892 9.53696 8.50637 7.63846 6.9921 6.9921 7.63846 8.50637 9.53696 9.70518 10.7839 11.7251 12.7459 12.7459 11.7251 10.7839 9.70518 4.89899 3.62067 2.03231 1.35931 1.35931 2.03231 3.62067 4.89899 3.17058 1.79519 1.14395 1.01249 1.01249 1.14395 1.79519 
7.25216 3.31556 1.57833 1.11254 1.1116 1.57561 3.30855 7.2731 11.2628 7.80359 3.61408 1.90381 1.90381 3.61408 7.80359 11.2628 10.8064 11.1571 8.25659 5.56857 5.53681 8.25056 11.1571 10.8064 7.5259 7.02031 6.36309 5.16512 5.16512 6.36309 7.02031 7.5259 7.70959 9.24675 10.6439 11.7767 11.7767 10.6439 9.24675 7.70959 3.33473 2.47247 1.49489 1.12888 1.12888 1.49489 2.47247 3.33473 2.02718 1.28996 1.03914 1.00222 1.00222 1.03914 1.28996 
5.96304 2.69507 1.38118 1.0581 1.05771 1.3798 2.69147 5.97324 9.6675 6.5591 2.84823 1.51551 1.51551 2.84823 6.5591 9.6675 9.06226 9.43675 6.60798 3.88702 3.87051 6.60291 9.43675 9.06226 5.14118 5.44187 5.43221 3.67853 3.67853 5.43221 5.44187 5.14118 5.68222 7.81312 9.65305 11.27 11.27 9.65305 7.81312 5.68222 2.16984 1.59661 1.15063 1.02283 1.02283 1.15063 1.59661 2.16984 1.39367 1.06905 1.00627 1.00009 1.00009 1.00627 1.06905 
5.97324 2.69147 1.3798 1.05771 1.0581 1.38118 2.69507 5.96304 9.64102 6.53708 2.84823 1.51551 1.517 2.85487 6.5591 9.6675 9.06226 9.43675 6.60291 3.87051 3.87051 6.60291 9.43993 9.04568 5.14128 5.44168 5.42112 3.67719 3.67853 5.43221 5.44187 5.14118 5.68222 7.81312 9.65305 11.27 11.2654 9.64121 7.81559 5.66221 2.16995 1.58747 1.14834 1.02247 1.02283 1.15063 1.59661 2.16984 1.39367 1.06905 1.00627 1.00009 1.0001 1.00644 1.07057 
7.2731 3.30855 1.57561 1.1116 1.11254 1.57833 3.31556 7.25216 11.2608 7.80325 3.61408 1.90381 1.90329 3.61183 7.80359 11.2628 10.8064 11.1571 8.25056 5.53681 5.53681 8.25056 11.1741 10.7971 7.52611 7.02024 6.3463 5.16308 5.16512 6.36309 7.02031 7.5259 7.70959 9.24675 10.6439 11.7767 11.7765 10.6435 9.26362 7.68334 3.33511 2.44816 1.48641 1.12714 1.12888 1.49489 2.47247 3.33473 2.02718 1.28996 1.03914 1.00222 1.00227 1.03989 1.29475 
8.4512 3.9566 1.78146 1.17251 1.17391 1.78524 3.96656 8.41917 12.5124 8.72202 4.19851 2.25068 2.25042 4.19817 8.7264 12.5136 13.4892 14.3474 11.6601 9.16152 9.16152 11.6601 14.3555 13.501 9.53638 8.50591 7.62699 6.98984 6.9921 7.63846 8.50637 9.53696 9.70518 10.7839 11.7251 12.7459 12.7474 11.7254 10.8015 9.67551 4.89889 3.59184 2.02263 1.35596 1.35931 2.03231 3.62067 4.89899 3.17058 1.79519 1.14395 1.01249 1.01251 1.14442 1.79907 
7.66125 3.52317 1.6406 1.12994 1.1306 1.64088 3.51829 7.60078 12.05 7.76396 3.73535 2.08116 2.08039 3.73092 7.75006 12.051 15.9934 17.6842 16.3221 14.495 14.495 16.3221 17.7586 16.0904 10.6501 10.0266 9.44182 9.49244 9.37295 9.28269 10.0236 10.6501 10.361 11.2505 12.2323 13.3866 13.3895 12.2353 11.3553 10.3383 5.76352 4.37022 2.83564 1.90703 1.89335 2.80553 4.32539 5.68735 4.35988 2.38058 1.27318 1.03459 1.03486 1.2762 2.39676 
11.2366 4.98447 2.08899 1.20511 1.20511 2.08899 4.98447 11.2366 18.1423 11.0776 5.22422 2.91106 2.96292 5.33528 11.1246 18.2229 24.4843 27.2597 27.9207 27.8418 27.8418 27.9207 27.4046 24.6137 20.9942 21.7272 21.9812 21.5301 21.7074 22.1876 21.9324 21.1623 21.4632 24.9508 26.4992 27.65 27.5417 26.3867 24.9123 21.4559 15.0957 12.4919 9.28014 6.62786 6.67802 9.3359 12.5191 15.1589 11.0551 5.17392 2.08431 1.19706 1.19663 2.08167 5.15896 
12.1396 5.27429 2.14921 1.21913 1.21913 2.14921 5.27429 12.1396 19.7155 11.6978 5.43656 3.01405 3.05735 5.52248 11.7101 19.7404 27.1599 30.2594 31.3326 31.6349 31.6349 31.3326 30.1718 27.0838 23.2102 23.1015 23.5485 24.2348 24.2485 23.5401 23.1005 23.2243 25.089 29.1542 30.9747 31.523 31.5435 31.0108 29.1436 25.0829 17.3046 14.4157 10.9713 7.92757 7.96215 10.9945 14.3943 17.3015 12.224 5.54467 2.20396 1.22959 1.22982 2.20523 5.5484 
12.7015 5.45822 2.19148 1.2306 1.2306 2.19148 5.45822 12.7015 20.7803 12.0894 5.53392 3.02596 3.0676 5.61413 12.0989 20.8079 28.9078 32.0683 33.2104 33.5846 33.5846 33.2104 31.9955 28.8391 24.8044 23.7008 24.448 25.733 25.7556 24.4304 23.6987 24.8216 27.4415 31.5296 33.3428 33.8035 33.8079 33.358 31.5346 27.444 18.9062 15.7998 11.9744 8.70074 8.73972 12.0025 15.7798 18.9031 13.2368 5.94506 2.33802 1.26604 1.26638 2.33962 5.94952 
12.8993 5.47539 2.1807 1.22773 1.22773 2.1807 5.47539 12.8993 21.4063 12.1568 5.4535 2.91533 2.94305 5.49793 12.1513 21.4434 29.8216 32.8784 33.9754 34.2656 34.2656 33.9754 32.8409 29.7748 25.7939 24.4924 25.4222 26.937 26.9538 25.4078 24.493 25.801 28.4229 32.337 33.9943 34.4167 34.4198 34.0043 32.3378 28.4296 19.937 16.6405 12.0462 8.74159 8.76773 12.0647 16.6245 19.9357 14.1571 6.34079 2.44192 1.28629 1.28656 2.44293 6.34348 
12.859 5.47691 2.18227 1.22847 1.22773 2.1807 5.47539 12.8993 21.4434 12.1513 5.49793 2.94305 2.94305 5.49793 12.1513 21.4434 29.7748 32.8409 33.9611 34.2575 34.2656 33.9754 32.8562 29.7877 25.801 24.493 25.4078 26.9538 26.937 25.4222 24.4924 25.7939 28.4296 32.3378 34.0043 34.4198 34.4167 33.9943 32.3085 28.4622 19.9357 16.6245 12.0647 8.76773 8.74159 12.0462 16.6245 19.937 14.1806 6.34348 2.44293 1.28656 1.28629 2.44192 6.34079 
12.6354 5.45616 2.19282 1.23157 1.2306 2.19148 5.45822 12.7015 20.8079 12.0989 5.61413 3.0676 3.0676 5.61413 12.0989 20.8079 28.8391 31.9955 33.182 33.5706 33.5846 33.2104 32.0283 28.8615 24.8216 23.6987 24.4304 25.7556 25.733 24.448 23.7008 24.8044 27.444 31.5346 33.358 33.8079 33.8035 33.3428 31.4918 27.4867 18.9031 15.7798 12.0025 8.73972 8.70074 11.9744 15.7798 18.9062 13.2746 5.94952 2.33962 1.26638 1.26604 2.33802 5.94506 
12.07 5.27033 2.15004 1.21998 1.21913 2.14921 5.27429 12.1396 19.7404 11.7101 5.52248 3.05735 3.05735 5.52248 11.7101 19.7404 27.0838 30.1718 31.3059 31.6188 31.6349 31.3326 30.2196 27.1231 23.2243 23.1005 23.5401 24.2485 24.2348 23.5485 23.1015 23.2102 25.0829 29.1436 31.0108 31.5435 31.523 30.9747 29.0809 25.117 17.3015 14.3943 10.9945 7.96215 7.92757 10.9713 14.3943 17.3046 12.2597 5.5484 2.20523 1.22982 1.22959 2.20396 5.54467 
11.1853 4.97989 2.08911 1.20565 1.20511 2.08899 4.98447 11.2366 18.2229 11.1246 5.33528 2.96292 2.96292 5.33528 11.1246 18.2229 24.6137 27.4046 28 27.9328 27.8418 27.9207 27.313 24.5363 21.1623 21.9324 22.1876 21.7074 21.5301 21.9812 21.7272 20.9942 21.4559 24.9123 26.3867 27.5417 27.65 26.4992 25.0118 21.5773 15.1589 12.5191 9.3359 6.67802 6.62786 9.28014 12.5191 15.0957 11.0412 5.15896 2.08167 1.19663 1.19706 2.08431 5.17392 
11.5756 4.90585 2.08845 1.23092 1.23257 2.09556 4.92935 11.6353 18.8123 11.5872 5.77528 3.2299 3.25823 5.83745 11.6402 18.9004 27.7688 30.2658 31.593 31.9301 31.9634 31.6143 30.338 27.8125 29.6599 32.4349 33.0799 32.7318 32.7318 33.0799 32.4654 29.6825 24.8873 29.4182 31.563 32.2365 32.2365 31.5612 29.4595 24.8506 16.2351 13.0256 9.17202 6.09319 6.09319 9.17202 13.0256 16.2351 11.718 5.42491 2.15198 1.23394 1.23394 2.15198 5.42491 
12.6216 5.37484 2.25714 1.28696 1.29008 2.26934 5.4164 12.7173 20.2555 12.736 6.52787 3.65103 3.68261 6.59012 12.7623 20.3071 29.5898 31.9174 33.2161 33.6582 33.6544 33.2213 31.9499 29.5663 30.8534 32.9936 33.5815 33.5722 33.5722 33.5815 32.9859 30.8721 26.9764 30.8062 32.8493 33.4861 33.4861 32.8491 30.7974 26.903 19.0137 15.4764 11.1922 7.52822 7.52822 11.1922 15.4764 19.0137 13.1651 5.80867 2.28362 1.27754 1.27754 2.28362 5.80867 
13.2538 5.71902 2.36035 1.3086 1.3114 2.37197 5.75767 13.342 20.8966 13.0764 6.62341 3.7011 3.73179 6.68473 13.1057 20.9475 30.4908 32.72 33.9738 34.431 34.4466 34.0073 32.7596 30.4714 31.544 33.2219 33.8149 34.0113 34.0113 33.8149 33.2165 31.5629 28.4258 31.8264 33.6552 34.236 34.236 33.6546 31.8229 28.368 20.6288 16.7157 11.9521 8.08643 8.08643 11.9521 16.7157 20.6288 14.1512 6.16148 2.41434 1.31762 1.31762 2.41434 6.16148 
13.2184 5.64674 2.29423 1.26875 1.2702 2.3 5.66667 13.2689 21.1679 12.8051 6.12355 3.43538 3.45302 6.15422 12.8126 21.2229 30.8755 32.947 34.24 34.6478 34.6571 34.2612 32.9689 30.8647 31.8904 33.3062 33.9381 34.2735 34.2735 33.9381 33.303 31.901 29.1264 32.3712 34.0284 34.5341 34.5341 34.0278 32.3697 29.0814 21.5001 17.272 11.8084 8.11471 8.11471 11.8084 17.272 21.5001 14.9694 6.55226 2.52231 1.32793 1.32793 2.52231 6.55226 
13.2689 5.66667 2.3 1.2702 1.2702 2.3 5.66667 13.2689 21.1679 12.8051 6.12355 3.43538 3.43538 6.12355 12.8051 21.1679 30.8647 32.9689 34.2612 34.6571 34.6571 34.2612 32.9689 30.8647 31.901 33.303 33.9352 34.272 34.2735 33.9381 33.3062 31.8904 29.0814 32.3697 34.022 34.5293 34.5341 34.0284 32.3697 29.0814 21.5736 17.2946 11.7913 8.08956 8.11471 11.8084 17.272 21.5001 14.9694 6.55226 2.52231 1.32793 1.32708 2.52042 6.5481 
13.342 5.75767 2.37197 1.3114 1.3114 2.37197 5.75767 13.342 20.8966 13.0764 6.62341 3.7011 3.7011 6.62341 13.0764 20.8966 30.4714 32.7596 34.0073 34.4466 34.4466 34.0073 32.7596 30.4714 31.5629 33.2165 33.8107 34.0094 34.0113 33.8149 33.2219 31.544 28.368 31.8229 33.6449 34.2276 34.2358 33.6552 31.8229 28.368 20.7222 16.7563 11.9173 8.04787 8.08643 11.9521 16.7157 20.6288 14.1512 6.16148 2.41434 1.31762 1.31606 2.41123 6.15397 
12.7173 5.4164 2.26934 1.29008 1.29008 2.26934 5.4164 12.7173 20.2555 12.736 6.52787 3.65103 3.65103 6.52787 12.736 20.2555 29.5663 31.9499 33.2213 33.6544 33.6544 33.2213 31.9499 29.5663 30.8721 32.9859 33.5779 33.5706 33.5722 33.5815 32.9936 30.8534 26.903 30.7974 32.8378 33.4731 33.4855 32.8493 30.7974 26.903 19.1031 15.5136 11.1625 7.49218 7.52822 11.1922 15.4764 19.0137 13.1651 5.80867 2.28362 1.27754 1.27607 2.28064 5.80099 
11.6353 4.92935 2.09556 1.23257 1.23257 2.09556 4.92935 11.6353 18.8123 11.5872 5.77528 3.2299 3.2299 5.77528 11.5872 18.8123 27.8125 30.338 31.6143 31.9634 31.9634 31.6143 30.338 27.8125 29.6825 32.4654 33.1267 32.7947 32.7318 33.0799 32.4349 29.6599 24.8506 29.4595 31.6218 32.3003 32.2405 31.563 29.4595 24.8506 16.2387 12.9879 9.10719 6.04843 6.09319 9.17202 13.0256 16.2351 11.718 5.42491 2.15198 1.23394 1.2326 2.14685 5.40274 
7.79005 3.11846 1.47945 1.06844 1.06844 1.47945 3.11846 7.79005 14.2526 7.39807 2.99414 1.60735 1.60735 2.99414 7.39807 14.2526 26.7996 29.6584 31.4247 31.9609 31.9747 31.4466 29.6239 26.7832 28.0733 31.889 33.1296 32.9243 32.9222 33.1283 31.8869 28.0716 22.429 28.4436 31.5927 32.5917 32.6307 31.6545 28.4099 22.5049 8.55709 5.72761 3.38994 2.22303 2.22119 3.39578 5.70018 8.44732 5.16295 2.30909 1.2385 1.03376 1.03376 1.23846 2.30908 
6.90561 2.67981 1.31773 1.03449 1.03449 1.31773 2.67981 6.90561 13.3799 6.38325 2.39055 1.3007 1.3007 2.39055 6.38325 13.3799 27.1496 30.263 32.6283 33.2878 33.2825 32.6209 30.2512 27.1564 27.9587 32.015 33.3903 33.6127 33.6126 33.3903 32.015 27.9588 21.8543 28.5781 32.1915 33.4633 33.5103 32.289 28.5408 21.9795 7.27157 4.82628 2.88248 1.8274 1.8292 2.86982 4.84486 7.21749 3.99253 1.82039 1.13014 1.01365 1.01365 1.13012 1.82035 
6.43601 2.42081 1.23962 1.02248 1.02248 1.23962 2.42081 6.43601 13.0438 6.03445 2.24063 1.23931 1.23931 2.24063 6.03445 13.0438 27.2664 30.5891 33.3027 34.0723 34.068 33.2958 30.5793 27.2688 27.9245 32.1068 33.5718 34.0112 34.0111 33.5716 32.1067 27.9245 21.4893 28.6166 32.4363 33.7728 33.8298 32.5408 28.5743 21.6207 6.2201 4.06497 2.43568 1.59685 1.59763 2.42468 4.08573 6.15888 3.12097 1.45458 1.05714 1.00522 1.00522 1.05714 1.45458 
6.27552 2.32257 1.20776 1.01791 1.01791 1.20776 2.32257 6.27552 13.0041 5.93908 2.21195 1.22418 1.22418 2.21195 5.93908 13.0041 27.3342 30.6806 33.5145 34.2925 34.2906 33.511 30.6772 27.3329 28.0207 32.2048 33.6734 34.2067 34.2067 33.6732 32.2051 28.0197 21.391 28.6779 32.6109 33.8789 33.9156 32.6606 28.6463 21.4999 5.90705 3.56701 2.02995 1.38217 1.38253 2.02338 3.58017 5.84084 2.84163 1.36554 1.04528 1.00398 1.00398 1.04528 1.36555 
6.26377 2.32059 1.20725 1.01782 1.01791 1.20776 2.32257 6.27552 13.0921 5.95069 2.21195 1.22418 1.22509 2.21752 5.95069 13.0921 27.3329 30.6772 33.511 34.2906 34.2906 33.511 30.6772 27.3329 28.0197 32.2051 33.6732 34.2067 34.2067 33.6732 32.2051 28.0197 21.4999 28.6463 32.6423 33.9037 33.8789 32.6109 28.6451 21.5037 5.84084 3.58017 2.02338 1.38253 1.38253 2.02338 3.58017 5.84084 2.84163 1.36554 1.04528 1.00398 1.00398 1.04528 1.36554 
6.41692 2.41633 1.23854 1.0223 1.02248 1.23962 2.42081 6.43601 13.1382 6.05825 2.24063 1.23931 1.24151 2.25082 6.05825 13.1382 27.2688 30.5793 33.2958 34.068 34.068 33.2958 30.5793 27.2688 27.9245 32.1067 33.5716 34.0111 34.0111 33.5716 32.1067 27.9245 21.6207 28.5743 32.5045 33.8103 33.7728 32.4363 28.5728 21.6229 6.15888 4.08573 2.42468 1.59763 1.59763 2.42468 4.08573 6.15888 3.12097 1.45458 1.05714 1.00522 1.00522 1.05714 1.45458 
6.88256 2.67392 1.31629 1.03425 1.03449 1.31773 2.67981 6.90561 13.4714 6.41314 2.39055 1.3007 1.30436 2.40448 6.41314 13.4714 27.1564 30.2512 32.6209 33.2825 33.2825 32.6209 30.2512 27.1564 27.9588 32.015 33.3903 33.6126 33.6126 33.3903 32.015 27.9588 21.9795 28.5408 32.2547 33.4926 33.4633 32.1915 28.5394 21.9817 7.21749 4.84486 2.86982 1.8292 1.8292 2.86982 4.84486 7.21749 3.99253 1.82039 1.13014 1.01365 1.01365 1.13014 1.82039 
7.73187 3.1001 1.47484 1.0676 1.06844 1.47945 3.11846 7.79005 14.2708 7.39851 2.99414 1.60735 1.60942 3.0025 7.39851 14.2708 26.7832 29.6239 31.4466 31.9747 31.9747 31.4466 29.6239 26.7832 28.0716 31.8869 33.1283 32.9222 32.9222 33.1283 31.8869 28.0716 22.5049 28.4099 31.631 32.6215 32.5917 31.5927 28.4106 22.5078 8.44732 5.70018 3.39578 2.22119 2.22119 3.39578 5.70018 8.44732 5.16295 2.30909 1.2385 1.03376 1.03376 1.2385 2.30909 
5.86325 2.21196 1.18798 1.01577 1.01577 1.18798 2.21196 5.86325 12.1508 5.88422 2.23785 1.26415 1.26415 2.23785 5.88422 12.1508 23.7897 26.2421 27.8625 28.4427 28.4427 27.8625 26.2421 23.7897 25.0908 27.8077 28.3753 28.2118 28.2118 28.3753 27.8077 25.0908 20.9997 26.9988 30.0659 31.2252 31.1141 29.918 26.9764 21.0305 8.91007 5.78642 3.4014 2.36267 2.36267 3.4014 5.78642 8.91007 5.42625 2.70986 1.5228 1.111 1.111 1.5228 2.70961 
6.16977 2.31651 1.20765 1.01712 1.01712 1.20765 2.31651 6.16977 12.6629 6.07867 2.28016 1.26258 1.26258 2.28016 6.07867 12.6629 25.1768 28.6494 30.4871 31.3451 31.3451 30.4871 28.6494 25.1768 24.1588 27.4168 28.5304 28.942 28.942 28.5304 27.4168 24.1588 20.0192 26.516 30.2981 31.8919 31.7847 30.1464 26.4655 20.0658 7.8707 4.60104 2.22427 1.41635 1.41635 2.22427 4.60104 7.8707 4.68458 2.24832 1.27568 1.03561 1.03561 1.27568 2.24823 
6.34132 2.37263 1.21796 1.01818 1.01818 1.21796 2.37263 6.34132 12.9715 6.21451 2.31869 1.2714 1.2714 2.31869 6.21451 12.9715 25.7496 29.8317 32.1269 33.1505 33.1505 32.1269 29.8317 25.7496 23.5483 26.8357 28.2792 29.4141 29.4141 28.2792 26.8357 23.5483 19.2355 26.1453 30.483 32.3895 32.2957 30.343 26.1008 19.2885 6.93948 3.80997 1.72532 1.1205 1.1205 1.72532 3.80997 6.93948 3.94351 1.86591 1.15863 1.01598 1.01598 1.15863 1.86591 
6.36338 2.36031 1.21043 1.01735 1.01735 1.21043 2.36031 6.36338 13.0501 6.17355 2.29767 1.25786 1.25786 2.29767 6.17355 13.0501 25.9374 30.1666 32.7247 33.7198 33.7198 32.7247 30.1666 25.9374 23.3228 26.2925 28.0596 29.7124 29.7124 28.0596 26.2925 23.3228 19.0171 26.1999 30.6958 32.6638 32.6271 30.6364 26.1738 19.0381 6.43045 3.3812 1.54396 1.06427 1.06427 1.54396 3.3812 6.43045 3.47816 1.62569 1.09565 1.0079 1.0079 1.09565 1.62574 
6.37585 2.362 1.21062 1.01735 1.01735 1.21043 2.36031 6.36338 12.8851 6.17209 2.28579 1.25422 1.25786 2.29767 6.17355 13.0501 25.821 30.2201 32.728 33.7214 33.7198 32.7247 30.1666 25.9374 23.3234 26.2924 28.06 29.7125 29.7124 28.0596 26.2925 23.3228 19.0381 26.1738 30.6364 32.6271 32.6271 30.6364 26.1738 19.0381 6.4302 3.38805 1.54245 1.06488 1.06427 1.54396 3.3812 6.43045 3.47816 1.62574 1.09565 1.0079 1.0079 1.09565 1.62569 
6.36214 2.37614 1.21835 1.01816 1.01818 1.21796 2.37263 6.34132 12.7901 6.20107 2.2988 1.26578 1.2714 2.31869 6.21451 12.9715 25.5975 29.8856 32.1321 33.1528 33.1505 32.1269 29.8317 25.7496 23.5491 26.8356 28.2798 29.414 29.4141 28.2792 26.8357 23.5483 19.2885 26.1008 30.343 32.2957 32.2957 30.343 26.1008 19.2885 6.93913 3.82161 1.72171 1.12107 1.1205 1.72532 3.80997 6.93948 3.94351 1.86591 1.15863 1.01598 1.01597 1.15864 1.86591 
6.19013 2.32006 1.20805 1.01711 1.01712 1.20765 2.31651 6.16977 12.4922 6.06516 2.26056 1.25707 1.26258 2.28016 6.07867 12.6629 25.0607 28.6912 30.4875 31.3438 31.3451 30.4871 28.6494 25.1768 24.1591 27.4165 28.5301 28.9424 28.942 28.5304 27.4168 24.1588 20.0658 26.4655 30.1464 31.7847 31.7847 30.1464 26.4655 20.0658 7.87074 4.61307 2.22212 1.41633 1.41635 2.22427 4.60104 7.8707 4.68458 2.24823 1.27568 1.03561 1.03562 1.2757 2.24832 
5.86796 2.21295 1.18824 1.01579 1.01577 1.18798 2.21196 5.86325 11.9425 5.84567 2.21057 1.25656 1.26415 2.23785 5.88422 12.1508 23.5951 26.0845 27.86 28.4424 28.4427 27.8625 26.2421 23.7897 25.0909 27.8075 28.374 28.2092 28.2118 28.3753 27.8077 25.0908 21.0305 26.9764 29.918 31.1141 31.1141 29.918 26.9764 21.0305 8.92161 5.78461 3.37789 2.34023 2.36267 3.4014 5.78642 8.91007 5.42625 2.70961 1.5228 1.111 1.11104 1.52298 2.70986 
3.05854 1.38408 1.04149 1.00218 1.00216 1.04112 1.38101 3.04422 6.81349 2.90726 1.34221 1.04212 1.04212 1.34221 2.90726 6.81349 14.3437 12.778 12.6078 12.5656 12.5632 12.603 12.7056 14.2237 19.4573 17.3563 15.4074 14.5183 14.3618 15.2193 17.1815 19.3671 20.234 25.2684 27.725 28.5016 28.5016 27.725 25.2684 20.234 11.3962 9.43932 8.52052 8.21939 8.22465 8.5296 9.45091 11.4724 7.3753 5.04954 3.19146 1.9151 1.9151 3.19146 5.04954 
2.25947 1.19221 1.01516 1.00027 1.00028 1.01519 1.19247 2.26244 5.4366 2.19658 1.16905 1.01304 1.01304 1.16905 2.19658 5.4366 13.1189 8.52871 6.44818 5.89372 5.89169 6.44179 8.54844 13.0495 21.2092 17.8975 13.8531 11.7479 11.731 13.8162 17.8707 21.2357 21.787 26.7144 28.9878 30.013 30.013 28.9878 26.7144 21.787 13.5733 12.6932 12.4156 12.8696 12.8644 12.4097 12.691 13.6322 9.31949 6.58398 4.08178 2.41274 2.41274 4.08178 6.58398 
1.937 1.12519 1.00852 1.00004 1.00004 1.00857 1.12572 1.94177 4.70192 1.94319 1.12541 1.00817 1.00817 1.12541 1.94319 4.70192 12.4863 6.38562 3.35838 2.50555 2.50476 3.35612 6.41757 12.4126 22.4191 18.1096 12.931 9.93304 9.91044 12.8853 18.085 22.4567 23.4128 28.1608 30.5016 31.5637 31.5637 30.5016 28.1608 23.4128 15.6459 14.3408 13.6986 13.6956 13.6942 13.6952 14.3379 15.6991 10.8879 7.70815 4.70173 2.66137 2.66137 4.70173 7.70815 
1.84231 1.10679 1.00685 0.999994 0.999995 1.00686 1.10698 1.84456 4.42824 1.85356 1.1121 1.00893 1.00893 1.1121 1.85356 4.42824 12.2092 5.67881 2.491 1.5972 1.59627 2.48929 5.70382 12.1294 23.1787 18.4766 12.7193 8.35228 8.33563 12.6917 18.4643 23.2012 25.0993 29.4446 31.6837 32.704 32.704 31.6837 29.4446 25.0993 17.7488 15.2813 13.7016 12.3737 12.3739 13.6993 15.2783 17.7861 12.2151 7.82997 4.15796 2.34571 2.34571 4.15796 7.82997 
1.84456 1.10698 1.00686 0.999995 0.999995 1.00686 1.10698 1.84456 4.38021 1.85221 1.11172 1.0088 1.0088 1.11172 1.85221 4.38021 12.1294 5.70382 2.48929 1.59627 1.5972 2.491 5.67881 12.2092 23.2012 18.4643 12.6917 8.33563 8.33563 12.6917 18.4643 23.2012 25.0982 29.4531 31.6915 32.7103 32.704 31.6837 29.4446 25.0993 17.7861 15.2783 13.6993 12.3739 12.3737 13.7016 15.2813 17.7488 12.2151 7.82997 4.15796 2.34571 2.33347 4.13534 7.81556 
1.94177 1.12572 1.00857 1.00004 1.00004 1.00857 1.12572 1.94177 4.64286 1.94002 1.12455 1.00791 1.00791 1.12455 1.94002 4.64286 12.4126 6.41757 3.35612 2.50476 2.50555 3.35838 6.38562 12.4863 22.4567 18.085 12.8853 9.91044 9.91044 12.8853 18.085 22.4567 23.4121 28.1672 30.5147 31.5742 31.5637 30.5016 28.1608 23.4128 15.6991 14.3379 13.6952 13.6942 13.6956 13.6986 14.3408 15.6459 10.8879 7.70815 4.70173 2.66137 2.63789 4.66328 7.69842 
2.26244 1.19247 1.01519 1.00028 1.00028 1.01519 1.19247 2.26244 5.3772 2.1954 1.16851 1.01283 1.01283 1.16851 2.1954 5.3772 13.0495 8.54844 6.44179 5.89169 5.89372 6.44818 8.52871 13.1189 21.2357 17.8707 13.8162 11.731 11.731 13.8162 17.8707 21.2357 21.7863 26.7143 29.0026 30.0247 30.013 28.9878 26.7144 21.787 13.6322 12.691 12.4097 12.8644 12.8696 12.4156 12.6932 13.5733 9.31949 6.58398 4.08178 2.41274 2.39116 4.04972 6.5756 
3.04422 1.38101 1.04112 1.00216 1.00216 1.04112 1.38101 3.04422 6.73423 2.90118 1.34103 1.04186 1.04186 1.34103 2.90118 6.73423 14.2237 12.7056 12.603 12.5632 12.5656 12.6078 12.778 14.3437 19.3671 17.1815 15.2193 14.3618 14.3618 15.2193 17.1815 19.3671 20.233 25.3492 27.6517 28.4375 28.5016 27.725 25.2684 20.234 11.4724 9.45091 8.5296 8.22465 8.21939 8.52052 9.43932 11.3962 7.3753 5.04954 3.19146 1.9151 1.90176 3.16963 5.04369 
1.24306 1.02616 1.0016 0.999979 0.999979 1.0016 1.02602 1.23743 2.42347 1.34532 1.04581 1.00425 1.00424 1.04607 1.34737 2.43835 7.10025 6.45214 5.73394 5.48912 5.48912 5.73394 6.45214 7.10025 9.44783 6.75333 5.38275 5.1447 5.10769 5.34642 6.71028 9.38474 12.4841 16.3203 17.6539 17.8411 17.9194 17.7425 16.5008 12.6731 4.46627 3.78347 3.05807 2.25848 2.25746 3.05028 3.78329 4.43435 2.86089 1.93634 1.33065 1.0798 1.08095 1.33539 1.94654 
1.04299 1.00391 1.00009 0.999809 0.999809 1.00009 1.00393 1.04241 1.3691 1.07005 1.00712 1.00032 1.00029 1.00693 1.06954 1.36891 2.82725 2.45147 2.26221 2.17808 2.17808 2.26221 2.45147 2.82725 5.14039 3.68405 2.60732 2.30632 2.30583 2.60671 3.68345 5.12999 7.40202 9.88256 10.1387 9.50326 9.40972 9.98086 9.74238 7.34759 2.42589 2.10425 1.67656 1.2901 1.29251 1.67803 2.10416 2.422 1.89693 1.42431 1.11727 1.02003 1.01981 1.11622 1.42157 
1.00424 1.0002 0.999941 0.999981 0.999981 0.999941 1.0002 1.00417 1.05029 1.00686 1.00032 0.99989 0.99989 1.0003 1.0068 1.0503 1.40661 1.24914 1.20607 1.1844 1.1844 1.20607 1.24914 1.40661 2.57604 1.9599 1.40663 1.26037 1.26044 1.40695 1.95902 2.57004 3.93513 5.32969 4.94555 4.25354 4.20223 4.82337 5.23974 3.89032 1.38692 1.27096 1.12477 1.03367 1.03395 1.12522 1.27093 1.38626 1.26371 1.09725 1.0187 1.00211 1.00209 1.01857 1.09675 
1.00017 0.999932 0.999985 0.999999 0.999999 0.999985 0.999932 1.00016 1.00526 1.00019 0.999864 0.999982 0.999983 0.999863 1.00018 1.00527 1.08267 1.0293 1.02111 1.01761 1.01761 1.02111 1.0293 1.08267 1.59716 1.30679 1.08751 1.04289 1.0429 1.08753 1.30669 1.59594 2.26511 3.007 2.63963 2.25189 2.22662 2.58617 2.96456 2.24292 1.07407 1.05473 1.01797 1.00246 1.00248 1.01804 1.05472 1.07404 1.05754 1.01543 1.00193 0.999953 0.99995 1.00192 1.01537 
1.00016 0.999932 0.999985 0.999999 0.999999 0.999985 0.999932 1.00016 1.00526 1.00019 0.999864 0.999982 0.999982 0.999864 1.00019 1.00526 1.08237 1.02951 1.02136 1.0178 1.01761 1.02111 1.0293 1.08267 1.59594 1.30669 1.08753 1.0429 1.0429 1.08753 1.30679 1.59716 2.24472 2.96904 2.6146 2.2375 2.25189 2.63963 3.007 2.26511 1.07138 1.05486 1.01818 1.00252 1.00252 1.01818 1.05486 1.07138 1.05754 1.01543 1.00193 0.999953 0.999953 1.00193 1.01543 
1.00417 1.0002 0.999941 0.999981 0.999981 0.999941 1.0002 1.00417 1.05029 1.00686 1.00032 0.99989 0.99989 1.00032 1.00686 1.05029 1.40561 1.25008 1.20734 1.18539 1.1844 1.20607 1.24914 1.40661 2.57004 1.95902 1.40695 1.26044 1.26044 1.40695 1.9599 2.57604 3.89528 5.26119 4.89239 4.22119 4.25354 4.94555 5.32969 3.93513 1.3763 1.27016 1.12612 1.0345 1.0345 1.12612 1.27016 1.3763 1.26371 1.09725 1.0187 1.00211 1.00211 1.0187 1.09725 
1.04241 1.00393 1.00009 0.999809 0.999809 1.00009 1.00393 1.04241 1.3691 1.07005 1.00712 1.00032 1.00032 1.00712 1.07005 1.3691 2.82253 2.45582 2.26821 2.18309 2.17808 2.26221 2.45147 2.82725 5.12999 3.68345 2.60671 2.30583 2.30583 2.60671 3.68405 5.14039 7.38005 9.85614 10.0901 9.47335 9.50326 10.1387 9.88256 7.40202 2.39557 2.09717 1.68254 1.29804 1.29804 1.68254 2.09717 2.39557 1.89693 1.42431 1.11727 1.02003 1.02003 1.11727 1.42431 
1.23743 1.02602 1.0016 0.999979 0.999979 1.0016 1.02602 1.23743 2.42347 1.34532 1.04581 1.00425 1.00425 1.04581 1.34532 2.42347 7.04011 6.41587 5.66769 5.43037 5.48912 5.73394 6.45214 7.10025 9.38474 6.71028 5.34642 5.10769 5.10769 5.34642 6.75333 9.44783 12.4501 16.2551 17.5655 17.7533 17.8411 17.6539 16.3203 12.4841 4.35485 3.72848 3.03036 2.25302 2.25302 3.03036 3.72848 4.35485 2.86089 1.93634 1.33065 1.0798 1.0798 1.33065 1.93634 
1.03644 1.00403 1.0004 1.00008 1.00008 1.0004 1.00403 1.03644 1.35565 1.07796 1.01018 1.00121 1.00121 1.01018 1.07796 1.35565 2.54894 2.34239 2.16183 2.13608 2.13608 2.16183 2.34239 2.54894 4.48831 2.87082 2.28594 2.0671 2.0671 2.28594 2.87082 4.48831 6.84127 8.98906 9.45729 9.21668 9.21668 9.45729 8.98906 6.84127 2.54649 2.03823 1.78284 1.42959 1.42959 1.78284 2.03823 2.54649 1.66947 1.2216 1.04739 1.01034 1.01034 1.04739 1.2216 
1.00339 1.00033 0.999981 0.99999 0.99999 0.999981 1.00033 1.00339 1.04615 1.00834 1.00084 0.99993 0.99993 1.00084 1.00834 1.04615 1.37553 1.3213 1.27551 1.25307 1.25307 1.27551 1.3213 1.37553 2.31951 1.66562 1.34946 1.23256 1.23256 1.34946 1.66562 2.31951 2.72224 3.38416 3.52189 3.40165 3.40165 3.52189 3.38416 2.72224 1.48625 1.28175 1.16953 1.06472 1.06472 1.16953 1.28175 1.48625 1.21272 1.05382 1.00999 1.00102 1.00102 1.00999 1.05382 
1.00014 0.999977 0.999995 1 1 0.999995 0.999977 1.00014 1.00416 1.00048 0.9999 0.99995 0.99995 0.9999 1.00048 1.00416 1.0661 1.05415 1.04479 1.03861 1.03861 1.04479 1.05415 1.0661 1.33787 1.1332 1.05904 1.03186 1.03186 1.05904 1.1332 1.33787 1.38134 1.54561 1.5604 1.495 1.495 1.5604 1.54561 1.38134 1.10785 1.05575 1.02371 1.00607 1.00607 1.02371 1.05575 1.10785 1.04201 1.00739 1.00093 0.999909 0.999909 1.00093 1.00739 
1.00005 0.999993 1 1 1 1 0.999993 1.00005 1.00008 0.999783 0.999966 0.999996 0.999996 0.999966 0.999783 1.00008 1.00777 1.00598 1.00497 1.00398 1.00398 1.00497 1.00598 1.00777 1.06017 1.0168 1.00594 1.0026 1.0026 1.00594 1.0168 1.06017 1.05324 1.08348 1.0828 1.0652 1.0652 1.0828 1.08348 1.05324 1.0147 1.00684 1.00185 1.00019 1.00019 1.00185 1.00684 1.0147 1.00519 1.00064 0.999911 0.999949 0.999949 0.999911 1.00064 
0 0 0 0 1 1 0.999993 1.00005 1.00008 0.999783 0.999966 0.999996 0.999996 0.999966 0.999782 1.00009 1.00777 1.00598 1.00497 1.00398 1.00392 1.00489 1.00588 1.00769 1.05914 1.01653 1.00584 1.00255 1.0026 1.00594 1.0168 1.06017 1.05324 1.08348 1.0828 1.0652 1.06439 1.08061 1.0811 1.05175 1.01454 1.00674 1.00182 1.00018 1.00019 1.00185 1.00684 1.0147 1.00519 1.00064 0.999911 0.999949 0 0 0 
0 0 0 0 1 0.999995 0.999977 1.00014 1.00416 1.00048 0.9999 0.99995 0.99995 0.999899 1.00048 1.00429 1.0661 1.05415 1.04479 1.03861 1.0382 1.04425 1.05348 1.0655 1.33267 1.13141 1.0583 1.03149 1.03186 1.05904 1.1332 1.33787 1.38134 1.54561 1.5604 1.495 1.4911 1.5515 1.53521 1.37425 1.10698 1.05511 1.0235 1.00601 1.00607 1.02371 1.05575 1.10785 1.04201 1.00739 1.00093 0.999909 0 0 0 
0 0 0 0 0.99999 0.999981 1.00033 1.00339 1.04615 1.00834 1.00084 0.99993 0.99993 1.00084 1.00831 1.04696 1.37553 1.3213 1.27551 1.25307 1.2513 1.27331 1.31844 1.37342 2.30358 1.66004 1.3466 1.23083 1.23256 1.34946 1.66562 2.31951 2.72224 3.38416 3.52189 3.40165 3.38677 3.49208 3.35 2.69802 1.48471 1.27955 1.16863 1.06444 1.06472 1.16953 1.28175 1.48625 1.21272 1.05382 1.00999 1.00102 0 0 0 
