0 0 0 0 1.00221 1.02084 1.13743 1.61543 2.55238 1.73533 1.19086 1.04172 1.04172 1.19066 1.73393 2.55372 3.43472 3.74585 3.11183 2.52141 2.51856 3.10607 3.73925 3.42804 2.0423 1.45665 1.32241 1.53493 1.53509 1.32854 1.46266 2.03998 1.77086 2.54694 3.75115 4.48186 4.47368 3.7404 2.54125 1.75853 1.241 1.15354 1.05423 1.00999 1.01021 1.05564 1.15595 1.24364 1.13255 1.02255 1.00227 1.00013 0 0 0 
0 0 0 0 1.00036 1.00484 1.03787 1.14499 1.30195 1.12948 1.02968 1.00513 1.00512 1.02957 1.12899 1.30146 1.49352 1.54776 1.38189 1.23459 1.23393 1.38051 1.54687 1.49317 1.22147 1.06485 1.02832 1.0789 1.07836 1.02868 1.06491 1.21973 1.1372 1.47363 2.23155 2.57375 2.58295 2.24173 1.47823 1.13793 1.02901 1.02518 1.00798 1.00101 1.00104 1.00819 1.02569 1.02946 1.01823 1.0025 1.00012 0.999961 0 0 0 
0 0 0 0 0.999921 1.00053 1.00568 1.02273 1.03729 1.01417 1.00267 1.00012 1.00012 1.00266 1.01407 1.03709 1.05686 1.06151 1.03941 1.01936 1.01926 1.03919 1.06142 1.05693 1.03063 1.00798 1.00241 1.00958 1.0095 1.00243 1.00795 1.03032 1.02303 1.11768 1.35724 1.44896 1.45273 1.36164 1.11921 1.02332 1.00249 1.00263 1.00071 1.00003 1.00003 1.00074 1.0027 1.00253 1.0017 1.00017 0.999967 0.999994 0 0 0 
0 0 0 0 0.999967 0.999929 1.00046 1.00267 1.00264 1.00049 0.999974 0.999899 0.999899 0.999971 1.00048 1.0026 1.00383 1.00352 1.00195 1.00057 1.00056 1.00193 1.00352 1.00384 1.00337 1.00111 1.00085 1.00115 1.00113 1.00084 1.00109 1.00333 1.00314 1.02051 1.07828 1.10199 1.10302 1.07931 1.02079 1.00319 1.0001 0.999988 0.999978 0.999972 0.999972 0.999979 0.999996 1.00011 1.00013 0.999952 0.999994 1 0 0 0 
1.00267 1.00046 0.999929 0.999967 0.999967 0.999929 1.00046 1.00267 1.00264 1.00049 0.999974 0.999899 0.999899 0.999974 1.00049 1.00264 1.00383 1.00352 1.00195 1.00057 1.00057 1.00195 1.00352 1.00383 1.00337 1.00111 1.00085 1.00115 1.00115 1.00085 1.00111 1.00337 1.00319 1.02079 1.07931 1.10302 1.10302 1.07931 1.02079 1.00319 1.0001 0.999988 0.999978 0.999972 0.999972 0.999978 0.999988 1.0001 1.00013 0.999952 0.999994 1 1 0.999994 0.999952 
1.02273 1.00568 1.00053 0.999921 0.999921 1.00053 1.00568 1.02273 1.03729 1.01417 1.00267 1.00012 1.00012 1.00267 1.01417 1.03729 1.05686 1.06151 1.03941 1.01936 1.01936 1.03941 1.06151 1.05686 1.03063 1.00798 1.00241 1.00958 1.00958 1.00241 1.00798 1.03063 1.02332 1.11921 1.36164 1.45273 1.45273 1.36164 1.11921 1.02332 1.00249 1.00263 1.00071 1.00003 1.00003 1.00071 1.00263 1.00249 1.0017 1.00017 0.999967 0.999994 0.999994 0.999967 1.00017 
1.14499 1.03787 1.00484 1.00036 1.00036 1.00484 1.03787 1.14499 1.30195 1.12948 1.02968 1.00513 1.00513 1.02968 1.12948 1.30195 1.49352 1.54776 1.38189 1.23459 1.23459 1.38189 1.54776 1.49352 1.22147 1.06485 1.02832 1.0789 1.0789 1.02832 1.06485 1.22147 1.13793 1.47823 2.24173 2.58295 2.58295 2.24173 1.47823 1.13793 1.02901 1.02518 1.00798 1.00101 1.00101 1.00798 1.02518 1.02901 1.01823 1.0025 1.00012 0.999961 0.999961 1.00012 1.0025 
1.61543 1.13743 1.02084 1.00221 1.00221 1.02084 1.13743 1.61543 2.55238 1.73533 1.19086 1.04172 1.04172 1.19086 1.73533 2.55238 3.43472 3.74585 3.11183 2.52141 2.52141 3.11183 3.74585 3.43472 2.0423 1.45665 1.32241 1.53493 1.53493 1.32241 1.45665 2.0423 1.75853 2.54125 3.7404 4.47368 4.47368 3.7404 2.54125 1.75853 1.241 1.15354 1.05423 1.00999 1.00999 1.05423 1.15354 1.241 1.13255 1.02255 1.00227 1.00013 1.00013 1.00227 1.02255 
3.26422 1.68132 1.1329 1.01679 1.01679 1.1329 1.68132 3.26422 5.39462 3.30014 1.7048 1.17459 1.17459 1.7048 3.28072 5.36152 7.76106 8.7386 7.4035 6.17791 6.17791 7.4035 8.7386 7.76106 4.80064 3.77992 3.32852 3.62314 3.62006 3.30421 3.78199 4.80167 5.52309 6.39574 6.97215 7.34348 7.34348 6.97215 6.39574 5.52309 2.17998 1.65728 1.22957 1.07444 1.07444 1.22957 1.65728 2.17998 1.46317 1.07577 1.00191 0.999722 0.999722 1.00191 1.07577 
1.85009 1.23227 1.03714 1.00357 1.00357 1.03714 1.23227 1.85009 2.53562 1.7044 1.15381 1.02666 1.02666 1.15381 1.70356 2.53695 3.24306 3.59453 2.99956 2.41935 2.41935 2.99956 3.59453 3.24306 2.08017 1.65166 1.47285 1.64375 1.64411 1.45412 1.64344 2.07682 2.35814 2.74949 3.00972 3.21475 3.21475 3.00972 2.74949 2.35814 1.20818 1.07576 1.00932 1.00253 1.00253 1.00932 1.07576 1.20818 1.05027 1.00136 0.998952 0.999788 0.999788 0.998952 1.00136 
1.18645 1.04444 1.00537 1.00022 1.00022 1.00537 1.04444 1.18645 1.30475 1.11659 1.01811 1.00165 1.00165 1.01811 1.11642 1.30469 1.46632 1.53996 1.37373 1.21617 1.21617 1.37373 1.53996 1.46632 1.1579 1.06476 1.03451 1.08005 1.08091 1.03161 1.0634 1.15879 1.25443 1.37693 1.45933 1.54532 1.54532 1.45933 1.37693 1.25443 1.0149 0.997777 0.997026 0.999613 0.999613 0.997026 0.997777 1.0149 1.00226 0.999652 0.999969 1 1 0.999969 0.999652 
1.03128 1.00598 1.00038 0.999863 0.999863 1.00038 1.00598 1.03128 1.04069 1.01224 1.00082 0.999752 0.999752 1.00082 1.01224 1.04068 1.06415 1.07315 1.04518 1.01939 1.01939 1.04518 1.07315 1.06415 1.01843 1.00498 1.00161 1.0103 1.01063 1.00127 1.00491 1.01888 1.02703 1.0529 1.07786 1.10478 1.10478 1.07786 1.0529 1.02703 1.00006 0.998501 0.999478 1.00004 1.00004 0.999478 0.998501 1.00006 1.00009 1.00007 1.00002 1 1 1.00002 1.00007 
1.03129 1.00596 1.00038 0.999863 0.999863 1.00038 1.00598 1.03128 1.04069 1.01224 1.00082 0.999752 0.999751 1.00082 1.01224 1.04069 1.06415 1.07315 1.04518 1.01939 1.01953 1.04551 1.07334 1.06411 1.01888 1.00491 1.00127 1.01063 1.01063 1.00127 1.00491 1.01888 1.02721 1.05223 1.0778 1.10447 1.10478 1.07786 1.0529 1.02703 1.00006 0.998501 0.999478 1.00004 1.00004 0.999458 0.998421 1.00003 1.00009 1.00007 1.00002 1 1 1.00002 1.00007 
1.18646 1.04426 1.00535 1.00021 1.00022 1.00537 1.04444 1.18645 1.30475 1.11659 1.01811 1.00165 1.00164 1.0181 1.11659 1.30475 1.46632 1.53996 1.37373 1.21617 1.21686 1.37511 1.54116 1.46683 1.15879 1.0634 1.03161 1.08091 1.08091 1.03161 1.0634 1.15879 1.25898 1.37405 1.45891 1.54277 1.54532 1.45933 1.37693 1.25443 1.0149 0.997777 0.997026 0.999613 0.999592 0.996874 0.99722 1.01453 1.00226 0.999652 0.999969 1 1 0.999969 0.999651 
1.84934 1.23139 1.03695 1.00354 1.00357 1.03714 1.23227 1.85009 2.53562 1.7044 1.15381 1.02666 1.02661 1.1538 1.7044 2.53562 3.24306 3.59453 2.99956 2.41935 2.42213 3.00517 3.60079 3.24843 2.07682 1.64344 1.45412 1.64411 1.64411 1.45412 1.64344 2.07682 2.37842 2.73196 3.0046 3.2 3.21475 3.00972 2.74949 2.35814 1.20818 1.07576 1.00932 1.00253 1.0023 1.00779 1.07148 1.20295 1.05027 1.00136 0.998952 0.999788 0.999788 0.998952 1.00136 
3.28079 1.68713 1.13399 1.01697 1.01679 1.1329 1.68132 3.26422 5.39462 3.30014 1.7048 1.17459 1.17667 1.71094 3.30014 5.39462 7.76106 8.7386 7.4035 6.17791 6.17792 7.40356 8.73854 7.76161 4.80167 3.78199 3.30421 3.62006 3.62006 3.30421 3.78199 4.80167 5.75579 6.49686 6.99005 7.34113 7.34348 6.97215 6.39574 5.52309 2.17998 1.65728 1.22957 1.07444 1.07441 1.22951 1.66402 2.17781 1.46317 1.07577 1.00191 0.999722 0.999722 1.00191 1.07576 
7.52391 3.53178 1.65443 1.13821 1.13821 1.65443 3.53178 7.52391 12.0146 7.74102 3.77783 2.12721 2.11722 3.75897 7.74102 12.0146 15.8479 17.5765 16.067 14.3996 14.2395 15.8694 17.5566 15.8241 10.7695 10.1611 9.2003 9.31091 9.31382 9.20382 10.297 10.8459 10.4637 11.2825 11.9114 13.2208 12.8989 11.9096 11.0805 10.3089 5.80117 4.40349 2.81945 1.91964 1.91997 2.81982 4.40349 5.80117 4.46071 2.42738 1.29111 1.03809 1.03809 1.29111 2.42738 
8.34294 3.98897 1.80327 1.18435 1.18435 1.80327 3.98897 8.34294 12.3821 8.67797 4.25652 2.30686 2.28565 4.21187 8.67797 12.3821 13.2967 14.2209 11.6549 9.27477 9.312 11.6545 14.2127 13.2917 9.545 8.56306 7.69378 7.04824 7.04789 7.6912 8.52748 9.4762 9.75891 10.7002 11.4538 12.4942 12.3423 11.4546 10.6606 9.74581 4.9765 3.67617 2.0964 1.39145 1.38934 2.09607 3.67617 4.9765 3.26302 1.83716 1.15728 1.01428 1.01428 1.15728 1.83716 
7.22246 3.34949 1.59759 1.12044 1.12044 1.59759 3.34949 7.22246 11.18 7.80567 3.68365 1.95206 1.93566 3.64162 7.80567 11.18 10.6501 11.0682 8.27007 5.65229 5.68577 8.27449 11.0608 10.6369 7.67567 7.19809 6.51292 5.32183 5.32182 6.51355 7.16347 7.63326 7.77839 9.18915 10.4541 11.5995 11.4654 10.455 9.16006 7.77159 3.4069 2.52307 1.54338 1.1451 1.1442 1.54319 2.52307 3.4069 2.10044 1.31704 1.04539 1.00275 1.00275 1.04539 1.31704 
5.98762 2.74265 1.40104 1.06377 1.06377 1.40104 2.74265 5.98762 9.64702 6.60507 2.90443 1.54733 1.54585 2.90398 6.60507 9.64702 8.95636 9.39449 6.65886 3.98475 4.00326 6.66286 9.38406 8.93925 5.40231 5.7838 5.77884 3.92857 3.92865 5.7786 5.76228 5.38858 5.79102 7.82477 9.54253 11.1716 11.0973 9.55418 7.80487 5.76502 2.22922 1.63733 1.17053 1.02719 1.02697 1.17053 1.63733 2.22922 1.43502 1.07989 1.00769 1.00016 1.00016 1.00769 1.07989 
5.99854 2.73888 1.39959 1.06334 1.06377 1.40104 2.74265 5.98762 9.64702 6.60507 2.90398 1.54585 1.54585 2.90398 6.63076 9.67305 8.93925 9.38406 6.65886 3.98475 3.98475 6.65886 9.38406 8.93925 5.38858 5.76228 5.7786 3.92865 3.92857 5.77884 5.7838 5.40231 5.79102 7.82477 9.55418 11.0973 11.1716 9.61907 7.82477 5.79102 2.22955 1.62826 1.17053 1.02697 1.02719 1.17053 1.63733 2.22922 1.43502 1.07989 1.00769 1.00016 1.00016 1.00769 1.07991 
7.24434 3.34218 1.59476 1.11944 1.12044 1.59759 3.34949 7.22246 11.18 7.80567 3.64162 1.93566 1.93566 3.64162 7.81035 11.1833 10.6369 11.0608 8.27007 5.65229 5.65229 8.27007 11.0608 10.6369 7.63326 7.16347 6.51355 5.32182 5.32183 6.51292 7.19809 7.67567 7.77839 9.18915 10.455 11.4654 11.5995 10.5289 9.18915 7.77839 3.40713 2.5 1.54319 1.1442 1.1451 1.54338 2.52307 3.4069 2.10044 1.31704 1.04539 1.00275 1.00275 1.04538 1.31719 
8.37604 3.9788 1.79933 1.18287 1.18435 1.80327 3.98897 8.34294 12.3821 8.67797 4.21187 2.28565 2.28565 4.21187 8.68095 12.3874 13.2917 14.2127 11.6549 9.27477 9.27477 11.6549 14.2127 13.2917 9.4762 8.52748 7.6912 7.04789 7.04824 7.69378 8.56306 9.545 9.75891 10.7002 11.4546 12.3423 12.4942 11.5507 10.7002 9.75891 4.97701 3.65099 2.09607 1.38934 1.39145 2.0964 3.67617 4.9765 3.26302 1.83716 1.15728 1.01428 1.01428 1.15729 1.83722 
7.58553 3.53693 1.65415 1.13753 1.13821 1.65443 3.53178 7.52391 12.0146 7.74102 3.75897 2.11722 2.11722 3.75897 7.74484 12.0922 15.8241 17.5566 16.067 14.3996 14.3996 16.067 17.5566 15.8241 10.8459 10.297 9.20382 9.31382 9.31091 9.2003 10.1611 10.7695 10.4637 11.2825 11.9096 12.8989 13.2208 12.1752 11.2825 10.4637 5.80249 4.44807 2.81982 1.91997 1.91964 2.81945 4.40349 5.80117 4.46071 2.42738 1.29111 1.03809 1.03808 1.29111 2.4273 
11.3339 5.04372 2.12255 1.21696 1.21696 2.12255 5.04372 11.3339 18.2076 11.176 5.47581 3.07269 3.07269 5.47581 11.176 18.2076 24.5149 27.2941 27.8912 27.8319 27.9121 27.9585 27.3788 24.6024 20.8455 21.5059 21.7584 21.3445 21.3445 21.7584 21.5059 20.8455 21.0421 24.4075 26.0596 27.1348 27.1348 26.0596 24.4075 21.0421 15.1291 12.3972 9.3737 6.74703 6.75926 9.36784 12.4006 15.1299 11.0586 5.23348 2.12042 1.21015 1.20971 2.11777 5.21899 
12.2907 5.34086 2.1826 1.23019 1.23019 2.1826 5.34086 12.2907 19.6672 11.7399 5.64799 3.16585 3.16585 5.64799 11.7399 19.6672 26.919 30.0488 31.2183 31.5503 31.5465 31.215 29.9827 26.8856 23.0418 22.9801 23.3978 24.0367 24.0367 23.3978 22.9801 23.0418 24.9449 29.1173 30.9373 31.5106 31.5106 30.9373 29.1173 24.9449 17.2073 14.3475 11.0426 8.05398 8.04488 10.9851 14.3519 17.1494 12.2089 5.58818 2.23618 1.24334 1.2436 2.23755 5.59243 
12.8562 5.5276 2.22502 1.24231 1.24231 2.22502 5.5276 12.8562 20.7371 12.1285 5.73382 3.17466 3.17466 5.73382 12.1285 20.7371 28.6804 31.888 33.1043 33.5179 33.5257 33.1175 31.8375 28.6654 24.5281 23.3946 24.1613 25.4503 25.4503 24.1613 23.3946 24.5281 27.2974 31.5401 33.3158 33.7721 33.7721 33.3158 31.5401 27.2974 18.786 15.704 12.0514 8.84026 8.83586 12.0035 15.6997 18.7076 13.195 5.97226 2.36787 1.28114 1.28151 2.36959 5.9773 
13.015 5.54069 2.21302 1.24029 1.24029 2.21302 5.54069 13.015 21.3988 12.1674 5.59415 3.0376 3.0376 5.59415 12.1674 21.3988 29.6341 32.7562 33.9031 34.213 34.2176 33.91 32.7253 29.6254 25.454 24.0834 25.0445 26.5563 26.5563 25.0445 24.0834 25.454 28.2922 32.3058 33.9663 34.39 34.39 33.9663 32.3058 28.2922 19.823 16.5322 12.0994 8.88509 8.88229 12.0584 16.531 19.7516 14.1115 6.37337 2.47685 1.30316 1.30345 2.47793 6.37625 
12.9714 5.54026 2.2141 1.24094 1.24029 2.21302 5.54069 13.015 21.388 12.192 5.6101 3.04804 3.0376 5.59415 12.1674 21.3988 29.6254 32.7253 33.91 34.2176 34.2176 33.91 32.7562 29.6341 25.4549 24.084 25.0296 26.5735 26.5563 25.0445 24.0834 25.454 28.2922 32.3058 33.9663 34.39 34.3815 33.9457 32.2607 28.2976 19.7516 16.531 12.0584 8.88229 8.88509 12.0994 16.5322 19.7516 14.1115 6.37337 2.47685 1.30316 1.30316 2.47685 6.37337 
12.7866 5.52352 2.22586 1.2432 1.24231 2.22502 5.5276 12.8562 20.7189 12.1692 5.76235 3.1903 3.17466 5.73382 12.1285 20.7371 28.6654 31.8375 33.1175 33.5257 33.5257 33.1175 31.888 28.6804 24.5381 23.393 24.143 25.4736 25.4503 24.1613 23.3946 24.5281 27.2974 31.5401 33.3158 33.7721 33.758 33.278 31.4537 27.3224 18.7076 15.6997 12.0035 8.83586 8.84026 12.0514 15.704 18.7076 13.195 5.97226 2.36787 1.28114 1.28114 2.36787 5.97226 
12.2176 5.33483 2.18292 1.23096 1.23019 2.1826 5.34086 12.2907 19.6459 11.7825 5.67867 3.1821 3.16585 5.64799 11.7399 19.6672 26.8856 29.9827 31.215 31.5465 31.5465 31.215 30.0488 26.919 23.0529 22.979 23.3896 24.0504 24.0367 23.3978 22.9801 23.0418 24.9449 29.1173 30.9373 31.5106 31.4701 30.8665 29.0415 24.9776 17.1494 14.3519 10.9851 8.04488 8.05398 11.0426 14.3475 17.1494 12.2089 5.58818 2.23618 1.24334 1.24334 2.23618 5.58818 
11.2818 5.03739 2.12226 1.21742 1.21696 2.12255 5.04372 11.3339 18.223 11.2349 5.51577 3.09209 3.07269 5.47581 11.176 18.2076 24.6024 27.3788 27.9585 27.9121 27.9121 27.9585 27.2941 24.5149 21.0106 21.7074 21.9655 21.5227 21.3445 21.7584 21.5059 20.8455 21.0421 24.4075 26.0596 27.1348 27.4577 26.3881 24.7374 21.3063 15.1299 12.4006 9.36784 6.75926 6.74703 9.3737 12.3972 15.1299 11.0586 5.23348 2.12042 1.21015 1.21015 2.12042 5.23348 
11.6385 4.97933 2.12907 1.24881 1.25063 2.13665 5.00416 11.6948 18.596 11.5806 5.79854 3.27563 3.33191 5.928 11.6706 18.8458 27.5162 30.1967 31.4797 31.8465 31.8465 31.4797 30.1434 27.4935 29.5438 32.3383 32.9972 32.6363 32.6363 32.9972 32.3383 29.5438 24.7121 29.4633 31.6218 32.2999 32.3336 31.6538 29.4853 24.7369 16.124 12.9298 8.97163 5.92641 5.96068 9.12721 12.9084 16.1355 11.7165 5.44795 2.17729 1.24538 1.24537 2.17754 5.46801 
12.7192 5.46304 2.30461 1.30922 1.31264 2.31753 5.50684 12.8115 20.0728 12.774 6.55439 3.70373 3.76515 6.67628 12.8016 20.2649 29.2567 31.8498 33.1397 33.6002 33.6002 33.1397 31.799 29.2671 30.7291 32.9245 33.5339 33.5297 33.5297 33.5339 32.9245 30.7291 26.6988 30.6797 32.7303 33.3857 33.3774 32.719 30.6645 26.6997 19.0201 15.5023 11.0627 7.41311 7.44236 11.1622 15.4699 19.0293 13.232 5.85032 2.30943 1.28964 1.28962 2.3095 5.85524 
13.3587 5.81615 2.41238 1.33252 1.33558 2.42464 5.85685 13.4432 20.7328 13.1143 6.6512 3.75575 3.81483 6.77207 13.1489 20.9211 30.1559 32.6446 33.9339 34.4022 34.4022 33.9339 32.603 30.1765 31.4184 33.1435 33.7569 33.9609 33.9609 33.7569 33.1435 31.4184 28.1718 31.6924 33.5447 34.1604 34.155 33.5354 31.6822 28.1758 20.6361 16.7437 11.8126 7.97485 8.00535 11.9226 16.7132 20.6503 14.2061 6.18769 2.4371 1.33096 1.33093 2.4372 6.19187 
13.3066 5.73277 2.34097 1.28874 1.29033 2.34712 5.75391 13.3551 21.0258 12.8585 6.18336 3.51119 3.54636 6.2456 12.8519 21.2026 30.595 32.8995 34.2063 34.6263 34.6263 34.2063 32.8736 30.6229 31.7737 33.2122 33.8659 34.2196 34.2196 33.8659 33.2122 31.7737 28.9127 32.2688 33.947 34.4839 34.4804 33.9404 32.2608 28.9177 21.4742 17.2521 11.7322 8.08671 8.10855 11.7864 17.2318 21.4945 15.0013 6.58923 2.554 1.34448 1.34445 2.55416 6.59024 
13.3551 5.75391 2.34712 1.29033 1.29033 2.34712 5.75391 13.3551 21.2026 12.8519 6.2456 3.54636 3.54636 6.2456 12.8585 21.0258 30.595 32.8995 34.215 34.6304 34.6263 34.2063 32.8995 30.595 31.7895 33.2093 33.8631 34.218 34.2196 33.8659 33.2122 31.7737 28.9177 32.2608 33.9404 34.4804 34.4804 33.9404 32.2608 28.9177 21.4945 17.2318 11.7864 8.10855 8.08671 11.7143 17.2755 21.5478 14.979 6.59024 2.55416 1.34445 1.34448 2.554 6.58923 
13.4432 5.85685 2.42464 1.33558 1.33558 2.42464 5.85685 13.4432 20.9211 13.1489 6.77207 3.81483 3.81483 6.77207 13.1143 20.7328 30.1559 32.6446 33.9509 34.4098 34.4022 33.9339 32.6446 30.1559 31.4441 33.1381 33.7526 33.9589 33.9609 33.7569 33.1435 31.4184 28.1758 31.6822 33.5354 34.155 34.155 33.5354 31.6822 28.1758 20.6503 16.7132 11.9226 8.00535 7.97485 11.775 16.7872 20.7296 14.1708 6.19187 2.4372 1.33093 1.33096 2.4371 6.18769 
12.8115 5.50684 2.31753 1.31264 1.31264 2.31753 5.50684 12.8115 20.2649 12.8016 6.67628 3.76515 3.76515 6.67628 12.774 20.0728 29.2567 31.8498 33.1605 33.6038 33.6002 33.1397 31.8498 29.2567 30.7547 32.917 33.5301 33.5279 33.5297 33.5339 32.9245 30.7291 26.6997 30.6645 32.719 33.3774 33.3774 32.719 30.6645 26.6997 19.0293 15.4699 11.1622 7.44236 7.41311 11.0295 15.543 19.1091 13.1971 5.85524 2.3095 1.28962 1.28964 2.30943 5.85032 
11.6948 5.00416 2.13665 1.25063 1.25063 2.13665 5.00416 11.6948 18.8458 11.6706 5.928 3.33191 3.33191 5.928 11.5806 18.596 27.5162 30.1967 31.5225 31.8823 31.8465 31.4797 30.1967 27.5162 29.5754 32.3699 33.0438 32.6999 32.6363 32.9972 32.3383 29.5438 24.7369 29.4853 31.6538 32.3336 32.3336 31.6538 29.4853 24.7369 16.1355 12.9084 9.12721 5.96068 5.92641 8.90394 12.8928 16.1272 11.7226 5.46801 2.17754 1.24537 1.24538 2.17729 5.44795 
7.8304 3.14294 1.49702 1.07385 1.07385 1.49702 3.12473 7.77456 14.4081 7.45232 3.0701 1.65008 1.6528 3.07913 7.45696 14.3922 26.558 29.4719 31.3413 31.8848 31.8848 31.3413 29.4719 26.558 28.016 31.7621 33.0348 32.8334 32.8322 33.0344 31.76 28.0163 22.3059 28.3863 31.58 32.5788 32.5479 31.5364 28.3423 22.278 8.30222 5.70281 3.42605 2.26282 2.26691 3.43683 5.72985 8.4121 5.09517 2.33993 1.24747 1.03638 1.03638 1.24747 2.33993 
6.98625 2.72846 1.33622 1.03812 1.03812 1.33622 2.72281 6.96568 13.5962 6.4583 2.46327 1.32946 1.33375 2.47772 6.43534 13.5159 27.0081 30.191 32.5599 33.2324 33.2324 32.5599 30.191 27.0081 27.9827 31.9204 33.3163 33.5607 33.5607 33.316 31.9194 27.985 21.6988 28.502 32.1909 33.4461 33.4162 32.126 28.4589 21.7236 7.13984 4.91628 2.95659 1.88444 1.87461 2.9368 4.89993 7.19562 3.99578 1.8572 1.14004 1.01524 1.01524 1.14004 1.8572 
6.51934 2.46633 1.25406 1.02484 1.02484 1.25406 2.46214 6.50284 13.2715 6.10655 2.30253 1.26086 1.26348 2.31298 6.08945 13.1885 27.1234 30.5325 33.2354 34.0215 34.0215 33.2354 30.5325 27.1234 27.9496 32.0063 33.4931 33.9554 33.9553 33.4927 32.0052 27.9522 21.3249 28.5462 32.4514 33.7794 33.7414 32.38 28.4979 21.3512 6.07567 4.16963 2.51356 1.64197 1.63292 2.49241 4.14985 6.13626 3.12066 1.47587 1.06113 1.00571 1.00571 1.06113 1.47587 
6.35881 2.36758 1.22038 1.01975 1.01975 1.22038 2.36593 6.34974 13.2302 6.0054 2.26395 1.2419 1.24309 2.26964 6.00155 13.1489 27.1918 30.6481 33.4594 34.2511 34.2511 33.4594 30.6481 27.1918 27.9855 32.1009 33.5942 34.1495 34.1494 33.5939 32.1002 27.9873 21.2381 28.5933 32.5871 33.8617 33.8375 32.5516 28.5688 21.246 5.74512 3.64164 2.07924 1.40858 1.40435 2.0684 3.62907 5.81186 2.85036 1.38043 1.04823 1.00437 1.00437 1.04823 1.38043 
6.34974 2.36593 1.2199 1.01966 1.01975 1.22038 2.36593 6.34974 13.1489 6.00155 2.26964 1.24309 1.24309 2.26964 6.0054 13.2302 27.1918 30.6481 33.4594 34.2511 34.2507 33.4596 30.6477 27.179 27.9873 32.1002 33.5939 34.1494 34.1494 33.5939 32.1002 27.9873 21.246 28.5688 32.5516 33.8375 33.8617 32.5871 28.5933 21.2381 5.81186 3.62907 2.0684 1.40435 1.41177 2.08613 3.64571 5.74512 2.85036 1.38043 1.04823 1.00437 1.00438 1.04808 1.37853 
6.50284 2.46214 1.25299 1.02466 1.02484 1.25406 2.46214 6.50284 13.1885 6.08945 2.31298 1.26348 1.26348 2.31298 6.10655 13.2715 27.1234 30.5325 33.2354 34.0215 34.0235 33.2387 30.529 27.1011 27.9522 32.0052 33.4927 33.9553 33.9553 33.4927 32.0052 27.9522 21.3512 28.4979 32.38 33.7414 33.7794 32.4514 28.5462 21.3249 6.13626 4.14985 2.49241 1.63292 1.64881 2.52506 4.17225 6.07567 3.12066 1.47587 1.06113 1.00571 1.00569 1.06061 1.47221 
6.96568 2.72281 1.33477 1.03787 1.03812 1.33622 2.72281 6.96568 13.5159 6.43534 2.47772 1.33375 1.33375 2.47772 6.4583 13.5962 27.0081 30.191 32.5599 33.2324 33.2454 32.5682 30.1876 26.9844 27.985 31.9194 33.316 33.5607 33.5607 33.316 31.9194 27.985 21.7236 28.4589 32.126 33.4162 33.4461 32.1909 28.502 21.6988 7.19562 4.89993 2.9368 1.87461 1.89129 2.97061 4.91777 7.13984 3.99578 1.8572 1.14004 1.01524 1.01532 1.14004 1.85562 
7.77456 3.12473 1.4923 1.07295 1.07385 1.49702 3.12473 7.77456 14.3922 7.45696 3.07913 1.6528 1.6528 3.07913 7.45232 14.4081 26.558 29.4719 31.3413 31.8848 31.8152 31.2604 29.4345 26.5024 28.0163 31.76 33.0344 32.8322 32.8322 33.0344 31.76 28.0163 22.278 28.3423 31.5364 32.5479 32.5788 31.58 28.3863 22.3059 8.4121 5.72985 3.43683 2.26691 2.2605 3.42013 5.68237 8.30222 5.09517 2.33993 1.24747 1.03638 1.03611 1.245 2.3269 
5.91693 2.25178 1.1993 1.0175 1.0175 1.1993 2.25178 5.91693 12.1173 6.0869 2.33261 1.29769 1.29769 2.33261 6.03847 12.2272 23.8127 26.2374 27.7272 28.31 28.3954 27.8017 26.2374 23.8127 25.019 27.802 28.3456 28.2049 28.0695 28.2071 27.7142 25.0007 20.8799 26.9252 29.8371 31.0472 31.0075 29.7951 26.9063 20.9149 8.91117 5.73683 3.39235 2.36711 2.34693 3.3784 5.72592 8.8445 5.47388 2.7172 1.53829 1.11456 1.11115 1.52772 2.70568 
6.16867 2.34947 1.21949 1.01903 1.01903 1.21949 2.34947 6.16867 12.504 6.24342 2.36321 1.29242 1.29242 2.36321 6.20563 12.6581 25.1401 28.5481 30.4327 31.3002 31.2791 30.4013 28.5481 25.1401 23.9995 27.2725 28.4905 28.8837 28.8896 28.5084 27.3193 24.0727 19.9135 26.4633 30.0617 31.7113 31.6583 29.9954 26.4157 19.9594 7.94733 4.58407 2.25464 1.44275 1.44114 2.2489 4.56455 7.86367 4.79825 2.30742 1.2971 1.04034 1.04048 1.29831 2.31426 
6.34184 2.40846 1.23062 1.02021 1.02021 1.23062 2.40846 6.34184 12.8082 6.38052 2.4027 1.30181 1.30181 2.4027 6.3416 12.9622 25.7004 29.7133 32.0554 33.0896 33.073 32.0247 29.7133 25.7004 23.3392 26.6001 28.1201 29.2789 29.283 28.1416 26.6435 23.4104 19.118 26.0637 30.2449 32.2145 32.1637 30.1761 26.0228 19.171 7.03519 3.79511 1.74392 1.13357 1.13367 1.7384 3.77551 6.95302 4.0669 1.92251 1.17373 1.01883 1.01913 1.17549 1.92978 
6.39227 2.40337 1.22326 1.01924 1.01924 1.22326 2.40337 6.39227 12.8879 6.31351 2.367 1.28343 1.28343 2.367 6.28192 13.0358 25.87 30.0525 32.6518 33.6616 33.6509 32.6313 30.0525 25.87 23.1301 26.0444 27.8167 29.4896 29.4923 27.8283 26.066 23.1691 18.888 26.1033 30.5537 32.5482 32.5265 30.5163 26.0793 18.9111 6.49263 3.38762 1.56055 1.07223 1.07263 1.55816 3.37719 6.44552 3.55633 1.66314 1.10436 1.00926 1.0094 1.10529 1.66722 
6.40915 2.40423 1.2233 1.01922 1.01924 1.22326 2.40337 6.39227 13.0358 6.28192 2.36156 1.28183 1.28343 2.367 6.28192 13.0358 25.87 30.0525 32.6518 33.6616 33.6616 32.6518 30.0703 25.8538 23.1691 26.066 27.8283 29.4923 29.4896 27.8167 26.0444 23.1301 18.9111 26.0793 30.5163 32.5265 32.5265 30.5163 26.0793 18.9111 6.41751 3.39543 1.56136 1.07239 1.07223 1.56055 3.38762 6.49263 3.55633 1.66314 1.10436 1.00926 1.00926 1.10436 1.66314 
6.36744 2.41117 1.23088 1.02018 1.02021 1.23062 2.40846 6.34184 12.9622 6.3416 2.39437 1.29947 1.30181 2.4027 6.3416 12.9622 25.7004 29.7133 32.0554 33.0896 33.0896 32.0554 29.7337 25.68 23.4104 26.6435 28.1416 29.283 29.2789 28.1201 26.6001 23.3392 19.171 26.0228 30.1761 32.1637 32.1637 30.1761 26.0228 19.171 6.93858 3.80778 1.74546 1.13393 1.13357 1.74392 3.79511 7.03519 4.0669 1.92251 1.17373 1.01883 1.01883 1.17373 1.92251 
6.19365 2.35229 1.21977 1.01901 1.01903 1.21949 2.34947 6.16867 12.6581 6.20563 2.35499 1.29012 1.29242 2.36321 6.20563 12.6581 25.1401 28.5481 30.4327 31.3002 31.3002 30.4327 28.5674 25.1266 24.0727 27.3193 28.5084 28.8896 28.8837 28.4905 27.2725 23.9995 19.9594 26.4157 29.9954 31.6583 31.6583 29.9954 26.4157 19.9594 7.84452 4.59655 2.25717 1.44357 1.44275 2.25464 4.58407 7.94733 4.79825 2.30742 1.2971 1.04034 1.04034 1.2971 2.30742 
5.92652 2.2522 1.19946 1.0175 1.0175 1.1993 2.25178 5.91693 12.2272 6.03847 2.32167 1.29462 1.29769 2.33261 6.03847 12.2272 23.8127 26.2374 27.7272 28.31 28.31 27.7272 26.1639 23.7514 25.0007 27.7142 28.2071 28.0695 28.2049 28.3456 27.802 25.019 20.9149 26.9063 29.7951 31.0075 31.0075 29.7951 26.9063 20.9149 8.81078 5.73451 3.38597 2.36367 2.36711 3.39235 5.73683 8.91117 5.47388 2.7172 1.53829 1.11456 1.11456 1.53829 2.7172 
3.09756 1.39824 1.04492 1.00251 1.00251 1.04492 1.39824 3.09756 6.83792 2.96911 1.36102 1.04622 1.04622 1.36102 2.96911 6.83792 14.5244 12.9735 12.835 12.8015 12.8015 12.835 12.8986 14.4811 19.3491 17.2743 15.3016 14.5071 14.5071 15.3016 17.2743 19.3491 20.2511 25.2511 27.6959 28.5083 28.4486 27.6227 25.1743 20.1864 11.4064 9.41638 8.49543 8.18802 8.23743 8.50898 9.42854 11.4841 7.28699 5.05605 3.2491 1.97304 1.97304 3.2491 5.05605 
2.32354 1.20854 1.01708 1.00039 1.00039 1.01708 1.20854 2.32354 5.4866 2.24942 1.18128 1.01454 1.01454 1.18128 2.24942 5.4866 13.236 8.60632 6.53182 5.96661 5.96661 6.53182 8.63139 13.2735 21.1219 17.9096 13.9206 11.8391 11.8391 13.9206 17.9096 21.1219 21.6838 26.5753 28.9422 29.9617 29.9734 28.9585 26.5802 21.6809 13.6454 12.6849 12.3952 12.7656 12.8465 12.3977 12.6822 13.7038 9.18439 6.57293 4.13919 2.48506 2.48506 4.13919 6.57293 
1.9927 1.1372 1.0097 1.00008 1.00008 1.0097 1.1372 1.9927 4.7519 1.98744 1.13447 1.00908 1.00908 1.13447 1.98744 4.7519 12.6401 6.44892 3.42336 2.55716 2.55716 3.42336 6.47586 12.6804 22.3973 18.2086 13.068 10.1381 10.1381 13.068 18.2086 22.3973 23.2732 28.0106 30.4521 31.4891 31.499 30.4662 28.0122 23.2715 15.7209 14.3565 13.6775 13.6194 13.7034 13.684 14.3528 15.7719 10.7442 7.69691 4.77492 2.74925 2.74925 4.77492 7.69691 
1.88646 1.11559 1.00768 1.00002 1.00002 1.00768 1.11559 1.88646 4.47594 1.89182 1.11977 1.00971 1.00971 1.11977 1.89182 4.47594 12.4004 5.74251 2.53988 1.62593 1.62593 2.53988 5.7602 12.4242 23.1986 18.7949 13.139 8.74373 8.74373 13.139 18.7949 23.1986 24.9382 29.2883 31.648 32.62 32.6262 31.6559 29.2874 24.9401 17.7149 15.2568 13.7088 12.4394 12.4852 13.7209 15.254 17.7496 12.0865 7.85854 4.24745 2.42095 2.42095 4.24745 7.85854 
1.88902 1.11587 1.0077 1.00002 1.00002 1.00768 1.11559 1.88646 4.42871 1.89268 1.11978 1.00972 1.00971 1.11977 1.89182 4.47594 12.4242 5.7602 2.54765 1.62875 1.62875 2.54765 5.7602 12.4242 23.2207 18.7859 13.1114 8.72609 8.74373 13.139 18.7949 23.1986 24.9401 29.2874 31.6559 32.6262 32.62 31.648 29.2883 24.9382 17.7496 15.254 13.7209 12.4852 12.4394 13.7088 15.2682 17.779 12.0865 7.85854 4.24745 2.42095 2.42084 4.24745 7.84698 
1.99789 1.13785 1.00976 1.00008 1.00008 1.0097 1.1372 1.9927 4.69354 1.98882 1.13447 1.00908 1.00908 1.13447 1.98744 4.7519 12.6804 6.47586 3.43589 2.56145 2.56145 3.43589 6.47586 12.6804 22.434 18.1875 13.0215 10.1153 10.1381 13.068 18.2086 22.3973 23.2715 28.0122 30.4662 31.499 31.4891 30.4521 28.0106 23.2732 15.7719 14.3528 13.684 13.7034 13.6194 13.6775 14.3719 15.8202 10.7442 7.69691 4.77492 2.74925 2.74914 4.77512 7.69059 
2.32687 1.2089 1.01712 1.0004 1.00039 1.01708 1.20854 2.32354 5.42797 2.25117 1.18129 1.01454 1.01454 1.18128 2.24942 5.4866 13.2735 8.63139 6.5534 5.97938 5.97938 6.5534 8.63139 13.2735 21.1478 17.8848 13.8834 11.8224 11.8391 13.9206 17.9096 21.1219 21.6809 26.5802 28.9585 29.9734 29.9617 28.9422 26.5753 21.6838 13.7038 12.6822 12.3977 12.8465 12.7656 12.3952 12.7 13.744 9.18439 6.57293 4.13919 2.48506 2.48493 4.13933 6.56755 
3.08347 1.39522 1.04454 1.00249 1.00251 1.04492 1.39824 3.09756 6.78858 2.97157 1.36095 1.04621 1.04622 1.36102 2.96911 6.83792 14.4811 12.8986 12.746 12.7069 12.7069 12.746 12.8986 14.4811 19.2599 17.1026 15.1155 14.3526 14.5071 15.3016 17.2743 19.3491 20.1864 25.1743 27.6227 28.4486 28.5083 27.6959 25.2511 20.2511 11.4841 9.42854 8.50898 8.23743 8.18802 8.49543 9.42547 11.4716 7.28699 5.05605 3.2491 1.97304 1.97291 3.24905 5.05232 
1.25427 1.02861 1.00182 0.999983 0.999989 1.00183 1.02847 1.2485 2.42545 1.36376 1.05013 1.00477 1.00478 1.05013 1.36362 2.44683 7.12659 6.49577 5.76374 5.52576 5.52576 5.76374 6.49577 7.12659 9.39309 6.74624 5.40356 5.13975 5.13952 5.40363 6.7458 9.39228 12.4316 16.3139 17.6479 17.9876 17.9876 17.6479 16.3139 12.4316 4.25549 3.65672 3.01914 2.29156 2.29545 3.03273 3.68541 4.33476 2.81219 1.94275 1.34377 1.08621 1.08753 1.34879 1.95322 
1.04652 1.00444 1.00013 0.999803 0.999803 1.00014 1.00446 1.0459 1.37886 1.07619 1.00781 1.00036 1.00036 1.00782 1.07622 1.38463 2.88165 2.5023 2.30827 2.21952 2.21952 2.30827 2.5023 2.88165 5.18332 3.74591 2.67027 2.36018 2.36028 2.67036 3.7459 5.18317 7.44401 9.95035 10.1467 9.548 9.548 10.1467 9.95035 7.44401 2.38184 2.0986 1.70046 1.32176 1.31881 1.6986 2.10096 2.40843 1.90365 1.44886 1.12922 1.02302 1.02277 1.12808 1.44603 
1.00474 1.00025 0.999937 0.999979 0.999978 0.999938 1.00025 1.00466 1.05277 1.00779 1.00037 0.999884 0.999883 1.00037 1.00777 1.05393 1.42733 1.26466 1.21981 1.19637 1.19637 1.21981 1.26466 1.42733 2.61148 2.00854 1.44114 1.28223 1.28224 1.44116 2.0085 2.61157 4.01437 5.45794 4.97559 4.32321 4.32321 4.97559 5.45794 4.01437 1.38007 1.27544 1.13336 1.03849 1.038 1.13232 1.2749 1.39023 1.27586 1.10617 1.0213 1.00252 1.00249 1.02116 1.10562 
1.0002 0.999926 0.999982 0.999998 0.999998 0.999982 0.999927 1.00019 1.00564 1.00027 0.999853 0.99998 0.99998 0.999853 1.00027 1.00585 1.08979 1.03234 1.0236 1.01963 1.01963 1.0236 1.03234 1.08979 1.62298 1.33133 1.09874 1.04861 1.04861 1.09874 1.33133 1.623 2.33475 3.12153 2.68583 2.30868 2.30868 2.68583 3.12153 2.33475 1.07449 1.0578 1.02009 1.00302 1.00296 1.01983 1.05744 1.0773 1.06229 1.01757 1.00229 0.999994 0.99999 1.00228 1.01751 
1.00019 0.999927 0.999982 0.999998 0.999998 0.999982 0.999927 1.00019 1.00564 1.00027 0.999853 0.99998 0.99998 0.999853 1.00027 1.00564 1.08945 1.03278 1.0245 1.02025 1.01963 1.0236 1.03234 1.08979 1.623 1.33133 1.09874 1.04861 1.04861 1.09874 1.33133 1.623 2.33643 3.12424 2.7174 2.31895 2.30868 2.68583 3.12153 2.33475 1.07443 1.05759 1.02017 1.00305 1.00305 1.02017 1.05759 1.07443 1.06229 1.01757 1.00229 0.999994 0.999994 1.00229 1.01757 
1.00466 1.00025 0.999938 0.999978 0.999978 0.999938 1.00025 1.00466 1.05277 1.00779 1.00037 0.999884 0.999884 1.00037 1.00779 1.05277 1.42615 1.26653 1.22454 1.19974 1.19637 1.21981 1.26466 1.42733 2.61157 2.0085 1.44116 1.28224 1.28224 1.44116 2.0085 2.61157 4.01917 5.47225 5.05279 4.33931 4.32321 4.97559 5.45794 4.01437 1.37939 1.2742 1.1338 1.0388 1.0388 1.1338 1.2742 1.37939 1.27586 1.10617 1.0213 1.00252 1.00252 1.0213 1.10617 
1.0459 1.00446 1.00014 0.999803 0.999803 1.00014 1.00446 1.0459 1.37886 1.07619 1.00781 1.00036 1.00036 1.00781 1.07619 1.37886 2.87559 2.50914 2.32382 2.23065 2.21952 2.30827 2.5023 2.88165 5.18317 3.7459 2.67036 2.36028 2.36028 2.67036 3.7459 5.18317 7.47081 10.0271 10.2669 9.62048 9.548 10.1467 9.95035 7.44401 2.37758 2.09412 1.7017 1.32448 1.32448 1.7017 2.09412 2.37758 1.90365 1.44886 1.12922 1.02302 1.02302 1.12922 1.44886 
1.2485 1.02847 1.00183 0.999989 0.999989 1.00183 1.02847 1.2485 2.42545 1.36376 1.05013 1.00477 1.00477 1.05013 1.36376 2.42545 7.06559 6.4231 5.70759 5.46837 5.52576 5.76374 6.49577 7.12659 9.39228 6.7458 5.40363 5.13952 5.13952 5.40363 6.7458 9.39228 12.2775 16.129 17.3889 17.7417 17.9876 17.6479 16.3139 12.4316 4.22278 3.63121 3.01082 2.29083 2.29083 3.01082 3.63121 4.22278 2.81219 1.94275 1.34377 1.08621 1.08621 1.34377 1.94275 
1.03953 1.00457 1.00046 1.00007 1.00007 1.00046 1.00457 1.03953 1.36907 1.08503 1.01145 1.00137 1.00137 1.01145 1.08503 1.36907 2.5931 2.3942 2.20708 2.17816 2.17816 2.20708 2.3942 2.5931 4.55201 2.92522 2.32917 2.10908 2.10908 2.32917 2.92522 4.55201 6.82683 8.98732 9.58687 9.34975 9.34975 9.58834 8.98923 6.82772 2.5423 2.04634 1.79948 1.45544 1.45544 1.79948 2.04634 2.5423 1.67783 1.2344 1.05149 1.0117 1.0117 1.05149 1.2344 
1.0038 1.0004 0.999983 0.999988 0.999988 0.999983 1.0004 1.0038 1.04908 1.00944 1.001 0.999941 0.999941 1.001 1.00944 1.04908 1.39734 1.34389 1.29503 1.27014 1.27014 1.29503 1.34389 1.39734 2.38879 1.71978 1.37714 1.25121 1.25121 1.37714 1.71978 2.38879 2.74757 3.42057 3.60534 3.48153 3.48153 3.6052 3.42059 2.74767 1.50425 1.29089 1.17856 1.07105 1.07105 1.17856 1.29089 1.50425 1.2251 1.05938 1.01144 1.00122 1.00122 1.01144 1.05938 
1.00016 0.999977 0.999994 1 1 0.999994 0.999977 1.00016 1.00453 1.0006 0.999905 0.999943 0.999943 0.999905 1.0006 1.00453 1.07239 1.06003 1.04963 1.04257 1.04257 1.04963 1.06003 1.07239 1.36933 1.15135 1.06647 1.03596 1.03596 1.06647 1.15135 1.36933 1.39577 1.56421 1.593 1.52425 1.52425 1.59297 1.56417 1.39576 1.11557 1.05924 1.02597 1.00694 1.00694 1.02597 1.05924 1.11557 1.04617 1.00845 1.0011 0.99992 0.99992 1.0011 1.00845 
1.00004 0.999991 1 1 1 1 0.999991 1.00004 1.00009 0.999781 0.999961 0.999995 0.999995 0.999961 0.999781 1.00009 1.00885 1.00688 1.00568 1.00454 1.00454 1.00568 1.00688 1.00885 1.06956 1.0204 1.00705 1.00308 1.00308 1.00705 1.0204 1.06956 1.05702 1.08871 1.09104 1.07202 1.07202 1.09103 1.0887 1.05702 1.01647 1.00755 1.00212 1.00025 1.00025 1.00212 1.00755 1.01647 1.00593 1.00077 0.999918 0.999941 0.999941 0.999918 1.00077 
0 0 0 0 1 1 0.999991 1.00004 1.00009 0.999781 0.999961 0.999995 0.999995 0.999961 0.999779 1.00011 1.00885 1.00688 1.00568 1.00454 1.00448 1.0056 1.00677 1.00876 1.0684 1.02007 1.00694 1.00303 1.00308 1.00705 1.0204 1.06956 1.05702 1.0887 1.09103 1.07202 1.07202 1.09104 1.08871 1.05702 1.01629 1.00744 1.00209 1.00024 1.00025 1.00212 1.00755 1.01647 1.00593 1.00077 0.999918 0.999941 0 0 0 
0 0 0 0 1 0.999994 0.999977 1.00016 1.00453 1.0006 0.999905 0.999943 0.999943 0.999903 1.00059 1.00467 1.07239 1.06003 1.04963 1.04257 1.04213 1.04904 1.05929 1.07176 1.36368 1.14932 1.06565 1.03554 1.03596 1.06647 1.15135 1.36933 1.39576 1.56417 1.59297 1.52421 1.52425 1.593 1.56421 1.39577 1.11464 1.05857 1.02574 1.00688 1.00694 1.02597 1.05924 1.11557 1.04617 1.00845 1.0011 0.99992 0 0 0 
0 0 0 0 0.999988 0.999983 1.0004 1.0038 1.04908 1.00944 1.001 0.999941 0.99994 1.001 1.00941 1.04993 1.39734 1.34389 1.29503 1.27014 1.26827 1.29269 1.34088 1.3952 2.37211 1.71365 1.37409 1.2494 1.25121 1.37714 1.71978 2.38879 2.74767 3.42059 3.6052 3.48148 3.48153 3.60534 3.42057 2.74757 1.50255 1.28858 1.17761 1.07076 1.07105 1.17856 1.29089 1.50425 1.2251 1.05938 1.01144 1.00122 0 0 0 
