0 0 0 0 1.00238 1.02185 1.1419 1.62523 2.56422 1.74643 1.19635 1.04366 1.04364 1.19609 1.74498 2.56564 3.46022 3.77642 3.1438 2.55812 2.55588 3.13905 3.77075 3.45441 2.06965 1.47152 1.33413 1.551 1.55122 1.34038 1.4779 2.06756 1.78655 2.56819 3.76995 4.49736 4.48899 3.75867 2.56173 1.77417 1.24923 1.15724 1.0564 1.0106 1.0106 1.05642 1.1573 1.24934 1.13873 1.02409 1.00246 1.00015 0 0 0 
0 0 0 0 1.00041 1.00525 1.04013 1.1493 1.30758 1.13335 1.03105 1.00548 1.00546 1.03093 1.13283 1.30707 1.50476 1.56051 1.39201 1.24427 1.24367 1.39072 1.5597 1.50448 1.23042 1.06861 1.03022 1.08254 1.08197 1.03056 1.06866 1.22863 1.14303 1.49063 2.26378 2.60516 2.61431 2.27407 1.49534 1.14378 1.03047 1.02604 1.00842 1.0011 1.0011 1.00842 1.02604 1.03047 1.01945 1.00272 1.00014 0.999959 0 0 0 
0 0 0 0 0.999921 1.00059 1.00614 1.02383 1.03861 1.01489 1.00286 1.00016 1.00015 1.00284 1.01478 1.03841 1.05911 1.0641 1.04118 1.02062 1.02052 1.04096 1.06402 1.05918 1.03236 1.00848 1.00251 1.01011 1.01002 1.00254 1.00845 1.03204 1.02452 1.12433 1.37295 1.46493 1.46879 1.37752 1.12593 1.02482 1.00266 1.00278 1.00077 1.00004 1.00004 1.00077 1.00278 1.00266 1.00183 1.0002 0.999965 0.999993 0 0 0 
0 0 0 0 0.999964 0.999929 1.00051 1.00286 1.00281 1.00055 0.999985 0.999894 0.999894 0.999982 1.00054 1.00278 1.00407 1.00377 1.0021 1.00064 1.00063 1.00207 1.00376 1.00409 1.00361 1.00118 1.00087 1.00122 1.0012 1.00086 1.00117 1.00356 1.00343 1.02219 1.08356 1.10801 1.10908 1.08466 1.02249 1.00348 1.00012 0.999999 0.999982 0.999971 0.999971 0.999982 0.999999 1.00012 1.00014 0.99995 0.999993 1 0 0 0 
1.00286 1.00051 0.999929 0.999964 0.999964 0.999929 1.00051 1.00286 1.00281 1.00055 0.999985 0.999894 0.999894 0.999985 1.00055 1.00281 1.00409 1.00376 1.00207 1.00063 1.00063 1.00207 1.00376 1.00409 1.00361 1.00118 1.00087 1.00122 1.00122 1.00087 1.00118 1.00361 1.00348 1.02249 1.08466 1.10908 1.10908 1.08466 1.02249 1.00348 1.00012 0.999999 0.999982 0.999971 0.999971 0.999982 0.999999 1.00012 1.00014 0.99995 0.999993 1 1 0.999993 0.99995 
1.02383 1.00614 1.00059 0.999921 0.999921 1.00059 1.00614 1.02383 1.03861 1.01489 1.00286 1.00016 1.00016 1.00286 1.01489 1.03861 1.05918 1.06402 1.04096 1.02052 1.02052 1.04096 1.06402 1.05918 1.03236 1.00848 1.00251 1.01011 1.01011 1.00251 1.00848 1.03236 1.02482 1.12593 1.37752 1.46879 1.46879 1.37752 1.12593 1.02482 1.00266 1.00278 1.00077 1.00004 1.00004 1.00077 1.00278 1.00266 1.00183 1.0002 0.999965 0.999993 0.999993 0.999965 1.0002 
1.1493 1.04013 1.00525 1.00041 1.00041 1.00525 1.04013 1.1493 1.30758 1.13335 1.03105 1.00548 1.00548 1.03105 1.13335 1.30758 1.50448 1.5597 1.39072 1.24367 1.24367 1.39072 1.5597 1.50448 1.23042 1.06861 1.03022 1.08254 1.08254 1.03022 1.06861 1.23042 1.14378 1.49534 2.27407 2.61431 2.61431 2.27407 1.49534 1.14378 1.03047 1.02604 1.00842 1.0011 1.0011 1.00842 1.02604 1.03047 1.01945 1.00272 1.00014 0.999959 0.999959 1.00014 1.00272 
1.62523 1.1419 1.02185 1.00238 1.00238 1.02185 1.1419 1.62523 2.56422 1.74643 1.19635 1.04366 1.04366 1.19635 1.74643 2.56422 3.45441 3.77075 3.13905 2.55588 2.55588 3.13905 3.77075 3.45441 2.06965 1.47152 1.33413 1.551 1.551 1.33413 1.47152 2.06965 1.77417 2.56173 3.75867 4.48899 4.48899 3.75867 2.56173 1.77417 1.24934 1.1573 1.05642 1.0106 1.0106 1.0564 1.15724 1.24923 1.13873 1.02409 1.00246 1.00015 1.00015 1.00246 1.02409 
3.29984 1.69454 1.13629 1.01755 1.01755 1.13629 1.69454 3.29984 5.44087 3.33721 1.72331 1.18385 1.18385 1.72331 3.33721 5.44087 7.73105 8.6781 7.29267 6.09376 6.09376 7.29267 8.58387 7.67962 4.74581 3.68958 3.28139 3.57863 3.64504 3.32575 3.82491 4.85236 5.57465 6.41862 6.96731 7.32035 7.31605 6.97876 6.41862 5.57465 2.17211 1.66235 1.23192 1.07631 1.08586 1.25849 1.7154 2.27295 1.47819 1.08073 1.00206 0.999717 0.999717 1.00206 1.08073 
1.8643 1.2403 1.03928 1.00389 1.00389 1.03928 1.2403 1.8643 2.54555 1.71409 1.1585 1.02795 1.02795 1.1585 1.71409 2.54555 3.2864 3.63565 3.05264 2.46193 2.46193 3.05264 3.65661 3.30876 2.11448 1.67825 1.51114 1.65745 1.65998 1.46729 1.666 2.11061 2.39016 2.77467 3.02387 3.21493 3.19862 3.01563 2.77467 2.39016 1.20644 1.07404 1.00813 1.00244 1.00288 1.00967 1.07759 1.22047 1.05265 1.00167 0.9989 0.99978 0.99978 0.9989 1.00167 
1.19287 1.04696 1.00581 1.00026 1.00026 1.00581 1.04696 1.19287 1.31006 1.11979 1.0189 1.00178 1.00178 1.0189 1.11979 1.31006 1.47832 1.55326 1.38676 1.22567 1.22567 1.38676 1.55622 1.48048 1.16439 1.07014 1.04073 1.08228 1.08447 1.03354 1.06746 1.16742 1.26677 1.38882 1.46811 1.54963 1.5459 1.46617 1.38882 1.26677 1.01501 0.997253 0.996678 0.999546 0.999583 0.996873 0.997671 1.01677 1.00244 0.999628 0.999963 1 1 0.999963 0.999628 
1.0331 1.00649 1.00045 0.999857 0.999857 1.00045 1.00649 1.0331 1.04209 1.01283 1.0009 0.999748 0.999748 1.0009 1.01283 1.04209 1.06686 1.07652 1.04808 1.0209 1.0209 1.04808 1.07699 1.0669 1.01895 1.00538 1.00207 1.01036 1.01119 1.00125 1.00521 1.02016 1.02938 1.05625 1.08085 1.10755 1.10681 1.08032 1.05625 1.02938 1.00004 0.998341 0.999406 1.00004 1.00004 0.999428 0.99839 1.00014 1.00009 1.00007 1.00002 1 1 1.00002 1.00007 
1.03311 1.00647 1.00044 0.999857 0.999857 1.00045 1.00649 1.0331 1.04209 1.01283 1.0009 0.999748 0.999746 1.00089 1.01286 1.04225 1.06686 1.07652 1.04691 1.02045 1.0209 1.04808 1.07652 1.06686 1.02016 1.00521 1.00125 1.01119 1.01119 1.00125 1.00521 1.02016 1.02935 1.05601 1.08032 1.10681 1.10681 1.08032 1.05601 1.02935 1.00014 0.99839 0.999428 1.00004 1.00004 0.999428 0.99839 1.00014 1.00009 1.00007 1.00002 1 1 1.00002 1.00007 
1.19288 1.04677 1.00578 1.00026 1.00026 1.00581 1.04696 1.19287 1.31006 1.11979 1.0189 1.00178 1.00177 1.01889 1.12006 1.31091 1.47832 1.55326 1.38237 1.22398 1.22567 1.38676 1.55326 1.47832 1.16742 1.06746 1.03354 1.08447 1.08447 1.03354 1.06746 1.16742 1.2673 1.38766 1.46617 1.5459 1.54588 1.46616 1.38765 1.26729 1.01677 0.997671 0.996873 0.999583 0.999583 0.996873 0.997671 1.01677 1.00244 0.999628 0.999963 1 1 0.999963 0.999628 
1.86349 1.23939 1.03909 1.00385 1.00389 1.03928 1.2403 1.8643 2.54555 1.71409 1.1585 1.02795 1.02789 1.15861 1.71499 2.54734 3.2864 3.63565 3.02147 2.44927 2.46193 3.05264 3.63565 3.2864 2.11061 1.666 1.46729 1.65998 1.65998 1.46729 1.666 2.11061 2.39258 2.7684 3.01563 3.19862 3.19862 3.01559 2.76823 2.3925 1.22047 1.07759 1.00967 1.00288 1.00288 1.00967 1.07759 1.22047 1.05265 1.00167 0.9989 0.99978 0.99978 0.9989 1.00167 
3.31594 1.7004 1.13741 1.01774 1.01755 1.13629 1.69454 3.29984 5.44087 3.33721 1.72331 1.18385 1.18599 1.72958 3.35395 5.47353 7.73105 8.6781 7.51803 6.30865 6.09376 7.29267 8.6781 7.73105 4.85236 3.82491 3.32575 3.64504 3.64504 3.32575 3.82491 4.85236 5.62474 6.43565 6.97876 7.31605 7.32031 6.97922 6.43535 5.62444 2.27295 1.7154 1.25849 1.08586 1.08586 1.25849 1.7154 2.27295 1.47819 1.08073 1.00206 0.999717 0.999717 1.00206 1.08073 
7.49675 3.53775 1.66229 1.14269 1.14199 1.66203 3.5432 7.55777 11.9809 7.73108 3.78221 2.14473 2.14473 3.78221 7.73108 11.9809 15.9237 17.5977 15.8912 14.3157 14.3157 15.8912 17.5977 15.9237 10.8302 10.2286 9.04021 9.29744 9.29744 9.04021 10.2286 10.8302 10.2576 10.9798 11.722 12.6223 13.5145 12.2372 10.9835 10.2561 5.89637 4.50353 2.89726 1.96914 1.94143 2.89726 4.50353 5.89637 4.52045 2.45533 1.302 1.04029 1.04029 1.302 2.45533 
8.30495 3.99876 1.81305 1.1904 1.18888 1.80905 3.98866 8.3373 12.3102 8.6421 4.24872 2.3199 2.3199 4.24872 8.6421 12.3102 13.3253 14.1716 11.6631 9.35522 9.35522 11.6631 14.1716 13.3253 9.55578 8.60118 7.73333 7.07807 7.07807 7.73333 8.60118 9.55578 9.73018 10.5856 11.2923 12.1077 12.5415 11.4943 10.5865 9.73022 4.96133 3.69433 2.12741 1.40543 1.40868 2.12741 3.69433 4.96133 3.31854 1.8628 1.16552 1.01544 1.01544 1.16552 1.8628 
7.20908 3.36783 1.60855 1.12511 1.12408 1.60566 3.36048 7.23075 11.1391 7.79942 3.68374 1.96512 1.96512 3.68374 7.79942 11.1391 10.6813 11.0457 8.29178 5.73137 5.73137 8.29178 11.0457 10.6813 7.75697 7.29919 6.61029 5.41252 5.41252 6.61029 7.29919 7.75697 7.77538 9.11132 10.3406 11.2852 11.6621 10.4936 9.11272 7.77473 3.39974 2.53757 1.56157 1.15205 1.15431 1.56157 2.53757 3.39974 2.14557 1.33401 1.04947 1.00311 1.00311 1.04947 1.33401 
6.00458 2.76997 1.41272 1.06723 1.06678 1.41124 2.7661 6.01523 9.6327 6.62523 2.94482 1.56701 1.56701 2.94482 6.62523 9.6327 8.97883 9.38603 6.70135 4.05929 4.05929 6.70135 9.38603 8.97883 5.5647 5.99462 5.99878 4.08478 4.08478 5.99878 5.99462 5.5647 5.78991 7.79201 9.49564 10.9961 11.2014 9.59211 7.79184 5.79016 2.24101 1.65625 1.1798 1.02935 1.02981 1.1798 1.65625 2.24101 1.4607 1.08692 1.00865 1.00022 1.00022 1.00865 1.08692 
6.01523 2.7661 1.41124 1.06678 1.06678 1.41124 2.7661 6.01523 9.67904 6.68684 2.93273 1.56277 1.56701 2.94482 6.62523 9.6327 8.97883 9.38603 6.70135 4.05929 4.02747 6.68045 9.35693 8.87919 5.55145 5.97294 5.98729 4.08459 4.08478 5.99878 5.99462 5.5647 5.74569 7.79852 9.6004 11.2267 10.9961 9.49564 7.79201 5.78991 2.24108 1.64663 1.17715 1.0289 1.02935 1.1798 1.65625 2.24101 1.4607 1.08692 1.00865 1.00022 1.00023 1.00887 1.08864 
7.23075 3.36048 1.60566 1.12408 1.12408 1.60566 3.36048 7.23075 11.1414 7.82722 3.66159 1.955 1.96512 3.68374 7.79942 11.1391 10.6813 11.0457 8.29178 5.73137 5.67452 8.26977 11.0147 10.5541 7.7155 7.26396 6.59299 5.41237 5.41252 6.61029 7.29919 7.75697 7.68986 9.15192 10.5305 11.7248 11.2852 10.3406 9.11132 7.77538 3.39962 2.51418 1.55204 1.15006 1.15205 1.56157 2.53757 3.39974 2.14557 1.33401 1.04947 1.00311 1.00318 1.05029 1.33949 
8.3373 3.98866 1.80905 1.18888 1.18888 1.80905 3.98866 8.3373 12.3226 8.65438 4.22106 2.30614 2.3199 4.24872 8.6421 12.3102 13.3253 14.1716 11.6631 9.35522 9.28798 11.6436 14.1425 13.2035 9.48746 8.56534 7.72196 7.07776 7.07807 7.73333 8.60118 9.55578 9.63284 10.6372 11.5418 12.6156 12.1077 11.2923 10.5856 9.73018 4.9605 3.6675 2.11676 1.40169 1.40543 2.12741 3.69433 4.96133 3.31854 1.8628 1.16552 1.01544 1.01548 1.16613 1.86734 
7.55777 3.5432 1.66203 1.14199 1.14199 1.66203 3.5432 7.55777 12.3174 7.78788 3.77586 2.139 2.14473 3.78221 7.73108 11.9809 15.9237 17.5977 15.8912 14.3157 14.5683 16.1917 17.5155 15.781 10.9073 10.3613 9.19503 9.30463 9.29744 9.04021 10.2286 10.8302 10.3536 11.2462 12.3488 13.6574 12.6223 11.722 10.9798 10.2576 5.9722 4.55028 2.9273 1.98336 1.96914 2.89726 4.50353 5.89637 4.52045 2.45533 1.302 1.04029 1.04062 1.30534 2.473 
11.3946 5.08242 2.14319 1.22502 1.22547 2.14269 5.07441 11.3477 18.1195 11.0406 5.44567 3.08508 3.1237 5.52591 11.1963 18.2328 24.356 27.1543 28.0962 28.0862 27.9174 27.9514 27.3141 24.5529 20.7274 21.3434 21.7873 21.3746 21.3809 21.7908 21.3434 20.7274 21.207 24.6233 25.735 26.7718 27.0675 26.0302 24.3456 20.974 15.001 12.3483 9.35227 6.78627 6.74475 9.31427 12.3324 15.0276 11.0489 5.25393 2.1394 1.21779 1.21777 2.13932 5.25402 
12.3872 5.38484 2.20427 1.238 1.23876 2.2043 5.37637 12.3187 19.6534 11.6521 5.63982 3.18704 3.2181 5.69468 11.7414 19.6418 26.8645 30.0415 31.1259 31.4826 31.5048 31.1608 29.9055 26.8139 22.9351 22.8971 23.2941 23.922 23.9219 23.2915 22.8971 22.9351 24.9066 28.9985 30.946 31.511 31.4836 30.8956 29.048 24.8777 17.0569 14.3077 10.9918 8.09372 8.05589 10.9658 14.3197 17.1221 12.2318 5.61893 2.2568 1.25206 1.25203 2.25673 5.61887 
12.9523 5.57215 2.2477 1.25042 1.2513 2.24824 5.56552 12.8881 20.7178 12.0477 5.72747 3.19656 3.22619 5.77856 12.1281 20.7156 28.6451 31.8956 33.05 33.4833 33.5024 33.0869 31.7741 28.6067 24.3656 23.222 23.981 25.3052 25.3058 23.9807 23.222 24.3656 27.2342 31.4074 33.3065 33.7547 33.744 33.2764 31.4799 27.2223 18.586 15.6398 12.0073 8.88789 8.84887 11.98 15.6602 18.6712 13.2034 5.99407 2.38711 1.29072 1.29068 2.38702 5.99394 
13.0839 5.58039 2.23514 1.24862 1.24927 2.23596 5.5777 13.0459 21.3744 12.1264 5.60716 3.06534 3.08559 5.63506 12.159 21.3974 29.5919 32.7465 33.8636 34.1854 34.1969 33.8834 32.6771 29.5706 25.2551 23.8444 24.8092 26.3459 26.3462 24.8086 23.8444 25.2551 28.2079 32.216 33.95 34.3736 34.3678 33.9347 32.2512 28.2091 19.6329 16.4639 12.0603 8.94508 8.92001 12.0436 16.4788 19.7116 14.1023 6.39469 2.49821 1.31372 1.31368 2.4981 6.39457 
13.0459 5.5777 2.23596 1.24927 1.24927 2.23596 5.5777 13.0459 21.3974 12.159 5.63506 3.08559 3.08559 5.63506 12.159 21.3974 29.5919 32.7465 33.8897 34.2007 34.1854 33.8636 32.7465 29.5919 25.2539 23.8449 24.8086 26.3462 26.3459 24.8092 23.8444 25.2551 28.2091 32.2512 33.9347 34.3678 34.3678 33.9347 32.216 28.2079 19.6285 16.4495 12.0506 8.94202 8.94508 12.0603 16.4669 19.7055 14.1027 6.39457 2.4981 1.31368 1.31372 2.49821 6.39469 
12.8881 5.56552 2.24824 1.2513 1.2513 2.24824 5.56552 12.8881 20.7156 12.1281 5.77856 3.22619 3.22619 5.77856 12.1281 20.7156 28.6451 31.8956 33.0989 33.5087 33.4833 33.05 31.8956 28.6451 24.3731 23.2201 23.9807 25.3058 25.3052 23.981 23.222 24.3656 27.2223 31.4799 33.2764 33.744 33.744 33.2764 31.4074 27.2342 18.58 15.6215 11.9991 8.88237 8.88789 12.0073 15.6447 18.6624 13.204 5.99394 2.38702 1.29068 1.29072 2.38711 5.99407 
12.3187 5.37637 2.2043 1.23876 1.23876 2.2043 5.37637 12.3187 19.6418 11.7414 5.69468 3.2181 3.2181 5.69468 11.7414 19.6418 26.8645 30.0415 31.1557 31.4993 31.4826 31.1259 30.0415 26.8645 22.9455 22.8958 23.2915 23.9219 23.922 23.2941 22.8971 22.9351 24.8777 29.048 30.8956 31.4836 31.4836 30.8956 28.9985 24.9066 17.0529 14.2881 10.9761 8.08367 8.09372 10.9918 14.3036 17.1129 12.2329 5.61887 2.25673 1.25203 1.25206 2.2568 5.61893 
11.3477 5.07441 2.14269 1.22547 1.22547 2.14269 5.07441 11.3477 18.2328 11.1963 5.52591 3.1237 3.1237 5.52591 11.1963 18.2328 24.356 27.1543 28.0168 27.9963 28.0862 28.0962 27.1543 24.356 20.8927 21.5428 21.7908 21.3809 21.3746 21.7873 21.3434 20.7274 20.974 24.3456 26.0302 27.0675 27.0675 26.0302 24.6233 21.207 15.0622 12.377 9.37703 6.79851 6.78627 9.35227 12.3459 15.0583 11.0482 5.25402 2.13932 1.21777 1.21779 2.1394 5.25393 
11.6899 5.03361 2.16467 1.26274 1.26274 2.16467 5.03361 11.6899 18.9266 11.726 6.00966 3.38939 3.38939 6.00966 11.726 18.9266 27.409 30.0507 31.3466 31.7418 31.7826 31.4039 30.0807 27.4718 29.4657 32.2647 32.9219 32.5464 32.5491 32.9242 32.2975 29.5014 24.6531 29.4533 31.5936 32.2628 32.3536 31.6552 29.4467 24.7345 16.1293 12.9193 9.16437 6.03223 6.02757 9.13766 12.8658 16.0807 11.7242 5.50865 2.20383 1.25543 1.25687 2.20919 5.53083 
12.7991 5.53362 2.35162 1.32816 1.32816 2.35162 5.53362 12.7991 20.2999 12.8232 6.74949 3.82643 3.82643 6.74949 12.8232 20.2999 29.1987 31.7251 33.0682 33.5612 33.5611 33.0772 31.7386 29.2509 30.6449 32.8854 33.5043 33.5015 33.5013 33.504 32.8786 30.6732 26.6108 30.6051 32.6738 33.3393 33.3287 32.6531 30.5838 26.6793 18.9543 15.3666 11.1718 7.51225 7.51205 11.177 15.3746 18.9792 13.1889 5.88866 2.33116 1.30029 1.30185 2.33415 5.89634 
13.4419 5.89139 2.46135 1.352 1.352 2.46135 5.89139 13.4419 20.9638 13.1781 6.84781 3.87714 3.87714 6.84781 13.1781 20.9638 30.1226 32.5421 33.8673 34.3647 34.3731 33.8853 32.5693 30.1852 31.3337 33.1 33.7258 33.9315 33.9315 33.7257 33.0949 31.3619 28.0839 31.6085 33.4859 34.121 34.1124 33.4696 31.6031 28.1518 20.5769 16.6049 11.9355 8.08723 8.08864 11.9388 16.6143 20.604 14.1545 6.21594 2.457 1.34245 1.34408 2.4601 6.2235 
13.3734 5.79309 2.37837 1.30364 1.30364 2.37837 5.79309 13.3734 21.2601 12.8628 6.30939 3.6089 3.6089 6.30939 12.8628 21.2601 30.5713 32.8257 34.1593 34.6013 34.6061 34.17 32.8373 30.6229 31.698 33.1576 33.8244 34.1875 34.1875 33.8242 33.1551 31.7155 28.8372 32.2022 33.9038 34.4568 34.449 33.8909 32.1916 28.8952 21.4284 17.1528 11.7916 8.1849 8.18547 11.7955 17.1577 21.4586 14.9615 6.61612 2.57633 1.35634 1.35722 2.57828 6.62135 
13.42 5.81504 2.38493 1.30539 1.30364 2.37837 5.79309 13.3734 21.2055 12.8834 6.28102 3.59116 3.6089 6.30939 12.8628 21.2601 30.6229 32.8373 34.17 34.6061 34.6061 34.17 32.8373 30.6229 31.7155 33.1551 33.8242 34.1875 34.1875 33.8242 33.1551 31.7155 28.8952 32.1916 33.8909 34.449 34.4485 33.8871 32.1995 28.8942 21.5394 17.1754 11.7554 8.18547 8.14065 11.7202 17.2103 21.4131 14.9615 6.61612 2.57828 1.35722 1.35634 2.57633 6.61612 
13.5236 5.93336 2.47428 1.35532 1.352 2.46135 5.89139 13.4419 20.9143 13.1924 6.78723 3.84549 3.87714 6.84781 13.1781 20.9638 30.1852 32.5693 33.8853 34.3731 34.3731 33.8853 32.5693 30.1852 31.3619 33.0949 33.7257 33.9315 33.9315 33.7257 33.0949 31.3619 28.1518 31.6031 33.4696 34.1124 34.1088 33.4624 31.6135 28.1506 20.7473 16.6452 11.8619 8.08864 8.019 11.7926 16.7117 20.5777 14.1545 6.21594 2.4601 1.34408 1.34245 2.457 6.21594 
12.889 5.57882 2.3653 1.33186 1.32816 2.35162 5.53362 12.7991 20.2499 12.8422 6.68759 3.79397 3.82643 6.74949 12.8232 20.2999 29.2509 31.7386 33.0772 33.5611 33.5611 33.0772 31.7386 29.2509 30.6732 32.8786 33.504 33.5013 33.5013 33.504 32.8786 30.6732 26.6793 30.5838 32.6531 33.3287 33.3244 32.6492 30.5977 26.6804 19.1258 15.407 11.1062 7.51205 7.44712 11.041 15.4718 18.9615 13.1889 5.88866 2.33415 1.30185 1.30029 2.33116 5.88866 
11.7444 5.05923 2.1727 1.26474 1.26274 2.16467 5.03361 11.6899 18.843 11.7172 5.9511 3.36047 3.38939 6.00966 11.726 18.9266 27.4718 30.0807 31.4039 31.7826 31.7826 31.4039 30.0807 27.4718 29.5014 32.2975 32.9242 32.5491 32.5491 32.9242 32.2975 29.5014 24.7345 29.4467 31.6552 32.3536 32.3297 31.6457 29.4253 24.7088 16.072 12.8995 9.03833 6.02757 5.95452 8.95886 12.891 16.0659 11.7242 5.50865 2.20919 1.25687 1.25543 2.20383 5.50865 
7.89427 3.18135 1.51486 1.07867 1.07867 1.51486 3.18135 7.89427 14.5105 7.4841 3.09884 1.6716 1.67159 3.09891 7.4841 14.5105 26.5718 29.4443 31.3458 31.887 31.887 31.3458 29.4443 26.5718 27.9426 31.7302 33.0034 32.8111 32.7804 33.0031 31.6942 27.9664 22.1367 28.2427 31.4447 32.4879 32.5307 31.5154 28.2941 22.1576 8.35415 5.73443 3.45706 2.29602 2.28592 3.44183 5.68708 8.37661 5.13407 2.3684 1.25641 1.03836 1.03864 1.25897 2.38169 
7.04634 2.76429 1.34962 1.04083 1.04083 1.34962 2.76429 7.04634 13.627 6.45512 2.47987 1.33969 1.33971 2.48006 6.45512 13.627 27.044 30.1359 32.5126 33.1878 33.1878 32.5126 30.1359 27.044 27.8807 31.8803 33.2848 33.5335 33.5287 33.2848 31.8672 27.9662 21.6235 28.3606 32.0186 33.3568 33.4056 32.1188 28.4068 21.5904 7.17505 4.94142 2.99443 1.90201 1.92788 3.02551 4.95189 7.26207 4.03554 1.88099 1.1462 1.01615 1.01607 1.14624 1.88276 
6.57916 2.4988 1.26445 1.02663 1.02663 1.26445 2.4988 6.57916 13.3044 6.11268 2.31924 1.26947 1.2695 2.31943 6.11268 13.3044 27.1761 30.4759 33.1972 33.9917 33.9917 33.1972 30.4759 27.1761 27.8435 31.9615 33.4594 33.9276 33.9224 33.4593 31.9504 27.9333 21.2485 28.3975 32.2733 33.6839 33.7422 32.3825 28.4489 21.2127 6.12456 4.19961 2.55129 1.65537 1.67968 2.57924 4.21403 6.2139 3.15984 1.49203 1.06438 1.00606 1.00608 1.06492 1.49589 
6.41421 2.39663 1.22876 1.02106 1.02106 1.22876 2.39663 6.41421 13.2637 6.03282 2.28384 1.25077 1.25079 2.28398 6.03282 13.2637 27.258 30.5977 33.4286 34.2266 34.2266 33.4286 30.5977 27.258 27.8956 32.0456 33.5528 34.1181 34.1148 33.5528 32.0397 27.9448 21.1295 28.4936 32.4775 33.7875 33.8235 32.5338 28.5071 21.1118 5.77969 3.66665 2.10574 1.41839 1.42978 2.12165 3.67945 5.8642 2.87955 1.39113 1.0503 1.0046 1.00458 1.05048 1.39315 
6.40587 2.39491 1.22829 1.02097 1.02106 1.22876 2.39663 6.41421 13.2637 6.03282 2.28398 1.25079 1.25077 2.28384 6.02238 13.3387 27.268 30.5861 33.4257 34.2256 34.2266 33.4286 30.5977 27.258 27.9448 32.0397 33.5528 34.1148 34.1181 33.5528 32.0456 27.8956 21.1039 28.5075 32.4814 33.788 33.7875 32.4775 28.4936 21.1295 5.8642 3.67945 2.12165 1.42978 1.42978 2.12165 3.67945 5.8642 2.87955 1.39113 1.0503 1.0046 1.0046 1.0503 1.39113 
6.56338 2.49452 1.26337 1.02644 1.02663 1.26445 2.4988 6.57916 13.3044 6.11268 2.31943 1.2695 1.26947 2.31924 6.10166 13.3781 27.1877 30.4593 33.1938 33.9907 33.9917 33.1972 30.4759 27.1761 27.9333 31.9504 33.4593 33.9224 33.9276 33.4594 31.9615 27.8435 21.2237 28.409 32.2783 33.6819 33.6839 32.2733 28.3975 21.2485 6.2139 4.21403 2.57924 1.67968 1.67968 2.57924 4.21403 6.2139 3.15984 1.49203 1.06438 1.00606 1.00606 1.06438 1.49203 
7.02647 2.75849 1.34813 1.04056 1.04083 1.34962 2.76429 7.04634 13.627 6.45512 2.48006 1.33971 1.33969 2.47987 6.44326 13.6985 27.0575 30.1187 32.512 33.1923 33.1878 32.5126 30.1359 27.044 27.9662 31.8672 33.2848 33.5287 33.5335 33.2848 31.8803 27.8807 21.5993 28.372 32.0225 33.3552 33.3568 32.0186 28.3606 21.6235 7.26207 4.95189 3.02551 1.92788 1.92788 3.02551 4.95189 7.26207 4.03554 1.88099 1.1462 1.01615 1.01615 1.1462 1.88099 
7.83872 3.16264 1.50998 1.07772 1.07867 1.51486 3.18135 7.89427 14.5105 7.4841 3.09891 1.67159 1.6716 3.09884 7.47243 14.5754 26.5604 29.4106 31.3196 31.8625 31.887 31.3458 29.4443 26.5718 27.9664 31.6942 33.0031 32.7804 32.8111 33.0034 31.7302 27.9426 22.1156 28.2522 31.4501 32.4905 32.4879 31.4447 28.2427 22.1367 8.37661 5.68708 3.44183 2.28592 2.28592 3.44183 5.68708 8.37661 5.13407 2.3684 1.25641 1.03836 1.03836 1.25641 2.3684 
5.95773 2.27619 1.20642 1.01859 1.01859 1.20644 2.27655 5.96576 12.3626 6.1043 2.34688 1.30659 1.3003 2.32455 5.96731 12.1396 23.6552 25.998 27.6124 28.1955 28.1146 27.5363 25.9182 23.5318 24.9348 27.607 28.1141 27.9922 27.8594 27.978 27.5193 24.9179 20.8183 26.9594 29.9728 31.1442 31.0745 29.8937 26.9378 20.7824 9.0178 5.7795 3.35476 2.41863 2.37894 3.38129 5.7795 9.0178 5.48034 2.74329 1.56005 1.12314 1.12314 1.56005 2.74329 
6.20165 2.37343 1.22706 1.02018 1.02018 1.22709 2.37623 6.2254 12.7675 6.25965 2.38185 1.30222 1.29758 2.36552 6.18052 12.6744 25.0486 28.5405 30.41 31.2771 31.2941 30.4364 28.5598 24.9501 24.0613 27.2891 28.4849 28.8498 28.8557 28.5025 27.3349 24.1361 19.8136 26.5048 30.1953 31.8006 31.7097 30.0819 26.4708 19.8187 8.06626 4.65205 2.25386 1.4587 1.4565 2.26768 4.65205 8.06626 4.82056 2.33053 1.30891 1.04312 1.04312 1.30891 2.33053 
6.3762 2.43403 1.23865 1.02143 1.02143 1.23868 2.43672 6.40054 13.07 6.39475 2.42144 1.31176 1.30703 2.40493 6.31391 12.9635 25.5485 29.7067 32.03 33.0626 33.0789 32.0602 29.7363 25.4207 23.3678 26.5577 28.0625 29.2067 29.2101 28.0839 26.6007 23.4402 19.0036 26.0826 30.3687 32.2897 32.1951 30.238 26.0363 19.0047 7.1584 3.86801 1.73851 1.14073 1.14122 1.75183 3.86801 7.1584 4.10141 1.9442 1.18112 1.02012 1.02012 1.18112 1.9442 
6.43051 2.43072 1.23106 1.02039 1.02039 1.23108 2.43153 6.446 13.1352 6.32707 2.38845 1.29332 1.29011 2.37798 6.28032 13.0453 25.7563 30.0437 32.6215 33.6322 33.6421 32.6413 30.0771 25.6645 23.1025 25.9519 27.6979 29.3635 29.3652 27.7091 25.9735 23.1417 18.8062 26.0855 30.5992 32.549 32.5071 30.5237 26.0666 18.7596 6.58311 3.43602 1.5632 1.07606 1.07695 1.56918 3.43602 6.58311 3.58411 1.67892 1.10874 1.0099 1.0099 1.10874 1.67892 
6.446 2.43153 1.23108 1.02039 1.02039 1.23108 2.43153 6.446 13.0453 6.28032 2.37798 1.29011 1.29011 2.37798 6.28032 13.0453 25.6645 30.0771 32.6413 33.6421 33.6421 32.6413 30.0771 25.6645 23.1417 25.9735 27.7091 29.3652 29.3635 27.6979 25.9519 23.1025 18.7596 26.0666 30.5237 32.5071 32.5071 30.5237 26.0666 18.7596 6.65781 3.44421 1.56918 1.07695 1.07606 1.5632 3.43602 6.58311 3.58411 1.67892 1.10874 1.0099 1.00976 1.1078 1.67485 
6.40054 2.43672 1.23868 1.02143 1.02143 1.23868 2.43672 6.40054 12.9635 6.31391 2.40493 1.30703 1.30703 2.40493 6.31391 12.9635 25.4207 29.7363 32.0602 33.0789 33.0789 32.0602 29.7363 25.4207 23.4402 26.6007 28.0839 29.2101 29.2067 28.0625 26.5577 23.3678 19.0047 26.0363 30.238 32.1951 32.1951 30.238 26.0363 19.0047 7.25333 3.8844 1.75183 1.14122 1.14073 1.73851 3.86801 7.1584 4.10141 1.9442 1.18112 1.02012 1.0198 1.17934 1.93689 
6.2254 2.37623 1.22709 1.02018 1.02018 1.22709 2.37623 6.2254 12.6744 6.18052 2.36552 1.29758 1.29758 2.36552 6.18052 12.6744 24.9501 28.5598 30.4364 31.2941 31.2941 30.4364 28.5598 24.9501 24.1361 27.3349 28.5025 28.8557 28.8498 28.4849 27.2891 24.0613 19.8187 26.4708 30.0819 31.7097 31.7097 30.0819 26.4708 19.8187 8.16821 4.66788 2.26768 1.4565 1.4587 2.25386 4.65205 8.06626 4.82056 2.33053 1.30891 1.04312 1.04299 1.30769 2.32363 
5.96576 2.27655 1.20644 1.01859 1.01859 1.20644 2.27655 5.96576 12.1396 5.96731 2.32455 1.3003 1.3003 2.32455 5.96731 12.1396 23.5318 25.9182 27.5363 28.1146 28.1146 27.5363 25.9182 23.5318 24.9179 27.5193 27.978 27.8594 27.9922 28.1141 27.607 24.9348 20.7824 26.9378 29.8937 31.0745 31.0745 29.8937 26.9378 20.7824 9.1281 5.8048 3.38129 2.37894 2.41863 3.35476 5.7795 9.0178 5.48034 2.74329 1.56005 1.12314 1.12683 1.57095 2.75474 
3.11665 1.40753 1.04723 1.00273 1.00273 1.04723 1.40753 3.11665 6.9718 3.02387 1.37611 1.04959 1.04959 1.37611 3.02387 6.9718 14.7544 13.2862 13.1656 13.1441 13.1441 13.1656 13.2862 14.7544 19.4566 17.5585 15.595 14.7919 14.7919 15.595 17.5585 19.4566 20.0671 25.1777 27.5991 28.4293 28.3704 27.5262 25.1777 20.0671 11.4159 9.40123 8.50335 8.30607 8.35679 8.51647 9.40115 11.4164 7.25867 5.05269 3.28689 2.01186 2.02709 3.30778 5.05582 
2.36444 1.21879 1.0183 1.00047 1.00047 1.0183 1.21879 2.36444 5.58491 2.28713 1.19062 1.01607 1.01607 1.19062 2.28713 5.58491 13.2241 8.58675 6.55821 5.99636 5.99636 6.55821 8.58675 13.2241 21.0216 17.9664 14.0428 11.9333 11.9333 14.0428 17.9664 21.0216 21.5126 26.483 28.8734 29.9277 29.939 28.89 26.483 21.5126 13.5682 12.6328 12.3999 12.9513 13.0316 12.4034 12.6328 13.5678 9.13653 6.55716 4.17886 2.53401 2.55809 4.20928 6.56148 
2.02961 1.14478 1.01044 1.0001 1.0001 1.01044 1.14478 2.02961 4.85277 2.0228 1.14272 1.01037 1.01037 1.14272 2.0228 4.85277 12.6384 6.41452 3.4417 2.58266 2.58266 3.4417 6.41452 12.6384 22.3118 18.3087 13.2464 10.307 10.307 13.2464 18.3087 22.3118 23.055 27.8644 30.3101 31.392 31.4022 30.3242 27.8644 23.055 15.6263 14.3116 13.6902 13.8242 13.9082 13.6965 14.3116 15.626 10.6955 7.67899 4.82465 2.80806 2.83433 4.86158 7.6844 
1.91523 1.1212 1.00821 1.00003 1.00003 1.00821 1.1212 1.91523 4.55533 1.91947 1.12582 1.01058 1.01058 1.12582 1.91947 4.55533 12.4474 5.73663 2.55677 1.63982 1.63982 2.55677 5.73663 12.4474 23.163 18.9955 13.4414 9.01523 9.01523 13.4414 18.9955 23.163 24.6919 29.0919 31.4862 32.5266 32.5329 31.4942 29.0919 24.6919 17.6138 15.2035 13.7522 12.6133 12.6589 13.7643 15.2026 17.6148 12.0416 7.86273 4.3056 2.46862 2.48171 4.32897 7.87381 
1.9186 1.12154 1.00824 1.00003 1.00003 1.00821 1.1212 1.91523 4.51132 1.92097 1.1254 1.01044 1.01058 1.12582 1.91947 4.55533 12.4704 5.75145 2.5619 1.64151 1.63982 2.55677 5.73663 12.4474 23.1865 18.9887 13.4124 8.99665 9.01523 13.4414 18.9955 23.163 24.6919 29.0911 31.4942 32.5329 32.5266 31.4862 29.0919 24.6919 17.606 15.2302 13.7534 12.6144 12.5228 13.7274 15.2142 17.606 11.9876 7.87381 4.32897 2.46862 2.46862 4.3056 7.86273 
2.0358 1.14551 1.0105 1.00011 1.0001 1.01044 1.14478 2.02961 4.79793 2.02494 1.1418 1.0101 1.01037 1.14272 2.0228 4.85277 12.6785 6.43868 3.4505 2.58539 2.58266 3.4417 6.41452 12.6384 22.3495 18.2901 13.199 10.2831 10.307 13.2464 18.3087 22.3118 23.051 27.8662 30.3242 31.4022 31.392 30.3101 27.8644 23.055 15.6338 14.3465 13.6943 13.8226 13.6583 13.6787 14.3265 15.6338 10.6275 7.6844 4.86158 2.80806 2.80806 4.82465 7.67899 
2.36886 1.21923 1.01834 1.00047 1.00047 1.0183 1.21879 2.36444 5.52886 2.28972 1.19006 1.01585 1.01607 1.19062 2.28713 5.58491 13.2612 8.61019 6.57184 6.00584 5.99636 6.55821 8.58675 13.2241 21.0481 17.9432 14.0038 11.915 11.9333 14.0428 17.9664 21.0216 21.5077 26.4881 28.89 29.939 29.9277 28.8734 26.483 21.5126 13.565 12.6626 12.4068 12.9558 12.7928 12.3951 12.6477 13.565 9.07584 6.56148 4.20928 2.53401 2.53401 4.17886 6.55716 
3.10342 1.40455 1.04684 1.00271 1.00273 1.04723 1.40753 3.11665 6.92285 3.02666 1.37476 1.0493 1.04959 1.37611 3.02387 6.9718 14.7134 13.2123 13.0762 13.0504 13.1441 13.1656 13.2862 14.7544 19.3697 17.3879 15.4133 14.6396 14.7919 15.595 17.5585 19.4566 20.0007 25.1011 27.5262 28.3704 28.4293 27.5991 25.1777 20.0671 11.3533 9.4019 8.49856 8.30237 8.20923 8.48136 9.41014 11.3533 7.21532 5.05582 3.30778 2.01186 2.01186 3.28689 5.05269 
1.26286 1.03008 1.00196 0.999991 0.999997 1.00197 1.03007 1.25707 2.40919 1.37168 1.05261 1.00512 1.00513 1.05238 1.3715 2.43012 6.99117 6.44634 5.83705 5.59275 5.59275 5.83705 6.56573 7.15796 9.39695 6.77009 5.43969 5.18551 5.14637 5.40333 6.7256 9.33434 12.4231 16.3562 17.7451 18.082 18.082 17.7451 16.3562 12.4231 4.51782 3.7303 3.05711 2.3229 2.33111 3.0832 3.78755 4.51782 2.83367 1.96679 1.36682 1.09432 1.09432 1.36682 1.96679 
1.04889 1.00478 1.00016 0.9998 0.9998 1.00017 1.00478 1.04827 1.38547 1.08054 1.00835 1.0004 1.00044 1.00858 1.08056 1.39121 2.89543 2.54374 2.33797 2.24528 2.24528 2.33797 2.53679 2.90653 5.21516 3.78238 2.70816 2.39291 2.39244 2.70769 3.78154 5.20378 7.4825 10.012 10.2678 9.65958 9.65958 10.2678 10.012 7.4825 2.4598 2.11385 1.70315 1.32364 1.31795 1.6995 2.11892 2.4598 1.90788 1.45753 1.13319 1.02419 1.02419 1.13319 1.45753 
1.00508 1.00029 0.999936 0.999977 0.999977 0.999937 1.00029 1.005 1.05454 1.00845 1.00043 0.999882 0.999882 1.00045 1.00844 1.05571 1.43637 1.27736 1.22912 1.20419 1.20419 1.22912 1.2758 1.43867 2.63706 2.03872 1.46239 1.2957 1.29579 1.46283 2.03758 2.63039 4.09277 5.58752 5.10831 4.42328 4.42328 5.10831 5.58752 4.09277 1.41436 1.28252 1.13531 1.03947 1.0385 1.13326 1.28165 1.41436 1.28234 1.11055 1.02252 1.00271 1.00271 1.02252 1.11055 
1.00023 0.999923 0.99998 0.999998 0.999998 0.99998 0.999923 1.00021 1.00592 1.00034 0.999849 0.999977 0.999977 0.99985 1.00034 1.00614 1.09315 1.03504 1.02534 1.021 1.021 1.02534 1.03466 1.09382 1.63941 1.34659 1.10594 1.0523 1.05231 1.10597 1.34643 1.6379 2.39537 3.22477 2.76755 2.37074 2.37074 2.76755 3.22477 2.39537 1.08469 1.06006 1.0208 1.0032 1.00308 1.02027 1.05936 1.08469 1.06504 1.01881 1.00249 1.00001 1.00001 1.00249 1.01881 
1.00021 0.999923 0.99998 0.999998 0.999998 0.99998 0.999923 1.00021 1.00592 1.00034 0.99985 0.999977 0.999977 0.999849 1.00034 1.00592 1.09315 1.03504 1.02593 1.02142 1.021 1.02534 1.03504 1.09315 1.6379 1.34643 1.10597 1.05231 1.0523 1.10594 1.34659 1.63941 2.39638 3.22547 2.76764 2.37058 2.37074 2.76755 3.22477 2.39537 1.0878 1.05936 1.02027 1.00308 1.0032 1.0208 1.06006 1.08469 1.06504 1.01881 1.00249 1.00001 1.00001 1.00249 1.01881 
1.005 1.00029 0.999937 0.999977 0.999977 0.999937 1.00029 1.005 1.05454 1.00845 1.00045 0.999882 0.999882 1.00043 1.00845 1.05454 1.43637 1.27736 1.23199 1.20634 1.20419 1.22912 1.27736 1.43637 2.63039 2.03758 1.46283 1.29579 1.2957 1.46239 2.03872 2.63706 4.09563 5.59156 5.10834 4.42316 4.42328 5.10831 5.58752 4.09277 1.42463 1.28165 1.13326 1.0385 1.03947 1.13531 1.28252 1.41436 1.28234 1.11055 1.02252 1.00271 1.00271 1.02252 1.11054 
1.04827 1.00478 1.00017 0.9998 0.9998 1.00017 1.00478 1.04827 1.38547 1.08054 1.00858 1.00044 1.0004 1.00835 1.08054 1.38547 2.89543 2.54374 2.34849 2.25344 2.24528 2.33797 2.54374 2.89543 5.20378 3.78154 2.70769 2.39244 2.39291 2.70816 3.78238 5.21516 7.49328 10.0343 10.2665 9.65867 9.65958 10.2678 10.012 7.4825 2.48326 2.11892 1.6995 1.31795 1.32364 1.70315 2.11385 2.4598 1.90788 1.45753 1.13319 1.02419 1.02419 1.13319 1.45751 
1.25707 1.03007 1.00197 0.999997 0.999997 1.00197 1.03007 1.25707 2.40919 1.37168 1.05238 1.00513 1.00512 1.05261 1.37168 2.40919 6.99117 6.44634 5.73525 5.50066 5.59275 5.83705 6.44634 6.99117 9.33434 6.7256 5.40333 5.14637 5.18551 5.43969 6.77009 9.39695 12.3755 16.2983 17.7454 18.0808 18.082 17.7451 16.3562 12.4231 4.56706 3.78755 3.0832 2.33111 2.3229 3.05711 3.7303 4.51782 2.83367 1.96679 1.36682 1.09432 1.0943 1.3668 1.9666 
1.04141 1.00492 1.0005 1.00007 1.00007 1.0005 1.00492 1.04141 1.37597 1.08933 1.01226 1.00147 1.00147 1.01226 1.08933 1.37597 2.62023 2.42544 2.23515 2.20447 2.20447 2.23515 2.42544 2.62023 4.58715 2.95694 2.35479 2.13377 2.13377 2.35479 2.95694 4.58715 6.78962 8.94838 9.55407 9.37231 9.43308 9.66473 9.06599 6.87268 2.56018 2.0526 1.80957 1.47117 1.47117 1.80957 2.0526 2.56018 1.68235 1.24201 1.05417 1.01257 1.01257 1.05417 1.24201 
1.00405 1.00045 0.999985 0.999987 0.999987 0.999985 1.00045 1.00405 1.05074 1.01015 1.0011 0.999947 0.999948 1.0011 1.01015 1.05074 1.41053 1.35775 1.30702 1.28059 1.28059 1.30702 1.35775 1.41053 2.43083 1.75355 1.39441 1.26273 1.26273 1.39441 1.75355 2.43083 2.75259 3.42774 3.62288 3.51303 3.52863 3.65411 3.46226 2.7773 1.51237 1.29456 1.18324 1.07479 1.07479 1.18324 1.29456 1.51237 1.23264 1.06293 1.01231 1.00135 1.00135 1.01231 1.06293 
1.00017 0.999978 0.999993 1 1 0.999993 0.999978 1.00017 1.00475 1.00068 0.999907 0.999939 0.999939 0.999909 1.00068 1.00475 1.07634 1.06377 1.05272 1.04507 1.04507 1.05272 1.06377 1.07634 1.38899 1.16311 1.07127 1.03858 1.03858 1.07127 1.16311 1.38899 1.40128 1.57064 1.60317 1.53773 1.54194 1.61273 1.58154 1.40876 1.11898 1.06085 1.02719 1.00746 1.00746 1.02719 1.06085 1.11898 1.04878 1.00915 1.00121 0.999929 0.999929 1.00121 1.00915 
1.00003 0.99999 1 1 1 1 0.99999 1.00003 1.0001 0.99978 0.999959 0.999994 0.999994 0.999958 0.99978 1.0001 1.00954 1.00748 1.00615 1.00491 1.00491 1.00615 1.00748 1.00954 1.07568 1.02284 1.00781 1.0034 1.0034 1.00781 1.02284 1.07568 1.05867 1.09078 1.09376 1.0754 1.07631 1.09621 1.09337 1.06032 1.01734 1.00791 1.00227 1.00028 1.00028 1.00227 1.00791 1.01734 1.00641 1.00086 0.999924 0.999936 0.999936 0.999924 1.00086 
0 0 0 0 1 1 0.99999 1.00003 1.0001 0.99978 0.999958 0.999994 0.999994 0.999959 0.999779 1.00012 1.00954 1.00748 1.00615 1.00491 1.00484 1.00606 1.00736 1.00945 1.07443 1.02248 1.00768 1.00335 1.0034 1.00781 1.02284 1.07568 1.06032 1.09337 1.09621 1.07631 1.0754 1.09376 1.09078 1.05867 1.01734 1.00791 1.00227 1.00028 1.00028 1.00227 1.00791 1.01734 1.00641 1.00086 0.999924 0.999936 0 0 0 
0 0 0 0 1 0.999993 0.999978 1.00017 1.00475 1.00068 0.999909 0.999939 0.999939 0.999907 1.00067 1.00489 1.07634 1.06377 1.05272 1.04507 1.04462 1.0521 1.06299 1.07569 1.38304 1.16092 1.07039 1.03814 1.03858 1.07127 1.16311 1.38899 1.40876 1.58154 1.61273 1.54194 1.53773 1.60317 1.57064 1.40128 1.11896 1.06085 1.02719 1.00746 1.00746 1.02719 1.06085 1.11898 1.04878 1.00915 1.00121 0.999929 0 0 0 
0 0 0 0 0.999987 0.999985 1.00045 1.00405 1.05074 1.01015 1.0011 0.999948 0.999947 1.0011 1.01011 1.05162 1.41053 1.35775 1.30702 1.28059 1.27869 1.30462 1.35463 1.40838 2.41362 1.74711 1.39125 1.26087 1.26273 1.39441 1.75355 2.43083 2.7773 3.46226 3.65411 3.52863 3.51303 3.62288 3.42774 2.75259 1.51232 1.29456 1.18323 1.07479 1.07479 1.18324 1.29456 1.51237 1.23264 1.06293 1.01231 1.00135 0 0 0 
