0 0 0 0 1.00002 1.00001 1.00004 1.00346 1.12398 1.00682 1.00015 1.00001 1.00001 1.00014 1.00663 1.12046 1.07705 1.06631 1.00222 0.996145 0.99613 1.00214 1.06563 1.07746 1.02983 1.02919 1.02872 1.02805 1.02696 1.02759 1.02808 1.02861 1.00478 1.04103 1.25918 1.35414 1.35558 1.26179 1.04258 1.00489 1.00014 1.00015 1.00003 1.00002 1.00002 1.00003 1.00017 1.00015 1.00005 1.00002 1.00002 1.00002 0 0 0 
0 0 0 0 0.999997 0.999997 0.999989 1.00007 1.00243 1.00003 0.999985 0.999997 0.999997 0.999985 1.00002 1.00226 1.00115 1.00087 0.999871 0.999783 0.999783 0.999863 1.00087 1.00117 1.00144 1.00141 1.00152 1.00144 1.00137 1.00144 1.00134 1.00137 1.00018 1.00141 1.00967 1.01298 1.01355 1.01012 1.00149 1.00019 0.999998 0.999974 1 0.999997 0.999997 1 0.999974 0.999998 1.00002 0.999995 0.999997 0.999997 0 0 0 
0 0 0 0 1 1 0.999997 1.00001 1.00002 0.999968 1 1 1 1 0.999968 1.00002 1.00002 0.999966 1 0.999999 0.999998 1 0.999966 1.00002 1.00005 1 1.00003 1.00003 1.00002 1.00003 1 1.00004 0.999994 0.999994 1.00019 1.00023 1.00025 1.0002 0.999998 0.999993 1.00001 0.999978 1 1 1 1 0.999978 1.00001 1.00002 0.999997 1 1 0 0 0 
0 0 0 0 1 1 0.999997 1.00002 1 0.999979 1 1 1 1 0.999979 1.00001 1.00002 0.999976 1 1 1 1 0.999976 1.00002 1.00001 0.999969 0.999993 0.999992 0.999992 0.999994 0.99997 1.00001 1.00002 0.999971 0.999983 0.999983 0.999983 0.999983 0.99997 1.00002 1.00001 0.999979 1 1 1 1 0.999979 1.00001 1.00002 0.999997 1 1 0 0 0 
1.00002 0.999997 1 1 1 1 0.999997 1.00002 1.00001 0.999979 1 1 1 1 0.999979 1.00001 1.00002 0.999976 1 1 1 1 0.999976 1.00002 1.00001 0.999969 0.999993 0.999992 0.999992 0.999993 0.999969 1.00001 1.00002 0.99997 0.999983 0.999983 0.999983 0.999983 0.99997 1.00002 1.00001 0.999979 1 1 1 1 0.999979 1.00001 1.00002 0.999997 1 1 1 1 0.999997 
1.00001 0.999997 1 1 1 1 0.999997 1.00001 1.00002 0.999968 1 1 1 1 0.999968 1.00002 1.00002 0.999966 1 0.999999 0.999999 1 0.999966 1.00002 1.00005 1 1.00003 1.00003 1.00003 1.00003 1 1.00005 0.999993 0.999998 1.0002 1.00025 1.00025 1.0002 0.999998 0.999993 1.00001 0.999978 1 1 1 1 0.999978 1.00001 1.00002 0.999997 1 1 1 1 0.999997 
1.00007 0.999989 0.999997 0.999997 0.999997 0.999997 0.999989 1.00007 1.00226 1.00002 0.999985 0.999997 0.999997 0.999985 1.00002 1.00226 1.00115 1.00087 0.999871 0.999783 0.999783 0.999871 1.00087 1.00115 1.00144 1.00141 1.00152 1.00144 1.00144 1.00152 1.00141 1.00144 1.00019 1.00149 1.01012 1.01355 1.01355 1.01012 1.00149 1.00019 0.999998 0.999974 1 0.999997 0.999997 1 0.999974 0.999998 1.00002 0.999995 0.999997 0.999997 0.999997 0.999997 0.999995 
1.00346 1.00004 1.00001 1.00002 1.00002 1.00001 1.00004 1.00346 1.12046 1.00663 1.00014 1.00001 1.00001 1.00014 1.00663 1.12046 1.07705 1.06631 1.00222 0.996145 0.996145 1.00222 1.06631 1.07705 1.02983 1.02919 1.02872 1.02805 1.02805 1.02872 1.02919 1.02983 1.00489 1.04258 1.26179 1.35558 1.35558 1.26179 1.04258 1.00489 1.00015 1.00017 1.00003 1.00002 1.00002 1.00003 1.00017 1.00015 1.00005 1.00002 1.00002 1.00002 1.00002 1.00002 1.00002 
1.14086 1.00358 1.00003 0.999996 0.999996 1.00003 1.00402 1.15616 3.36377 1.26242 1.00737 1.00009 1.00009 1.00737 1.23507 3.14766 3.08298 2.92674 1.29825 1.06508 1.06508 1.29825 2.92674 3.08298 1.04856 1.04645 1.03528 1.04881 1.04345 1.02771 1.03731 1.0361 1.03803 1.48633 4.53883 5.85541 5.96077 4.62016 1.5084 1.04036 1.00706 1.00865 1.00006 1.00001 1.00001 1.00004 1.00865 1.00706 0.999825 0.999981 1.00001 1.00001 1.00001 1.00001 0.999981 
1.00373 1.00005 0.999969 0.999979 0.999979 0.999969 1.00005 1.00383 1.12608 1.00654 1.00007 0.999963 0.999963 1.00007 1.00699 1.13021 1.09335 1.08323 1.01184 1.00457 1.00457 1.01184 1.08323 1.09335 1.03362 1.0331 1.02669 1.02902 1.03062 1.02873 1.03386 1.03427 1.00292 1.01135 1.19865 1.34126 1.34391 1.20087 1.01178 1.00296 0.999883 0.999668 0.999978 0.999979 0.999979 0.999978 0.999668 0.999883 0.999989 0.999977 0.999979 0.999979 0.999979 0.999979 0.999977 
1.00004 0.999986 1 1 1 1 0.999986 1.00004 1.00214 1.00001 0.999988 1 1 0.999988 1.00003 1.00247 1.00143 1.00116 1.00032 1.00019 1.00019 1.00032 1.00116 1.00143 1.00176 1.00171 1.00145 1.00143 1.00157 1.0016 1.00179 1.00184 1.00008 0.999985 1.00285 1.00761 1.0076 1.00287 0.999988 1.00008 1.00001 0.999987 1 1 1 1 0.999987 1.00001 1.00002 1 1 1 1 1 1 
1.00002 0.999997 1 1 1 1 0.999997 1.00002 1 0.99997 1 1 1 1 0.999969 1.00002 1.00002 0.999972 1 1 1 1 0.999972 1.00002 1.00005 1.00001 1.00002 1.00002 1.00002 1.00003 1.00001 1.00005 1 0.999973 0.999974 1.00001 1.00001 0.999974 0.999973 1 1.00001 0.999981 1 1 1 1 0.999981 1.00001 1.00002 0.999997 1 1 1 1 0.999997 
1.00002 0.999997 1 1 1 1 0.999997 1.00002 1 0.99997 1 1 1 1 0.99997 1 1.00002 0.999972 1 1 1 1 0.999972 1.00002 1.00005 1.00001 1.00003 1.00002 1.00002 1.00003 1.00001 1.00005 1 0.999973 0.999974 1.00001 1.00001 0.999974 0.999973 1 1.00001 0.999981 1 1 1 1 0.999981 1.00001 1.00002 0.999997 1 1 1 1 0.999997 
1.00004 0.999986 1 1 1 1 0.999986 1.00004 1.00214 1.00001 0.999988 1 1 0.999988 1.00001 1.00214 1.00143 1.00116 1.00032 1.00019 1.00019 1.00031 1.00115 1.00145 1.00184 1.00179 1.0016 1.00157 1.00157 1.0016 1.00179 1.00184 1.00008 0.999988 1.00287 1.0076 1.00761 1.00285 0.999985 1.00008 1.00001 0.999985 1 1 1 1 0.999987 1.00001 1.00002 1 1 1 1 1 1 
1.00383 1.00005 0.999969 0.999979 0.999979 0.999969 1.00005 1.00383 1.12608 1.00654 1.00004 0.999962 0.999963 1.00007 1.00654 1.12608 1.09335 1.08323 1.01184 1.00457 1.0046 1.01221 1.08765 1.0984 1.03427 1.03386 1.02873 1.03062 1.03062 1.02873 1.03386 1.03427 1.00296 1.01178 1.20087 1.34391 1.34126 1.19865 1.01135 1.00292 0.999795 0.999515 0.999972 0.999979 0.999977 0.999977 0.999668 0.999901 0.999989 0.999977 0.999979 0.999979 0.999979 0.999979 0.999977 
1.15616 1.00402 1.00003 0.999996 0.999996 1.00003 1.00402 1.15616 3.36377 1.26242 1.00863 1.0001 1.00009 1.00737 1.26242 3.36377 3.08298 2.92674 1.29825 1.06508 1.08362 1.36548 3.16852 3.35434 1.0361 1.03731 1.02771 1.04345 1.04345 1.02771 1.03731 1.0361 1.04036 1.5084 4.62016 5.96077 5.85541 4.53883 1.48633 1.03803 0.998701 0.99778 1.00004 1.00001 1.00002 1.00081 1.00865 1.01298 0.999825 0.999981 1.00001 1.00001 1.00001 1.00001 0.999982 
6.21276 1.3838 1.00923 1.00005 1.00005 1.00923 1.3838 6.21276 23.8774 6.75874 1.47552 1.01455 1.01455 1.47552 6.75874 23.8774 26.3018 24.5826 9.59717 4.8283 4.99374 9.73874 24.5826 26.3018 2.57107 2.75738 2.61601 2.76912 2.97055 2.82747 2.75928 2.57306 1.79622 7.20661 22.2267 26.8503 27.0362 22.3992 7.20661 1.79622 1.86118 1.94915 1.15674 1.00507 1.00295 1.09824 1.95058 1.86324 1.22454 1.00709 1.0001 1.00001 1.00001 1.0001 1.00709 
6.66721 1.4188 1.01011 1.00001 1.00001 1.01011 1.4188 6.66721 26.3778 7.25589 1.51151 1.01576 1.01576 1.51151 7.25589 26.3778 29.6699 27.1465 7.77347 1.75259 1.75261 7.73583 27.1465 29.6699 1.10724 1.09571 1.06486 1.05969 1.05963 1.06417 1.09516 1.10685 1.83962 8.63466 26.8209 32.4892 32.5623 26.905 8.63466 1.83962 1.08078 1.09066 1.00545 1.00006 1.00003 1.00403 1.08231 1.07905 1.00835 1.00014 0.999961 0.999977 0.999977 0.999961 1.00014 
5.6742 1.33881 1.00794 1.00002 1.00002 1.00794 1.33881 5.6742 21.8407 6.12561 1.41145 1.01261 1.01261 1.41145 6.12561 21.8407 24.5965 22.6752 6.46172 1.46186 1.45901 6.43161 22.6752 24.5965 1.01593 0.98202 0.985517 0.986797 0.986791 0.985522 0.982007 1.01592 1.69176 7.24989 22.2368 26.5516 26.5266 22.2418 7.24989 1.69176 1.01367 1.00337 1.0001 0.999985 0.999988 1.00005 1.00301 1.0164 1.00026 0.999989 1 1 1 1 0.999989 
1.61599 1.01948 1.00015 0.999982 0.999982 1.00015 1.01948 1.61599 7.35485 1.77011 1.02948 1.00033 1.00033 1.02948 1.77011 7.35485 7.77665 7.16004 1.75213 1.02233 1.02215 1.7487 7.16004 7.77665 1.07033 1.07092 1.07113 1.06787 1.06787 1.07113 1.07092 1.07032 1.04874 1.885 7.11396 8.30806 8.37057 7.16016 1.885 1.04874 1.0006 1.00002 0.999988 1 1 0.999992 1.00001 1.00065 1.00002 0.999996 1 1 1 1 0.999996 
1.61495 1.01934 1.00015 0.999981 0.999982 1.00015 1.01948 1.61599 7.35485 1.77011 1.02948 1.00033 1.00037 1.03078 1.78662 7.44869 7.82593 7.18642 1.7487 1.02215 1.02215 1.7487 7.16004 7.77665 1.07032 1.07092 1.07113 1.06787 1.06787 1.07113 1.07092 1.07033 1.05304 1.89413 7.16016 8.37057 8.30806 7.11396 1.885 1.04874 1.0006 1.00002 0.999992 1 1 0.999988 1.00002 1.0006 1.00002 0.999996 1 1 1 1 0.999996 
5.66708 1.33712 1.00787 1.00002 1.00002 1.00794 1.33881 5.6742 21.8407 6.12561 1.41145 1.01261 1.01321 1.41409 6.14294 21.8191 24.7385 22.7151 6.43161 1.45901 1.45901 6.43161 22.6752 24.5965 1.01592 0.982007 0.985522 0.986791 0.986797 0.985517 0.98202 1.01593 1.68851 7.24511 22.2418 26.5266 26.5516 22.2368 7.24989 1.69176 1.01367 1.00331 1.00005 0.999988 0.999985 1.0001 1.00337 1.01367 1.00026 0.999989 1 1 1 1 0.999988 
6.66018 1.41661 1.01001 1.00001 1.00001 1.01011 1.4188 6.66721 26.3778 7.25589 1.51151 1.01576 1.0165 1.51508 7.28647 26.4455 29.8907 27.2239 7.73583 1.75261 1.75261 7.73583 27.1465 29.6699 1.10685 1.09516 1.06417 1.05963 1.05969 1.06486 1.09571 1.10724 1.83969 8.64297 26.905 32.5623 32.4892 26.8209 8.63466 1.83962 1.08088 1.0903 1.00403 1.00003 1.00006 1.00545 1.09066 1.08078 1.00838 1.00014 0.999961 0.999977 0.999977 0.999961 1.00014 
6.22351 1.38247 1.00915 1.00005 1.00005 1.00923 1.3838 6.21276 23.8774 6.75874 1.47552 1.01455 1.01522 1.47926 6.82067 24.1851 26.8519 25.0262 9.73874 4.99374 4.99374 9.73874 24.5826 26.3018 2.57306 2.75928 2.82747 2.97055 2.76912 2.61601 2.75738 2.57107 1.79944 7.21706 22.3992 27.0362 26.8503 22.2267 7.20661 1.79622 2.02565 2.10257 1.09824 1.00295 1.00507 1.15674 1.94915 1.86118 1.2239 1.00709 1.0001 1.00001 1.00001 1.0001 1.0071 
6.68977 1.44303 1.01391 1.00015 1.00016 1.01452 1.4501 6.6834 27.2318 7.40556 1.51249 1.01614 1.01668 1.51888 7.39258 27.2498 33.9442 34.2387 32.2484 31.716 32.0911 32.5755 34.2387 33.9419 29.3908 29.1539 29.7562 29.8486 30.0724 29.9868 29.1539 29.3908 31.4227 32.4483 33.7673 34.3362 34.4422 33.947 32.4488 31.4086 26.5668 24.9771 7.24204 1.51666 1.51772 7.28566 25.293 26.9999 7.56076 1.47869 1.01303 1.0001 1.00009 1.0127 1.47465 
6.74724 1.44861 1.01418 1.00011 1.00013 1.01483 1.45609 6.74001 27.5735 7.48126 1.51849 1.01638 1.01696 1.52543 7.46144 27.6055 34.6128 34.8984 34.8007 34.7716 34.7683 34.7998 34.8996 34.6413 34.2673 34.2027 34.2103 34.251 34.2424 34.2008 34.2027 34.2673 34.2387 34.7204 34.9136 34.9547 34.952 34.908 34.718 34.2044 28.8513 27.3492 7.7625 1.56221 1.56152 7.76617 27.3589 28.9826 8.06795 1.51994 1.01414 1.00007 1.00006 1.01381 1.51657 
6.75045 1.4488 1.0142 1.00013 1.00015 1.01485 1.45628 6.74329 27.6041 7.48563 1.5188 1.01641 1.01698 1.52575 7.46587 27.6365 34.6859 34.9684 34.9886 34.9885 34.9893 34.9894 34.9679 34.7141 34.906 34.9105 34.9189 34.9259 34.9259 34.9189 34.9105 34.906 34.5623 34.9565 34.9945 34.9978 34.9977 34.9944 34.9567 34.5282 29.1574 27.6338 7.81743 1.56611 1.56545 7.82124 27.6479 29.2927 8.14008 1.52455 1.01428 1.00009 1.00008 1.01394 1.52114 
6.74666 1.44635 1.01389 1.00012 1.00014 1.01448 1.45326 6.74203 27.6124 7.47726 1.51723 1.01615 1.01667 1.52339 7.46371 27.6395 34.6901 34.9719 34.9985 34.9995 34.9996 34.9985 34.9714 34.7176 34.9653 34.9837 34.9927 34.9942 34.9942 34.9927 34.9837 34.9653 34.5805 34.9686 34.9985 34.9999 34.9999 34.9986 34.9694 34.5469 29.1805 27.6547 7.81724 1.56612 1.5657 7.81998 27.6661 29.3156 8.14379 1.52472 1.01409 1.00009 1.00008 1.01379 1.52179 
6.74203 1.45326 1.01448 1.00014 1.00014 1.01448 1.45326 6.74203 27.6124 7.47726 1.52339 1.01667 1.01667 1.52339 7.47726 27.6124 34.7176 34.9714 34.9985 34.9996 34.9995 34.9985 34.9719 34.6901 34.9655 34.9837 34.9927 34.9942 34.9942 34.9927 34.9837 34.9653 34.5469 34.9694 34.9986 34.9999 34.9999 34.9986 34.9686 34.5805 29.3156 27.6661 7.81998 1.5657 1.56559 7.82498 27.661 29.3254 8.1431 1.52179 1.01379 1.00008 1.00009 1.01409 1.52472 
6.74329 1.45628 1.01485 1.00015 1.00015 1.01485 1.45628 6.74329 27.6041 7.48563 1.52575 1.01698 1.01698 1.52575 7.48563 27.6041 34.7141 34.9679 34.9894 34.9893 34.9884 34.9894 34.9684 34.6859 34.9058 34.9104 34.9189 34.9259 34.9259 34.9189 34.9105 34.906 34.5282 34.9567 34.9944 34.9977 34.9978 34.9947 34.9565 34.5623 29.2927 27.6479 7.82124 1.56545 1.56535 7.82629 27.6429 29.3036 8.13889 1.52114 1.01394 1.00008 1.00009 1.01428 1.52455 
6.74001 1.45609 1.01483 1.00013 1.00013 1.01483 1.45609 6.74001 27.5735 7.48126 1.52543 1.01696 1.01696 1.52543 7.48126 27.5735 34.6413 34.8996 34.7998 34.7683 34.7593 34.7998 34.8984 34.6128 34.2556 34.1907 34.2008 34.2424 34.251 34.2103 34.2027 34.2673 34.2044 34.718 34.908 34.952 34.953 34.9104 34.7204 34.2387 28.9826 27.3589 7.76617 1.56152 1.56151 7.77125 27.3556 29.002 8.06823 1.51657 1.01381 1.00006 1.00007 1.01414 1.51994 
6.6834 1.4501 1.01452 1.00016 1.00016 1.01452 1.4501 6.6834 27.2318 7.40556 1.51888 1.01668 1.01668 1.51888 7.40556 27.2318 33.9419 34.2387 32.5755 32.0911 32.0914 32.5755 34.2387 33.9442 29.6198 29.3887 29.9868 30.0724 29.8486 29.7562 29.1539 29.3908 31.4086 32.4488 33.947 34.4422 34.4421 33.9468 32.4483 31.4227 26.9999 25.293 7.28566 1.51772 1.5175 7.29005 25.2782 26.8415 7.53489 1.47465 1.0127 1.00009 1.0001 1.01303 1.47869 
6.13022 1.3758 1.00884 1.00005 1.00005 1.00884 1.3758 6.13022 24.7927 6.49517 1.43291 1.01274 1.01242 1.42968 6.46883 25.0295 34.5633 34.893 34.8872 34.8711 34.8393 34.8505 34.8963 34.5298 34.79 34.8836 34.9026 34.8923 34.9078 34.9156 34.8973 34.7999 33.7834 34.7874 34.9434 34.9787 34.9776 34.9408 34.7796 33.8244 26.9394 24.8507 6.946 1.48329 1.48309 6.94731 24.7139 26.7809 7.39349 1.46113 1.01191 1.00008 1.00008 1.01191 1.46113 
6.5332 1.40857 1.00968 1.00001 1.00001 1.00968 1.40857 6.5332 26.4199 6.9582 1.4678 1.01387 1.01353 1.46485 6.96634 26.7511 34.7217 34.9495 34.98 34.9808 34.9817 34.98 34.9505 34.6899 34.9301 34.9698 34.9802 34.9807 34.9805 34.98 34.9695 34.9292 34.4154 34.9403 34.9873 34.9905 34.9906 34.9874 34.9396 34.4405 29.4374 27.2411 7.5496 1.53684 1.53681 7.55389 27.2585 29.4516 8.10572 1.51633 1.01323 1.00004 1.00004 1.01323 1.51633 
6.55901 1.41028 1.00974 1.00004 1.00004 1.00974 1.41028 6.55901 26.5574 6.98763 1.46965 1.01394 1.0136 1.46669 6.99822 26.8941 34.7407 34.9617 34.9972 34.9989 34.9988 34.9966 34.9624 34.709 34.9551 34.9877 34.9976 34.9984 34.9984 34.9976 34.9876 34.9548 34.4783 34.9592 34.9971 34.9993 34.9993 34.9972 34.9582 34.5003 29.786 27.5632 7.60612 1.5409 1.5408 7.61034 27.5717 29.7887 8.17798 1.521 1.01336 1.00006 1.00006 1.01336 1.521 
6.55299 1.40878 1.00964 1.00003 1.00003 1.00964 1.40878 6.55299 26.5694 6.98391 1.46766 1.01367 1.01337 1.46515 6.99812 26.9033 34.7432 34.9646 34.9982 34.9999 34.9999 34.9978 34.9653 34.7121 34.9571 34.9891 34.9991 34.9999 34.9999 34.999 34.989 34.9567 34.4792 34.9602 34.9979 34.9999 34.9999 34.9979 34.9592 34.5022 29.8041 27.5896 7.60302 1.54002 1.53991 7.60713 27.5946 29.8045 8.17591 1.52064 1.01319 1.00006 1.00006 1.01319 1.52064 
6.56329 1.41165 1.00979 1.00004 1.00003 1.00964 1.40878 6.55299 26.9033 6.99812 1.46515 1.01337 1.01337 1.46515 6.99812 26.9033 34.6911 34.9684 34.9982 34.9999 34.9999 34.9982 34.9684 34.6911 34.9567 34.989 34.999 34.9999 34.9999 34.999 34.989 34.9567 34.4986 34.958 34.9979 34.9999 34.9999 34.9979 34.9602 34.4792 29.6629 27.6075 7.60713 1.53991 1.54002 7.60302 27.5896 29.8041 8.17591 1.52064 1.01319 1.00006 1.00006 1.01306 1.51955 
6.57143 1.41343 1.0099 1.00004 1.00004 1.00974 1.41028 6.55901 26.8941 6.99822 1.46669 1.0136 1.0136 1.46669 6.99822 26.8941 34.6898 34.9667 34.9972 34.9989 34.9989 34.9972 34.9667 34.6898 34.9548 34.9876 34.9976 34.9984 34.9984 34.9976 34.9876 34.9548 34.4942 34.9567 34.9972 34.9993 34.9993 34.9971 34.9592 34.4783 29.6477 27.5868 7.61034 1.5408 1.5409 7.60612 27.5632 29.786 8.17798 1.521 1.01336 1.00006 1.00006 1.01321 1.5195 
6.54589 1.41171 1.00984 1.00001 1.00001 1.00968 1.40857 6.5332 26.7511 6.96634 1.46485 1.01353 1.01353 1.46485 6.96634 26.7511 34.6707 34.955 34.98 34.9808 34.9808 34.98 34.955 34.6707 34.9292 34.9695 34.98 34.9805 34.9805 34.98 34.9695 34.9292 34.434 34.9378 34.9873 34.9905 34.9905 34.9873 34.9403 34.4154 29.3072 27.2703 7.55389 1.53681 1.53684 7.5496 27.2411 29.4374 8.10572 1.51633 1.01323 1.00004 1.00003 1.01307 1.51485 
6.12716 1.37788 1.00896 1.00005 1.00005 1.00884 1.3758 6.13022 25.0295 6.46883 1.42968 1.01242 1.01242 1.42968 6.46883 25.0295 34.4756 34.9037 34.8872 34.8711 34.8711 34.8872 34.9037 34.4756 34.7999 34.8973 34.9156 34.9078 34.9078 34.9156 34.8973 34.7999 33.7954 34.7994 34.9489 34.9818 34.9787 34.9434 34.7874 33.7834 26.506 24.6052 6.94731 1.48309 1.48329 6.946 24.8507 26.9394 7.39349 1.46113 1.01191 1.00008 1.00007 1.01174 1.45867 
1.71368 1.02903 1.00039 1.00001 1.00001 1.00039 1.02903 1.71368 8.03345 1.63244 1.02578 1.00042 1.00042 1.02246 1.63244 8.03345 31.5174 34.5527 34.8122 34.8256 34.782 34.775 34.5332 31.8086 34.4633 34.8854 34.9291 34.9137 34.9062 34.922 34.8792 34.4651 30.8499 34.5193 34.9585 34.9831 34.9852 34.9611 34.5361 30.859 3.7677 3.37754 1.2731 1.01813 1.01932 1.24307 3.1427 3.62447 1.26738 1.01659 1.00069 1.00003 1.00003 1.00063 1.01654 
1.36327 1.01542 1.00023 0.999984 0.999984 1.00023 1.01542 1.36327 5.55546 1.26426 1.01018 1.0002 1.0002 1.00805 1.26426 5.55546 31.2351 34.711 34.966 34.9776 34.9794 34.968 34.6965 31.5934 34.456 34.9471 34.9814 34.9814 34.9816 34.9816 34.9479 34.4656 30.6473 34.4969 34.9548 34.9868 34.987 34.9564 34.5108 30.631 2.29695 1.28056 1.02796 1.01206 1.01534 1.03301 1.29511 2.29772 1.08257 1.01595 1.00062 0.999985 0.999983 1.00057 1.01512 
1.34889 1.01496 1.00025 1.00001 1.00001 1.00025 1.01496 1.34889 5.40471 1.25127 1.00987 1.00023 1.00023 1.00773 1.25127 5.40471 31.2245 34.7267 34.9858 34.9984 34.9983 34.9859 34.7112 31.5852 34.4648 34.9627 34.9968 34.9984 34.9984 34.9968 34.9635 34.4743 30.6432 34.504 34.9644 34.9971 34.9973 34.9661 34.518 30.6268 2.12722 1.08902 1.01539 1.01484 1.01813 1.01931 1.09331 2.12564 1.06736 1.01704 1.00065 1.00001 1.00001 1.00059 1.01602 
1.3889 1.01564 1.00023 1.00001 1.00001 1.00023 1.01564 1.3889 5.79447 1.30547 1.01152 1.00024 1.00024 1.00964 1.30547 5.79447 31.3196 34.733 34.9872 34.9995 34.9994 34.9872 34.7179 31.6728 34.4673 34.9641 34.9981 34.9998 34.9998 34.9981 34.9645 34.4733 30.6768 34.5075 34.9666 34.998 34.9982 34.9677 34.5181 30.6497 2.34412 1.28774 1.02706 1.0073 1.01018 1.03088 1.29122 2.34358 1.08728 1.01214 1.00057 1.00001 1 1.00052 1.01154 
1.39099 1.01531 1.0002 1.00001 1.00001 1.00023 1.01564 1.3889 5.63469 1.29801 1.00964 1.00016 1.00024 1.01152 1.30547 5.79447 31.6728 34.7179 34.9872 34.9994 34.9994 34.9872 34.7179 31.6728 34.4733 34.9645 34.9981 34.9998 34.9998 34.9981 34.9645 34.4733 30.6497 34.5181 34.9666 34.998 34.998 34.9666 34.5075 30.6768 2.34358 1.29122 1.03088 1.01018 1.01018 1.03088 1.29122 2.34358 1.08728 1.01214 1.00057 1.00001 1.00001 1.00057 1.01214 
1.35148 1.01455 1.00022 1.00001 1.00001 1.00025 1.01496 1.34889 5.24109 1.24312 1.00773 1.00015 1.00023 1.00987 1.25127 5.40471 31.5852 34.7112 34.9859 34.9983 34.9983 34.9859 34.7112 31.5852 34.4743 34.9635 34.9968 34.9984 34.9984 34.9968 34.9635 34.4743 30.6268 34.518 34.9644 34.9971 34.9971 34.9644 34.504 30.6432 2.12564 1.09331 1.01931 1.01813 1.01813 1.01931 1.09331 2.12564 1.06736 1.01704 1.00065 1.00001 1.00001 1.00065 1.01704 
1.36578 1.01501 1.00019 0.999984 0.999984 1.00023 1.01542 1.36327 5.39216 1.25619 1.00805 1.00012 1.0002 1.01018 1.26426 5.55546 31.5934 34.6965 34.968 34.9794 34.9794 34.968 34.6965 31.5934 34.4656 34.9479 34.9816 34.9816 34.9814 34.9814 34.9479 34.4656 30.631 34.5108 34.9548 34.9868 34.9868 34.9548 34.4969 30.6473 2.29772 1.29511 1.03301 1.01534 1.01534 1.03301 1.29511 2.29772 1.08257 1.01595 1.00062 0.999985 0.999985 1.00062 1.01595 
1.70185 1.02816 1.00037 1.00001 1.00001 1.00039 1.02903 1.71368 7.67939 1.59831 1.02246 1.00034 1.00042 1.02578 1.63244 8.03345 31.8086 34.5332 34.775 34.782 34.782 34.775 34.5332 31.8086 34.4651 34.8792 34.922 34.9062 34.9137 34.9291 34.8792 34.4651 30.859 34.5361 34.9585 34.9831 34.9831 34.9585 34.5193 30.8499 3.62447 3.1427 1.24307 1.01932 1.01932 1.24307 3.1427 3.62447 1.26738 1.01659 1.00069 1.00003 1.00003 1.00069 1.01659 
1.1968 1.00402 1.00004 1.00002 1.00002 0.999991 1.0034 1.19834 5.23548 1.2524 1.00452 1.00003 1.00008 1.00498 1.24979 5.33464 29.1748 30.908 31.2268 31.2186 31.2186 31.2268 30.908 29.1748 33.4188 31.9514 32.1032 32.3708 32.1701 32.098 31.9514 33.4188 29.5557 34.1491 34.6947 34.6663 34.6663 34.6947 34.1233 29.5557 5.98305 3.96917 1.38901 1.00449 1.00642 1.36517 3.86747 5.87759 1.52989 1.01645 1.00028 1.00002 1.00002 1.00022 1.01502 
1.1983 1.00399 0.999991 0.999976 0.999975 0.999941 1.00334 1.20132 5.39908 1.26025 1.00449 0.999979 1.00002 1.00494 1.25843 5.55044 31.6741 34.3141 34.5892 34.6144 34.6144 34.5892 34.3141 31.6741 34.1145 34.4728 34.5498 34.5924 34.5965 34.5505 34.4728 34.1145 29.1799 34.3631 34.9401 34.9714 34.9714 34.9401 34.3435 29.1799 2.86867 1.28493 1.00632 0.984444 0.990364 1.00824 1.27858 2.86689 1.08734 1.00129 0.999961 0.999977 0.999977 0.999958 1.00122 
1.198 1.00398 1.00001 1 0.999999 0.999965 1.00333 1.20104 5.41259 1.26111 1.00456 1 1.00005 1.00501 1.25935 5.56551 31.8501 34.5936 34.9578 34.9786 34.9786 34.9578 34.5936 31.8501 34.252 34.8998 34.9464 34.9556 34.9557 34.9464 34.8998 34.252 29.1574 34.3884 34.962 34.9967 34.9967 34.962 34.3689 29.1574 2.59691 1.07159 0.99298 0.978991 0.984642 0.995151 1.06814 2.59961 1.05772 1.00062 0.999994 1 1 0.999991 1.00054 
1.19696 1.00382 1.00001 0.999999 0.999998 0.999968 1.00323 1.1997 5.41264 1.26045 1.00461 1.00001 1.00005 1.00501 1.25908 5.56825 31.8551 34.6072 34.979 34.9983 34.9983 34.979 34.6072 31.8551 34.272 34.9486 34.993 34.9962 34.9962 34.993 34.9486 34.272 29.1788 34.3951 34.964 34.9983 34.9983 34.964 34.3767 29.1788 2.64323 1.10766 0.996401 0.983432 0.988661 0.998408 1.10434 2.64715 1.06345 1.00075 0.999991 1 1 0.999987 1.00068 
1.1997 1.00323 0.999968 0.999998 0.999998 0.999968 1.00323 1.1997 5.56825 1.25908 1.00501 1.00005 1.00005 1.00501 1.26045 5.41264 31.6814 34.6133 34.9788 34.9981 34.9983 34.979 34.6072 31.8551 34.2886 34.949 34.993 34.9962 34.9962 34.993 34.9486 34.272 29.1788 34.3767 34.964 34.9983 34.9981 34.9612 34.3723 28.9762 2.64715 1.10434 0.998408 0.988661 0.983432 0.996401 1.10766 2.64323 1.06415 1.00068 0.999987 1 1 0.999991 1.00075 
1.20104 1.00333 0.999965 0.999999 0.999999 0.999965 1.00333 1.20104 5.56551 1.25935 1.00501 1.00005 1.00005 1.00501 1.26111 5.41259 31.6787 34.6009 34.9591 34.9769 34.9786 34.9578 34.5936 31.8501 34.2699 34.9004 34.9464 34.9557 34.9556 34.9464 34.8998 34.252 29.1574 34.3689 34.962 34.9967 34.9964 34.9589 34.3633 28.9534 2.59961 1.06814 0.995151 0.984642 0.978991 0.99298 1.07159 2.59691 1.05819 1.00054 0.999991 1 1 0.999994 1.00062 
1.20132 1.00334 0.999941 0.999975 0.999975 0.999941 1.00334 1.20132 5.55044 1.25843 1.00494 1.00002 1.00002 1.00494 1.26025 5.39908 31.5124 34.3352 34.6061 34.6113 34.6144 34.5892 34.3141 31.6741 34.1334 34.4785 34.5505 34.5965 34.5924 34.5498 34.4728 34.1145 29.1799 34.3435 34.9401 34.9714 34.972 34.9379 34.3385 28.9773 2.86689 1.27858 1.00824 0.990364 0.984444 1.00632 1.28493 2.86867 1.08798 1.00122 0.999958 0.999977 0.999977 0.999961 1.00129 
1.19834 1.0034 0.999991 1.00002 1.00002 0.999991 1.0034 1.19834 5.33464 1.24979 1.00498 1.00008 1.00008 1.00498 1.2524 5.23548 28.8644 30.7359 31.2414 31.2256 31.2186 31.2268 30.908 29.1748 33.3755 31.7794 32.098 32.1701 32.3708 32.1032 31.9514 33.4188 29.5557 34.1233 34.6947 34.6663 34.6527 34.6814 34.1076 29.3695 5.87759 3.86747 1.36517 1.00642 1.00449 1.38901 3.96917 5.98305 1.51077 1.01502 1.00022 1.00002 1.00002 1.00028 1.01645 
1.00272 0.999352 1.00001 1.00003 1.00003 1 0.999347 1.00317 1.32778 1.01247 1.01235 1.00047 1.00047 1.01235 1.01247 1.32778 8.09434 5.26818 6.37922 6.40069 6.40069 6.37922 5.26818 8.09434 26.3872 10.9256 6.31373 6.07682 6.07682 6.31373 10.7075 26.2084 30.4308 31.5362 32.1381 31.9266 31.5756 31.7769 30.8467 29.7848 24.9026 22.1772 6.60192 1.49184 1.47155 6.41619 22.2788 25.0265 7.33888 1.55157 1.02725 1.00052 1.00058 1.02886 1.56973 
0.999425 0.999332 0.999964 0.999982 0.999983 0.999964 0.999312 0.999551 1.08884 1.00387 1.01184 1.00041 1.00041 1.01184 1.00387 1.08884 5.50622 1.50899 1.3313 1.32713 1.32713 1.3313 1.50899 5.50622 27.8801 7.92307 2.12176 1.80395 1.80395 2.12176 7.9002 27.9038 33.4462 34.3362 34.4699 34.3536 34.3373 34.4534 34.3281 33.4116 30.0155 26.7559 7.75956 1.59605 1.57131 7.52581 26.9338 30.2455 8.73153 1.6759 1.03372 1.0006 1.00068 1.03577 1.69912 
0.999565 0.999369 0.99999 1 1 0.999989 0.999348 0.999686 1.08748 1.00414 1.01196 1.00043 1.00043 1.01196 1.00414 1.08748 5.39753 1.3083 1.00623 0.997759 0.997759 1.00623 1.3083 5.39753 28.0816 7.60053 1.55693 1.25895 1.25895 1.55693 7.57874 28.1052 33.947 34.7861 34.8781 34.7556 34.7529 34.8789 34.7812 33.9054 30.2522 26.9409 7.7819 1.59708 1.57236 7.54799 27.1179 30.487 8.76893 1.67789 1.03379 1.00063 1.0007 1.03584 1.70121 
1.00333 0.999439 0.999995 1 1.00001 0.999994 0.999409 1.00362 1.19383 1.01301 1.01492 1.0005 1.0005 1.01492 1.01301 1.19383 5.80572 1.84116 1.22064 1.20915 1.20915 1.22064 1.84116 5.80572 27.8633 7.62557 1.76034 1.48051 1.48051 1.76034 7.60628 27.8836 33.615 34.5221 34.7155 34.6031 34.5987 34.7152 34.5132 33.5825 29.8115 26.5536 7.54015 1.56145 1.54152 7.3583 26.6857 30.006 8.51494 1.63968 1.03028 1.00053 1.00059 1.03202 1.65963 
1.00362 0.999409 0.999994 1.00001 1.00001 0.999994 0.999409 1.00362 1.19382 1.01212 1.01386 1.00045 1.0005 1.01492 1.01301 1.19383 5.80572 1.84116 1.22064 1.20915 1.21003 1.22302 1.83582 5.68377 27.8836 7.60628 1.75947 1.47844 1.48051 1.76034 7.62557 27.8633 33.5825 34.5132 34.7152 34.5987 34.6 34.7168 34.5189 33.6004 30.006 26.6857 7.3583 1.54152 1.56145 7.54015 26.5536 29.8115 8.56821 1.65963 1.03202 1.00059 1.00053 1.03028 1.63968 
0.999686 0.999348 0.999989 1 1 0.999989 0.999348 0.999686 1.08692 1.00366 1.01067 1.00038 1.00043 1.01196 1.00414 1.08748 5.39753 1.3083 1.00623 0.997759 0.999204 1.00827 1.3055 5.27448 28.1052 7.57874 1.55623 1.2566 1.25895 1.55693 7.60053 28.0816 33.9054 34.7812 34.8789 34.7529 34.7529 34.8789 34.7836 33.9272 30.487 27.1179 7.54799 1.57236 1.59708 7.7819 26.9409 30.2522 8.8349 1.70121 1.03584 1.0007 1.00063 1.03379 1.67789 
0.999551 0.999312 0.999964 0.999983 0.999983 0.999964 0.999312 0.999551 1.08811 1.00339 1.01055 1.00036 1.00041 1.01184 1.00387 1.08884 5.50622 1.50899 1.3313 1.32713 1.3258 1.32989 1.49696 5.3743 27.9038 7.9002 2.12606 1.80615 1.80395 2.12176 7.92307 27.8801 33.4116 34.3281 34.4534 34.3373 34.3582 34.479 34.3487 33.4452 30.2455 26.9338 7.52581 1.57131 1.59605 7.75956 26.7559 30.0155 8.7976 1.69912 1.03577 1.00068 1.0006 1.03372 1.6759 
1.00317 0.999347 1 1.00003 1.00003 1 0.999347 1.00317 1.31778 1.0106 1.01136 1.00041 1.00047 1.01235 1.01247 1.32778 8.09434 5.26818 6.37922 6.40069 6.24497 6.22952 5.09001 7.81579 26.2084 10.7075 6.09294 5.86387 6.07682 6.31373 10.9256 26.3872 29.7848 30.8467 31.7769 31.5756 31.5962 31.8127 31.2055 30.1277 25.0265 22.2788 6.41619 1.47155 1.49184 6.60192 22.1772 24.9026 7.38995 1.56973 1.02886 1.00058 1.00052 1.02725 1.55157 
1.00005 1 1 1 1 1 1 1.00004 1.00368 1.00007 1.00016 0.999999 1 1.00013 1.00006 1.00272 1.39331 1.1551 1.22553 1.22856 1.22856 1.22553 1.17127 1.4266 4.14235 1.47132 1.12796 1.12096 1.11036 1.11564 1.4368 3.98753 6.34258 6.70136 7.06662 6.99794 6.99781 7.06647 6.70121 6.33415 2.61201 2.65657 1.26159 1.0085 1.00648 1.17024 2.22699 2.3424 1.11743 1.00365 1.00008 0.999994 0.999994 1.00008 1.00365 
1.00001 0.999976 0.999979 0.999979 0.999979 0.999979 0.999976 1.00001 1.00018 0.999957 0.999977 0.999979 0.999978 0.999974 0.999959 1.0002 1.00321 0.993306 0.994702 0.995179 0.995179 0.994702 0.99351 1.00349 1.34162 1.02117 1.02419 1.0236 1.0236 1.02416 1.02085 1.34497 1.41437 1.46198 1.47745 1.46694 1.48423 1.49737 1.48469 1.43237 1.08807 1.08459 1.00547 1.00002 1.00006 1.00482 1.07904 1.08467 1.00431 1.00007 0.999968 0.999979 0.999979 0.999968 1.00007 
1.00002 1 1 1 1 1 1 1.00002 0.999992 0.99998 1 1 1 1 0.99998 0.999991 0.999759 0.99951 0.999556 0.999572 0.999572 0.999556 0.99951 0.999759 1.0185 1.00049 1.00138 1.00138 1.00138 1.00138 1.00049 1.0185 1.01384 1.01735 1.0155 1.01472 1.01553 1.01643 1.01857 1.01473 1.002 1.00177 1.00003 0.999985 0.999986 1.00005 1.00193 1.00208 1.00009 0.999989 1 1 1 1 0.999989 
1.00002 0.999997 1 1 1 1 0.999997 1.00002 1 0.999979 1 1 1 1 0.999979 1 1.00002 0.999971 0.999998 0.999998 0.999998 0.999998 0.999971 1.00002 1.00042 0.999968 1.00002 1.00002 1.00002 1.00002 0.999968 1.00042 1.00016 1.00021 1.00014 1.00012 1.00014 1.00017 1.00025 1.00019 1.00001 0.999983 0.999992 1 1 0.999991 0.999991 1.00002 1.00001 0.999997 1 1 1 1 0.999997 
1.00002 0.999997 1 1 1 1 0.999997 1.00002 1 0.999979 1 1 1 1 0.999979 1 1.00002 0.999971 0.999998 0.999998 0.999998 0.999998 0.999971 1.00002 1.00042 0.999968 1.00002 1.00002 1.00002 1.00002 0.999968 1.00042 1.00019 1.00025 1.00017 1.00014 1.00012 1.00014 1.00021 1.00016 1.00002 0.999991 0.999991 1 1 0.999993 0.999978 1.00001 1.00001 0.999997 1 1 1 1 0.999997 
1.00002 1 1 1 1 1 1 1.00002 0.999991 0.99998 1 1 1 1 0.999979 0.99999 0.999759 0.99951 0.999556 0.999572 0.999572 0.999556 0.99951 0.999759 1.0185 1.00049 1.00138 1.00138 1.00138 1.00138 1.00049 1.0185 1.01473 1.01857 1.01643 1.01553 1.01472 1.0155 1.01735 1.01384 1.00208 1.00193 1.00005 0.999986 0.999985 1.00003 1.00167 1.00191 1.00009 0.999989 1 1 1 1 0.999989 
1.00001 0.999976 0.999979 0.999979 0.999979 0.999979 0.999976 1.00001 1.0002 0.999959 0.999977 0.999979 0.999979 0.999977 0.99996 1.00021 1.00321 0.993306 0.994702 0.995179 0.995 0.994521 0.993306 1.00321 1.34497 1.02085 1.02416 1.0236 1.0236 1.02416 1.02085 1.34497 1.43237 1.48469 1.49737 1.48423 1.46694 1.47745 1.46198 1.41437 1.08467 1.07904 1.00482 1.00006 1.00003 1.0054 1.08172 1.08547 1.00431 1.00007 0.999968 0.999979 0.999979 0.999968 1.00007 
1.00004 1 1 1 1 1 1 1.00004 1.00272 1.00006 1.00016 0.999999 0.999999 1.00016 1.00006 1.00196 1.39331 1.1551 1.22553 1.22856 1.21363 1.21056 1.1551 1.39331 3.98753 1.4368 1.11564 1.11036 1.11036 1.11564 1.4368 3.98753 6.33415 6.70121 7.06647 6.99781 6.99794 7.06662 6.70136 6.34258 2.3424 2.22699 1.17024 1.00648 1.00818 1.24846 2.55465 2.49901 1.11743 1.00365 1.00008 0.999994 0.999994 1.00008 1.00365 
1.00003 1.00002 1.00002 1.00002 1.00002 1.00002 1.00002 1.00003 1.00001 0.999997 1.00003 1.00002 1.00002 1.00003 0.999996 0.99995 1.03161 1.03129 1.02866 1.0273 1.0273 1.02866 1.03129 1.03161 1.05712 1.00191 0.978705 0.978638 0.978638 0.978705 1.00191 1.05712 1.32048 1.36086 1.38133 1.37302 1.39054 1.40152 1.38387 1.33916 1.06138 1.05387 1.004 1.00013 1.00013 1.00409 1.05576 1.06144 1.0018 1.00005 1.00001 1.00002 1.00002 1.00001 1.00005 
1.00002 0.999995 0.999997 0.999997 0.999997 0.999997 0.999995 1.00002 1.00002 0.999976 0.999999 0.999997 0.999997 0.999999 0.999976 1.00001 1.00157 1.00167 1.00143 1.00133 1.00133 1.00143 1.00167 1.00157 0.999477 0.999922 0.999228 0.999229 0.999229 0.999228 0.999922 0.999477 1.00764 1.00872 1.00926 1.00894 1.00939 1.0098 1.0095 1.00814 1.00112 1.00103 1.00003 0.999984 0.999984 1.00003 1.001 1.00111 1.00003 0.999992 0.999997 0.999997 0.999997 0.999997 0.999992 
1.00002 0.999997 1 1 1 1 0.999997 1.00002 1.00001 0.999979 1 1 1 1 0.999979 1.00001 1.00006 1.00002 1.00003 1.00002 1.00002 1.00003 1.00002 1.00006 0.999955 0.999981 0.999995 0.999996 0.999996 0.999995 0.999981 0.999955 1.00002 0.999989 1.00002 1.00002 1.00003 1.00003 1.00001 1.00003 1 0.999979 0.999993 1 1 0.999993 0.999977 1 1.00002 0.999997 1 1 1 1 0.999997 
1.00002 0.999997 1 1 1 1 0.999997 1.00002 1 0.999979 1 1 1 1 0.999979 1 1.00001 0.999968 0.999994 0.999992 0.999992 0.999994 0.999968 1.00001 1.00003 0.999977 1 1 1 1 0.999977 1.00003 1.00002 0.999981 0.999996 0.999993 0.999993 0.999995 0.99998 1.00002 1 0.999976 1 1 1 1 0.999976 1 1.00002 0.999997 1 1 1 1 0.999997 
0 0 0 0 1 1 0.999997 1.00002 1 0.999979 1 1 1 1 0.999979 1 1.00001 0.999968 0.999994 0.999992 0.999993 0.999994 0.999968 1.00001 1.00003 0.999977 1 1 1 1 0.999977 1.00003 1.00002 0.99998 0.999995 0.999993 0.999993 0.999996 0.999981 1.00002 1 0.999976 1 1 1 1 0.999976 1 1.00002 0.999997 1 1 0 0 0 
0 0 0 0 1 1 0.999997 1.00002 1.00001 0.999979 1 1 1 1 0.999979 1.00001 1.00006 1.00002 1.00003 1.00002 1.00002 1.00003 1.00001 1.00005 0.999967 0.99998 0.999997 0.999997 0.999996 0.999995 0.999981 0.999955 1.00003 1.00001 1.00003 1.00003 1.00002 1.00002 0.999989 1.00002 1 0.999977 0.999993 1 1 0.999993 0.999979 1 1.00002 0.999997 1 1 0 0 0 
0 0 0 0 0.999997 0.999997 0.999995 1.00002 1.00001 0.999976 0.999999 0.999997 0.999997 0.999999 0.999976 1.00002 1.00157 1.00167 1.00143 1.00133 1.00127 1.00136 1.00159 1.0015 0.999702 0.999927 0.999256 0.999256 0.999229 0.999228 0.999922 0.999477 1.00814 1.0095 1.0098 1.00939 1.00894 1.00926 1.00872 1.00764 1.00111 1.001 1.00003 0.999984 0.999984 1.00003 1.00103 1.00112 1.00003 0.999992 0.999997 0.999997 0 0 0 
