0 0 0 0 1.00002 1.00001 1.00004 1.00372 1.12604 1.00714 1.00016 1.00001 1.00001 1.00015 1.00699 1.12327 1.08013 1.06997 1.00327 0.996844 0.995698 1.0022 1.06908 1.08121 1.03043 1.02971 1.02923 1.02857 1.02749 1.02812 1.02862 1.02922 1.00491 1.04251 1.26719 1.36526 1.3664 1.26975 1.04406 1.00501 1.00015 1.00014 1.00003 1.00002 1.00002 1.00003 1.00026 1.00019 1.00005 1.00002 1.00002 1.00002 0 0 0 
0 0 0 0 0.999997 0.999997 0.999989 1.00008 1.00249 1.00003 0.999984 0.999997 0.999997 0.999984 1.00002 1.00234 1.00121 1.00096 0.999896 0.999802 0.999757 0.999843 1.00093 1.00126 1.0015 1.00147 1.00158 1.00149 1.00142 1.0015 1.0014 1.00143 1.00019 1.00149 1.01021 1.01374 1.01433 1.01067 1.00158 1.00019 0.999999 0.999973 1 0.999997 0.999997 0.999999 0.999974 0.999998 1.00002 0.999994 0.999997 0.999997 0 0 0 
0 0 0 0 1 1 0.999997 1.00001 1.00002 0.999967 1 1 1 1 0.999968 1.00001 1.00002 0.999966 1 0.999999 0.999998 1 0.999965 1.00002 1.00005 1 1.00003 1.00003 1.00003 1.00003 1 1.00005 0.999994 0.999996 1.0002 1.00025 1.00027 1.00022 1 0.999993 1.00001 0.999977 1 1 1 1 0.999977 1.00001 1.00002 0.999997 1 1 0 0 0 
0 0 0 0 1 1 0.999997 1.00002 1 0.999978 1 1 1 1 0.999978 1.00001 1.00002 0.999975 1 1 1 1 0.999975 1.00002 1.00001 0.999968 0.999993 0.999991 0.999992 0.999993 0.999969 1.00001 1.00002 0.99997 0.999983 0.999983 0.999983 0.999983 0.999969 1.00002 1.00001 0.999978 1 1 1 1 0.999978 1.00001 1.00002 0.999997 1 1 0 0 0 
1.00002 0.999997 1 1 1 1 0.999997 1.00002 1 0.999978 1 1 1 1 0.999978 1 1.00002 0.999975 1 1 1 1 0.999975 1.00002 1.00001 0.999968 0.999993 0.999991 0.999991 0.999993 0.999968 1.00001 1.00002 0.999969 0.999983 0.999983 0.999983 0.999983 0.999969 1.00002 1.00001 0.999978 1 1 1 1 0.999978 1.00001 1.00002 0.999997 1 1 1 1 0.999997 
1.00001 0.999997 1 1 1 1 0.999997 1.00001 1.00002 0.999967 1 1 1 1 0.999967 1.00002 1.00002 0.999965 1 0.999998 0.999998 1 0.999965 1.00002 1.00005 1 1.00003 1.00003 1.00003 1.00003 1 1.00005 0.999993 1 1.00022 1.00027 1.00027 1.00022 1 0.999993 1.00001 0.999977 1 1 1 1 0.999977 1.00001 1.00002 0.999997 1 1 1 1 0.999997 
1.00008 0.999989 0.999997 0.999997 0.999997 0.999997 0.999989 1.00008 1.00249 1.00003 0.999984 0.999997 0.999997 0.999984 1.00003 1.00249 1.00126 1.00093 0.999843 0.999757 0.999757 0.999843 1.00093 1.00126 1.0015 1.00147 1.00158 1.00149 1.00149 1.00158 1.00147 1.0015 1.00019 1.00158 1.01067 1.01433 1.01433 1.01067 1.00158 1.00019 0.999999 0.999973 1 0.999997 0.999997 1 0.999973 0.999999 1.00002 0.999994 0.999997 0.999997 0.999997 0.999997 0.999994 
1.00372 1.00004 1.00001 1.00002 1.00002 1.00001 1.00004 1.00372 1.12604 1.00714 1.00015 1.00001 1.00001 1.00016 1.00714 1.12604 1.08121 1.06908 1.0022 0.995698 0.995698 1.0022 1.06908 1.08121 1.03043 1.02971 1.02923 1.02857 1.02857 1.02923 1.02971 1.03043 1.00501 1.04406 1.26975 1.3664 1.3664 1.26975 1.04406 1.00501 1.00015 1.00014 1.00003 1.00002 1.00002 1.00003 1.00014 1.00015 1.00005 1.00002 1.00002 1.00002 1.00002 1.00002 1.00002 
1.15943 1.0042 1.00003 0.999995 0.999995 1.00003 1.0042 1.15943 3.34683 1.26535 1.00769 1.0001 1.0001 1.00775 1.26535 3.34683 3.07158 2.91754 1.29967 1.06512 1.06512 1.29967 2.91754 3.07158 1.05276 1.04645 1.03532 1.04878 1.04585 1.02966 1.03857 1.03722 1.04051 1.50941 4.60224 5.9394 5.94395 4.60506 1.50854 1.04051 1.00706 1.00862 1.00047 1.00002 1.00001 1.00007 1.00862 1.00706 0.999778 0.999977 1.00001 1.00001 1.00001 1.00001 0.999979 
1.00409 1.00006 0.999968 0.999978 0.999978 0.999968 1.00006 1.00409 1.12897 1.00687 1.00008 0.999962 0.999962 1.00008 1.00687 1.12897 1.09621 1.08673 1.01283 1.00521 1.00521 1.01283 1.08673 1.09621 1.03311 1.03252 1.02611 1.02846 1.03093 1.02903 1.03414 1.03461 1.00292 1.01191 1.20701 1.35328 1.35331 1.20657 1.01189 1.00292 0.999903 0.99971 0.999974 0.999978 0.999979 0.999979 0.99971 0.999903 0.999989 0.999977 0.999978 0.999978 0.999978 0.999978 0.999977 
1.00004 0.999985 1 1 1 1 0.999985 1.00004 1.00221 1.00001 0.999987 1 1 0.999987 1.00001 1.00221 1.00151 1.00127 1.00035 1.00022 1.00022 1.00035 1.00127 1.00151 1.00174 1.00169 1.00144 1.00142 1.00163 1.00166 1.00186 1.0019 1.00008 0.999972 1.00309 1.00808 1.00808 1.00305 0.999971 1.00008 1.00001 0.999986 1 1 1 1 0.999986 1.00001 1.00002 1 1 1 1 1 1 
1.00002 0.999997 1 1 1 1 0.999997 1.00002 1 0.99997 1 1 1 1 0.99997 1 1.00002 0.999972 1 1 1 1 0.999972 1.00002 1.00005 1 1.00002 1.00002 1.00003 1.00003 1.00001 1.00005 1 0.999971 0.999971 1.00001 1.00001 0.999971 0.999971 1 1.00001 0.99998 1 1 1 1 0.99998 1.00001 1.00002 0.999997 1 1 1 1 0.999997 
1.00002 0.999997 1 1 1 1 0.999997 1.00002 1 0.99997 1 1 1 1 0.999968 1.00002 1.00002 0.999971 1 1 1 1 0.999972 1.00002 1.00005 1.00001 1.00003 1.00003 1.00003 1.00003 1.00001 1.00005 1 0.999971 0.999971 1.00001 1.00001 0.999971 0.999971 1 1.00001 0.99998 1 1 1 1 0.99998 1.00001 1.00002 0.999997 1 1 1 1 0.999997 
1.00004 0.999985 1 1 1 1 0.999985 1.00004 1.00221 1.00001 0.999987 1 1 0.999987 1.00004 1.00272 1.00157 1.00123 1.0003 1.00017 1.00022 1.00035 1.00127 1.00151 1.0019 1.00186 1.00166 1.00163 1.00163 1.00166 1.00186 1.0019 1.00008 0.999971 1.00305 1.00808 1.00808 1.00309 0.999972 1.00008 1.00001 0.999986 1 1 1 1 0.999985 1.00001 1.00002 1 1 1 1 1 1 
1.00419 1.00005 0.999967 0.999978 0.999978 0.999968 1.00006 1.00409 1.12897 1.00687 1.00008 0.999962 0.999962 1.00008 1.00754 1.13556 1.09744 1.08585 1.01176 1.00407 1.00521 1.01283 1.08673 1.09621 1.03461 1.03414 1.02903 1.03093 1.03093 1.02903 1.03414 1.03461 1.00292 1.01189 1.20657 1.35331 1.35328 1.20701 1.01191 1.00292 0.999903 0.999648 0.999976 0.999977 0.999978 0.999974 0.999547 0.999812 0.999989 0.999977 0.999978 0.999978 0.999978 0.999978 0.999977 
1.17463 1.00468 1.00004 0.999996 0.999995 1.00003 1.0042 1.15943 3.34683 1.26535 1.00775 1.0001 1.0001 1.00769 1.23893 3.13401 3.07536 2.91796 1.29967 1.06512 1.06512 1.29967 2.91754 3.07158 1.03722 1.03857 1.02966 1.04585 1.04585 1.02966 1.03857 1.03722 1.03948 1.50854 4.60506 5.94395 5.9394 4.60224 1.50941 1.04051 1.00706 1.00677 1.00063 1.00002 1.00002 1.00047 1.00519 1.00338 0.999778 0.999977 1.00001 1.00001 1.00001 1.00001 0.999977 
6.26122 1.39682 1.00988 1.00006 1.00006 1.00988 1.39682 6.26122 23.6412 6.79326 1.48749 1.01497 1.01497 1.48749 6.89302 24.1293 26.9019 25.0456 9.92712 5.16669 4.83057 9.63833 24.3762 26.1577 2.56319 2.74724 2.81538 2.95834 2.96265 2.81965 2.95549 2.76566 1.82514 7.28899 22.2376 26.9108 26.9108 22.2376 7.28899 1.82514 1.8584 1.94394 1.09946 1.00303 1.0052 1.1576 1.94129 1.85848 1.22473 1.00731 1.00011 1.00001 1.00001 1.00011 1.00731 
6.73962 1.4342 1.01086 1.00002 1.00002 1.01086 1.4342 6.73962 26.196 7.31284 1.5258 1.01624 1.01624 1.5258 7.36419 26.3339 29.8524 27.1362 7.79402 1.77844 1.77986 7.87446 27.0102 29.6354 1.11718 1.10359 1.0725 1.06725 1.06673 1.07192 1.10301 1.11411 1.87543 8.75351 26.7644 32.4888 32.4888 26.7644 8.75351 1.87543 1.08242 1.08899 1.00453 1.00004 1.00006 1.00551 1.08964 1.08384 1.00904 1.00016 0.99996 0.999977 0.999977 0.99996 1.00016 
5.72308 1.35021 1.00849 1.00003 1.00003 1.00849 1.35021 5.72308 21.694 6.16316 1.42161 1.01295 1.01295 1.42161 6.18951 21.659 24.6454 22.5893 6.46031 1.47073 1.4774 6.52451 22.5079 24.4945 1.0191 0.982393 0.98565 0.986889 0.986882 0.985646 0.982323 1.01672 1.71862 7.33429 22.0934 26.4232 26.4232 22.0934 7.33429 1.71862 1.01655 1.00336 1.00007 0.999987 0.999985 1.0001 1.00345 1.0167 1.00026 0.999989 1 1 1 1 0.999989 
1.63909 1.02083 1.00017 0.999981 0.999981 1.00017 1.02083 1.63909 7.36172 1.78918 1.03078 1.00035 1.00035 1.03078 1.82066 7.54232 7.92868 7.26541 1.7773 1.02495 1.02542 1.78471 7.2361 7.8816 1.07182 1.07236 1.0726 1.06921 1.06921 1.0726 1.07235 1.07173 1.04962 1.91634 7.20967 8.45583 8.45583 7.20967 1.91634 1.04962 1.00069 1.00002 0.999991 1 1 0.999988 1.00002 1.00069 1.00002 0.999995 1 1 1 1 0.999995 
1.63769 1.02064 1.00017 0.999981 0.999981 1.00017 1.02083 1.63909 7.54232 1.82066 1.03078 1.00035 1.00042 1.03277 1.82066 7.54232 7.92868 7.26541 1.7773 1.02495 1.02495 1.7773 7.26541 7.92868 1.07173 1.07235 1.0726 1.06921 1.06921 1.0726 1.07236 1.07182 1.0541 1.92461 7.18912 8.4233 8.45583 7.20967 1.91634 1.04962 1.00069 1.00002 0.999988 1 1 0.999991 1.00002 1.00069 1.00002 0.999995 1 1 1 1 0.999995 
5.71646 1.34816 1.0084 1.00003 1.00003 1.00849 1.35021 5.72308 21.659 6.18951 1.42161 1.01295 1.01412 1.42588 6.18951 21.659 24.6454 22.5893 6.46031 1.47073 1.47073 6.46031 22.5893 24.6454 1.01672 0.982323 0.985646 0.986882 0.986889 0.98565 0.982393 1.0191 1.71572 7.32479 22.0601 26.4118 26.4232 22.0934 7.33429 1.71862 1.0167 1.00345 1.0001 0.999985 0.999987 1.00007 1.00336 1.01655 1.00026 0.999989 1 1 1 1 0.999988 
6.73257 1.43147 1.01073 1.00001 1.00002 1.01086 1.4342 6.73962 26.3339 7.36419 1.5258 1.01624 1.01768 1.53103 7.36419 26.3339 29.8524 27.1362 7.79402 1.77844 1.77844 7.79402 27.1362 29.8524 1.11411 1.10301 1.07192 1.06673 1.06725 1.0725 1.10359 1.11718 1.87322 8.75492 26.6884 32.4231 32.4888 26.7644 8.75351 1.87543 1.08384 1.08964 1.00551 1.00006 1.00004 1.00453 1.08899 1.08242 1.00904 1.00016 0.99996 0.999977 0.999977 0.999959 1.00015 
6.27136 1.39505 1.00978 1.00005 1.00006 1.00988 1.39682 6.26122 24.1293 6.89302 1.48749 1.01497 1.01628 1.49351 6.89302 24.1293 26.9019 25.0456 9.92712 5.16669 5.16669 9.92712 25.0456 26.9019 2.76566 2.95549 2.81965 2.96265 2.95834 2.81538 2.74724 2.56319 1.82762 7.2788 22.0553 26.7123 26.9108 22.2376 7.28899 1.82514 1.85848 1.94129 1.1576 1.0052 1.00303 1.09946 1.94394 1.8584 1.22473 1.00731 1.00011 1.00001 1.00001 1.00012 1.00795 
6.76419 1.46054 1.01501 1.00017 1.00019 1.01566 1.46783 6.75512 27.036 7.46824 1.53812 1.01798 1.01798 1.53813 7.48659 27.145 33.9234 34.2321 32.1206 31.5605 31.5605 32.1206 34.1609 33.873 29.2302 28.9901 29.802 29.8981 29.8981 29.802 28.9901 29.2302 31.2248 32.2863 33.686 34.2892 34.2892 33.686 32.2863 31.2248 27.0175 25.2037 7.35827 1.53536 1.5352 7.36799 25.2064 26.7502 7.62693 1.4924 1.01364 1.00011 1.00011 1.01367 1.4924 
6.82445 1.46666 1.01533 1.00013 1.00015 1.01601 1.47438 6.81448 27.3901 7.54923 1.54539 1.0183 1.0183 1.54538 7.56721 27.491 34.6101 34.8938 34.7902 34.7598 34.7598 34.7902 34.8942 34.5897 34.238 34.1714 34.1741 34.2182 34.2182 34.1741 34.1714 34.238 34.2357 34.7132 34.9105 34.9529 34.9529 34.9105 34.7132 34.2357 29.0107 27.2603 7.85069 1.5813 1.58107 7.85517 27.2309 28.8519 8.16546 1.5362 1.01484 1.00007 1.00007 1.01488 1.53603 
6.82789 1.46687 1.01535 1.00015 1.00017 1.01603 1.47459 6.81799 27.4204 7.55368 1.54573 1.01833 1.01833 1.54573 7.57184 27.5232 34.6881 34.9664 34.9876 34.9875 34.9875 34.9876 34.9672 34.6646 34.8994 34.905 34.9135 34.9212 34.9212 34.9135 34.905 34.8994 34.5661 34.954 34.9942 34.9977 34.9977 34.9942 34.954 34.5661 29.3196 27.5464 7.90718 1.58551 1.5853 7.91452 27.5372 29.1737 8.24085 1.54115 1.01499 1.0001 1.0001 1.01502 1.54098 
6.82481 1.4641 1.01499 1.00014 1.00016 1.01562 1.47122 6.81744 27.4303 7.54417 1.54287 1.01796 1.01796 1.54288 7.56145 27.534 34.6923 34.9702 34.9983 34.9995 34.9995 34.9983 34.9711 34.6689 34.9625 34.9829 34.992 34.9937 34.9937 34.992 34.9829 34.9625 34.5849 34.9667 34.9984 34.9999 34.9999 34.9984 34.9667 34.5849 29.3422 27.5639 7.90578 1.58579 1.58558 7.91324 27.5567 29.1983 8.24514 1.54158 1.01481 1.00009 1.00009 1.01485 1.54142 
6.81744 1.47122 1.01562 1.00016 1.00016 1.01562 1.47122 6.81744 27.534 7.56145 1.54287 1.01796 1.01796 1.54287 7.56145 27.534 34.6689 34.9711 34.9983 34.9995 34.9995 34.9983 34.9702 34.6923 34.9627 34.9829 34.992 34.9937 34.9937 34.992 34.9829 34.9625 34.5508 34.967 34.9985 34.9999 34.9999 34.9985 34.9669 34.552 29.1983 27.5567 7.91324 1.58558 1.58579 7.90578 27.5639 29.3422 8.24514 1.54158 1.01481 1.00009 1.00009 1.01481 1.54158 
6.81799 1.47459 1.01603 1.00017 1.00017 1.01603 1.47459 6.81799 27.5232 7.57184 1.54573 1.01833 1.01833 1.54573 7.57184 27.5232 34.6646 34.9672 34.9876 34.9875 34.9881 34.9883 34.9664 34.6881 34.8992 34.9049 34.9135 34.9212 34.9212 34.9135 34.905 34.8994 34.5312 34.9539 34.9941 34.9976 34.9976 34.9941 34.9539 34.5322 29.1737 27.5372 7.91452 1.5853 1.58551 7.90718 27.5464 29.3196 8.24085 1.54115 1.01499 1.0001 1.0001 1.01499 1.54115 
6.81448 1.47438 1.01601 1.00015 1.00015 1.01601 1.47438 6.81448 27.491 7.56721 1.54539 1.0183 1.0183 1.54539 7.56721 27.491 34.5897 34.8942 34.7902 34.7598 34.7513 34.7851 34.8938 34.6101 34.2256 34.159 34.1736 34.2177 34.2182 34.1741 34.1714 34.238 34.193 34.7065 34.9041 34.9497 34.9495 34.9036 34.7055 34.1933 28.8519 27.2309 7.85517 1.58107 1.5813 7.85069 27.2603 29.0107 8.16546 1.5362 1.01484 1.00007 1.00007 1.01484 1.5362 
6.75512 1.46783 1.01566 1.00019 1.00019 1.01566 1.46783 6.75512 27.145 7.48659 1.53812 1.01798 1.01798 1.53812 7.48659 27.145 33.873 34.1609 32.1206 31.5605 32.1237 32.6121 34.2321 33.9234 29.459 29.2212 29.8089 29.9048 29.8981 29.802 28.9901 29.2302 31.432 32.4805 33.953 34.4452 34.4452 33.953 32.4805 31.4293 26.7502 25.2064 7.36799 1.5352 1.53536 7.35827 25.2037 27.0175 7.62693 1.4924 1.01364 1.00011 1.00011 1.01364 1.4924 
6.196 1.38744 1.00936 1.00005 1.00005 1.00936 1.38744 6.196 25.0039 6.5398 1.44744 1.01362 1.01362 1.44744 6.5398 25.0039 34.5288 34.8881 34.878 34.859 34.8719 34.8874 34.8881 34.5288 34.7826 34.8834 34.9022 34.892 34.9088 34.9164 34.8977 34.7928 33.7855 34.7662 34.9359 34.9747 34.975 34.9363 34.7847 33.7262 26.6968 24.6458 7.02779 1.50218 1.49605 6.99404 24.6502 26.6998 7.46216 1.47549 1.01256 1.00008 1.00009 1.01276 1.47838 
6.60164 1.4212 1.01025 1.00001 1.00001 1.01025 1.4212 6.60164 26.6772 7.04477 1.48388 1.01484 1.01484 1.48388 7.04477 26.6772 34.6914 34.9474 34.9795 34.9804 34.9793 34.9784 34.9474 34.6914 34.926 34.9686 34.9793 34.9799 34.9796 34.9792 34.9682 34.9251 34.4189 34.9367 34.9868 34.9903 34.9903 34.9868 34.9372 34.383 29.2981 27.1282 7.64168 1.5584 1.55238 7.6243 27.1404 29.3094 8.20315 1.5339 1.01401 1.00005 1.00005 1.0142 1.53597 
6.6289 1.42303 1.01032 1.00004 1.00004 1.01032 1.42303 6.6289 26.8265 7.07865 1.48586 1.01492 1.01492 1.48586 7.07865 26.8265 34.7113 34.9599 34.9968 34.9988 34.9988 34.9971 34.9599 34.7113 34.9524 34.9873 34.9975 34.9983 34.9983 34.9974 34.9872 34.952 34.4828 34.9563 34.9969 34.9992 34.9992 34.9969 34.9575 34.4497 29.6536 27.4565 7.70181 1.56274 1.55676 7.68395 27.4681 29.6637 8.27905 1.53894 1.01416 1.00007 1.00008 1.01434 1.54104 
6.62379 1.42161 1.01022 1.00004 1.00004 1.01022 1.42161 6.62379 26.837 7.0772 1.48357 1.01462 1.01462 1.48357 7.0772 26.837 34.7144 34.9631 34.998 34.9999 34.9999 34.9981 34.9631 34.7144 34.9544 34.9887 34.999 34.9998 34.9998 34.999 34.9886 34.954 34.4837 34.9574 34.9977 34.9999 34.9999 34.9977 34.9586 34.4523 29.6728 27.4826 7.69734 1.56138 1.55625 7.68261 27.4941 29.6821 8.27838 1.53876 1.01398 1.00007 1.00007 1.01414 1.54044 
6.63141 1.42391 1.01036 1.00004 1.00004 1.01022 1.42161 6.62379 26.4021 7.0522 1.48357 1.01462 1.01397 1.4789 7.0772 26.837 34.7144 34.9631 34.9981 34.9999 34.9999 34.9981 34.9679 34.6673 34.954 34.9886 34.999 34.9998 34.9998 34.999 34.9886 34.954 34.4523 34.9586 34.9979 34.9999 34.9999 34.9979 34.9559 34.5037 29.6821 27.4941 7.68261 1.55625 1.55625 7.68261 27.4941 29.6821 8.27838 1.53876 1.01398 1.00007 1.00007 1.01398 1.53876 
6.63871 1.42563 1.01047 1.00004 1.00004 1.01032 1.42303 6.6289 26.3873 7.0571 1.48586 1.01492 1.01419 1.48026 7.07865 26.8265 34.7113 34.9599 34.9971 34.9988 34.9988 34.9971 34.9664 34.6663 34.952 34.9872 34.9974 34.9983 34.9983 34.9974 34.9872 34.952 34.4497 34.9575 34.9971 34.9992 34.9992 34.9971 34.9545 34.4994 29.6637 27.4681 7.68395 1.55676 1.55676 7.68395 27.4681 29.6637 8.27905 1.53894 1.01416 1.00007 1.00007 1.01416 1.53894 
6.61169 1.42379 1.0104 1.00002 1.00001 1.01025 1.4212 6.60164 26.2479 7.02669 1.48388 1.01484 1.01411 1.47829 7.04477 26.6772 34.6914 34.9474 34.9784 34.9793 34.9793 34.9784 34.9545 34.6465 34.9251 34.9682 34.9792 34.9796 34.9796 34.9792 34.9682 34.9251 34.383 34.9372 34.9869 34.9903 34.9903 34.9869 34.9352 34.4381 29.3094 27.1404 7.6243 1.55238 1.55238 7.6243 27.1404 29.3094 8.20315 1.5339 1.01401 1.00005 1.00005 1.01401 1.5339 
6.18933 1.38895 1.00947 1.00006 1.00005 1.00936 1.38744 6.196 24.6589 6.56259 1.44744 1.01362 1.01293 1.44109 6.5398 25.0039 34.5288 34.8881 34.8874 34.8719 34.8719 34.8874 34.9002 34.4305 34.7928 34.8977 34.9164 34.9088 34.9088 34.9164 34.8977 34.7928 33.7262 34.7847 34.9495 34.9821 34.9821 34.9495 34.7952 33.7919 26.6998 24.6502 6.99404 1.49605 1.49605 6.99404 24.6502 26.6998 7.46216 1.47549 1.01256 1.00008 1.00008 1.01256 1.47549 
1.74035 1.03087 1.00044 1.00002 1.00001 1.00041 1.02986 1.72785 7.6354 1.61128 1.02304 1.00035 1.00043 1.02651 1.64915 8.13284 31.6652 34.4994 34.777 34.7849 34.7849 34.777 34.5471 31.4121 34.4457 34.8786 34.9225 34.9073 34.906 34.9232 34.8722 34.4494 30.8898 34.5099 34.955 34.9814 34.9833 34.9574 34.5055 30.9048 3.76073 3.26093 1.2648 1.0197 1.02018 1.24776 3.13274 3.61385 1.27092 1.01727 1.00074 1.00003 1.00003 1.00067 1.01725 
1.37164 1.01617 1.00026 0.999984 0.999984 1.00022 1.01568 1.37418 5.37922 1.26413 1.00803 1.00011 1.00019 1.01023 1.27676 5.70416 31.4504 34.6861 34.9659 34.9777 34.9777 34.9659 34.6997 31.0918 34.4413 34.9451 34.9807 34.9807 34.9807 34.9807 34.9458 34.4529 30.6735 34.4855 34.9522 34.9864 34.9866 34.9538 34.4825 30.6891 2.29821 1.3026 1.03283 1.01433 1.01596 1.03518 1.30909 2.30019 1.08397 1.01652 1.00067 0.999985 0.999983 1.00061 1.0157 
1.35624 1.01567 1.00028 1.00001 1.00001 1.00025 1.01518 1.35887 5.22508 1.25028 1.00767 1.00014 1.00022 1.00989 1.263 5.5496 31.4408 34.7018 34.9848 34.9982 34.9982 34.9848 34.716 31.0795 34.4502 34.9613 34.9966 34.9983 34.9983 34.9966 34.9618 34.4617 30.6689 34.4928 34.9619 34.9968 34.997 34.9635 34.4898 30.6848 2.12125 1.0946 1.01843 1.01721 1.01885 1.0204 1.09729 2.11966 1.0677 1.01776 1.00069 1.00001 1.00001 1.00063 1.01675 
1.39722 1.01638 1.00026 1.00001 1.00001 1.00023 1.01596 1.3994 5.61465 1.30597 1.00971 1.00015 1.00023 1.01167 1.31818 5.93326 31.5276 34.7087 34.9863 34.9994 34.9994 34.9863 34.7227 31.1793 34.4514 34.9626 34.9979 34.9998 34.9998 34.9979 34.9628 34.4592 30.6915 34.4947 34.9643 34.9978 34.998 34.9654 34.4917 30.7176 2.33841 1.29233 1.03026 1.00931 1.01073 1.03214 1.29394 2.33789 1.08824 1.01253 1.00061 1.00001 1.00001 1.00056 1.01193 
1.3994 1.01596 1.00023 1.00001 1.00001 1.00023 1.01596 1.3994 5.93326 1.31818 1.01167 1.00023 1.00015 1.00971 1.30597 5.61465 31.7038 34.701 34.9861 34.9994 34.9994 34.9861 34.7087 31.5276 34.4592 34.9628 34.9979 34.9998 34.9998 34.9979 34.9628 34.4592 30.5044 34.4934 34.9643 34.9978 34.9978 34.9643 34.4947 30.6915 2.33789 1.29394 1.03214 1.01073 1.01073 1.03214 1.29394 2.33789 1.08824 1.01253 1.00061 1.00001 1.00001 1.00061 1.01253 
1.35887 1.01518 1.00025 1.00001 1.00001 1.00025 1.01518 1.35887 5.5496 1.263 1.00989 1.00022 1.00014 1.00767 1.25028 5.22508 31.6182 34.6939 34.9847 34.9982 34.9982 34.9847 34.7018 31.4408 34.4617 34.9618 34.9966 34.9983 34.9983 34.9966 34.9618 34.4617 30.4688 34.4884 34.9619 34.9968 34.9968 34.9619 34.4928 30.6689 2.11966 1.09729 1.0204 1.01885 1.01885 1.0204 1.09729 2.11966 1.0677 1.01776 1.00069 1.00001 1.00001 1.00069 1.01776 
1.37418 1.01568 1.00022 0.999984 0.999984 1.00022 1.01568 1.37418 5.70416 1.27676 1.01023 1.00019 1.00011 1.00803 1.26413 5.37922 31.6262 34.6786 34.9661 34.9784 34.9786 34.9661 34.6861 31.4504 34.4529 34.9458 34.9807 34.9807 34.9807 34.9807 34.9458 34.4529 30.4742 34.4812 34.9522 34.9864 34.9864 34.9522 34.4855 30.6735 2.30019 1.30909 1.03518 1.01596 1.01596 1.03518 1.30909 2.30019 1.08397 1.01652 1.00067 0.999985 0.999985 1.00067 1.01652 
1.72785 1.02986 1.00041 1.00001 1.00001 1.00041 1.02986 1.72785 8.13284 1.64915 1.02651 1.00043 1.00035 1.02304 1.61128 7.6354 31.8252 34.5036 34.7585 34.7633 34.7644 34.7533 34.4994 31.6652 34.4494 34.8722 34.9232 34.906 34.9073 34.9225 34.8722 34.4494 30.674 34.5019 34.9542 34.9809 34.9814 34.955 34.5099 30.8898 3.61385 3.13274 1.24776 1.02018 1.02018 1.24776 3.13274 3.61385 1.27092 1.01727 1.00074 1.00003 1.00003 1.00074 1.01727 
1.20882 1.00402 1.00002 1.00002 1.00002 0.999972 1.00339 1.2096 5.47285 1.26314 1.00512 1.00006 1 1.00467 1.26297 5.22287 29.2469 30.9428 31.2643 31.2572 31.2573 31.2641 30.7527 29.0948 33.3944 31.989 32.1288 32.2007 32.2007 32.1288 31.989 33.3944 29.4388 34.1226 34.697 34.67 34.67 34.6971 34.0824 29.2449 5.84552 3.8468 1.36741 1.00734 1.00734 1.36741 3.8468 5.84552 1.5415 1.01682 1.00028 1.00002 1.00002 1.00028 1.01682 
1.21177 1.00398 0.999969 0.999975 0.999974 0.99992 1.00333 1.21407 5.69898 1.27258 1.00509 1.00001 0.999959 1.00466 1.2714 5.37666 31.6853 34.2773 34.5685 34.5968 34.5956 34.5731 34.2849 31.6912 34.0736 34.4495 34.529 34.5777 34.5777 34.529 34.4495 34.0736 29.0414 34.3362 34.9388 34.97 34.9694 34.938 34.3147 28.8331 2.87329 1.28867 1.00979 0.992285 0.992285 1.00979 1.28867 2.87329 1.09218 1.00137 0.99996 0.999976 0.999976 0.99996 1.00137 
1.21152 1.00397 0.999993 1 0.999998 0.999944 1.00332 1.21384 5.71584 1.27363 1.00516 1.00003 0.999985 1.00473 1.27228 5.39012 31.8759 34.5767 34.955 34.9771 34.9769 34.9557 34.5763 31.8761 34.217 34.894 34.9431 34.9531 34.9531 34.9431 34.894 34.217 29.0166 34.3623 34.9616 34.9966 34.9966 34.9616 34.3401 28.8067 2.59456 1.06818 0.995631 0.986336 0.986336 0.995631 1.06818 2.59456 1.06053 1.00064 0.999993 1 1 0.999993 1.00064 
1.2102 1.00383 0.999993 0.999998 0.999997 0.999949 1.00324 1.2122 5.71716 1.27329 1.00518 1.00003 0.999991 1.0048 1.27132 5.39089 31.8818 34.592 34.9778 34.9981 34.9981 34.9779 34.591 31.882 34.239 34.9456 34.9925 34.9959 34.9959 34.9925 34.9456 34.239 29.0366 34.3695 34.9635 34.9983 34.9983 34.9635 34.3499 28.8309 2.64256 1.10475 0.998918 0.990246 0.990246 0.998918 1.10475 2.64256 1.0666 1.00078 0.999989 1 1 0.999989 1.00078 
1.2122 1.00324 0.999949 0.999997 0.999997 0.999949 1.00383 1.2102 5.39089 1.27132 1.0048 0.999991 1.00003 1.00518 1.27329 5.71716 31.882 34.591 34.9779 34.9981 34.9981 34.9773 34.591 31.882 34.2572 34.9459 34.9925 34.9959 34.9959 34.9925 34.9456 34.239 28.8309 34.3499 34.958 34.9979 34.9979 34.958 34.3499 28.8309 2.81351 1.11088 0.99794 0.987508 0.990246 0.998918 1.10475 2.64256 1.0666 1.00078 0.999989 1 1 0.999989 1.00078 
1.21384 1.00332 0.999944 0.999998 0.999998 0.999944 1.00397 1.21152 5.39012 1.27228 1.00473 0.999985 1.00003 1.00516 1.27363 5.71584 31.8761 34.5763 34.9557 34.9769 34.9771 34.9545 34.5763 31.8761 34.2369 34.8944 34.9432 34.9531 34.9531 34.9431 34.894 34.217 28.8067 34.3401 34.9555 34.9961 34.9961 34.9555 34.3401 28.8067 2.76853 1.07599 0.994704 0.983322 0.986336 0.995631 1.06818 2.59456 1.06053 1.00064 0.999993 1 1 0.999993 1.00064 
1.21407 1.00333 0.99992 0.999974 0.999974 0.99992 1.00398 1.21177 5.37666 1.2714 1.00466 0.999959 1.00001 1.00509 1.27258 5.69898 31.6912 34.2849 34.5731 34.5956 34.6036 34.5751 34.2849 31.6912 34.0943 34.4552 34.5337 34.5788 34.5777 34.529 34.4495 34.0736 28.8331 34.3147 34.9338 34.9708 34.9708 34.9338 34.3147 28.8331 3.03761 1.28952 1.0081 0.989261 0.992285 1.00979 1.28867 2.87329 1.09218 1.00137 0.99996 0.999976 0.999976 0.99996 1.00137 
1.2096 1.00339 0.999972 1.00002 1.00002 0.999972 1.00402 1.20882 5.22287 1.26297 1.00467 1 1.00006 1.00512 1.26314 5.47285 29.0948 30.7527 31.2641 31.2573 31.084 31.0886 30.7527 29.0948 33.3481 31.8089 31.9246 32.1891 32.2007 32.1288 31.989 33.3944 29.2449 34.0824 34.6732 34.6449 34.6449 34.6732 34.0824 29.2449 6.11592 3.94918 1.38225 1.0068 1.00734 1.36741 3.8468 5.84552 1.5415 1.01682 1.00028 1.00002 1.00002 1.00028 1.01686 
1.00349 0.999352 1 1.00003 1.00003 1 0.999348 1.00412 1.31651 1.0107 1.01283 1.00051 1.00045 1.01191 1.01214 1.35326 8.02468 5.25395 6.35313 6.37522 6.53041 6.51124 5.43459 8.30217 26.2004 10.9263 6.50179 6.25066 6.03507 6.28337 10.9246 26.1914 29.8131 30.8877 31.8033 31.6105 31.4452 31.6558 30.8877 29.8131 24.8339 22.0112 6.66735 1.51171 1.51171 6.66735 22.0112 24.8339 7.42846 1.57399 1.02932 1.00058 1.00058 1.02928 1.57401 
0.999549 0.999322 0.999963 0.999982 0.999982 0.999963 0.999302 0.999738 1.0887 1.00345 1.01256 1.00045 1.00039 1.01127 1.00369 1.09978 5.48878 1.52392 1.34407 1.33946 1.34204 1.34676 1.53516 5.61635 27.8015 8.00847 2.16146 1.82646 1.82896 2.16619 8.0094 27.8018 33.3704 34.2958 34.4295 34.318 34.3419 34.4611 34.2958 33.3704 29.9987 26.6167 7.86135 1.62249 1.62249 7.86135 26.6167 29.9987 8.86934 1.70629 1.03646 1.00068 1.00068 1.03641 1.70637 
0.999686 0.999359 0.999989 1 1 0.999989 0.999338 0.999863 1.08739 1.00373 1.01268 1.00047 1.00042 1.01139 1.00396 1.09763 5.37976 1.31819 1.0086 0.999248 0.997475 1.00613 1.32104 5.4991 28.0085 7.67363 1.57789 1.2625 1.26003 1.57725 7.67427 28.0083 33.8982 34.7749 34.8751 34.7517 34.7502 34.8753 34.7749 33.8982 30.2499 26.8124 7.88616 1.62369 1.62369 7.88616 26.8124 30.2499 8.91003 1.70857 1.03654 1.00071 1.00071 1.03649 1.70867 
1.0037 0.999427 0.999994 1.00001 1.00001 0.999994 0.999398 1.00409 1.19361 1.01222 1.01551 1.00054 1.00049 1.01448 1.01274 1.20557 5.78369 1.84568 1.22183 1.20882 1.20881 1.22042 1.8509 5.90194 27.791 7.69714 1.77888 1.48253 1.48034 1.77808 7.69761 27.7912 33.5773 34.5103 34.7134 34.6 34.5998 34.7157 34.5103 33.5773 29.8185 26.4396 7.63677 1.58575 1.58575 7.63677 26.4396 29.8185 8.65092 1.66822 1.0327 1.00059 1.0006 1.03266 1.66819 
1.00409 0.999398 0.999993 1.00001 1.00001 0.999994 0.999398 1.00409 1.20557 1.01274 1.01448 1.00049 1.00049 1.01448 1.01274 1.20557 5.78369 1.84568 1.22183 1.20882 1.20882 1.22183 1.84568 5.78369 27.7912 7.69761 1.77808 1.48034 1.48034 1.77808 7.69761 27.7912 33.5785 34.5163 34.7157 34.5998 34.6 34.7134 34.5103 33.5773 29.8185 26.4396 7.63677 1.58575 1.5546 7.40764 26.6258 30.0336 8.65092 1.66822 1.0327 1.00059 1.00059 1.0327 1.66822 
0.999863 0.999338 0.999988 1 1 0.999989 0.999338 0.999863 1.09763 1.00396 1.01139 1.00042 1.00042 1.01139 1.00396 1.09763 5.37976 1.31819 1.0086 0.999248 0.999248 1.0086 1.31819 5.37976 28.0083 7.67427 1.57725 1.26003 1.26003 1.57725 7.67427 28.0083 33.8983 34.7772 34.8753 34.7502 34.7517 34.8751 34.7749 33.8982 30.2499 26.8124 7.88616 1.62369 1.58508 7.58949 27.0637 30.5111 8.91003 1.70857 1.03654 1.00071 1.00071 1.03654 1.70857 
0.999738 0.999302 0.999963 0.999983 0.999982 0.999963 0.999302 0.999738 1.09978 1.00369 1.01127 1.00039 1.00039 1.01127 1.00369 1.09978 5.48878 1.52392 1.34407 1.33946 1.33946 1.34407 1.52392 5.48878 27.8018 8.0094 2.16619 1.82896 1.82896 2.16619 8.0094 27.8018 33.4026 34.3265 34.4611 34.3419 34.318 34.4295 34.2958 33.3704 29.9987 26.6167 7.86135 1.62249 1.58389 7.56529 26.8692 30.2529 8.86934 1.70629 1.03646 1.00068 1.00068 1.03646 1.70629 
1.00412 0.999348 1 1.00003 1.00003 1 0.999348 1.00412 1.35326 1.01214 1.01191 1.00045 1.00045 1.01191 1.01214 1.35326 8.02468 5.25395 6.35313 6.37522 6.37522 6.35313 5.25395 8.02468 26.1914 10.9246 6.28337 6.03507 6.03507 6.28337 10.9246 26.1914 29.9522 31.0523 31.6558 31.4452 31.6105 31.8033 30.8877 29.8131 24.8339 22.0112 6.66735 1.51171 1.48026 6.43287 22.1466 24.9631 7.42846 1.57399 1.02932 1.00058 1.00058 1.02932 1.57399 
1.00005 1 1 1 1 1 1 1.00004 1.00373 1.00007 1.00013 1 1 1.00013 1.00007 1.00373 1.4258 1.17167 1.23927 1.2423 1.2423 1.23927 1.17167 1.4258 4.1201 1.4758 1.12881 1.12132 1.12132 1.12881 1.43884 3.96588 6.46645 6.85385 7.21694 7.14349 7.10411 7.16907 6.79922 6.43613 2.46201 2.32479 1.18614 1.00713 1.00916 1.27717 2.75369 2.74306 1.12016 1.00385 1.00009 0.999993 0.999995 1.00011 1.00457 
1.00001 0.999976 0.999979 0.999979 0.999979 0.999979 0.999976 1.00001 1.00019 0.999957 0.999973 0.999978 0.999978 0.999973 0.999957 1.00019 1.00378 0.993276 0.9948 0.995336 0.995336 0.9948 0.993276 1.00378 1.35685 1.02255 1.02464 1.02406 1.02406 1.02464 1.02222 1.36008 1.45164 1.5069 1.51983 1.50548 1.47843 1.48834 1.47048 1.42327 1.08834 1.08249 1.00511 1.00006 1.00002 1.00588 1.08805 1.09219 1.00465 1.00008 0.999967 0.999978 0.999978 0.999967 1.00007 
1.00002 1 1 1 1 1 1 1.00002 0.999992 0.999979 1 1 1 1 0.999979 0.999992 0.999746 0.999482 0.999524 0.999528 0.999528 0.999524 0.999482 0.999746 1.01974 1.00054 1.00143 1.00143 1.00143 1.00143 1.00054 1.01974 1.01601 1.02018 1.01789 1.01686 1.01524 1.01602 1.01771 1.01422 1.00221 1.00207 1.00005 0.999985 0.999984 1.00003 1.00181 1.00205 1.0001 0.999988 1 1 1 1 0.999988 
1.00002 0.999997 1 1 1 1 0.999997 1.00002 1 0.999978 1 1 1 1 0.999978 1 1.00002 0.999969 0.999997 0.999998 0.999998 0.999997 0.999969 1.00002 1.00046 0.999969 1.00002 1.00002 1.00002 1.00002 0.999969 1.00046 1.00021 1.00029 1.0002 1.00017 1.00012 1.00014 1.0002 1.00016 1.00002 0.999994 0.99999 1 1 0.999992 0.999979 1.00001 1.00001 0.999997 1 1 1 1 0.999997 
1.00002 0.999997 1 1 1 1 0.999997 1.00002 1 0.999979 1 1 1 1 0.999978 1 1.00002 0.999969 0.999997 0.999998 0.999999 0.999998 0.999971 1.00002 1.00046 0.999969 1.00002 1.00002 1.00002 1.00002 0.999969 1.00046 1.00019 1.00025 1.00017 1.00014 1.00017 1.0002 1.00029 1.00021 1.00001 0.99998 0.999992 1 1 0.999991 0.99998 1.00002 1.00001 0.999997 1 1 1 1 0.999997 
1.00002 1 1 1 1 1 1 1.00002 0.999991 0.999979 1 1 1 1 0.999979 0.999992 0.999746 0.999482 0.999524 0.999528 0.999588 0.999574 0.999528 0.999797 1.01974 1.00054 1.00143 1.00143 1.00143 1.00143 1.00054 1.01974 1.01513 1.01897 1.01697 1.01606 1.01686 1.01789 1.02018 1.01601 1.00205 1.00181 1.00003 0.999984 0.999985 1.00005 1.00181 1.00213 1.0001 0.999988 1 1 1 1 0.999988 
1.00001 0.999976 0.999979 0.999979 0.999979 0.999979 0.999976 1.00001 1.00021 0.999959 0.999975 0.999978 0.999978 0.999973 0.999957 1.00019 1.00378 0.993276 0.9948 0.995336 0.995817 0.995377 0.994146 1.00481 1.36008 1.02222 1.02462 1.02405 1.02406 1.02464 1.02255 1.35685 1.43801 1.49035 1.50476 1.49195 1.50548 1.51983 1.5069 1.45164 1.0883 1.08485 1.0058 1.00004 1.00007 1.00511 1.08485 1.08644 1.00464 1.00007 0.999967 0.999978 0.999978 0.999967 1.00008 
1.00004 1 1 1 1 1 1 1.00004 1.0027 1.00007 1.00016 1 1 1.00013 1.00007 1.00373 1.4258 1.17167 1.23927 1.2423 1.24064 1.23763 1.17925 1.45226 3.96588 1.43884 1.11568 1.11007 1.12132 1.12881 1.4758 4.1201 6.29687 6.66293 7.02553 6.96031 7.14349 7.21694 6.85385 6.46645 2.49082 2.54615 1.2509 1.00857 1.00678 1.17229 2.54615 2.34858 1.14 1.00457 1.00011 0.999995 0.999993 1.00009 1.00385 
1.00003 1.00002 1.00002 1.00002 1.00002 1.00002 1.00002 1.00003 1 0.999997 1.00003 1.00002 1.00002 1.00003 0.999997 1 1.03221 1.0319 1.02928 1.02785 1.02785 1.02928 1.0319 1.03221 1.06106 1.00215 0.978565 0.978472 0.978472 0.978565 1.00215 1.06106 1.34757 1.39283 1.41229 1.40158 1.39931 1.41001 1.39076 1.34552 1.06291 1.05759 1.00441 1.00014 1.00014 1.00425 1.05759 1.06466 1.00191 1.00005 1.00001 1.00002 1.00002 1.00001 1.00005 
1.00002 0.999994 0.999997 0.999997 0.999997 0.999997 0.999994 1.00002 1.00002 0.999976 0.999999 0.999997 0.999997 0.999999 0.999976 1.00002 1.00163 1.00174 1.00149 1.00138 1.00138 1.00149 1.00174 1.00163 0.999501 0.999919 0.9992 0.999201 0.999201 0.9992 0.999919 0.999501 1.00855 1.00992 1.01035 1.00993 1.00992 1.01034 1.00991 1.00855 1.00118 1.00107 1.00003 0.999983 0.999983 1.00003 1.00107 1.00117 1.00003 0.999991 0.999997 0.999997 0.999997 0.999997 0.999991 
1.00002 0.999997 1 1 1 1 0.999997 1.00002 1.00001 0.999979 1 1 1 1 0.999979 1.00001 1.00006 1.00002 1.00003 1.00003 1.00003 1.00003 1.00002 1.00006 0.999949 0.99998 0.999994 0.999994 0.999994 0.999994 0.99998 0.999949 1.00003 1.00001 1.00003 1.00003 1.00003 1.00003 1.00001 1.00003 1 0.999978 0.999993 1 1 0.999993 0.999978 1 1.00002 0.999997 1 1 1 1 0.999997 
1.00002 0.999997 1 1 1 1 0.999997 1.00002 1 0.999979 1 1 1 1 0.999979 1 1.00001 0.999967 0.999994 0.999992 0.999992 0.999994 0.999967 1.00001 1.00004 0.999977 1.00001 1.00001 1.00001 1.00001 0.999977 1.00004 1.00002 0.99998 0.999996 0.999992 0.999992 0.999996 0.99998 1.00002 1 0.999975 1 1 1 1 0.999975 1 1.00002 0.999997 1 1 1 1 0.999997 
0 0 0 0 1 1 0.999997 1.00002 1 0.999979 1 1 1 1 0.999979 1 1.00001 0.999967 0.999994 0.999992 0.999992 0.999994 0.999967 1.00001 1.00003 0.999977 1 1 1.00001 1.00001 0.999977 1.00004 1.00002 0.99998 0.999996 0.999992 0.999992 0.999996 0.99998 1.00002 1 0.999975 1 1 1 1 0.999975 1 1.00002 0.999997 1 1 0 0 0 
0 0 0 0 1 1 0.999997 1.00002 1.00001 0.999979 1 1 1 1 0.999979 1.00001 1.00006 1.00002 1.00003 1.00003 1.00002 1.00003 1.00001 1.00005 0.999962 0.99998 0.999995 0.999996 0.999994 0.999994 0.99998 0.999949 1.00003 1.00001 1.00003 1.00003 1.00003 1.00003 1.00001 1.00003 1 0.999978 0.999993 1 1 0.999993 0.999978 1 1.00002 0.999997 1 1 0 0 0 
0 0 0 0 0.999997 0.999997 0.999994 1.00002 1.00002 0.999976 0.999999 0.999997 0.999997 0.999999 0.999976 1.00002 1.00163 1.00174 1.00149 1.00138 1.00132 1.00142 1.00165 1.00156 0.999737 0.999924 0.999228 0.999228 0.999201 0.9992 0.999919 0.999501 1.00855 1.00991 1.01034 1.00992 1.00993 1.01035 1.00992 1.00855 1.00117 1.00107 1.00003 0.999983 0.999983 1.00003 1.00107 1.00118 1.00003 0.999991 0.999997 0.999997 0 0 0 
