0 0 0 0 1.00002 1.00001 1.00005 1.004 1.13153 1.00765 1.00017 1.00001 1.00001 1.00017 1.00748 1.12833 1.08424 1.0727 1.00325 0.996398 0.995252 1.00218 1.07179 1.08529 1.03102 1.03021 1.02973 1.02907 1.02803 1.02864 1.02915 1.02982 1.00502 1.04401 1.27554 1.37608 1.37679 1.27764 1.04551 1.00512 1.00013 1.00009 1.00002 1.00002 1.00002 1.00003 1.00021 1.00018 1.00006 1.00002 1.00002 1.00002 0 0 0 
0 0 0 0 0.999997 0.999997 0.999988 1.00009 1.00273 1.00004 0.999983 0.999997 0.999997 0.999983 1.00003 1.00256 1.00133 1.00102 0.999868 0.999776 0.999731 0.999816 1.001 1.00138 1.00156 1.00153 1.00164 1.00155 1.00148 1.00156 1.00146 1.00149 1.00019 1.00158 1.01077 1.0145 1.01512 1.01125 1.00167 1.0002 0.999999 0.999972 1 0.999997 0.999997 1 0.999973 0.999999 1.00002 0.999994 0.999997 0.999997 0 0 0 
0 0 0 0 1 1 0.999997 1.00001 1.00002 0.999966 1 1 1 1 0.999966 1.00002 1.00002 0.999966 1 0.999998 0.999997 0.999999 0.999965 1.00002 1.00005 1.00001 1.00004 1.00003 1.00003 1.00003 1 1.00005 0.999993 0.999998 1.00022 1.00027 1.00029 1.00023 1 0.999993 1.00001 0.999977 1 1 1 1 0.999977 1.00001 1.00002 0.999997 1 1 0 0 0 
0 0 0 0 1 1 0.999997 1.00002 1 0.999978 1 1 1 1 0.999978 1 1.00002 0.999974 1 1 1 1 0.999974 1.00002 1.00001 0.999967 0.999992 0.999991 0.999991 0.999993 0.999968 1.00001 1.00002 0.999969 0.999983 0.999983 0.999983 0.999983 0.999968 1.00002 1.00001 0.999978 1 1 1 1 0.999978 1.00001 1.00002 0.999997 1 1 0 0 0 
1.00002 0.999997 1 1 1 1 0.999997 1.00002 1 0.999978 1 1 1 1 0.999978 1 1.00002 0.999974 1 1 1 1 0.999974 1.00002 1.00001 0.999967 0.999992 0.999991 0.999991 0.999992 0.999967 1.00001 1.00002 0.999968 0.999983 0.999983 0.999983 0.999983 0.999968 1.00002 1.00001 0.999978 1 1 1 1 0.999978 1.00001 1.00002 0.999997 1 1 1 1 0.999997 
1.00001 0.999997 1 1 1 1 0.999997 1.00001 1.00002 0.999966 1 1 1 1 0.999966 1.00002 1.00002 0.999966 0.999999 0.999997 0.999998 1 0.999966 1.00002 1.00005 1.00001 1.00004 1.00003 1.00003 1.00004 1.00001 1.00005 0.999993 1 1.00023 1.00029 1.00029 1.00023 1 0.999993 1.00001 0.999977 1 1 1 1 0.999977 1.00001 1.00002 0.999997 1 1 1 1 0.999997 
1.00009 0.999988 0.999997 0.999997 0.999997 0.999997 0.999988 1.00009 1.00273 1.00004 0.999983 0.999997 0.999997 0.999983 1.00004 1.00273 1.00133 1.00102 0.999816 0.999731 0.999776 0.999868 1.00102 1.00133 1.00156 1.00153 1.00164 1.00155 1.00155 1.00164 1.00153 1.00156 1.0002 1.00167 1.01125 1.01512 1.01512 1.01125 1.00167 1.0002 0.999999 0.999972 1 0.999997 0.999997 1 0.999972 0.999999 1.00002 0.999994 0.999997 0.999997 0.999997 0.999997 0.999994 
1.004 1.00005 1.00001 1.00002 1.00002 1.00001 1.00005 1.004 1.13153 1.00765 1.00017 1.00001 1.00001 1.00017 1.00765 1.13153 1.08424 1.0727 1.00218 0.995252 0.996398 1.00325 1.0727 1.08424 1.03102 1.03021 1.02973 1.02907 1.02907 1.02973 1.03021 1.03102 1.00512 1.04551 1.27764 1.37679 1.37679 1.27764 1.04551 1.00512 1.00013 1.00009 1.00002 1.00002 1.00002 1.00002 1.00009 1.00013 1.00006 1.00002 1.00002 1.00002 1.00002 1.00002 1.00002 
1.16265 1.00439 1.00004 0.999994 0.999994 1.00004 1.00439 1.16265 3.33012 1.2682 1.00806 1.00011 1.00011 1.00806 1.2682 3.33012 3.0645 2.9086 1.30108 1.06516 1.07636 1.338 3.02562 3.18824 1.05233 1.05098 1.04129 1.05621 1.04771 1.0311 1.04055 1.03909 1.04062 1.50931 4.58733 5.92302 5.92302 4.58733 1.50931 1.04062 1.00706 1.0086 1.00048 1.00002 1.00002 1.00048 1.0086 1.00706 0.999724 0.999973 1.00001 1.00001 1.00001 1.00001 0.999975 
1.00435 1.00007 0.999967 0.999978 0.999978 0.999967 1.00007 1.00435 1.13179 1.00721 1.00009 0.999961 0.999961 1.00009 1.00721 1.13179 1.10026 1.08932 1.01383 1.00586 1.00567 1.01378 1.09195 1.10135 1.03422 1.03367 1.02858 1.03051 1.03123 1.02932 1.03442 1.03486 1.00288 1.01204 1.2126 1.3629 1.3629 1.2126 1.01204 1.00288 0.999943 0.999777 0.999977 0.999977 0.999977 0.999977 0.999777 0.999943 0.999988 0.999977 0.999978 0.999978 0.999978 0.999978 0.999976 
1.00004 0.999984 1 1 1 1 0.999984 1.00004 1.0023 1.00001 0.999985 1 1 0.999985 1.00001 1.0023 1.00165 1.00135 1.00039 1.00025 1.00025 1.00039 1.00138 1.00159 1.00189 1.00184 1.00165 1.00162 1.00169 1.00172 1.00192 1.00197 1.00008 0.999955 1.00327 1.00857 1.00857 1.00327 0.999955 1.00008 1.00001 0.999987 1 1 1 1 0.999987 1.00001 1.00003 1 1 1 1 1 1 
1.00002 0.999997 1 1 1 1 0.999997 1.00002 0.999998 0.999969 1 1 1 1 0.999969 0.999998 1.00002 0.999971 1.00001 1 1 1.00001 0.999973 1.00002 1.00005 1.00001 1.00003 1.00003 1.00003 1.00003 1.00001 1.00006 1 0.99997 0.999968 1.00001 1.00001 0.999968 0.99997 1 1.00001 0.999979 1 1 1 1 0.999979 1.00001 1.00002 0.999997 1 1 1 1 0.999997 
1.00002 0.999997 1 1 1 1 0.999997 1.00002 0.999998 0.999969 1 1 1 1 0.999969 0.999998 1.00002 0.999973 1.00001 1 1 1.00001 0.999973 1.00002 1.00006 1.00001 1.00003 1.00003 1.00003 1.00003 1.00001 1.00006 1 0.99997 0.999969 1.00001 1.00001 0.999968 0.99997 1 1.00001 0.99998 1 1 1 1 0.99998 1.00001 1.00002 0.999997 1 1 1 1 0.999997 
1.00004 0.999984 1 1 1 1 0.999984 1.00004 1.0023 1.00001 0.999985 1 1 0.999985 1.00001 1.0023 1.00159 1.00138 1.00039 1.00025 1.00025 1.00039 1.00138 1.00159 1.00197 1.00192 1.00172 1.00169 1.00169 1.00172 1.00192 1.00197 1.00008 0.999958 1.0033 1.00856 1.00857 1.00327 0.999955 1.00008 1.00001 0.999983 1 1 1 1 0.999985 1.00001 1.00003 1 1 1 1 1 1 
1.00446 1.00006 0.999966 0.999978 0.999978 0.999967 1.00007 1.00435 1.13179 1.00721 1.00009 0.999961 0.999961 1.00008 1.00731 1.13373 1.10135 1.09195 1.01378 1.00567 1.00567 1.01378 1.09195 1.10135 1.03486 1.03442 1.02932 1.03123 1.03123 1.02932 1.03442 1.03486 1.00293 1.0125 1.21494 1.36541 1.3629 1.2126 1.01204 1.00288 0.9998 0.999525 0.999971 0.999977 0.999976 0.999978 0.999694 0.999933 0.999988 0.999977 0.999978 0.999978 0.999978 0.999978 0.999977 
1.17806 1.00488 1.00004 0.999995 0.999994 1.00004 1.00439 1.16265 3.33012 1.2682 1.00806 1.00011 1.00011 1.00853 1.28328 3.43486 3.18824 3.02562 1.338 1.07636 1.07636 1.338 3.02562 3.18824 1.03909 1.04055 1.0311 1.04771 1.04771 1.0311 1.04055 1.03909 1.04206 1.53188 4.66516 6.0272 5.92302 4.58733 1.50931 1.04062 1.00354 1.00564 1.00047 1.00002 1.00003 1.00108 1.01437 1.01123 0.999724 0.999973 1.00001 1.00001 1.00001 1.00001 0.999973 
6.30985 1.40998 1.01057 1.00006 1.00006 1.01057 1.40808 6.32105 23.4145 6.82428 1.49853 1.01543 1.01543 1.49853 6.96715 24.074 26.9494 25.0607 9.67066 4.83229 4.83229 9.67066 24.1782 25.8758 2.75387 2.94176 2.80789 2.95064 2.95064 2.80789 2.94176 2.75387 1.85427 7.36981 22.0832 26.7841 26.7752 22.0667 7.36064 1.85749 1.85367 1.93357 1.15843 1.00534 1.00312 1.10067 1.93752 1.85585 1.24778 1.00819 1.00012 1.00001 1.00001 1.00012 1.00752 
6.81288 1.44986 1.01165 1.00002 1.00002 1.01165 1.44682 6.80357 26.0173 7.36531 1.53903 1.01676 1.01676 1.53903 7.44374 26.2207 29.8135 27.0426 7.97057 1.80749 1.80749 7.97057 26.8791 29.4048 1.12537 1.11228 1.0807 1.07478 1.07478 1.0807 1.11228 1.12537 1.91166 8.8708 26.6228 32.4158 32.4215 26.632 8.87297 1.90951 1.08714 1.09522 1.00602 1.00007 1.00004 1.00442 1.08631 1.08614 1.00977 1.00018 0.999958 0.999976 0.999976 0.999959 1.00018 
5.77263 1.36176 1.00907 1.00003 1.00003 1.00907 1.35947 5.76362 21.5528 6.19803 1.43106 1.01331 1.01331 1.43106 6.23651 21.4978 24.5469 22.4579 6.58655 1.49447 1.49447 6.58655 22.3719 24.2867 1.02008 0.98278 0.985803 0.987005 0.987005 0.985803 0.98278 1.02008 1.74575 7.41708 21.9519 26.3176 26.2932 21.9238 7.40789 1.74275 1.01684 1.00384 1.00011 0.999983 0.999986 1.00006 1.00335 1.01968 1.00033 0.999989 1 1 1 1 0.999989 
1.66235 1.02224 1.00019 0.999981 0.999981 1.00019 1.02203 1.66144 7.36579 1.80767 1.032 1.00036 1.00036 1.032 1.85572 7.63687 8.03457 7.34618 1.81161 1.0255 1.0255 1.81161 7.28555 7.93028 1.07323 1.07377 1.07408 1.07055 1.07055 1.07408 1.07377 1.07323 1.05063 1.9482 7.2559 8.54166 8.56298 7.28027 1.95644 1.05516 1.00073 1.00003 0.999987 1 1 0.999991 1.00002 1.00078 1.00002 0.999995 1 1 1 1 0.999995 
1.66144 1.02203 1.00019 0.999981 0.999981 1.00019 1.02224 1.66235 7.63687 1.85572 1.032 1.00036 1.00039 1.03244 1.85572 7.54518 8.03457 7.34618 1.80638 1.02779 1.0255 1.81161 7.34618 8.03457 1.07321 1.07376 1.07408 1.07055 1.07055 1.07408 1.07377 1.07323 1.05516 1.95644 7.28027 8.56298 8.54166 7.2559 1.9482 1.05063 1.00073 1.00003 0.99999 1 1 0.999987 1.00003 1.00073 1.00002 0.999995 1 1 1 1 0.999995 
5.76362 1.35947 1.00896 1.00003 1.00003 1.00907 1.36176 5.77263 21.4978 6.23651 1.43106 1.01331 1.01393 1.43468 6.23651 21.5175 24.5469 22.4579 6.4905 1.4826 1.49447 6.58655 22.4579 24.5469 1.01994 0.982755 0.985813 0.987008 0.987005 0.985803 0.98278 1.02008 1.74275 7.40789 21.9238 26.2932 26.3176 21.9519 7.41708 1.74575 1.01669 1.00367 1.00008 0.999986 0.999983 1.00011 1.00367 1.01684 1.00026 0.999989 1 1 1 1 0.999989 
6.80357 1.44682 1.0115 1.00002 1.00002 1.01165 1.44986 6.81288 26.2207 7.44374 1.53903 1.01676 1.01752 1.54322 7.44374 26.1553 29.8135 27.0426 7.8551 1.80505 1.80749 7.97057 27.0426 29.8135 1.12433 1.11118 1.08023 1.07489 1.07478 1.0807 1.11228 1.12537 1.90951 8.87297 26.632 32.4215 32.4158 26.6228 8.8708 1.91166 1.08582 1.09422 1.00499 1.00005 1.00007 1.00602 1.09422 1.08714 1.00971 1.00018 0.999959 0.999976 0.999976 0.999958 1.00018 
6.32105 1.40808 1.01045 1.00006 1.00006 1.01057 1.40998 6.30985 24.074 6.96715 1.49853 1.01543 1.0161 1.50294 6.96715 24.0109 26.9494 25.0607 10.115 5.33724 4.83229 9.67066 25.0607 26.9494 2.75801 2.94596 3.0141 3.14649 2.95064 2.80789 2.94176 2.75387 1.85749 7.36064 22.0667 26.7752 26.7841 22.0832 7.36981 1.85427 2.01727 2.08935 1.12211 1.00393 1.00534 1.15843 2.08935 1.85367 1.22489 1.00752 1.00012 1.00001 1.00001 1.00012 1.00819 
6.83806 1.47808 1.01617 1.00019 1.00021 1.01686 1.47808 6.83806 27.0732 7.54759 1.55016 1.01875 1.01875 1.54994 7.54759 26.8503 33.8541 34.1538 31.9976 31.4084 32.1525 32.6489 34.1538 33.8541 29.0701 28.8266 29.623 29.7298 29.9523 29.8528 29.0604 29.3019 31.0218 32.1225 33.9589 34.448 34.4481 33.9591 32.5117 31.4365 26.5063 24.9821 7.41029 1.55124 1.55359 7.43378 24.9821 26.5063 7.7197 1.51057 1.01464 1.00012 1.00011 1.0143 1.50645 
6.90124 1.48476 1.01653 1.00015 1.00017 1.01726 1.48476 6.90124 27.4367 7.62807 1.55751 1.01908 1.01909 1.55735 7.62807 27.2172 34.5866 34.8892 34.7787 34.7467 34.7425 34.7789 34.8892 34.5866 34.208 34.1392 34.1469 34.1935 34.185 34.1376 34.1265 34.1953 34.1993 34.7034 34.8992 34.9469 34.9466 34.8979 34.6926 34.1499 28.7349 27.1255 7.92497 1.59983 1.60148 7.93174 27.1255 28.7349 8.26142 1.55622 1.01595 1.00009 1.00008 1.0156 1.55283 
6.90492 1.48498 1.01655 1.00018 1.0002 1.01728 1.48498 6.90492 27.4712 7.63288 1.55789 1.01911 1.01911 1.5577 7.63288 27.2473 34.6664 34.9651 34.9864 34.9863 34.9878 34.988 34.9651 34.6664 34.8929 34.8992 34.908 34.9163 34.9163 34.908 34.8992 34.8928 34.538 34.9514 34.9939 34.9974 34.9974 34.9936 34.9513 34.5026 29.0637 27.4382 7.98706 1.60438 1.6061 7.99256 27.4382 29.0637 8.34165 1.56158 1.01611 1.00011 1.0001 1.01575 1.55814 
6.90252 1.48188 1.01615 1.00016 1.00018 1.01682 1.48188 6.90252 27.4794 7.62531 1.55539 1.01874 1.01874 1.5552 7.62531 27.2585 34.6704 34.9693 34.9982 34.9994 34.9995 34.9982 34.9693 34.6704 34.9599 34.982 34.9914 34.9932 34.9932 34.9914 34.982 34.9601 34.558 34.9654 34.9984 34.9999 34.9999 34.9984 34.9652 34.524 29.09 27.4596 7.98632 1.60458 1.60641 7.99121 27.4596 29.09 8.34603 1.56179 1.0159 1.00011 1.0001 1.01559 1.55885 
6.89116 1.48953 1.01682 1.00018 1.00018 1.01682 1.48188 6.90252 27.2585 7.60729 1.5552 1.01874 1.01874 1.55539 7.62531 27.4794 34.6954 34.9684 34.9982 34.9995 34.9995 34.9982 34.9684 34.6954 34.9601 34.982 34.9914 34.9932 34.9932 34.9914 34.982 34.9601 34.524 34.9652 34.9984 34.9999 34.9999 34.9984 34.9652 34.524 29.215 27.4617 7.99121 1.60641 1.60612 8.00057 27.4538 29.2243 8.34103 1.55885 1.01559 1.0001 1.00011 1.0159 1.56179 
6.89099 1.49326 1.01728 1.0002 1.0002 1.01728 1.48498 6.90492 27.2473 7.61624 1.5577 1.01911 1.01911 1.55789 7.63288 27.4712 34.6914 34.9642 34.988 34.9878 34.9878 34.988 34.9642 34.6914 34.8928 34.8992 34.908 34.9163 34.9163 34.908 34.8992 34.8928 34.5026 34.9513 34.9936 34.9974 34.9974 34.9939 34.9513 34.5026 29.1906 27.4428 7.99256 1.6061 1.60582 8.00202 27.4347 29.1982 8.33616 1.55814 1.01575 1.0001 1.00011 1.01611 1.56158 
6.88725 1.49303 1.01726 1.00017 1.00017 1.01726 1.48476 6.90124 27.2172 7.61164 1.55735 1.01909 1.01908 1.55751 7.62807 27.4367 34.6082 34.8892 34.7789 34.7425 34.7425 34.7789 34.8892 34.6082 34.1953 34.1265 34.1376 34.185 34.185 34.1376 34.1265 34.1953 34.1499 34.6926 34.8979 34.9466 34.9469 34.8992 34.6926 34.1499 28.8634 27.1377 7.93174 1.60148 1.60128 7.94107 27.1312 28.8771 8.25755 1.55283 1.0156 1.00008 1.00009 1.01595 1.55622 
6.82512 1.48588 1.01686 1.00021 1.00021 1.01686 1.47808 6.83806 26.8503 7.52783 1.54994 1.01875 1.01875 1.55016 7.54759 27.0732 33.9013 34.2267 32.6489 32.1525 32.1525 32.6489 34.2267 33.9013 29.3019 29.0604 29.8528 29.9523 29.9523 29.8528 29.0604 29.3019 31.4365 32.5117 33.9591 34.4481 34.448 33.9589 32.5117 31.4365 26.9237 25.1341 7.43378 1.55359 1.55323 7.44223 25.1167 26.7688 7.6889 1.50645 1.0143 1.00011 1.00012 1.01464 1.51057 
6.2614 1.39947 1.00989 1.00006 1.00006 1.00999 1.39947 6.2614 24.4229 6.60373 1.45884 1.0142 1.01454 1.46227 6.6091 24.8662 34.5291 34.8796 34.8698 34.8518 34.8518 34.8698 34.8796 34.5291 34.7752 34.8833 34.904 34.8937 34.8937 34.904 34.8833 34.7752 33.688 34.7699 34.9309 34.9719 34.9715 34.9294 34.7699 33.688 26.6174 24.5826 7.07334 1.51547 1.52117 7.10362 24.5575 26.7323 7.56013 1.49259 1.01341 1.00009 1.00009 1.01341 1.49259 
6.67015 1.43426 1.01084 1.00002 1.00002 1.01098 1.43426 6.67015 26.0806 7.08517 1.49715 1.01551 1.01587 1.50042 7.11441 26.5006 34.6941 34.9441 34.9775 34.9787 34.9787 34.9775 34.9441 34.6941 34.9219 34.9673 34.9785 34.979 34.979 34.9785 34.9673 34.9219 34.3624 34.9343 34.9862 34.9901 34.9901 34.9862 34.9343 34.3624 29.1606 27.0119 7.7098 1.57439 1.58005 7.72771 27.0153 29.3154 8.30637 1.55336 1.01498 1.00006 1.00006 1.01498 1.55336 
6.69895 1.43622 1.01091 1.00004 1.00005 1.01106 1.43622 6.69895 26.2205 7.11652 1.49926 1.01559 1.01596 1.50255 7.14945 26.6538 34.7145 34.9572 34.9968 34.9987 34.9987 34.9968 34.9572 34.7145 34.9496 34.9868 34.9973 34.9982 34.9982 34.9973 34.9868 34.9496 34.433 34.9554 34.9967 34.9992 34.9992 34.9967 34.9554 34.433 29.5325 27.3544 7.77325 1.57914 1.58468 7.79003 27.346 29.6722 8.38736 1.55881 1.01514 1.00008 1.00008 1.01514 1.55881 
6.69473 1.43489 1.01081 1.00004 1.00004 1.01094 1.43489 6.69473 26.2387 7.11253 1.49715 1.0153 1.01562 1.49997 7.14663 26.6627 34.7172 34.9607 34.9979 34.9999 34.9999 34.9979 34.9607 34.7172 34.9518 34.9884 34.9989 34.9998 34.9998 34.9989 34.9884 34.9518 34.4351 34.9566 34.9975 34.9999 34.9999 34.9975 34.9566 34.4351 29.5544 27.3837 7.77066 1.57815 1.58282 7.78414 27.3742 29.6932 8.38552 1.5584 1.01494 1.00008 1.00008 1.01494 1.5584 
6.69971 1.4366 1.01094 1.00004 1.00004 1.01081 1.43489 6.69473 26.2387 7.11253 1.49715 1.0153 1.0153 1.49715 7.11253 26.2387 34.671 34.9672 34.9981 34.9999 34.9999 34.9979 34.9607 34.7172 34.9513 34.9883 34.9989 34.9998 34.9998 34.9989 34.9884 34.9518 34.4889 34.9547 34.9975 34.9999 34.9999 34.9975 34.9566 34.4351 29.5624 27.4004 7.75981 1.57287 1.57815 7.77066 27.3837 29.5544 8.38552 1.5584 1.01494 1.00008 1.00007 1.01481 1.55735 
6.7061 1.43824 1.01106 1.00005 1.00004 1.01091 1.43622 6.69895 26.2205 7.11652 1.49926 1.01559 1.01559 1.49926 7.11652 26.2205 34.6695 34.966 34.9971 34.9988 34.9987 34.9968 34.9572 34.7145 34.9493 34.9867 34.9973 34.9982 34.9982 34.9973 34.9868 34.9496 34.488 34.9536 34.9967 34.9992 34.9992 34.9967 34.9554 34.433 29.5438 27.3748 7.75938 1.57299 1.57914 7.77325 27.3544 29.5325 8.38736 1.55881 1.01514 1.00008 1.00008 1.01498 1.55733 
6.67769 1.43628 1.01098 1.00002 1.00002 1.01084 1.43426 6.67015 26.0806 7.08517 1.49715 1.01551 1.01551 1.49715 7.08517 26.0806 34.6488 34.9537 34.9772 34.9779 34.9787 34.9775 34.9441 34.6941 34.921 34.9669 34.9783 34.9788 34.979 34.9785 34.9673 34.9219 34.4233 34.9335 34.9862 34.9901 34.9901 34.9862 34.9343 34.3624 29.1834 27.0412 7.69653 1.56826 1.57439 7.7098 27.0119 29.1606 8.30637 1.55336 1.01498 1.00006 1.00005 1.01482 1.55189 
6.25364 1.40048 1.00999 1.00006 1.00006 1.00989 1.39947 6.2614 24.4229 6.60373 1.45884 1.0142 1.0142 1.45884 6.60373 24.4229 34.4166 34.8955 34.8877 34.8725 34.8518 34.8698 34.8796 34.5291 34.7859 34.8979 34.9173 34.9098 34.8937 34.904 34.8833 34.7752 33.7892 34.7474 34.9294 34.9715 34.9719 34.9309 34.7699 33.688 26.4658 24.4539 7.03938 1.509 1.51547 7.07334 24.5826 26.6174 7.56013 1.49259 1.01341 1.00009 1.00009 1.01323 1.49012 
1.75294 1.03163 1.00045 1.00001 1.00001 1.00045 1.03163 1.75294 7.68526 1.64023 1.0248 1.00039 1.00039 1.0248 1.64023 7.68526 31.4644 34.5345 34.7788 34.7873 34.7463 34.7374 34.4699 31.685 34.4301 34.8718 34.9237 34.907 34.9004 34.9167 34.8653 34.4326 30.7076 34.4753 34.9505 34.9791 34.9817 34.9545 34.4966 30.9432 3.74819 3.24953 1.26963 1.02058 1.02105 1.25241 3.12285 3.60356 1.2744 1.01795 1.00079 1.00003 1.00003 1.00072 1.01797 
1.38145 1.01637 1.00025 0.999984 0.999984 1.00025 1.01637 1.38145 5.36693 1.27486 1.00874 1.00014 1.00014 1.00874 1.27486 5.36693 31.1306 34.6791 34.964 34.9762 34.9775 34.964 34.668 31.4847 34.4284 34.9429 34.9798 34.9798 34.98 34.9799 34.9435 34.4394 30.5181 34.4555 34.9493 34.986 34.9862 34.9515 34.4716 30.7146 2.30067 1.31642 1.03501 1.01495 1.01658 1.03741 1.32281 2.30251 1.08537 1.01708 1.00071 0.999986 0.999984 1.00065 1.01627 
1.36513 1.01582 1.00028 1.00001 1.00001 1.00028 1.01582 1.36513 5.20852 1.26017 1.00835 1.00017 1.00017 1.00835 1.26017 5.20852 31.118 34.6957 34.9841 34.998 34.998 34.9834 34.6839 31.4751 34.4374 34.9597 34.9964 34.9982 34.9982 34.9963 34.9601 34.4483 30.5126 34.4629 34.9592 34.9965 34.9968 34.9614 34.4789 30.7097 2.11532 1.09855 1.01951 1.01793 1.01957 1.02151 1.10123 2.11373 1.06803 1.01847 1.00073 1.00001 1.00001 1.00068 1.01746 
1.40666 1.01663 1.00026 1.00001 1.00001 1.00026 1.01663 1.40666 5.59493 1.31626 1.01042 1.00018 1.00018 1.01042 1.31626 5.59493 31.2181 34.7028 34.9856 34.9993 34.9993 34.9849 34.6913 31.5582 34.437 34.9609 34.9978 34.9998 34.9998 34.9978 34.961 34.4443 30.5486 34.4698 34.9619 34.9976 34.9978 34.9636 34.4793 30.7307 2.33281 1.29507 1.03152 1.00987 1.0113 1.0334 1.29665 2.33229 1.08918 1.01292 1.00065 1.00001 1.00001 1.00059 1.01232 
1.40981 1.01635 1.00023 1.00001 1.00001 1.00026 1.01663 1.40666 5.59493 1.31626 1.01042 1.00018 1.00022 1.01183 1.32922 5.90968 31.5582 34.6913 34.9849 34.9993 34.9993 34.9849 34.6913 31.5582 34.4443 34.961 34.9978 34.9998 34.9998 34.9978 34.961 34.4443 30.5486 34.4698 34.9619 34.9976 34.9976 34.9619 34.4698 30.5486 2.33229 1.29665 1.0334 1.0113 1.0113 1.0334 1.29665 2.33229 1.08918 1.01292 1.00065 1.00001 1.00001 1.00065 1.01292 
1.36884 1.01547 1.00024 1.00001 1.00001 1.00028 1.01582 1.36513 5.20852 1.26017 1.00835 1.00017 1.00021 1.00992 1.27331 5.53057 31.4751 34.6839 34.9834 34.998 34.998 34.9834 34.6839 31.4751 34.4483 34.9601 34.9963 34.9982 34.9982 34.9963 34.9601 34.4483 30.5126 34.4629 34.9592 34.9965 34.9965 34.9592 34.4629 30.5126 2.11373 1.10123 1.02151 1.01957 1.01957 1.02151 1.10123 2.11373 1.06803 1.01847 1.00073 1.00001 1.00001 1.00073 1.01847 
1.3851 1.01602 1.00022 0.999984 0.999984 1.00025 1.01637 1.38145 5.36693 1.27486 1.00874 1.00014 1.00018 1.0103 1.28793 5.68907 31.4847 34.668 34.964 34.9775 34.9775 34.964 34.668 31.4847 34.4394 34.9435 34.9799 34.98 34.98 34.9799 34.9435 34.4394 30.5181 34.4555 34.9493 34.986 34.986 34.9493 34.4555 30.5181 2.30251 1.32281 1.03741 1.01658 1.01658 1.03741 1.32281 2.30251 1.08537 1.01708 1.00071 0.999986 0.999986 1.00071 1.01708 
1.74231 1.03079 1.00042 1.00001 1.00001 1.00045 1.03163 1.75294 7.68526 1.64023 1.0248 1.00039 1.00044 1.02727 1.66534 8.08325 31.685 34.4699 34.7374 34.7463 34.7463 34.7374 34.4699 31.685 34.4326 34.8653 34.9167 34.9004 34.9004 34.9167 34.8653 34.4326 30.7076 34.4753 34.9505 34.9791 34.9791 34.9505 34.4753 30.7076 3.60356 3.12285 1.25241 1.02105 1.02105 1.25241 3.12285 3.60356 1.2744 1.01795 1.00079 1.00003 1.00003 1.00079 1.01795 
1.21863 1.00399 0.999999 1.00002 1.00002 0.999999 1.00399 1.21863 5.4608 1.27518 1.0053 1.00004 1.00004 1.0053 1.27518 5.4608 29.1664 30.7903 31.3002 31.2952 31.2952 31.3002 30.7903 29.1664 33.3682 32.0258 32.1592 32.23 32.23 32.1592 32.0258 33.3682 29.4958 34.1088 34.6995 34.6736 34.637 34.664 34.0571 29.1254 5.81385 3.82624 1.36969 1.00828 1.00828 1.36969 3.82624 5.81385 1.55294 1.01722 1.00028 1.00002 1.00002 1.00028 1.01722 
1.22296 1.00396 0.999947 0.999974 0.999974 0.999947 1.00396 1.22296 5.67621 1.28551 1.00529 0.999987 0.999987 1.00529 1.28551 5.67621 31.7 34.2468 34.5526 34.5784 34.5784 34.5526 34.2468 31.7 34.0304 34.4266 34.5081 34.5588 34.5588 34.5081 34.4266 34.0304 29.0987 34.318 34.937 34.9682 34.9696 34.9292 34.289 28.6921 2.87924 1.29861 1.01134 0.99421 0.99421 1.01134 1.29861 2.87924 1.09708 1.00147 0.999959 0.999976 0.999976 0.999959 1.00147 
1.22276 1.00394 0.999972 0.999999 0.999999 0.999972 1.00394 1.22276 5.69311 1.2866 1.00537 1.00001 1.00001 1.00537 1.2866 5.69311 31.9014 34.5598 34.9526 34.9753 34.9753 34.9526 34.5598 31.9014 34.1795 34.8878 34.9398 34.9504 34.9504 34.9398 34.8878 34.1795 29.0731 34.3454 34.9614 34.9965 34.9957 34.9515 34.3149 28.6631 2.58957 1.06821 0.996092 0.988037 0.988037 0.996092 1.06821 2.58957 1.06333 1.00066 0.99999 1 1 0.99999 1.00066 
1.22114 1.00383 0.999975 0.999998 0.999998 0.999975 1.00383 1.22114 5.69383 1.28594 1.00541 1.00002 1.00002 1.00541 1.28594 5.69383 31.9082 34.5763 34.9766 34.9979 34.9979 34.9766 34.5763 31.9082 34.2035 34.9424 34.9919 34.9956 34.9956 34.9919 34.9424 34.2035 29.0916 34.3517 34.9632 34.9983 34.9976 34.9543 34.3256 28.6873 2.63802 1.10517 0.999413 0.991839 0.991839 0.999413 1.10517 2.63802 1.06973 1.00082 0.999987 1 1 0.999987 1.00082 
1.22216 1.00388 0.999931 0.999996 0.999998 0.999975 1.00383 1.22114 5.69383 1.28594 1.00541 1.00002 0.999975 1.00502 1.28559 5.85435 31.7249 34.5849 34.9767 34.9979 34.9979 34.9766 34.5763 31.9082 34.2234 34.943 34.9919 34.9956 34.9956 34.9919 34.9424 34.2035 28.6873 34.3256 34.9543 34.9976 34.9976 34.9543 34.3256 28.6873 2.97832 1.1179 0.997477 0.98638 0.991839 0.999413 1.10517 2.63802 1.06973 1.00082 0.999987 1 1 0.999991 1.00089 
1.22379 1.00399 0.999923 0.999998 0.999999 0.999972 1.00394 1.22276 5.69311 1.2866 1.00537 1.00001 0.999967 1.00493 1.28587 5.85277 31.7181 34.5688 34.9533 34.9759 34.9753 34.9526 34.5598 31.9014 34.2012 34.8886 34.9399 34.9504 34.9504 34.9398 34.8878 34.1795 28.6631 34.3149 34.9515 34.9957 34.9957 34.9515 34.3149 28.6631 2.93637 1.08431 0.994257 0.982026 0.988037 0.996092 1.06821 2.58957 1.06333 1.00066 0.99999 1 1 0.999995 1.00074 
1.224 1.00401 0.999898 0.999972 0.999974 0.999947 1.00396 1.22296 5.67621 1.28551 1.00529 0.999987 0.999941 1.00485 1.28472 5.83413 31.5223 34.2595 34.5558 34.5815 34.5784 34.5526 34.2468 31.7 34.0528 34.4323 34.5132 34.5636 34.5588 34.5081 34.4266 34.0304 28.6921 34.289 34.9292 34.9696 34.9696 34.9292 34.289 28.6921 3.20764 1.30104 1.00798 0.988174 0.99421 1.01134 1.29861 2.87924 1.09708 1.00147 0.999959 0.999976 0.999975 0.999962 1.00154 
1.21971 1.00404 0.999953 1.00002 1.00002 0.999999 1.00399 1.21863 5.4608 1.27518 1.0053 1.00004 0.999984 1.00485 1.27402 5.57954 29.1365 30.9765 31.3005 31.2949 31.2952 31.3002 30.7903 29.1664 33.3244 31.8483 31.9487 32.0231 32.23 32.1592 32.0258 33.3682 29.1254 34.0571 34.664 34.637 34.637 34.664 34.0571 29.1254 6.34972 4.02945 1.39933 1.00724 1.00828 1.36969 3.82624 5.81385 1.55294 1.01722 1.00028 1.00002 1.00002 1.00034 1.01876 
1.00447 0.999354 1 1.00003 1.00003 1 0.999351 1.00509 1.35175 1.01235 1.01147 1.00044 1.00044 1.01147 1.01181 1.37858 7.95612 5.23962 6.3272 6.35022 6.35007 6.32704 5.24423 8.08407 26.1806 11.1405 6.47317 6.20749 6.20749 6.47317 11.1405 26.1806 29.8418 30.9288 31.6843 31.4807 31.4807 31.6843 30.9288 29.8418 24.7627 21.8453 6.73628 1.53279 1.53279 6.73628 21.8453 24.7627 7.51477 1.5966 1.03144 1.00065 1.00065 1.03144 1.5966 
0.999742 0.999311 0.999963 0.999982 0.999982 0.999962 0.999292 0.999942 1.10034 1.00379 1.01069 1.00037 1.00037 1.01069 1.0035 1.11102 5.47146 1.53829 1.35665 1.35163 1.35283 1.35778 1.54942 5.60664 27.6997 8.11817 2.20576 1.85121 1.85121 2.20576 8.11817 27.6997 33.3289 34.2639 34.4362 34.3211 34.3211 34.4362 34.2639 33.3289 29.9752 26.4737 7.96914 1.65078 1.65078 7.96914 26.4737 29.9752 9.00388 1.73713 1.03928 1.00077 1.00077 1.03928 1.73713 
0.999867 0.999349 0.999989 1 1 0.999988 0.999329 1.00005 1.09806 1.00406 1.01081 1.0004 1.0004 1.01081 1.00378 1.10807 5.36216 1.32757 1.01103 1.00077 1.00037 1.01058 1.33044 5.4916 27.9116 7.76952 1.59861 1.26377 1.26377 1.59861 7.76952 27.9116 33.892 34.7691 34.8715 34.749 34.749 34.8715 34.7691 33.892 30.2411 26.6809 7.99634 1.65217 1.65217 7.99634 26.6809 30.2411 9.04807 1.73972 1.03938 1.0008 1.0008 1.03938 1.73972 
1.00419 0.999417 0.999995 1 1.00001 0.999994 0.999388 1.00457 1.2053 1.01288 1.01404 1.00048 1.00048 1.01404 1.01245 1.21755 5.7619 1.84979 1.22302 1.2085 1.20939 1.22397 1.85455 5.88975 27.6991 7.78843 1.79688 1.48243 1.48243 1.79688 7.78843 27.6991 33.5733 34.5087 34.7138 34.6011 34.6011 34.7138 34.5087 33.5733 29.8176 26.322 7.73977 1.61179 1.61179 7.73977 26.322 29.8176 8.7836 1.69712 1.03519 1.00067 1.00067 1.03519 1.69712 
1.00457 0.999388 0.999994 1.00001 1.00001 0.999994 0.999388 1.00457 1.21755 1.01245 1.01404 1.00048 1.00048 1.01404 1.01288 1.2053 5.7619 1.84979 1.22302 1.2085 1.2085 1.22302 1.84979 5.7619 27.7239 7.76604 1.79555 1.48018 1.48243 1.79688 7.78843 27.6991 33.5585 34.5082 34.7123 34.5998 34.6011 34.7138 34.5087 33.5733 29.8176 26.322 7.73977 1.61179 1.60082 7.69003 26.3736 29.8425 8.7836 1.69712 1.03519 1.00067 1.0006 1.03337 1.67756 
1.00005 0.999329 0.999988 1 1 0.999988 0.999329 1.00005 1.10807 1.00378 1.01081 1.0004 1.0004 1.01081 1.00406 1.09806 5.36216 1.32757 1.01103 1.00077 1.00077 1.01103 1.32757 5.36216 27.9402 7.74419 1.59741 1.26123 1.26377 1.59861 7.76952 27.9116 33.8718 34.7687 34.8715 34.749 34.749 34.8715 34.7691 33.892 30.2411 26.6809 7.99634 1.65217 1.63859 7.9316 26.7516 30.2703 9.04807 1.73972 1.03938 1.0008 1.00072 1.03721 1.7166 
0.999942 0.999292 0.999962 0.999982 0.999982 0.999962 0.999292 0.999942 1.11102 1.0035 1.01069 1.00037 1.00037 1.01069 1.00379 1.10034 5.47146 1.53829 1.35665 1.35163 1.35163 1.35665 1.53829 5.47146 27.7284 8.0919 2.20964 1.85332 1.85121 2.20576 8.11817 27.6997 33.3301 34.2731 34.4121 34.3033 34.3211 34.4362 34.2639 33.3289 29.9752 26.4737 7.96914 1.65078 1.6372 7.90449 26.5457 30.0022 9.00388 1.73713 1.03928 1.00077 1.0007 1.03712 1.71411 
1.00509 0.999351 1 1.00003 1.00003 1 0.999351 1.00509 1.37858 1.01181 1.01147 1.00044 1.00044 1.01147 1.01235 1.35175 7.95612 5.23962 6.3272 6.35022 6.35022 6.3272 5.23962 7.95612 26.0037 10.9205 6.2534 5.99512 6.20749 6.47317 11.1405 26.1806 29.6444 30.7414 31.6451 31.4587 31.4807 31.6843 30.9288 29.8418 24.7627 21.8453 6.73628 1.53279 1.52181 6.68506 21.8757 24.7632 7.51477 1.5966 1.03144 1.00065 1.00058 1.02976 1.57868 
1.00005 1 1 1 1 1 1 1.00004 1.00486 1.00008 1.00017 1 1 1.00013 1.00008 1.00421 1.45754 1.18803 1.25283 1.25584 1.25584 1.25283 1.18803 1.45754 4.09712 1.47655 1.14175 1.13199 1.12099 1.12884 1.4781 4.09652 6.56327 6.94722 7.31838 7.24777 7.24777 7.31838 6.94722 6.56327 2.8562 2.84273 1.29286 1.00991 1.00776 1.20234 2.42578 2.5958 1.14221 1.00481 1.00012 0.999994 0.999994 1.00012 1.0048 
1.00001 0.999975 0.999978 0.999978 0.999978 0.999978 0.999975 1.00001 1.00018 0.999955 0.999975 0.999978 0.999977 0.999971 0.999956 1.0002 1.00444 0.993293 0.994955 0.99551 0.99551 0.994955 0.993293 1.00444 1.37198 1.02393 1.02515 1.02453 1.02451 1.02509 1.02401 1.37232 1.44348 1.49373 1.51177 1.50068 1.50068 1.51177 1.49373 1.44348 1.09726 1.09292 1.00636 1.00002 1.00006 1.00543 1.08503 1.09218 1.00501 1.00008 0.999966 0.999978 0.999978 0.999966 1.00008 
1.00002 1 1 1 1 1 1 1.00002 0.999992 0.999979 1 1 1 1 0.999979 0.999991 0.999734 0.999453 0.99947 0.999503 0.999503 0.99947 0.999453 0.999734 1.02102 1.00059 1.00149 1.00149 1.00149 1.00149 1.00059 1.02103 1.01554 1.01936 1.01752 1.01661 1.01661 1.01752 1.01936 1.01554 1.0022 1.00195 1.00004 0.999983 0.999984 1.00005 1.0021 1.00227 1.0001 0.999987 1 1 1 1 0.999987 
1.00002 0.999997 1 1 1 1 0.999997 1.00002 1 0.999978 1 1 1 1 0.999978 1 1.00002 0.999968 0.999996 0.999997 0.999997 0.999996 0.999968 1.00002 1.0005 0.999969 1.00003 1.00002 1.00002 1.00003 0.999969 1.0005 1.00019 1.00025 1.00017 1.00015 1.00015 1.00017 1.00025 1.00019 1.00001 0.999982 0.999991 1 1 0.99999 0.999991 1.00002 1.00001 0.999997 1 1 1 1 0.999997 
1.00002 0.999997 1 1 1 1 0.999997 1.00002 1 0.999978 1 1 1 1 0.999978 1 1.00002 0.999968 0.999996 0.999997 0.999998 0.999998 0.999968 1.00002 1.0005 0.999969 1.00003 1.00002 1.00002 1.00003 0.999969 1.0005 1.00024 1.00033 1.00023 1.00019 1.00015 1.00017 1.00024 1.00019 1.00002 0.999982 0.99999 1 1 0.999991 0.999982 1.00001 1.00001 0.999997 1 1 1 1 0.999997 
1.00002 1 1 1 1 1 1 1.00002 0.999991 0.999979 1 1 1 1 0.999979 0.999992 0.999734 0.999453 0.99947 0.999503 0.999545 0.999543 0.999453 0.999734 1.02103 1.00059 1.00149 1.00149 1.00149 1.00149 1.00059 1.02103 1.01735 1.02187 1.01943 1.01825 1.01661 1.01752 1.01936 1.01554 1.00226 1.00195 1.00005 0.999984 0.999983 1.00004 1.00195 1.0022 1.0001 0.999987 1 1 1 1 0.999987 
1.00001 0.999975 0.999978 0.999978 0.999978 0.999978 0.999975 1.00001 1.0002 0.999956 0.999975 0.999978 0.999978 0.999975 0.999955 1.00018 1.00444 0.993293 0.994955 0.99551 0.99598 0.995482 0.99308 1.00413 1.37232 1.02401 1.02509 1.02451 1.02451 1.02509 1.02401 1.37232 1.475 1.53505 1.547 1.53032 1.50068 1.51177 1.4973 1.44495 1.08873 1.08767 1.00539 1.00008 1.00002 1.00636 1.09292 1.09726 1.00501 1.00008 0.999966 0.999978 0.999978 0.999966 1.00008 
1.00004 1 1 1 1 1 1 1.00004 1.00421 1.00008 1.00017 1 1 1.00017 1.00008 1.00486 1.45754 1.18803 1.25283 1.25584 1.25378 1.25074 1.17152 1.42384 4.09652 1.4781 1.12884 1.12099 1.12099 1.12884 1.4781 4.09652 6.41908 6.81378 7.17432 7.10355 7.24777 7.31838 6.62527 6.26055 2.34111 2.53734 1.17534 1.00711 1.00991 1.29286 2.84273 2.8562 1.14221 1.00481 1.00012 0.999994 0.999994 1.00012 1.00481 
1.00003 1.00002 1.00002 1.00002 1.00002 1.00002 1.00002 1.00003 0.999997 0.999997 1.00003 1.00002 1.00002 1.00003 0.999997 0.999997 1.03279 1.03251 1.02989 1.0284 1.0284 1.02989 1.03251 1.03279 1.06573 1.00245 0.978461 0.978338 0.978338 0.978461 1.00245 1.06573 1.35543 1.40141 1.4225 1.41203 1.428 1.44114 1.4228 1.37268 1.06636 1.05967 1.00453 1.00015 1.00015 1.00453 1.05967 1.06636 1.00206 1.00006 1.00001 1.00002 1.00002 1.00001 1.00006 
1.00002 0.999994 0.999997 0.999997 0.999997 0.999997 0.999994 1.00002 1.00002 0.999975 0.999999 0.999997 0.999997 0.999999 0.999975 1.00002 1.00169 1.0018 1.00155 1.00144 1.00144 1.00155 1.0018 1.00169 0.999532 0.999915 0.999172 0.999173 0.999173 0.999172 0.999915 0.999532 1.009 1.01037 1.01094 1.0105 1.011 1.01154 1.01123 1.00956 1.00125 1.00115 1.00003 0.999982 0.999982 1.00003 1.00115 1.00125 1.00003 0.999991 0.999997 0.999997 0.999997 0.999997 0.999991 
1.00002 0.999997 1 1 1 1 0.999997 1.00002 1.00001 0.999978 1 1 1 1 0.999978 1.00001 1.00006 1.00002 1.00003 1.00003 1.00003 1.00003 1.00002 1.00006 0.999943 0.99998 0.999993 0.999993 0.999993 0.999993 0.99998 0.999943 1.00003 1.00001 1.00003 1.00003 1.00004 1.00005 1.00003 1.00005 1 0.999979 0.999992 1 1 0.999992 0.999979 1 1.00002 0.999997 1 1 1 1 0.999997 
1.00002 0.999997 1 1 1 1 0.999997 1.00002 1 0.999978 1 1 1 1 0.999978 1 1.00001 0.999965 0.999993 0.999991 0.999991 0.999993 0.999965 1.00001 1.00004 0.999977 1.00001 1.00001 1.00001 1.00001 0.999977 1.00004 1.00002 0.99998 0.999996 0.999992 0.999992 0.999995 0.999979 1.00002 1 0.999974 1 1 1 1 0.999974 1 1.00002 0.999997 1 1 1 1 0.999997 
0 0 0 0 1 1 0.999997 1.00002 1 0.999978 1 1 1 1 0.999978 1.00001 1.00001 0.999965 0.999993 0.999991 0.999992 0.999994 0.999966 1.00001 1.00003 0.999977 1.00001 1.00001 1.00001 1.00001 0.999977 1.00004 1.00002 0.999979 0.999995 0.999992 0.999992 0.999996 0.99998 1.00002 1 0.999975 1 1 1 1 0.999974 1 1.00002 0.999997 1 1 0 0 0 
0 0 0 0 1 1 0.999997 1.00002 1.00001 0.999978 1 1 1 1 0.999978 1.00001 1.00006 1.00002 1.00003 1.00003 1.00003 1.00003 1.00002 1.00006 0.999956 0.999979 0.999994 0.999995 0.999993 0.999993 0.99998 0.999943 1.00005 1.00003 1.00005 1.00004 1.00003 1.00003 1.00001 1.00003 1 0.999977 0.999992 1 1 0.999992 0.999979 1 1.00002 0.999997 1 1 0 0 0 
0 0 0 0 0.999997 0.999997 0.999994 1.00002 1.00002 0.999975 0.999999 0.999997 0.999997 0.999999 0.999975 1.00002 1.00169 1.0018 1.00155 1.00144 1.00137 1.00147 1.00172 1.00162 0.999774 0.999922 0.9992 0.9992 0.999173 0.999172 0.999915 0.999532 1.00956 1.01123 1.01154 1.011 1.0105 1.01094 1.01037 1.009 1.00124 1.00112 1.00003 0.999982 0.999982 1.00003 1.00115 1.00125 1.00003 0.999991 0.999997 0.999997 0 0 0 
