0 0 0 0 1.00581 1.03896 1.20793 1.74195 2.72343 1.86645 1.27222 1.07561 1.07563 1.27215 1.86636 2.7232 3.79965 4.13642 3.52677 3.00699 3.00184 3.51762 4.12579 3.79036 2.46204 1.73318 1.53631 1.79883 1.79783 1.54129 1.73839 2.45921 1.99286 2.77547 3.96228 4.69206 4.68254 3.94737 2.76317 1.97604 1.37514 1.21298 1.08931 1.02171 1.0221 1.09124 1.21562 1.37846 1.23902 1.05319 1.00682 1.00059 0 0 0 
0 0 0 0 1.00159 1.01415 1.08175 1.21349 1.38064 1.17958 1.05276 1.0119 1.01188 1.05259 1.17958 1.38063 1.66545 1.74137 1.54891 1.39764 1.3971 1.5477 1.7407 1.66535 1.37581 1.13935 1.07089 1.14595 1.14497 1.07095 1.13897 1.37316 1.23248 1.75226 2.67231 3.00315 3.01114 2.68049 1.75851 1.2334 1.05597 1.03984 1.0154 1.00264 1.00269 1.01574 1.04054 1.05668 1.04286 1.00803 1.00086 0.999964 0 0 0 
0 0 0 0 1.00005 1.00209 1.01539 1.04272 1.05576 1.02481 1.00635 1.00092 1.00092 1.00632 1.02481 1.05576 1.09405 1.10437 1.07143 1.04432 1.04424 1.07122 1.10434 1.09422 1.06539 1.02042 1.00611 1.02095 1.02076 1.0061 1.02029 1.06479 1.05334 1.25032 1.65206 1.71822 1.72375 1.65999 1.25341 1.05388 1.00606 1.00539 1.00182 1.00024 1.00025 1.00187 1.00551 1.00612 1.00489 1.00091 0.999982 0.999969 0 0 0 
0 0 0 0 0.999908 1.00007 1.00186 1.00648 1.00537 1.00166 1.00025 0.999833 0.999832 1.00025 1.00166 1.00537 1.00865 1.00846 1.00523 1.00252 1.00251 1.0052 1.00846 1.00869 1.00894 1.00296 1.00134 1.00266 1.00263 1.00132 1.00292 1.00883 1.01033 1.06032 1.18568 1.21824 1.2201 1.18792 1.061 1.01044 1.00045 1.00025 1.00007 0.999943 0.999943 1.00008 1.00027 1.00045 1.00047 0.999953 0.999968 0.999995 0 0 0 
1.00648 1.00186 1.00007 0.999908 0.999908 1.00007 1.00186 1.00648 1.00537 1.00166 1.00025 0.999833 0.999833 1.00025 1.00166 1.00537 1.00869 1.00846 1.0052 1.00251 1.00251 1.0052 1.00846 1.00865 1.00894 1.00296 1.00134 1.00266 1.00266 1.00134 1.00296 1.00894 1.01044 1.061 1.18792 1.2201 1.2201 1.18792 1.061 1.01044 1.00045 1.00027 1.00008 0.999943 0.999943 1.00008 1.00027 1.00045 1.00047 0.999953 0.999968 0.999995 0.999995 0.999968 0.999953 
1.04272 1.01539 1.00209 1.00005 1.00005 1.00209 1.01539 1.04272 1.05576 1.02481 1.00635 1.00092 1.00092 1.00635 1.02481 1.05576 1.09422 1.10434 1.07122 1.04424 1.04424 1.07122 1.10437 1.09405 1.06539 1.02042 1.00611 1.02095 1.02095 1.00611 1.02042 1.06539 1.05388 1.25341 1.65999 1.72375 1.72375 1.65999 1.25341 1.05388 1.00612 1.00551 1.00187 1.00025 1.00025 1.00187 1.00551 1.00612 1.00489 1.00091 0.999982 0.999969 0.999969 0.999982 1.00091 
1.21349 1.08175 1.01415 1.00159 1.00159 1.01415 1.08175 1.21349 1.38064 1.17958 1.05276 1.0119 1.0119 1.05276 1.17958 1.38064 1.66535 1.7407 1.5477 1.3971 1.3971 1.5477 1.74137 1.66545 1.37581 1.13935 1.07089 1.14595 1.14595 1.07089 1.13935 1.37581 1.2334 1.75851 2.68049 3.01114 3.01114 2.68049 1.75851 1.2334 1.05668 1.04054 1.01574 1.00269 1.00269 1.01574 1.04054 1.05668 1.04286 1.00803 1.00086 0.999964 0.999964 1.00086 1.00803 
1.74195 1.20793 1.03896 1.00581 1.00581 1.03896 1.20793 1.74195 2.72343 1.86645 1.27222 1.07561 1.07561 1.27222 1.86645 2.72343 3.79036 4.12579 3.51762 3.00184 3.00184 3.51762 4.13642 3.79965 2.46204 1.73318 1.53631 1.79883 1.79883 1.53631 1.73318 2.46204 1.97604 2.76317 3.94737 4.68254 4.68254 3.94737 2.76317 1.97604 1.37846 1.21562 1.09124 1.0221 1.0221 1.09124 1.21562 1.37846 1.23902 1.05319 1.00682 1.00059 1.00059 1.00682 1.05319 
3.44038 1.84408 1.1995 1.0334 1.0334 1.1995 1.84408 3.44038 5.51848 3.47876 1.8741 1.28725 1.28725 1.8741 3.47876 5.51848 7.82551 8.73947 7.46664 6.42522 6.57425 7.6301 8.64106 7.77536 5.45261 4.47966 3.79257 4.10151 4.06025 3.73103 4.41755 5.40055 6.11333 6.6407 6.96276 7.27015 7.27428 6.97327 6.65731 6.12998 2.52575 1.80046 1.34937 1.15774 1.16005 1.3523 1.80734 2.53277 1.65033 1.13584 1.00801 0.999741 0.999746 1.00816 1.13542 
2.08048 1.37187 1.07379 1.0099 1.0099 1.07379 1.37187 2.08048 2.715 1.84633 1.22486 1.05161 1.05161 1.22486 1.84633 2.715 3.65627 4.07098 3.49055 2.9049 2.91685 3.51138 4.08227 3.67826 2.5457 2.06152 1.68844 1.89833 1.89912 1.6844 2.05792 2.54418 2.73096 2.99627 3.14654 3.20452 3.20658 3.15071 3.00346 2.73684 1.35089 1.12403 1.02891 1.01052 1.01075 1.02938 1.12536 1.35121 1.10621 1.00853 0.998394 0.99958 0.999579 0.998408 1.0086 
1.29401 1.09434 1.01441 1.00127 1.00127 1.01441 1.09434 1.29401 1.38775 1.16338 1.03156 1.0046 1.0046 1.03156 1.16338 1.38775 1.6421 1.75449 1.56451 1.37015 1.37649 1.57533 1.75477 1.64456 1.31358 1.15328 1.07615 1.1465 1.14721 1.0756 1.15281 1.31409 1.41799 1.51722 1.57065 1.58936 1.5905 1.57255 1.51979 1.42015 1.03982 1.00144 0.996244 0.999428 0.999442 0.996273 1.00157 1.03981 1.00904 0.99975 0.999817 0.999997 0.999997 0.999818 0.999768 
1.06624 1.01791 1.00192 0.999856 0.999856 1.00192 1.01791 1.06624 1.06366 1.02238 1.00262 0.999802 0.999802 1.00262 1.02238 1.06366 1.11301 1.13687 1.09583 1.04923 1.05064 1.0987 1.13692 1.1133 1.0471 1.01475 1.00362 1.02271 1.0229 1.00356 1.01478 1.04734 1.06797 1.10247 1.12474 1.14128 1.14175 1.12545 1.10321 1.06849 1.00187 0.997602 0.998797 1 1 0.998799 0.997613 1.00187 1.00046 1.00004 1.00004 1 1 1.00004 1.00004 
1.06626 1.01786 1.00191 0.999854 0.999856 1.00192 1.01791 1.06624 1.06366 1.02238 1.00261 0.999796 0.999796 1.00261 1.02239 1.06377 1.11301 1.13687 1.09583 1.04923 1.04923 1.09583 1.13687 1.11301 1.04734 1.01478 1.00356 1.0229 1.0229 1.00356 1.01478 1.04734 1.06849 1.10321 1.12474 1.14128 1.14128 1.12474 1.10247 1.06797 1.00187 0.997613 0.998799 1 1.00001 0.998865 0.997655 1.00216 1.00046 1.00004 1.00004 1 1 1.00004 1.00004 
1.29411 1.09396 1.01435 1.00126 1.00127 1.01441 1.09434 1.29401 1.38775 1.16338 1.03157 1.00457 1.00457 1.03157 1.16342 1.38813 1.6421 1.75449 1.56451 1.37015 1.37015 1.56451 1.75449 1.6421 1.31409 1.15281 1.0756 1.14721 1.14721 1.0756 1.15281 1.31409 1.42015 1.51979 1.57065 1.58936 1.58936 1.57065 1.51722 1.41799 1.03981 1.00157 0.996273 0.999442 0.999558 0.996714 1.00171 1.04289 1.00904 0.999768 0.999817 0.999997 0.999997 0.999817 0.99975 
2.07987 1.37039 1.07346 1.00983 1.0099 1.07379 1.37187 2.08048 2.715 1.84633 1.22526 1.0516 1.0516 1.22526 1.84608 2.71392 3.65627 4.07098 3.49055 2.9049 2.9049 3.49055 4.07098 3.65627 2.54418 2.05792 1.6844 1.89912 1.89912 1.6844 2.05792 2.54418 2.73684 3.00346 3.14654 3.20452 3.20452 3.14654 2.99627 2.73096 1.35121 1.12536 1.02938 1.01075 1.01174 1.0327 1.12591 1.36805 1.10621 1.0086 0.998394 0.99958 0.99958 0.998394 1.00853 
3.45681 1.84935 1.20073 1.03367 1.0334 1.1995 1.84408 3.44038 5.51848 3.47876 1.88128 1.2905 1.2905 1.88128 3.4933 5.55185 7.82551 8.73947 7.46664 6.42522 6.42522 7.46664 8.73947 7.82551 5.40055 4.41755 3.73103 4.06025 4.06025 3.73103 4.41755 5.40055 6.12998 6.65731 6.96276 7.27015 7.27015 6.96276 6.6407 6.11333 2.53277 1.80734 1.3523 1.16005 1.174 1.37467 1.79586 2.61656 1.65033 1.13542 1.00801 0.999741 0.999741 1.00801 1.13584 
7.57977 3.61681 1.76167 1.20631 1.20554 1.76167 3.62696 7.63888 12.2044 7.87756 4.0626 2.47458 2.47458 4.0626 7.89503 12.2674 14.8617 16.5964 16.0575 15.0161 15.0087 16.0421 16.6722 14.959 10.9635 10.3083 9.84223 9.93627 9.93627 9.84223 10.3083 10.9635 10.5179 11.0801 11.5702 12.4514 12.4514 11.5702 11.0829 10.5407 6.12177 4.69474 3.11705 2.22806 2.20272 3.0997 4.732 6.09934 4.7537 2.67426 1.41868 1.07432 1.07432 1.41868 2.67426 
8.00206 4.03734 1.92135 1.27445 1.27245 1.92131 4.03036 8.03244 11.5024 8.32453 4.3835 2.62769 2.62769 4.3835 8.32558 11.4975 12.3371 13.2489 11.474 9.7282 9.72367 11.4671 13.255 12.3559 9.92174 9.27123 8.22936 7.60338 7.60338 8.22936 9.27123 9.92174 9.60322 10.1338 10.3725 11.1178 11.1178 10.3725 10.1414 9.62816 5.50416 4.2421 2.73128 1.74151 1.74906 2.73841 4.22279 5.59265 3.77522 2.14572 1.28215 1.0378 1.0378 1.28215 2.14572 
7.15371 3.55754 1.7483 1.19617 1.19474 1.74826 3.5511 7.17592 10.5161 7.80317 3.96189 2.26507 2.26507 3.96189 7.80698 10.5103 9.97195 10.4036 8.27442 6.22066 6.21797 8.27023 10.416 9.97192 8.87094 8.62545 7.46458 6.51366 6.51366 7.46458 8.62545 8.87094 7.94151 8.76727 9.57745 10.5497 10.5497 9.57745 8.7736 7.96838 4.07968 3.17254 2.07938 1.36013 1.3655 2.0861 3.15108 4.14357 2.65154 1.56057 1.12034 1.01192 1.01192 1.12034 1.56057 
6.24307 3.10423 1.57695 1.12531 1.12459 1.57693 3.10092 6.25296 9.44465 6.94856 3.27039 1.81108 1.81108 3.27039 6.95016 9.44005 8.63708 9.059 6.91716 4.7117 4.70924 6.91126 9.06295 8.63664 8.07104 9.22825 8.84421 6.48134 6.48134 8.84421 9.22825 8.07104 6.30178 7.75198 9.16738 10.5597 10.5597 9.16738 7.7596 6.32667 2.77449 2.11547 1.43477 1.10444 1.10569 1.43722 2.10437 2.80976 1.78609 1.19249 1.02808 1.00187 1.00187 1.02808 1.19249 
6.25296 3.10092 1.57693 1.12459 1.12459 1.57693 3.10092 6.25296 9.44005 6.95016 3.28907 1.80758 1.81108 3.27039 6.95016 9.44005 8.63664 9.06295 6.91126 4.70924 4.70924 6.91126 9.06295 8.63664 8.05098 9.21521 8.82486 6.48077 6.48134 8.84421 9.22825 8.07104 6.32667 7.7596 9.16738 10.5597 10.529 9.14082 7.75198 6.30178 2.80976 2.10437 1.43722 1.10569 1.10444 1.43477 2.11547 2.77449 1.78609 1.19249 1.02808 1.00187 1.00193 1.02867 1.19602 
7.17592 3.5511 1.74826 1.19474 1.19474 1.74826 3.5511 7.17592 10.5103 7.80698 3.92516 2.24041 2.26507 3.96189 7.80698 10.5103 9.97192 10.416 8.27023 6.21797 6.21797 8.27023 10.416 9.97192 8.83447 8.58588 7.44634 6.50953 6.51366 7.46458 8.62545 8.87094 7.96838 8.7736 9.57745 10.5497 10.4953 9.53764 8.76727 7.94151 4.14357 3.15108 2.0861 1.3655 1.36013 2.07938 3.17254 4.07968 2.65154 1.56057 1.12034 1.01192 1.01204 1.12167 1.56798 
8.03244 4.03036 1.92131 1.27245 1.27245 1.92131 4.03036 8.03244 11.4975 8.32558 4.33918 2.59736 2.62769 4.3835 8.32558 11.4975 12.3559 13.255 11.4671 9.72367 9.72367 11.4671 13.255 12.3559 9.86734 9.23177 8.21742 7.60082 7.60338 8.22936 9.27123 9.92174 9.62816 10.1414 10.3725 11.1178 11.0573 10.3228 10.1338 9.60322 5.59265 4.22279 2.73841 1.74906 1.74151 2.73128 4.2421 5.50416 3.77522 2.14572 1.28215 1.0378 1.0379 1.28321 2.15188 
7.63888 3.62696 1.76167 1.20554 1.20554 1.76167 3.62696 7.63888 12.2674 7.89503 4.04474 2.46191 2.47458 4.0626 7.89503 12.2674 14.959 16.6722 16.0421 15.0087 15.0087 16.0421 16.6722 14.959 11.028 10.4258 9.97626 10.0399 9.93627 9.84223 10.3083 10.9635 10.5407 11.0829 11.5702 12.4514 12.3087 11.4391 11.0801 10.5179 6.09934 4.732 3.0997 2.20272 2.22806 3.11705 4.69474 6.12177 4.7537 2.67426 1.41868 1.07432 1.0749 1.42323 2.69584 
11.4297 5.44174 2.41211 1.35941 1.35983 2.41072 5.43138 11.3865 17.3691 11.2547 6.11685 3.73743 3.71565 6.07507 11.1012 17.468 23.4505 26.3605 27.2952 27.507 27.507 27.2952 26.3605 23.4505 19.6578 20.1811 20.8155 20.7403 20.9079 21.0084 20.3729 19.8126 19.6062 23.0848 25.0114 25.4507 25.6386 25.1979 23.1536 19.6592 14.3515 11.9541 9.36249 7.17846 7.23284 9.41638 11.9818 14.4099 11.0901 5.7356 2.43138 1.34739 1.34687 2.42847 5.72221 
12.5308 5.81931 2.49385 1.37254 1.37343 2.49296 5.80631 12.4634 18.8314 11.9518 6.32168 3.88574 3.86528 6.28105 11.7785 18.9512 25.7272 29.1148 30.5607 31.0146 31.0146 30.5607 29.1148 25.7272 21.5541 21.4989 21.9888 22.3454 22.3584 21.9853 21.4942 21.5598 23.8426 28.256 30.2098 30.8835 30.8767 30.2149 28.2345 23.8233 16.3755 13.6875 11.1068 8.74807 8.78847 11.1263 13.6716 16.3726 12.0206 5.941 2.51283 1.38438 1.385 2.51519 5.94764 
13.1638 6.05001 2.55371 1.38832 1.38945 2.55369 6.03984 13.1021 19.8804 12.3364 6.35979 3.89006 3.87047 6.32184 12.16 19.9786 27.5275 31.1012 32.5729 33.0749 33.0749 32.5729 31.1012 27.5275 22.4375 21.0533 21.7569 23.1413 23.1687 21.7346 21.0487 22.4378 26.105 30.8954 32.8156 33.3509 33.3551 32.8217 30.8792 26.0874 17.7308 14.8686 12.1373 9.60345 9.64658 12.1614 14.8538 17.7251 12.781 6.15122 2.59899 1.4271 1.42789 2.60166 6.15824 
13.3416 6.06284 2.54161 1.38593 1.38684 2.54243 6.05902 13.3083 20.5684 12.3995 6.1644 3.71872 3.70727 6.14591 12.2609 20.6777 28.549 32.1031 33.4535 33.8239 33.8239 33.4535 32.1031 28.549 22.9829 21.1474 22.0712 23.5945 23.6143 22.054 21.1443 22.9788 27.1342 31.6878 33.5386 34.0406 34.0456 33.5449 31.6792 27.1214 18.7667 15.5858 12.2003 9.68543 9.70829 12.216 15.5747 18.7631 13.5269 6.4879 2.72082 1.46249 1.46298 2.72221 6.49096 
13.3083 6.05902 2.54243 1.38684 1.38684 2.54243 6.05902 13.3083 20.5684 12.3995 6.1644 3.71872 3.71872 6.1644 12.3995 20.5684 28.5445 32.0878 33.4416 33.817 33.8239 33.4535 32.1031 28.549 22.9788 21.1443 22.054 23.6143 23.5945 22.0712 21.1474 22.9829 27.1214 31.6792 33.5449 34.0456 34.0456 33.5449 31.6792 27.1214 18.7631 15.5747 12.216 9.70829 9.70829 12.216 15.5747 18.7631 13.5269 6.4879 2.72082 1.46249 1.46249 2.72082 6.4879 
13.1021 6.03984 2.55369 1.38945 1.38945 2.55369 6.03984 13.1021 19.8804 12.3364 6.35979 3.89006 3.89006 6.35979 12.3364 19.8804 27.5265 31.0753 32.5511 33.0649 33.0749 32.5729 31.1012 27.5275 22.4378 21.0487 21.7346 23.1687 23.1413 21.7569 21.0533 22.4375 26.0874 30.8792 32.8217 33.3551 33.3551 32.8217 30.8792 26.0874 17.7251 14.8538 12.1614 9.64658 9.64658 12.1614 14.8538 17.7251 12.781 6.15122 2.59899 1.4271 1.4271 2.59899 6.15122 
12.4634 5.80631 2.49296 1.37343 1.37343 2.49296 5.80631 12.4634 18.8314 11.9518 6.32168 3.88574 3.88574 6.32168 11.9518 18.8314 25.7464 29.1019 30.5484 31.0081 31.0146 30.5607 29.1148 25.7272 21.5598 21.4942 21.9853 22.3584 22.3454 21.9888 21.4989 21.5541 23.8233 28.2345 30.2149 30.8767 30.8767 30.2149 28.2345 23.8233 16.3726 13.6716 11.1263 8.78847 8.78847 11.1263 13.6716 16.3726 12.0206 5.941 2.51283 1.38438 1.38438 2.51283 5.941 
11.3865 5.43138 2.41072 1.35983 1.35983 2.41072 5.43138 11.3865 17.3691 11.2547 6.11685 3.73743 3.73743 6.11685 11.2547 17.3691 23.4907 26.3737 27.3074 27.5133 27.507 27.2952 26.3605 23.4505 19.8126 20.3729 21.0084 20.9079 20.7403 20.8155 20.1811 19.6578 19.6592 23.1536 25.1979 25.6386 25.6386 25.1979 23.1536 19.6592 14.4099 11.9818 9.41638 7.23284 7.23284 9.41638 11.9818 14.4099 11.0901 5.7356 2.43138 1.34739 1.34739 2.43138 5.7356 
11.864 5.46927 2.42125 1.41926 1.41926 2.42125 5.46927 11.864 18.2927 12.0567 6.65398 3.99552 3.99552 6.65398 12.0567 18.2927 26.4343 29.2237 30.7908 31.2844 31.2944 30.8099 29.2438 26.4547 28.6659 31.5801 32.3559 31.9952 32.0625 32.4069 31.6186 28.712 23.8363 28.5543 30.8039 31.4919 31.504 30.8347 28.5714 23.7837 15.5643 12.4597 8.79079 6.06604 6.06604 8.79079 12.4597 15.5643 11.7904 5.94087 2.50324 1.39092 1.39092 2.50324 5.95342 
12.919 5.95301 2.60607 1.50435 1.50435 2.60607 5.95301 12.919 19.8559 13.3039 7.50473 4.53662 4.53662 7.50473 13.3039 19.8559 28.2467 30.9476 32.5164 33.0886 33.0827 32.502 30.9275 28.2288 29.8169 32.2074 32.9895 33.0513 33.0483 32.9845 32.2016 29.8534 25.9422 29.7816 32.0081 32.8732 32.866 31.9953 29.7954 25.8647 18.5009 15.1015 10.8334 7.64862 7.64862 10.8334 15.1015 18.5009 13.2725 6.26432 2.59861 1.43781 1.43781 2.59861 6.25977 
13.69 6.41007 2.7615 1.54995 1.54995 2.7615 6.41007 13.69 20.6392 13.674 7.59651 4.59873 4.59873 7.59651 13.674 20.6392 29.3179 31.9307 33.4714 34.0672 34.0662 33.4689 31.9271 29.3123 30.4837 32.3938 33.1821 33.4759 33.4728 33.1763 32.3901 30.5201 27.3336 30.7229 32.7992 33.6941 33.6849 32.7796 30.7214 27.2583 20.1095 16.3201 11.619 8.36345 8.36345 11.619 16.3201 20.1095 14.1394 6.47588 2.68394 1.48318 1.48318 2.68394 6.47069 
13.7425 6.3631 2.7076 1.48563 1.48563 2.7076 6.3631 13.7425 20.9619 13.3704 7.03334 4.37697 4.37697 7.03334 13.3704 20.9619 29.812 32.2815 33.8149 34.365 34.365 33.8146 32.2769 29.8257 30.8361 32.3783 33.2041 33.6794 33.6772 33.2007 32.3772 30.8546 28.1056 31.4089 33.3523 34.0907 34.0853 33.3372 31.4065 28.0483 20.9176 16.7221 11.6569 8.61002 8.61002 11.6569 16.7221 20.9176 14.8066 6.83676 2.82731 1.51271 1.51271 2.82731 6.8328 
13.785 6.38585 2.71536 1.48817 1.48563 2.7076 6.3631 13.7425 20.9619 13.3704 7.03334 4.37697 4.35767 7.00277 13.2798 21.066 29.8257 32.2769 33.8146 34.365 34.365 33.8146 32.2769 29.8257 30.8546 32.3772 33.2007 33.6772 33.6772 33.2007 32.3772 30.8546 28.0483 31.4065 33.3372 34.0853 34.0907 33.3523 31.4089 28.1056 20.8813 16.7606 11.5911 8.56543 8.56543 11.5911 16.7621 20.9474 14.8066 6.8328 2.82731 1.51271 1.51182 2.82637 6.83676 
13.7651 6.45538 2.77695 1.55513 1.54995 2.7615 6.41007 13.69 20.6392 13.674 7.59651 4.59873 4.56368 7.5312 13.5673 20.7491 29.3123 31.9271 33.4689 34.0662 34.0662 33.4689 31.9271 29.3123 30.5201 32.3901 33.1763 33.4728 33.4728 33.1763 32.3901 30.5201 27.2583 30.7214 32.7796 33.6849 33.6941 32.7992 30.7229 27.3336 20.0888 16.3849 11.4585 8.28839 8.28839 11.4585 16.3874 20.1695 14.1394 6.47069 2.68394 1.48318 1.48145 2.68225 6.47588 
13.0024 6.00255 2.62319 1.51004 1.50435 2.60607 5.95301 12.919 19.8559 13.3039 7.50473 4.53662 4.49869 7.43561 13.1882 19.9671 28.2288 30.9275 32.502 33.0827 33.0827 32.502 30.9275 28.2288 29.8534 32.2016 32.9845 33.0483 33.0483 32.9845 32.2016 29.8534 25.8647 29.7954 31.9953 32.866 32.8732 32.0081 29.7816 25.9422 18.4918 15.1691 10.6732 7.57429 7.57429 10.6732 15.1689 18.5642 13.2725 6.25977 2.59861 1.43781 1.43611 2.59685 6.26432 
11.9185 5.49913 2.43156 1.42257 1.41926 2.42125 5.46927 11.864 18.2927 12.0567 6.65398 3.99552 3.96454 6.59541 11.9844 18.4476 26.4547 29.2438 30.8099 31.2944 31.2944 30.8099 29.2438 26.4547 28.712 31.6186 32.4069 32.0625 32.0625 32.4069 31.6186 28.712 23.7837 28.5714 30.8347 31.504 31.4919 30.8039 28.5543 23.8363 15.5109 12.4818 8.54738 5.95911 5.95911 8.54738 12.461 15.5601 11.7904 5.95342 2.50324 1.39092 1.38911 2.49788 5.94087 
8.66945 3.7134 1.69678 1.14064 1.13906 1.68997 3.68853 8.61055 14.7022 8.12533 3.62727 2.04208 2.04305 3.62878 8.08144 14.8804 25.8368 28.9296 30.7803 31.3846 31.3846 30.7803 28.9296 25.8368 27.1322 31.0338 32.447 32.3678 32.3678 32.447 31.0338 27.1322 21.3731 27.5085 31.0225 32.1268 32.0699 30.9539 27.4662 21.2934 8.51956 5.98158 3.84001 2.68236 2.67964 3.84011 5.98155 8.52023 5.41462 2.69573 1.37161 1.0701 1.07011 1.37166 2.71031 
7.86472 3.27444 1.5297 1.0845 1.08404 1.52748 3.26546 7.84032 14.064 7.20108 2.94603 1.58839 1.58874 2.94697 7.15873 14.2666 26.3302 29.6597 31.983 32.7118 32.7118 31.983 29.6597 26.3302 27.1521 31.2465 32.7741 33.1222 33.1222 32.7741 31.2465 27.1521 20.6847 27.6553 31.7215 33.0675 33.0171 31.6514 27.6356 20.7049 7.30309 5.29119 3.48842 2.28829 2.30093 3.48838 5.2911 7.30342 4.41819 2.2178 1.24709 1.03464 1.03464 1.24708 2.21959 
7.38379 2.96405 1.4111 1.05584 1.05555 1.40956 2.95744 7.36433 13.7848 6.83844 2.72885 1.46122 1.4613 2.72921 6.8004 13.996 26.5363 30.0556 32.7189 33.6069 33.6069 32.7189 30.0556 26.5363 27.0689 31.2686 32.9312 33.5026 33.5026 32.9312 31.2686 27.0689 20.2946 27.6883 32.0209 33.4755 33.4072 31.9406 27.6583 20.3189 6.35799 4.64316 3.06996 1.98148 1.99432 3.06999 4.64302 6.35799 3.55812 1.73473 1.12126 1.01339 1.01339 1.12126 1.73901 
7.16276 2.81118 1.35498 1.04354 1.04343 1.35433 2.80798 7.15244 13.7354 6.71935 2.65986 1.41736 1.41738 2.65999 6.68608 13.9428 26.626 30.2131 33.0071 33.8856 33.8856 33.0071 30.2131 26.626 26.9907 31.2406 32.9539 33.6391 33.6391 32.9539 31.2406 26.9907 20.1921 27.7365 32.1251 33.4951 33.4493 32.0766 27.7418 20.2126 5.94039 4.02861 2.4882 1.633 1.63928 2.48826 4.02853 5.94042 3.19645 1.54669 1.08556 1.00926 1.00926 1.08556 1.54908 
7.15244 2.80798 1.35433 1.04343 1.04343 1.35433 2.80798 7.15244 13.9428 6.68608 2.65999 1.41738 1.41738 2.65999 6.71935 13.7354 26.5643 30.2304 33.0118 33.8869 33.8869 33.0118 30.2304 26.5643 27.0301 31.2307 32.9466 33.6347 33.6391 32.9539 31.2406 26.9907 20.1102 27.7664 32.061 33.4365 33.4951 32.1251 27.7365 20.1921 5.94042 4.02853 2.48826 1.63928 1.64338 2.48826 4.02853 5.94042 3.19645 1.54669 1.08556 1.00926 1.00926 1.08556 1.54669 
7.36433 2.95744 1.40956 1.05555 1.05555 1.40956 2.95744 7.36433 13.996 6.8004 2.72921 1.4613 1.4613 2.72921 6.83844 13.7848 26.475 30.0704 32.7247 33.609 33.609 32.7247 30.0704 26.475 27.1426 31.2548 32.9179 33.4964 33.5026 32.9312 31.2686 27.0689 20.2119 27.6721 31.9138 33.3866 33.4755 32.0209 27.6883 20.2946 6.35799 4.64302 3.06999 1.99432 2.00372 3.06999 4.64302 6.35799 3.55812 1.73473 1.12126 1.01339 1.01339 1.12126 1.73473 
7.84032 3.26546 1.52748 1.08404 1.08404 1.52748 3.26546 7.84032 14.2666 7.15873 2.94697 1.58874 1.58874 2.94697 7.20108 14.064 26.271 29.6693 31.9881 32.7193 32.7193 31.9881 29.6693 26.271 27.2223 31.2305 32.7601 33.1158 33.1222 32.7741 31.2465 27.1521 20.6029 27.6503 31.627 32.9981 33.0675 31.7215 27.6553 20.6847 7.30342 5.2911 3.48838 2.30093 2.31119 3.48838 5.2911 7.30342 4.41819 2.2178 1.24709 1.03464 1.03464 1.24709 2.2178 
8.61055 3.68853 1.68997 1.13906 1.13906 1.68997 3.68853 8.61055 14.8804 8.08144 3.62878 2.04305 2.04305 3.62878 8.12533 14.7022 25.7534 28.8863 30.7272 31.341 31.341 30.7272 28.8863 25.7534 27.1451 30.9888 32.4165 32.3358 32.3678 32.447 31.0338 27.1322 21.1836 27.4685 30.9357 32.0595 32.1268 31.0225 27.5085 21.3731 8.52023 5.98155 3.84011 2.67964 2.67991 3.84011 5.98155 8.52023 5.41462 2.69573 1.37161 1.0701 1.0701 1.37161 2.69573 
6.60241 2.62204 1.31772 1.03902 1.03902 1.31772 2.62204 6.60241 12.9364 6.87597 2.83891 1.55688 1.55688 2.83891 6.85607 12.783 22.9913 25.4579 26.8552 27.5018 27.5018 26.8552 25.4579 22.9913 24.096 26.9924 27.5801 27.561 27.4368 27.4566 26.9152 24.0828 19.811 25.7459 28.9767 30.2988 30.2988 28.9767 25.7169 19.8521 8.57355 5.68977 3.63081 2.785 2.85286 3.68008 5.73726 8.57355 5.53872 2.96404 1.73711 1.22319 1.22319 1.73711 2.96404 
6.84947 2.73125 1.34433 1.04136 1.04136 1.34433 2.73125 6.84947 13.2197 6.99684 2.85967 1.5411 1.5411 2.85967 6.99065 13.0855 24.2038 27.8906 29.8505 30.7455 30.7455 29.8505 27.8906 24.2038 22.9569 26.1051 27.6408 28.0931 28.1024 27.6627 26.1563 23.0207 19.318 25.3853 29.023 30.766 30.766 29.023 25.332 19.3668 7.90817 4.78404 2.546 1.70051 1.70837 2.56711 4.8567 7.90817 5.14187 2.67941 1.50313 1.09916 1.09916 1.50313 2.67941 
7.03016 2.81179 1.36334 1.04378 1.04378 1.36334 2.81179 7.03016 13.4508 7.11202 2.89646 1.55128 1.55128 2.89646 7.1065 13.3157 24.6197 29.0126 31.521 32.5798 32.5798 31.521 29.0126 24.6197 22.0558 24.9977 26.7939 28.0638 28.0693 26.8192 25.0448 22.1169 18.4578 24.8323 29.0205 31.1479 31.1479 29.0205 24.7876 18.5124 7.21381 4.09235 1.97849 1.26495 1.26894 1.99972 4.1701 7.21381 4.63118 2.33385 1.33222 1.05281 1.05281 1.33222 2.33385 
7.07115 2.81318 1.35403 1.04162 1.04162 1.35403 2.81318 7.07115 13.4981 7.00142 2.82393 1.50733 1.50733 2.82393 7.00442 13.3736 24.7838 29.4103 32.124 33.1576 33.1576 32.124 29.4103 24.7838 21.9214 24.6541 26.4822 27.9835 27.9865 26.4955 24.678 21.9575 18.029 24.8901 29.4701 31.575 31.575 29.4701 24.8605 18.0619 6.60363 3.66207 1.74123 1.14962 1.15038 1.75114 3.70514 6.60363 4.01696 1.96082 1.19981 1.02609 1.02609 1.19981 1.96082 
7.07133 2.81321 1.3541 1.04158 1.04162 1.35403 2.81318 7.07115 13.3736 7.00442 2.8242 1.50732 1.50733 2.82393 7.00142 13.4981 24.7838 29.4103 32.124 33.1576 33.1673 32.1391 29.3729 24.8821 21.9575 24.678 26.4955 27.9865 27.9835 26.4822 24.6541 21.9214 18.0619 24.8605 29.4246 31.5514 31.575 29.4701 24.8901 18.029 6.65451 3.70514 1.75114 1.15038 1.14962 1.74123 3.66207 6.60363 4.02877 1.96082 1.19981 1.02609 1.0258 1.19825 1.95509 
7.03059 2.81183 1.36384 1.04376 1.04378 1.36334 2.81179 7.03016 13.3157 7.1065 2.89662 1.5513 1.55128 2.89646 7.11202 13.4508 24.6197 29.0126 31.521 32.5798 32.598 31.5496 28.9737 24.7634 22.1169 25.0448 26.8192 28.0693 28.0638 26.7939 24.9977 22.0558 18.5124 24.7876 28.9465 31.1001 31.1479 29.0205 24.8323 18.4578 7.29682 4.1701 1.99972 1.26894 1.26495 1.97849 4.09235 7.21381 4.6551 2.33385 1.33222 1.05281 1.0522 1.32946 2.32417 
6.84991 2.73128 1.34493 1.04136 1.04136 1.34433 2.73125 6.84947 13.0855 6.99065 2.85973 1.54108 1.5411 2.85967 6.99684 13.2197 24.2038 27.8906 29.8505 30.7455 30.7682 29.8802 27.866 24.3139 23.0207 26.1563 27.6627 28.1024 28.0931 27.6408 26.1051 22.9569 19.3668 25.332 28.9534 30.7154 30.766 29.023 25.3853 19.318 7.9958 4.8567 2.56711 1.70837 1.70051 2.546 4.78404 7.90817 5.16846 2.67941 1.50313 1.09916 1.09898 1.50141 2.66977 
6.60245 2.62205 1.31812 1.03906 1.03902 1.31772 2.62204 6.60241 12.783 6.85607 2.83922 1.55699 1.55688 2.83891 6.87597 12.9364 22.9913 25.4579 26.8552 27.5018 27.4115 26.7724 25.6019 23.1623 24.0828 26.9152 27.4566 27.4368 27.561 27.5801 26.9924 24.096 19.8521 25.7169 28.9268 30.2578 30.2988 28.9767 25.7459 19.811 8.66139 5.73726 3.68008 2.85286 2.785 3.63081 5.68977 8.57355 5.55523 2.96404 1.73711 1.22319 1.22989 1.75029 2.97117 
3.59749 1.59206 1.08576 1.00737 1.00731 1.08511 1.58795 3.58015 7.63261 3.36923 1.55404 1.10033 1.10033 1.55404 3.36593 7.65475 14.4753 13.2924 12.9966 12.9079 12.8253 12.9197 13.2258 14.3665 18.8434 17.3685 15.7645 15.0486 14.9054 15.5953 17.2177 18.7544 18.7736 24.2304 26.8365 27.8451 27.7865 26.7746 24.1881 18.7973 10.5538 9.07574 8.47156 9.05253 9.05253 8.47156 9.07574 10.5538 6.79643 4.95532 3.68251 2.63649 2.63649 3.68251 4.95532 
2.90565 1.37981 1.04265 1.00251 1.00252 1.04274 1.38055 2.91065 6.66108 2.68501 1.31676 1.03647 1.03648 1.31682 2.68334 6.68409 13.5855 9.53713 7.51543 6.81473 6.81573 7.51768 9.55762 13.5284 20.4426 18.3097 15.0948 13.0513 13.0326 15.0555 18.2988 20.4533 19.8603 25.1404 27.9085 29.2069 29.2201 27.9241 25.1437 19.9061 12.3845 12.1891 12.5101 14.0083 14.0083 12.5101 12.1891 12.3845 8.39295 6.25311 4.58349 3.29084 3.29084 4.58349 6.25311 
2.49987 1.26434 1.02599 1.00101 1.00102 1.02615 1.26563 2.50775 5.87908 2.36059 1.24194 1.02462 1.02462 1.24196 2.35966 5.89833 13.1717 7.39916 4.20719 3.13953 3.13951 4.2146 7.43325 13.1058 22.0698 19.4318 15.0821 12.0393 12.0132 15.0349 19.4351 22.0811 21.03 26.0884 28.9568 30.2944 30.3058 28.9686 26.1082 21.0864 14.3211 13.8999 13.8532 15.1466 15.1466 13.8532 13.8999 14.3211 9.9034 7.33001 5.30934 3.69855 3.69855 5.30934 7.33001 
2.32228 1.21387 1.01918 1.00054 1.00054 1.01925 1.2145 2.32612 5.56948 2.24028 1.20884 1.02158 1.02158 1.20884 2.23939 5.59062 12.9633 6.59317 3.11646 1.9853 1.98642 3.12187 6.61997 12.8935 22.997 20.9761 16.7125 12.3001 12.278 16.6881 20.9841 23.0035 22.1943 26.777 29.6982 31.2259 31.2314 29.7036 26.8298 22.2709 16.1004 14.7255 14.0887 14.1243 14.1243 14.0887 14.7255 16.1004 11.323 7.83442 5.02057 3.15713 3.15713 5.02057 7.83442 
2.32612 1.2145 1.01925 1.00054 1.00054 1.01925 1.2145 2.32612 5.56948 2.24028 1.20884 1.02158 1.02158 1.20884 2.24028 5.56948 12.8935 6.61997 3.12187 1.98642 1.98642 3.12187 6.61997 12.8935 23.0035 20.9841 16.6881 12.278 12.3001 16.7125 20.9841 23.0035 22.1859 26.7893 29.7036 31.2314 31.2735 29.786 26.8656 22.2708 16.1752 14.745 14.0686 14.0491 14.1243 14.0887 14.7255 16.1004 11.323 7.83442 5.02057 3.15713 3.14053 5.00087 7.83054 
2.50775 1.26563 1.02615 1.00102 1.00102 1.02615 1.26563 2.50775 5.87908 2.36059 1.24196 1.02462 1.02462 1.24194 2.36059 5.87908 13.1058 7.43325 4.2146 3.13951 3.13951 4.2146 7.43325 13.1058 22.0811 19.4351 15.0349 12.0132 12.0393 15.0821 19.4351 22.0811 21.0148 26.107 28.9686 30.3058 30.3625 29.0422 26.1579 21.093 14.4475 13.9348 13.8402 15.0126 15.1466 13.8532 13.8999 14.3211 9.9034 7.33001 5.30934 3.69855 3.66048 5.28666 7.33066 
2.91065 1.38055 1.04274 1.00252 1.00252 1.04274 1.38055 2.91065 6.66108 2.68501 1.31682 1.03648 1.03647 1.31676 2.68501 6.66108 13.5284 9.55762 7.51768 6.81573 6.81573 7.51768 9.55762 13.5284 20.4533 18.2988 15.0555 13.0326 13.0513 15.0948 18.2988 20.4533 19.8454 25.162 27.9241 29.2201 29.2725 27.9941 25.2028 19.8937 12.5089 12.2248 12.4891 13.8734 14.0083 12.5101 12.1891 12.3845 8.39295 6.25311 4.58349 3.29084 3.25684 4.56561 6.2558 
3.58015 1.58795 1.08511 1.00731 1.00731 1.08511 1.58795 3.58015 7.63261 3.36923 1.55404 1.10033 1.10033 1.55404 3.36923 7.63261 14.3665 13.2258 12.9197 12.8253 12.8253 12.9197 13.2258 14.3665 18.7544 17.2177 15.5953 14.9054 15.0486 15.7645 17.2177 18.7544 18.7059 24.1818 26.7746 27.7865 27.6855 26.6881 24.1618 18.6161 10.6131 9.08808 8.45449 8.96738 9.05253 8.47156 9.07574 10.5538 6.79643 4.95532 3.68251 2.63649 2.61306 3.67038 4.95722 
1.3638 1.05354 1.00494 1.00024 1.00025 1.00496 1.05322 1.35617 2.61156 1.51588 1.09222 1.01236 1.01237 1.09226 1.51588 2.61156 7.31242 7.18715 6.70279 6.46366 6.46366 6.70279 7.18715 7.31242 9.33799 6.9963 5.77977 5.58564 5.54842 5.74546 6.99731 9.33789 11.9305 16.2802 18.1832 18.6246 18.6958 18.2712 16.492 12.1281 4.34694 3.46735 3.17662 2.6958 2.69517 3.168 3.44345 4.31877 2.62797 2.00202 1.52828 1.18966 1.19224 1.53412 2.01563 
1.08495 1.01132 1.00091 0.9998 0.999803 1.00092 1.01136 1.08393 1.52026 1.14064 1.02105 1.00192 1.00192 1.02102 1.14064 1.52026 3.21519 2.98874 2.70982 2.58729 2.58729 2.70982 2.98874 3.21519 5.59709 4.23214 3.20809 2.84822 2.84839 3.2084 4.23227 5.59746 7.78296 10.7446 11.5736 11.0521 11.0104 11.5217 10.6033 7.75447 2.52822 2.13197 1.80477 1.49205 1.49581 1.80537 2.12682 2.52372 1.94305 1.61227 1.25159 1.06074 1.0602 1.24945 1.6102 
1.01141 1.00111 0.999974 0.999946 0.999946 0.999976 1.00111 1.01124 1.09317 1.01933 1.0019 0.999934 0.999939 1.00191 1.01933 1.09317 1.60036 1.44996 1.34722 1.30748 1.30748 1.34722 1.44996 1.60036 2.99495 2.48988 1.82127 1.52168 1.52187 1.82229 2.48982 2.99513 4.9348 6.9734 6.80546 5.87908 5.84377 6.72025 6.86105 4.89587 1.51569 1.33866 1.18397 1.07498 1.07554 1.18435 1.33662 1.51483 1.39055 1.19739 1.05393 1.00916 1.00909 1.05361 1.19671 
1.00091 0.999936 0.999946 0.999989 0.999989 0.999946 0.999936 1.00089 1.01368 1.00163 0.999894 0.999921 0.999921 0.9999 1.00163 1.01368 1.15986 1.08006 1.05148 1.04191 1.04191 1.05148 1.08006 1.15986 1.87353 1.59785 1.25019 1.12933 1.12936 1.25045 1.59784 1.87366 3.22311 4.61122 4.07808 3.36968 3.35051 4.02459 4.5375 3.18932 1.13955 1.09119 1.03702 1.00899 1.00904 1.03711 1.09073 1.13947 1.11331 1.04451 1.00817 1.00082 1.00081 1.00813 1.04442 
1.00089 0.999936 0.999946 0.999989 0.999989 0.999946 0.999936 1.00089 1.01368 1.00163 0.999894 0.999921 0.999921 0.999894 1.00165 1.01406 1.15953 1.08047 1.05193 1.04219 1.04191 1.05148 1.08006 1.15986 1.87366 1.59784 1.25045 1.12936 1.12933 1.25019 1.59785 1.87353 3.18936 4.55203 4.02459 3.35051 3.33808 4.04025 4.55577 3.18801 1.13947 1.09073 1.03711 1.00904 1.00904 1.03711 1.09073 1.13947 1.11331 1.04451 1.00817 1.00082 1.00082 1.00817 1.04451 
1.01124 1.00111 0.999976 0.999946 0.999946 0.999976 1.00111 1.01124 1.09317 1.01933 1.0019 0.999934 0.999934 1.0019 1.01945 1.09476 1.59973 1.45139 1.34874 1.30832 1.30748 1.34722 1.44996 1.60036 2.99513 2.48982 1.82229 1.52187 1.52168 1.82127 2.48988 2.99495 4.89129 6.91011 6.72025 5.84377 5.81662 6.75428 6.93084 4.88819 1.51483 1.33662 1.18435 1.07554 1.07554 1.18435 1.33662 1.51483 1.39055 1.19739 1.05393 1.00916 1.00916 1.05393 1.19739 
1.08393 1.01136 1.00092 0.999803 0.999803 1.00092 1.01136 1.08393 1.52026 1.14064 1.02105 1.00192 1.00192 1.02105 1.14151 1.52709 3.21305 2.99517 2.71344 2.58918 2.58729 2.70982 2.98874 3.21519 5.59746 4.23227 3.2084 2.84839 2.84822 3.20809 4.23214 5.59709 7.77645 10.7472 11.5217 11.0104 11.0453 11.5751 10.8078 7.78088 2.52372 2.12682 1.80537 1.49581 1.49581 1.80537 2.12682 2.52372 1.94305 1.61227 1.25159 1.06074 1.06074 1.25159 1.61227 
1.35617 1.05322 1.00496 1.00025 1.00025 1.00496 1.05322 1.35617 2.61156 1.51588 1.09222 1.01236 1.01236 1.09222 1.51286 2.61359 7.20853 7.10457 6.67605 6.43993 6.46366 6.70279 7.18715 7.31242 9.33789 6.99731 5.74546 5.54842 5.58564 5.77977 6.9963 9.33799 11.8941 16.2048 18.2712 18.6958 18.3985 17.9478 16.1069 11.7978 4.31877 3.44345 3.168 2.69517 2.69517 3.168 3.44345 4.31877 2.62797 2.00202 1.52828 1.18966 1.18966 1.52828 2.00202 
1.07042 1.0115 1.00136 1.00012 1.00012 1.00136 1.0115 1.07042 1.51295 1.1571 1.02772 1.00384 1.00384 1.02772 1.1571 1.51295 2.86306 2.80879 2.65117 2.61658 2.61658 2.65117 2.80879 2.86306 4.9473 3.35861 2.68863 2.46853 2.46853 2.68863 3.35861 4.9473 7.00783 9.36857 10.1742 10.2117 10.2828 10.2917 9.4782 7.08178 2.53396 2.09315 1.93247 1.70579 1.70579 1.93247 2.09315 2.53396 1.70438 1.33646 1.10143 1.03068 1.03068 1.10143 1.33646 
1.00878 1.00144 1.00009 0.999963 0.999963 1.00009 1.00144 1.00878 1.08913 1.02306 1.00334 1.00021 1.00021 1.00334 1.02306 1.08913 1.60254 1.57876 1.50172 1.44928 1.44928 1.50172 1.57876 1.60254 3.01724 2.27674 1.69065 1.45293 1.45293 1.69065 2.27674 3.01724 3.04324 3.78888 4.0737 4.05313 4.06943 4.1054 3.82472 3.07002 1.65004 1.39678 1.26411 1.14493 1.14493 1.26411 1.39678 1.65004 1.34008 1.13043 1.02941 1.00485 1.00485 1.02941 1.13043 
1.00052 1.00006 0.999982 0.999996 0.999996 0.999982 1.00006 1.00052 1.01108 1.0023 1.00011 0.999872 0.999872 1.00011 1.0023 1.01108 1.1454 1.13452 1.11201 1.09198 1.09198 1.11201 1.13452 1.1454 1.73735 1.4185 1.17175 1.09124 1.09124 1.17175 1.4185 1.73735 1.55457 1.75294 1.81109 1.76206 1.76723 1.82244 1.76627 1.56444 1.19481 1.10401 1.05137 1.01928 1.01928 1.05137 1.10401 1.19481 1.09446 1.02444 1.00382 1.00036 1.00036 1.00382 1.02444 
0.999947 0.999969 0.999998 1 1 0.999998 0.999969 0.999947 1.00067 0.999861 0.999914 0.999975 0.999975 0.999914 0.999861 1.00067 1.02457 1.02154 1.01729 1.01342 1.01342 1.01729 1.02154 1.02457 1.20466 1.08951 1.02868 1.01202 1.01202 1.02868 1.08951 1.20466 1.10488 1.15042 1.15658 1.14103 1.14242 1.16012 1.15424 1.1075 1.0392 1.01835 1.0061 1.00144 1.00144 1.0061 1.01835 1.0392 1.01667 1.00308 1.00024 0.99986 0.99986 1.00024 1.00308 
0 0 0 0 1 0.999998 0.999969 0.999947 1.00067 0.999861 0.999914 0.999975 0.999975 0.999914 0.999859 1.00071 1.02457 1.02154 1.01729 1.01342 1.01326 1.01706 1.02125 1.02444 1.20163 1.08825 1.0283 1.01187 1.01202 1.02868 1.08951 1.20466 1.1075 1.15424 1.16012 1.14242 1.14103 1.15658 1.15042 1.10488 1.03885 1.01813 1.00602 1.00142 1.00144 1.0061 1.01835 1.0392 1.01667 1.00308 1.00024 0.99986 0 0 0 
0 0 0 0 0.999996 0.999982 1.00006 1.00052 1.01108 1.0023 1.00011 0.999872 0.999872 1.00011 1.00229 1.01138 1.1454 1.13452 1.11201 1.09198 1.09116 1.11081 1.13298 1.1445 1.72576 1.41273 1.16982 1.09038 1.09124 1.17175 1.4185 1.73735 1.56444 1.76627 1.82244 1.76723 1.76206 1.81109 1.75294 1.55457 1.19326 1.10288 1.05097 1.01914 1.01928 1.05137 1.10401 1.19481 1.09446 1.02444 1.00382 1.00036 0 0 0 
0 0 0 0 0.999963 1.00009 1.00144 1.00878 1.08913 1.02306 1.00334 1.00021 1.00021 1.00334 1.023 1.09057 1.60254 1.57876 1.50172 1.44928 1.44642 1.49789 1.57404 1.60049 2.99709 2.26861 1.68565 1.45028 1.45293 1.69065 2.27674 3.01724 3.07002 3.82472 4.1054 4.06943 4.05313 4.0737 3.78888 3.04324 1.64859 1.3937 1.26274 1.1444 1.14493 1.26411 1.39678 1.65004 1.34008 1.13043 1.02941 1.00485 0 0 0 
