0 0 0 0 1.00592 1.03944 1.20948 1.7442 2.72181 1.86894 1.27396 1.07647 1.07648 1.27398 1.86919 2.72773 3.80888 4.14592 3.53608 3.01772 3.01333 3.52783 4.13589 3.79957 2.47114 1.74021 1.54201 1.80515 1.80402 1.54683 1.74512 2.46818 1.99838 2.77947 3.96577 4.69543 4.68663 3.95149 2.76712 1.98149 1.38037 1.21605 1.09154 1.02234 1.02274 1.09349 1.21873 1.38385 1.24165 1.05405 1.00697 1.00061 0 0 0 
0 0 0 0 1.00164 1.01444 1.08297 1.21504 1.38237 1.18115 1.05329 1.01209 1.01209 1.05329 1.18067 1.38246 1.66937 1.74578 1.55301 1.40163 1.40113 1.55184 1.74515 1.6693 1.37969 1.14146 1.07221 1.14774 1.14675 1.07225 1.14106 1.37701 1.2348 1.75871 2.68041 3.01151 3.01932 2.6884 1.76497 1.23573 1.05717 1.04065 1.01585 1.00273 1.00279 1.0162 1.04136 1.05789 1.04357 1.00822 1.00089 0.999966 0 0 0 
0 0 0 0 1.00006 1.00214 1.01568 1.04325 1.05635 1.02521 1.00645 1.00095 1.00095 1.00645 1.02507 1.05617 1.09495 1.10543 1.07231 1.04505 1.04497 1.0721 1.1054 1.09512 1.0664 1.02085 1.00626 1.0213 1.02111 1.00624 1.02071 1.06579 1.05423 1.25417 1.66 1.725 1.73058 1.66801 1.2573 1.05478 1.00621 1.00554 1.00189 1.00026 1.00026 1.00194 1.00566 1.00628 1.005 1.00093 0.999984 0.999969 0 0 0 
0 0 0 0 0.999907 1.00008 1.00191 1.0066 1.00549 1.00171 1.00026 0.999832 0.999832 1.00026 1.00169 1.00544 1.00878 1.0086 1.00534 1.00258 1.00257 1.00531 1.0086 1.00882 1.00912 1.00302 1.00135 1.00271 1.00268 1.00134 1.00299 1.00902 1.01058 1.06165 1.18887 1.22149 1.22337 1.19115 1.06235 1.01069 1.00046 1.00027 1.00008 0.999942 0.999941 1.00008 1.00029 1.00046 1.00048 0.999955 0.999967 0.999995 0 0 0 
1.0066 1.00191 1.00008 0.999907 0.999907 1.00008 1.00191 1.0066 1.00549 1.00171 1.00026 0.999832 0.999832 1.00026 1.00171 1.00549 1.00882 1.0086 1.00531 1.00257 1.00257 1.00531 1.0086 1.00882 1.00912 1.00302 1.00135 1.00271 1.00271 1.00135 1.00302 1.00912 1.01069 1.06235 1.19115 1.22337 1.22337 1.19115 1.06235 1.01069 1.00046 1.00029 1.00008 0.999941 0.999942 1.00008 1.00027 1.00046 1.00048 0.999955 0.999967 0.999995 0.999995 0.999967 0.999955 
1.04325 1.01568 1.00214 1.00006 1.00006 1.00214 1.01568 1.04325 1.05635 1.02521 1.00645 1.00095 1.00095 1.00645 1.02521 1.05635 1.09512 1.1054 1.0721 1.04497 1.04497 1.0721 1.1054 1.09512 1.0664 1.02085 1.00626 1.0213 1.0213 1.00626 1.02085 1.0664 1.05478 1.2573 1.66801 1.73058 1.73058 1.66801 1.2573 1.05478 1.00628 1.00566 1.00194 1.00026 1.00026 1.00189 1.00554 1.00621 1.005 1.00093 0.999984 0.999969 0.999969 0.999984 1.00093 
1.21504 1.08297 1.01444 1.00164 1.00164 1.01444 1.08297 1.21504 1.38237 1.18115 1.05329 1.01209 1.01209 1.05329 1.18115 1.38237 1.6693 1.74515 1.55184 1.40113 1.40113 1.55184 1.74515 1.6693 1.37969 1.14146 1.07221 1.14774 1.14774 1.07221 1.14146 1.37969 1.23573 1.76497 2.6884 3.01932 3.01932 2.6884 1.76497 1.23573 1.05789 1.04136 1.0162 1.00279 1.00273 1.01585 1.04065 1.05717 1.04357 1.00822 1.00089 0.999966 0.999966 1.00089 1.00822 
1.7442 1.20948 1.03944 1.00592 1.00592 1.03944 1.20948 1.7442 2.72181 1.86894 1.27396 1.07647 1.07647 1.27396 1.86894 2.72181 3.79957 4.13589 3.52783 3.01333 3.01333 3.52783 4.13589 3.79957 2.47114 1.74021 1.54201 1.80515 1.80515 1.54201 1.74021 2.47114 1.98149 2.76712 3.95149 4.68663 4.68663 3.95149 2.76712 1.98149 1.38385 1.21873 1.09349 1.02274 1.02234 1.09154 1.21605 1.38037 1.24165 1.05405 1.00697 1.00061 1.00061 1.00697 1.05405 
3.43564 1.84403 1.20026 1.03369 1.03369 1.20026 1.84403 3.43564 5.48849 3.4672 1.8706 1.28681 1.28681 1.8706 3.4672 5.48849 7.80103 8.74891 7.49157 6.45106 6.45106 7.49157 8.74891 7.80103 5.45053 4.46663 3.79 4.09804 4.07019 3.74194 4.43088 5.41345 6.08945 6.63658 6.95372 7.25951 7.26648 6.95746 6.63658 6.08945 2.6085 1.80074 1.3492 1.15852 1.15852 1.34929 1.8006 2.52556 1.65549 1.13706 1.00831 0.99975 0.99975 1.00831 1.13706 
2.08536 1.37605 1.07497 1.01013 1.01013 1.07497 1.37605 2.08536 2.72105 1.84919 1.22648 1.0523 1.0523 1.22648 1.84919 2.72105 3.67398 4.08692 3.50562 2.91829 2.91829 3.50562 4.08692 3.67398 2.55688 2.06817 1.69766 1.9028 1.90514 1.69051 2.06854 2.5539 2.7387 3.00915 3.14259 3.19889 3.2163 3.15685 3.00915 2.7387 1.36767 1.12399 1.02837 1.01052 1.01094 1.03045 1.12713 1.35399 1.10832 1.00882 0.998397 0.999574 0.999574 0.998397 1.00882 
1.2966 1.09596 1.01474 1.00131 1.00131 1.01474 1.09596 1.2966 1.38961 1.16439 1.0319 1.00469 1.00469 1.0319 1.16439 1.38961 1.64707 1.7614 1.57089 1.37502 1.37502 1.57089 1.7614 1.64707 1.31668 1.15529 1.07792 1.14758 1.14904 1.077 1.1556 1.3181 1.4217 1.52217 1.57045 1.58807 1.59306 1.5748 1.52217 1.4217 1.04305 1.00139 0.996096 0.999402 0.999441 0.996334 1.00178 1.04018 1.00936 0.999776 0.999813 0.999996 0.999996 0.999813 0.999776 
1.06722 1.01833 1.00198 0.999861 0.999861 1.00198 1.01833 1.06722 1.0642 1.02264 1.00268 0.999806 0.999806 1.00268 1.02264 1.0642 1.11447 1.13904 1.09775 1.05037 1.05037 1.09775 1.13904 1.11447 1.04766 1.015 1.00379 1.02291 1.02329 1.00369 1.01517 1.04824 1.06928 1.10424 1.12502 1.14135 1.14274 1.12648 1.10424 1.06928 1.00218 0.997555 0.998758 0.999999 1 0.998792 0.997617 1.00191 1.00048 1.00004 1.00004 1 1 1.00004 1.00004 
1.06724 1.01828 1.00197 0.999858 0.999861 1.00198 1.01833 1.06722 1.0642 1.02264 1.00267 0.999802 0.999807 1.00268 1.02265 1.06435 1.11431 1.13903 1.09779 1.05039 1.05037 1.09775 1.13904 1.11447 1.04824 1.01517 1.00369 1.02329 1.02329 1.00369 1.01517 1.04824 1.06966 1.10435 1.12502 1.14135 1.14135 1.12502 1.1036 1.06913 1.00191 0.997617 0.998792 1 0.999999 0.998758 0.997555 1.00218 1.00048 1.00004 1.00004 1 1 1.00004 1.00004 
1.2967 1.09557 1.01467 1.0013 1.00131 1.01474 1.09596 1.2966 1.38961 1.16439 1.0319 1.00467 1.00469 1.0319 1.16438 1.38993 1.64547 1.76126 1.57106 1.37517 1.37502 1.57089 1.7614 1.64707 1.3181 1.1556 1.077 1.14904 1.14904 1.077 1.1556 1.3181 1.4241 1.52241 1.57045 1.58807 1.58807 1.57045 1.51983 1.42192 1.04018 1.00178 0.996334 0.999441 0.999402 0.996096 1.00139 1.04305 1.00936 0.999776 0.999813 0.999996 0.999997 0.999812 0.999757 
2.08481 1.37454 1.07463 1.01006 1.01013 1.07497 1.37605 2.08536 2.72105 1.84919 1.22665 1.05228 1.05228 1.22639 1.84849 2.71894 3.6539 4.08059 3.50158 2.91577 2.91829 3.50562 4.08692 3.67398 2.5539 2.06854 1.69051 1.90514 1.90514 1.69051 2.06854 2.5539 2.74545 3.00661 3.14259 3.19889 3.19889 3.14259 2.99946 2.73952 1.35399 1.12713 1.03045 1.01094 1.01052 1.02837 1.12399 1.36767 1.10832 1.00882 0.998397 0.999574 0.999575 0.998384 1.00877 
3.45254 1.84926 1.20147 1.03395 1.03369 1.20026 1.84403 3.43564 5.48849 3.4672 1.87766 1.29005 1.29025 1.87883 3.48005 5.5282 7.86803 8.80768 7.54746 6.50099 6.45106 7.49157 8.74891 7.80103 5.41345 4.43088 3.74194 4.07019 4.07019 3.74194 4.43088 5.41345 6.1542 6.66837 6.95372 7.25951 7.25951 6.95372 6.65145 6.1369 2.52556 1.8006 1.34929 1.15852 1.15852 1.3492 1.80074 2.6085 1.65549 1.13706 1.00831 0.99975 0.999744 1.00816 1.13751 
7.64698 3.63002 1.76425 1.20685 1.20609 1.76468 3.64081 7.70533 12.1652 7.88702 4.07101 2.48229 2.48158 4.06732 7.89594 12.2625 14.8327 16.5807 16.0658 15.0322 14.9396 15.9443 16.5807 14.8327 10.9731 10.3307 9.86504 9.95534 9.95534 9.86504 10.3307 10.9731 10.4975 11.0452 11.6388 12.5017 12.5017 11.6388 11.0481 10.5207 6.14441 4.72135 3.14158 2.24491 2.25905 3.16814 4.7638 6.21195 4.85435 2.70408 1.42701 1.07599 1.07539 1.4224 2.68241 
8.02931 4.02932 1.92219 1.27389 1.2719 1.91787 4.02302 8.0591 11.474 8.31843 4.38551 2.63362 2.63299 4.38549 8.32077 11.4918 12.2602 13.2212 11.4776 9.74035 9.74791 11.4626 13.2212 12.2602 9.92101 9.27896 8.24115 7.61975 7.61975 8.24115 9.27896 9.92101 9.59765 10.1164 10.3806 11.1177 11.1177 10.3806 10.1248 9.62057 5.49421 4.2461 2.73625 1.74738 1.74097 2.71921 4.22404 5.49245 3.83115 2.16015 1.2864 1.03862 1.03851 1.28531 2.15389 
7.17672 3.55386 1.75035 1.19618 1.19476 1.74701 3.54791 7.19852 10.4942 7.8014 3.96901 2.27156 2.27058 3.96557 7.80619 10.5021 9.884 10.3855 8.27908 6.23393 6.24299 8.26984 10.3855 9.884 8.88432 8.64851 7.48434 6.53474 6.53474 7.48434 8.64851 8.88432 7.9422 8.75274 9.58221 10.5525 10.5525 9.58221 8.75961 7.96777 4.08175 3.18205 2.08626 1.36419 1.35983 2.07049 3.16126 4.08078 2.70196 1.57588 1.12407 1.01246 1.01233 1.12271 1.56829 
6.25973 3.10707 1.58027 1.12599 1.12527 1.57858 3.10419 6.26891 9.41005 6.92676 3.27099 1.81471 1.81832 3.28466 6.96822 9.44933 8.59478 9.04179 6.92758 4.72858 4.73173 6.91569 9.04179 8.59478 8.1231 9.30273 8.91106 6.54111 6.54111 8.91106 9.30273 8.1231 6.30657 7.74972 9.17565 10.5602 10.5602 9.17565 7.75763 6.33063 2.7797 2.12348 1.43964 1.10662 1.1055 1.43391 2.1119 2.77938 1.81198 1.19981 1.0295 1.00201 1.00195 1.02889 1.19622 
6.26891 3.10419 1.57858 1.12527 1.12527 1.57858 3.10419 6.26891 9.41005 6.92676 3.28466 1.81832 1.81471 3.27099 6.92676 9.41005 8.62438 9.05185 6.92758 4.72858 4.72858 6.92758 9.04179 8.59478 8.12261 9.30308 8.91054 6.54108 6.54111 8.91106 9.30273 8.1231 6.33063 7.75763 9.17565 10.5602 10.5607 9.17562 7.76101 6.3354 2.77938 2.1119 1.43391 1.1055 1.1055 1.43391 2.1119 2.77938 1.81198 1.19981 1.0295 1.00201 1.00201 1.0295 1.19981 
7.19852 3.54791 1.74701 1.19476 1.19476 1.74701 3.54791 7.19852 10.4942 7.8014 3.96557 2.27058 2.27156 3.96901 7.8014 10.4942 9.94122 10.4012 8.27908 6.23393 6.23393 8.27908 10.3855 9.884 8.88442 8.64841 7.48407 6.53476 6.53474 7.48434 8.64851 8.88432 7.96777 8.75961 9.58221 10.5525 10.5534 9.5823 8.77102 7.96758 4.08078 3.16126 2.07049 1.35983 1.35983 2.07049 3.16126 4.08078 2.70196 1.57588 1.12407 1.01246 1.01246 1.12407 1.57588 
8.0591 4.02302 1.91787 1.2719 1.2719 1.91787 4.02302 8.0591 11.474 8.31843 4.38549 2.63299 2.63362 4.38551 8.31843 11.474 12.3253 13.2308 11.4776 9.74035 9.74035 11.4776 13.2212 12.2602 9.92047 9.2785 8.24079 7.6197 7.61975 8.24115 9.27896 9.92101 9.62057 10.1248 10.3806 11.1177 11.1184 10.381 10.1349 9.61508 5.49245 4.22404 2.71921 1.74097 1.74097 2.71921 4.22404 5.49245 3.83115 2.16015 1.2864 1.03862 1.03862 1.2864 2.16015 
7.70533 3.64081 1.76468 1.20609 1.20609 1.76468 3.64081 7.70533 12.1652 7.88702 4.06732 2.48158 2.48229 4.07101 7.88702 12.1652 14.9445 16.6578 16.0658 15.0322 15.0322 16.0658 16.5807 14.8327 10.974 10.3311 9.86537 9.95571 9.95534 9.86504 10.3307 10.9731 10.5207 11.0481 11.6388 12.5017 12.5049 11.6403 11.1377 10.5676 6.21195 4.7638 3.16814 2.25905 2.25905 3.16814 4.7638 6.21195 4.85435 2.70408 1.42701 1.07599 1.07599 1.42701 2.70408 
11.4332 5.44994 2.41708 1.36326 1.36326 2.41708 5.44994 11.4332 17.2583 11.2221 6.11951 3.74551 3.74427 6.11435 11.2221 17.2583 23.4667 26.3654 27.2123 27.4119 27.4119 27.2123 26.3581 23.4749 19.7257 20.2598 20.8799 20.7991 20.7991 20.8799 20.2598 19.7257 19.538 22.9967 24.9003 25.3584 25.7249 25.2689 23.2354 19.6953 14.3225 11.9544 9.35909 7.17835 7.27193 9.4371 11.9749 14.4236 11.0919 5.74558 2.43834 1.35085 1.3503 2.43534 5.732 
12.5367 5.82926 2.49981 1.3768 1.3768 2.49981 5.82926 12.5367 18.7716 11.9614 6.32696 3.89603 3.89715 6.33063 11.9614 18.7716 25.6964 29.0626 30.5684 31.0163 31.0163 30.5684 29.0598 25.7238 21.5272 21.4619 21.9541 22.3171 22.3171 21.9541 21.4619 21.5272 23.8191 28.2665 30.2092 30.8757 30.8638 30.2168 28.2154 23.7815 16.3269 13.6773 11.0893 8.74173 8.83461 11.1446 13.6557 16.3703 12.0172 5.94795 2.51859 1.38775 1.38834 2.5209 5.95459 
13.1714 6.06078 2.56069 1.39282 1.39282 2.56069 6.06078 13.1714 19.8249 12.3517 6.36441 3.90056 3.90188 6.36978 12.3517 19.8249 27.5063 31.0622 32.5783 33.0739 33.0739 32.5783 31.0837 27.5637 22.3947 21.0057 21.7004 23.1031 23.1031 21.7004 21.0057 22.3947 26.08 30.8987 32.8051 33.3399 33.3469 32.8127 30.8466 26.0462 17.6639 14.8494 12.1215 9.6003 9.69413 12.1804 14.8397 17.7239 12.7727 6.15361 2.60321 1.43038 1.43113 2.6058 6.16053 
13.3487 6.07351 2.54934 1.39019 1.39019 2.54934 6.07351 13.3487 20.5102 12.4289 6.17264 3.73103 3.73092 6.17457 12.4289 20.5102 28.5274 32.0776 33.4523 33.8199 33.8199 33.4523 32.0925 28.562 22.933 21.0942 22.0082 23.5452 23.5452 22.0082 21.0942 22.933 27.1098 31.6854 33.5276 34.0307 34.0392 33.5357 31.6554 27.0795 18.6973 15.5627 12.1818 9.6895 9.73949 12.2339 15.5601 18.765 13.513 6.48681 2.7247 1.46597 1.46641 2.72599 6.48971 
13.3118 6.0697 2.55022 1.39114 1.39019 2.54934 6.07351 13.3487 20.5102 12.4289 6.17457 3.73092 3.73103 6.17264 12.3852 20.566 28.562 32.0925 33.4523 33.8199 33.8202 33.4508 32.0925 28.562 22.9311 21.0911 21.991 23.5647 23.5452 22.0082 21.0942 22.933 27.0795 31.6554 33.5357 34.0392 34.0392 33.5357 31.6554 27.0795 18.765 15.5601 12.2339 9.73949 9.73945 12.2342 15.5604 18.7662 13.5369 6.48971 2.72599 1.46641 1.46597 2.7247 6.48681 
13.1062 6.05058 2.56071 1.394 1.39282 2.56069 6.06078 13.1714 19.8249 12.3517 6.36978 3.90188 3.90056 6.36441 12.3204 19.8761 27.5637 31.0837 32.5783 33.0739 33.0726 32.5739 31.0837 27.5637 22.3972 21.0011 21.6781 23.1303 23.1031 21.7004 21.0057 22.3947 26.0462 30.8466 32.8127 33.3469 33.3469 32.8127 30.8466 26.0462 17.7239 14.8397 12.1804 9.69413 9.69408 12.1803 14.8398 17.7252 12.812 6.16053 2.6058 1.43113 1.43038 2.60321 6.15361 
12.4664 5.81612 2.49895 1.37772 1.3768 2.49981 5.82926 12.5367 18.7716 11.9614 6.33063 3.89715 3.89603 6.32696 11.936 18.8315 25.7238 29.0598 30.5684 31.0163 30.9935 30.5308 29.0598 25.7238 21.5339 21.4574 21.9507 22.33 22.3171 21.9541 21.4619 21.5272 23.7815 28.2154 30.2168 30.8638 30.8638 30.2168 28.2154 23.7815 16.3703 13.6557 11.1446 8.83461 8.83481 11.1449 13.6558 16.3712 12.0574 5.95459 2.5209 1.38834 1.38775 2.51859 5.94795 
11.3873 5.43944 2.4157 1.36371 1.36326 2.41708 5.44994 11.4332 17.2583 11.2221 6.11435 3.74427 3.74551 6.11951 11.2456 17.3764 23.4749 26.3581 27.2123 27.4119 27.5569 27.3333 26.3581 23.4749 19.8816 20.4526 21.0739 20.9677 20.7991 20.8799 20.2598 19.7257 19.6953 23.2354 25.2689 25.7249 25.7249 25.2689 23.2354 19.6953 14.4236 11.9749 9.4371 7.27193 7.27163 9.43674 11.9753 14.4243 11.0818 5.732 2.43534 1.3503 1.35085 2.43834 5.74558 
11.8641 5.47562 2.42733 1.42331 1.42331 2.42733 5.50551 11.919 18.3588 12.1086 6.72939 4.03947 4.03947 6.72939 12.1086 18.3588 26.4303 29.1486 30.7346 31.2438 31.2438 30.7346 29.1486 26.4303 28.6793 31.5937 32.382 32.0324 32.0999 32.432 31.6309 28.7249 23.6928 28.5422 30.7895 31.4708 31.484 30.8212 28.5664 23.7407 15.5516 12.4376 8.83442 6.11085 6.11103 8.83329 12.4374 15.5518 11.7908 5.95247 2.51044 1.39431 1.39433 2.51054 5.96451 
12.9171 5.9569 2.61253 1.50879 1.50879 2.61253 6.00648 13.0018 19.8807 13.3251 7.57391 4.58219 4.58219 7.57391 13.3251 19.8807 28.2806 30.8657 32.4673 33.0658 33.0658 32.4673 30.8657 28.2806 29.8243 32.1876 32.9722 33.0372 33.0342 32.9669 32.1808 29.8614 25.7974 29.7974 31.9898 32.8561 32.8498 31.9776 29.778 25.8123 18.4674 15.0567 10.8628 7.6839 7.68387 10.8633 15.0568 18.4676 13.2689 6.27268 2.60492 1.44118 1.4412 2.60493 6.26793 
13.691 6.41606 2.76871 1.55499 1.55499 2.76871 6.46134 13.7678 20.6664 13.7017 7.6652 4.64392 4.64392 7.6652 13.7017 20.6664 29.3723 31.8706 33.4395 34.0497 34.0497 33.4395 31.8706 29.3723 30.4899 32.3745 33.1636 33.4623 33.4591 33.1575 32.37 30.5269 27.192 30.711 32.7776 33.6787 33.6701 32.7584 30.6966 27.2081 20.0772 16.2739 11.6503 8.40389 8.40388 11.6504 16.2741 20.0775 14.1324 6.48109 2.68889 1.48645 1.48647 2.68891 6.47567 
13.7467 6.37303 2.71532 1.49037 1.49037 2.71532 6.39565 13.791 20.9919 13.3828 7.07662 4.41076 4.41076 7.07662 13.3828 20.9919 29.8703 32.2361 33.7958 34.3544 34.3544 33.7958 32.2361 29.8703 30.83 32.3602 33.1871 33.665 33.6627 33.1835 32.3585 30.8489 27.9983 31.3922 33.3329 34.0788 34.0735 33.3182 31.3839 28.0051 20.8987 16.6896 11.671 8.64061 8.64074 11.671 16.6899 20.9002 14.7971 6.83982 2.83203 1.51641 1.51643 2.83206 6.83572 
13.791 6.39565 2.72308 1.49293 1.49037 2.71532 6.39565 13.791 20.9439 13.4006 7.01389 4.37182 4.41076 7.07662 13.3828 20.9919 29.8069 32.2463 33.8084 34.3602 34.3544 33.7958 32.2361 29.8703 30.8489 32.3585 33.1835 33.6627 33.6627 33.1835 32.3585 30.8489 28.0051 31.3839 33.3182 34.0735 34.0788 33.3329 31.3922 27.9983 20.8644 16.709 11.6507 8.56432 8.6246 11.5767 16.7689 20.9603 14.7978 6.83572 2.83206 1.51643 1.51641 2.83203 6.83982 
13.7678 6.46134 2.78418 1.56025 1.55499 2.76871 6.46134 13.7678 20.6191 13.7131 7.53822 4.57462 4.64392 7.6652 13.7017 20.6664 29.2891 31.8809 33.4622 34.0608 34.0497 33.4395 31.8706 29.3723 30.5269 32.37 33.1575 33.4591 33.4591 33.1575 32.37 30.5269 27.2081 30.6966 32.7584 33.6701 33.6787 32.7776 30.711 27.192 20.0529 16.3044 11.6113 8.27666 8.37744 11.4256 16.4076 20.1981 14.1336 6.47567 2.68891 1.48647 1.48645 2.68889 6.48109 
13.0018 6.00648 2.6297 1.51461 1.50879 2.61253 6.00648 13.0018 19.833 13.3407 7.44366 4.51006 4.58219 7.57391 13.3251 19.8807 28.2019 30.882 32.4818 33.0693 33.0658 32.4673 30.8657 28.2806 29.8614 32.1808 32.9669 33.0342 33.0342 32.9669 32.1808 29.8614 25.8123 29.778 31.9776 32.8498 32.8561 31.9898 29.7974 25.7974 18.4508 15.0879 10.8262 7.56049 7.65741 10.6384 15.1901 18.5943 13.27 6.26793 2.60493 1.4412 1.44118 2.60492 6.27268 
11.919 5.50551 2.43765 1.42667 1.42331 2.42733 5.50551 11.919 18.2752 12.0954 6.58979 3.9694 4.03947 6.72939 12.1086 18.3588 26.4072 29.1865 30.795 31.2852 31.2438 30.7346 29.1486 26.4303 28.7249 31.6309 32.432 32.0999 32.0999 32.432 31.6309 28.7249 23.7407 28.5664 30.8212 31.484 31.4708 30.7895 28.5422 23.6928 15.5498 12.477 8.79915 5.9364 6.07254 8.49927 12.4404 15.5453 11.7916 5.96451 2.51054 1.39433 1.39431 2.51044 5.95247 
8.68274 3.69972 1.69556 1.14099 1.14099 1.69549 3.69883 8.62341 14.6498 8.15304 3.64839 2.05567 2.05568 3.64816 8.10481 14.8605 25.6926 28.8329 30.6767 31.2974 31.2956 30.6759 28.8334 25.6917 27.1094 31.024 32.4356 32.3586 32.3225 32.4022 30.9792 27.1198 21.2435 27.4997 30.9995 32.1162 32.1162 30.9995 27.4997 21.2435 8.61387 6.00225 3.85864 2.69356 2.69175 3.85718 6.02785 8.61361 5.50176 2.72187 1.37583 1.07121 1.07121 1.37583 2.72187 
7.88101 3.2771 1.53237 1.08539 1.08539 1.53235 3.27665 7.85582 14.0045 7.22807 2.96729 1.59905 1.59905 2.96716 7.19501 14.273 26.2395 29.6523 31.9765 32.7104 32.7109 31.9771 29.6528 26.2384 27.1186 31.2319 32.7613 33.1116 33.1053 32.7474 31.2169 27.1877 20.5965 27.6479 31.7049 33.0521 33.0521 31.7049 27.6479 20.5965 7.3429 5.29789 3.46985 2.28 2.29218 3.47001 5.28738 7.34113 4.46792 2.22684 1.24964 1.03514 1.03514 1.24964 2.22684 
7.39983 2.96818 1.41366 1.05647 1.05648 1.41364 2.96774 7.37962 13.7235 6.86388 2.74517 1.46886 1.46887 2.7451 6.83199 14.0036 26.4445 30.0567 32.7139 33.5966 33.5971 32.7142 30.0569 26.4429 27.034 31.2529 32.9184 33.4927 33.4861 32.9052 31.2399 27.1067 20.2033 27.6769 32.0065 33.464 33.464 32.0065 27.6769 20.2033 6.40192 4.65217 3.05038 1.97242 1.98479 3.05071 4.63505 6.39998 3.60844 1.7465 1.12323 1.01365 1.01365 1.12323 1.7465 
7.17802 2.81766 1.35775 1.04413 1.04413 1.35774 2.81725 7.16699 13.6764 6.74327 2.67217 1.42301 1.42302 2.67212 6.70938 13.9463 26.5344 30.2228 33.0037 33.8775 33.8775 33.0037 30.2223 26.5343 26.9625 31.2234 32.9399 33.6275 33.6232 32.9329 31.2144 27.0019 20.1033 27.7494 32.1134 33.4859 33.4859 32.1134 27.7494 20.1033 5.98869 4.03617 2.47944 1.63031 1.6365 2.47963 4.02422 5.98693 3.22878 1.55379 1.08667 1.00941 1.00941 1.08667 1.55379 
7.16699 2.81725 1.35774 1.04413 1.04413 1.35774 2.81725 7.16699 13.9463 6.70938 2.67212 1.42302 1.42302 2.67212 6.74327 13.6764 26.5343 30.2223 33.0037 33.8775 33.8775 33.0037 30.2228 26.5344 27.0019 31.2144 32.9329 33.6232 33.6232 32.9329 31.2144 27.0019 20.2039 27.7164 32.0915 33.4744 33.4744 32.0915 27.7164 20.2039 5.98693 4.02422 2.47963 1.6365 1.63031 2.47944 4.03617 5.98869 3.22878 1.55379 1.08667 1.00941 1.00941 1.08667 1.55137 
7.37962 2.96774 1.41364 1.05648 1.05648 1.41364 2.96774 7.37962 14.0036 6.83199 2.7451 1.46887 1.46887 2.7451 6.86388 13.7235 26.4429 30.0569 32.7142 33.5971 33.5966 32.7139 30.0567 26.4445 27.1067 31.2399 32.9052 33.4861 33.4861 32.9052 31.2399 27.1067 20.3114 27.6591 31.9765 33.4492 33.4492 31.9765 27.6591 20.3114 6.39998 4.63505 3.05071 1.98479 1.97242 3.05038 4.65217 6.40192 3.60844 1.7465 1.12323 1.01365 1.01365 1.12323 1.74219 
7.85582 3.27665 1.53235 1.08539 1.08539 1.53235 3.27665 7.85582 14.273 7.19501 2.96716 1.59905 1.59905 2.96716 7.22807 14.0045 26.2384 29.6528 31.9771 32.7109 32.7104 31.9765 29.6523 26.2395 27.1877 31.2169 32.7474 33.1053 33.1053 32.7474 31.2169 27.1877 20.7003 27.6287 31.6806 33.0454 33.0454 31.6806 27.6287 20.7003 7.34113 5.28738 3.47001 2.29218 2.28 3.46985 5.29789 7.3429 4.46792 2.22684 1.24964 1.03514 1.03514 1.24965 2.225 
8.62341 3.69883 1.69549 1.14099 1.14099 1.69549 3.69883 8.62341 14.8605 8.10481 3.64816 2.05568 2.05568 3.64816 8.15304 14.6498 25.6917 28.8334 30.6759 31.2956 31.2974 30.6767 28.8329 25.6926 27.1198 30.9792 32.4022 32.3225 32.3225 32.4022 30.9792 27.1198 21.3507 27.4756 30.9856 32.0972 32.0972 30.9856 27.4756 21.3507 8.61361 6.02785 3.85718 2.69175 2.69356 3.85864 6.00225 8.61387 5.50176 2.72187 1.37583 1.07121 1.07122 1.37579 2.70723 
6.60059 2.62856 1.32019 1.03959 1.03964 1.3206 2.62856 6.60059 12.9559 6.9141 2.86388 1.56836 1.56836 2.86388 6.84506 12.8391 23.0435 25.5024 26.897 27.5481 27.5484 26.8976 25.5029 23.044 24.0681 26.9476 27.5491 27.5319 27.5319 27.5491 26.9476 24.0681 19.8503 25.7507 29.0453 30.3474 30.3474 29.0453 25.7507 19.8503 8.83033 5.7618 3.71542 2.88989 2.88591 3.7079 5.75939 8.73406 5.53546 2.97027 1.74554 1.22802 1.22788 1.74539 2.97016 
6.83159 2.73509 1.34679 1.04199 1.04199 1.3474 2.73509 6.83159 13.222 7.02855 2.88189 1.55136 1.55136 2.88189 6.98476 13.1563 24.2277 27.8632 29.8143 30.7173 30.7172 29.8142 27.8634 24.2274 22.9522 26.0916 27.6219 28.0799 28.0799 27.6219 26.0916 22.9522 19.3286 25.3473 29.0861 30.8081 30.8081 29.0861 25.3473 19.3286 8.17281 4.873 2.57676 1.7154 1.71662 2.5793 4.88415 8.07146 5.14196 2.6844 1.5074 1.10081 1.10081 1.50737 2.68447 
7.01198 2.81636 1.36609 1.04447 1.04444 1.36659 2.81636 7.01198 13.4526 7.14318 2.91836 1.56146 1.56146 2.91836 7.0995 13.3819 24.6571 28.9789 31.4838 32.5542 32.5538 31.4833 28.9787 24.6566 22.0488 24.9819 26.7711 28.0375 28.0375 26.7711 24.9819 22.0488 18.474 24.8044 29.0959 31.1883 31.1883 29.0959 24.8044 18.474 7.45718 4.18519 2.00887 1.27275 1.27336 2.01119 4.2002 7.36789 4.63694 2.34084 1.33553 1.05372 1.05372 1.33552 2.34093 
7.06315 2.82014 1.35714 1.04231 1.04226 1.35721 2.82014 7.06315 13.4985 7.02704 2.84114 1.51565 1.51565 2.84114 7.00014 13.4366 24.8032 29.3778 32.0973 33.1377 33.1376 32.0971 29.3785 24.8031 21.9076 24.638 26.4628 27.9592 27.9592 26.4628 24.638 21.9076 18.0432 24.8607 29.5085 31.5822 31.5822 29.5085 24.8607 18.0432 6.77581 3.71379 1.75695 1.15227 1.15256 1.75812 3.72339 6.7086 4.02535 1.96694 1.20195 1.02655 1.02655 1.20195 1.96693 
7.08833 2.82217 1.35721 1.04226 1.04231 1.35714 2.82014 7.06315 13.4366 7.00014 2.83207 1.5126 1.51565 2.84114 7.00014 13.4366 24.8031 29.3785 32.0971 33.1376 33.1377 32.0973 29.3778 24.8032 21.9431 24.6624 26.4762 27.9621 27.9592 26.4628 24.638 21.9076 17.9993 24.8633 29.4102 31.5353 31.5398 29.4158 24.8371 18.0628 6.7086 3.72339 1.75812 1.15256 1.15227 1.75695 3.71379 6.77581 4.02535 1.96694 1.20195 1.02655 1.02655 1.20195 1.96694 
7.04955 2.82098 1.36659 1.04444 1.04447 1.36609 2.81636 7.01198 13.3819 7.0995 2.90418 1.55689 1.56146 2.91836 7.0995 13.3819 24.6566 28.9787 31.4833 32.5538 32.5542 31.4838 28.9789 24.6571 22.1094 25.0293 26.7967 28.0429 28.0375 26.7711 24.9819 22.0488 18.4454 24.8008 28.9528 31.0949 31.0938 28.9455 24.7679 18.4985 7.36789 4.2002 2.01119 1.27336 1.27275 2.00887 4.18519 7.45718 4.63694 2.34084 1.33553 1.05372 1.05372 1.33553 2.34084 
6.86884 2.74004 1.3474 1.04199 1.04199 1.34679 2.73509 6.83159 13.1563 6.98476 2.86766 1.54679 1.55136 2.88189 6.98476 13.1563 24.2274 27.8634 29.8142 30.7172 30.7173 29.8143 27.8632 24.2277 23.0154 26.1429 27.6439 28.0892 28.0799 27.6219 26.0916 22.9522 19.3081 25.3621 28.9686 30.7179 30.7087 28.9455 25.3063 19.3497 8.07146 4.88415 2.5793 1.71662 1.7154 2.57676 4.873 8.17281 5.14196 2.6844 1.5074 1.10081 1.10081 1.5074 2.6844 
6.62022 2.63036 1.3206 1.03964 1.03959 1.32019 2.62856 6.60059 12.8391 6.84506 2.84576 1.5623 1.56836 2.86388 6.84506 12.8391 23.044 25.5029 26.8976 27.5484 27.5481 26.897 25.5024 23.0435 24.0529 26.8693 27.4258 27.4078 27.5319 27.5491 26.9476 24.0681 19.7959 25.7369 28.9498 30.2719 30.2273 28.8817 25.6516 19.8145 8.73406 5.75939 3.7079 2.88591 2.88989 3.71542 5.7618 8.83033 5.53546 2.97027 1.74554 1.22802 1.22802 1.74554 2.97027 
3.59163 1.59258 1.08619 1.00746 1.0074 1.08556 1.58853 3.57413 7.56919 3.37475 1.55699 1.10151 1.10151 1.55699 3.37979 7.67204 14.3258 13.256 12.9506 12.8589 12.7709 12.8709 13.256 14.3258 18.7338 17.2038 15.7339 15.0387 15.0387 15.7339 17.2008 18.7338 18.8143 24.2052 26.8107 27.8197 27.7598 26.7489 24.1575 18.7476 10.5976 9.07659 8.47526 9.08285 9.08903 8.487 9.08422 10.6215 6.77579 4.95125 3.69267 2.65996 2.65996 3.69267 4.95125 
2.92388 1.3848 1.04349 1.00259 1.0026 1.04359 1.38561 2.92868 6.62629 2.69534 1.31962 1.03691 1.03692 1.31968 2.69513 6.70854 13.4518 9.55558 7.5127 6.81616 6.83595 7.54315 9.55558 13.4518 20.4447 18.3053 15.1078 13.0746 13.0746 15.1078 18.3039 20.4447 19.871 25.0925 27.8805 29.1869 29.1999 27.895 25.1155 19.8563 12.4377 12.1899 12.5171 14.051 14.0433 12.5096 12.174 12.4149 8.36301 6.24351 4.59505 3.3212 3.3212 4.59505 6.24351 
2.51961 1.26896 1.02665 1.00106 1.00107 1.02682 1.27033 2.52733 5.84699 2.36698 1.24352 1.02475 1.02476 1.24354 2.37039 5.92743 13.025 7.44324 4.22005 3.14619 3.1557 4.24091 7.44324 13.025 22.0799 19.4659 15.1168 12.0747 12.0747 15.1168 19.4644 22.0799 21.0394 26.0438 28.9165 30.264 30.2753 28.9273 26.0638 21.0244 14.3648 13.8989 13.862 15.1938 15.1955 13.8576 13.8837 14.3345 9.87092 7.31969 5.32326 3.73316 3.73316 5.32326 7.31969 
2.33682 1.21712 1.0196 1.00056 1.00057 1.01968 1.21781 2.34053 5.54257 2.24838 1.2107 1.02177 1.02177 1.2107 2.24905 5.6122 12.817 6.63693 3.12959 1.99295 1.99798 3.14162 6.63693 12.817 23.0007 21.0162 16.774 12.3699 12.3699 16.774 21.0152 23.0007 22.2038 26.7481 29.6397 31.1874 31.1924 29.6441 26.762 22.1954 16.1124 14.7212 14.0972 14.166 14.1639 14.0959 14.7125 16.0935 11.2966 7.83318 5.04031 3.17969 3.17969 5.04031 7.83318 
2.34053 1.21781 1.01968 1.00057 1.00057 1.01968 1.21781 2.34053 5.54257 2.24838 1.2107 1.02177 1.02177 1.2107 2.24838 5.54257 12.9 6.65294 3.14162 1.99798 1.99798 3.14162 6.65294 12.9 23.0005 21.0152 16.7505 12.3484 12.3699 16.774 21.0162 23.0007 22.1954 26.762 29.6441 31.1924 31.1924 29.6441 26.7481 22.2038 16.1865 14.7334 14.064 14.0202 14.1266 14.0897 14.7212 16.1124 11.2966 7.83318 5.04031 3.17969 3.1627 5.02079 7.82922 
2.52733 1.27033 1.02682 1.00107 1.00107 1.02682 1.27033 2.52733 5.84699 2.36698 1.24352 1.02475 1.02475 1.24352 2.36698 5.84699 13.1156 7.47427 4.24091 3.1557 3.1557 4.24091 7.47427 13.1156 22.0796 19.4644 15.0718 12.0488 12.0747 15.1168 19.4659 22.0799 21.0244 26.0638 28.9273 30.2753 30.2753 28.9273 26.0438 21.0394 14.4944 13.915 13.839 14.9275 15.1273 13.8525 13.8989 14.3648 9.87092 7.31969 5.32326 3.73316 3.69435 5.3011 7.3204 
2.92868 1.38561 1.04359 1.0026 1.0026 1.04359 1.38561 2.92868 6.62629 2.69534 1.31962 1.03691 1.03691 1.31962 2.69534 6.62629 13.5354 9.59345 7.54315 6.83595 6.83595 7.54315 9.59345 13.5354 20.4429 18.3039 15.0682 13.0555 13.0746 15.1078 18.3053 20.4447 19.8563 25.1155 27.895 29.1999 29.1999 27.895 25.0925 19.871 12.549 12.2018 12.4817 13.7928 13.9796 12.5029 12.1899 12.4377 8.36301 6.24351 4.59505 3.3212 3.28668 4.57756 6.24628 
3.57413 1.58853 1.08556 1.0074 1.0074 1.08556 1.58853 3.57413 7.56919 3.37475 1.55699 1.10151 1.10151 1.55699 3.37475 7.56919 14.3298 13.1935 12.8709 12.7709 12.7709 12.8709 13.1935 14.3298 18.7312 17.2008 15.5688 14.8992 15.0387 15.7339 17.2038 18.7338 18.7476 24.1575 26.7489 27.7598 27.7598 26.7489 24.2052 18.8143 10.5876 9.06281 8.44487 8.90898 9.04145 8.47848 9.07659 10.5976 6.77579 4.95125 3.69267 2.65996 2.63619 3.68087 4.95327 
1.36397 1.05408 1.00503 1.00025 1.00026 1.00506 1.05408 1.36397 2.6165 1.52151 1.09351 1.0126 1.01259 1.09374 1.52444 2.63463 7.27983 7.18065 6.73024 6.48602 6.48602 6.73024 7.21846 7.34075 9.3396 7.00119 5.79284 5.6021 5.56269 5.75636 7.00182 9.33678 11.9718 16.3132 18.2359 18.6797 18.6797 18.2359 16.3132 11.9718 4.3139 3.45241 3.19279 2.70831 2.71325 3.2 3.50595 4.4551 2.61994 2.00023 1.5308 1.19194 1.19459 1.53668 2.01388 
1.0856 1.01152 1.00093 0.999802 0.999805 1.00095 1.01152 1.0856 1.5198 1.14175 1.02128 1.00195 1.00192 1.02104 1.14092 1.51959 3.22066 3.00375 2.71956 2.59618 2.59618 2.71956 2.99716 3.22381 5.60642 4.2416 3.21859 2.85816 2.85839 3.21895 4.24209 5.60663 7.78283 10.7167 11.5645 11.0561 11.0561 11.5645 10.7167 7.78283 2.51965 2.12948 1.80562 1.49077 1.49029 1.80488 2.13626 2.57894 1.94359 1.61517 1.25532 1.06203 1.06148 1.25315 1.61311 
1.01155 1.00114 0.999977 0.999945 0.999945 0.999979 1.00114 1.01155 1.09336 1.01959 1.00194 0.999936 0.999934 1.00192 1.01944 1.09337 1.6041 1.45581 1.35041 1.3102 1.3102 1.35041 1.45377 1.6046 3.00419 2.50128 1.83097 1.52782 1.52802 1.83201 2.5012 3.00437 4.93387 6.95751 6.79588 5.89453 5.89453 6.79588 6.95751 4.93387 1.51359 1.33949 1.18433 1.07509 1.07476 1.18352 1.33947 1.54384 1.39359 1.19981 1.05498 1.00942 1.00934 1.05466 1.19913 
1.00093 0.999939 0.999945 0.999988 0.999988 0.999945 0.999939 1.00093 1.01372 1.00167 0.999896 0.99992 0.99992 0.999895 1.00165 1.01372 1.16146 1.0818 1.05224 1.04251 1.04251 1.05224 1.08124 1.16177 1.87954 1.60478 1.2547 1.13181 1.13184 1.25496 1.60477 1.87971 3.22624 4.6094 4.08203 3.38557 3.38557 4.08203 4.6094 3.22624 1.13919 1.09192 1.03722 1.00906 1.00898 1.03692 1.09136 1.15185 1.11473 1.04528 1.00839 1.00085 1.00084 1.00835 1.04518 
1.00091 0.999939 0.999945 0.999988 0.999988 0.999945 0.999939 1.00093 1.01372 1.00167 0.999895 0.99992 0.99992 0.999896 1.00167 1.01372 1.16146 1.0818 1.05269 1.04277 1.04251 1.05224 1.0818 1.16146 1.87971 1.60477 1.25496 1.13184 1.13181 1.2547 1.60478 1.87954 3.22715 4.60406 4.08281 3.38514 3.38557 4.08203 4.6094 3.22624 1.1391 1.09145 1.03778 1.00931 1.00931 1.03778 1.09145 1.1391 1.11473 1.04528 1.00839 1.00085 1.00085 1.00839 1.04528 
1.01138 1.00114 0.999979 0.999945 0.999945 0.999977 1.00114 1.01155 1.09336 1.01959 1.00192 0.999934 0.999936 1.00194 1.01959 1.09336 1.6041 1.45581 1.35192 1.31102 1.3102 1.35041 1.45581 1.6041 3.00437 2.5012 1.83201 1.52802 1.52782 1.83097 2.50128 3.00419 4.93385 6.92883 6.7963 5.89398 5.89453 6.79588 6.95751 4.93387 1.51272 1.33744 1.18625 1.07709 1.07709 1.18625 1.33744 1.51272 1.39359 1.19981 1.05498 1.00942 1.00942 1.05498 1.19981 
1.08458 1.01156 1.00095 0.999805 0.999802 1.00093 1.01152 1.0856 1.5198 1.14175 1.02104 1.00192 1.00195 1.02128 1.14175 1.5198 3.22066 3.00375 2.72345 2.59832 2.59618 2.71956 3.00375 3.22066 5.60663 4.24209 3.21895 2.85839 2.85816 3.21859 4.2416 5.60642 7.76553 10.6458 11.5682 11.0586 11.0561 11.5645 10.7167 7.78283 2.51509 2.12434 1.80803 1.50245 1.50245 1.80803 2.12434 2.51509 1.94359 1.61517 1.25532 1.06203 1.06203 1.25532 1.61517 
1.35642 1.05376 1.00506 1.00026 1.00025 1.00503 1.05408 1.36397 2.6165 1.52151 1.09374 1.01259 1.0126 1.09351 1.52151 2.6165 7.27983 7.18065 6.70387 6.463 6.48602 6.73024 7.18065 7.27983 9.33678 7.00182 5.75636 5.56269 5.6021 5.79284 7.00119 9.3396 12.0846 16.459 18.2315 18.664 18.6797 18.2359 16.3132 11.9718 4.28598 3.42846 3.1603 2.70248 2.70248 3.1603 3.42846 4.28598 2.61994 2.00023 1.5308 1.19194 1.19194 1.5308 2.00023 
1.07117 1.0117 1.00139 1.00012 1.00012 1.00139 1.0117 1.07117 1.51782 1.15882 1.02819 1.00393 1.00393 1.02819 1.15882 1.51782 2.86782 2.81751 2.66186 2.62768 2.62768 2.66186 2.81751 2.86782 4.95335 3.36759 2.69589 2.47586 2.47586 2.69589 3.36759 4.95335 7.02161 9.39076 10.207 10.2415 10.3094 10.3193 9.49701 7.09234 2.531 2.09296 1.93482 1.71156 1.71156 1.93482 2.09296 2.531 1.70435 1.33833 1.10283 1.03128 1.03128 1.10283 1.33833 
1.00891 1.00147 1.0001 0.999963 0.999963 1.0001 1.00147 1.00891 1.09073 1.02343 1.00342 1.00022 1.00022 1.00342 1.02343 1.09073 1.60716 1.58458 1.50708 1.45393 1.45393 1.50708 1.58458 1.60716 3.02966 2.2894 1.69889 1.45813 1.45813 1.69889 2.2894 3.02966 3.05219 3.79928 4.08778 4.06754 4.08385 4.1198 3.83542 3.07905 1.65328 1.40001 1.26677 1.14713 1.14713 1.26677 1.40001 1.65328 1.34248 1.13239 1.02993 1.00497 1.00497 1.02993 1.13239 
1.00053 1.00006 0.999982 0.999996 0.999996 0.999982 1.00006 1.00053 1.01139 1.00236 1.00011 0.999871 0.999871 1.00011 1.00236 1.01139 1.14736 1.13667 1.11383 1.09341 1.09341 1.11383 1.13667 1.14736 1.74771 1.42691 1.1751 1.09291 1.09291 1.1751 1.42691 1.74771 1.55929 1.75809 1.81746 1.76815 1.7734 1.8289 1.77152 1.56922 1.19712 1.10543 1.05224 1.01971 1.01971 1.05224 1.10543 1.19712 1.09578 1.02495 1.00391 1.00038 1.00038 1.00391 1.02495 
0.999945 0.999969 0.999998 1 1 0.999998 0.999969 0.999945 1.00071 0.999865 0.999912 0.999974 0.999974 0.999912 0.999865 1.00071 1.02507 1.02204 1.01769 1.01372 1.01372 1.01769 1.02204 1.02507 1.20885 1.09199 1.0295 1.01235 1.01235 1.0295 1.09199 1.20885 1.10637 1.15224 1.15869 1.14302 1.14443 1.16229 1.15612 1.10902 1.03994 1.01873 1.00626 1.00149 1.00149 1.00626 1.01873 1.03994 1.01701 1.00317 1.00025 0.999859 0.999859 1.00025 1.00317 
0 0 0 0 1 0.999998 0.999969 0.999945 1.00071 0.999865 0.999912 0.999974 0.999974 0.999912 0.999865 1.00071 1.02507 1.02204 1.01769 1.01372 1.01356 1.01746 1.02174 1.02494 1.20576 1.0907 1.02912 1.0122 1.01235 1.0295 1.09199 1.20885 1.10902 1.15612 1.16229 1.14443 1.14302 1.15869 1.15224 1.10637 1.03958 1.0185 1.00618 1.00147 1.00149 1.00626 1.01873 1.03994 1.01701 1.00317 1.00025 0.999859 0 0 0 
0 0 0 0 0.999996 0.999982 1.00006 1.00053 1.01139 1.00236 1.00011 0.999871 0.999871 1.00011 1.00236 1.01139 1.14736 1.13667 1.11383 1.09341 1.09258 1.11261 1.13511 1.14646 1.73595 1.42103 1.17313 1.09205 1.09291 1.1751 1.42691 1.74771 1.56922 1.77152 1.8289 1.7734 1.76815 1.81746 1.75809 1.55929 1.19555 1.10429 1.05183 1.01958 1.01971 1.05224 1.10543 1.19712 1.09578 1.02495 1.00391 1.00038 0 0 0 
0 0 0 0 0.999963 1.0001 1.00147 1.00891 1.09073 1.02343 1.00342 1.00022 1.00022 1.00342 1.02343 1.09074 1.60716 1.58458 1.50708 1.45393 1.45103 1.50319 1.57981 1.6051 3.00956 2.2813 1.69385 1.45545 1.45813 1.69889 2.2894 3.02966 3.07905 3.83542 4.1198 4.08385 4.06754 4.08778 3.79928 3.05219 1.65186 1.39691 1.26538 1.14659 1.14713 1.26677 1.40001 1.65328 1.34248 1.13239 1.02993 1.00497 0 0 0 
