0 0 0 0 1.00003 1.00001 1.00008 1.00552 1.15564 1.01038 1.00025 1.00001 1.00001 1.00025 1.01035 1.15535 1.10141 1.08803 1.00651 0.997638 0.996534 1.00555 1.08911 1.1036 1.0339 1.03262 1.03214 1.03155 1.03057 1.03113 1.03166 1.03277 1.00565 1.05168 1.31625 1.4311 1.43162 1.31834 1.05317 1.00577 1.00023 1.00007 1.00002 1.00003 1.00003 1.00003 1.00022 1.00031 1.00007 1.00002 1.00003 1.00003 0 0 0 
0 0 0 0 0.999997 0.999996 0.999984 1.00014 1.00366 1.00008 0.999977 0.999996 0.999996 0.999977 1.00008 1.00366 1.00182 1.00143 0.999898 0.999786 0.999737 0.999847 1.00144 1.00184 1.00188 1.00184 1.00195 1.00185 1.00178 1.00187 1.00176 1.0018 1.00023 1.00205 1.01381 1.01875 1.01944 1.01434 1.00216 1.00024 1 0.999969 1 0.999997 0.999997 0.999999 0.999971 1 1.00002 0.999994 0.999997 0.999997 0 0 0 
0 0 0 0 1 1 0.999996 1.00001 1.00004 0.999961 0.999999 1 1 1 0.999961 1.00003 1.00002 0.999966 1 0.999999 0.999997 1 0.999966 1.00002 1.00007 1.00002 1.00005 1.00005 1.00004 1.00005 1.00001 1.00006 0.999993 1.00001 1.00031 1.00039 1.00042 1.00033 1.00002 0.999992 1.00001 0.999975 1 1 1 1 0.999974 1.00001 1.00003 0.999997 1 1 0 0 0 
0 0 0 0 1 1 0.999997 1.00003 1 0.999975 1 1 1 1 0.999975 1 1.00002 0.999971 1 1 1 1 0.999971 1.00002 1.00001 0.999962 0.99999 0.999988 0.999989 0.99999 0.999963 1.00001 1.00002 0.999963 0.999983 0.999984 0.999985 0.999983 0.999962 1.00002 1.00001 0.999976 1 1 1 1 0.999976 1.00001 1.00003 0.999997 1 1 0 0 0 
1.00003 0.999997 1 1 1 1 0.999997 1.00003 1 0.999975 1 1 1 1 0.999975 1 1.00002 0.999971 1 1 1 1 0.999971 1.00002 1.00001 0.999962 0.99999 0.999988 0.999988 0.99999 0.999962 1.00001 1.00002 0.999962 0.999983 0.999985 0.999985 0.999983 0.999962 1.00002 1.00001 0.999976 1 1 1 1 0.999976 1.00001 1.00003 0.999997 1 1 1 1 0.999997 
1.00001 0.999996 1 1 1 1 0.999996 1.00001 1.00004 0.999961 0.999999 1 1 0.999999 0.999961 1.00004 1.00002 0.999966 1 0.999997 0.999999 1 0.999966 1.00002 1.00007 1.00002 1.00005 1.00005 1.00005 1.00005 1.00002 1.00007 0.999992 1.00002 1.00033 1.00042 1.00042 1.00033 1.00002 0.999992 1.00001 0.999974 1 1 1 1 0.999975 1.00001 1.00003 0.999997 1 1 1 1 0.999997 
1.00014 0.999984 0.999996 0.999997 0.999997 0.999996 0.999984 1.00014 1.00366 1.00008 0.999977 0.999996 0.999996 0.999977 1.00008 1.00366 1.00182 1.00143 0.999847 0.999737 0.999786 0.999898 1.00143 1.00182 1.00188 1.00184 1.00195 1.00185 1.00185 1.00195 1.00184 1.00188 1.00024 1.00216 1.01434 1.01944 1.01944 1.01434 1.00216 1.00024 1 0.999971 0.999999 0.999997 0.999997 1 0.999969 1 1.00002 0.999994 0.999997 0.999997 0.999997 0.999997 0.999994 
1.00552 1.00008 1.00001 1.00003 1.00003 1.00001 1.00008 1.00552 1.15564 1.01038 1.00025 1.00001 1.00001 1.00025 1.01038 1.15564 1.10141 1.08803 1.00555 0.996534 0.997638 1.00651 1.08803 1.10141 1.0339 1.03262 1.03214 1.03155 1.03155 1.03214 1.03262 1.0339 1.00577 1.05317 1.31834 1.43162 1.43162 1.31834 1.05317 1.00577 1.00031 1.00022 1.00003 1.00003 1.00003 1.00002 1.00007 1.00023 1.00007 1.00002 1.00003 1.00003 1.00003 1.00003 1.00002 
1.18054 1.00542 1.00006 0.99999 0.99999 1.00006 1.00542 1.18054 3.57714 1.33451 1.01012 1.00015 1.00015 1.01012 1.33451 3.57714 3.29456 3.10905 1.38284 1.08858 1.10929 1.43639 3.10905 3.29456 1.0617 1.05951 1.04874 1.06534 1.05642 1.03769 1.04725 1.04568 1.05742 1.66474 4.98125 6.444 6.44471 4.9819 1.66382 1.05648 1.01187 1.01178 1.00153 1.00004 1.00003 1.00068 1.01914 1.0112 0.999656 0.999959 1.00001 1.00001 1.00001 1.00001 0.999958 
1.00578 1.00011 0.999961 0.999976 0.999976 0.999961 1.00011 1.00578 1.15765 1.00991 1.00016 0.999956 0.999956 1.00016 1.00991 1.15765 1.12392 1.1089 1.01545 1.005 1.0067 1.01727 1.1089 1.12392 1.03552 1.03507 1.03006 1.03206 1.03273 1.03075 1.03576 1.03608 1.00338 1.01919 1.26032 1.42891 1.42878 1.26025 1.01918 1.00337 0.999856 0.999471 0.999966 0.999973 0.999974 0.999968 0.999792 0.999852 0.999979 0.999975 0.999976 0.999976 0.999976 0.999976 0.999975 
1.00006 0.999979 1 1 1 1 0.999979 1.00006 1.00308 1.00004 0.999979 1 1 0.999979 1.00004 1.00308 1.00231 1.00183 1.00038 1.00019 1.0003 1.00049 1.00183 1.00231 1.00223 1.00218 1.00195 1.00192 1.002 1.00204 1.00227 1.00232 1.00009 1.00008 1.00497 1.01132 1.01131 1.00497 1.00008 1.00009 1.00001 0.999978 1 1 1 1 0.999982 1.00001 1.00003 1 1 1 1 1 1 
1.00001 0.999996 1 1 1 1 0.999996 1.00001 1 0.999963 1 1 1 1 0.999963 1 1.00003 0.99997 1 1 1 1.00001 0.99997 1.00003 1.00007 1.00002 1.00004 1.00004 1.00004 1.00004 1.00002 1.00007 1 0.999969 0.999982 1.00003 1.00003 0.999981 0.999969 1 1.00001 0.999979 1 1 1 1 0.999978 1.00001 1.00003 0.999997 1 1 1 1 0.999997 
1.00001 0.999996 1 1 1 1 0.999996 1.00001 1 0.999963 1 1 1 1 0.999963 1.00001 1.00003 0.99997 1.00001 1 1 1.00001 0.99997 1.00003 1.00007 1.00002 1.00004 1.00004 1.00004 1.00004 1.00002 1.00007 1 0.999969 0.999981 1.00003 1.00003 0.999982 0.999969 1 1.00001 0.999978 1 1 1 1 0.999978 1.00001 1.00003 0.999997 1 1 1 1 0.999997 
1.00006 0.999979 1 1 1 1 0.999979 1.00006 1.00308 1.00004 0.999979 1 1 0.999979 1.00005 1.00327 1.00231 1.00183 1.00049 1.0003 1.0003 1.00049 1.00183 1.00231 1.00232 1.00227 1.00204 1.002 1.002 1.00204 1.00227 1.00232 1.00009 1.00008 1.00497 1.01131 1.01132 1.00497 1.00008 1.00009 1.00001 0.999982 1 1 1 1 0.99998 1.00001 1.00003 1 1 1 1 1 1 
1.0059 1.00011 0.999961 0.999976 0.999976 0.999961 1.00011 1.00578 1.15765 1.00991 1.00016 0.999956 0.999954 1.00013 1.01015 1.16107 1.12824 1.1089 1.01727 1.0067 1.0067 1.01727 1.11282 1.12824 1.03608 1.03576 1.03075 1.03273 1.03273 1.03075 1.03576 1.03608 1.00337 1.01918 1.26025 1.42878 1.42891 1.26032 1.01919 1.00338 0.999852 0.999792 0.999968 0.999974 0.999973 0.999966 0.999606 0.999925 0.999979 0.999975 0.999976 0.999976 0.999976 0.999976 0.999975 
1.19695 1.00598 1.00006 0.999991 0.99999 1.00006 1.00542 1.18054 3.57714 1.33451 1.01012 1.00015 1.00018 1.0117 1.35511 3.70232 3.56641 3.10905 1.43639 1.10929 1.10929 1.43639 3.34921 3.56641 1.04568 1.04725 1.03769 1.05642 1.05642 1.03769 1.04725 1.04568 1.05648 1.66382 4.9819 6.44471 6.444 4.98125 1.66474 1.05742 1.0112 1.01914 1.00068 1.00003 1.00004 1.00153 1.02085 1.01697 0.999656 0.999959 1.00001 1.00001 1.00001 1.00001 0.999959 
6.56907 1.47232 1.01401 1.0001 1.0001 1.01401 1.47232 6.56907 23.3336 7.21356 1.56872 1.02016 1.02138 1.57754 7.25674 23.5081 26.7796 24.701 10.7298 5.83311 5.65574 10.5661 24.4862 26.4433 2.70087 2.87458 2.75136 2.89295 2.89295 2.75136 2.87458 2.70087 2.01284 7.72541 21.2991 26.1563 26.1587 21.302 7.72501 2.01146 1.9911 1.90278 1.1063 1.00358 1.00695 1.18487 2.04375 1.99342 1.29775 1.01097 1.00019 1.00001 1.00001 1.00018 1.01015 
7.14336 1.52268 1.0156 1.00006 1.00006 1.0156 1.52268 7.14336 25.591 7.7657 1.61927 1.02216 1.02351 1.62811 7.79191 25.6467 29.6116 26.5036 8.22257 1.952 1.95076 8.25563 26.4702 29.4254 1.18406 1.15912 1.12245 1.11294 1.11294 1.12245 1.15912 1.18406 2.09322 9.44045 25.9666 32.0566 32.0536 25.9628 9.44059 2.09249 1.1046 1.10129 1.00573 1.00007 1.00011 1.0077 1.10965 1.1054 1.01369 1.00029 0.999953 0.999973 0.999973 0.999954 1.0003 
5.98414 1.41471 1.01195 1.00006 1.00006 1.01195 1.41471 5.98414 20.8097 6.4174 1.48816 1.01728 1.0184 1.49582 6.42775 20.7749 24.0516 21.7643 6.68474 1.54917 1.553 6.71529 21.7691 23.9587 1.03907 0.985611 0.987245 0.98805 0.98805 0.987245 0.985611 1.03907 1.87554 7.78245 21.1884 25.7449 25.7499 21.194 7.78243 1.87581 1.02076 1.00465 1.0001 0.999982 0.999977 1.00015 1.00527 1.02438 1.0005 0.999991 0.999999 1 1 0.999999 0.999991 
1.78235 1.02959 1.00032 0.99998 0.99998 1.00032 1.02959 1.78235 7.90756 2.01118 1.04227 1.0006 1.00066 1.04321 2.03004 8.01112 8.56675 7.73538 1.9637 1.04312 1.04036 1.96076 7.69347 8.49406 1.08079 1.08092 1.08121 1.07711 1.07711 1.08121 1.08092 1.08079 1.07164 2.13761 7.54108 9.00101 8.99804 7.53766 2.1374 1.07169 1.00101 1.00005 0.999991 1 0.999999 0.999987 1.00006 1.0011 1.00003 0.999994 1 1 1 1 0.999994 
1.78011 1.02936 1.00031 0.99998 0.99998 1.00032 1.02959 1.78235 8.01112 2.03004 1.04321 1.00066 1.00066 1.04321 2.03004 8.01112 8.56675 7.73538 1.9637 1.04312 1.04312 1.9637 7.73538 8.56675 1.08063 1.08091 1.08121 1.07711 1.07711 1.08121 1.08092 1.08079 1.07169 2.1374 7.53766 8.99804 9.02282 7.57014 2.13761 1.07164 1.00101 1.00007 0.999986 0.999999 1 0.999991 1.00005 1.00101 1.00002 0.999994 1 1 1 1 0.999994 
5.97516 1.4127 1.01183 1.00006 1.00006 1.01195 1.41471 5.98414 20.7749 6.42775 1.49582 1.0184 1.0184 1.49582 6.42775 20.7749 24.0516 21.7643 6.68474 1.54917 1.54917 6.68474 21.7643 24.0516 1.036 0.98549 0.987246 0.988045 0.98805 0.987245 0.985611 1.03907 1.87581 7.78243 21.194 25.7499 25.775 21.2566 7.78245 1.87554 1.02076 1.00556 1.00017 0.999977 0.999982 1.0001 1.00465 1.02076 1.00042 0.999991 0.999999 1 1 0.999999 0.999991 
7.13199 1.51998 1.01543 1.00006 1.00006 1.0156 1.52268 7.14336 25.6467 7.79191 1.62811 1.02351 1.02351 1.62811 7.79191 25.6467 29.6116 26.5036 8.22257 1.952 1.952 8.22257 26.5036 29.6116 1.17967 1.15786 1.1217 1.11277 1.11294 1.12245 1.15912 1.18406 2.09249 9.44059 25.9628 32.0536 32.1125 26.0881 9.44045 2.09322 1.1044 1.11598 1.00824 1.00011 1.00007 1.00573 1.10129 1.1046 1.01362 1.0003 0.999954 0.999973 0.999973 0.999953 1.00029 
6.57848 1.47072 1.01388 1.0001 1.0001 1.01401 1.47232 6.56907 23.5081 7.25674 1.57754 1.02138 1.02138 1.57754 7.25674 23.5081 26.7796 24.701 10.7298 5.83311 5.83311 10.7298 24.701 26.7796 2.90402 3.08553 2.96277 3.09365 2.89295 2.75136 2.87458 2.70087 2.01146 7.72501 21.302 26.1587 26.3601 21.5507 7.72541 2.01284 2.14877 2.3362 1.20817 1.00791 1.00358 1.1063 1.90278 1.9911 1.273 1.01015 1.00018 1.00001 1.00001 1.00019 1.01097 
7.20641 1.54694 1.02019 1.00025 1.00025 1.02019 1.54717 7.20353 26.7032 7.86919 1.61964 1.02352 1.02352 1.61964 7.88902 26.6922 33.7065 34.0622 32.3278 31.738 31.738 32.3278 33.9935 33.6579 28.9726 28.7164 29.4236 29.5607 29.5607 29.4236 28.7164 28.9726 31.0543 32.2741 33.7915 34.3439 34.3439 33.7915 32.2741 31.0543 25.8965 24.0701 7.72081 1.64083 1.64083 7.72081 24.0701 25.8965 8.06137 1.58887 1.01902 1.00018 1.00018 1.01902 1.58887 
7.2878 1.55539 1.02067 1.00021 1.00021 1.02067 1.55563 7.28497 27.1297 7.95982 1.62819 1.02399 1.02399 1.62819 7.98508 27.1022 34.4623 34.8574 34.7176 34.6728 34.6728 34.7176 34.8598 34.4711 34.019 33.9409 33.9809 34.0451 34.0451 33.9809 33.9409 34.019 34.0118 34.638 34.8764 34.9345 34.9345 34.8764 34.638 34.0118 28.2471 26.5805 8.30132 1.70129 1.70129 8.30132 26.5805 28.2471 8.70572 1.64683 1.02093 1.00015 1.00015 1.02093 1.64683 
7.29262 1.55571 1.02069 1.00024 1.00024 1.02069 1.55595 7.28982 27.1756 7.96596 1.62871 1.02402 1.02402 1.62871 7.99133 27.1471 34.5677 34.9559 34.9813 34.9809 34.9809 34.9813 34.9563 34.5725 34.8546 34.8666 34.8771 34.8893 34.8893 34.8771 34.8666 34.8546 34.4195 34.9359 34.9912 34.9963 34.9963 34.9912 34.9359 34.4195 28.6289 26.9446 8.37942 1.70792 1.70792 8.37942 26.9446 28.6289 8.80674 1.6544 1.02117 1.00018 1.00018 1.02117 1.6544 
7.28654 1.5526 1.02023 1.00023 1.00023 1.02023 1.55282 7.28378 27.1796 7.96263 1.62723 1.02359 1.02359 1.62723 7.98277 27.1564 34.5744 34.962 34.9973 34.9991 34.9991 34.9973 34.9625 34.5782 34.9445 34.9768 34.9873 34.9899 34.9899 34.9873 34.9768 34.9445 34.4479 34.9549 34.9977 34.9999 34.9999 34.9977 34.9549 34.4479 28.6658 26.9758 8.37944 1.70812 1.70812 8.37944 26.9758 28.6658 8.81346 1.65501 1.02093 1.00017 1.00017 1.02093 1.65501 
7.28378 1.55282 1.02092 1.00025 1.00023 1.02023 1.55282 7.28378 27.1564 7.98277 1.63408 1.02415 1.02359 1.62723 7.98277 27.1796 34.5744 34.962 34.9973 34.9991 34.9991 34.9972 34.962 34.5744 34.9448 34.9768 34.9873 34.9899 34.9899 34.9873 34.9768 34.9445 34.4403 34.9527 34.9976 34.9999 34.9999 34.9976 34.9535 34.5156 28.6433 26.9756 8.38956 1.70908 1.70812 8.37944 26.9758 28.6658 8.81346 1.65501 1.02093 1.00017 1.00017 1.02081 1.65522 
7.28982 1.55595 1.02146 1.00027 1.00024 1.02069 1.55595 7.28982 27.1471 7.99133 1.63661 1.02466 1.02402 1.62871 7.99133 27.1756 34.5677 34.9559 34.9813 34.9809 34.981 34.9813 34.9559 34.5677 34.8549 34.8666 34.8771 34.8893 34.8893 34.8771 34.8666 34.8546 34.412 34.9345 34.9913 34.9963 34.9964 34.9913 34.9362 34.4902 28.6078 26.9449 8.38963 1.70888 1.70792 8.37942 26.9446 28.6289 8.80674 1.6544 1.02117 1.00018 1.00018 1.02105 1.65463 
7.28497 1.55563 1.02144 1.00024 1.00021 1.02067 1.55563 7.28497 27.1022 7.98508 1.63609 1.02463 1.02399 1.62819 7.98508 27.1297 34.4623 34.8574 34.7176 34.6728 34.6662 34.7122 34.8574 34.4623 34.0187 33.9403 33.9803 34.0446 34.0451 33.9809 33.9409 34.019 33.9955 34.6299 34.8737 34.9331 34.9332 34.8738 34.6425 34.0809 28.2166 26.5677 8.30807 1.70214 1.70129 8.30132 26.5805 28.2471 8.70572 1.64683 1.02093 1.00015 1.00015 1.02081 1.64707 
7.20353 1.54717 1.02091 1.00028 1.00025 1.02019 1.54717 7.20353 26.6922 7.88902 1.62677 1.02412 1.02352 1.61964 7.88902 26.7032 33.7065 34.0622 32.3278 31.738 31.928 32.4922 34.0622 33.7065 28.974 28.7198 29.4275 29.5646 29.5607 29.4236 28.7164 28.9726 31.4765 32.6554 33.9886 34.4609 34.461 33.9862 32.2804 31.0868 26.0268 24.2213 7.72992 1.64168 1.64083 7.72081 24.0701 25.8965 8.06137 1.58887 1.01902 1.00018 1.00018 1.01892 1.58918 
6.54634 1.46263 1.01307 1.00009 1.00009 1.01317 1.4631 6.54736 24.4321 6.91243 1.52458 1.01804 1.01804 1.52458 6.94999 24.7481 34.3437 34.8565 34.82 34.7894 34.7894 34.82 34.8565 34.3437 34.7155 34.8541 34.8798 34.8645 34.8827 34.895 34.8701 34.7281 33.6216 34.7218 34.9143 34.9631 34.9658 34.9196 34.7231 33.547 26.1956 24.0076 7.31479 1.58826 1.58835 7.34321 23.8816 26.0489 7.92696 1.57086 1.01759 1.00014 1.00015 1.01785 1.57413 
6.99814 1.50477 1.01446 1.00005 1.00006 1.0146 1.50639 7.01683 25.9737 7.45075 1.57227 1.01989 1.01989 1.57227 7.48109 26.1703 34.5414 34.9341 34.974 34.9761 34.9761 34.974 34.9341 34.5414 34.9011 34.961 34.9743 34.9746 34.9743 34.974 34.9605 34.9007 34.3439 34.9181 34.9831 34.9889 34.9889 34.9831 34.918 34.2867 28.7967 26.478 8.06211 1.66258 1.66276 8.07465 26.5058 28.8216 8.77275 1.64684 1.0199 1.00011 1.00012 1.02016 1.64903 
7.03392 1.50747 1.01456 1.00008 1.00008 1.01471 1.50909 7.05231 26.1418 7.49398 1.5752 1.02001 1.02001 1.5752 7.52653 26.344 34.5661 34.9487 34.995 34.9983 34.9983 34.995 34.9487 34.5661 34.9353 34.9845 34.9964 34.9975 34.9975 34.9964 34.9843 34.9356 34.4233 34.9438 34.9957 34.999 34.999 34.9958 34.9439 34.3715 29.2127 26.8577 8.1405 1.6692 1.66931 8.15324 26.8752 29.2248 8.87584 1.65458 1.02015 1.00014 1.00015 1.02041 1.65682 
7.03004 1.50596 1.01439 1.00008 1.00008 1.01452 1.50722 7.04588 26.1491 7.48615 1.57296 1.01965 1.01965 1.57296 7.51634 26.3546 34.5722 34.953 34.9966 34.9998 34.9998 34.9966 34.953 34.5722 34.9382 34.9867 34.9987 34.9997 34.9997 34.9986 34.9866 34.9383 34.4254 34.9454 34.9967 34.9999 34.9999 34.9968 34.9455 34.3777 29.2445 26.894 8.14369 1.66935 1.66947 8.15325 26.9073 29.253 8.87661 1.6543 1.01991 1.00013 1.00014 1.02013 1.65606 
7.04588 1.50722 1.01452 1.00008 1.00008 1.01452 1.50596 7.03004 26.1491 7.48615 1.56562 1.02044 1.02044 1.56562 7.48615 26.1491 34.5722 34.953 34.9966 34.9998 34.9999 34.9969 34.9549 34.5807 34.9383 34.9866 34.9986 34.9997 34.9997 34.9987 34.9867 34.9382 34.4164 34.9456 34.997 34.9999 34.9999 34.997 34.9446 34.4487 29.253 26.9073 8.15325 1.66947 1.66947 8.15325 26.9073 29.253 8.87661 1.6543 1.01991 1.00013 1.00013 1.01991 1.6543 
7.05231 1.50909 1.01471 1.00008 1.00008 1.01471 1.50747 7.03392 26.1418 7.49398 1.56674 1.0209 1.0209 1.56674 7.49398 26.1418 34.5661 34.9487 34.995 34.9983 34.9984 34.9953 34.9511 34.5763 34.9356 34.9843 34.9964 34.9975 34.9975 34.9964 34.9845 34.9353 34.4118 34.9439 34.9961 34.999 34.999 34.9961 34.943 34.4461 29.2248 26.8752 8.15324 1.66931 1.66931 8.15324 26.8752 29.2248 8.87584 1.65458 1.02015 1.00014 1.00014 1.02015 1.65458 
7.01683 1.50639 1.0146 1.00006 1.00006 1.0146 1.50477 6.99814 25.9737 7.45075 1.56388 1.02077 1.02077 1.56388 7.45075 25.9737 34.5414 34.9341 34.974 34.9761 34.9753 34.9737 34.9365 34.5517 34.9007 34.9605 34.974 34.9743 34.9746 34.9743 34.961 34.9011 34.3324 34.918 34.9831 34.9888 34.9889 34.9831 34.9178 34.3702 28.8216 26.5058 8.07465 1.66276 1.66276 8.07465 26.5058 28.8216 8.77275 1.64684 1.0199 1.00011 1.00011 1.0199 1.64684 
6.54736 1.4631 1.01317 1.00009 1.00009 1.01317 1.46263 6.54634 24.4321 6.91243 1.51563 1.01886 1.01886 1.51563 6.91243 24.4321 34.3437 34.8565 34.82 34.7894 34.8018 34.8294 34.8583 34.3391 34.7281 34.8701 34.895 34.8827 34.8645 34.8798 34.8541 34.7155 33.6 34.7329 34.9329 34.973 34.9731 34.9329 34.7313 33.6558 26.0489 23.8816 7.34321 1.58835 1.58835 7.34321 23.8816 26.0489 7.92696 1.57086 1.01759 1.00014 1.00014 1.01759 1.57086 
1.86173 1.03935 1.00064 1.00002 1.00002 1.00064 1.03935 1.86173 8.18321 1.76401 1.03208 1.00056 1.00056 1.03208 1.76401 8.18321 31.7338 34.4095 34.7288 34.7405 34.7405 34.7288 34.4095 31.7338 34.3333 34.8482 34.9047 34.8876 34.8882 34.9055 34.8427 34.3395 30.4515 34.3654 34.9287 34.9685 34.9731 34.9363 34.4138 30.0893 3.88871 3.20602 1.29385 1.02513 1.02551 1.27507 3.08476 3.74862 1.29304 1.02143 1.00107 1.00004 1.00004 1.00098 1.0216 
1.43047 1.0193 1.00034 0.999984 0.999984 1.00034 1.0193 1.43047 5.77481 1.33641 1.01117 1.0002 1.0002 1.01117 1.33641 5.77481 31.4712 34.5868 34.9511 34.9684 34.9684 34.9511 34.5868 31.4712 34.3325 34.9295 34.9752 34.9756 34.9757 34.9752 34.93 34.3474 30.3063 34.3519 34.9335 34.9837 34.9842 34.9392 34.3913 29.8972 2.49389 1.37336 1.04571 1.01809 1.01971 1.04831 1.3795 2.49608 1.09365 1.01949 1.00094 0.999991 0.999989 1.00087 1.01885 
1.4086 1.01847 1.00036 1.00001 1.00001 1.00036 1.01847 1.4086 5.59831 1.31735 1.01059 1.00023 1.00023 1.01059 1.31735 5.59831 31.46 34.6057 34.9777 34.9973 34.9973 34.9777 34.6057 31.46 34.3421 34.9495 34.9951 34.9976 34.9976 34.9951 34.9498 34.3569 30.2979 34.3599 34.9441 34.9949 34.9955 34.9497 34.3987 29.8863 2.27754 1.12054 1.02512 1.02147 1.0231 1.02722 1.12307 2.27626 1.07054 1.02147 1.00097 1.00002 1.00002 1.0009 1.02061 
1.45369 1.01957 1.00034 1.00001 1.00001 1.00034 1.01957 1.45369 5.95802 1.37613 1.01301 1.00025 1.00025 1.01301 1.37613 5.95802 31.5321 34.6149 34.9797 34.999 34.999 34.9797 34.6149 31.5321 34.3423 34.951 34.997 34.9997 34.9997 34.997 34.951 34.353 30.3357 34.3756 34.9486 34.9963 34.9967 34.9528 34.4013 29.932 2.49105 1.30967 1.03786 1.01269 1.01411 1.0398 1.31143 2.49079 1.09443 1.01484 1.00084 1.00001 1.00001 1.00078 1.01427 
1.4546 1.01924 1.00031 1.00001 1.00001 1.00034 1.01957 1.45369 5.95802 1.37613 1.01301 1.00025 1.00021 1.01244 1.3759 5.9583 31.5321 34.6149 34.9797 34.999 34.999 34.9794 34.6074 31.7043 34.353 34.951 34.997 34.9997 34.9997 34.997 34.951 34.353 29.932 34.4013 34.9503 34.9965 34.9963 34.9486 34.3756 30.3357 2.49079 1.31143 1.0398 1.01411 1.0141 1.0398 1.31143 2.49079 1.09991 1.01427 1.00084 1.00001 1.00001 1.00084 1.01484 
1.41008 1.01807 1.00032 1.00001 1.00001 1.00036 1.01847 1.4086 5.59831 1.31735 1.01059 1.00023 1.00018 1.00993 1.31669 5.59865 31.46 34.6057 34.9777 34.9973 34.9972 34.9773 34.5982 31.6362 34.3569 34.9498 34.9951 34.9976 34.9976 34.9951 34.9498 34.3569 29.8863 34.3987 34.9466 34.9952 34.9949 34.9441 34.3599 30.2979 2.27626 1.12307 1.02722 1.0231 1.02311 1.02722 1.12307 2.27626 1.07645 1.02061 1.00097 1.00002 1.00002 1.00097 1.02147 
1.43186 1.0189 1.0003 0.999984 0.999984 1.00034 1.0193 1.43047 5.77481 1.33641 1.01117 1.0002 1.00015 1.01051 1.33569 5.77447 31.4712 34.5868 34.9511 34.9684 34.9693 34.9518 34.5796 31.6458 34.3474 34.93 34.9752 34.9757 34.9757 34.9752 34.93 34.3474 29.8972 34.3913 34.9361 34.984 34.9837 34.9335 34.3519 30.3063 2.49608 1.3795 1.04831 1.01971 1.01969 1.04831 1.3795 2.49608 1.09979 1.01885 1.00094 0.999989 0.999991 1.00094 1.01949 
1.84721 1.03833 1.0006 1.00001 1.00002 1.00064 1.03935 1.86173 8.18321 1.76401 1.03208 1.00056 1.00052 1.03097 1.74927 8.09137 31.7338 34.4095 34.7288 34.7405 34.7228 34.7138 34.3822 31.8501 34.3395 34.8427 34.9055 34.8882 34.8882 34.9055 34.8427 34.3395 30.0893 34.4138 34.9316 34.9704 34.9685 34.9287 34.3654 30.4515 3.74862 3.08476 1.27507 1.02551 1.02551 1.27507 3.08476 3.74862 1.32264 1.0216 1.00107 1.00004 1.00004 1.00107 1.02143 
1.27073 1.00547 0.999969 1.00002 1.00002 0.99992 1.00547 1.27073 5.64427 1.33127 1.00729 1.00005 1.00005 1.00729 1.33127 5.64427 28.727 30.6263 31.3017 31.3097 30.8104 30.7931 30.2777 28.4584 33.1432 31.8582 31.8995 31.971 31.971 31.8995 31.8582 33.1432 28.7399 34.0122 34.6454 34.6146 34.6349 34.6558 33.9879 28.7454 5.80498 3.73932 1.3814 1.01301 1.01305 1.38252 3.8323 5.80498 1.62859 1.02115 1.00036 1.00002 1.00002 1.00036 1.02115 
1.2794 1.00554 0.99991 0.999971 0.999969 0.999855 1.00554 1.2794 5.88706 1.34625 1.0074 0.999988 0.999988 1.0074 1.34625 5.88706 31.2706 34.1291 34.4738 34.5046 34.5151 34.4735 34.1418 31.2874 33.848 34.3217 34.411 34.4718 34.4718 34.411 34.3217 33.848 28.2281 34.2185 34.912 34.9614 34.9614 34.9148 34.1994 28.2248 3.0384 1.33887 1.01878 1.00372 1.00369 1.01818 1.34255 3.0384 1.12123 1.00213 0.999958 0.999973 0.999973 0.999958 1.00213 
1.27944 1.00551 0.999936 0.999999 0.999997 0.999882 1.00551 1.27944 5.90814 1.34771 1.00749 1.00002 1.00002 1.00749 1.34771 5.90814 31.5081 34.5016 34.9389 34.9676 34.9669 34.9357 34.501 31.5175 34.0245 34.8552 34.9211 34.9354 34.9354 34.9211 34.8552 34.0245 28.1873 34.2485 34.9387 34.9944 34.9945 34.9425 34.2293 28.1843 2.706 1.07213 0.998356 0.996509 0.996514 0.998385 1.07763 2.706 1.07649 1.00091 0.999985 1 1 0.999985 1.00091 
1.2769 1.00539 0.999944 0.999997 0.999996 0.999897 1.00539 1.2769 5.91048 1.34635 1.00752 1.00002 1.00002 1.00752 1.34635 5.91048 31.5196 34.5228 34.9698 34.9968 34.9969 34.9688 34.5212 31.5273 34.0565 34.9255 34.9884 34.9936 34.9936 34.9884 34.9255 34.0565 28.2081 34.2563 34.9423 34.9968 34.9969 34.9455 34.239 28.2114 2.75609 1.1095 1.00175 0.999715 0.99971 1.00167 1.1147 2.75609 1.08425 1.00113 0.999984 1 1 0.999984 1.00113 
1.27847 1.00491 0.999897 0.999996 0.999996 0.999897 1.00539 1.2769 5.91048 1.34635 1.00752 1.00002 1.00015 1.00872 1.34485 5.9105 31.5273 34.5212 34.9688 34.9969 34.9969 34.9688 34.5212 31.5273 34.0813 34.9269 34.9885 34.9936 34.9936 34.9884 34.9255 34.0565 28.1971 34.2389 34.9391 34.9962 34.9968 34.9423 34.2563 28.2081 2.75491 1.1147 0.999277 0.991548 0.999715 1.00175 1.1095 2.75609 1.08425 1.00113 0.999984 1 1 0.999987 1.00118 
1.28142 1.00497 0.999882 0.999997 0.999997 0.999882 1.00551 1.27944 5.90814 1.34771 1.00749 1.00002 1.00016 1.00886 1.34581 5.90817 31.5175 34.501 34.9357 34.9669 34.9669 34.9357 34.501 31.5175 34.0525 34.8569 34.9212 34.9354 34.9354 34.9211 34.8552 34.0245 28.1756 34.2285 34.935 34.9937 34.9944 34.9387 34.2485 28.1873 2.70471 1.07763 0.995746 0.987383 0.996509 0.998356 1.07213 2.706 1.07649 1.00091 0.999985 1 1 0.999988 1.00097 
1.28137 1.00499 0.999855 0.999969 0.999969 0.999855 1.00554 1.2794 5.88706 1.34625 1.0074 0.999988 1.00013 1.00876 1.34436 5.88714 31.2874 34.1418 34.4735 34.5151 34.5151 34.4735 34.1418 31.2874 33.8765 34.3279 34.4162 34.4767 34.4718 34.411 34.3217 33.848 28.2168 34.1987 34.908 34.9618 34.9614 34.912 34.2185 28.2281 3.03641 1.34255 1.01492 0.994733 1.00372 1.01878 1.33887 3.0384 1.12123 1.00213 0.999958 0.999973 0.999972 0.999962 1.00217 
1.2711 1.00494 0.99992 1.00002 1.00002 0.99992 1.00547 1.27073 5.64427 1.33127 1.00729 1.00005 1.00019 1.00869 1.32907 5.62513 28.4584 30.2777 30.7931 30.8104 30.8104 30.7931 30.2777 28.4584 33.1009 31.6834 31.6904 31.7658 31.971 31.8995 31.8582 33.1432 28.7343 33.986 34.6101 34.5929 34.6146 34.6454 34.0122 28.7399 5.90433 3.8323 1.42712 1.01205 1.01301 1.3814 3.73932 5.80498 1.62859 1.02115 1.00036 1.00002 1.00003 1.00043 1.02286 
1.00777 0.999378 1 1.00003 1.00003 1 0.999378 1.00851 1.41184 1.01809 1.01283 1.00058 1.00058 1.01285 1.02009 1.45191 8.94239 5.88128 6.65228 6.6784 6.6784 6.65228 5.88128 8.94239 25.8051 11.744 6.96807 6.62857 6.62784 6.96571 11.744 25.8051 29.7705 30.944 31.8128 31.6464 31.328 31.8128 30.6192 29.4183 23.974 21.0451 7.04878 1.63907 1.63914 7.04939 21.0451 24.1236 7.9225 1.71181 1.04161 1.00098 1.00098 1.04161 1.71181 
1.00018 0.999322 0.999959 0.99998 0.99998 0.999958 0.999303 1.00048 1.11144 1.00508 1.01296 1.00051 1.00051 1.01299 1.00546 1.12307 6.14877 1.69013 1.42951 1.42167 1.42167 1.42951 1.69013 6.14877 27.2746 8.58964 2.42088 1.97456 1.97501 2.42125 8.58964 27.2746 33.1216 34.1182 34.3626 34.2622 34.2853 34.3626 34.1842 33.1762 29.3405 25.8045 8.47579 1.79568 1.79571 8.47561 25.8045 29.5086 9.65407 1.89701 1.05316 1.00124 1.00124 1.05316 1.89701 
1.00027 0.999365 0.999988 1 1.00001 0.999987 0.999345 1.00054 1.1069 1.00533 1.01309 1.00054 1.00054 1.01312 1.00569 1.11745 5.98968 1.39786 1.01565 1.003 1.003 1.01565 1.39786 5.98968 27.5112 8.17144 1.70762 1.27996 1.27987 1.70741 8.17144 27.5112 33.8316 34.7366 34.8534 34.7426 34.7409 34.8534 34.7366 33.7815 29.6634 26.0583 8.51532 1.79821 1.79825 8.51552 26.0583 29.8398 9.71824 1.90149 1.05335 1.00126 1.00126 1.05335 1.90149 
1.00542 0.999453 0.999996 1.00001 1.00001 0.999994 0.999426 1.00589 1.21333 1.01521 1.01589 1.00062 1.00062 1.0159 1.01592 1.2257 6.36193 1.90615 1.22623 1.20809 1.20809 1.22623 1.90615 6.36193 27.3135 8.17389 1.89054 1.48915 1.48905 1.8903 8.17389 27.3135 33.5319 34.499 34.7087 34.6088 34.6074 34.7087 34.5033 33.4987 29.3141 25.7717 8.22624 1.74497 1.74492 8.22582 25.7717 29.4766 9.42955 1.84716 1.04751 1.00106 1.00106 1.04751 1.84716 
1.00589 0.999426 0.999994 1.00001 1.00001 0.999994 0.999426 1.00589 1.2257 1.01592 1.0159 1.00062 1.00062 1.01589 1.01521 1.21333 6.37581 1.90476 1.22848 1.20895 1.20809 1.22623 1.90615 6.36193 27.317 8.16962 1.8903 1.48905 1.48915 1.89054 8.17389 27.3135 33.4987 34.5033 34.7121 34.6074 34.6088 34.7087 34.499 33.5319 29.4766 25.7697 8.09466 1.74492 1.7313 8.16026 25.7717 29.3141 9.42955 1.84716 1.04751 1.00106 1.00096 1.04529 1.82476 
1.00054 0.999345 0.999987 1.00001 1.00001 0.999987 0.999345 1.00054 1.11745 1.00569 1.01312 1.00054 1.00054 1.01309 1.00533 1.1069 6.00522 1.39667 1.01797 1.00428 1.003 1.01565 1.39786 5.98968 27.5147 8.16696 1.70741 1.27987 1.27996 1.70762 8.17144 27.5112 33.7815 34.7366 34.8548 34.7409 34.7426 34.8534 34.7366 33.8316 29.8398 26.0592 8.349 1.79825 1.78143 8.43167 26.0583 29.6634 9.71824 1.90149 1.05335 1.00126 1.00114 1.0507 1.87499 
1.00048 0.999303 0.999958 0.99998 0.99998 0.999958 0.999303 1.00048 1.12307 1.00546 1.01299 1.00051 1.00051 1.01296 1.00508 1.11144 6.16149 1.68958 1.42809 1.42001 1.42167 1.42951 1.69013 6.14877 27.2783 8.5857 2.42125 1.97501 1.97456 2.42088 8.58964 27.2746 33.1762 34.1842 34.3975 34.2853 34.2622 34.3626 34.1182 33.1216 29.5086 25.8005 8.30969 1.79571 1.77894 8.39211 25.8045 29.3405 9.65407 1.89701 1.05316 1.00124 1.00111 1.05052 1.87069 
1.00851 0.999378 1 1.00003 1.00003 1 0.999378 1.00851 1.45191 1.02009 1.01285 1.00058 1.00058 1.01283 1.01809 1.41184 8.80072 5.7089 6.49676 6.52589 6.6784 6.65228 5.88128 8.94239 25.8043 11.7403 6.96571 6.62784 6.62857 6.96807 11.744 25.8051 29.4183 30.6192 31.5004 31.328 31.6464 31.8128 30.944 29.7705 24.1236 21.0516 6.92718 1.63914 1.62608 6.98752 21.0451 23.974 7.9225 1.71181 1.04161 1.00098 1.00089 1.0396 1.69184 
1.00005 1 1 1 1 1 1 1.00004 1.00519 1.00012 1.00022 0.999998 0.999999 1.00021 1.00013 1.00469 1.608 1.25173 1.31686 1.31968 1.32334 1.32085 1.25173 1.608 4.42887 1.60458 1.17455 1.15747 1.14368 1.15809 1.56374 4.27946 6.81244 7.24881 7.98074 7.89203 7.72208 7.80114 7.24881 6.81244 2.9328 2.88338 1.32101 1.01272 1.0123 1.30662 2.79245 2.81741 1.15945 1.00614 1.00017 0.999992 0.999993 1.00021 1.00703 
1.00001 0.999972 0.999976 0.999976 0.999976 0.999976 0.999972 1.00001 1.00025 0.999953 0.999975 0.999976 0.999975 0.999974 0.999954 1.00025 1.01085 0.995755 0.9975 0.998013 0.997625 0.997026 0.995755 1.01085 1.44093 1.03335 1.02756 1.02686 1.02677 1.02743 1.03296 1.44439 1.52551 1.58697 1.6203 1.60436 1.60774 1.62484 1.58697 1.52551 1.11558 1.11047 1.00876 1.00009 1.0001 1.00871 1.10917 1.11398 1.00717 1.00017 0.999962 0.999975 0.999975 0.999962 1.00015 
1.00003 1 1 1 1 1 1 1.00003 0.99999 0.999976 1 1 1 1 0.999976 0.99999 0.999851 0.999456 0.999478 0.999512 0.999472 0.999432 0.999456 0.999851 1.02814 1.00095 1.00176 1.00176 1.00176 1.00176 1.00095 1.02814 1.02079 1.02569 1.02498 1.02343 1.02345 1.025 1.02569 1.02079 1.00294 1.00266 1.00008 0.999976 0.999976 1.00008 1.00266 1.00294 1.00015 0.999981 0.999999 1 1 0.999999 0.999981 
1.00003 0.999997 1 1 1 1 0.999997 1.00003 1 0.999976 1 1 1 1 0.999976 1 1.00003 0.999965 0.999996 0.999997 0.999995 0.999995 0.999965 1.00003 1.00076 0.999974 1.00004 1.00003 1.00003 1.00004 0.999974 1.00076 1.0003 1.00039 1.00033 1.00028 1.00028 1.00032 1.00039 1.0003 1.00003 0.99999 0.999987 1 1 0.999987 0.99999 1.00003 1.00001 0.999996 1 1 1 1 0.999996 
1.00003 0.999997 1 1 1 1 0.999997 1.00003 1 0.999976 1 1 1 1 0.999976 1 1.00003 0.999963 0.999995 0.999995 0.999997 0.999996 0.999965 1.00003 1.00076 0.999974 1.00004 1.00003 1.00003 1.00004 0.999974 1.00076 1.00033 1.00046 1.00037 1.00031 1.00028 1.00033 1.00039 1.0003 1.00003 0.99999 0.999987 1 1 0.999987 0.99999 1.00003 1.00001 0.999996 1 1 1 1 0.999996 
1.00003 1 1 1 1 1 1 1.00003 0.99999 0.999976 1 1 1 1 0.999976 0.99999 0.999794 0.99938 0.999432 0.999472 0.999512 0.999478 0.999456 0.999851 1.02814 1.00095 1.00176 1.00176 1.00176 1.00176 1.00095 1.02814 1.02168 1.02697 1.02612 1.02439 1.02343 1.02498 1.02569 1.02079 1.00294 1.00266 1.00008 0.999976 0.999976 1.00008 1.00266 1.00294 1.00015 0.999981 0.999999 1 1 0.999999 0.999981 
1.00001 0.999972 0.999976 0.999976 0.999976 0.999976 0.999972 1.00001 1.00025 0.999953 0.999975 0.999976 0.999976 0.999975 0.999953 1.00025 1.01029 0.995246 0.997026 0.997625 0.998013 0.9975 0.995755 1.01085 1.44439 1.03296 1.02743 1.02677 1.02686 1.02756 1.03335 1.44439 1.54209 1.60889 1.64461 1.62405 1.60436 1.6203 1.58697 1.52551 1.11398 1.10917 1.00871 1.0001 1.0001 1.00871 1.10917 1.11398 1.00717 1.00017 0.999962 0.999975 0.999975 0.999962 1.00017 
1.00004 1 1 1 1 1 1 1.00005 1.00519 1.00012 1.00022 0.999998 0.999998 1.00022 1.00012 1.00519 1.61575 1.26164 1.32085 1.32334 1.31968 1.31686 1.25173 1.608 4.27946 1.56374 1.15809 1.14368 1.15747 1.17455 1.60458 4.27946 6.80213 7.24644 7.66088 7.58011 7.89203 7.98074 7.24881 6.81244 2.81741 2.79245 1.30662 1.0123 1.0123 1.30662 2.79245 2.81741 1.15945 1.00614 1.00017 0.999992 0.999992 1.00017 1.00614 
1.00004 1.00003 1.00003 1.00003 1.00003 1.00003 1.00003 1.00004 1.00003 0.999998 1.00003 1.00003 1.00003 1.00003 0.999998 1.00003 1.03558 1.03546 1.03293 1.03114 1.03114 1.03293 1.03546 1.03558 1.08917 1.0042 0.978138 0.977832 0.977832 0.978138 1.0042 1.08917 1.4351 1.49333 1.51735 1.50291 1.52029 1.53801 1.51309 1.4505 1.08046 1.07331 1.00654 1.00023 1.00023 1.00654 1.07331 1.08046 1.00274 1.00008 1.00001 1.00003 1.00003 1.00001 1.00008 
1.00003 0.999994 0.999997 0.999997 0.999997 0.999997 0.999994 1.00003 1.00002 0.999972 0.999999 0.999997 0.999997 0.999999 0.999972 1.00002 1.00198 1.00214 1.00185 1.00171 1.00171 1.00185 1.00214 1.00198 0.999783 0.999903 0.999022 0.999034 0.999034 0.999022 0.999903 0.999783 1.01271 1.01483 1.01558 1.01485 1.01545 1.01631 1.01576 1.01331 1.00169 1.00153 1.00007 0.999978 0.999978 1.00007 1.00153 1.00169 1.00005 0.999989 0.999997 0.999997 0.999997 0.999997 0.999989 
1.00003 0.999997 1 1 1 1 0.999997 1.00003 1.00001 0.999976 1 1 1 1 0.999976 1.00001 1.00008 1.00004 1.00005 1.00004 1.00004 1.00005 1.00004 1.00008 0.999909 0.999975 0.999986 0.999986 0.999986 0.999986 0.999975 0.999909 1.00007 1.00005 1.00008 1.00007 1.00009 1.0001 1.00008 1.00009 1.00001 0.999983 0.999988 0.999999 0.999999 0.999988 0.999983 1.00001 1.00002 0.999997 1 1 1 1 0.999997 
1.00003 0.999997 1 1 1 1 0.999997 1.00003 1.00001 0.999976 1 1 1 1 0.999976 1.00001 1.00001 0.99996 0.999991 0.999989 0.999989 0.999991 0.99996 1.00001 1.00004 0.999975 1.00001 1.00001 1.00001 1.00001 0.999975 1.00004 1.00002 0.99998 0.999997 0.999991 0.999991 0.999996 0.99998 1.00002 1 0.999971 1 1 1 1 0.999971 1 1.00003 0.999997 1 1 1 1 0.999997 
0 0 0 0 1 1 0.999997 1.00003 1.00001 0.999976 1 1 1 1 0.999976 1.00001 1.00001 0.99996 0.999991 0.999989 0.999989 0.999991 0.999961 1.00001 1.00004 0.999974 1.00001 1.00001 1.00001 1.00001 0.999975 1.00004 1.00002 0.99998 0.999996 0.999991 0.999991 0.999997 0.99998 1.00002 1 0.999971 1 1 1 1 0.999971 1 1.00003 0.999997 1 1 0 0 0 
0 0 0 0 1 1 0.999997 1.00003 1.00001 0.999976 1 1 1 1 0.999976 1.00001 1.00008 1.00004 1.00005 1.00004 1.00004 1.00004 1.00003 1.00007 0.999925 0.999975 0.999988 0.999988 0.999986 0.999986 0.999975 0.999909 1.00009 1.00008 1.0001 1.00009 1.00007 1.00008 1.00005 1.00007 1.00001 0.999981 0.999989 0.999999 0.999999 0.999988 0.999983 1.00001 1.00002 0.999997 1 1 0 0 0 
0 0 0 0 0.999997 0.999997 0.999994 1.00003 1.00002 0.999972 0.999999 0.999997 0.999997 0.999999 0.999972 1.00002 1.00198 1.00214 1.00185 1.00171 1.00164 1.00177 1.00204 1.00191 1.00007 0.99991 0.999063 0.999061 0.999034 0.999022 0.999903 0.999783 1.01331 1.01576 1.01631 1.01545 1.01485 1.01558 1.01483 1.01271 1.00167 1.00151 1.00006 0.999978 0.999978 1.00007 1.00153 1.00169 1.00005 0.999989 0.999997 0.999997 0 0 0 
