0 0 0 0 1.00665 1.04268 1.21958 1.75866 2.73689 1.8863 1.28564 1.08214 1.08215 1.28562 1.88676 2.74327 3.83679 4.17512 3.57559 3.07789 3.07256 3.56595 4.16343 3.82661 2.52871 1.7842 1.57904 1.84566 1.84457 1.58385 1.78947 2.52602 2.03115 2.80448 3.99176 4.72061 4.71135 3.97685 2.79149 2.01394 1.40524 1.22786 1.09633 1.02491 1.02533 1.0983 1.23055 1.40853 1.25908 1.05984 1.00799 1.00073 0 0 0 
0 0 0 0 1.00194 1.01641 1.09112 1.22516 1.39405 1.18948 1.05742 1.01345 1.01342 1.05724 1.18898 1.39413 1.6952 1.77286 1.57655 1.42676 1.42637 1.57552 1.77238 1.69531 1.40532 1.15566 1.08118 1.15973 1.15868 1.08116 1.15518 1.40251 1.25003 1.8003 2.73111 3.06412 3.0716 2.73852 1.80662 1.25099 1.06295 1.04388 1.01706 1.00315 1.00321 1.01743 1.04462 1.06371 1.04832 1.00953 1.00108 0.99998 0 0 0 
0 0 0 0 1.00011 1.00249 1.01766 1.04679 1.05957 1.02725 1.00724 1.00114 1.00114 1.0072 1.0271 1.05937 1.10152 1.11238 1.07746 1.04965 1.0496 1.07729 1.1124 1.10175 1.07319 1.02386 1.00731 1.02368 1.02347 1.00729 1.0237 1.07253 1.06033 1.2802 1.71256 1.76991 1.77578 1.72109 1.28361 1.06093 1.00707 1.00619 1.0021 1.00031 1.00032 1.00215 1.00631 1.00715 1.00576 1.00111 1 0.999964 0 0 0 
0 0 0 0 0.999897 1.00013 1.00225 1.00738 1.00609 1.00201 1.00034 0.999831 0.999829 1.00033 1.00198 1.00604 1.00983 1.00956 1.00594 1.00303 1.00302 1.00592 1.00957 1.00988 1.01041 1.00347 1.00149 1.00304 1.00301 1.00148 1.00344 1.01029 1.01231 1.0709 1.21073 1.24332 1.24533 1.21328 1.0717 1.01243 1.00055 1.00036 1.0001 0.999938 0.999937 1.0001 1.00037 1.00056 1.00057 0.999969 0.999962 0.999993 0 0 0 
1.00738 1.00225 1.00013 0.999897 0.999897 1.00013 1.00225 1.00738 1.00604 1.00198 1.00034 0.999831 0.999831 1.00034 1.00198 1.00604 1.00983 1.00956 1.00594 1.00303 1.00303 1.00594 1.00956 1.00983 1.01041 1.00347 1.00149 1.00304 1.00304 1.00149 1.00347 1.01041 1.01243 1.0717 1.21328 1.24533 1.24533 1.21328 1.0717 1.01243 1.00056 1.00037 1.0001 0.999937 0.999938 1.0001 1.00036 1.00055 1.00057 0.999969 0.999962 0.999993 0.999993 0.999962 0.999969 
1.04679 1.01766 1.00249 1.00011 1.00011 1.00249 1.01766 1.04679 1.05937 1.0271 1.00724 1.00114 1.00114 1.00724 1.0271 1.05937 1.10152 1.11238 1.07746 1.04965 1.04965 1.07746 1.11238 1.10152 1.07319 1.02386 1.00731 1.02368 1.02368 1.00731 1.02386 1.07319 1.06093 1.28361 1.72109 1.77578 1.77578 1.72109 1.28361 1.06093 1.00715 1.00631 1.00215 1.00032 1.00031 1.0021 1.00619 1.00707 1.00576 1.00111 1 0.999964 0.999964 1 1.00111 
1.22516 1.09112 1.01641 1.00194 1.00194 1.01641 1.09112 1.22516 1.39413 1.18898 1.05742 1.01345 1.01345 1.05742 1.18898 1.39413 1.6952 1.77286 1.57655 1.42676 1.42676 1.57655 1.77286 1.6952 1.40532 1.15566 1.08118 1.15973 1.15973 1.08118 1.15566 1.40532 1.25099 1.80662 2.73852 3.0716 3.0716 2.73852 1.80662 1.25099 1.06371 1.04462 1.01743 1.00321 1.00315 1.01706 1.04388 1.06295 1.04832 1.00953 1.00108 0.99998 0.99998 1.00108 1.00953 
1.75866 1.21958 1.04268 1.00665 1.00665 1.04268 1.21958 1.75866 2.74327 1.88676 1.28564 1.08214 1.08214 1.28564 1.88676 2.74327 3.83679 4.17512 3.57559 3.07789 3.07789 3.57559 4.17512 3.83679 2.52871 1.7842 1.57904 1.84566 1.84566 1.57904 1.7842 2.52871 2.01394 2.79149 3.97685 4.71135 4.71135 3.97685 2.79149 2.01394 1.40853 1.23055 1.0983 1.02533 1.02491 1.09633 1.22786 1.40524 1.25908 1.05984 1.00799 1.00073 1.00073 1.00799 1.05984 
3.47472 1.86469 1.21007 1.0367 1.0367 1.21007 1.86469 3.47472 5.56917 3.52059 1.90154 1.30747 1.30747 1.90154 3.52059 5.56917 7.82651 8.69926 7.59388 6.58066 6.58066 7.59388 8.69926 7.82651 5.43996 4.39867 3.86666 4.1682 4.12922 3.80896 4.51624 5.48779 6.1003 6.64798 6.95277 7.23402 7.23108 6.98363 6.72033 6.19845 2.71934 1.84225 1.38784 1.17887 1.17218 1.36983 1.81274 2.61549 1.68553 1.1473 1.00958 0.999796 0.999802 1.00974 1.14698 
2.11472 1.39723 1.08146 1.01145 1.01145 1.08146 1.39723 2.11472 2.74707 1.87085 1.23685 1.05677 1.05677 1.23685 1.87085 2.74707 3.75346 4.17646 3.57293 2.9892 2.9892 3.57293 4.17646 3.75346 2.62803 2.11034 1.73484 1.94332 1.94434 1.73101 2.13888 2.6171 2.78686 3.05283 3.17076 3.21884 3.1724 3.14123 3.02389 2.78822 1.39692 1.13154 1.03421 1.01225 1.01216 1.03381 1.13347 1.38225 1.11717 1.0104 0.998369 0.999538 0.999537 0.998384 1.01049 
1.31409 1.10524 1.01666 1.00157 1.00157 1.01666 1.10524 1.31409 1.4033 1.17185 1.03415 1.00531 1.00531 1.03415 1.17185 1.4033 1.67969 1.80066 1.60213 1.40133 1.40133 1.60213 1.80066 1.67969 1.33782 1.16875 1.08716 1.1606 1.1614 1.08666 1.17478 1.34452 1.44544 1.54478 1.58686 1.59698 1.58571 1.58033 1.53754 1.44563 1.04967 1.0023 0.996379 0.999423 0.999408 0.996312 1.0025 1.04631 1.01074 0.999873 0.999786 0.999992 0.999992 0.999788 0.999894 
1.0739 1.021 1.00237 0.999886 0.999886 1.00237 1.021 1.0739 1.0684 1.02434 1.00305 0.999835 0.999835 1.00305 1.02434 1.0684 1.12451 1.15244 1.10785 1.05676 1.05676 1.10785 1.15244 1.12451 1.05172 1.01682 1.00474 1.02577 1.02599 1.00469 1.01795 1.0544 1.07728 1.11335 1.13331 1.14722 1.14474 1.13156 1.11135 1.07693 1.00288 0.997436 0.998678 0.999987 0.999986 0.998673 0.997481 1.00256 1.00059 1.00002 1.00004 1 1 1.00004 1.00002 
1.07392 1.02094 1.00236 0.999883 0.999886 1.00237 1.021 1.0739 1.06838 1.02434 1.00305 0.999835 0.999832 1.00304 1.02434 1.0684 1.12451 1.15244 1.10785 1.05676 1.05749 1.10935 1.15309 1.12483 1.0544 1.01795 1.00469 1.02599 1.02599 1.00469 1.01795 1.0544 1.07693 1.11135 1.13156 1.14474 1.14474 1.13156 1.11335 1.07728 1.00253 0.997428 0.99864 0.999981 0.999987 0.998678 0.997436 1.00288 1.00061 1.00002 1.00004 1 1 1.00004 1.00002 
1.31419 1.10482 1.01659 1.00156 1.00157 1.01666 1.10524 1.31409 1.4035 1.17195 1.03415 1.00531 1.0053 1.03414 1.17185 1.4033 1.67969 1.80066 1.60213 1.40133 1.40411 1.60732 1.8036 1.68192 1.34452 1.17478 1.08666 1.1614 1.1614 1.08666 1.17478 1.34452 1.44563 1.53754 1.58033 1.58571 1.58571 1.58033 1.54478 1.44544 1.04612 1.00223 0.996093 0.999383 0.999423 0.996379 1.0023 1.04967 1.01092 0.999894 0.999788 0.999992 0.999992 0.999786 0.999873 
2.11409 1.39564 1.0811 1.01138 1.01145 1.08146 1.39723 2.11472 2.74858 1.87148 1.23685 1.05677 1.05679 1.23705 1.87085 2.74707 3.75346 4.17646 3.57293 2.9892 3.00201 3.59552 4.18586 3.76258 2.6171 2.13888 1.73101 1.94434 1.94434 1.73101 2.13888 2.6171 2.78822 3.02389 3.14123 3.1724 3.1724 3.14123 3.05283 2.78686 1.3791 1.13156 1.03227 1.01197 1.01225 1.03421 1.13154 1.39692 1.11817 1.01049 0.998384 0.999537 0.999538 0.998369 1.0104 
3.49126 1.86987 1.21128 1.03697 1.0367 1.21007 1.86469 3.47472 5.56353 3.5222 1.90154 1.30747 1.30748 1.9016 3.52059 5.56917 7.82651 8.69926 7.59388 6.58066 6.48784 7.49562 8.69844 7.82735 5.48779 4.51624 3.80896 4.12922 4.12922 3.80896 4.51624 5.48779 6.19845 6.72033 6.98363 7.23108 7.23108 6.98363 6.64798 6.1003 2.61775 1.81918 1.37292 1.17463 1.17887 1.38784 1.84225 2.71934 1.68636 1.14698 1.00974 0.999802 0.999796 1.00958 1.1473 
7.65078 3.64767 1.78164 1.21429 1.21429 1.78164 3.65796 7.71142 11.9669 7.86571 4.11699 2.54404 2.54488 4.12079 7.81671 11.9084 14.8507 16.5589 15.6799 14.7659 15.1443 16.1148 16.7595 15.1123 10.9384 10.2827 9.80115 9.91023 9.91023 9.80115 10.2827 10.9384 10.4522 10.9257 11.6094 12.3612 12.3612 11.6094 10.9257 10.4522 6.18606 4.71888 3.18654 2.29405 2.29486 3.19005 4.72311 6.23775 4.83336 2.72267 1.44407 1.08227 1.08163 1.43933 2.70038 
7.99009 4.0282 1.92171 1.28012 1.28012 1.92171 4.02174 8.02146 11.4004 8.27976 4.46024 2.71206 2.71233 4.46026 8.2704 11.4322 12.2548 13.1143 11.4652 9.87041 9.77708 11.4467 13.1222 12.309 10.002 9.38834 8.3259 7.72431 7.72431 8.3259 9.38834 10.002 9.58044 10.028 10.2624 10.9153 10.9153 10.2624 10.028 9.58044 5.60854 4.33688 2.82496 1.80541 1.8025 2.81915 4.32816 5.65241 3.87555 2.20138 1.30542 1.04331 1.04319 1.30426 2.19463 
7.16761 3.57577 1.75906 1.20337 1.20337 1.75906 3.56966 7.19029 10.4296 7.78404 4.03973 2.3431 2.34361 4.04148 7.77109 10.4565 9.95883 10.3361 8.29136 6.37396 6.29289 8.27547 10.364 9.96217 9.01804 8.85523 7.63933 6.67486 6.67486 7.63933 8.85523 9.01804 7.97469 8.68929 9.47247 10.386 10.386 9.47247 8.68929 7.97469 4.223 3.28822 2.17675 1.40531 1.40347 2.16818 3.27508 4.25248 2.76862 1.61412 1.1379 1.01512 1.01498 1.13641 1.60611 
6.29456 3.14848 1.59953 1.13411 1.13411 1.59953 3.14535 6.30492 9.38936 6.95906 3.36442 1.87563 1.87372 3.3574 6.98994 9.43886 8.66981 9.03791 6.96863 4.86618 4.8173 6.94948 9.04088 8.66805 8.47582 9.80304 9.37325 6.93404 6.93404 9.37325 9.80304 8.47582 6.37937 7.75253 9.12949 10.4604 10.4604 9.12949 7.75253 6.37937 2.88529 2.20265 1.49073 1.12479 1.12416 1.48807 2.19573 2.90178 1.86627 1.21973 1.03424 1.00251 1.00244 1.03355 1.21586 
6.30492 3.14535 1.59787 1.13341 1.13411 1.59953 3.14535 6.30492 9.38936 6.95906 3.3574 1.87372 1.87563 3.36442 6.95906 9.38936 8.66805 9.04088 6.94948 4.8173 4.86618 6.96863 9.04088 8.66805 8.45578 9.79159 9.37228 6.93413 6.93404 9.37325 9.80304 8.47582 6.33904 7.75555 9.2063 10.5408 10.4604 9.12949 7.75253 6.37937 2.88492 2.19573 1.48456 1.1235 1.1235 1.48456 2.19095 2.88492 1.86627 1.21973 1.03424 1.00251 1.00251 1.03424 1.21973 
7.19029 3.56966 1.75577 1.20197 1.20337 1.75906 3.56966 7.19029 10.4296 7.78404 4.04148 2.34361 2.3431 4.03973 7.78404 10.4296 9.96217 10.364 8.27547 6.29289 6.37396 8.29136 10.364 9.96217 8.98283 8.81608 7.63878 6.67497 6.67486 7.63933 8.85523 9.01804 7.90967 8.72033 9.6125 10.54 10.386 9.47247 8.68929 7.97469 4.22204 3.27508 2.16035 1.40052 1.40052 2.16035 3.26774 4.22204 2.76862 1.61412 1.1379 1.01512 1.01512 1.1379 1.61412 
8.02146 4.02174 1.91752 1.27817 1.28012 1.92171 4.02174 8.02146 11.4004 8.27976 4.46026 2.71233 2.71206 4.46024 8.27976 11.4004 12.309 13.1222 11.4467 9.77708 9.87041 11.4652 13.1222 12.309 9.95045 9.34821 8.3249 7.72416 7.72431 8.3259 9.38834 10.002 9.50928 10.0559 10.4476 11.0899 10.9153 10.2624 10.028 9.58044 5.60647 4.32816 2.80743 1.7985 1.7985 2.80743 4.31525 5.60647 3.87555 2.20138 1.30542 1.04331 1.04331 1.30542 2.20138 
7.71142 3.65796 1.78226 1.2136 1.21429 1.78164 3.65796 7.71142 11.9669 7.86571 4.12079 2.54488 2.54404 4.11699 7.86571 11.9669 15.1123 16.7595 16.1148 15.1443 14.7659 15.6799 16.7595 15.1123 11.0035 10.3959 9.8052 9.9143 9.91023 9.80115 10.2827 10.9384 10.5255 11.1592 12.0545 12.7473 12.3612 11.6094 10.9257 10.4522 6.25302 4.72311 3.21332 2.30914 2.30914 3.21332 4.76103 6.25302 4.83336 2.72267 1.44407 1.08227 1.08227 1.44407 2.72267 
11.4074 5.48766 2.45539 1.38643 1.38643 2.45539 5.48766 11.4074 17.2821 11.3674 6.39735 3.93025 3.93104 6.40007 11.3674 17.2821 23.4488 26.2704 27.3891 27.586 27.5866 27.3898 26.2646 23.4642 19.6367 20.1083 20.6573 20.6308 20.798 20.848 20.2975 19.7907 19.78 23.3239 24.9759 25.501 25.4837 24.953 23.2823 19.7712 14.3784 11.9419 9.5091 7.4421 7.4421 9.5091 11.9419 14.3784 11.1034 5.80096 2.48191 1.3735 1.3735 2.48191 5.80096 
12.4909 5.87399 2.54178 1.40028 1.40028 2.54178 5.87399 12.4909 18.6781 12.0419 6.57597 4.07476 4.07448 6.57335 12.0419 18.6781 25.5356 28.811 30.3599 30.9009 30.9009 30.3599 28.8078 25.5661 21.3378 21.2367 21.7361 22.0854 22.0981 21.733 21.2326 21.3491 23.6421 28.0272 30.1055 30.7554 30.7428 30.0809 28.0118 23.6202 16.2574 13.5862 11.2039 9.03662 9.03662 11.2039 13.5862 16.2574 12.0135 5.9969 2.55725 1.41028 1.41028 2.55725 5.9969 
13.1427 6.11667 2.6049 1.41663 1.41663 2.6049 6.11667 13.1427 19.7322 12.4208 6.58687 4.07531 4.0746 6.5829 12.4208 19.7322 27.3757 30.8653 32.4019 32.9979 32.9977 32.4023 30.8843 27.4355 22.1299 20.7266 21.4159 22.7679 22.7942 21.395 20.7218 22.1415 25.9096 30.6703 32.7221 33.2734 33.2696 32.713 30.6697 25.8873 17.5748 14.75 12.2403 9.90706 9.90706 12.2403 14.75 17.5748 12.7352 6.17286 2.63145 1.45217 1.45217 2.63145 6.17286 
13.3527 6.13956 2.59432 1.41388 1.41388 2.59432 6.13956 13.3527 20.4286 12.4556 6.32219 3.87843 3.87851 6.32016 12.4556 20.4286 28.3885 31.9336 33.3326 33.7546 33.7544 33.3328 31.9467 28.4246 22.6391 20.7739 21.6689 23.1672 23.1859 21.653 20.7702 22.6448 26.928 31.5152 33.4634 33.9822 33.9811 33.4605 31.5144 26.9167 18.6172 15.459 12.296 9.88795 9.88795 12.296 15.459 18.6172 13.4323 6.47944 2.74929 1.4887 1.4887 2.74929 6.47944 
13.3062 6.138 2.59532 1.41486 1.41388 2.59432 6.13956 13.3527 20.4843 12.455 6.32016 3.87851 3.87851 6.32016 12.455 20.4843 28.4246 31.9467 33.3328 33.7544 33.7546 33.3326 31.9336 28.4246 22.6448 20.7702 21.653 23.1859 23.1672 21.6689 20.7739 22.6391 26.8977 31.4649 33.4542 33.985 33.9816 33.4577 31.489 26.9398 18.616 15.4486 12.2802 9.88208 9.88795 12.296 15.459 18.6172 13.4323 6.47944 2.74929 1.4887 1.48827 2.74812 6.47796 
13.0682 6.10868 2.60497 1.41784 1.41663 2.6049 6.11667 13.1427 19.7739 12.4588 6.5829 4.0746 4.0746 6.5829 12.4588 19.7739 27.4355 30.8843 32.4023 32.9977 32.9979 32.4019 30.8653 27.4355 22.1415 20.7218 21.395 22.7942 22.7679 21.4159 20.7266 22.1299 25.8884 30.596 32.701 33.2691 33.2683 32.7068 30.6303 25.9226 17.5704 14.7365 12.2283 9.89854 9.90706 12.2403 14.75 17.5748 12.7352 6.17286 2.63145 1.45217 1.45141 2.62892 6.16707 
12.4128 5.86254 2.54088 1.40121 1.40028 2.54178 5.87399 12.4909 18.7241 12.0875 6.57335 4.07448 4.07448 6.57335 12.0875 18.7241 25.5661 28.8078 30.3599 30.9009 30.9009 30.3599 28.811 25.5661 21.3491 21.2326 21.733 22.0981 22.0854 21.7361 21.2367 21.3378 23.6275 27.9784 30.047 30.7069 30.725 30.0554 27.9496 23.6483 16.2559 13.5713 11.1873 9.02421 9.03662 11.2039 13.5862 16.2574 12.0135 5.9969 2.55725 1.41028 1.40968 2.55496 5.99105 
11.3535 5.47837 2.45392 1.38685 1.38643 2.45539 5.48766 11.4074 17.4512 11.499 6.40007 3.93104 3.93104 6.40007 11.499 17.4512 23.4642 26.2646 27.3898 27.5866 27.586 27.3891 26.2704 23.4642 19.7907 20.2975 20.848 20.798 20.6308 20.6573 20.1083 19.6367 19.9428 23.5926 25.4368 25.9527 25.5859 25.0603 23.373 19.8654 14.4324 11.9677 9.53622 7.45701 7.4421 9.5091 11.9419 14.3784 11.1034 5.80096 2.48191 1.3735 1.3741 2.48507 5.81518 
11.9075 5.52932 2.45213 1.44489 1.44838 2.46267 5.55958 11.9727 18.5091 12.4127 7.13667 4.29782 4.29782 7.13667 12.4127 18.5091 26.2718 28.9596 30.6157 31.1595 31.0846 30.534 29.0358 26.3008 28.481 31.44 32.1837 31.8012 31.8703 32.2367 31.4787 28.5293 23.664 28.4027 30.7008 31.4067 31.3684 30.661 28.4288 23.7092 15.4363 12.4258 8.84117 6.19122 6.22375 8.86979 12.4138 15.4383 11.8078 6.03359 2.55971 1.41766 1.41766 2.55986 6.03426 
12.9565 6.00343 2.63021 1.52926 1.53526 2.6476 6.05316 13.0504 19.8913 13.5243 7.97169 4.86096 4.86096 7.97169 13.5243 19.8913 28.1156 30.663 32.3449 32.979 32.9762 32.3265 30.6999 28.0807 29.6411 32.0915 32.8896 32.9603 32.9569 32.8845 32.0859 29.6786 25.7331 29.6578 31.8731 32.7487 32.7668 31.8988 29.6426 25.7466 18.1876 14.9044 10.853 7.75996 7.785 10.8879 14.9426 18.4217 13.2388 6.32464 2.6465 1.4642 1.46419 2.6466 6.32564 
13.7455 6.47519 2.7937 1.58011 1.58554 2.80925 6.52008 13.8334 20.6945 13.9266 8.05303 4.91576 4.91576 8.05303 13.9266 20.6945 29.2408 31.7041 33.3663 33.9971 33.9643 33.3026 31.7497 29.2083 30.3045 32.2704 33.0842 33.395 33.3918 33.0783 32.2668 30.3423 27.1324 30.5876 32.673 33.5947 33.6132 32.7062 30.5778 27.1465 19.7697 16.1091 11.6444 8.4977 8.52566 11.6798 16.1471 20.0192 14.0807 6.51135 2.72118 1.50868 1.50866 2.72132 6.51244 
13.8056 6.44865 2.75462 1.51774 1.52035 2.76238 6.47042 13.8628 21.0303 13.5522 7.34342 4.62026 4.62026 7.34342 13.5522 21.0303 29.7742 32.107 33.7325 34.3128 34.2943 33.6935 32.1353 29.7518 30.6717 32.2492 33.1012 33.5869 33.5846 33.0978 32.248 30.6913 27.924 31.2725 33.244 34.0093 34.0197 33.2654 31.2677 27.9294 20.6278 16.5621 11.6652 8.73829 8.75473 11.6829 16.5848 20.8201 14.7354 6.85545 2.86197 1.54088 1.54086 2.86213 6.85644 
13.8628 6.47042 2.76238 1.52035 1.52035 2.76238 6.47042 13.8628 20.946 13.4944 7.30802 4.5985 4.62026 7.34342 13.5522 21.0303 29.7518 32.1353 33.6935 34.2943 34.3128 33.7325 32.107 29.7742 30.6913 32.248 33.0978 33.5846 33.5869 33.0978 32.248 30.6913 27.9294 31.2677 33.2654 34.0197 34.0197 33.2654 31.2677 27.9294 20.8201 16.5848 11.6829 8.73829 8.73829 11.6652 16.5835 20.6947 14.7354 6.85545 2.86213 1.54086 1.54088 2.86197 6.85545 
13.8334 6.52008 2.80925 1.58554 1.58554 2.80925 6.52008 13.8334 20.6151 13.8315 7.98096 4.87586 4.91576 8.05303 13.9266 20.6945 29.2083 31.7497 33.3026 33.9643 33.9971 33.3663 31.7041 29.2408 30.3423 32.2668 33.0783 33.3918 33.395 33.0783 32.2668 30.3423 27.1465 30.5778 32.7062 33.6132 33.6132 32.7062 30.5778 27.1465 20.0192 16.1471 11.6798 8.4977 8.4977 11.6444 16.1464 19.8538 14.0807 6.51135 2.72132 1.50866 1.50868 2.72118 6.51135 
13.0504 6.05316 2.6476 1.53526 1.53526 2.6476 6.05316 13.0504 19.8111 13.4412 7.89749 4.81824 4.86096 7.97169 13.5243 19.8913 28.0807 30.6999 32.3265 32.9762 32.979 32.3449 30.663 28.1156 29.6786 32.0859 32.8845 32.9569 32.9603 32.8845 32.0859 29.6786 25.7466 29.6426 31.8988 32.7668 32.7668 31.8988 29.6426 25.7466 18.4217 14.9426 10.8879 7.75996 7.75996 10.853 14.9391 18.2668 13.2388 6.32464 2.6466 1.46419 1.4642 2.6465 6.32464 
11.9727 5.55958 2.46267 1.44838 1.44838 2.46267 5.55958 11.9727 18.3396 12.2506 7.06293 4.25914 4.29782 7.13667 12.4127 18.5091 26.3008 29.0358 30.534 31.0846 31.1595 30.6157 28.9596 26.2718 28.5293 31.4787 32.2367 31.8703 31.8012 32.2367 31.4787 28.5293 23.7092 28.4288 30.661 31.3684 31.3684 30.661 28.4288 23.7092 15.4383 12.4138 8.86979 6.19122 6.19122 8.84117 12.3894 15.4364 11.8078 6.03359 2.55986 1.41766 1.41766 2.55971 6.03359 
8.85382 3.83032 1.73573 1.15484 1.15313 1.72847 3.80352 8.79463 14.8018 8.22161 3.74762 2.12703 2.12701 3.74755 8.20551 14.8626 25.4185 28.6022 30.509 31.1494 31.2251 30.5987 28.6492 25.4952 26.9868 30.8662 32.2883 32.2204 32.1839 32.2546 30.8192 26.996 21.2919 27.3096 30.8117 31.9619 31.9619 30.8117 27.3096 21.2919 8.53154 6.04399 3.9091 2.75424 2.75034 3.90224 6.01175 8.50059 5.49233 2.74342 1.39106 1.07675 1.07729 1.39458 2.75807 
8.02922 3.37486 1.56602 1.0948 1.09429 1.56355 3.36471 8.00364 14.2567 7.32849 3.05733 1.65205 1.65223 3.05777 7.31315 14.3256 26.045 29.5626 31.8961 32.6396 32.6316 31.8981 29.5595 26.0971 27.0607 31.1005 32.642 33.0215 33.0147 32.6266 31.0848 27.1336 20.7982 27.4849 31.506 32.9334 32.9334 31.506 27.4849 20.7982 7.32306 5.34351 3.55512 2.34307 2.36716 3.57321 5.34537 7.32437 4.49207 2.26844 1.26664 1.03905 1.0389 1.26662 2.27006 
7.53845 3.05373 1.4417 1.06295 1.06263 1.43998 3.04622 7.51798 13.9922 6.9576 2.82053 1.50903 1.50907 2.82069 6.94364 14.0638 26.2622 29.9828 32.6427 33.5259 33.5298 32.6472 29.9743 26.3145 26.9755 31.1218 32.8044 33.4109 33.4037 32.7894 31.1081 27.0521 20.4211 27.5064 31.7977 33.3345 33.3345 31.7977 27.5064 20.4211 6.39455 4.71397 3.14763 2.02725 2.05078 3.16569 4.71942 6.39277 3.64277 1.78047 1.13406 1.01533 1.01537 1.13478 1.78467 
7.29842 2.88797 1.3808 1.04895 1.04884 1.38006 2.88412 7.28729 13.9326 6.82169 2.73666 1.45589 1.4559 2.73671 6.80964 14.0012 26.3557 30.1662 32.942 33.817 33.8194 32.9447 30.1553 26.4072 26.8825 31.0953 32.8339 33.5413 33.5362 32.8253 31.0862 26.925 20.2773 27.5961 31.9547 33.3737 33.3737 31.9547 27.5961 20.2773 5.97115 4.09259 2.55315 1.66735 1.67828 2.56369 4.09727 5.97045 3.26189 1.57624 1.09317 1.01042 1.01041 1.09344 1.57862 
7.28729 2.88412 1.38006 1.04884 1.04884 1.38006 2.88412 7.28729 14.0012 6.80964 2.73671 1.4559 1.45589 2.73671 6.80964 14.0012 26.3557 30.1662 32.942 33.817 33.817 32.942 30.1662 26.3557 26.925 31.0862 32.8253 33.5362 33.5362 32.8253 31.0862 26.925 20.1707 27.6241 32.0137 33.41 33.3631 31.945 27.582 20.3785 5.97045 4.09727 2.56369 1.67828 1.67828 2.56369 4.09727 5.97045 3.26189 1.57624 1.09317 1.01042 1.01042 1.09317 1.57624 
7.51798 3.04622 1.43998 1.06263 1.06263 1.43998 3.04622 7.51798 14.0638 6.94364 2.82069 1.50907 1.50903 2.82069 6.94364 14.0638 26.2622 29.9828 32.6427 33.5259 33.5259 32.6427 29.9828 26.2622 27.0521 31.1081 32.7894 33.4037 33.4037 32.7894 31.1081 27.0521 20.2979 27.5628 31.8876 33.3813 33.3171 31.7757 27.4863 20.5308 6.39277 4.71942 3.16569 2.05078 2.05078 3.16569 4.71942 6.39277 3.64277 1.78047 1.13406 1.01533 1.01533 1.13406 1.78047 
8.00364 3.36471 1.56355 1.09429 1.09429 1.56355 3.36471 8.00364 14.3256 7.31315 3.05777 1.65223 1.65205 3.05777 7.31315 14.3256 26.045 29.5626 31.8961 32.6396 32.6396 31.8961 29.5626 26.045 27.1336 31.0848 32.6266 33.0147 33.0147 32.6266 31.0848 27.1336 20.6856 27.5276 31.5842 32.9673 32.9241 31.489 27.4697 20.9011 7.32437 5.34537 3.57321 2.36716 2.36716 3.57321 5.34537 7.32437 4.49207 2.26844 1.26664 1.03905 1.03905 1.26664 2.26844 
8.79463 3.80352 1.72847 1.15313 1.15313 1.72847 3.80352 8.79463 14.8626 8.20551 3.74755 2.12701 2.12703 3.74755 8.20551 14.8626 25.4185 28.6022 30.509 31.1494 31.1494 30.509 28.6022 25.4185 26.996 30.8192 32.2546 32.1839 32.1839 32.2546 30.8192 26.996 21.2703 27.3591 30.8632 32.0095 31.9415 30.8023 27.2922 21.3511 8.50059 6.01175 3.90224 2.75034 2.75034 3.90224 6.01175 8.50059 5.49233 2.74342 1.39106 1.07675 1.07675 1.39106 2.74342 
6.74215 2.68648 1.34061 1.04393 1.04393 1.34061 2.68648 6.74215 12.8733 6.81327 2.86626 1.58927 1.58313 2.84889 6.81327 12.8733 23.0591 25.4715 26.7399 27.3747 27.3747 26.7399 25.4715 23.0591 23.9036 26.8246 27.623 27.617 27.496 27.5026 26.8231 23.9077 19.776 25.3392 28.4859 29.9095 29.9495 28.5338 25.358 19.8268 8.60966 5.75268 3.66933 2.84729 2.84729 3.66933 5.75268 8.60966 5.55888 2.99971 1.77918 1.25599 1.25599 1.77918 2.99971 
7.03102 2.80438 1.36892 1.04634 1.04634 1.36892 2.80438 7.03102 13.2709 6.99284 2.89865 1.57689 1.57237 2.88536 6.99284 13.2709 24.1963 27.7494 29.7461 30.6559 30.6559 29.7461 27.7494 24.1963 22.8347 25.8832 27.4413 27.9993 28.0088 27.4655 25.8825 22.8379 19.3929 24.991 28.5392 30.3878 30.4317 28.5925 24.9838 19.4135 7.99663 4.92697 2.60208 1.75215 1.75215 2.60208 4.92697 7.99663 5.19557 2.73061 1.53763 1.11209 1.11209 1.53763 2.73061 
7.2113 2.88735 1.38917 1.04899 1.04899 1.38917 2.88735 7.2113 13.4822 7.10361 2.93433 1.5866 1.58208 2.92126 7.10361 13.4822 24.6287 28.8462 31.4141 32.4943 32.4943 31.4141 28.8462 24.6287 21.9208 24.7765 26.5877 27.8482 27.8558 26.6132 24.7766 21.9241 18.5621 24.473 28.5411 30.7828 30.8331 28.6123 24.4824 18.5885 7.33662 4.26789 2.02686 1.29189 1.29189 2.02686 4.26789 7.33662 4.72094 2.40051 1.36158 1.06025 1.06025 1.36158 2.40051 
7.22135 2.88297 1.37862 1.0465 1.0465 1.37862 2.88297 7.22135 13.528 7.02495 2.87227 1.54242 1.5395 2.86442 7.02495 13.528 24.7565 29.2489 32.0226 33.0686 33.0686 32.0226 29.2489 24.7565 21.7702 24.4809 26.3092 27.7972 27.8018 26.3228 24.4811 21.7738 18.0702 24.5825 29.0852 31.3129 31.3435 29.1427 24.5854 18.1089 6.68901 3.77966 1.77616 1.16579 1.16579 1.77616 3.77966 6.68901 4.10543 2.01671 1.21867 1.0299 1.0299 1.21867 2.01671 
7.24171 2.88636 1.37892 1.04648 1.0465 1.37862 2.88297 7.22135 13.4672 7.03535 2.86442 1.5395 1.54242 2.87227 7.02495 13.528 24.7565 29.2489 32.0226 33.0686 33.08 32.043 29.2319 24.8252 21.7738 24.4811 26.3228 27.8018 27.7972 26.3092 24.4809 21.7702 18.0678 24.5824 29.0855 31.3131 31.3129 29.0852 24.5825 18.0702 6.68899 3.79617 1.77614 1.16601 1.16579 1.77616 3.77966 6.68901 4.10543 2.01671 1.21867 1.0299 1.0299 1.21867 2.01667 
7.24441 2.8936 1.38995 1.049 1.04899 1.38917 2.88735 7.2113 13.4168 7.11433 2.92126 1.58208 1.5866 2.93433 7.10361 13.4822 24.6287 28.8462 31.4141 32.4943 32.5118 31.4471 28.8299 24.7121 21.9241 24.7766 26.6132 27.8558 27.8482 26.5877 24.7765 21.9208 18.5602 24.4735 28.5408 30.7828 30.7828 28.5411 24.473 18.5621 7.33658 4.29732 2.02683 1.29387 1.29189 2.02686 4.26789 7.33662 4.72094 2.40051 1.36158 1.06025 1.06024 1.36158 2.40039 
7.06404 2.81093 1.36981 1.04638 1.04634 1.36892 2.80438 7.03102 13.2066 7.00325 2.88536 1.57237 1.57689 2.89865 6.99284 13.2709 24.1963 27.7494 29.7461 30.6559 30.6745 29.7753 27.744 24.2768 22.8379 25.8825 27.4655 28.0088 27.9993 27.4413 25.8832 22.8347 19.3904 24.9932 28.5391 30.3878 30.3878 28.5392 24.991 19.3929 7.99653 4.95428 2.60201 1.75492 1.75215 2.60208 4.92697 7.99663 5.19557 2.73061 1.53763 1.11209 1.11209 1.53766 2.73051 
6.75627 2.68941 1.34126 1.044 1.04393 1.34061 2.68648 6.74215 12.8128 6.82296 2.84889 1.58313 1.58927 2.86626 6.81327 12.8733 23.0591 25.4715 26.7399 27.3747 27.3034 26.6783 25.4717 23.1423 23.9077 26.8231 27.5026 27.496 27.617 27.623 26.8246 23.9036 19.7737 25.3389 28.4861 29.9104 29.9095 28.4859 25.3392 19.776 8.60984 5.77144 3.66925 2.90413 2.84729 3.66933 5.75268 8.60966 5.55888 2.99971 1.77918 1.25599 1.2561 1.77932 2.99979 
3.63956 1.62065 1.09241 1.00839 1.00839 1.09241 1.61649 3.63922 7.53322 3.47892 1.58691 1.11212 1.11212 1.58691 3.47892 7.53322 14.5434 13.5689 13.2957 13.2308 13.15 13.2219 13.437 14.3295 18.5517 17.0612 15.6384 15.0615 15.0615 15.6384 17.0612 18.5517 18.7854 24.0445 26.7249 27.7805 27.7348 26.724 24.0131 18.7908 10.5602 9.04073 8.49703 8.98957 8.9899 8.51014 9.05613 10.6378 6.79537 4.93259 3.7114 2.73951 2.73951 3.7114 4.93259 
3.01207 1.41308 1.04874 1.00312 1.00312 1.04874 1.41399 3.01202 6.55279 2.78452 1.34199 1.04142 1.04142 1.34199 2.78452 6.55279 13.4508 9.54886 7.50767 6.84627 6.86267 7.53473 9.59041 13.3361 20.38 18.3353 15.1812 13.2263 13.2263 15.1812 18.3353 20.38 19.7335 24.8443 27.7363 29.0467 29.0504 27.7362 24.9074 19.7387 12.3618 12.1179 12.5339 13.8665 13.8655 12.5246 12.1144 12.4181 8.37657 6.19405 4.6003 3.41329 3.41329 4.6003 6.19405 
2.60408 1.29165 1.03036 1.00135 1.00135 1.03036 1.29315 2.60409 5.78924 2.45071 1.262 1.02811 1.02811 1.262 2.45071 5.78924 13.051 7.43384 4.243 3.19382 3.2019 4.2618 7.49896 12.9181 22.0749 19.6644 15.3756 12.3212 12.3212 15.3756 19.6644 22.0749 20.8564 25.7417 28.7344 30.1047 30.0932 28.734 25.7692 20.8604 14.2541 13.8277 13.8911 15.0474 15.0472 13.886 13.823 14.2976 9.88363 7.25726 5.32474 3.83915 3.83915 5.32474 7.25726 
2.40903 1.23498 1.02214 1.00073 1.00073 1.02214 1.23574 2.40901 5.49304 2.31913 1.22628 1.02427 1.02427 1.22628 2.31913 5.49304 12.8645 6.66595 3.16736 2.03323 2.0379 3.17821 6.71429 12.7256 22.9857 21.213 17.1701 12.8227 12.8227 17.1701 21.213 22.9857 21.9596 26.4163 29.4376 31.0008 30.98 29.4374 26.3635 21.9647 15.9518 14.6701 14.1307 14.1699 14.1699 14.1286 14.666 15.979 11.2884 7.80789 5.08752 3.27445 3.27445 5.08752 7.80789 
2.40901 1.23574 1.02223 1.00074 1.00073 1.02214 1.23574 2.40901 5.49304 2.31913 1.22582 1.02411 1.02427 1.22628 2.31418 5.51467 12.7256 6.71429 3.17821 2.0379 2.0379 3.17821 6.71429 12.7256 22.9873 21.2198 17.1495 12.8025 12.8227 17.1701 21.213 22.9857 21.8789 26.3207 29.4374 30.98 31.0008 29.4376 26.4163 21.9596 15.979 14.666 14.1286 14.1699 14.1332 14.1237 14.6693 16.0203 11.2884 7.80789 5.08752 3.27445 3.25781 5.06914 7.80539 
2.60409 1.29315 1.03056 1.00137 1.00135 1.03036 1.29315 2.60409 5.78924 2.45071 1.26082 1.02776 1.02811 1.262 2.44172 5.80856 12.9181 7.49896 4.2618 3.2019 3.2019 4.2618 7.49896 12.9181 22.0811 19.6669 15.3325 12.2966 12.3212 15.3756 19.6644 22.0749 20.789 25.77 28.734 30.0932 30.1047 28.7344 25.7417 20.8564 14.2976 13.823 13.886 15.0472 14.9845 13.881 13.8327 14.3639 9.88363 7.25726 5.32474 3.83915 3.80118 5.30303 7.25858 
3.01202 1.41399 1.04886 1.00314 1.00312 1.04874 1.41399 3.01202 6.55279 2.78452 1.34144 1.04121 1.04142 1.34199 2.77753 6.57486 13.3361 9.59041 7.53473 6.86267 6.86267 7.53473 9.59041 13.3361 20.3868 18.3222 15.1449 13.2088 13.2263 15.1812 18.3353 20.38 19.6789 24.9286 27.7362 29.0504 29.0467 27.7363 24.8443 19.7335 12.4181 12.1144 12.5246 13.8655 13.7967 12.5167 12.1274 12.4888 8.37657 6.19405 4.6003 3.41329 3.37947 4.58313 6.19749 
3.63922 1.61649 1.09175 1.00832 1.00839 1.09241 1.61649 3.63922 7.53322 3.47892 1.58545 1.11174 1.11212 1.58691 3.46395 7.51959 14.3295 13.437 13.2219 13.15 13.15 13.2219 13.437 14.3295 18.458 16.9088 15.4701 14.9164 15.0615 15.6384 17.0612 18.5517 18.702 24.0097 26.724 27.7348 27.7805 26.7249 24.0445 18.7854 10.6378 9.05613 8.51014 8.9899 8.95174 8.50158 9.06177 10.6817 6.79537 4.93259 3.7114 2.73951 2.71596 3.69984 4.9352 
1.39521 1.05912 1.00565 1.00031 1.00032 1.00567 1.0591 1.39506 2.6571 1.54974 1.10085 1.0142 1.01418 1.10177 1.55535 2.70593 7.35652 7.30352 6.86013 6.58927 6.58927 6.86013 7.30352 7.35652 9.30971 7.00319 5.87276 5.7047 5.66559 5.83645 6.96124 9.25346 11.8808 16.2384 18.4249 18.89 18.9679 18.5141 16.2384 11.8808 4.17948 3.36465 3.24966 2.78709 2.78167 3.23235 3.3342 4.08137 2.56742 1.98799 1.54676 1.20716 1.20992 1.55276 2.00186 
1.09423 1.01279 1.0011 0.999813 0.999817 1.00111 1.01279 1.09424 1.53329 1.15093 1.02387 1.00235 1.00219 1.02294 1.14913 1.53617 3.26983 3.06655 2.78973 2.65626 2.65626 2.78973 3.06655 3.26983 5.65879 4.30131 3.28759 2.92476 2.92518 3.28808 4.2998 5.64719 7.80558 10.8028 11.6477 11.1889 11.1478 11.5954 10.8028 7.80558 2.50003 2.1126 1.81741 1.50452 1.50881 1.81833 2.1068 2.45696 1.94456 1.63278 1.27966 1.07081 1.0702 1.27733 1.63082 
1.0132 1.00133 0.999996 0.99994 0.99994 0.999998 1.00133 1.0132 1.09829 1.02157 1.00232 0.999969 0.999944 1.00221 1.02123 1.09892 1.63017 1.48318 1.37537 1.33019 1.33019 1.37537 1.48318 1.63017 3.06063 2.57433 1.89502 1.56884 1.56905 1.89615 2.57122 3.05245 5.01608 7.09186 6.93914 6.08833 6.05245 6.85447 7.09186 5.01608 1.51712 1.34065 1.18742 1.07809 1.07902 1.18856 1.3422 1.49748 1.41302 1.21646 1.06221 1.01123 1.01114 1.06185 1.21568 
1.00117 0.999956 0.999938 0.999986 0.999986 0.999939 0.999956 1.00117 1.0149 1.00197 0.999932 0.999907 0.99991 0.999906 1.00193 1.01508 1.17347 1.09056 1.05856 1.04719 1.04719 1.05856 1.09056 1.17347 1.9177 1.65051 1.28528 1.14871 1.14875 1.28559 1.64954 1.91486 3.33345 4.77715 4.24185 3.54046 3.52139 4.18472 4.77715 3.33345 1.1468 1.09513 1.03851 1.00969 1.00984 1.0389 1.09598 1.13739 1.12387 1.05057 1.0099 1.00111 1.0011 1.00986 1.05045 
1.00117 0.999956 0.999939 0.999986 0.999986 0.999939 0.999956 1.00117 1.0149 1.00197 0.999932 0.999907 0.999907 0.999932 1.00197 1.0149 1.17322 1.09136 1.05905 1.04749 1.04719 1.05856 1.09056 1.17347 1.91486 1.64954 1.28559 1.14875 1.14871 1.28528 1.65051 1.9177 3.33403 4.77992 4.24608 3.5368 3.54046 4.24185 4.77715 3.33345 1.13739 1.09598 1.0389 1.00984 1.00984 1.0389 1.09598 1.13739 1.12387 1.05057 1.0099 1.00111 1.00111 1.0099 1.05057 
1.0132 1.00133 0.999998 0.99994 0.99994 0.999998 1.00133 1.0132 1.09829 1.02157 1.00232 0.999969 0.999969 1.00232 1.02157 1.09829 1.62992 1.4861 1.37706 1.33113 1.33019 1.37537 1.48318 1.63017 3.05245 2.57122 1.89615 1.56905 1.56884 1.89502 2.57433 3.06063 5.01664 7.10147 6.94696 6.08157 6.08833 6.93914 7.09186 5.01608 1.49748 1.3422 1.18856 1.07902 1.07902 1.18856 1.3422 1.49748 1.41302 1.21646 1.06221 1.01123 1.01123 1.06221 1.21646 
1.09424 1.01279 1.00111 0.999817 0.999817 1.00111 1.01279 1.09424 1.53329 1.15093 1.02387 1.00235 1.00235 1.02387 1.15093 1.53329 3.26562 3.07346 2.79502 2.65965 2.65626 2.78973 3.06655 3.26983 5.64719 4.2998 3.28808 2.92518 2.92476 3.28759 4.30131 5.65879 7.81352 10.8259 11.6549 11.1939 11.1889 11.6477 10.8028 7.80558 2.45696 2.1068 1.81833 1.50881 1.50881 1.81833 2.1068 2.45696 1.94456 1.63278 1.27966 1.07081 1.07081 1.27966 1.63278 
1.39506 1.0591 1.00567 1.00032 1.00032 1.00567 1.0591 1.39506 2.6571 1.54974 1.10085 1.0142 1.0142 1.10085 1.54974 2.6571 7.3368 7.30654 6.83019 6.5627 6.58927 6.86013 7.30352 7.35652 9.25346 6.96124 5.83645 5.66559 5.7047 5.87276 7.00319 9.30971 11.844 16.1859 18.3642 18.8261 18.89 18.4249 16.2384 11.8808 4.08137 3.3342 3.23235 2.78167 2.78167 3.23235 3.3342 4.08137 2.56742 1.98799 1.54676 1.20716 1.20716 1.54676 1.98799 
1.07617 1.01301 1.00159 1.00015 1.00015 1.00159 1.01301 1.07617 1.5374 1.17053 1.03137 1.00449 1.00449 1.03137 1.17053 1.5374 2.89873 2.87414 2.72916 2.69738 2.69738 2.72916 2.87414 2.89873 4.99142 3.42385 2.74321 2.52368 2.52368 2.74321 3.42385 4.99142 7.06442 9.47006 10.4423 10.4589 10.5313 10.5607 9.58129 7.14063 2.51028 2.09124 1.9518 1.75001 1.75001 1.9518 2.09124 2.51028 1.70368 1.3501 1.1124 1.03545 1.03545 1.1124 1.3501 
1.00983 1.0017 1.00013 0.999959 0.999959 1.00013 1.0017 1.00983 1.09755 1.02605 1.00398 1.0003 1.0003 1.00398 1.02605 1.09755 1.63715 1.62307 1.54279 1.48501 1.48501 1.54279 1.62307 1.63715 3.10801 2.37061 1.75367 1.49278 1.49278 1.75367 2.37061 3.10801 3.09634 3.84917 4.19545 4.16902 4.18653 4.22901 3.88505 3.12348 1.67385 1.42131 1.28155 1.16074 1.16074 1.28155 1.42131 1.67385 1.35772 1.14536 1.03342 1.00588 1.00588 1.03342 1.14536 
1.00062 1.00009 0.999982 0.999995 0.999995 0.999982 1.00009 1.00062 1.01272 1.00274 1.00018 0.99986 0.99986 1.00018 1.00274 1.01272 1.1604 1.15124 1.1262 1.10309 1.10309 1.1262 1.15124 1.1604 1.81763 1.48411 1.19835 1.1044 1.1044 1.19835 1.48411 1.81763 1.58514 1.78478 1.86506 1.8112 1.81665 1.87704 1.79842 1.59546 1.2123 1.11495 1.05724 1.02242 1.02242 1.05724 1.11495 1.2123 1.10468 1.02846 1.00458 1.00051 1.00051 1.00458 1.02846 
0.999931 0.999965 0.999997 1 1 0.999997 0.999965 0.999931 1.00089 0.999901 0.999905 0.999969 0.999969 0.999905 0.999901 1.00089 1.02849 1.02554 1.02048 1.01579 1.01579 1.02048 1.02554 1.02849 1.23794 1.10924 1.03534 1.0147 1.0147 1.03534 1.10924 1.23794 1.115 1.16232 1.17488 1.15722 1.15873 1.17865 1.16634 1.11781 1.04497 1.02131 1.00722 1.00182 1.00182 1.00722 1.02131 1.04497 1.01933 1.00375 1.00036 0.99985 0.99985 1.00036 1.00375 
0 0 0 0 1 0.999997 0.999965 0.999931 1.00089 0.999901 0.999905 0.999969 0.999969 0.999905 0.999901 1.00089 1.02849 1.02554 1.02048 1.01579 1.01561 1.02022 1.02521 1.02837 1.23438 1.10774 1.03488 1.01452 1.0147 1.03534 1.10924 1.23794 1.11781 1.16634 1.17865 1.15873 1.15722 1.17488 1.16232 1.115 1.04458 1.02106 1.00722 1.00182 1.00182 1.00722 1.02131 1.04497 1.01933 1.00375 1.00036 0.99985 0 0 0 
0 0 0 0 0.999995 0.999982 1.00009 1.00062 1.01272 1.00274 1.00018 0.99986 0.99986 1.00018 1.00274 1.01273 1.1604 1.15124 1.1262 1.10309 1.1022 1.12486 1.14953 1.1595 1.80472 1.4775 1.19615 1.10345 1.1044 1.19835 1.48411 1.81763 1.59546 1.79842 1.87704 1.81665 1.8112 1.86506 1.78478 1.58514 1.21064 1.11373 1.05724 1.02242 1.02242 1.05724 1.11495 1.2123 1.10468 1.02846 1.00458 1.00051 0 0 0 
0 0 0 0 0.999959 1.00013 1.0017 1.00983 1.09755 1.02605 1.00398 1.0003 1.0003 1.00398 1.02605 1.09757 1.63715 1.62307 1.54279 1.48501 1.48194 1.53865 1.61803 1.63512 3.08822 2.36273 1.74842 1.48997 1.49278 1.75367 2.37061 3.10801 3.12348 3.88505 4.22901 4.18653 4.16902 4.19545 3.84917 3.09634 1.67252 1.41801 1.28154 1.16074 1.16074 1.28155 1.42131 1.67385 1.35772 1.14536 1.03342 1.00588 0 0 0 
