0 0 0 0 1.00969 1.05518 1.25488 1.8078 2.82682 1.94538 1.3238 1.10249 1.10252 1.3239 1.94608 2.83381 4.01551 4.34792 3.78858 3.33052 3.32546 3.77863 4.336 4.00522 2.72581 1.94673 1.72012 1.99428 1.99226 1.7238 1.95068 2.7226 2.14824 2.89585 4.07192 4.7824 4.77252 4.05618 2.8813 2.13007 1.46988 1.25997 1.11409 1.03299 1.03347 1.11595 1.26274 1.47288 1.32032 1.08289 1.01242 1.00129 0 0 0 
0 0 0 0 1.0033 1.02447 1.1211 1.26044 1.43406 1.21494 1.07087 1.01848 1.01845 1.07069 1.21449 1.43446 1.78092 1.86527 1.67129 1.52215 1.5215 1.66993 1.86429 1.78071 1.49941 1.21171 1.11827 1.20648 1.20514 1.11798 1.21084 1.49608 1.30573 1.93805 2.88792 3.23204 3.23836 2.89345 1.94404 1.30673 1.08273 1.05432 1.0224 1.00479 1.00487 1.02284 1.05517 1.08362 1.06704 1.01535 1.00193 1.00008 0 0 0 
0 0 0 0 1.00037 1.00406 1.02571 1.0603 1.06947 1.03361 1.01 1.00193 1.00193 1.00996 1.03344 1.0693 1.12363 1.13762 1.09922 1.06866 1.06859 1.09902 1.13763 1.12388 1.10034 1.03737 1.01255 1.03367 1.03338 1.01248 1.0371 1.09947 1.08547 1.38378 1.902 1.93662 1.94355 1.9119 1.38818 1.08624 1.01062 1.00849 1.00311 1.00055 1.00056 1.00318 1.00865 1.01071 1.0091 1.00196 1.00011 0.999946 0 0 0 
0 0 0 0 0.999868 1.0004 1.00376 1.01059 1.00798 1.00301 1.00062 0.999837 0.999835 1.00061 1.00298 1.00791 1.01352 1.01331 1.00877 1.00508 1.00507 1.00874 1.01333 1.01359 1.01607 1.00563 1.00218 1.00452 1.00448 1.00216 1.00557 1.01591 1.02018 1.11262 1.30229 1.3281 1.33062 1.30593 1.11396 1.02037 1.00099 1.0007 1.0002 0.99993 0.99993 1.00021 1.00073 1.00099 1.00099 1.00006 0.999945 0.999984 0 0 0 
1.01059 1.00376 1.0004 0.999868 0.999868 1.0004 1.00376 1.01059 1.00791 1.00298 1.00061 0.999835 0.999835 1.00061 1.00298 1.00791 1.01352 1.01331 1.00877 1.00508 1.00508 1.00877 1.01331 1.01352 1.01607 1.00563 1.00218 1.00452 1.00452 1.00218 1.00563 1.01607 1.02037 1.11396 1.30593 1.33062 1.33062 1.30593 1.11396 1.02037 1.00099 1.00073 1.00021 0.99993 0.99993 1.00021 1.00073 1.00099 1.00099 1.00006 0.999945 0.999984 0.999984 0.999945 1.00006 
1.0603 1.02571 1.00406 1.00037 1.00037 1.00406 1.02571 1.0603 1.0693 1.03344 1.00996 1.00193 1.00193 1.00996 1.03344 1.0693 1.12363 1.13762 1.09922 1.06866 1.06866 1.09922 1.13762 1.12363 1.10034 1.03737 1.01255 1.03367 1.03367 1.01255 1.03737 1.10034 1.08624 1.38818 1.9119 1.94355 1.94355 1.9119 1.38818 1.08624 1.01071 1.00865 1.00318 1.00056 1.00056 1.00318 1.00865 1.01071 1.0091 1.00196 1.00011 0.999946 0.999946 1.00011 1.00196 
1.26044 1.1211 1.02447 1.0033 1.0033 1.02447 1.1211 1.26044 1.43446 1.21449 1.07069 1.01845 1.01845 1.07069 1.21449 1.43446 1.78092 1.86527 1.67129 1.52215 1.52215 1.67129 1.86527 1.78092 1.49941 1.21171 1.11827 1.20648 1.20648 1.11827 1.21171 1.49941 1.30673 1.94404 2.89345 3.23836 3.23836 2.89345 1.94404 1.30673 1.08362 1.05517 1.02284 1.00487 1.00487 1.02284 1.05517 1.08362 1.06704 1.01535 1.00193 1.00008 1.00008 1.00193 1.01535 
1.8078 1.25488 1.05518 1.00969 1.00969 1.05518 1.25488 1.8078 2.83381 1.94608 1.3239 1.10252 1.10252 1.3239 1.94608 2.83381 4.01551 4.34792 3.78858 3.33052 3.33052 3.78858 4.34792 4.01551 2.72581 1.94673 1.72012 1.99428 1.99428 1.72012 1.94673 2.72581 2.13007 2.8813 4.05618 4.77252 4.77252 4.05618 2.8813 2.13007 1.47288 1.26274 1.11595 1.03347 1.03347 1.11595 1.26274 1.47288 1.32032 1.08289 1.01242 1.00129 1.00129 1.01242 1.08289 
3.58989 1.93206 1.2446 1.04824 1.04825 1.24461 1.93687 3.60653 5.55329 3.52504 1.93799 1.34763 1.34315 1.92684 3.52504 5.55329 7.67764 8.38171 7.53353 6.6664 6.6664 7.53353 8.38171 7.67764 5.73427 4.80878 4.06958 4.33228 4.31029 4.03208 4.78159 5.69776 6.27226 6.78706 6.93531 7.07742 7.08387 6.95502 6.78706 6.2738 2.55131 1.79193 1.33871 1.19119 1.19407 1.34212 1.82604 2.6183 1.76589 1.18057 1.01568 1.00016 1.00016 1.01568 1.18057 
2.21958 1.47397 1.10602 1.01692 1.01692 1.10601 1.47205 2.21903 2.84143 1.92912 1.2725 1.07343 1.07339 1.27239 1.92912 2.84143 3.96404 4.34641 3.76982 3.2102 3.2102 3.76982 4.34641 3.96404 2.83497 2.39037 1.8906 2.07852 2.08264 1.88631 2.39548 2.83154 2.9384 3.15311 3.16067 3.14397 3.1289 3.15186 3.15311 2.93881 1.41385 1.14502 1.03384 1.01402 1.01434 1.03442 1.15081 1.42542 1.15187 1.0176 0.998545 0.9994 0.9994 0.998545 1.0176 
1.3788 1.142 1.02468 1.00277 1.00277 1.02468 1.14146 1.37894 1.44813 1.19582 1.04238 1.00778 1.00775 1.0423 1.19582 1.44813 1.77989 1.90344 1.69208 1.48264 1.48264 1.69208 1.90344 1.77989 1.43875 1.2537 1.1285 1.20778 1.21012 1.12838 1.25559 1.44064 1.52463 1.60344 1.61332 1.58825 1.58497 1.61201 1.60344 1.52467 1.05589 1.00373 0.994682 0.999049 0.999076 0.994722 1.00469 1.05809 1.01708 1.00061 0.999705 0.999966 0.999966 0.999705 1.00061 
1.10036 1.03246 1.00418 1.00005 1.00005 1.00418 1.03238 1.1004 1.08396 1.0307 1.00454 0.999968 0.999959 1.00452 1.0307 1.08396 1.16208 1.19783 1.14084 1.07862 1.07862 1.14084 1.19783 1.16208 1.07956 1.03099 1.01001 1.03711 1.03772 1.01005 1.03149 1.08047 1.10628 1.14121 1.15421 1.15694 1.15633 1.15406 1.14121 1.10629 1.00387 0.996804 0.998019 0.999885 0.999886 0.998023 0.996922 1.00414 1.00121 0.999993 1.00003 1 1 1.00003 0.999993 
1.1004 1.03238 1.00418 1.00005 1.00005 1.00418 1.03238 1.1004 1.08409 1.03069 1.00454 0.999968 0.999968 1.00454 1.0307 1.08396 1.16208 1.19783 1.14084 1.07862 1.07909 1.1418 1.1988 1.16263 1.08047 1.03149 1.01005 1.03772 1.03772 1.01005 1.03149 1.08047 1.10629 1.14122 1.15406 1.15633 1.15591 1.15329 1.14033 1.10608 1.00414 0.996922 0.998023 0.999886 0.999885 0.998019 0.996804 1.00387 1.00121 0.999993 1.00003 1 1 1.00003 0.999991 
1.37894 1.14146 1.02468 1.00277 1.00277 1.02468 1.14146 1.37894 1.44918 1.19685 1.04238 1.00778 1.00778 1.04238 1.19582 1.44813 1.77989 1.90344 1.69208 1.48264 1.48417 1.69509 1.90699 1.78274 1.44064 1.25559 1.12838 1.21012 1.21012 1.12838 1.25559 1.44064 1.52467 1.60346 1.61201 1.58497 1.58418 1.61028 1.60053 1.52487 1.05809 1.00469 0.994722 0.999076 0.999049 0.994682 1.00373 1.05589 1.01708 1.00061 0.999705 0.999966 0.999967 0.999701 1.00057 
2.21903 1.47205 1.10601 1.01692 1.01692 1.10601 1.47205 2.21903 2.83893 1.93587 1.2725 1.07343 1.07343 1.2725 1.92912 2.84143 3.96404 4.34641 3.76982 3.2102 3.21416 3.77773 4.35519 3.973 2.83154 2.39548 1.88631 2.08264 2.08264 1.88631 2.39548 2.83154 2.93881 3.15321 3.15186 3.1289 3.12751 3.14796 3.1431 2.93912 1.42542 1.15081 1.03442 1.01434 1.01402 1.03384 1.14502 1.41385 1.15187 1.0176 0.998545 0.9994 0.999398 0.99852 1.01743 
3.60653 1.93687 1.24461 1.04825 1.04825 1.24461 1.93687 3.60653 5.6152 3.58465 1.93799 1.34763 1.34763 1.93799 3.52504 5.55329 7.67764 8.38171 7.53353 6.6664 6.66623 7.53319 8.38124 7.67968 5.69776 4.78159 4.03208 4.31029 4.31029 4.03208 4.78159 5.69776 6.2738 6.78773 6.95502 7.08387 7.07726 6.94123 6.80169 6.31906 2.6183 1.82604 1.34212 1.19407 1.19119 1.33871 1.79193 2.55131 1.76589 1.18057 1.01568 1.00016 1.00015 1.01546 1.18095 
7.61127 3.72988 1.83817 1.24705 1.24705 1.83817 3.72988 7.61127 11.3234 7.74758 4.31188 2.74381 2.74381 4.31188 7.74758 11.3234 14.7055 16.345 15.7568 15.0369 15.202 15.9559 16.4243 14.8114 10.7893 10.1012 9.67566 9.85885 9.85885 9.67566 10.1012 10.7893 10.3046 10.8504 11.6402 12.2361 12.2379 11.6433 10.8533 10.3231 6.3036 4.76429 3.32722 2.49607 2.49729 3.33186 4.76429 6.3036 5.11535 2.86716 1.51733 1.1103 1.1103 1.51733 2.86716 
7.86998 4.03161 1.95723 1.31862 1.31862 1.95723 4.03161 7.86998 11.0912 8.13027 4.62569 2.91896 2.91896 4.62569 8.13027 11.0912 12.0087 12.7023 11.375 10.0024 9.97822 11.3939 12.7148 12.0681 10.1364 9.65967 8.54409 8.01264 8.01264 8.54409 9.65967 10.1364 9.34391 9.7409 9.99627 10.4533 10.4567 10.0016 9.74763 9.36662 5.88945 4.61807 3.09272 1.99134 1.98833 3.0878 4.61807 5.88945 4.20478 2.36228 1.37584 1.06323 1.06323 1.37584 2.36228 
7.14434 3.64254 1.81678 1.242 1.242 1.81678 3.64254 7.14434 10.2369 7.6869 4.24062 2.54753 2.54753 4.24062 7.6869 10.2369 9.88288 10.1068 8.295 6.58289 6.55957 8.30542 10.1243 9.93997 9.46088 9.59659 8.27075 7.14849 7.14849 8.27075 9.59659 9.46088 7.89456 8.53118 9.21371 9.99403 9.9951 9.21881 8.53977 7.92542 4.6371 3.65601 2.45428 1.54637 1.54402 2.44462 3.65601 4.6371 3.17156 1.79353 1.19708 1.02752 1.02752 1.19708 1.79353 
6.39867 3.27878 1.67995 1.17122 1.17122 1.67995 3.27878 6.39867 9.27362 6.96413 3.58424 2.04967 2.04967 3.58424 6.96413 9.27362 8.75842 8.91764 7.04703 5.16856 5.15484 7.05453 8.92915 8.78346 9.58065 11.4943 10.8514 8.32462 8.32462 10.8514 11.4943 9.58065 6.50863 7.7373 8.97816 10.1814 10.1842 8.98493 7.74497 6.53929 3.22893 2.48113 1.67136 1.19675 1.19588 1.66789 2.48113 3.22893 2.15188 1.31816 1.05877 1.00558 1.00558 1.05877 1.31816 
6.41038 3.27632 1.67996 1.17121 1.17122 1.67995 3.27878 6.39867 9.27362 6.96413 3.58424 2.04967 2.04374 3.57673 6.97142 9.27089 8.78346 8.92915 7.05453 5.15484 5.15484 7.05453 8.92915 8.78346 9.58047 11.4944 10.8506 8.32492 8.32462 10.8514 11.4943 9.58065 6.53929 7.74497 8.98493 10.1842 10.1814 8.97816 7.7373 6.50863 3.20965 2.44609 1.6589 1.19365 1.19675 1.67136 2.48113 3.22893 2.15188 1.31816 1.05877 1.00558 1.0057 1.05983 1.32329 
7.16782 3.63809 1.81679 1.24199 1.242 1.81678 3.64254 7.14434 10.2369 7.6869 4.24062 2.54753 2.53163 4.21311 7.6974 10.2328 9.93997 10.1243 8.30542 6.55957 6.55957 8.30542 10.1243 9.93997 9.46065 9.59666 8.27061 7.14847 7.14849 8.27075 9.59659 9.46088 7.92542 8.53977 9.21881 9.9951 9.99403 9.21371 8.53118 7.89456 4.59834 3.59745 2.42697 1.53603 1.54637 2.45428 3.65601 4.6371 3.17156 1.79353 1.19708 1.02752 1.0278 1.19924 1.8025 
7.90323 4.02745 1.95725 1.31862 1.31862 1.95723 4.03161 7.86998 11.0912 8.13027 4.62569 2.91896 2.9002 4.59339 8.13769 11.0858 12.0681 12.7148 11.3939 9.97822 9.97822 11.3939 12.7148 12.0681 10.1356 9.65924 8.5439 8.01266 8.01264 8.54409 9.65967 10.1364 9.36662 9.74763 10.0016 10.4567 10.4533 9.99627 9.7409 9.34391 5.84558 4.55537 3.05835 1.97738 1.99134 3.09272 4.61807 5.88945 4.20478 2.36228 1.37584 1.06323 1.06345 1.37763 2.37009 
7.67483 3.74146 1.83823 1.24704 1.24705 1.83817 3.72988 7.61127 11.3234 7.74758 4.31188 2.74381 2.73745 4.29987 7.76611 11.3573 14.8114 16.4243 15.9559 15.202 15.202 15.9559 16.4243 14.8114 10.7905 10.1014 9.67595 9.85887 9.85885 9.67566 10.1012 10.7893 10.3231 10.8533 11.6433 12.2379 12.2361 11.6402 10.8504 10.3046 6.439 4.86433 3.37459 2.52226 2.49607 3.32722 4.76429 6.3036 5.11535 2.86716 1.51733 1.1103 1.11117 1.52307 2.89151 
11.3106 5.62668 2.58588 1.47074 1.47074 2.58588 5.61848 11.25 17.003 11.6178 6.89874 4.43413 4.40507 6.84256 11.6607 17.1126 22.6755 25.6905 27.1017 27.3175 27.3175 27.1017 25.6905 22.6755 19.3327 19.8655 20.362 20.4629 20.4629 20.362 19.8655 19.3327 19.3726 22.5274 24.286 25.0751 25.4096 24.6301 22.208 19.122 13.803 11.719 9.35782 7.47647 7.5701 9.43655 11.7469 13.8586 11.1182 5.99909 2.6233 1.45573 1.45531 2.62069 5.98826 
12.3125 6.03117 2.68061 1.48503 1.48503 2.68061 6.02104 12.2248 18.3205 12.2708 7.10462 4.58582 4.56096 7.0545 12.2626 18.375 25.0072 28.5415 30.0119 30.6508 30.6508 30.0119 28.5415 25.0072 20.7494 20.4475 20.9927 21.3969 21.3969 20.9927 20.4475 20.7494 23.1415 27.6545 29.7332 30.3669 30.3429 29.7581 27.7913 23.1172 15.6476 13.397 11.065 9.11117 9.20142 11.1234 13.384 15.6473 11.9339 6.18244 2.69949 1.49597 1.497 2.703 6.19325 
12.9978 6.31942 2.75247 1.50222 1.50222 2.75247 6.31353 12.912 19.3487 12.6276 7.05922 4.56834 4.54458 7.01301 12.615 19.392 26.8413 30.6474 32.0905 32.7637 32.7637 32.0905 30.6474 26.8413 21.2911 19.83 20.4394 21.7153 21.7153 20.4394 19.83 21.2911 25.3282 30.3476 32.4237 33.0155 33.0187 32.4408 30.4437 25.296 16.7763 14.4494 12.084 10.024 10.1134 12.1443 14.4383 16.7734 12.5448 6.26384 2.73533 1.53365 1.53484 2.73902 6.27432 
13.2933 6.38021 2.7467 1.49988 1.49988 2.7467 6.38118 13.239 20.0438 12.6041 6.69941 4.33844 4.32463 6.67582 12.5736 20.095 27.8596 31.6904 33.0675 33.5386 33.5386 33.0675 31.6904 27.8596 21.7204 19.8057 20.5979 22.0219 22.0219 20.5979 19.8057 21.7204 26.3242 31.1981 33.2 33.7746 33.7805 33.2122 31.2486 26.3102 17.7205 15.0677 12.1519 10.0583 10.1025 12.2039 15.0607 17.7194 13.0995 6.45623 2.8252 1.56873 1.56946 2.82724 6.46152 
13.239 6.38118 2.74813 1.50101 1.49988 2.7467 6.38118 13.239 20.095 12.5736 6.67582 4.32463 4.32463 6.67582 12.5736 20.095 27.8592 31.6614 33.0449 33.5265 33.5265 33.0449 31.6904 27.8596 21.7236 19.8 20.5833 22.0389 22.0219 20.5979 19.8057 21.7204 26.3102 31.2486 33.2122 33.7805 33.7746 33.2 31.1755 26.3242 17.7194 15.0607 12.2039 10.1025 10.1025 12.2039 15.0607 17.7194 13.0995 6.45623 2.8252 1.56873 1.56873 2.8252 6.45623 
12.912 6.31353 2.75271 1.50357 1.50222 2.75247 6.31353 12.912 19.392 12.615 7.01301 4.54458 4.54458 7.01301 12.615 19.392 26.8443 30.5897 32.0493 32.7443 32.7443 32.0493 30.6474 26.8413 21.2983 19.8239 20.4206 21.7387 21.7153 20.4394 19.83 21.2911 25.296 30.4437 32.4408 33.0187 33.0155 32.4237 30.3083 25.3282 16.7734 14.4383 12.1443 10.1134 10.1134 12.1443 14.4383 16.7734 12.5448 6.26384 2.73533 1.53365 1.53365 2.73533 6.26384 
12.2248 6.02104 2.67963 1.48599 1.48503 2.68061 6.02104 12.2248 18.375 12.2626 7.0545 4.56096 4.56096 7.0545 12.2626 18.375 24.9981 28.4637 29.9807 30.6328 30.6328 29.9807 28.5415 25.0072 20.7556 20.4447 20.989 21.4096 21.3969 20.9927 20.4475 20.7494 23.1172 27.7913 29.7581 30.3429 30.3669 29.7332 27.5798 23.1415 15.6473 13.384 11.1234 9.20142 9.20142 11.1234 13.384 15.6473 11.9339 6.18244 2.69949 1.49597 1.49597 2.69949 6.18244 
11.25 5.61848 2.58438 1.47112 1.47074 2.58588 5.61848 11.25 17.1126 11.6607 6.84256 4.40507 4.40507 6.84256 11.6607 17.1126 22.7644 25.7396 27.1648 27.391 27.391 27.1648 25.6905 22.6755 19.4788 20.0488 20.5477 20.6255 20.4629 20.362 19.8655 19.3327 19.122 22.208 24.6301 25.4096 25.0751 24.286 22.5815 19.3726 13.8586 11.7469 9.43655 7.5701 7.5701 9.43655 11.7469 13.8586 11.1182 5.99909 2.6233 1.45573 1.45573 2.6233 5.99909 
12.1339 5.84822 2.66881 1.57045 1.57527 2.68181 5.88236 12.1805 18.3288 12.1874 7.29531 4.56452 4.56452 7.29531 12.1874 18.3288 25.9446 28.6917 30.4423 31.0088 31.0088 30.4423 28.6917 25.9446 28.1791 31.1555 32.0169 31.6801 31.6804 32.0162 31.1907 28.2401 23.6215 27.7277 30.1847 31.0981 31.0083 30.1484 27.7002 23.5814 15.141 12.1877 8.95665 6.53081 6.53081 8.95665 12.1877 15.141 11.7964 6.25156 2.72047 1.50152 1.50152 2.72047 6.25156 
13.2498 6.36535 2.89625 1.68109 1.68887 2.91779 6.42101 13.3181 19.8245 13.3856 8.11255 5.13712 5.13712 8.11255 13.3856 19.8245 27.817 30.4724 32.141 32.7753 32.7753 32.141 30.4724 27.817 29.3577 31.703 32.5662 32.6856 32.6855 32.566 31.6933 29.4103 25.9224 29.1695 31.439 32.4301 32.4766 31.5226 29.2313 25.8769 18.0764 14.7472 10.9541 8.09247 8.09247 10.9541 14.7472 18.0764 13.1933 6.50129 2.78807 1.54529 1.54529 2.78807 6.50129 
14.0658 6.86783 3.06663 1.74197 1.74917 3.08537 6.91805 14.1264 20.6753 13.7989 8.20693 5.20937 5.20937 8.20693 13.7989 20.6753 28.9588 31.5573 33.236 33.8701 33.8701 33.236 31.5573 28.9588 30.0032 31.8381 32.7176 33.1188 33.1188 32.7176 31.8318 30.0548 27.2824 30.1969 32.3304 33.3458 33.3834 32.4115 30.2492 27.2341 19.6381 15.9287 11.7541 8.87435 8.87435 11.7541 15.9287 19.6381 13.9601 6.60894 2.82703 1.58466 1.58466 2.82703 6.60894 
14.1038 6.80229 2.98851 1.65457 1.65811 2.99812 6.82817 14.1348 20.992 13.5133 7.63088 4.97474 4.97474 7.63088 13.5133 20.992 29.4591 31.918 33.5981 34.1886 34.1886 33.5981 31.918 29.4591 30.3177 31.8484 32.7486 33.2795 33.2797 32.7488 31.8461 30.3457 27.9372 30.9107 32.9701 33.7839 33.8063 33.0167 30.9408 27.91 20.4401 16.342 11.7293 9.11177 9.11177 11.7293 16.342 20.4401 14.5336 6.88704 2.95268 1.62302 1.62302 2.95268 6.88704 
14.1348 6.82817 2.99812 1.65811 1.65811 2.99812 6.82817 14.1348 20.9395 13.5162 7.57017 4.95442 4.95442 7.57017 13.5133 20.992 29.4591 31.918 33.5981 34.1886 34.1866 33.5946 31.901 29.532 30.3457 31.8461 32.7488 33.2797 33.2797 32.7488 31.8484 30.3177 27.8735 30.9232 32.9874 33.7942 33.7839 32.9701 30.9107 27.9372 20.4399 16.3628 11.6967 9.07927 9.11177 11.7293 16.342 20.4401 14.5336 6.88704 2.95268 1.62302 1.62302 2.95236 6.8917 
14.1264 6.91805 3.08537 1.74917 1.74917 3.08537 6.91805 14.1264 20.6261 13.7828 8.08621 5.1714 5.1714 8.08621 13.7989 20.6753 28.9588 31.5573 33.236 33.8701 33.8648 33.2264 31.541 29.0342 30.0548 31.8318 32.7176 33.1188 33.1188 32.7176 31.8381 30.0032 27.1925 30.2208 32.3648 33.3627 33.3458 32.3304 30.1969 27.2824 19.6412 15.9646 11.6864 8.822 8.87435 11.7541 15.9287 19.6381 13.9601 6.60894 2.82703 1.58466 1.58465 2.82625 6.61577 
13.3181 6.42101 2.91779 1.68887 1.68887 2.91779 6.42101 13.3181 19.7751 13.3698 7.98865 5.09697 5.09697 7.98865 13.3856 19.8245 27.817 30.4724 32.141 32.7753 32.7621 32.1126 30.4337 27.8744 29.4103 31.6933 32.566 32.6855 32.6855 32.566 31.703 29.3577 25.8327 29.2148 31.4847 32.4543 32.4301 31.439 29.1695 25.9224 18.0836 14.7847 10.8896 8.04207 8.09247 10.9541 14.7472 18.0764 13.1933 6.50129 2.78807 1.54529 1.54529 2.78723 6.50817 
12.1805 5.88236 2.68181 1.57527 1.57527 2.68181 5.88236 12.1805 18.2507 12.1466 7.14913 4.52329 4.52329 7.14913 12.1874 18.3288 25.9446 28.6917 30.4423 31.0088 31.0088 30.4424 28.6835 25.9933 28.2401 31.1907 32.0162 31.6804 31.6804 32.0162 31.1555 28.1791 23.5583 27.7481 30.1829 31.0454 31.0981 30.1847 27.7277 23.6215 15.0897 12.1731 8.87051 6.45924 6.53081 8.95665 12.1877 15.141 11.7964 6.25156 2.72047 1.50152 1.5015 2.71528 6.24 
9.117 4.06325 1.841 1.19902 1.19902 1.841 4.06325 9.117 15.0392 8.47327 4.06977 2.37522 2.37522 4.06977 8.47327 15.0392 25.1062 28.1834 30.1037 30.8244 30.7556 30.013 28.0549 25.0135 26.5191 30.5976 31.9952 31.9504 31.9092 31.9559 30.5532 26.5339 20.7599 26.7112 30.221 31.4228 31.4119 30.1917 26.6809 20.6645 8.6581 6.02032 4.09337 2.95266 2.95002 4.08701 6.00929 8.59198 5.57553 2.84021 1.44542 1.0983 1.09833 1.44554 2.85545 
8.3796 3.63149 1.67439 1.12944 1.12944 1.67439 3.63149 8.3796 14.5493 7.58529 3.33815 1.84085 1.84085 3.33815 7.58529 14.5493 25.7693 29.239 31.6649 32.4175 32.4202 31.6461 29.1836 25.7525 26.4516 30.7192 32.306 32.737 32.7291 32.2902 30.7046 26.5364 20.5732 27.0528 30.9293 32.4489 32.4468 30.925 27.0544 20.4751 7.71374 5.47482 3.89204 2.67516 2.67552 3.892 5.47669 7.64457 4.62756 2.39552 1.32412 1.05416 1.05416 1.32413 2.39719 
7.88584 3.2898 1.53487 1.08744 1.08744 1.53487 3.2898 7.88584 14.3184 7.21555 3.05651 1.6521 1.6521 3.05651 7.21555 14.3184 26.0452 29.6961 32.4661 33.3459 33.335 32.4427 29.6481 26.0378 26.3713 30.7289 32.4815 33.1601 33.1521 32.4664 30.7171 26.4598 20.2375 27.1016 31.2415 32.8497 32.849 31.2402 27.1074 20.1397 6.88748 4.92077 3.51248 2.34361 2.34586 3.51805 4.92901 6.81512 3.83735 1.91417 1.1774 1.02258 1.02258 1.17741 1.9183 
7.63451 3.10175 1.46097 1.06791 1.06791 1.46097 3.10175 7.63451 14.2555 7.0868 2.94434 1.57441 1.57441 2.94434 7.0868 14.2555 26.1614 29.8946 32.7608 33.6404 33.6339 32.7432 29.8688 26.1475 26.3996 30.7283 32.5189 33.2665 33.2613 32.5114 30.7232 26.4511 20.0517 27.2195 31.467 32.9903 32.99 31.4662 27.2302 19.9594 6.43319 4.30661 2.84689 1.86095 1.86284 2.85213 4.3135 6.36388 3.42473 1.66427 1.11823 1.01464 1.01464 1.11824 1.66668 
7.62121 3.09778 1.4601 1.06777 1.06791 1.46097 3.10175 7.63451 14.2555 7.0868 2.94434 1.57441 1.57444 2.94438 7.09761 14.2555 26.1475 29.8688 32.7432 33.6339 33.6339 32.7432 29.8688 26.1475 26.4511 30.7232 32.5114 33.2613 33.2613 32.5114 30.7232 26.4511 19.9594 27.2302 31.4662 32.99 32.9903 31.467 27.2195 20.0517 6.43319 4.30661 2.84689 1.86095 1.86095 2.84689 4.30661 6.43319 3.42473 1.66427 1.11823 1.01464 1.01464 1.11823 1.66427 
7.86239 3.28156 1.5328 1.08703 1.08744 1.53487 3.2898 7.88584 14.3184 7.21555 3.05651 1.6521 1.65218 3.05667 7.23593 14.3184 26.0378 29.6481 32.4427 33.335 33.335 32.4427 29.6481 26.0378 26.4598 30.7171 32.4664 33.1521 33.1521 32.4664 30.7171 26.4598 20.1397 27.1074 31.2402 32.849 32.8497 31.2415 27.1016 20.2375 6.88748 4.92077 3.51248 2.34361 2.34361 3.51248 4.92077 6.88748 3.83735 1.91417 1.1774 1.02258 1.02258 1.1774 1.91417 
8.35024 3.62018 1.67137 1.12877 1.12944 1.67439 3.63149 8.3796 14.5493 7.58529 3.33815 1.84085 1.84108 3.33857 7.61026 14.5493 25.7525 29.1836 31.6461 32.4202 32.4202 31.6461 29.1836 25.7525 26.5364 30.7046 32.2902 32.7291 32.7291 32.2902 30.7046 26.5364 20.4751 27.0544 30.925 32.4468 32.4489 30.9293 27.0528 20.5732 7.71374 5.47482 3.89204 2.67516 2.67516 3.89204 5.47482 7.71374 4.62756 2.39552 1.32412 1.05416 1.05416 1.32412 2.39552 
9.05358 4.03405 1.83224 1.1968 1.19902 1.841 4.06325 9.117 15.0392 8.47327 4.06977 2.37522 2.37617 4.07167 8.48347 15.0154 25.0135 28.0549 30.013 30.7556 30.7556 30.013 28.0549 25.0135 26.5339 30.5532 31.9559 31.9092 31.9092 31.9559 30.5532 26.5339 20.6645 26.6809 30.1917 31.4119 31.4228 30.221 26.7112 20.7599 8.6581 6.02032 4.09337 2.95266 2.95266 4.09337 6.02032 8.6581 5.57553 2.84021 1.44542 1.0983 1.0983 1.44542 2.84021 
6.99429 2.85417 1.40694 1.06078 1.06078 1.40694 2.85417 6.99429 13.3996 7.16567 3.209 1.79517 1.79522 3.20909 7.15367 13.4626 23.1763 25.4622 26.7299 27.3952 27.4583 26.7802 25.5144 23.3006 23.3084 26.1265 26.7729 26.8148 26.8148 26.7729 26.1265 23.3084 19.2492 25.0674 28.4981 29.8632 29.8203 28.4356 25.0847 19.3014 8.79625 5.81434 3.95981 3.19997 3.19997 3.95981 5.81434 8.79625 5.57526 3.11023 1.91322 1.35792 1.34859 1.89948 3.10539 
7.23982 2.96945 1.43907 1.06383 1.06383 1.43907 2.96945 7.23982 13.777 7.32187 3.22273 1.77074 1.77072 3.22267 7.30827 13.8406 24.1912 27.3633 29.2815 30.2597 30.2377 29.2495 27.3426 24.2737 22.3993 25.3581 27.0018 27.6809 27.6809 27.0018 25.3581 22.3993 18.8457 24.7203 28.4057 30.1599 30.1435 28.349 24.7074 18.868 8.28496 5.01949 2.79897 1.91157 1.91157 2.79897 5.01949 8.28496 5.28458 2.85717 1.63965 1.15796 1.15812 1.64172 2.86793 
7.42088 3.06292 1.46443 1.06758 1.06758 1.46443 3.06292 7.42088 13.9702 7.42031 3.24948 1.7765 1.77647 3.24935 7.40664 14.0302 24.6353 28.4012 30.9188 32.1015 32.0791 30.8801 28.3692 24.7252 21.518 24.3413 26.2538 27.4089 27.4089 26.2538 24.3413 21.518 18.0453 24.1434 28.3352 30.5019 30.4991 28.3235 24.1519 18.0715 7.68302 4.4116 2.20504 1.38779 1.38779 2.20504 4.4116 7.68302 4.91086 2.5748 1.45181 1.08788 1.08872 1.45514 2.58541 
7.45846 3.06522 1.4545 1.06425 1.06425 1.4545 3.06522 7.45846 13.9745 7.30466 3.14001 1.70415 1.70415 3.13989 7.29083 14.0298 24.684 28.798 31.5806 32.738 32.7238 31.553 28.7605 24.7618 21.3554 24.0912 25.9821 27.3406 27.3406 25.9821 24.0912 21.3554 17.5823 24.1681 28.6971 30.8724 30.8799 28.7006 24.1723 17.6258 7.02355 3.91842 1.89963 1.22166 1.22166 1.89963 3.91842 7.02355 4.35613 2.18963 1.28061 1.04441 1.04482 1.28255 2.19603 
7.48329 3.06866 1.45486 1.06422 1.06425 1.4545 3.06522 7.45846 14.0298 7.29083 3.13989 1.70415 1.70415 3.13989 7.29083 14.0298 24.684 28.798 31.5806 32.738 32.738 31.5806 28.798 24.684 21.3929 24.1143 25.9939 27.3451 27.3406 25.9821 24.0912 21.3554 17.6258 24.1723 28.7006 30.8799 30.8724 28.6971 24.1681 17.5823 7.00777 3.94206 1.90542 1.22285 1.22243 1.90393 3.94206 7.00777 4.35613 2.18963 1.28061 1.04441 1.04441 1.28061 2.18963 
7.46004 3.07 1.46547 1.06762 1.06758 1.46443 3.06292 7.42088 14.0302 7.40664 3.24935 1.77647 1.77647 3.24935 7.40664 14.0302 24.6353 28.4012 30.9188 32.1015 32.1015 30.9188 28.4012 24.6353 21.5808 24.3877 26.278 27.4174 27.4089 26.2538 24.3413 21.518 18.0715 24.1519 28.3235 30.4991 30.5019 28.3352 24.1434 18.0453 7.67557 4.45085 2.21684 1.39114 1.3903 2.21388 4.45085 7.67557 4.91086 2.5748 1.45181 1.08788 1.08788 1.45181 2.5748 
7.27883 2.97694 1.44027 1.0639 1.06383 1.43907 2.96945 7.23982 13.8406 7.30827 3.22267 1.77072 1.77072 3.22267 7.30827 13.8406 24.1912 27.3633 29.2815 30.2597 30.2597 29.2815 27.3633 24.1912 22.4647 25.4076 27.0274 27.691 27.6809 27.0018 25.3581 22.3993 18.868 24.7074 28.349 30.1435 30.1599 28.4057 24.7203 18.8457 8.2689 5.05174 2.81111 1.91723 1.9158 2.80892 5.05174 8.2689 5.28458 2.85717 1.63965 1.15796 1.15796 1.63965 2.85717 
7.01411 2.85772 1.40786 1.0609 1.06078 1.40694 2.85417 6.99429 13.4626 7.15367 3.20909 1.79522 1.79522 3.20909 7.15367 13.4626 23.1763 25.4622 26.7299 27.3952 27.3952 26.7299 25.4622 23.1763 23.298 26.0516 26.6571 26.6963 26.8148 26.7729 26.1265 23.3084 19.3014 25.0847 28.4356 29.8203 29.8632 28.4981 25.0674 19.2492 8.77041 5.8226 3.96613 3.21867 3.22328 3.97524 5.8226 8.77041 5.57526 3.11023 1.91322 1.35792 1.35792 1.91322 3.11023 
3.97056 1.74907 1.12261 1.013 1.013 1.12261 1.74342 3.95109 7.77349 3.7364 1.70335 1.15496 1.15496 1.70335 3.7364 7.77349 14.8529 13.9291 13.527 13.4426 13.4426 13.527 13.9291 14.8529 18.3413 16.9282 15.4079 14.9313 14.9313 15.4079 16.9282 18.3413 18.117 23.4847 26.2578 27.3878 27.3448 26.23 23.4532 18.0518 10.415 8.95586 8.54521 9.38106 9.26863 8.50609 8.95586 10.415 6.7194 4.8681 3.81481 3.0149 3.03954 3.8245 4.86524 
3.24416 1.50964 1.06857 1.00535 1.00535 1.06857 1.51029 3.24987 6.77481 3.02196 1.4268 1.06015 1.06015 1.4268 3.02196 6.77481 13.6636 9.822 7.87287 7.16301 7.16301 7.87287 9.822 13.6636 20.1824 18.4544 15.3839 13.6716 13.6716 15.3839 18.4544 20.1824 18.908 24.2028 27.2361 28.6593 28.6639 27.2352 24.2315 18.8882 12.1317 11.9925 12.6592 14.4091 14.2493 12.6301 11.9925 12.1317 8.23986 6.03338 4.68513 3.73439 3.76883 4.69948 6.02933 
2.7984 1.36499 1.04374 1.00257 1.00257 1.04374 1.36646 2.80724 6.03503 2.6731 1.33693 1.04258 1.04258 1.33693 2.6731 6.03503 13.3247 7.68059 4.58035 3.47416 3.47416 4.58035 7.68059 13.3247 21.9612 20.218 16.2604 13.1685 13.1685 16.2604 20.218 21.9612 19.8283 24.804 28.0101 29.5328 29.5247 27.9953 24.8276 19.808 13.8977 13.7061 14.0616 15.6199 15.461 14.0324 13.7061 13.8977 9.72639 7.04953 5.40872 4.20666 4.24608 5.42636 7.04803 
2.60437 1.29671 1.03169 1.00148 1.00148 1.03169 1.29735 2.60888 5.72443 2.51882 1.28712 1.03487 1.03487 1.28712 2.51882 5.72443 13.1683 6.91215 3.44858 2.24617 2.24617 3.44858 6.91215 13.1683 22.8346 21.6081 18.2487 14.2099 14.2099 18.2487 21.6081 22.8346 20.6298 25.1256 28.4676 30.2533 30.2315 28.4161 25.1371 20.6202 15.4333 14.5415 14.2724 14.7978 14.7074 14.2588 14.5415 15.4333 11.1277 7.72916 5.29928 3.60476 3.62257 5.31432 7.73166 
2.60888 1.29735 1.03168 1.00148 1.00148 1.03169 1.29671 2.60437 5.74765 2.51786 1.28711 1.03487 1.03487 1.28712 2.51882 5.72443 13.1683 6.91215 3.44858 2.24617 2.25514 3.46844 6.93395 13.1001 22.8359 21.612 18.2308 14.1908 14.2099 18.2487 21.6081 22.8346 20.6202 25.1371 28.4161 30.2315 30.2315 28.4161 25.1371 20.6202 15.4682 14.5418 14.2724 14.7978 14.7978 14.2724 14.5418 15.4682 11.093 7.73166 5.31432 3.62257 3.60476 5.29928 7.72916 
2.80724 1.36646 1.04374 1.00257 1.00257 1.04374 1.36499 2.7984 6.05568 2.67209 1.33689 1.04258 1.04258 1.33693 2.6731 6.03503 13.3247 7.68059 4.58035 3.47416 3.48953 4.61532 7.70971 13.2602 21.9581 20.2208 16.2213 13.1443 13.1685 16.2604 20.218 21.9612 19.808 24.8276 27.9953 29.5247 29.5247 27.9953 24.8276 19.808 13.9536 13.7125 14.0616 15.6199 15.6199 14.0616 13.7125 13.9536 9.67019 7.04803 5.42636 4.24608 4.20666 5.40872 7.04953 
3.24987 1.51029 1.06857 1.00535 1.00535 1.06857 1.50964 3.24416 6.79817 3.02019 1.42672 1.06014 1.06015 1.4268 3.02196 6.77481 13.6636 9.822 7.87287 7.16301 7.19048 7.91612 9.83936 13.6078 20.184 18.4426 15.3483 13.6556 13.6716 15.3839 18.4544 20.1824 18.8882 24.2315 27.2352 28.6639 28.6639 27.2352 24.2315 18.8882 12.1947 12.0002 12.6592 14.4091 14.4091 12.6592 12.0002 12.1947 8.18635 6.02933 4.69948 3.76883 3.73439 4.68513 6.03338 
3.95109 1.74342 1.12259 1.013 1.013 1.12261 1.74907 3.97056 7.79601 3.73379 1.70321 1.15491 1.15496 1.70335 3.7364 7.77349 14.8529 13.9291 13.527 13.4426 13.2699 13.3664 13.8613 14.7421 18.2534 16.7804 15.249 14.7947 14.9313 15.4079 16.9282 18.3413 18.0518 23.4532 26.23 27.3448 27.3448 26.23 23.4532 18.0518 10.4541 8.9609 8.54521 9.38106 9.38106 8.54521 8.9609 10.4541 6.67914 4.86524 3.8245 3.03954 3.0149 3.81481 4.8681 
1.44326 1.07454 1.00815 1.00059 1.0006 1.00817 1.07401 1.43457 2.68394 1.6242 1.12958 1.02076 1.02075 1.12896 1.63151 2.70212 7.36953 7.47921 6.94712 6.65187 6.65187 6.94712 7.52484 7.41486 9.26339 7.0553 6.10752 6.01704 6.01704 6.10752 7.0553 9.26339 11.8526 16.4332 18.5108 19.178 19.178 18.5108 16.4332 11.8526 4.27854 3.34853 3.30493 3.00873 3.00873 3.30493 3.34853 4.27854 2.4605 1.97618 1.62236 1.29003 1.29296 1.62939 1.99085 
1.11695 1.01814 1.0018 0.999877 0.999883 1.00182 1.01819 1.11573 1.57779 1.18955 1.03236 1.0038 1.0039 1.03297 1.18776 1.5776 3.42335 3.31408 3.05445 2.88159 2.88159 3.05445 3.31418 3.42235 5.83561 4.49231 3.52137 3.16647 3.16647 3.52137 4.49231 5.83561 7.85313 10.9601 12.1374 11.8162 11.8162 12.1374 10.9601 7.85313 2.58223 2.10269 1.8579 1.5857 1.5857 1.8579 2.10269 2.58223 1.93428 1.68012 1.35811 1.1034 1.10253 1.35533 1.67871 
1.01822 1.00222 1.0001 0.999922 0.999922 1.0001 1.00223 1.018 1.11567 1.03031 1.00374 1.00009 1.0001 1.0038 1.03001 1.1157 1.72016 1.59502 1.47788 1.41178 1.41178 1.47788 1.59575 1.72018 3.27543 2.83592 2.13102 1.7255 1.7255 2.13102 2.83592 3.27543 5.47648 7.76073 7.77309 6.90188 6.90188 7.77309 7.76073 5.47648 1.6102 1.36631 1.21171 1.09753 1.09753 1.21171 1.36631 1.6102 1.47018 1.2766 1.09018 1.01879 1.01865 1.08967 1.27582 
1.00202 1.00006 0.999913 0.999975 0.999974 0.999914 1.00006 1.00199 1.01943 1.00344 1.00006 0.999864 0.999863 1.00007 1.0034 1.01944 1.21696 1.12948 1.0877 1.06852 1.06852 1.0877 1.12967 1.21699 2.06519 1.82639 1.41083 1.2186 1.2186 1.41083 1.82639 2.06519 3.90793 5.69318 5.067 4.20344 4.20344 5.067 5.69318 3.90793 1.20522 1.10965 1.04817 1.0136 1.0136 1.04817 1.10965 1.20522 1.15594 1.07186 1.01651 1.00227 1.00226 1.01644 1.07172 
1.00199 1.00006 0.999914 0.999974 0.999974 0.999914 1.00006 1.00199 1.01943 1.00344 1.00007 0.999863 0.999864 1.00007 1.00344 1.01943 1.21699 1.12967 1.0877 1.06852 1.0685 1.08763 1.12948 1.21696 2.06129 1.82498 1.41127 1.21864 1.2186 1.41083 1.82639 2.06519 3.90845 5.69723 5.07326 4.19793 4.20344 5.067 5.69318 3.90793 1.20522 1.10965 1.04817 1.0136 1.0135 1.04853 1.11036 1.19643 1.15559 1.07172 1.01644 1.00226 1.00227 1.01651 1.07186 
1.018 1.00223 1.0001 0.999922 0.999922 1.0001 1.00223 1.018 1.11567 1.03031 1.0038 1.0001 1.0001 1.00379 1.03031 1.11567 1.72018 1.59575 1.47788 1.41178 1.41162 1.47747 1.59502 1.72016 3.26643 2.83212 2.13233 1.72577 1.7255 2.13102 2.83592 3.27543 5.47552 7.77329 7.78116 6.89438 6.90188 7.77309 7.76073 5.47648 1.6102 1.36631 1.21171 1.09753 1.09727 1.21253 1.36609 1.593 1.46931 1.27582 1.08967 1.01865 1.01879 1.09018 1.2766 
1.11573 1.01819 1.00182 0.999883 0.999883 1.00182 1.01819 1.11573 1.57779 1.18955 1.03297 1.0039 1.00385 1.03268 1.18955 1.57779 3.42235 3.31418 3.05445 2.88159 2.88225 3.05438 3.31408 3.42335 5.82369 4.49119 3.52201 3.16732 3.16647 3.52137 4.49231 5.83561 7.85857 10.9831 12.1436 11.8188 11.8162 12.1374 10.9601 7.85313 2.58223 2.10269 1.8579 1.5857 1.58708 1.85829 2.09068 2.55257 1.93457 1.67871 1.35533 1.10253 1.1034 1.35811 1.68012 
1.43457 1.07401 1.00817 1.0006 1.0006 1.00817 1.07401 1.43457 2.68394 1.6242 1.12896 1.02075 1.02076 1.12929 1.6242 2.68394 7.41486 7.52484 6.94712 6.65187 6.61757 6.90387 7.47921 7.36953 9.20834 7.01509 6.07296 5.98051 6.01704 6.10752 7.0553 9.26339 11.8176 16.3855 18.456 19.121 19.178 18.5108 16.4332 11.8526 4.27854 3.34853 3.30493 3.00873 3.00904 3.29647 3.26271 4.20927 2.48446 1.99085 1.62939 1.29296 1.29003 1.62236 1.97618 
1.09342 1.01812 1.00248 1.00027 1.00027 1.00248 1.01812 1.09342 1.5795 1.21164 1.04389 1.00699 1.00698 1.04387 1.21164 1.5795 2.98527 3.04938 2.92372 2.90068 2.90068 2.92372 3.04938 2.98527 5.12181 3.60359 2.90464 2.6888 2.6888 2.90464 3.60359 5.12181 7.21927 9.70593 10.7639 10.9046 10.9046 10.7639 9.70593 7.21927 2.53189 2.09629 2.01035 1.88765 1.88756 2.0112 2.09935 2.55304 1.69271 1.38187 1.14674 1.05301 1.05301 1.14674 1.38187 
1.0133 1.00269 1.00032 0.999948 0.999948 1.00032 1.00269 1.0133 1.11541 1.03651 1.00633 1.00068 1.00068 1.00635 1.03651 1.11541 1.7404 1.76498 1.6787 1.60229 1.60229 1.6787 1.76498 1.7404 3.343 2.63342 1.9551 1.62425 1.62425 1.9551 2.63342 3.343 3.25729 4.01877 4.41661 4.44055 4.44055 4.41661 4.01877 3.25729 1.73595 1.47289 1.3279 1.21052 1.20982 1.3263 1.46938 1.73518 1.40563 1.19482 1.04891 1.01005 1.01005 1.04891 1.19482 
1.00099 1.00024 0.999988 0.999988 0.999988 0.999988 1.00024 1.00099 1.01635 1.00443 1.00049 0.99983 0.999831 1.0005 1.00443 1.01635 1.2099 1.20982 1.17694 1.14235 1.14235 1.17694 1.20982 1.2099 2.08132 1.71041 1.30368 1.15288 1.15288 1.30368 1.71041 2.08132 1.6772 1.87768 1.97646 1.93691 1.93691 1.97646 1.87768 1.6772 1.25658 1.14105 1.07436 1.03312 1.03292 1.07382 1.13954 1.25463 1.1395 1.04372 1.00769 1.00117 1.00117 1.00769 1.04372 
0.999888 0.999951 0.999991 1 1 0.999991 0.999951 0.999888 1.00145 1.00009 0.999884 0.999946 0.999946 0.999885 1.00009 1.00145 1.04299 1.04138 1.03333 1.02507 1.02507 1.03333 1.04138 1.04299 1.36601 1.18777 1.06366 1.02596 1.02596 1.06366 1.18777 1.36601 1.14866 1.19889 1.21768 1.20405 1.20405 1.21768 1.19889 1.14866 1.06215 1.02977 1.01093 1.00328 1.00325 1.01081 1.02942 1.06159 1.02918 1.00657 1.00086 0.999851 0.999851 1.00086 1.00657 
0 0 0 0 1 0.999991 0.999951 0.999888 1.00145 1.00009 0.999885 0.999946 0.999946 0.999884 1.00009 1.00152 1.04299 1.04138 1.03333 1.02507 1.02482 1.03293 1.04087 1.04289 1.36045 1.18523 1.0629 1.02567 1.02596 1.06366 1.18777 1.36601 1.14867 1.19888 1.21766 1.20403 1.20405 1.21768 1.19889 1.14866 1.06159 1.02942 1.01081 1.00325 1.00328 1.01093 1.02977 1.06215 1.02918 1.00657 1.00086 0.999851 0 0 0 
0 0 0 0 0.999988 0.999988 1.00024 1.00099 1.01635 1.00443 1.0005 0.999831 0.99983 1.00049 1.00442 1.0168 1.2099 1.20982 1.17694 1.14235 1.14117 1.17503 1.20747 1.20902 2.06505 1.70116 1.30037 1.15159 1.15288 1.30368 1.71041 2.08132 1.67722 1.87765 1.97637 1.93685 1.93691 1.97646 1.87768 1.6772 1.25463 1.13954 1.07382 1.03292 1.03312 1.07436 1.14105 1.25658 1.1395 1.04372 1.00769 1.00117 0 0 0 
0 0 0 0 0.999948 1.00032 1.00269 1.0133 1.11541 1.03651 1.00635 1.00068 1.00068 1.00633 1.03643 1.11725 1.7404 1.76498 1.6787 1.60229 1.59871 1.67351 1.75892 1.73839 3.32497 2.62699 1.94971 1.62093 1.62425 1.9551 2.63342 3.343 3.25736 4.01847 4.41632 4.44058 4.44055 4.41661 4.01877 3.25729 1.73518 1.46938 1.3263 1.20982 1.21052 1.3279 1.47289 1.73595 1.40563 1.19482 1.04891 1.01005 0 0 0 
