0 0 0 0 1.01114 1.06076 1.26941 1.826 2.84638 1.96417 1.33761 1.11056 1.11063 1.33784 1.96483 2.85333 4.06813 4.39495 3.84027 3.40892 3.40357 3.82991 4.38224 4.05722 2.80419 2.01371 1.78117 2.05583 2.05373 1.78462 2.01778 2.80102 2.18322 2.92886 4.10258 4.80133 4.79121 4.08635 2.91354 2.1643 1.48727 1.27024 1.12094 1.03627 1.03676 1.12097 1.27028 1.49026 1.34387 1.09348 1.01462 1.0016 0 0 0 
0 0 0 0 1.00402 1.02825 1.13344 1.27461 1.44883 1.22567 1.07738 1.02091 1.02087 1.07718 1.22521 1.44926 1.81279 1.89802 1.70507 1.55926 1.55869 1.70385 1.8969 1.81252 1.53922 1.23719 1.13593 1.22748 1.22603 1.13551 1.23615 1.5357 1.3287 1.98914 2.94297 3.29102 3.29666 2.94778 1.99483 1.32966 1.08974 1.05851 1.02506 1.00557 1.00566 1.02506 1.05851 1.09063 1.07544 1.01832 1.00239 1.00014 0 0 0 
0 0 0 0 1.00052 1.00488 1.0295 1.06627 1.07371 1.03653 1.0115 1.00236 1.00235 1.01145 1.03636 1.07354 1.13348 1.14855 1.10838 1.07718 1.07712 1.10821 1.14854 1.13374 1.11281 1.04429 1.01552 1.0385 1.03818 1.01541 1.04397 1.11185 1.09743 1.43101 1.97865 2.0076 2.01493 1.98887 1.43588 1.09826 1.0122 1.00949 1.00365 1.00067 1.00069 1.00365 1.00949 1.0123 1.01079 1.00242 1.00018 0.99994 0 0 0 
0 0 0 0 0.999861 1.00055 1.00453 1.01213 1.00891 1.00352 1.00081 0.999858 0.999855 1.0008 1.00349 1.00884 1.0152 1.01504 1.01006 1.00609 1.00609 1.01003 1.01506 1.01528 1.01894 1.00684 1.00258 1.0053 1.00524 1.00256 1.00676 1.01875 1.02432 1.13433 1.3465 1.36587 1.3686 1.35066 1.13592 1.02454 1.00123 1.00087 1.00026 0.999932 0.999932 1.00026 1.00087 1.00123 1.00121 1.00013 0.99994 0.999979 0 0 0 
1.01213 1.00453 1.00055 0.999861 0.999861 1.00055 1.00453 1.01213 1.00891 1.00352 1.00081 0.999858 0.999858 1.00081 1.00352 1.00891 1.01528 1.01506 1.01003 1.00609 1.00609 1.01003 1.01506 1.01528 1.01894 1.00684 1.00258 1.0053 1.0053 1.00258 1.00684 1.01894 1.02454 1.13592 1.35066 1.3686 1.3686 1.35066 1.13592 1.02454 1.00123 1.00087 1.00026 0.999932 0.999932 1.00026 1.00087 1.00123 1.00121 1.00013 0.99994 0.999979 0.999979 0.99994 1.00013 
1.06627 1.0295 1.00488 1.00052 1.00052 1.00488 1.0295 1.06627 1.07371 1.03653 1.0115 1.00236 1.00236 1.0115 1.03653 1.07371 1.13374 1.14854 1.10821 1.07712 1.07712 1.10821 1.14854 1.13374 1.11281 1.04429 1.01552 1.0385 1.0385 1.01552 1.04429 1.11281 1.09826 1.43588 1.98887 2.01493 2.01493 1.98887 1.43588 1.09826 1.0123 1.00949 1.00365 1.00069 1.00067 1.00365 1.00949 1.0123 1.01079 1.00242 1.00018 0.99994 0.99994 1.00018 1.00242 
1.27461 1.13344 1.02825 1.00402 1.00402 1.02825 1.13344 1.27461 1.44883 1.22567 1.07738 1.02091 1.02091 1.07738 1.22567 1.44883 1.81252 1.8969 1.70385 1.55869 1.55869 1.70385 1.8969 1.81252 1.53922 1.23719 1.13593 1.22748 1.22748 1.13593 1.23719 1.53922 1.32966 1.99483 2.94778 3.29666 3.29666 2.94778 1.99483 1.32966 1.09063 1.05851 1.02506 1.00566 1.00557 1.02506 1.05851 1.09063 1.07544 1.01832 1.00239 1.00014 1.00014 1.00239 1.01832 
1.826 1.26941 1.06076 1.01114 1.01114 1.06076 1.26941 1.826 2.84638 1.96417 1.33761 1.11056 1.11056 1.33761 1.96417 2.84638 4.05722 4.38224 3.82991 3.40357 3.40357 3.82991 4.38224 4.05722 2.80419 2.01371 1.78117 2.05583 2.05583 1.78117 2.01371 2.80419 2.1643 2.91354 4.08635 4.79121 4.79121 4.08635 2.91354 2.1643 1.49026 1.27028 1.12097 1.03676 1.03627 1.12094 1.27028 1.49026 1.34387 1.09348 1.01462 1.0016 1.0016 1.01462 1.09348 
3.62364 1.96092 1.25874 1.05339 1.05368 1.25994 1.96568 3.64005 5.61322 3.59395 1.94393 1.35866 1.35432 1.93407 3.584 5.60641 7.73127 8.44453 7.64467 6.80968 6.80968 7.64467 8.44453 7.73127 5.73955 4.78348 4.0937 4.34763 4.38978 4.12403 4.88716 5.73814 6.23046 6.77787 6.94688 7.06602 7.06555 6.95112 6.81138 6.29403 2.56082 1.79341 1.33854 1.19044 1.20463 1.36153 1.82801 2.62263 1.79194 1.19454 1.01846 1.00039 1.0004 1.01847 1.19425 
2.26226 1.50473 1.11656 1.01951 1.0194 1.11606 1.50269 2.26176 2.86963 1.95632 1.28629 1.08053 1.0805 1.28609 1.9543 2.87064 4.02487 4.41543 3.86394 3.3055 3.3055 3.86394 4.41543 4.02487 2.92762 2.45542 1.96255 2.12459 2.14026 1.95718 2.50164 2.90979 2.97516 3.20406 3.18771 3.15455 3.13846 3.17454 3.2013 2.98153 1.43172 1.15307 1.0353 1.01471 1.0156 1.03653 1.15574 1.43987 1.16523 1.02091 0.998742 0.999342 0.999345 0.998742 1.02112 
1.40667 1.15836 1.02848 1.0034 1.00338 1.02836 1.15777 1.40683 1.46694 1.20646 1.04613 1.00904 1.00905 1.04612 1.20624 1.46702 1.82138 1.95249 1.74129 1.52353 1.52353 1.74129 1.95249 1.82138 1.47325 1.28054 1.14774 1.22336 1.23218 1.14926 1.29465 1.47909 1.55096 1.63025 1.62917 1.59394 1.58993 1.62598 1.63008 1.55357 1.06072 1.00492 0.994264 0.998859 0.998951 0.994353 1.00548 1.06284 1.01998 1.00101 0.999681 0.999951 0.99995 0.999681 1.00105 
1.11247 1.03799 1.00513 1.00015 1.00014 1.00511 1.03791 1.11251 1.09089 1.03342 1.00529 1.00007 1.00008 1.0053 1.03343 1.09091 1.17948 1.22038 1.16003 1.09106 1.09106 1.16003 1.22038 1.17948 1.08946 1.03631 1.01282 1.04126 1.0436 1.01322 1.03914 1.09303 1.11854 1.1541 1.16459 1.16268 1.16164 1.16361 1.15412 1.11903 1.0046 0.996619 0.997765 0.999834 0.999839 0.99778 0.996667 1.00487 1.00157 0.99999 1.00002 1 1 1.00002 0.999993 
1.11251 1.03791 1.00511 1.00014 1.00014 1.00511 1.03791 1.11251 1.09089 1.03342 1.00529 1.00007 1.00007 1.00529 1.03342 1.09089 1.17807 1.21924 1.15804 1.09007 1.09106 1.16003 1.22038 1.17948 1.09303 1.03914 1.01322 1.0436 1.0436 1.01322 1.03914 1.09303 1.11903 1.15412 1.16361 1.16164 1.16164 1.1636 1.15313 1.11831 1.00487 0.996667 0.99778 0.999839 0.99986 0.997883 0.996619 1.00487 1.00157 0.999993 1.00002 1 1 1.00002 0.99999 
1.40683 1.15777 1.02836 1.00338 1.00338 1.02836 1.15777 1.40683 1.46694 1.20646 1.04613 1.00904 1.00904 1.04613 1.20646 1.46694 1.81274 1.94842 1.73552 1.52052 1.52353 1.74129 1.95249 1.82138 1.47909 1.29465 1.14926 1.23218 1.23218 1.14926 1.29465 1.47909 1.55357 1.63008 1.62598 1.58993 1.58994 1.62596 1.62717 1.55116 1.06284 1.00548 0.994353 0.998951 0.999125 0.994989 1.00492 1.06284 1.01998 1.00105 0.999681 0.99995 0.999951 0.999681 1.00101 
2.26176 1.50269 1.11606 1.0194 1.0194 1.11606 1.50269 2.26176 2.86963 1.95632 1.28629 1.08053 1.08053 1.28629 1.95632 2.86963 3.97854 4.39187 3.83666 3.28827 3.3055 3.86394 4.41543 4.02487 2.90979 2.50164 1.95718 2.14026 2.14026 1.95718 2.50164 2.90979 2.98153 3.2013 3.17454 3.13846 3.13855 3.17447 3.19392 2.97583 1.43987 1.15574 1.03653 1.0156 1.01703 1.04061 1.15307 1.43987 1.16528 1.02112 0.998742 0.999345 0.999342 0.998742 1.02091 
3.64005 1.96568 1.25994 1.05368 1.05368 1.25994 1.96568 3.64005 5.61322 3.59395 1.94393 1.35866 1.35866 1.94393 3.59395 5.61322 7.81371 8.59951 7.7878 6.94424 6.80968 7.64467 8.44453 7.73127 5.73814 4.88716 4.12403 4.38978 4.38978 4.12403 4.88716 5.73814 6.29403 6.81138 6.95112 7.06555 7.06686 6.95255 6.79112 6.27714 2.62263 1.82801 1.36153 1.20463 1.21981 1.39094 1.79341 2.62263 1.79225 1.19425 1.01847 1.0004 1.00039 1.01846 1.19454 
7.62858 3.75887 1.8597 1.25975 1.25975 1.8597 3.75887 7.62858 11.3266 7.81157 4.36973 2.80295 2.80295 4.36973 7.81157 11.3266 14.7218 16.3396 16.0452 15.335 15.4925 16.2464 16.4321 14.8367 10.7512 10.0856 9.67214 9.88474 9.97991 9.79068 10.1881 10.8136 10.3278 10.88 11.5482 12.2397 12.2378 11.6648 10.7564 10.2759 6.36036 4.7991 3.39683 2.55534 2.54375 3.37734 4.7991 6.36036 5.1271 2.91497 1.53775 1.12056 1.12056 1.53775 2.91497 
7.84071 4.03013 1.96808 1.33176 1.33176 1.96808 4.03013 7.84071 10.9299 8.10186 4.60679 2.93796 2.93796 4.60679 8.10186 10.9299 11.9581 12.6048 11.3811 10.0286 10.0182 11.4182 12.6272 12.0144 10.1642 9.75547 8.64909 8.12723 8.12389 8.6361 9.71587 10.123 9.31399 9.67475 9.87889 10.344 10.3485 9.92861 9.6613 9.35253 5.9389 4.71779 3.20485 2.08812 2.09439 3.22041 4.71779 5.9389 4.27809 2.42608 1.40092 1.07197 1.07197 1.40092 2.42608 
7.13981 3.665 1.83645 1.25642 1.25642 1.83645 3.665 7.13981 10.0984 7.69012 4.24849 2.57758 2.57758 4.24849 7.69012 10.0984 9.90624 10.0702 8.32062 6.63717 6.62214 8.34206 10.0982 9.95619 9.58413 9.84176 8.56854 7.34918 7.34431 8.54422 9.81287 9.55172 7.94075 8.49651 9.09889 9.87347 9.87546 9.13809 8.4847 7.98635 4.74696 3.79445 2.57217 1.62178 1.62643 2.58089 3.79445 4.74696 3.28744 1.87139 1.22091 1.03267 1.03267 1.22091 1.87139 
6.43027 3.32752 1.71033 1.18644 1.18644 1.71033 3.32752 6.43027 9.15392 6.94667 3.62498 2.09836 2.09836 3.62498 6.94667 9.15392 8.81554 8.911 7.09495 5.26573 5.25782 7.11009 8.93196 8.83876 9.9757 12.0928 11.3471 8.85389 8.8519 11.325 12.0858 9.95631 6.63567 7.75317 8.91406 10.0974 10.0997 8.9436 7.75442 6.66897 3.34572 2.59464 1.7519 1.23521 1.23663 1.75634 2.59464 3.34572 2.25919 1.36387 1.06961 1.00707 1.00707 1.06961 1.36387 
6.44087 3.32549 1.7088 1.1856 1.18644 1.71033 3.32752 6.43027 9.15392 6.94667 3.62498 2.09836 2.1006 3.64155 6.99113 9.18368 8.83876 8.93196 7.11009 5.25782 5.25782 7.11009 8.93196 8.83876 9.95631 12.0858 11.325 8.8519 8.85389 11.3471 12.0928 9.9757 6.66897 7.75442 8.93811 10.0974 10.0974 8.93811 7.76537 6.67313 3.35692 2.59491 1.75168 1.23526 1.23521 1.7519 2.59464 3.34572 2.25919 1.36387 1.06961 1.00707 1.00721 1.0708 1.36932 
7.16212 3.66132 1.83343 1.25485 1.25642 1.83645 3.665 7.13981 10.0984 7.69012 4.24849 2.57758 2.56863 4.2337 7.71217 10.1073 9.95619 10.0982 8.34206 6.62214 6.62214 8.34206 10.0982 9.95619 9.55172 9.81287 8.54422 7.34431 7.34918 8.56854 9.84176 9.58413 7.98635 8.4847 9.13568 9.87347 9.87347 9.13568 8.5171 7.97231 4.76877 3.79508 2.57131 1.62171 1.62178 2.57217 3.79445 4.74696 3.28744 1.87139 1.22091 1.03267 1.03303 1.22317 1.88033 
7.87179 4.02727 1.9645 1.32969 1.33176 1.96808 4.03013 7.84071 10.9299 8.10186 4.60679 2.93796 2.92753 4.59176 8.10999 10.9417 12.0144 12.6272 11.4182 10.0182 10.0182 11.4182 12.6272 12.0144 10.123 9.71587 8.6361 8.12389 8.12723 8.64909 9.75547 10.1642 9.35253 9.6613 9.92599 10.344 10.344 9.92599 9.69301 9.33344 5.97465 4.71907 3.20394 2.08801 2.08812 3.20485 4.71779 5.9389 4.27809 2.42608 1.40092 1.07197 1.07222 1.4028 2.43389 
7.69154 3.7719 1.86132 1.25915 1.25975 1.8597 3.75887 7.62858 11.3266 7.81157 4.36973 2.80295 2.79919 4.36155 7.84088 11.4521 14.8367 16.4321 16.2464 15.4925 15.4925 16.2464 16.4321 14.8367 10.8136 10.1881 9.79068 9.97991 9.88474 9.67214 10.0856 10.7512 10.2759 10.7564 11.6726 12.2397 12.2397 11.6726 10.9701 10.3958 6.40869 4.80219 3.39778 2.55536 2.55534 3.39683 4.7991 6.36036 5.1271 2.91497 1.53775 1.12056 1.12153 1.54375 2.93989 
11.402 5.69866 2.64054 1.50549 1.50575 2.63852 5.6878 11.3465 16.8631 11.5541 6.71579 4.39231 4.42206 6.7785 11.6031 16.9549 22.4416 25.4469 26.6456 26.8608 26.8608 26.6456 25.4469 22.4416 19.106 19.5579 20.1933 20.3037 20.3037 20.1933 19.5579 19.106 19.2008 22.4537 24.5575 25.2465 25.2465 24.5575 22.4537 19.2008 13.6619 11.6782 9.40116 7.43913 7.43805 9.40155 11.6818 13.6645 11.0984 6.07211 2.67907 1.49133 1.49131 2.67901 6.06352 
12.4484 6.11617 2.73686 1.51864 1.5195 2.73533 6.1026 12.3652 18.2352 12.2415 7.01483 4.59726 4.61886 7.05659 12.2368 18.2709 24.8608 28.467 30.0202 30.6163 30.6163 30.0202 28.467 24.8608 20.5527 20.1606 20.7206 21.1731 21.1731 20.7206 20.1606 20.5527 22.8916 27.4992 29.6294 30.2342 30.2342 29.6294 27.4992 22.8916 15.3579 13.2755 11.1167 9.11757 9.11696 11.1165 13.2764 15.3579 11.9314 6.27144 2.75715 1.53262 1.53261 2.75717 6.28552 
13.1349 6.41147 2.8098 1.53544 1.53672 2.80954 6.40197 13.0551 19.2455 12.5842 6.99192 4.58856 4.60752 7.02391 12.5738 19.2651 26.6316 30.5357 32.0734 32.7115 32.7115 32.0734 30.5357 26.6316 20.9887 19.5074 20.0929 21.3212 21.3212 20.0929 19.5074 20.9887 25.0547 30.2036 32.3285 32.9179 32.9179 32.3285 30.2036 25.0547 16.4189 14.2794 12.1246 10.0411 10.0397 12.1243 14.2807 16.419 12.4884 6.31041 2.77614 1.56752 1.56751 2.77613 6.32417 
13.3812 6.46776 2.804 1.53433 1.53541 2.80501 6.46538 13.3345 19.9352 12.5755 6.71467 4.41074 4.42297 6.73064 12.5446 19.9625 27.6509 31.5656 33.0132 33.4791 33.4791 33.0132 31.5656 27.6509 21.4026 19.4754 20.2215 21.601 21.601 20.2215 19.4754 21.4026 26.055 31.0647 33.1126 33.6963 33.6963 33.1126 31.0647 26.055 17.2947 14.8442 12.1969 10.1111 10.1111 12.1946 14.8459 17.2947 12.9632 6.45155 2.85042 1.60027 1.60025 2.8504 6.45961 
13.3345 6.46538 2.80501 1.53541 1.53541 2.80501 6.46538 13.3345 19.9625 12.5446 6.73064 4.42297 4.41074 6.71467 12.5755 19.9352 27.6396 31.5423 32.9944 33.4676 33.4791 33.0132 31.5656 27.6509 21.3933 19.4697 20.2064 21.6187 21.601 20.2215 19.4754 21.4026 26.055 31.0647 33.1126 33.6963 33.6981 33.1154 31.0672 26.057 17.2947 14.8459 12.1946 10.1111 10.1111 12.1946 14.8459 17.2947 12.9632 6.45155 2.85042 1.60027 1.60027 2.85042 6.45155 
13.0551 6.40197 2.80954 1.53672 1.53672 2.80954 6.40197 13.0551 19.2651 12.5738 7.02391 4.60752 4.58856 6.99192 12.5842 19.2455 26.6086 30.4908 32.0379 32.6946 32.7115 32.0734 30.5357 26.6316 20.9825 19.5014 20.0737 21.3452 21.3212 20.0929 19.5074 20.9887 25.0547 30.2036 32.3285 32.9179 32.922 32.3351 30.2073 25.0715 16.419 14.2807 12.1243 10.0397 10.0397 12.1243 14.2807 16.419 12.4884 6.31041 2.77614 1.56752 1.56752 2.77614 6.31041 
12.3652 6.1026 2.73533 1.5195 1.5195 2.73533 6.1026 12.3652 18.2709 12.2368 7.05659 4.61886 4.59726 7.01483 12.2415 18.2352 24.8481 28.4267 29.989 30.5983 30.6163 30.0202 28.467 24.8608 20.5522 20.1584 20.7168 21.1853 21.1731 20.7206 20.1606 20.5527 22.8916 27.4992 29.6294 30.2342 30.2463 29.6493 27.5174 22.907 15.3579 13.2764 11.1165 9.11696 9.11696 11.1165 13.2764 15.3579 11.9314 6.27144 2.75715 1.53262 1.53262 2.75715 6.27144 
11.3465 5.6878 2.63852 1.50575 1.50575 2.63852 5.6878 11.3465 16.9549 11.6031 6.7785 4.42206 4.39231 6.71579 11.5541 16.8631 22.4927 25.4831 26.7034 26.9274 26.8608 26.6456 25.4469 22.4416 19.2511 19.7386 20.3764 20.4661 20.3037 20.1933 19.5579 19.106 19.2008 22.4537 24.5575 25.2465 25.2598 24.5786 22.489 19.1984 13.6645 11.6818 9.40155 7.43805 7.43805 9.40155 11.6818 13.6645 11.0984 6.07211 2.67907 1.49133 1.49133 2.67907 6.07211 
12.0324 5.82464 2.70579 1.60617 1.60617 2.70579 5.85418 12.0863 18.4472 12.3255 7.67005 4.86827 4.90791 7.72908 12.3602 18.374 25.8896 28.7045 30.4742 31.0415 31.0415 30.4742 28.6878 25.8075 27.986 30.9781 31.7495 31.3243 31.3961 31.8058 31.0146 28.0444 23.3533 27.5369 30.0285 30.984 30.9981 30.0612 27.5899 23.3458 15.0668 12.2073 9.17198 6.48884 6.44827 9.11958 12.1911 15.017 11.7649 6.30675 2.77188 1.53194 1.53391 2.77667 6.316 
13.0656 6.28132 2.92138 1.71597 1.71597 2.92138 6.3301 13.1427 19.9013 13.4635 8.5193 5.48416 5.53535 8.59177 13.5102 19.8369 27.7152 30.4896 32.1671 32.7416 32.7416 32.1671 30.4905 27.6094 29.1648 31.5457 32.4309 32.5626 32.5583 32.4238 31.5344 29.2169 25.7583 29.0468 31.2264 32.2693 32.2604 31.217 29.0352 25.6997 17.8146 14.5041 11.057 8.09186 8.06268 11.0318 14.5375 17.8202 13.1936 6.58767 2.84394 1.57457 1.57613 2.84415 6.57677 
13.9164 6.8096 3.10313 1.78379 1.78379 3.10313 6.85266 13.9866 20.7599 13.8911 8.60036 5.53607 5.5814 8.66925 13.9348 20.6983 28.8531 31.5905 33.2716 33.861 33.861 33.2716 31.5739 28.7345 29.8183 31.6768 32.6047 33.0255 33.0211 32.5967 31.6688 29.8692 27.1264 30.0766 32.1229 33.2089 33.1997 32.1033 30.0553 27.0719 19.3595 15.666 11.861 8.88679 8.85883 11.8342 15.6985 19.3619 13.9411 6.66504 2.86724 1.61105 1.61258 2.86736 6.65393 
14.0538 6.83163 3.04487 1.69998 1.69998 3.04487 6.85171 14.0934 21.0796 13.5786 7.90996 5.21732 5.24018 7.94074 13.6164 21.0263 29.3404 31.8967 33.5869 34.159 34.159 33.5869 31.8956 29.2432 30.1511 31.6896 32.6264 33.1692 33.1665 32.6224 31.6856 30.1768 27.7767 30.7993 32.8146 33.6719 33.666 32.8008 30.7845 27.7328 20.1997 16.1408 11.7772 9.169 9.15234 11.7645 16.16 20.2 14.4652 6.90631 2.98419 1.65332 1.65402 2.98394 6.89782 
14.0934 6.85171 3.0541 1.70359 1.69998 3.04487 6.83163 14.0538 21.0263 13.6164 7.94074 5.24018 5.21732 7.90996 13.5784 21.0378 29.3404 31.8967 33.5869 34.159 34.1629 33.5935 31.8967 29.3404 30.1768 31.6856 32.6224 33.1665 33.1665 32.6224 31.6856 30.1768 27.7328 30.7845 32.8008 33.666 33.6719 32.8146 30.7993 27.7767 20.2 16.16 11.7645 9.15234 9.169 11.7772 16.1408 20.1997 14.4633 6.89782 2.98394 1.65402 1.65332 2.98419 6.90631 
13.9866 6.85266 3.12146 1.79118 1.78379 3.10313 6.8096 13.9164 20.6983 13.9348 8.66925 5.5814 5.53607 8.60036 13.8763 20.7206 28.8531 31.5905 33.2716 33.861 33.8677 33.288 31.5905 28.8531 29.8692 31.6688 32.5967 33.0211 33.0211 32.5967 31.6688 29.8692 27.0719 30.0553 32.1033 33.1997 33.2089 32.1229 30.0766 27.1264 19.3619 15.6985 11.8342 8.85883 8.88679 11.861 15.666 19.3595 13.9313 6.65393 2.86736 1.61258 1.61105 2.86724 6.66504 
13.1427 6.3301 2.94264 1.72395 1.71597 2.92138 6.28132 13.0656 19.8369 13.5102 8.59177 5.53535 5.48416 8.5193 13.452 19.8615 27.7152 30.4896 32.1671 32.7416 32.741 32.172 30.4896 27.7152 29.2169 31.5344 32.4238 32.5583 32.5583 32.4238 31.5344 29.2169 25.6997 29.0352 31.217 32.2604 32.2693 31.2264 29.0468 25.7583 17.8202 14.5375 11.0318 8.06268 8.09186 11.057 14.5041 17.8146 13.1799 6.57677 2.84415 1.57613 1.57457 2.84394 6.58767 
12.0863 5.85418 2.71867 1.61118 1.60617 2.70579 5.82464 12.0324 18.374 12.3602 7.72908 4.90791 4.86827 7.67005 12.2853 18.3749 25.8896 28.7045 30.4742 31.0415 31.0735 30.5139 28.7045 25.8896 28.0444 31.0146 31.8058 31.3961 31.3961 31.8058 31.0146 28.0444 23.3458 27.5899 30.0612 30.9981 30.984 30.0285 27.5369 23.3533 15.017 12.1911 9.11958 6.44827 6.48884 9.17198 12.2073 15.0668 11.7893 6.316 2.77667 1.53391 1.53194 2.77188 6.30675 
8.98115 4.04306 1.9019 1.22393 1.22393 1.9019 4.04306 8.98115 15.01 8.61664 4.17642 2.46455 2.46455 4.17642 8.61664 15.01 24.7691 27.9147 30.1495 30.8542 30.8542 30.1495 27.9147 24.7691 26.3349 30.4052 31.856 31.8188 31.7757 31.8136 30.3554 26.3519 20.6426 26.5117 30.0316 31.2955 31.3137 30.028 26.5342 20.8514 8.56786 6.08611 4.17593 3.03535 3.03367 4.16887 6.05226 8.53822 5.51248 2.84856 1.45806 1.10555 1.10634 1.46202 2.86372 
8.39155 3.68717 1.72444 1.1467 1.1467 1.72444 3.68717 8.39155 14.5871 7.77242 3.41919 1.90601 1.90601 3.41919 7.77242 14.5871 25.4824 29.0766 31.6031 32.3242 32.3242 31.6031 29.0766 25.4824 26.3228 30.531 32.1688 32.617 32.6084 32.1513 30.5137 26.4105 20.4093 26.856 30.7769 32.3367 32.3866 30.8112 26.8745 20.6597 7.59261 5.52974 3.90413 2.77712 2.79425 3.92077 5.52842 7.59253 4.63364 2.44021 1.34695 1.06158 1.06136 1.34674 2.44145 
7.92825 3.35422 1.57735 1.09965 1.09965 1.57735 3.35422 7.92825 14.3675 7.38967 3.12985 1.70334 1.70334 3.12985 7.38967 14.3675 25.7917 29.582 32.4367 33.2939 33.2939 32.4367 29.582 25.7917 26.2509 30.5465 32.3484 33.0563 33.048 32.3316 30.5322 26.3423 20.08 26.9333 31.1101 32.7659 32.819 31.1488 26.9364 20.3314 6.79676 5.01887 3.55629 2.44874 2.46579 3.57297 5.02108 6.79427 3.87523 1.96441 1.19582 1.0261 1.02613 1.19646 1.96818 
7.71067 3.17482 1.49547 1.07687 1.07687 1.49547 3.17482 7.71067 14.2968 7.23604 3.01659 1.62022 1.62022 3.01659 7.23604 14.2968 25.9265 29.7942 32.7141 33.5781 33.5781 32.7141 29.7942 25.9265 26.2707 30.5747 32.3947 33.1557 33.1501 32.3859 30.5667 26.3228 19.914 27.0409 31.3332 32.9083 32.9334 31.3559 27.0342 20.1263 6.3489 4.4118 2.91548 1.93496 1.94262 2.9267 4.41464 6.34775 3.47154 1.69976 1.12899 1.01672 1.01671 1.12924 1.70198 
7.69397 3.17244 1.49477 1.07671 1.07687 1.49547 3.17482 7.71067 14.2968 7.23604 3.0051 1.61571 1.62022 3.01659 7.26895 14.1752 25.9265 29.7942 32.7141 33.5781 33.5759 32.7109 29.754 26.0656 26.3228 30.5667 32.3859 33.1501 33.1501 32.3859 30.5667 26.3228 20.1263 27.0342 31.3869 32.9334 32.9083 31.3332 27.024 20.0134 6.34775 4.41464 2.9267 1.94262 1.94036 2.92082 4.41464 6.34775 3.48961 1.70198 1.12924 1.01671 1.01672 1.12899 1.69976 
7.90052 3.34761 1.57539 1.09919 1.09965 1.57735 3.35422 7.92825 14.3675 7.38967 3.10859 1.69496 1.70334 3.12985 7.43519 14.2405 25.7917 29.582 32.4367 33.2939 33.2904 32.4302 29.5451 25.912 26.3423 30.5322 32.3316 33.048 33.048 32.3316 30.5322 26.3423 20.3314 26.9364 31.1955 32.819 32.7659 31.1101 26.9157 20.1957 6.79427 5.02108 3.57297 2.46579 2.46343 3.5678 5.02108 6.79427 3.90414 1.96818 1.19646 1.02613 1.0261 1.19582 1.96441 
8.35722 3.67769 1.7215 1.14592 1.1467 1.72444 3.68717 8.39155 14.5871 7.77242 3.38884 1.89334 1.90601 3.41919 7.82443 14.4679 25.4824 29.0766 31.6031 32.3242 32.32 31.5995 29.0632 25.6008 26.4105 30.5137 32.1513 32.6084 32.6084 32.1513 30.5137 26.4105 20.6597 26.8745 30.8606 32.3866 32.3367 30.7769 26.8461 20.5215 7.59253 5.52842 3.92077 2.79425 2.79419 3.9208 5.52842 7.59253 4.66334 2.44145 1.34674 1.06136 1.06158 1.34695 2.44021 
8.91278 4.01716 1.89313 1.22147 1.22393 1.9019 4.04306 8.98115 15.01 8.61664 4.15376 2.45522 2.46455 4.17642 8.65152 14.8846 24.7691 27.9147 30.1495 30.8542 30.8645 30.1636 27.944 24.8889 26.3519 30.3554 31.8136 31.7757 31.7757 31.8136 30.3554 26.3519 20.8514 26.5342 30.0776 31.3137 31.2955 30.0316 26.5046 20.703 8.53822 6.05226 4.16887 3.03367 3.03632 4.17514 6.05226 8.53822 5.56699 2.86372 1.46202 1.10634 1.10555 1.45806 2.84856 
7.04853 2.90976 1.43212 1.06823 1.06835 1.43295 2.91277 7.06982 13.1997 7.20232 3.25084 1.84942 1.87565 3.31859 7.32122 13.1971 22.7696 25.1363 26.4609 27.1034 27.0884 26.4387 25.1198 22.8523 23.0535 25.7787 26.4936 26.5631 26.5631 26.4936 25.7787 23.0535 19.2167 24.518 27.8877 29.3834 29.4605 27.997 24.6086 19.247 8.72238 5.81626 3.93585 3.33711 3.34233 3.94818 5.81626 8.72238 5.6823 3.13877 1.95131 1.37951 1.36984 1.93782 3.13877 
7.2483 3.01411 1.46464 1.07147 1.07155 1.46577 3.02075 7.28866 13.6401 7.40679 3.27878 1.82945 1.8503 3.33423 7.4879 13.5825 23.8862 27.2826 29.2396 30.2063 30.2104 29.2417 27.2705 23.9141 22.2915 25.1661 26.798 27.5132 27.5132 26.798 25.1661 22.2915 18.9516 24.2551 27.8218 29.711 29.7659 27.8992 24.2964 18.9373 8.29338 5.08015 2.81907 1.984 1.98205 2.81609 5.08015 8.29338 5.44421 2.94007 1.68311 1.17982 1.17998 1.6854 2.94007 
7.42853 3.11237 1.49219 1.07576 1.07579 1.49313 3.1185 7.46892 13.8252 7.50185 3.30257 1.83319 1.85374 3.35673 7.5831 13.7722 24.2497 28.325 30.8676 32.033 32.0332 30.864 28.3041 24.2427 21.4757 24.2715 26.1364 27.2629 27.2629 26.1364 24.2715 21.4757 18.1894 23.7264 27.7462 30.0646 30.1176 27.8272 23.7627 18.1695 7.73969 4.50984 2.2194 1.43087 1.43 2.21635 4.50984 7.73969 5.08797 2.67203 1.49216 1.10283 1.10378 1.49579 2.67203 
7.50073 3.12842 1.48373 1.07218 1.07213 1.48393 3.1308 7.52628 13.844 7.40837 3.20491 1.75838 1.77134 3.23702 7.46337 13.795 24.3754 28.7107 31.4941 32.6523 32.6502 31.4886 28.6898 24.401 21.2675 23.9998 25.8859 27.1886 27.1886 25.8859 23.9998 21.2675 17.6786 23.8056 28.2574 30.5461 30.573 28.3075 23.8277 17.6642 7.08575 4.01128 1.92219 1.24775 1.24731 1.92061 4.01128 7.08575 4.5133 2.28424 1.31004 1.05241 1.05288 1.31217 2.28424 
7.52628 3.1308 1.48393 1.07213 1.07213 1.48393 3.1308 7.52628 13.795 7.46337 3.23702 1.77134 1.77134 3.23702 7.46337 13.795 24.3754 28.7107 31.4886 32.6502 32.6523 31.4941 28.7107 24.3754 21.3118 24.0215 25.8976 27.1933 27.1886 25.8859 23.9998 21.2675 17.7201 23.7721 28.2066 30.5182 30.5461 28.2574 23.8056 17.6786 7.08562 4.02975 1.92694 1.24872 1.24775 1.92219 4.01128 7.08575 4.5133 2.28424 1.31217 1.05288 1.05241 1.31004 2.2774 
7.46892 3.1185 1.49313 1.07579 1.07579 1.49313 3.1185 7.46892 13.7722 7.5831 3.35673 1.85374 1.85374 3.35673 7.5831 13.7722 24.2497 28.325 30.864 32.0332 32.033 30.8676 28.325 24.2497 21.5468 24.3164 26.1609 27.2717 27.2629 26.1364 24.2715 21.4757 18.2453 23.6808 27.6649 30.0105 30.0646 27.7462 23.7264 18.1894 7.7399 4.54281 2.22903 1.43376 1.43087 2.2194 4.50984 7.73969 5.08797 2.67203 1.49579 1.10378 1.10283 1.49216 2.66075 
7.28866 3.02075 1.46577 1.07155 1.07155 1.46577 3.02075 7.28866 13.5825 7.4879 3.33423 1.8503 1.8503 3.33423 7.4879 13.5825 23.8862 27.2826 29.2417 30.2104 30.2063 29.2396 27.2826 23.8862 22.3647 25.2144 26.8241 27.5237 27.5132 26.798 25.1661 22.2915 19.0057 24.2008 27.7441 29.6552 29.711 27.8218 24.2551 18.9516 8.29441 5.11139 2.82905 1.98738 1.984 2.81907 5.08015 8.29338 5.44421 2.94007 1.6854 1.17998 1.17982 1.68311 2.92849 
7.06982 2.91277 1.43295 1.06835 1.06835 1.43295 2.91277 7.06982 13.1971 7.32122 3.31859 1.87565 1.87565 3.31859 7.32122 13.1971 22.7696 25.1363 26.4387 27.0884 27.1034 26.4609 25.1363 22.7696 23.0516 25.7063 26.3812 26.4486 26.5631 26.4936 25.7787 23.0535 19.2605 24.4737 27.8288 29.3362 29.3834 27.8877 24.518 19.2167 8.73122 5.83825 3.95412 3.36086 3.33711 3.93585 5.81626 8.72238 5.6823 3.13877 1.93782 1.36984 1.37951 1.95131 3.14272 
4.03016 1.78362 1.13516 1.01516 1.01516 1.13516 1.78362 4.03016 8.01371 3.81998 1.7416 1.17286 1.17232 1.73947 3.81998 8.01371 14.4231 13.66 13.7646 13.6998 13.7056 13.7713 13.7204 14.4196 18.4162 17.2441 15.915 15.4271 15.289 15.758 17.0977 18.3298 18.0008 23.2144 26.1468 27.2996 27.2549 26.1045 23.2024 18.0352 10.3659 8.93466 8.54637 9.5447 9.4668 8.53157 8.94466 10.4032 6.70016 4.84676 3.83855 3.09605 3.09605 3.83855 4.84676 
3.35676 1.55265 1.07764 1.00649 1.00649 1.07764 1.55265 3.35676 7.04441 3.1011 1.45894 1.0682 1.06801 1.4582 3.1011 7.04441 13.5669 10.0738 7.96598 7.26508 7.25357 7.94533 10.034 13.4912 20.1261 18.5166 15.6512 13.9407 13.9227 15.613 18.5069 20.1285 18.7056 23.9537 26.9527 28.4468 28.4617 26.9753 23.9236 18.7573 12.0511 11.9586 12.6947 14.5455 14.4531 12.674 11.946 12.0481 8.20304 5.98273 4.69541 3.82148 3.82148 4.69541 5.98273 
2.9082 1.40108 1.05015 1.00324 1.00324 1.05015 1.40108 2.9082 6.30446 2.74897 1.36047 1.04769 1.04726 1.35887 2.74897 6.30446 13.2031 7.98269 4.66848 3.56875 3.56177 4.65733 7.94968 13.1249 21.8989 20.3668 16.7838 13.6498 13.6217 16.7447 20.3721 21.8979 19.5586 24.4653 27.636 29.242 29.2561 27.6556 24.4586 19.6201 13.7691 13.6745 14.1163 15.7834 15.6884 14.0966 13.6618 13.7582 9.67653 6.97853 5.41061 4.30585 4.30585 5.41061 6.97853 
2.69848 1.32567 1.03625 1.0019 1.0019 1.03625 1.32567 2.69848 5.97206 2.58902 1.30976 1.03916 1.03897 1.30905 2.58902 5.97206 13.0325 7.15579 3.53515 2.32492 2.32124 3.52854 7.13824 12.9598 22.7194 21.6598 18.6092 14.7816 14.7557 18.5954 21.666 22.7222 20.2684 24.6653 27.9601 29.8631 29.8709 27.9712 24.7008 20.3554 15.2552 14.5036 14.3212 14.9909 14.9382 14.312 14.4976 15.2467 11.0819 7.69571 5.3438 3.71351 3.71351 5.3438 7.69571 
2.70351 1.32649 1.03638 1.00191 1.0019 1.03625 1.32567 2.69848 5.95031 2.59603 1.30905 1.03897 1.03897 1.30905 2.58902 5.97206 13.0325 7.15579 3.52854 2.32124 2.32659 3.53515 7.15579 13.0325 22.7222 21.666 18.5954 14.7557 14.7816 18.6092 21.666 22.7222 20.3554 24.7008 27.9712 29.8709 29.8709 27.9712 24.6653 20.2684 15.2467 14.4976 14.304 14.883 14.9619 14.3056 14.5035 15.2886 11.0819 7.69571 5.3438 3.71351 3.69613 5.3298 7.69366 
2.91792 1.40282 1.05041 1.00327 1.00324 1.05015 1.40108 2.9082 6.28525 2.76086 1.35887 1.04726 1.04726 1.35887 2.74897 6.30446 13.2031 7.98269 4.65733 3.56177 3.57109 4.66848 7.98269 13.2031 21.8979 20.3721 16.7447 13.6217 13.6498 16.7838 20.3721 21.8979 19.6201 24.4586 27.6556 29.2561 29.2561 27.6556 24.4653 19.5586 13.7582 13.6618 14.0786 15.5876 15.7356 14.0828 13.6797 13.8202 9.67653 6.97853 5.41061 4.30585 4.26752 5.39331 6.98019 
3.3632 1.55349 1.07776 1.0065 1.00649 1.07764 1.55265 3.35676 7.02293 3.11078 1.4582 1.06801 1.06801 1.4582 3.1011 7.04441 13.5669 10.0738 7.94533 7.25357 7.27029 7.96598 10.0738 13.5669 20.1285 18.5069 15.613 13.9227 13.9407 15.6512 18.5069 20.1285 18.7573 23.9236 26.9753 28.4617 28.4617 26.9753 23.9537 18.7056 12.0481 11.946 12.6552 14.355 14.4885 12.6559 11.9649 12.1094 8.20304 5.98273 4.69541 3.82148 3.78798 4.68117 5.98705 
4.01085 1.77801 1.13414 1.01503 1.01516 1.13516 1.78362 4.03016 8.03148 3.83694 1.73947 1.17232 1.17232 1.73947 3.81998 8.01371 14.4231 13.66 13.7713 13.7056 13.6252 13.7646 13.66 14.4231 18.3298 17.0977 15.758 15.289 15.4271 15.915 17.0977 18.3298 18.0352 23.2024 26.1045 27.2549 27.2549 26.1045 23.2144 18.0008 10.4032 8.94466 8.51692 9.38645 9.51233 8.53935 8.94022 10.4054 6.70016 4.84676 3.83855 3.09605 3.07174 3.82902 4.84984 
1.44956 1.08019 1.00935 1.00076 1.00077 1.00938 1.07964 1.44061 2.78621 1.6574 1.14109 1.02385 1.02385 1.13995 1.64791 2.70635 7.45395 7.64588 7.23853 6.8961 6.8961 7.23853 7.64588 7.45395 9.25687 7.08299 6.14957 6.05682 6.05682 6.14957 7.08299 9.25687 11.9668 16.5199 18.6729 19.2988 19.2988 18.6729 16.4798 11.9295 4.48054 3.51613 3.34319 3.09048 3.11903 3.41836 3.63156 4.7377 2.49691 1.99348 1.66188 1.33049 1.33312 1.66924 2.00828 
1.12438 1.02063 1.00219 0.999929 0.999936 1.00221 1.02069 1.12309 1.61176 1.20266 1.03661 1.00461 1.00488 1.03804 1.20646 1.60891 3.4772 3.40922 3.13083 2.94902 2.94902 3.13083 3.40922 3.4772 5.90694 4.5649 3.61065 3.26444 3.26444 3.61065 4.5649 5.90694 7.88706 10.9443 12.3289 12.0577 12.0577 12.3289 10.9697 7.88917 2.67607 2.13893 1.87372 1.60291 1.58575 1.87145 2.15479 2.7954 1.93706 1.6945 1.38498 1.11818 1.11718 1.38212 1.69323 
1.02017 1.0027 1.00017 0.999915 0.999915 1.00017 1.00271 1.01993 1.12689 1.03358 1.00446 1.00016 1.00021 1.00467 1.03436 1.1267 1.75538 1.64246 1.51334 1.44171 1.44171 1.51334 1.64246 1.75538 3.37022 2.94242 2.23206 1.79506 1.79506 2.23206 2.94242 3.37022 5.61012 7.88585 8.14106 7.22943 7.22943 8.14106 7.90213 5.6074 1.67721 1.38996 1.22243 1.10368 1.09907 1.21716 1.39007 1.75072 1.49106 1.29804 1.10246 1.02252 1.02236 1.1019 1.29731 
1.00241 1.00013 0.999905 0.999968 0.999968 0.999906 1.00013 1.00237 1.02276 1.00407 1.00013 0.999844 0.999844 1.00018 1.00418 1.0226 1.23536 1.1477 1.09902 1.07707 1.07707 1.09902 1.1477 1.23536 2.13066 1.90498 1.47107 1.25193 1.25193 1.47107 1.90498 2.13066 4.09475 5.94633 5.45077 4.5036 4.5036 5.45077 5.95153 4.09451 1.24289 1.12026 1.05277 1.0153 1.01441 1.05052 1.11878 1.2816 1.16999 1.08091 1.01976 1.00292 1.0029 1.01968 1.08075 
1.00237 1.00013 0.999906 0.999968 0.999968 0.999906 1.00013 1.00241 1.0226 1.00418 1.00018 0.999844 0.999844 1.00013 1.00418 1.0226 1.23536 1.1477 1.09902 1.07707 1.07754 1.09981 1.14871 1.23514 2.1262 1.90336 1.47107 1.25193 1.25193 1.47107 1.90498 2.13066 4.09451 5.95153 5.45823 4.49719 4.5036 5.45077 5.94633 4.09475 1.23305 1.11954 1.05052 1.01441 1.01547 1.05248 1.11895 1.23716 1.16999 1.08091 1.01968 1.0029 1.00292 1.01976 1.08091 
1.01993 1.00271 1.00017 0.999915 0.999915 1.00017 1.0027 1.02017 1.1267 1.03436 1.00467 1.00021 1.00016 1.00446 1.03436 1.1267 1.75538 1.64246 1.51334 1.44171 1.44315 1.51593 1.64561 1.75523 3.36024 2.93839 2.23209 1.79508 1.79506 2.23206 2.94242 3.37022 5.6074 7.90213 8.1479 7.22263 7.22943 8.14106 7.88585 5.61012 1.65686 1.38642 1.21716 1.09907 1.10524 1.22186 1.38534 1.66317 1.49106 1.29804 1.1019 1.02236 1.02252 1.10246 1.29804 
1.12309 1.02069 1.00221 0.999936 0.999936 1.00221 1.02063 1.12438 1.60891 1.20646 1.03804 1.00488 1.00461 1.03661 1.20646 1.60891 3.4772 3.40922 3.13083 2.94902 2.95376 3.13768 3.41751 3.47411 5.89339 4.56367 3.61073 3.26451 3.26444 3.61065 4.5649 5.90694 7.88917 10.9697 12.3354 12.0599 12.0577 12.3289 10.9443 7.88706 2.64134 2.12827 1.87145 1.58575 1.61293 1.87583 2.13161 2.65389 1.93706 1.6945 1.38212 1.11718 1.11818 1.38498 1.6945 
1.44061 1.07964 1.00938 1.00077 1.00077 1.00938 1.08019 1.44956 2.70635 1.64791 1.13995 1.02385 1.02385 1.14109 1.64791 2.70635 7.45395 7.64588 7.23853 6.8961 6.86567 7.20311 7.60809 7.39128 9.20123 7.0405 6.14889 6.05609 6.05682 6.14957 7.08299 9.25687 11.9295 16.4798 18.6248 19.2457 19.2988 18.6729 16.5199 11.9668 4.38692 3.46556 3.41836 3.11903 3.08697 3.33716 3.4678 4.41029 2.49691 1.99348 1.66924 1.33312 1.33049 1.66188 1.99348 
1.10011 1.0204 1.00292 1.00034 1.00034 1.00292 1.0204 1.10011 1.60604 1.22816 1.04954 1.00824 1.00824 1.04954 1.22816 1.60604 3.02078 3.11658 2.99123 2.97341 2.97341 2.99123 3.11658 3.02078 5.17947 3.66991 2.96696 2.75225 2.75225 2.96696 3.66991 5.17947 7.2541 9.74542 10.9772 11.127 11.127 10.9772 9.74542 7.2541 2.54415 2.10596 2.03266 1.94385 1.94363 2.03333 2.10878 2.56464 1.68868 1.39213 1.16068 1.06149 1.06149 1.16068 1.39213 
1.01483 1.00319 1.00043 0.999947 0.999947 1.00043 1.00319 1.01483 1.12752 1.04103 1.00749 1.00088 1.00088 1.00749 1.04103 1.12752 1.78046 1.82441 1.73701 1.65213 1.65213 1.73701 1.82441 1.78046 3.42673 2.72921 2.03828 1.68132 1.68132 2.03828 2.72921 3.42673 3.30743 4.06747 4.53261 4.56266 4.56266 4.53261 4.06747 3.30743 1.7603 1.49439 1.34743 1.23245 1.23167 1.34575 1.49097 1.75979 1.42121 1.21481 1.05652 1.01225 1.01225 1.05652 1.21481 
1.00117 1.00032 0.999994 0.999984 0.999984 0.999994 1.00032 1.00117 1.01919 1.00522 1.00065 0.999825 0.999825 1.00065 1.00522 1.01919 1.23141 1.23691 1.20095 1.16067 1.16067 1.20095 1.23691 1.23141 2.18969 1.81046 1.35916 1.17673 1.17673 1.35916 1.81046 2.18969 1.7094 1.90877 2.03214 1.99339 1.99339 2.03214 1.90877 1.7094 1.27712 1.15444 1.08214 1.03824 1.03801 1.08155 1.15282 1.27505 1.15507 1.05136 1.00934 1.00153 1.00153 1.00934 1.05136 
0.999872 0.999947 0.999988 1 1 0.999988 0.999947 0.999872 1.00195 1.00019 0.999879 0.999936 0.999936 0.999879 1.00019 1.00195 1.04998 1.04956 1.04013 1.02987 1.02987 1.04013 1.04956 1.04998 1.42964 1.22944 1.07942 1.03218 1.03218 1.07942 1.22944 1.42964 1.16242 1.21212 1.24029 1.22646 1.22646 1.24029 1.21212 1.16242 1.07059 1.03424 1.01281 1.00407 1.00403 1.01267 1.03385 1.06996 1.03401 1.00812 1.00115 0.999874 0.999874 1.00115 1.00812 
0 0 0 0 1 0.999988 0.999947 0.999872 1.00186 1.00019 0.999879 0.999935 0.999936 0.999879 1.00019 1.00195 1.04998 1.04956 1.04013 1.02987 1.02957 1.03966 1.04896 1.04992 1.42316 1.22633 1.07849 1.03184 1.03218 1.07942 1.22944 1.42964 1.16611 1.21701 1.24496 1.2284 1.22646 1.24029 1.21212 1.16242 1.06996 1.03385 1.01267 1.00403 1.00407 1.01281 1.03424 1.07059 1.03401 1.00812 1.00115 0.999874 0 0 0 
0 0 0 0 0.999984 0.999994 1.00032 1.00117 1.01868 1.00524 1.00066 0.999826 0.999825 1.00065 1.00522 1.01919 1.23141 1.23691 1.20095 1.16067 1.15936 1.19878 1.23429 1.23058 2.17242 1.80022 1.35526 1.17528 1.17673 1.35916 1.81046 2.18969 1.72111 1.92392 2.04562 1.99965 1.99339 2.03214 1.90877 1.7094 1.27505 1.15282 1.08155 1.03801 1.03824 1.08214 1.15444 1.27712 1.15507 1.05136 1.00934 1.00153 0 0 0 
0 0 0 0 0.999947 1.00043 1.00319 1.01483 1.12554 1.04111 1.0075 1.00089 1.00088 1.00749 1.04103 1.12752 1.78046 1.82441 1.73701 1.65213 1.64832 1.73138 1.81794 1.77846 3.40914 2.72347 2.03312 1.6778 1.68132 2.03828 2.72921 3.42673 3.33525 4.10369 4.56842 4.58113 4.56266 4.53261 4.06747 3.30743 1.75979 1.49097 1.34575 1.23167 1.23245 1.34743 1.49439 1.7603 1.42121 1.21481 1.05652 1.01225 0 0 0 
