0 0 0 0 1.01311 1.06803 1.28733 1.84698 2.87978 1.9873 1.35431 1.1206 1.12068 1.35461 1.98834 2.88754 4.12096 4.43694 3.90739 3.50162 3.50106 3.90651 4.43649 4.12028 2.8971 2.09915 1.86034 2.13388 2.13123 1.86306 2.10224 2.89375 2.21687 2.96343 4.13316 4.81278 4.80132 4.1155 2.94695 2.19699 1.51335 1.27791 1.12527 1.0401 1.04018 1.12749 1.27862 1.51385 1.37135 1.10768 1.01768 1.00205 0 0 0 
0 0 0 0 1.00504 1.0333 1.14866 1.29171 1.46719 1.23867 1.08494 1.02396 1.02391 1.08473 1.23822 1.46778 1.84934 1.93407 1.74674 1.60634 1.6063 1.74669 1.93414 1.8494 1.58949 1.27077 1.15993 1.25506 1.25345 1.15932 1.26948 1.5857 1.35634 2.04775 3.00732 3.3609 3.36605 3.01158 2.05296 1.35724 1.09882 1.06209 1.02696 1.00636 1.00637 1.02745 1.06211 1.09882 1.08631 1.02257 1.00307 1.00025 0 0 0 
0 0 0 0 1.00074 1.00607 1.03464 1.07399 1.07867 1.04015 1.01334 1.00293 1.00292 1.01328 1.03997 1.07852 1.14576 1.16173 1.11982 1.08818 1.08818 1.11983 1.16174 1.14577 1.12938 1.05402 1.01996 1.04514 1.04477 1.01981 1.05363 1.1283 1.11358 1.49291 2.07139 2.09694 2.10474 2.08177 1.49835 1.1145 1.01433 1.01044 1.00414 1.0008 1.0008 1.00422 1.01044 1.01433 1.01313 1.00311 1.0003 0.999935 0 0 0 
0 0 0 0 0.999859 1.00078 1.00563 1.0142 1.01001 1.00421 1.00104 0.999888 0.999885 1.00103 1.00417 1.00994 1.01749 1.01732 1.01179 1.00751 1.00751 1.01179 1.01733 1.01749 1.02298 1.00865 1.0032 1.00643 1.00636 1.00317 1.00855 1.02276 1.03032 1.16535 1.40723 1.41497 1.41798 1.41212 1.16728 1.03058 1.00159 1.00106 1.00032 0.999938 0.999938 1.00033 1.00106 1.00159 1.00154 1.00022 0.999935 0.999971 0 0 0 
1.0142 1.00563 1.00078 0.999859 0.999859 1.00078 1.00563 1.0142 1.00994 1.00417 1.00103 0.999885 0.999885 1.00103 1.00417 1.00994 1.01749 1.01732 1.01179 1.00751 1.00751 1.01179 1.01732 1.01749 1.02298 1.00865 1.0032 1.00643 1.00643 1.0032 1.00865 1.02298 1.03058 1.16728 1.41212 1.41798 1.41798 1.41212 1.16728 1.03058 1.00159 1.00106 1.00033 0.999938 0.999938 1.00033 1.00106 1.00159 1.00154 1.00022 0.999935 0.999971 0.999971 0.999935 1.00022 
1.07399 1.03464 1.00607 1.00074 1.00074 1.00607 1.03464 1.07399 1.07852 1.03997 1.01328 1.00292 1.00292 1.01328 1.03997 1.07852 1.14576 1.16173 1.11982 1.08818 1.08818 1.11982 1.16173 1.14576 1.12938 1.05402 1.01996 1.04514 1.04514 1.01996 1.05402 1.12938 1.1145 1.49835 2.08177 2.10474 2.10474 2.08177 1.49835 1.1145 1.01433 1.01044 1.00422 1.0008 1.0008 1.00422 1.01044 1.01433 1.01313 1.00311 1.0003 0.999935 0.999935 1.0003 1.00311 
1.29171 1.14866 1.0333 1.00504 1.00504 1.0333 1.14866 1.29171 1.46778 1.23822 1.08473 1.02391 1.02391 1.08473 1.23822 1.46778 1.84934 1.93407 1.74674 1.60634 1.60634 1.74674 1.93407 1.84934 1.58949 1.27077 1.15993 1.25506 1.25506 1.15993 1.27077 1.58949 1.35724 2.05296 3.01158 3.36605 3.36605 3.01158 2.05296 1.35724 1.09882 1.06211 1.02745 1.00637 1.00637 1.02745 1.06211 1.09882 1.08631 1.02257 1.00307 1.00025 1.00025 1.00307 1.02257 
1.84698 1.28733 1.06803 1.01311 1.01311 1.06803 1.28733 1.84698 2.88754 1.98834 1.35461 1.12068 1.12068 1.35461 1.98834 2.88754 4.12096 4.43694 3.90739 3.50162 3.50162 3.90739 4.43694 4.12096 2.8971 2.09915 1.86034 2.13388 2.13388 1.86034 2.09915 2.8971 2.19699 2.94695 4.1155 4.80132 4.80132 4.1155 2.94695 2.19699 1.51385 1.27862 1.12749 1.04018 1.04018 1.12749 1.27862 1.51385 1.37135 1.10768 1.01768 1.00205 1.00205 1.01768 1.10768 
3.6391 1.98755 1.27201 1.05906 1.05906 1.27201 1.99215 3.65642 5.46218 3.5596 1.92614 1.3608 1.3608 1.92614 3.5596 5.46218 7.68741 8.3533 7.76099 6.97275 6.97275 7.76099 8.3533 7.68741 5.82421 5.04589 4.2695 4.50723 4.47635 4.22527 4.99703 5.78199 6.34326 6.82755 6.93863 7.0265 7.03142 6.95406 6.78503 6.24337 2.82042 1.8307 1.3867 1.2506 1.26929 1.40661 1.91685 2.82814 1.82979 1.21256 1.02104 1.0007 1.00071 1.02132 1.21211 
2.31507 1.54639 1.13178 1.02343 1.02343 1.13178 1.54415 2.31474 2.9133 1.98203 1.30179 1.08917 1.08917 1.30179 1.98203 2.9133 4.08243 4.45136 3.94104 3.40428 3.40428 3.94104 4.45136 4.08243 2.99508 2.63392 2.05579 2.2097 2.21249 2.05416 2.63314 2.99522 3.03118 3.25163 3.21041 3.1571 3.14382 3.2021 3.26488 3.02456 1.49461 1.16916 1.0438 1.02127 1.0222 1.04686 1.17496 1.49501 1.17833 1.025 0.998922 0.999266 0.999271 0.99896 1.02524 
1.44208 1.18092 1.03409 1.0044 1.0044 1.03409 1.18025 1.44226 1.4859 1.21829 1.05056 1.01062 1.01062 1.05056 1.21829 1.4859 1.86096 1.98903 1.78854 1.56841 1.56841 1.78854 1.98903 1.86096 1.52366 1.34709 1.17865 1.25967 1.26119 1.17878 1.34748 1.52496 1.58785 1.66199 1.64779 1.60043 1.59728 1.64626 1.66549 1.58517 1.07762 1.00751 0.994403 0.999219 0.999304 0.99478 1.00902 1.07763 1.023 1.00154 0.999631 0.99993 0.999929 0.999639 1.00159 
1.12845 1.04574 1.00656 1.00032 1.00032 1.00656 1.04564 1.12849 1.09911 1.03688 1.00624 1.00021 1.00021 1.00624 1.03688 1.09911 1.19919 1.24269 1.1809 1.10578 1.10578 1.1809 1.24269 1.19919 1.10938 1.05051 1.01802 1.05143 1.05184 1.01811 1.0508 1.10998 1.13535 1.17023 1.17799 1.16977 1.16911 1.1778 1.17135 1.13511 1.0071 0.996548 0.997556 0.99982 0.999817 0.99762 0.99668 1.0071 1.00201 0.999998 1.00001 1 1 1.00001 1 
1.12849 1.04564 1.00654 1.00031 1.00032 1.00656 1.04574 1.12845 1.09925 1.03688 1.00625 1.00021 1.00021 1.00624 1.03688 1.09925 1.19919 1.24269 1.1809 1.10578 1.10642 1.18224 1.24509 1.19951 1.10998 1.0508 1.01811 1.05184 1.05184 1.01811 1.0508 1.10998 1.13535 1.17023 1.17799 1.16977 1.16977 1.17799 1.17023 1.13535 1.0071 0.99668 0.99762 0.999817 0.99982 0.997556 0.996548 1.0071 1.00204 1 1.00001 1 1 1.00001 0.999998 
1.44226 1.18025 1.03395 1.00437 1.0044 1.03409 1.18092 1.44208 1.48666 1.21878 1.05064 1.01063 1.01062 1.05056 1.21878 1.48666 1.86096 1.98903 1.78854 1.56841 1.57042 1.7927 1.9961 1.85891 1.52496 1.34748 1.17878 1.26119 1.26119 1.17878 1.34748 1.52496 1.58785 1.66199 1.64779 1.60043 1.60043 1.64779 1.66199 1.58785 1.07763 1.00902 0.99478 0.999304 0.999219 0.994403 1.00751 1.07762 1.02328 1.00159 0.999639 0.999929 0.99993 0.999631 1.00154 
2.31474 1.54415 1.13121 1.0233 1.02343 1.13178 1.54639 2.31507 2.91279 1.98492 1.30202 1.08921 1.08917 1.30179 1.98492 2.91279 4.08243 4.45136 3.94104 3.40428 3.40219 3.94232 4.45018 4.04936 2.99522 2.63314 2.05416 2.21249 2.21249 2.05416 2.63314 2.99522 3.03118 3.25163 3.21041 3.1571 3.1571 3.21041 3.25163 3.03118 1.49501 1.17496 1.04686 1.0222 1.02127 1.0438 1.16916 1.49461 1.17961 1.02524 0.99896 0.999271 0.999266 0.998922 1.025 
3.65642 1.99215 1.27317 1.05933 1.05906 1.27201 1.98755 3.6391 5.49162 3.58697 1.93637 1.36534 1.3608 1.92614 3.58697 5.49162 7.68741 8.3533 7.76099 6.97275 7.07686 7.8844 8.56203 7.80389 5.78199 4.99703 4.22527 4.47635 4.47635 4.22527 4.99703 5.78199 6.34326 6.82755 6.93863 7.0265 7.0265 6.93863 6.82755 6.34326 2.82814 1.91685 1.40661 1.26929 1.2506 1.3867 1.8307 2.82042 1.82964 1.21211 1.02132 1.00071 1.0007 1.02104 1.21256 
7.82654 3.83882 1.89166 1.2741 1.2741 1.89166 3.83882 7.82654 11.2717 7.83496 4.45159 2.89021 2.88696 4.44536 7.84927 11.3355 14.7319 16.341 16.4678 15.7848 15.7071 16.3767 16.164 14.5191 10.5524 9.83598 9.26221 9.57232 9.57232 9.26221 9.83598 10.5524 10.0438 10.4321 11.066 11.5248 11.5248 11.066 10.4321 10.0438 6.41098 4.85483 3.48498 2.65633 2.64605 3.46687 4.82319 6.47397 5.09889 2.97352 1.55918 1.13293 1.13293 1.55911 2.94829 
7.8856 4.0278 1.97497 1.34266 1.34266 1.97497 4.0278 7.8856 10.7735 8.06029 4.68772 3.02779 3.01786 4.67168 8.06359 10.7789 11.9849 12.5356 11.441 10.0767 10.0729 11.4069 12.4931 11.8773 10.2802 9.95531 8.81542 8.26824 8.26824 8.81542 9.95531 10.2802 9.26927 9.49314 9.56478 9.89978 9.89978 9.56478 9.49314 9.26927 6.05577 4.82781 3.34293 2.19724 2.20469 3.36102 4.84391 6.05371 4.33059 2.49651 1.42962 1.08314 1.08314 1.42963 2.48871 
7.19078 3.68597 1.8538 1.27044 1.27044 1.8538 3.68597 7.19078 9.95948 7.67474 4.3344 2.67177 2.66323 4.32093 7.68688 9.96484 10.0267 10.0618 8.37476 6.69179 6.693 8.35297 10.0034 9.93567 9.83894 10.2055 9.03932 7.65181 7.65181 9.03932 10.2055 9.83894 7.95736 8.38865 8.8408 9.4592 9.4592 8.8408 8.38865 7.95736 4.92629 3.95985 2.73155 1.7108 1.71627 2.74128 3.96466 4.92424 3.40893 1.9687 1.25197 1.03942 1.03942 1.25195 1.95987 
6.49161 3.382 1.74381 1.20371 1.20371 1.74381 3.382 6.49161 9.05219 6.93618 3.73933 2.19262 2.19046 3.74092 6.95759 9.06536 8.93433 8.91443 7.16793 5.36825 5.36697 7.15246 8.86903 8.89594 10.4817 12.7794 11.9747 9.48073 9.48073 11.9747 12.7794 10.4817 6.73861 7.73164 8.77248 9.83843 9.83843 8.77248 7.73164 6.73861 3.51839 2.73758 1.86133 1.2842 1.28597 1.8662 2.73906 3.5176 2.38786 1.42798 1.08444 1.00922 1.00922 1.08443 1.4223 
6.50074 3.38206 1.74381 1.20371 1.20371 1.74381 3.382 6.49161 9.06536 6.95759 3.74092 2.19046 2.19046 3.74092 6.95759 9.06536 8.93433 8.91443 7.16793 5.36825 5.36825 7.16793 8.91443 8.93433 10.4647 12.7728 11.9567 9.47527 9.48073 11.9747 12.7794 10.4817 6.73861 7.73164 8.77248 9.83843 9.85774 8.78299 7.75237 6.77395 3.5176 2.73906 1.8662 1.28597 1.2842 1.86133 2.73906 3.5176 2.38786 1.42798 1.08444 1.00922 1.00922 1.08444 1.42798 
7.21157 3.68603 1.8538 1.27045 1.27044 1.8538 3.68597 7.19078 9.96484 7.68688 4.32093 2.66323 2.66323 4.32093 7.68688 9.96484 10.0267 10.0618 8.37476 6.69179 6.69179 8.37476 10.0618 10.0267 9.80465 10.182 9.01228 7.64611 7.65181 9.03932 10.2055 9.83894 7.95736 8.38865 8.8408 9.4592 9.50229 8.86985 8.42706 7.98988 4.92424 3.96466 2.74128 1.71627 1.7108 2.73155 3.96466 4.92424 3.40893 1.9687 1.25197 1.03942 1.03942 1.25197 1.9687 
7.91498 4.02787 1.97499 1.34267 1.34266 1.97497 4.0278 7.8856 10.7789 8.06359 4.67168 3.01786 3.01786 4.67168 8.06359 10.7789 11.9849 12.5356 11.441 10.0767 10.0767 11.441 12.5356 11.9849 10.2427 9.91517 8.8012 8.26424 8.26824 8.81542 9.95531 10.2802 9.26927 9.49314 9.56478 9.89978 9.94259 9.59961 9.53805 9.27946 6.05371 4.84391 3.36102 2.20469 2.19724 3.34293 4.84391 6.05371 4.33059 2.49651 1.42962 1.08314 1.08314 1.42962 2.49651 
7.88814 3.83924 1.89169 1.27411 1.2741 1.89166 3.83882 7.82654 11.3355 7.84927 4.44536 2.88696 2.88696 4.44536 7.84927 11.3355 14.7319 16.341 16.4678 15.7848 15.7848 16.4678 16.341 14.7319 10.6126 9.93137 9.37926 9.6653 9.57232 9.26221 9.83598 10.5524 10.0438 10.4321 11.066 11.5248 11.6387 11.1647 10.6702 10.1914 6.47397 4.82319 3.46687 2.64605 2.65633 3.48498 4.82319 6.47397 5.09889 2.97352 1.55918 1.13293 1.13293 1.55918 2.97352 
11.5833 5.8296 2.70915 1.54996 1.55003 2.70622 5.81319 11.5392 16.727 11.4663 6.85602 4.5134 4.5134 6.85602 11.4663 16.727 22.2869 25.2841 26.58 26.8627 26.8034 26.5327 25.2841 22.2869 18.9707 19.3869 20.0585 20.0346 20.0346 20.0585 19.3869 18.9707 19.0877 22.5946 24.6968 25.4212 25.5251 24.7978 22.6966 19.1311 13.5876 11.575 9.26067 7.37663 7.4702 9.26067 11.6075 13.5876 11.0632 6.16391 2.74618 1.53679 1.53679 2.74618 6.16391 
12.7647 6.27714 2.80974 1.56211 1.56275 2.80685 6.25509 12.6935 18.1422 12.1617 7.15499 4.73204 4.73204 7.15499 12.1617 18.1422 24.6282 28.2665 29.8755 30.4824 30.4933 29.8939 28.2665 24.6282 20.3171 19.8271 20.4207 20.9347 20.9347 20.4207 19.8271 20.3171 22.6255 27.3576 29.5271 30.1455 30.1466 29.5338 27.3544 22.6164 15.1042 13.1505 11.0508 9.09952 9.17796 11.0508 13.1406 15.1042 11.9106 6.37886 2.83125 1.58043 1.58043 2.83125 6.37886 
13.4366 6.56478 2.88347 1.57828 1.57939 2.88191 6.54652 13.3705 19.1301 12.4932 7.11359 4.7217 4.7217 7.11359 12.4932 19.1301 26.4185 30.3992 31.9928 32.6267 32.6332 32.0064 30.3992 26.4185 20.6413 19.1418 19.6861 20.8681 20.8681 19.6861 19.1418 20.6413 24.7315 30.0105 32.2082 32.8146 32.8157 32.2098 29.9991 24.721 16.1117 14.1225 12.0413 10.0301 10.1088 12.0413 14.1145 16.1117 12.4015 6.36481 2.82834 1.61106 1.61106 2.82834 6.36481 
13.5591 6.58642 2.87758 1.57735 1.57827 2.87747 6.57697 13.5241 19.8266 12.4891 6.83166 4.56356 4.56356 6.83166 12.4891 19.8266 27.4184 31.4277 32.9256 33.3925 33.3962 32.9317 31.4277 27.4184 21.0248 19.1019 19.7803 21.1057 21.1057 19.7803 19.1019 21.0248 25.6905 30.8931 33.0055 33.6025 33.6033 33.0067 30.8888 25.6774 16.9241 14.6494 12.1256 10.1548 10.1906 12.1256 14.6446 16.9241 12.7767 6.44441 2.88008 1.63907 1.63907 2.88008 6.44441 
13.5241 6.57697 2.87747 1.57827 1.57827 2.87747 6.57697 13.5241 19.8132 12.5064 6.84938 4.57574 4.56356 6.83166 12.4891 19.8266 27.4184 31.4277 32.9256 33.3925 33.3925 32.9256 31.4302 27.4304 21.0232 19.0953 19.7658 21.123 21.1057 19.7803 19.1019 21.0248 25.6774 30.8888 33.0067 33.6033 33.6033 33.0067 30.8888 25.6774 16.9225 14.6446 12.1508 10.1906 10.1548 12.1256 14.6494 17.0689 12.7767 6.44441 2.88008 1.63907 1.63819 2.87735 6.43382 
13.3705 6.54652 2.88191 1.57939 1.57939 2.88191 6.54652 13.3705 19.1068 12.5256 7.15326 4.74279 4.7217 7.11359 12.4932 19.1301 26.4185 30.3992 31.9928 32.6267 32.6267 31.9928 30.3971 26.4424 20.6424 19.1354 19.6678 20.8914 20.8681 19.6861 19.1418 20.6413 24.721 29.9991 32.2098 32.8157 32.8157 32.2098 29.9991 24.721 16.1083 14.1145 12.083 10.1088 10.0301 12.0413 14.1225 16.2257 12.4015 6.36481 2.82834 1.61106 1.60956 2.82356 6.34743 
12.6935 6.25509 2.80685 1.56275 1.56275 2.80685 6.25509 12.6935 18.1169 12.1949 7.20095 4.75534 4.73204 7.15499 12.1617 18.1422 24.6282 28.2665 29.8755 30.4824 30.4824 29.8755 28.2345 24.6287 20.3197 19.8256 20.4163 20.9474 20.9347 20.4207 19.8271 20.3171 22.6164 27.3544 29.5338 30.1466 30.1466 29.5338 27.3544 22.6164 15.1035 13.1406 11.0914 9.17796 9.09952 11.0508 13.1505 15.1887 11.9106 6.37886 2.83125 1.58043 1.57906 2.8265 6.36105 
11.5392 5.81319 2.70622 1.55003 1.55003 2.70622 5.81319 11.5392 16.7375 11.5175 6.91452 4.54288 4.5134 6.85602 11.4663 16.727 22.2869 25.2841 26.58 26.8627 26.8627 26.58 25.3041 22.3198 19.1142 19.5643 20.2407 20.1969 20.0346 20.0585 19.3869 18.9707 19.1311 22.6966 24.7978 25.5251 25.5251 24.7978 22.6966 19.1311 13.642 11.6075 9.34667 7.4702 7.37663 9.26067 11.575 13.6699 11.0632 6.16391 2.74618 1.53679 1.53711 2.74813 6.1695 
12.2215 5.9657 2.80564 1.67117 1.67685 2.81966 5.99931 12.2706 18.2973 12.4423 7.63105 4.93376 4.98002 7.70799 12.4423 18.2973 25.5412 28.3571 30.2389 30.8464 30.8464 30.2389 28.3571 25.5412 27.8764 30.7839 31.5843 31.1926 31.2652 31.6395 30.8206 27.9409 23.1551 27.3663 29.8754 30.837 30.837 29.8754 27.4403 23.2089 15.0147 12.0663 8.84797 6.32392 6.44052 9.08755 12.0534 14.9614 11.7512 6.39531 2.841 1.57405 1.57405 2.841 6.39531 
13.2889 6.46159 3.04471 1.79079 1.79959 3.06791 6.5158 13.3602 19.7856 13.5955 8.50257 5.56471 5.6105 8.56998 13.5955 19.7856 27.5879 30.3092 32.0607 32.6602 32.6602 32.0607 30.3092 27.5879 29.0577 31.3371 32.2406 32.3923 32.3875 32.2326 31.3276 29.1133 25.5494 28.8558 30.9887 32.0792 32.0792 30.9887 28.8305 25.539 17.8891 14.502 10.8518 7.99373 8.0764 11.0187 14.4819 17.8374 13.1538 6.6678 2.91338 1.61436 1.61436 2.91338 6.6678 
14.1384 6.9842 3.22434 1.86526 1.87349 3.24407 7.03231 14.2029 20.6534 14.032 8.58679 5.62539 5.66729 8.65257 14.032 20.6534 28.7055 31.37 33.163 33.7799 33.7799 33.163 31.37 28.7055 29.7142 31.468 32.4318 32.8887 32.8838 32.4219 31.4637 29.7684 26.919 29.8791 31.8612 33.0236 33.0236 31.8612 29.8461 26.9146 19.4186 15.6542 11.6504 8.81642 8.9006 11.8171 15.6326 19.3673 13.8946 6.71083 2.91724 1.64655 1.64655 2.91724 6.71083 
14.2276 6.98087 3.15115 1.77175 1.77583 3.1612 7.00551 14.2628 20.9759 13.7254 8.01832 5.36301 5.38462 8.05247 13.7254 20.9759 29.1574 31.7347 33.5076 34.0868 34.0868 33.5076 31.7347 29.1574 30.0021 31.4935 32.4645 33.0207 33.0172 32.4591 31.4922 30.0313 27.5835 30.6215 32.5951 33.5301 33.5301 32.5951 30.602 27.5681 20.1835 16.0779 11.6896 9.17579 9.22156 11.755 16.0652 20.1608 14.3685 6.90919 3.02028 1.69136 1.69136 3.02028 6.90919 
14.2628 7.00551 3.1612 1.77583 1.77583 3.1612 7.00551 14.2628 20.9363 13.7223 8.01832 5.36301 5.36301 8.01832 13.7254 20.9759 29.1233 31.7679 33.5076 34.0868 34.0809 33.4955 31.7347 29.1574 30.0313 31.4922 32.4591 33.0172 33.0172 32.4591 31.4922 30.0313 27.5681 30.602 32.538 33.5 33.5301 32.5951 30.617 27.6101 20.1608 16.0652 11.755 9.22156 9.17579 11.6896 16.0779 20.1835 14.3685 6.90919 3.02028 1.69136 1.69086 3.02124 6.92077 
14.2029 7.03231 3.24407 1.87349 1.87349 3.24407 7.03231 14.2029 20.6144 14.0155 8.58679 5.62539 5.62539 8.58679 14.032 20.6534 28.675 31.4184 33.163 33.7799 33.7687 33.1371 31.37 28.7055 29.7684 31.4637 32.4219 32.8838 32.8838 32.4219 31.4637 29.7684 26.9146 29.8461 31.7646 32.9705 33.0236 31.8612 29.8682 26.9663 19.3673 15.6326 11.8171 8.9006 8.81642 11.6504 15.6542 19.4186 13.8946 6.71083 2.91724 1.64655 1.64525 2.91799 6.72595 
13.3602 6.5158 3.06791 1.79959 1.79959 3.06791 6.5158 13.3602 19.7456 13.5832 8.50257 5.56471 5.56471 8.50257 13.5955 19.7856 27.5677 30.3639 32.0607 32.6602 32.6497 32.0293 30.3092 27.5879 29.1133 31.3276 32.2326 32.3875 32.3875 32.2326 31.3276 29.1133 25.539 28.8305 30.8897 32.021 32.0792 30.9887 28.8406 25.5952 17.8374 14.4819 11.0187 8.0764 7.99373 10.8518 14.502 17.8891 13.1538 6.6678 2.91338 1.61436 1.61301 2.91404 6.68263 
12.2706 5.99931 2.81966 1.67685 1.67685 2.81966 5.99931 12.2706 18.2284 12.4005 7.63105 4.93376 4.93376 7.63105 12.4423 18.2973 25.5541 28.4148 30.2389 30.8464 30.8136 30.198 28.3571 25.5412 27.9409 30.8206 31.6395 31.2652 31.2652 31.6395 30.8206 27.9409 23.2089 27.4403 29.8988 30.9098 30.837 29.8754 27.3883 23.2127 14.9614 12.0534 9.08755 6.44052 6.32392 8.84797 12.0663 15.0147 11.7512 6.39531 2.841 1.57405 1.57217 2.83672 6.38908 
9.20616 4.18897 1.98482 1.26056 1.26056 1.98482 4.18897 9.20616 14.9864 8.72578 4.27744 2.56 2.56 4.27744 8.72578 14.9864 24.6782 27.8563 30.0512 30.7591 30.653 29.9335 27.8712 24.7552 26.1644 30.0786 31.5612 31.5315 31.5295 31.5589 30.0242 26.1809 20.504 26.3223 29.7141 31.0336 31.0721 29.762 26.3299 20.5391 8.62588 6.18855 4.29113 3.14392 3.14756 4.30626 6.23933 8.801 5.77563 2.95745 1.50733 1.1227 1.1227 1.50733 2.95745 
8.56756 3.81483 1.79019 1.17101 1.17101 1.79019 3.81483 8.56756 14.4463 7.81191 3.47794 1.96644 1.96644 3.47794 7.81191 14.4463 25.3535 28.98 31.5056 32.2259 32.2162 31.4568 28.9686 25.423 26.319 30.2757 31.9441 32.4371 32.437 31.9439 30.2579 26.4112 20.3836 26.7276 30.4678 32.0995 32.1523 30.5426 26.7237 20.3521 7.65125 5.58104 3.94349 2.94755 2.91314 3.91092 5.57124 7.75632 4.82221 2.50274 1.37381 1.06922 1.06922 1.37381 2.50274 
8.10698 3.477 1.63252 1.11673 1.11673 1.63252 3.477 8.10698 14.2305 7.45043 3.19145 1.75364 1.75364 3.19145 7.45043 14.2305 25.6714 29.4911 32.3546 33.2086 33.1813 32.2928 29.4725 25.7403 26.2633 30.3103 32.1331 32.9002 32.9001 32.1326 30.2961 26.3593 20.065 26.8144 30.8067 32.5378 32.6013 30.8917 26.8153 20.0282 6.90818 5.10077 3.60497 2.61352 2.57418 3.56202 5.07645 7.00736 4.09696 2.05148 1.22559 1.03133 1.03133 1.22559 2.05148 
7.86637 3.2813 1.53925 1.08901 1.08901 1.53925 3.2813 7.86637 14.1852 7.34253 3.09058 1.66979 1.66979 3.09058 7.34253 14.1852 25.8015 29.6974 32.6299 33.4937 33.4809 32.5984 29.6767 25.867 26.2182 30.3783 32.2157 33.0025 33.0024 32.2153 30.3702 26.2749 19.8476 26.9224 31.0764 32.7245 32.7633 31.1322 26.9196 19.8293 6.45886 4.51671 2.98769 2.04231 2.02156 2.95315 4.49192 6.56331 3.64124 1.76065 1.14578 1.01946 1.01946 1.14578 1.76065 
7.85655 3.27826 1.53839 1.08882 1.08901 1.53925 3.2813 7.86637 14.1852 7.34253 3.09058 1.66979 1.6698 3.09062 7.33137 14.2395 25.867 29.6767 32.5984 33.4809 33.4809 32.5984 29.6767 25.867 26.2749 30.3702 32.2153 33.0024 33.0025 32.2157 30.3702 26.2749 19.8293 26.9196 31.0503 32.7049 32.7054 31.0513 26.9074 19.9541 6.56331 4.49192 2.95315 2.02156 2.04762 2.99232 4.51142 6.52545 3.64124 1.76065 1.14578 1.01946 1.01947 1.14578 1.75799 
8.08595 3.4695 1.63031 1.11617 1.11673 1.63252 3.477 8.10698 14.2305 7.45043 3.19145 1.75364 1.75369 3.19156 7.43834 14.2809 25.7403 29.4725 32.2928 33.1813 33.1813 32.2928 29.4725 25.7403 26.3593 30.2961 32.1326 32.9001 32.9002 32.1331 30.2961 26.3593 20.0282 26.8153 30.7655 32.5043 32.5053 30.7674 26.7992 20.189 7.00736 5.07645 3.56202 2.57418 2.62908 3.61664 5.0952 6.97843 4.09696 2.05148 1.22559 1.03133 1.0313 1.22558 2.04715 
8.54027 3.8041 1.78687 1.17008 1.17101 1.79019 3.81483 8.56756 14.4463 7.81191 3.47794 1.96644 1.96657 3.47814 7.79849 14.4927 25.423 28.9686 31.4568 32.2162 32.2162 31.4568 28.9686 25.423 26.4112 30.2579 31.9439 32.437 32.4371 31.9441 30.2579 26.4112 20.3521 26.7237 30.4317 32.0744 32.0774 30.4369 26.7206 20.5024 7.75632 5.57124 3.91092 2.91314 2.96535 3.95955 5.57717 7.72066 4.82221 2.50274 1.37381 1.06922 1.06945 1.3738 2.50061 
9.14322 4.16062 1.97508 1.25772 1.26056 1.98482 4.18897 9.20616 14.9864 8.72578 4.27744 2.56 2.56113 4.27933 8.71217 15.0286 24.7552 27.8712 29.9335 30.653 30.653 29.9335 27.8712 24.7552 26.1809 30.0242 31.5589 31.5295 31.5315 31.5612 30.0242 26.1809 20.5391 26.3299 29.6657 30.9974 31.012 29.6999 26.3194 20.5688 8.801 6.23933 4.30626 3.14756 3.14591 4.29205 6.16619 8.66092 5.77563 2.95745 1.50733 1.1227 1.12182 1.50721 2.94059 
7.1155 2.97827 1.46286 1.07797 1.07808 1.46358 2.98072 7.13677 13.0127 7.4266 3.35431 1.93515 1.93493 3.35388 7.40773 13.1319 22.7507 24.9794 26.2711 26.9085 26.9085 26.2711 24.9794 22.7507 22.7411 25.376 26.16 26.284 26.284 26.16 25.376 22.7411 19.0059 24.2863 27.6414 29.126 29.2886 27.8525 24.3083 19.0549 8.92283 5.91399 4.16796 3.56304 3.55003 4.10346 5.91045 8.737 5.64162 3.19793 2.02742 1.44377 1.43337 2.0141 3.1943 
7.29437 3.07476 1.49457 1.08119 1.08126 1.49562 3.08099 7.33499 13.3791 7.61313 3.3882 1.91721 1.91715 3.38808 7.59307 13.5043 23.7982 27.099 29.1245 30.0929 30.0929 29.1245 27.099 23.7982 22.0844 24.9382 26.5597 27.3073 27.3073 26.5597 24.9382 22.0844 18.7724 24.0272 27.4805 29.3738 29.5354 27.6877 24.0164 18.7918 8.52492 5.20897 2.93408 2.06549 2.06841 2.91755 5.21902 8.32334 5.41286 2.97316 1.73059 1.20775 1.20792 1.73296 2.98454 
7.47313 3.17773 1.52492 1.0862 1.08621 1.52574 3.18334 7.51372 13.5599 7.70515 3.40789 1.91815 1.91808 3.40778 7.68426 13.6818 24.1534 28.1221 30.7506 31.9245 31.9245 30.7506 28.1221 24.1534 21.362 24.1819 26.0036 27.1009 27.1009 26.0036 24.1819 21.362 18.0157 23.4756 27.3595 29.7138 29.877 27.5948 23.4844 18.0419 7.99 4.66307 2.31321 1.48403 1.48528 2.3023 4.67973 7.80672 5.10396 2.72711 1.53394 1.11943 1.12047 1.53771 2.738 
7.56884 3.20723 1.51936 1.08245 1.08236 1.51938 3.209 7.59413 13.6146 7.59513 3.30507 1.83508 1.83506 3.30489 7.57413 13.7265 24.2693 28.5067 31.3799 32.526 32.526 31.3799 28.5067 24.2693 21.1277 23.9059 25.7931 27.0251 27.0251 25.7931 23.9059 21.1277 17.5201 23.5416 27.8464 30.1932 30.28 27.9962 23.5441 17.5607 7.31093 4.13184 1.9867 1.27995 1.28087 1.98143 4.14422 7.19381 4.61076 2.36556 1.34391 1.06168 1.06221 1.34613 2.37226 
7.59413 3.209 1.51938 1.08236 1.08236 1.51938 3.209 7.59413 13.6146 7.59513 3.30507 1.83508 1.83508 3.30507 7.59513 13.6146 24.1751 28.5386 31.3987 32.5372 32.526 31.3799 28.5067 24.2693 21.1281 23.9067 25.7932 27.0252 27.0251 25.7931 23.9059 21.1277 17.5243 23.5434 27.9395 30.2506 30.1932 27.8464 23.5416 17.5201 7.19381 4.14422 1.98143 1.28087 1.28087 1.98143 4.13184 7.19381 4.61076 2.36556 1.34391 1.06168 1.06168 1.34391 2.36556 
7.51372 3.18334 1.52574 1.08621 1.08621 1.52574 3.18334 7.51372 13.5599 7.70515 3.40789 1.91815 1.91815 3.40789 7.70515 13.5599 24.0166 28.1499 30.7841 31.9434 31.9245 30.7506 28.1221 24.1534 21.3621 24.1824 26.0039 27.1008 27.1009 26.0036 24.1819 21.362 18.0193 23.4782 27.5154 29.8245 29.7138 27.3595 23.4756 18.0157 7.80672 4.67973 2.3023 1.48528 1.48528 2.3023 4.66307 7.80672 5.10396 2.72711 1.53394 1.11943 1.11943 1.53394 2.72711 
7.33499 3.08099 1.49562 1.08126 1.08126 1.49562 3.08099 7.33499 13.3791 7.61313 3.3882 1.91721 1.91721 3.3882 7.61313 13.3791 23.6861 27.1154 29.1548 30.114 30.0929 29.1245 27.099 23.7982 22.0846 24.9383 26.5591 27.3076 27.3073 26.5597 24.9382 22.0844 18.7763 24.0291 27.635 29.4877 29.3738 27.4805 24.0272 18.7724 8.32334 5.21902 2.91755 2.06841 2.06841 2.91755 5.20897 8.32334 5.41286 2.97316 1.73059 1.20775 1.20775 1.73059 2.97316 
7.13677 2.98072 1.46358 1.07808 1.07808 1.46358 2.98072 7.13677 13.0127 7.4266 3.35431 1.93515 1.93515 3.35431 7.4266 13.0127 22.6254 24.9181 26.2136 26.8448 26.9085 26.2711 24.9794 22.7507 22.7413 25.3751 26.1588 26.2803 26.284 26.16 25.376 22.7411 19.0107 24.2894 27.7988 29.2508 29.126 27.6414 24.2863 19.0059 8.737 5.91045 4.10346 3.55003 3.55003 4.10346 5.91399 8.737 5.64162 3.19793 2.02742 1.44377 1.44377 2.02742 3.19793 
4.08877 1.81798 1.14839 1.01777 1.01777 1.14839 1.81798 4.08877 8.23896 3.98299 1.79546 1.19739 1.19739 1.79546 3.98299 8.23896 14.5984 13.8919 13.918 13.8218 13.8982 13.9878 13.8919 14.5984 18.1774 16.9743 15.7298 15.3211 15.1865 15.5769 16.829 18.0954 17.6594 22.9131 25.8963 27.1168 27.0543 25.8516 22.8875 17.597 10.1527 8.89733 8.51125 9.47405 9.54669 8.56216 8.9136 10.1544 6.7042 4.8269 3.87561 3.17017 3.17017 3.87561 4.8269 
3.51546 1.61001 1.09021 1.00813 1.00813 1.09021 1.61001 3.51546 7.22721 3.24573 1.50278 1.07993 1.07993 1.50278 3.24573 7.22721 13.6475 10.1499 8.10004 7.40237 7.3874 8.07155 10.1499 13.6475 20.0471 18.5453 15.8292 14.2045 14.1862 15.7921 18.5364 20.0507 18.3997 23.6235 26.7049 28.2178 28.2606 26.7762 23.6863 18.3759 11.9634 11.9051 12.6783 14.4077 14.4958 12.7198 11.9002 11.9981 8.20234 5.92901 4.72227 3.89446 3.89446 4.72227 5.92901 
3.07055 1.45245 1.0597 1.00428 1.00428 1.0597 1.45245 3.07055 6.49395 2.89404 1.39621 1.05602 1.05602 1.39621 2.89404 6.49395 13.294 8.06085 4.79219 3.68797 3.67893 4.77052 8.06085 13.294 21.7705 20.5315 17.2136 14.1244 14.0971 17.1775 20.5344 21.7736 19.183 24.04 27.2788 28.958 29.0042 27.3551 24.1077 19.1585 13.6606 13.6282 14.125 15.6562 15.7459 14.1663 13.6225 13.7002 9.66366 6.8978 5.42991 4.38843 4.38843 5.42991 6.8978 
2.83337 1.36606 1.04294 1.00253 1.00253 1.04294 1.36606 2.83337 6.14117 2.70929 1.3414 1.04567 1.04567 1.3414 2.70929 6.14117 13.1251 7.25663 3.65031 2.42725 2.42169 3.63778 7.25663 13.1251 22.5467 21.7092 18.9039 15.2971 15.2724 18.892 21.7138 22.5522 19.7852 24.1337 27.5033 29.4544 29.5005 27.5839 24.2015 19.7731 15.0735 14.4625 14.3579 15.0398 15.088 14.3727 14.4575 15.0978 11.0525 7.65067 5.40403 3.82674 3.82674 5.40403 7.65067 
2.84009 1.36718 1.0431 1.00255 1.00253 1.04294 1.36606 2.83337 6.14117 2.70929 1.3414 1.04567 1.04548 1.34049 2.70557 6.18685 13.0561 7.24319 3.63778 2.42169 2.42725 3.65031 7.25663 13.1251 22.5522 21.7138 18.892 15.2724 15.2724 18.892 21.7138 22.5522 19.7731 24.2015 27.5839 29.5005 29.5005 27.5839 24.2015 19.7731 15.0978 14.4676 14.3727 15.088 14.9896 14.3514 14.4819 15.139 11.0525 7.65067 5.40403 3.82674 3.80995 5.39095 7.64907 
3.08262 1.45464 1.06004 1.00432 1.00428 1.0597 1.45245 3.07055 6.49395 2.89404 1.39621 1.05602 1.05557 1.39433 2.88885 6.55196 13.2181 8.03248 4.77052 3.67893 3.68797 4.79219 8.06085 13.294 21.7736 20.5344 17.1775 14.0971 14.0971 17.1775 20.5344 21.7736 19.1585 24.1077 27.3551 29.0042 29.0042 27.3551 24.1077 19.1585 13.7002 13.6419 14.1663 15.7459 15.5617 14.1093 13.6761 13.7609 9.66366 6.8978 5.42991 4.38843 4.35123 5.41337 6.89969 
3.52424 1.61124 1.09037 1.00816 1.00813 1.09021 1.61001 3.51546 7.22721 3.24573 1.50278 1.07993 1.07979 1.50191 3.24037 7.28392 13.5734 10.114 8.07155 7.3874 7.40237 8.10004 10.1499 13.6475 20.0507 18.5364 15.7921 14.1862 14.1862 15.7921 18.5364 20.0507 18.3759 23.6863 26.7762 28.2606 28.2606 26.7762 23.6863 18.3759 11.9981 11.9172 12.7198 14.4958 14.3144 12.6579 11.9505 12.037 8.20234 5.92901 4.72227 3.89446 3.86197 4.70864 5.93354 
4.07082 1.8125 1.14732 1.01763 1.01777 1.14839 1.81798 4.08877 8.23896 3.98299 1.79546 1.19739 1.19698 1.79339 3.97813 8.28324 14.5914 13.9473 13.9878 13.8982 13.8218 13.918 13.8919 14.5984 18.0954 16.829 15.5769 15.1865 15.1865 15.5769 16.829 18.0954 17.597 22.8875 25.8516 27.0543 27.0543 25.8516 22.8875 17.597 10.1544 8.89618 8.56216 9.54669 9.39716 8.5176 8.8696 10.0739 6.7042 4.8269 3.87561 3.17017 3.14638 3.86637 4.82998 
1.48978 1.08929 1.01088 1.00096 1.00096 1.01088 1.0887 1.48072 2.82455 1.68974 1.1552 1.02798 1.02805 1.15607 1.69425 2.82521 7.55787 7.77958 7.43349 7.07765 7.07765 7.43349 7.81506 7.63728 9.25167 7.10613 6.23563 6.15977 6.15977 6.23563 7.10613 9.25167 11.8824 16.4091 18.7318 19.3997 19.3997 18.7318 16.4091 11.8824 4.2331 3.48056 3.37468 3.18219 3.19136 3.40856 3.53354 4.36103 2.5538 2.01754 1.7217 1.38519 1.38745 1.72954 2.03252 
1.13863 1.02374 1.00268 0.999986 0.999986 1.00268 1.0238 1.13726 1.6452 1.22293 1.04271 1.00585 1.0057 1.04196 1.22195 1.63825 3.55127 3.52169 3.22809 3.0353 3.0353 3.22809 3.50361 3.55745 5.99474 4.64925 3.71371 3.37942 3.37942 3.71371 4.64925 5.99474 7.93843 11.0354 12.433 12.2579 12.2579 12.433 11.0354 7.93843 2.60524 2.14561 1.89899 1.64879 1.63932 1.89792 2.15407 2.66741 1.94442 1.71286 1.41305 1.13764 1.13648 1.41011 1.71176 
1.02371 1.00337 1.00026 0.999909 0.999909 1.00026 1.00337 1.02344 1.13932 1.03874 1.00553 1.0003 1.00027 1.00543 1.03862 1.13745 1.79996 1.7016 1.55558 1.47764 1.47764 1.55558 1.69365 1.80002 3.49213 3.07301 2.35698 1.88469 1.88469 2.35698 3.07301 3.49213 5.76257 8.11014 8.29678 7.48052 7.48052 8.29678 8.11014 5.76257 1.64701 1.39777 1.23368 1.1149 1.1125 1.23149 1.39897 1.68769 1.51132 1.3234 1.11758 1.02764 1.02746 1.11696 1.3226 
1.00311 1.00023 0.999895 0.999959 0.999959 0.999895 1.00023 1.00307 1.02662 1.00509 1.00025 0.99982 0.99982 1.00023 1.00507 1.02606 1.25951 1.17186 1.11343 1.08803 1.08803 1.11343 1.1693 1.2599 2.21711 2.00797 1.55233 1.29698 1.29698 1.55233 2.00797 2.21711 4.32249 6.28792 5.65356 4.7813 4.7813 5.65356 6.28792 4.32249 1.23812 1.12821 1.05766 1.01788 1.01743 1.05666 1.12794 1.26075 1.18712 1.09267 1.02414 1.00387 1.00384 1.02405 1.09252 
1.00307 1.00023 0.999895 0.999959 0.999959 0.999895 1.00023 1.00307 1.02662 1.00509 1.00025 0.99982 0.99982 1.00025 1.00509 1.02662 1.25951 1.17186 1.1161 1.08961 1.08803 1.11343 1.17186 1.25951 2.21187 2.00609 1.5529 1.29697 1.29698 1.55233 2.00797 2.21711 4.32057 6.30626 5.75759 4.78777 4.7813 5.65356 6.28792 4.32249 1.23802 1.12742 1.05716 1.01765 1.01788 1.05766 1.12742 1.23802 1.18712 1.09267 1.02405 1.00384 1.00387 1.02414 1.09267 
1.02344 1.00337 1.00026 0.999909 0.999909 1.00026 1.00337 1.02344 1.13932 1.03874 1.00553 1.0003 1.0003 1.00553 1.03874 1.13932 1.79996 1.7016 1.56409 1.48229 1.47764 1.55558 1.7016 1.79996 3.48156 3.06859 2.35838 1.88472 1.88469 2.35698 3.07301 3.49213 5.7483 8.16727 8.39815 7.50125 7.48052 8.29678 8.11014 5.76257 1.64595 1.39521 1.23261 1.11372 1.1149 1.23368 1.39521 1.64595 1.51132 1.3234 1.11696 1.02746 1.02764 1.11758 1.3234 
1.13726 1.0238 1.00268 0.999986 0.999986 1.00268 1.0238 1.13726 1.6452 1.22293 1.04271 1.00585 1.00585 1.04271 1.22293 1.6452 3.55127 3.52169 3.24988 3.05077 3.0353 3.22809 3.52169 3.55127 5.98034 4.64853 3.71444 3.37962 3.37942 3.71371 4.64925 5.99474 7.93315 11.1309 12.5132 12.3065 12.2579 12.433 11.0354 7.93843 2.60128 2.14014 1.89852 1.64413 1.64879 1.89899 2.14014 2.60128 1.94442 1.71286 1.41011 1.13648 1.13764 1.41305 1.71286 
1.48072 1.0887 1.01088 1.00096 1.00096 1.01088 1.0887 1.48072 2.82455 1.68974 1.1552 1.02798 1.02798 1.1552 1.68974 2.82455 7.55787 7.77958 7.3277 6.98459 7.07765 7.43349 7.77958 7.55787 9.19706 7.0655 6.20067 6.15862 6.15977 6.23563 7.10613 9.25167 11.7597 16.2628 18.4744 19.1437 19.3997 18.7318 16.4091 11.8824 4.2066 3.45899 3.39111 3.1862 3.18219 3.37468 3.45899 4.2066 2.5538 2.01754 1.72954 1.38745 1.38519 1.7217 2.01754 
1.1081 1.02336 1.00354 1.00044 1.00044 1.00354 1.02336 1.1081 1.62633 1.24814 1.05697 1.00999 1.00999 1.05697 1.24814 1.62633 3.05995 3.19143 3.07988 3.06837 3.06837 3.07988 3.19143 3.05995 5.24836 3.74723 3.04099 2.82609 2.82609 3.04099 3.74723 5.24836 7.30232 9.81264 11.1784 11.3002 11.3002 11.1784 9.81264 7.30232 2.5886 2.13003 2.05973 2.01169 2.01169 2.05973 2.13003 2.5886 1.68603 1.40281 1.17745 1.07296 1.07296 1.17745 1.40281 
1.01677 1.00391 1.00058 0.999949 0.999949 1.00058 1.00391 1.01677 1.13823 1.04709 1.00911 1.00119 1.00119 1.00911 1.04709 1.13823 1.82895 1.89948 1.81057 1.71537 1.71537 1.81057 1.89948 1.82895 3.52457 2.83977 2.14018 1.75406 1.75406 2.14018 2.83977 3.52457 3.3714 4.13576 4.6726 4.69348 4.69348 4.6726 4.13576 3.3714 1.78933 1.51202 1.36951 1.25999 1.25999 1.36951 1.51202 1.78933 1.43736 1.23863 1.06701 1.01546 1.01546 1.06701 1.23863 
1.00141 1.00043 1.00001 0.999979 0.999979 1.00001 1.00043 1.00141 1.02185 1.00635 1.00089 0.999828 0.999828 1.00089 1.00635 1.02185 1.25892 1.27305 1.23323 1.18523 1.18523 1.23323 1.27305 1.25892 2.32005 1.9374 1.43823 1.21001 1.21001 1.43823 1.9374 2.32005 1.75129 1.94984 2.09964 2.05684 2.05684 2.09964 1.94984 1.75129 1.2996 1.16733 1.09157 1.04494 1.04494 1.09157 1.16733 1.2996 1.1749 1.06213 1.01176 1.00208 1.00208 1.01176 1.06213 
0.999854 0.999942 0.999984 0.999998 0.999998 0.999984 0.999942 0.999854 1.00246 1.00034 0.999878 0.99992 0.99992 0.999878 1.00034 1.00246 1.05951 1.06123 1.0499 1.03674 1.03674 1.0499 1.06123 1.05951 1.51689 1.28992 1.10303 1.04149 1.04149 1.10303 1.28992 1.51689 1.18131 1.22974 1.26929 1.25361 1.25361 1.26929 1.22974 1.18131 1.08085 1.03925 1.01524 1.00518 1.00518 1.01524 1.03925 1.08085 1.04067 1.01044 1.00158 0.999925 0.999925 1.00158 1.01044 
0 0 0 0 0.999998 0.999984 0.999942 0.999854 1.00246 1.00034 0.999878 0.99992 0.99992 0.999876 1.00033 1.00257 1.05951 1.06123 1.0499 1.03674 1.03638 1.04933 1.06053 1.05951 1.50919 1.28599 1.10184 1.04108 1.04149 1.10303 1.28992 1.51689 1.18545 1.23487 1.27419 1.25568 1.25361 1.26929 1.22974 1.18131 1.08014 1.03881 1.01509 1.00513 1.00518 1.01524 1.03925 1.08085 1.04067 1.01044 1.00158 0.999925 0 0 0 
0 0 0 0 0.999979 1.00001 1.00043 1.00141 1.02185 1.00635 1.00089 0.999828 0.999827 1.00088 1.00633 1.02244 1.25892 1.27305 1.23323 1.18523 1.18376 1.23074 1.27004 1.25813 2.30189 1.92613 1.43358 1.20834 1.21001 1.43823 1.9374 2.32005 1.76368 1.96539 2.11346 2.06327 2.05684 2.09964 1.94984 1.75129 1.29742 1.16559 1.09091 1.04469 1.04494 1.09157 1.16733 1.2996 1.1749 1.06213 1.01176 1.00208 0 0 0 
0 0 0 0 0.999949 1.00058 1.00391 1.01677 1.13823 1.04709 1.00911 1.00119 1.00119 1.00909 1.047 1.14041 1.82895 1.89948 1.81057 1.71537 1.7113 1.80448 1.8925 1.82697 3.50736 2.83482 2.13546 1.75032 1.75406 2.14018 2.83977 3.52457 3.39942 4.17106 4.70797 4.71194 4.69348 4.6726 4.13576 3.3714 1.78907 1.50858 1.36773 1.25913 1.25999 1.36951 1.51202 1.78933 1.43736 1.23863 1.06701 1.01546 0 0 0 
