0 0 0 0 1.01349 1.06941 1.29059 1.85057 2.88635 1.99187 1.3577 1.12255 1.12255 1.35771 1.99306 2.89444 4.12376 4.43838 3.92863 3.52405 3.51794 3.91766 4.43861 4.12413 2.91371 2.11482 1.87506 2.14825 2.14562 1.87776 2.11799 2.91039 2.22183 2.96896 4.13774 4.81372 4.80264 4.12034 2.95254 2.20165 1.51773 1.2788 1.12734 1.04079 1.04076 1.12732 1.28184 1.52127 1.37628 1.11039 1.01828 1.00214 0 0 0 
0 0 0 0 1.00525 1.03427 1.15143 1.29477 1.47065 1.24089 1.08601 1.02447 1.02447 1.08601 1.24045 1.47127 1.85571 1.9397 1.75529 1.61556 1.61524 1.75429 1.93971 1.85573 1.59882 1.27716 1.16458 1.26031 1.25867 1.16394 1.27583 1.59498 1.36132 2.05791 3.01848 3.37283 3.37781 3.0226 2.06303 1.3622 1.0999 1.06231 1.02763 1.0065 1.0065 1.02763 1.06324 1.10084 1.08835 1.02343 1.0032 1.00027 0 0 0 
0 0 0 0 1.00079 1.00631 1.03564 1.07544 1.07954 1.04075 1.01361 1.00303 1.00303 1.01361 1.04057 1.0794 1.14821 1.16411 1.12209 1.09031 1.09028 1.12195 1.16412 1.14822 1.13256 1.05595 1.02088 1.04644 1.04606 1.02072 1.05555 1.13145 1.11671 1.5046 2.08805 2.11347 2.12134 2.09844 1.51014 1.11764 1.01467 1.01052 1.00428 1.00083 1.00083 1.00428 1.01071 1.01477 1.01359 1.00326 1.00033 0.999934 0 0 0 
0 0 0 0 0.99986 1.00083 1.00585 1.01461 1.01021 1.00432 1.00107 0.99989 0.99989 1.00107 1.00428 1.01013 1.01799 1.01778 1.01214 1.00779 1.00779 1.01213 1.01778 1.01799 1.02379 1.00902 1.00333 1.00666 1.00659 1.0033 1.00892 1.02356 1.03153 1.17156 1.41911 1.42426 1.42733 1.42415 1.17357 1.0318 1.00166 1.00109 1.00034 0.99994 0.99994 1.00034 1.00111 1.00166 1.0016 1.00025 0.999935 0.999969 0 0 0 
1.01461 1.00585 1.00083 0.99986 0.99986 1.00083 1.00585 1.01461 1.01021 1.00432 1.00107 0.99989 0.99989 1.00107 1.00432 1.01021 1.01799 1.01778 1.01213 1.00779 1.00779 1.01213 1.01778 1.01799 1.02379 1.00902 1.00333 1.00666 1.00666 1.00333 1.00902 1.02379 1.0318 1.17357 1.42415 1.42733 1.42733 1.42415 1.17357 1.0318 1.00166 1.00111 1.00034 0.99994 0.99994 1.00034 1.00109 1.00166 1.0016 1.00025 0.999935 0.999969 0.999969 0.999935 1.00025 
1.07544 1.03564 1.00631 1.00079 1.00079 1.00631 1.03564 1.07544 1.07954 1.04075 1.01361 1.00303 1.00303 1.01361 1.04075 1.07954 1.14822 1.16412 1.12195 1.09028 1.09028 1.12195 1.16412 1.14822 1.13256 1.05595 1.02088 1.04644 1.04644 1.02088 1.05595 1.13256 1.11764 1.51014 2.09844 2.12134 2.12134 2.09844 1.51014 1.11764 1.01477 1.01071 1.00428 1.00083 1.00083 1.00428 1.01052 1.01467 1.01359 1.00326 1.00033 0.999934 0.999934 1.00033 1.00326 
1.29477 1.15143 1.03427 1.00525 1.00525 1.03427 1.15143 1.29477 1.47065 1.24089 1.08601 1.02447 1.02447 1.08601 1.24089 1.47065 1.85573 1.93971 1.75429 1.61524 1.61524 1.75429 1.93971 1.85573 1.59882 1.27716 1.16458 1.26031 1.26031 1.16458 1.27716 1.59882 1.3622 2.06303 3.0226 3.37781 3.37781 3.0226 2.06303 1.3622 1.10084 1.06324 1.02763 1.0065 1.0065 1.02763 1.06231 1.0999 1.08835 1.02343 1.0032 1.00027 1.00027 1.0032 1.02343 
1.85057 1.29059 1.06941 1.01349 1.01349 1.06941 1.29059 1.85057 2.88635 1.99187 1.35771 1.12255 1.12255 1.35771 1.99187 2.88635 4.12413 4.43861 3.91766 3.51794 3.51794 3.91766 4.43861 4.12413 2.91371 2.11482 1.87506 2.14825 2.14825 1.87506 2.11482 2.91371 2.20165 2.95254 4.12034 4.80264 4.80264 4.12034 2.95254 2.20165 1.52127 1.28184 1.12732 1.04076 1.04079 1.12734 1.2788 1.51773 1.37628 1.11039 1.01828 1.00214 1.00214 1.01828 1.11039 
3.67468 2.00119 1.27479 1.06021 1.06048 1.27595 2.00127 3.67468 5.56692 3.64161 1.94609 1.37222 1.37625 1.95409 3.63108 5.56082 7.79975 8.54145 7.87627 7.0795 7.0795 7.87627 8.54145 7.79975 5.81228 4.98848 4.24955 4.4855 4.49004 4.23983 5.01508 5.78896 6.13828 6.74257 6.92611 7.01844 7.01844 6.92611 6.74257 6.13828 2.80217 1.82812 1.38331 1.24877 1.24525 1.3792 1.82137 2.7991 1.83747 1.2161 1.02147 1.00076 1.00077 1.02177 1.21572 
2.32371 1.54973 1.13449 1.02416 1.02403 1.13391 1.54973 2.32371 2.91637 1.99301 1.30475 1.0907 1.09067 1.3048 1.99056 2.91667 4.07066 4.46902 3.96761 3.42823 3.42823 3.96761 4.46902 4.07066 3.02037 2.63069 2.07173 2.21541 2.22581 2.07345 2.6568 3.00987 3.0269 3.29216 3.2381 3.18311 3.18311 3.2381 3.29216 3.0269 1.4962 1.17064 1.04417 1.02156 1.0217 1.04573 1.17282 1.49994 1.18197 1.02569 0.998952 0.99925 0.999255 0.998991 1.02595 
1.44904 1.18395 1.03515 1.0046 1.00457 1.03501 1.18395 1.44904 1.49205 1.22171 1.05135 1.01086 1.01085 1.05137 1.22139 1.49189 1.86899 2.00696 1.80386 1.58023 1.58023 1.80386 2.00696 1.86899 1.52991 1.34799 1.18254 1.26074 1.2667 1.18468 1.35766 1.53315 1.58894 1.67689 1.65696 1.60797 1.60797 1.65696 1.67689 1.58894 1.0782 1.00778 0.994299 0.999177 0.999202 0.994571 1.00802 1.07847 1.02382 1.00163 0.999621 0.999926 0.999925 0.999629 1.00168 
1.13158 1.04707 1.00684 1.00035 1.00035 1.00682 1.04707 1.13158 1.10117 1.03757 1.00639 1.00022 1.00022 1.00639 1.03757 1.10113 1.20393 1.25061 1.18697 1.10966 1.10966 1.18697 1.25061 1.20393 1.11087 1.05105 1.01867 1.05183 1.05347 1.01914 1.05322 1.11324 1.13817 1.17623 1.18216 1.17272 1.17272 1.18216 1.17623 1.13817 1.00723 0.996508 0.997489 0.999805 0.999814 0.997534 0.996576 1.00727 1.00213 1 1.00001 1 1 1.00001 1 
1.13162 1.04707 1.00682 1.00035 1.00035 1.00684 1.04707 1.13158 1.10113 1.03757 1.00639 1.00022 1.00022 1.00639 1.03757 1.10113 1.2019 1.24814 1.18456 1.10838 1.10966 1.18697 1.25061 1.20393 1.11324 1.05322 1.01914 1.05347 1.05347 1.01914 1.05322 1.11324 1.13843 1.17509 1.18081 1.17093 1.17272 1.18216 1.17623 1.13817 1.00727 0.996531 0.997496 0.999807 0.999817 0.997489 0.996508 1.00759 1.00213 1 1.00001 1 1 1.00001 1 
1.44921 1.18395 1.03501 1.00457 1.0046 1.03515 1.18395 1.44904 1.49189 1.22139 1.05137 1.01085 1.01085 1.05137 1.22139 1.49189 1.85953 1.99929 1.79685 1.57625 1.58023 1.80386 2.00696 1.86899 1.53315 1.35766 1.18468 1.2667 1.2667 1.18468 1.35766 1.53315 1.59164 1.67339 1.65139 1.60046 1.60797 1.65696 1.67689 1.58894 1.07847 1.00803 0.994353 0.999214 0.999274 0.994299 1.00778 1.08074 1.02382 1.00168 0.999629 0.999925 0.999926 0.999621 1.00163 
2.3233 1.54973 1.13391 1.02403 1.02416 1.13449 1.54973 2.32371 2.91667 1.99056 1.3048 1.09067 1.09067 1.3048 1.99056 2.91667 4.02748 4.43832 3.9358 3.40616 3.42823 3.96761 4.46902 4.07066 3.00987 2.6568 2.07345 2.22581 2.22581 2.07345 2.6568 3.00987 3.0337 3.27874 3.21329 3.1521 3.18311 3.2381 3.29216 3.0269 1.49994 1.17205 1.04483 1.02198 1.02236 1.04417 1.17064 1.5075 1.18197 1.02595 0.998991 0.999255 0.99925 0.998952 1.02569 
3.69088 2.00127 1.27595 1.06048 1.06021 1.27479 2.00119 3.67468 5.56082 3.63108 1.95409 1.37625 1.37625 1.95409 3.63108 5.56082 7.85216 8.66611 8.0042 7.20428 7.0795 7.87627 8.54145 7.79975 5.78896 5.01508 4.23983 4.49004 4.49004 4.23983 5.01508 5.78896 6.24371 6.78664 6.94932 7.02443 7.01844 6.92611 6.74257 6.13828 2.7991 1.83449 1.38758 1.25235 1.25757 1.38331 1.82812 2.85088 1.83747 1.21572 1.02177 1.00077 1.00076 1.02147 1.2161 
7.7641 3.82933 1.89511 1.27731 1.27683 1.8974 3.8454 7.82526 11.4198 7.86445 4.45287 2.89755 2.89538 4.45019 7.88469 11.4806 14.8894 16.4774 16.6066 15.9231 15.847 16.517 16.4773 14.8894 10.5747 9.88069 9.1915 9.60192 9.60192 9.1915 9.88069 10.5747 10.2239 10.7563 11.2613 11.7324 11.5115 11.0669 10.7595 10.2394 6.46918 4.8277 3.47529 2.65812 2.65965 3.4807 4.83249 6.51484 5.12721 2.98643 1.56662 1.13583 1.13472 1.56031 2.96046 
7.84583 4.02903 1.98015 1.34695 1.34493 1.97709 4.02886 7.87441 10.7727 8.05404 4.65939 3.01713 3.00794 4.64343 8.05551 10.7688 12.045 12.5416 11.4632 10.0815 10.096 11.4584 12.5419 12.0451 10.2599 9.94809 8.84201 8.28741 8.28741 8.84201 9.94809 10.2599 9.25444 9.53271 9.60943 9.94929 9.8634 9.53993 9.54014 9.27732 6.0667 4.85527 3.377 2.22125 2.21814 3.37336 4.85048 6.10243 4.35646 2.5102 1.436 1.0854 1.08512 1.43408 2.50206 
7.16622 3.6932 1.86025 1.27479 1.27323 1.85754 3.69153 7.1867 9.95594 7.69598 4.31536 2.66616 2.65843 4.30317 7.70466 9.94837 10.0872 10.0938 8.39434 6.69853 6.70944 8.39026 10.0941 10.0875 9.8526 10.251 9.12768 7.70768 7.70768 9.12768 10.251 9.8526 7.98052 8.42822 8.87797 9.5064 9.42167 8.8205 8.43737 8.01259 4.94045 3.98026 2.75667 1.72966 1.72674 2.74593 3.96643 4.96037 3.44448 1.98743 1.25931 1.04098 1.04057 1.25695 1.97833 
6.48779 3.39312 1.75142 1.20788 1.20704 1.75009 3.39243 6.49673 9.07678 6.99155 3.75917 2.20243 2.19816 3.75364 6.99769 9.0715 8.96709 8.93545 7.18373 5.38521 5.39081 7.18348 8.93546 8.96715 10.5553 12.892 12.0831 9.5859 9.5859 12.0831 12.892 10.5553 6.78605 7.75668 8.78327 9.8503 9.81206 8.76206 7.76405 6.82115 3.54128 2.75604 1.88054 1.29411 1.29294 1.87583 2.74611 3.55041 2.41881 1.4415 1.0882 1.00977 1.00959 1.08682 1.43572 
6.49673 3.39243 1.75009 1.20704 1.20704 1.75009 3.39243 6.49673 9.0715 6.99769 3.75364 2.19816 2.19816 3.75364 6.99769 9.0715 8.96715 8.93546 7.18373 5.38521 5.38521 7.18373 8.93546 8.96715 10.5379 12.885 12.0642 9.58118 9.5859 12.0831 12.892 10.5553 6.82115 7.76405 8.76206 9.81206 9.8503 8.78327 7.75668 6.78605 3.54057 2.74495 1.87096 1.29113 1.29411 1.88054 2.75604 3.54128 2.40179 1.43572 1.08682 1.00959 1.00977 1.0882 1.4415 
7.1867 3.69153 1.85754 1.27323 1.27323 1.85754 3.69153 7.1867 9.94837 7.70466 4.30317 2.65843 2.65843 4.30317 7.70466 9.94837 10.0875 10.0941 8.39434 6.69853 6.69853 8.39434 10.0941 10.0875 9.81817 10.2276 9.10058 7.70208 7.70768 9.12768 10.251 9.8526 8.01259 8.43737 8.8205 9.42167 9.5064 8.87797 8.42822 7.98052 4.93848 3.96162 2.73572 1.72109 1.72966 2.75667 3.98026 4.94045 3.40621 1.97833 1.25695 1.04057 1.04098 1.25931 1.98743 
7.87441 4.02886 1.97709 1.34493 1.34493 1.97709 4.02886 7.87441 10.7688 8.05551 4.64343 3.00794 3.00794 4.64343 8.05551 10.7688 12.0451 12.5419 11.4632 10.0815 10.0815 11.4632 12.5419 12.0451 10.2225 9.90864 8.82777 8.28356 8.28741 8.84201 9.94809 10.2599 9.27732 9.54014 9.53993 9.8634 9.94929 9.60943 9.53271 9.25444 6.06486 4.8345 3.35513 2.21053 2.22125 3.377 4.85527 6.0667 4.31165 2.50206 1.43408 1.08512 1.0854 1.436 2.5102 
7.82526 3.8454 1.8974 1.27683 1.27683 1.8974 3.8454 7.82526 11.4806 7.88469 4.45019 2.89538 2.89538 4.45019 7.88469 11.4806 14.8894 16.4773 16.6066 15.9231 15.9231 16.6066 16.4773 14.8894 10.6343 9.97697 9.30945 9.69284 9.60192 9.1915 9.88069 10.5747 10.2394 10.7595 11.0669 11.5115 11.7324 11.2613 10.7563 10.2239 6.53226 4.86695 3.49935 2.67028 2.65812 3.47529 4.8277 6.46918 5.03973 2.96046 1.56031 1.13472 1.13583 1.56662 2.98643 
11.4988 5.8129 2.71615 1.55849 1.55849 2.71615 5.8129 11.4988 16.7341 11.4039 6.91289 4.5529 4.58272 6.97126 11.4564 16.7404 22.2211 25.2291 26.5131 26.7912 26.7326 26.4658 25.1949 22.1727 18.9313 19.3376 19.9765 19.9694 20.1316 20.1597 19.515 19.075 19.1424 22.6121 24.7373 25.4712 25.4697 24.7319 22.6215 19.1036 13.5587 11.6076 9.26783 7.4721 7.4721 9.26783 11.6076 13.5587 11.0695 6.18213 2.75954 1.54551 1.54551 2.75954 6.18213 
12.6298 6.252 2.81756 1.57165 1.57165 2.81756 6.252 12.6298 18.1719 12.1013 7.20847 4.77108 4.79475 7.25404 12.1353 18.1422 24.5935 28.2671 29.8669 30.4704 30.481 29.8844 28.3048 24.6049 20.2735 19.7679 20.3648 20.8869 20.8996 20.3603 19.7662 20.2756 22.6102 27.2442 29.4566 30.0979 30.1141 29.4848 27.2903 22.5743 15.0293 13.1108 11.023 9.16117 9.16117 11.023 13.1108 15.0293 11.8884 6.39176 2.84212 1.58867 1.58867 2.84212 6.39176 
13.3115 6.54773 2.89404 1.58864 1.58864 2.89404 6.54773 13.3115 19.1481 12.4291 7.1613 4.75903 4.78034 7.20044 12.4621 19.1197 26.3583 30.3744 31.9714 32.6073 32.6135 31.9839 30.4163 26.3794 20.5828 19.0819 19.625 20.7913 20.8145 19.6065 19.0754 20.5832 24.7133 29.9473 32.1752 32.7901 32.7918 32.1791 29.9599 24.6706 16.015 14.0712 12.0132 10.0969 10.0969 12.0132 14.0712 16.015 12.3697 6.3681 2.83514 1.61836 1.61836 2.83514 6.3681 
13.4981 6.58521 2.89102 1.58711 1.58711 2.89102 6.58521 13.4981 19.8335 12.4386 6.86289 4.59808 4.61031 6.88043 12.456 19.8148 27.3661 31.3987 32.9047 33.3736 33.377 32.9098 31.4195 27.3741 20.96 19.0378 19.7071 21.0173 21.0344 19.6925 19.0313 20.9571 25.6649 30.8441 32.9796 33.5823 33.5833 32.9815 30.8516 25.6313 16.803 14.5881 12.091 10.1895 10.1895 12.091 14.5881 16.803 12.7359 6.43885 2.8837 1.64565 1.64565 2.8837 6.43885 
13.4645 6.57817 2.89138 1.58813 1.58711 2.89102 6.58521 13.4981 19.8148 12.456 6.88043 4.61031 4.61031 6.88043 12.456 19.8148 27.3661 31.3987 32.9047 33.3736 33.3736 32.9047 31.3987 27.3661 20.9571 19.0313 19.6925 21.0344 21.0173 19.7071 19.0313 20.9571 25.6313 30.8516 32.9815 33.5833 33.5823 32.9796 30.8441 25.6649 16.8798 14.6106 12.1219 10.2127 10.1895 12.091 14.5881 16.803 12.7359 6.43885 2.8837 1.64565 1.64476 2.88099 6.42831 
13.2459 6.53198 2.89292 1.58984 1.58864 2.89404 6.54773 13.3115 19.1197 12.4621 7.20044 4.78034 4.78034 7.20044 12.4621 19.1197 26.3583 30.3744 31.9714 32.6073 32.6073 31.9714 30.3744 26.3583 20.5832 19.0754 19.6065 20.8145 20.7913 19.625 19.0754 20.5832 24.6706 29.9599 32.1791 32.7918 32.7901 32.1752 29.9473 24.7133 16.0727 14.0808 12.0455 10.1423 10.0969 12.0132 14.0712 16.015 12.3697 6.3681 2.83514 1.61836 1.61682 2.83034 6.35056 
12.5587 6.23245 2.81507 1.57238 1.57165 2.81756 6.252 12.6298 18.1422 12.1353 7.25404 4.79475 4.79475 7.25404 12.1353 18.1422 24.5935 28.2671 29.8669 30.4704 30.4704 29.8669 28.2671 24.5935 20.2756 19.7662 20.3603 20.8996 20.8869 20.3648 19.7662 20.2756 22.5743 27.2903 29.4848 30.1141 30.0979 29.4566 27.2442 22.6102 15.0727 13.1112 11.0565 9.2092 9.16117 11.023 13.1108 15.0293 11.8884 6.39176 2.84212 1.58867 1.58728 2.83733 6.37373 
11.4548 5.79833 2.71354 1.55861 1.55849 2.71615 5.8129 11.4988 16.7404 11.4564 6.97126 4.58272 4.58272 6.97126 11.4564 16.7404 22.2211 25.2291 26.5131 26.7912 26.7912 26.5131 25.2291 22.2211 19.075 19.515 20.1597 20.1316 19.9694 19.9765 19.515 19.075 19.1036 22.6215 24.7319 25.4697 25.4712 24.7373 22.6121 19.1424 13.5991 11.6033 9.28938 7.50606 7.4721 9.26783 11.6076 13.5587 11.0695 6.18213 2.75954 1.54551 1.54583 2.76146 6.18765 
12.2671 6.00933 2.8311 1.68607 1.69191 2.84551 6.04433 12.3151 18.3744 12.4951 7.69942 4.98877 4.98877 7.69942 12.4951 18.3744 25.5408 28.3988 30.2148 30.8261 30.8261 30.2148 28.3988 25.5408 27.864 30.766 31.5772 31.1982 31.2711 31.6327 30.8024 27.9272 23.1826 27.3757 29.8155 30.7779 30.769 29.8364 27.4034 23.1242 15.003 12.0671 8.89214 6.37924 6.37949 8.8919 12.0669 15.0039 11.7559 6.41117 2.85429 1.58232 1.58232 2.85429 6.41117 
13.3491 6.52014 3.07814 1.80902 1.81803 3.10201 6.57637 13.418 19.8216 13.6082 8.56952 5.62437 5.62437 8.56952 13.6082 19.8216 27.5518 30.3462 32.043 32.6447 32.6447 32.043 30.3462 27.5518 29.0408 31.2985 32.2013 32.3584 32.3538 32.1935 31.2889 29.0963 25.5533 28.8069 30.978 32.0647 32.077 31.0041 28.8098 25.455 17.8199 14.4539 10.8622 8.03255 8.03245 10.8622 14.4542 17.8219 13.1462 6.67837 2.92571 1.62211 1.62211 2.92571 6.67837 
14.1939 7.04046 3.25618 1.88436 1.89281 3.27643 7.09037 14.2563 20.6895 14.0525 8.65445 5.68291 5.68291 8.65445 14.0525 20.6895 28.6611 31.4077 33.1491 33.7678 33.7678 33.1491 31.4077 28.6611 29.6986 31.4328 32.3947 32.8608 32.8557 32.3849 31.4285 29.7525 26.9269 29.8303 31.8597 33.0112 33.019 31.8723 29.8165 26.8317 19.3465 15.6026 11.6603 8.8598 8.8598 11.6602 15.6027 19.348 13.8883 6.71583 2.92612 1.65344 1.65344 2.92612 6.71583 
14.2659 7.02113 3.17583 1.78732 1.79153 3.18619 7.04709 14.3002 21.0164 13.7356 8.06737 5.41083 5.41083 8.06737 13.7356 21.0164 29.1078 31.7504 33.4961 34.0751 34.0751 33.4961 31.7504 29.1078 29.9786 31.4601 32.4324 32.9918 32.9884 32.4273 31.4582 30.0074 27.5694 30.5845 32.5822 33.5163 33.5207 32.5888 30.5724 27.5035 20.1236 16.0399 11.6889 9.20867 9.2086 11.6889 16.0402 20.1254 14.353 6.90732 3.02637 1.69838 1.69838 3.02637 6.90732 
14.3002 7.04709 3.18619 1.79153 1.79153 3.18619 7.04709 14.3002 20.9053 13.7204 7.97028 5.34764 5.41083 8.06737 13.7356 21.0164 29.1078 31.7504 33.4961 34.0751 34.0843 33.5136 31.7631 29.147 30.0074 31.4582 32.4273 32.9884 32.9884 32.4324 31.4601 29.9786 27.5035 30.5724 32.5888 33.5207 33.5129 32.5801 30.5883 27.6344 20.1497 16.0874 11.6889 9.2086 9.17009 11.6705 16.0904 20.2141 14.353 6.90732 3.02637 1.69838 1.69836 3.02641 6.91849 
14.2563 7.09037 3.27643 1.89281 1.89281 3.27643 7.09037 14.2563 20.5832 13.9941 8.45379 5.56114 5.68291 8.65445 14.0525 20.6895 28.6611 31.4077 33.1491 33.7678 33.7844 33.1879 31.4401 28.7053 29.7525 31.4285 32.3849 32.8557 32.8557 32.3947 31.4328 29.6986 26.8317 29.8165 31.8723 33.019 33.0056 31.8471 29.8388 27.0175 19.3999 15.6891 11.6602 8.8598 8.79371 11.5935 15.6947 19.4816 13.8883 6.71583 2.92612 1.65344 1.65342 2.92617 6.73071 
13.418 6.57637 3.10201 1.81803 1.81803 3.10201 6.57637 13.418 19.7124 13.5616 8.36129 5.49017 5.62437 8.56952 13.6082 19.8216 27.5518 30.3462 32.043 32.6447 32.6461 32.0616 30.3653 27.5898 29.0963 31.2889 32.1935 32.3538 32.3538 32.2013 31.2985 29.0408 25.455 28.8098 31.0041 32.077 32.0544 30.9528 28.798 25.6483 17.8837 14.5421 10.8622 8.03245 7.96464 10.7932 14.5431 17.957 13.1462 6.67837 2.92571 1.62211 1.62209 2.92578 6.69304 
12.3151 6.04433 2.84551 1.69191 1.69191 2.84551 6.04433 12.3151 18.1776 12.3629 7.487 4.86037 4.98877 7.69942 12.4951 18.3744 25.5408 28.3988 30.2148 30.8261 30.9001 30.3165 28.4394 25.595 27.9272 30.8024 31.6327 31.2711 31.2711 31.5772 30.766 27.864 23.1242 27.4034 29.8364 30.769 30.7912 29.7979 27.3379 23.2574 14.9555 12.0507 8.8919 6.37949 6.27524 8.75522 12.0321 15.0053 11.7559 6.41117 2.85429 1.58232 1.5823 2.85425 6.40499 
9.29033 4.23845 1.99563 1.26611 1.26611 1.99563 4.23845 9.29033 14.9486 8.75441 4.28922 2.57382 2.57933 4.30066 8.74753 14.9833 24.6462 27.8409 30.0157 30.7258 30.7669 30.0702 27.9002 24.63 26.1329 30.0074 31.539 31.5136 31.5136 31.539 30.0037 26.1322 20.5781 26.3257 29.6856 31.0074 30.9905 29.6708 26.2907 20.6495 8.62501 6.17586 4.30504 3.16389 3.16216 4.31121 6.14317 8.59704 5.72056 2.9461 1.50772 1.12397 1.12487 1.51204 2.96282 
8.61845 3.84693 1.80088 1.17523 1.17523 1.80088 3.84693 8.61845 14.3834 7.82995 3.48264 1.97429 1.98084 3.49573 7.8357 14.452 25.3114 28.9656 31.487 32.2096 32.2058 31.4917 28.9888 25.2879 26.3321 30.2262 31.915 32.4097 32.4097 31.915 30.2238 26.3361 20.34 26.6906 30.4449 32.0771 32.0851 30.4507 26.6677 20.4506 7.68611 5.58909 3.99394 2.96661 3.00218 3.96197 5.58721 7.68693 4.8013 2.51089 1.37921 1.07122 1.07099 1.37908 2.51288 
8.15246 3.50495 1.64184 1.11975 1.11975 1.64184 3.50495 8.15246 14.1667 7.47114 3.19867 1.76075 1.7648 3.20709 7.47355 14.2386 25.6305 29.4788 32.3365 33.1925 33.1933 32.3422 29.497 25.6052 26.2789 30.2661 32.1063 32.8778 32.8778 32.1063 30.2641 26.2835 20.0141 26.7879 30.7915 32.5255 32.5265 30.7935 26.7587 20.1278 6.9514 5.11584 3.6533 2.63107 2.66947 3.62068 5.11743 6.9502 4.08125 2.05906 1.2298 1.0323 1.03232 1.23051 2.06339 
7.90046 3.3027 1.54714 1.09127 1.09127 1.54714 3.3027 7.90046 14.1286 7.36927 3.10248 1.67772 1.67974 3.1057 7.36367 14.1951 25.764 29.6812 32.6138 33.479 33.4778 32.616 29.6872 25.7289 26.2181 30.3413 32.1897 32.9787 32.9787 32.1897 30.3399 26.2225 19.8245 26.886 31.0532 32.7075 32.7078 31.0539 26.8574 19.9267 6.49978 4.53731 3.02446 2.0565 2.07538 3.00223 4.54002 6.49924 3.6382 1.76722 1.14844 1.02003 1.02002 1.14875 1.76989 
7.89242 3.29917 1.5462 1.09107 1.09127 1.54714 3.3027 7.90046 14.1951 7.36367 3.1057 1.67974 1.67974 3.1057 7.36367 14.1951 25.764 29.6812 32.6138 33.479 33.479 32.6138 29.6812 25.764 26.2225 30.3399 32.1892 32.9787 32.9787 32.1897 30.3413 26.2181 19.8403 26.8768 31.0278 32.6888 32.7075 31.0532 26.886 19.8245 6.49924 4.54002 3.03088 2.07538 2.07273 3.02446 4.53184 6.49924 3.6382 1.76722 1.14844 1.02003 1.02003 1.14844 1.76722 
8.13329 3.49686 1.63952 1.11918 1.11975 1.64184 3.50495 8.15246 14.2386 7.47355 3.20709 1.7648 1.7648 3.20709 7.47355 14.2386 25.6305 29.4788 32.3365 33.1925 33.1925 32.3365 29.4788 25.6305 26.2835 30.2641 32.1056 32.8772 32.8778 32.1063 30.2661 26.2789 20.0401 26.774 30.7508 32.4937 32.5255 30.7915 26.7879 20.0141 6.9502 5.11743 3.65809 2.66947 2.66725 3.6533 5.11017 6.9502 4.08125 2.05906 1.2298 1.0323 1.0323 1.2298 2.05906 
8.59317 3.83546 1.79742 1.17427 1.17523 1.80088 3.84693 8.61845 14.452 7.8357 3.49573 1.98084 1.98084 3.49573 7.8357 14.452 25.3114 28.9656 31.487 32.2096 32.2096 31.487 28.9656 25.3114 26.3361 30.2238 31.915 32.4097 32.4097 31.915 30.2262 26.3321 20.3622 26.6803 30.4093 32.0543 32.0771 30.4449 26.6906 20.34 7.68693 5.58721 3.99389 3.00218 3.0025 3.99394 5.58538 7.68693 4.8013 2.51089 1.37921 1.07122 1.07122 1.37921 2.51089 
9.22959 4.20878 1.98557 1.26319 1.26611 1.99563 4.23845 9.29033 14.9833 8.74753 4.30066 2.57933 2.57933 4.30066 8.74753 14.9833 24.6462 27.8409 30.0157 30.7258 30.7258 30.0157 27.8409 24.6462 26.1322 30.0037 31.5361 31.5091 31.5136 31.539 30.0074 26.1329 20.547 26.2873 29.6399 30.9721 31.0074 29.6856 26.3257 20.5781 8.59704 6.14317 4.29882 3.16216 3.16459 4.30504 6.15381 8.59704 5.72056 2.9461 1.50772 1.12397 1.12397 1.50772 2.9461 
7.14293 2.99236 1.46909 1.07991 1.08002 1.46982 2.9949 7.16277 12.9787 7.46708 3.38788 1.9564 1.9564 3.38788 7.46708 12.9787 22.7814 24.9784 26.2848 26.9315 26.9315 26.2848 24.9784 22.7814 22.6847 25.2977 26.1022 26.2378 26.2331 25.9918 25.2948 22.6872 18.9388 24.2971 27.63 29.1029 29.0136 27.5098 24.2588 18.9771 8.65564 5.88801 4.11391 3.5582 3.56315 4.12638 5.90084 8.65564 5.66812 3.20347 2.02706 1.44472 1.44472 2.02706 3.20347 
7.32995 3.08979 1.50088 1.08308 1.08315 1.50192 3.09623 7.36951 13.3248 7.64927 3.42054 1.93798 1.93798 3.42054 7.64927 13.3248 23.8122 27.0624 29.0777 30.0571 30.0571 29.0777 27.0624 23.8122 22.0523 24.9011 26.5157 27.2674 27.2681 26.5406 24.9019 22.0553 18.7037 24.0367 27.4473 29.3242 29.2555 27.3388 23.9885 18.7565 8.25829 5.20348 2.93343 2.08202 2.08051 2.93093 5.20165 8.25829 5.45218 2.99295 1.74153 1.21332 1.21332 1.74153 2.99295 
7.50834 3.19313 1.53156 1.08818 1.08819 1.53237 3.19894 7.54796 13.508 7.74099 3.43915 1.93824 1.93824 3.43915 7.74099 13.508 24.1664 28.0792 30.6991 31.8884 31.8884 30.6991 28.0792 24.1664 21.3513 24.1766 25.9804 27.0726 27.0728 26.0035 24.1765 21.3541 17.9401 23.4581 27.3005 29.6556 29.5936 27.211 23.4185 17.9934 7.76226 4.67391 2.31566 1.49311 1.49222 2.31232 4.66612 7.76226 5.14619 2.74965 1.54533 1.12367 1.12367 1.54533 2.74965 
7.59794 3.22223 1.52594 1.08433 1.08424 1.52595 3.22417 7.62236 13.571 7.62743 3.32982 1.85183 1.85183 3.32982 7.62743 13.571 24.2747 28.4615 31.3407 32.4931 32.4931 31.3407 28.4615 24.2747 21.1097 23.8964 25.7787 26.9975 26.9978 25.7889 23.8967 21.1129 17.441 23.5141 27.7755 30.1277 30.1055 27.7273 23.4895 17.475 7.1684 4.15287 1.99136 1.28649 1.28601 1.98963 4.14587 7.1684 4.64746 2.38855 1.35256 1.06402 1.06402 1.35256 2.38855 
7.62236 3.22417 1.52595 1.08424 1.08424 1.52595 3.22417 7.62236 13.513 7.62296 3.31917 1.8518 1.85183 3.32982 7.62743 13.571 24.2747 28.4615 31.3407 32.4931 32.5055 31.3613 28.4926 24.2063 21.1129 23.8967 25.7889 26.9978 26.9978 25.7889 23.8964 21.1097 17.475 23.4895 27.7273 30.1055 30.1055 27.7273 23.4895 17.475 7.29805 4.1656 1.99652 1.2882 1.2882 1.99803 4.1656 7.29805 4.64746 2.38855 1.35256 1.06402 1.06349 1.35033 2.38184 
7.54796 3.19894 1.53237 1.08819 1.08819 1.53237 3.19894 7.54796 13.4451 7.72741 3.42062 1.93826 1.93824 3.43915 7.74099 13.508 24.1664 28.0792 30.6991 31.8884 31.9073 30.7349 28.1086 24.0802 21.3541 24.1765 26.0035 27.0728 27.0728 26.0035 24.1766 21.3513 17.9934 23.4185 27.211 29.5936 29.5936 27.211 23.4185 17.9934 7.95226 4.70954 2.32588 1.49857 1.49857 2.32905 4.70954 7.95226 5.14619 2.74965 1.54533 1.12367 1.12261 1.54154 2.7387 
7.36951 3.09623 1.50192 1.08315 1.08315 1.50192 3.09623 7.36951 13.2636 7.63534 3.40143 1.93799 1.93798 3.42054 7.64927 13.3248 23.8122 27.0624 29.0777 30.0571 30.0764 29.1083 27.0815 23.7329 22.0553 24.9019 26.5406 27.2681 27.2681 26.5406 24.9011 22.0523 18.7565 23.9885 27.3388 29.2555 29.2555 27.3388 23.9885 18.7565 8.47591 5.24867 2.94436 2.08748 2.08748 2.95151 5.24867 8.47591 5.45218 2.99295 1.74153 1.21332 1.21316 1.7392 2.98153 
7.16277 2.9949 1.46982 1.08002 1.08002 1.46982 2.9949 7.16277 12.8931 7.43926 3.36464 1.95647 1.9564 3.38788 7.46708 12.9787 22.7814 24.9784 26.2848 26.9315 26.8679 26.2331 24.9242 22.665 22.6872 25.2948 25.9918 26.2331 26.2331 25.9918 25.2977 22.6847 18.9771 24.2588 27.5098 29.0136 29.0136 27.5098 24.2588 18.9771 8.87378 5.93801 4.1317 3.61785 3.61785 4.16899 5.93801 8.87378 5.66812 3.20347 2.02706 1.44472 1.45529 2.0406 3.2071 
4.11096 1.82739 1.15119 1.01833 1.01818 1.15011 1.82739 4.11096 8.3619 4.01048 1.8019 1.20123 1.20114 1.80158 4.01048 8.3619 14.62 13.9374 13.9427 13.8531 13.8531 13.9427 13.9374 14.62 18.0568 16.8145 15.5533 15.1821 15.0486 15.403 16.6701 17.9746 17.5674 22.8624 25.8425 27.0591 27.0591 25.8425 22.8624 17.5674 10.2714 8.91795 8.52831 9.49918 9.49918 8.55028 8.91795 10.2714 6.7324 4.8262 3.88127 3.18986 3.18986 3.88127 4.82307 
3.53919 1.62004 1.09257 1.00845 1.00848 1.09274 1.62004 3.53919 7.3458 3.26683 1.50952 1.082 1.08191 1.50911 3.26683 7.3458 13.6483 10.1588 8.12536 7.42697 7.42697 8.12536 10.1588 13.6483 20.0325 18.5391 15.8206 14.2268 14.2091 15.7838 18.5294 20.0355 18.3102 23.6043 26.7001 28.1997 28.1997 26.7001 23.6043 18.3102 12.0412 11.8936 12.6993 14.4034 14.4034 12.6687 11.8936 12.0412 8.23992 5.92358 4.72553 3.91599 3.91599 4.72553 5.91913 
3.09312 1.46096 1.06146 1.00448 1.00452 1.0618 1.46096 3.09312 6.61446 2.91655 1.39975 1.05685 1.05682 1.39954 2.91655 6.61446 13.2947 8.06949 4.81458 3.70848 3.70848 4.81458 8.06949 13.2947 21.7453 20.5585 17.2587 14.1848 14.1585 17.2229 20.5601 21.7482 19.0788 24.0071 27.2635 28.9345 28.9345 27.2635 24.0071 19.0788 13.7026 13.6152 14.1495 15.6625 15.6625 14.1268 13.6152 13.7026 9.69917 6.88555 5.43146 4.41279 4.41279 5.43146 6.88382 
2.85422 1.37311 1.0442 1.00266 1.00268 1.04437 1.37311 2.85422 6.23995 2.72767 1.34577 1.04661 1.0466 1.34568 2.72767 6.23995 13.1294 7.2709 3.67093 2.44536 2.44536 3.67093 7.2709 13.1294 22.5164 21.7178 18.9387 15.3574 15.3346 18.9259 21.7216 22.5216 19.6523 24.0777 27.4714 29.4107 29.4107 27.4714 24.0777 19.6523 15.0796 14.4469 14.3724 15.0594 15.0594 14.3628 14.4469 15.0796 11.0682 7.64127 5.41222 3.85115 3.85115 5.41222 7.64301 
2.86091 1.37424 1.04437 1.00268 1.00266 1.0442 1.37311 2.85422 6.23995 2.72767 1.34568 1.0466 1.04642 1.3448 2.71558 6.21672 13.0609 7.25775 3.64651 2.43437 2.44536 3.67093 7.2709 13.1294 22.5216 21.7216 18.9259 15.3346 15.3346 18.9259 21.7216 22.5216 19.651 24.1448 27.5477 29.4549 29.4479 27.5386 24.0777 19.6523 15.0796 14.4469 14.3628 15.0594 15.039 14.365 14.4617 15.0595 11.0382 7.64301 5.41222 3.85115 3.83466 5.39939 7.64127 
3.10522 1.46317 1.0618 1.00452 1.00448 1.06146 1.46096 3.09312 6.61446 2.91655 1.39954 1.05682 1.05638 1.39771 2.89491 6.57594 13.2196 8.04141 4.77217 3.6909 3.70848 4.81458 8.06949 13.2947 21.7482 20.5601 17.2229 14.1585 14.1585 17.2229 20.5601 21.7482 19.0766 24.0731 27.3356 28.9797 28.966 27.3163 24.0071 19.0788 13.7026 13.6152 14.1268 15.6625 15.6186 14.1294 13.6392 13.6696 9.64495 6.88382 5.43146 4.41279 4.37594 5.41499 6.88555 
3.548 1.62127 1.09274 1.00848 1.00845 1.09257 1.62004 3.53919 7.3458 3.26683 1.50911 1.08191 1.08179 1.5083 3.25073 7.31086 13.5746 10.1229 8.07001 7.39811 7.42697 8.12536 10.1588 13.6483 20.0355 18.5294 15.7838 14.2091 14.2091 15.7838 18.5294 20.0355 18.3084 23.6636 26.7681 28.2413 28.228 26.745 23.6043 18.3102 12.0412 11.8936 12.6687 14.4034 14.3717 12.6775 11.914 11.9757 8.18612 5.91913 4.72553 3.91599 3.88363 4.71186 5.92358 
4.09283 1.82184 1.15011 1.01818 1.01833 1.15119 1.82739 4.11096 8.3619 4.01048 1.80158 1.20114 1.20077 1.79966 3.97949 8.2654 14.613 13.9938 14.0787 14.002 13.8531 13.9427 13.9374 14.62 17.9746 16.6701 15.403 15.0486 15.0486 15.403 16.6701 17.9746 17.5651 22.8319 25.7986 26.9981 27.0394 25.8358 22.8624 17.5674 10.2714 8.91795 8.55028 9.49918 9.44754 8.51291 8.88222 10.1257 6.69196 4.82307 3.88127 3.18986 3.16603 3.87213 4.8262 
1.49832 1.09108 1.01117 1.001 1.00101 1.01119 1.09047 1.4892 2.81647 1.69368 1.15957 1.0289 1.02876 1.15937 1.69349 2.83656 7.5589 7.79822 7.45226 7.09594 7.12664 7.48212 7.83559 7.64011 9.30405 7.14822 6.27533 6.21257 6.21257 6.27533 7.14822 9.30405 11.9326 16.4481 18.7967 19.4679 19.3963 18.7196 16.447 11.9366 4.17357 3.45285 3.37955 3.19853 3.19921 3.37069 3.43106 4.14652 2.53528 2.01102 1.72954 1.39526 1.39745 1.7375 2.026 
1.14152 1.02434 1.00276 0.999996 1 1.00279 1.02439 1.14014 1.65093 1.22738 1.04225 1.00577 1.00615 1.04224 1.2273 1.65783 3.56394 3.54325 3.25215 3.05495 3.04666 3.23848 3.52484 3.56992 6.0263 4.66592 3.73178 3.39926 3.39926 3.73178 4.66592 6.0263 7.95252 10.9955 12.4251 12.2737 12.3042 12.4663 10.9949 7.95377 2.58657 2.13956 1.90445 1.65706 1.66161 1.90467 2.13422 2.58253 1.94515 1.71714 1.41927 1.14165 1.14046 1.41633 1.71606 
1.02442 1.0035 1.00028 0.999909 0.999908 1.00029 1.00351 1.02415 1.14155 1.03988 1.00551 1.00027 1.00033 1.00548 1.03977 1.14348 1.8083 1.71303 1.56591 1.48555 1.48242 1.55989 1.70489 1.8083 3.52513 3.10093 2.37889 1.90129 1.90129 2.37889 3.10093 3.52513 5.76704 8.07321 8.28112 7.5019 7.54509 8.36042 8.07328 5.76777 1.64001 1.398 1.23531 1.11663 1.11747 1.23555 1.39551 1.63892 1.51534 1.32863 1.12065 1.02869 1.02849 1.12001 1.32779 
1.00326 1.00025 0.999894 0.999958 0.999958 0.999894 1.00025 1.00322 1.02733 1.00532 1.00023 0.999816 0.999816 1.00022 1.00529 1.02792 1.26399 1.17662 1.11696 1.09056 1.08949 1.11511 1.17399 1.26435 2.23809 2.02942 1.56769 1.30563 1.30563 1.56769 2.02942 2.23809 4.31841 6.26156 5.6472 4.81687 4.84408 5.72496 6.26079 4.31848 1.23561 1.12952 1.05837 1.01826 1.01835 1.05847 1.12875 1.2355 1.19066 1.09501 1.02502 1.00407 1.00404 1.02493 1.09486 
1.00322 1.00025 0.999894 0.999958 0.999958 0.999894 1.00025 1.00322 1.02733 1.00532 1.00023 0.999816 0.999816 1.00023 1.00532 1.02733 1.26399 1.17662 1.11696 1.09056 1.09056 1.11696 1.17662 1.26399 2.23268 2.02747 1.56827 1.3057 1.30563 1.56769 2.02942 2.23809 4.31848 6.26079 5.72496 4.84408 4.81687 5.67679 6.26156 4.31841 1.2355 1.12875 1.05847 1.01835 1.01835 1.05847 1.12875 1.2355 1.19066 1.09501 1.02502 1.00407 1.00407 1.02502 1.09501 
1.02415 1.00351 1.00029 0.999908 0.999908 1.00029 1.00351 1.02415 1.14155 1.03988 1.00551 1.00027 1.00027 1.00551 1.03988 1.14155 1.8083 1.71303 1.56591 1.48555 1.48555 1.56591 1.71303 1.8083 3.51427 3.0964 2.38028 1.90161 1.90129 2.37889 3.10093 3.52513 5.76777 8.07328 8.36042 7.54509 7.5019 8.3083 8.07321 5.76704 1.63892 1.39551 1.23555 1.11747 1.11747 1.23555 1.39551 1.63892 1.51534 1.32863 1.12065 1.02869 1.02869 1.12065 1.32863 
1.14014 1.02439 1.00279 1 1 1.00279 1.02439 1.14014 1.65093 1.22738 1.04225 1.00577 1.00577 1.04225 1.22738 1.65093 3.56394 3.54325 3.25215 3.05495 3.05495 3.25215 3.54325 3.56394 6.01109 4.66559 3.73251 3.40034 3.39926 3.73178 4.66592 6.0263 7.95377 10.9949 12.4663 12.3042 12.2737 12.4868 10.9955 7.95252 2.58253 2.13422 1.90467 1.66161 1.66161 1.90467 2.13422 2.58253 1.94515 1.71714 1.41927 1.14165 1.14165 1.41927 1.71714 
1.4892 1.09047 1.01119 1.00101 1.00101 1.01119 1.09047 1.4892 2.81647 1.69368 1.15957 1.0289 1.0289 1.15957 1.69368 2.81647 7.5589 7.79822 7.45226 7.09594 7.09594 7.45226 7.79822 7.5589 9.24833 7.10885 6.24077 6.17523 6.21257 6.27533 7.14822 9.30405 11.9366 16.447 18.7196 19.3963 19.4679 18.5323 16.4481 11.9326 4.14652 3.43106 3.37069 3.19921 3.19921 3.37069 3.43106 4.14652 2.53528 2.01102 1.72954 1.39526 1.39526 1.72954 2.01102 
1.10961 1.02392 1.00366 1.00046 1.00046 1.00366 1.02392 1.10961 1.63125 1.25192 1.0584 1.01034 1.01034 1.0584 1.25192 1.63125 3.06596 3.20396 3.09629 3.08613 3.08613 3.09629 3.20396 3.06596 5.2606 3.76117 3.0546 2.83913 2.83913 3.0546 3.76117 5.2606 7.25452 9.74005 11.0985 11.2722 11.3496 11.2171 9.84645 7.32787 2.57949 2.13146 2.06457 2.02398 2.02398 2.06457 2.13146 2.57949 1.68561 1.40449 1.18049 1.07516 1.07516 1.18049 1.40449 
1.01713 1.00405 1.00061 0.99995 0.99995 1.00061 1.00405 1.01713 1.14032 1.04825 1.00941 1.00125 1.00125 1.00941 1.04825 1.14032 1.83769 1.91339 1.82421 1.72715 1.72715 1.82421 1.91339 1.83769 3.54167 2.85906 2.15869 1.76763 1.76763 2.15869 2.85906 3.54167 3.36032 4.11959 4.66187 4.70181 4.71952 4.69629 4.15382 3.38771 1.79472 1.51851 1.37368 1.26525 1.26525 1.37368 1.51851 1.79472 1.44007 1.24288 1.06904 1.01612 1.01612 1.06904 1.24288 
1.00146 1.00046 1.00001 0.999978 0.999978 1.00001 1.00046 1.00146 1.02238 1.00657 1.00093 0.999829 0.999829 1.00093 1.00657 1.02238 1.26407 1.28 1.23945 1.18996 1.18996 1.23945 1.28 1.26407 2.34324 1.96083 1.45387 1.21658 1.21658 1.45387 1.96083 2.34324 1.74895 1.94466 2.09782 2.063 2.06931 2.11148 1.96006 1.76129 1.30536 1.17135 1.09339 1.04626 1.04626 1.09339 1.17135 1.30536 1.17856 1.06427 1.01225 1.00219 1.00219 1.01225 1.06427 
0.99985 0.999941 0.999983 0.999998 0.999998 0.999983 0.999941 0.99985 1.00256 1.00037 0.999877 0.999917 0.999917 0.999877 1.00037 1.00256 1.06136 1.06358 1.05186 1.03811 1.03811 1.05186 1.06358 1.06136 1.53385 1.30216 1.1079 1.04341 1.04341 1.1079 1.30216 1.53385 1.18152 1.22878 1.26972 1.25699 1.25905 1.27458 1.23391 1.1857 1.08336 1.04063 1.01573 1.00541 1.00541 1.01573 1.04063 1.08336 1.04197 1.01091 1.00166 0.999938 0.999938 1.00166 1.01091 
0 0 0 0 0.999998 0.999983 0.999941 0.99985 1.00256 1.00037 0.999877 0.999917 0.999917 0.999877 1.00036 1.00268 1.06136 1.06358 1.05186 1.03811 1.03775 1.05127 1.06284 1.06138 1.52593 1.29806 1.10666 1.04298 1.04341 1.1079 1.30216 1.53385 1.1857 1.23391 1.27458 1.25905 1.25699 1.26972 1.22878 1.18152 1.08262 1.04018 1.01558 1.00536 1.00541 1.01573 1.04063 1.08336 1.04197 1.01091 1.00166 0.999938 0 0 0 
0 0 0 0 0.999978 1.00001 1.00046 1.00146 1.02238 1.00657 1.00093 0.999829 0.999829 1.00093 1.00655 1.02298 1.26407 1.28 1.23945 1.18996 1.18845 1.2369 1.27692 1.26328 2.32499 1.94941 1.4491 1.21488 1.21658 1.45387 1.96083 2.34324 1.76129 1.96006 2.11148 2.06931 2.063 2.09782 1.94466 1.74895 1.30313 1.16957 1.09273 1.046 1.04626 1.09339 1.17135 1.30536 1.17856 1.06427 1.01225 1.00219 0 0 0 
0 0 0 0 0.99995 1.00061 1.00405 1.01713 1.14032 1.04825 1.00941 1.00125 1.00125 1.00941 1.04816 1.14253 1.83769 1.91339 1.82421 1.72715 1.72301 1.81803 1.90632 1.83571 3.52459 2.85427 2.15406 1.76386 1.76763 2.15869 2.85906 3.54167 3.38771 4.15382 4.69629 4.71952 4.70181 4.66187 4.11959 3.36032 1.79447 1.51504 1.37188 1.26437 1.26525 1.37368 1.51851 1.79472 1.44007 1.24288 1.06904 1.01612 0 0 0 
