0 0 0 0 1.01532 1.07583 1.30516 1.86589 2.88775 2.00782 1.37059 1.13084 1.13093 1.37095 2.00921 2.89617 4.18963 4.50995 4.03018 3.63079 3.62389 4.01682 4.49795 4.17964 2.98648 2.18447 1.94191 2.21315 2.21027 1.94424 2.18702 2.98316 2.24332 2.99365 4.15706 4.81736 4.80597 4.1389 2.97675 2.22294 1.54738 1.28972 1.13298 1.04542 1.04601 1.1351 1.29272 1.55105 1.39881 1.12287 1.02117 1.0026 0 0 0 
0 0 0 0 1.00625 1.03883 1.16396 1.3083 1.4835 1.25257 1.09276 1.02724 1.02719 1.09255 1.25209 1.48409 1.88537 1.97122 1.79513 1.65864 1.65802 1.79367 1.9698 1.88496 1.64154 1.30695 1.18664 1.28475 1.28298 1.18582 1.30539 1.63749 1.38346 2.10176 3.06695 3.42378 3.42814 3.07062 2.10645 1.38427 1.10786 1.06601 1.02995 1.00746 1.00758 1.03048 1.06699 1.10886 1.09785 1.02756 1.0039 1.00039 0 0 0 
0 0 0 0 1.00101 1.00752 1.04038 1.08212 1.08417 1.04426 1.01539 1.00359 1.00358 1.01533 1.04407 1.084 1.15791 1.17508 1.13271 1.10039 1.10035 1.13254 1.17501 1.15819 1.14748 1.06527 1.02544 1.05265 1.05222 1.02524 1.0648 1.14626 1.13152 1.55851 2.16186 2.18856 2.19672 2.17215 1.56444 1.13253 1.01659 1.01145 1.00483 1.00099 1.00101 1.00492 1.01166 1.0167 1.01579 1.00398 1.00046 0.999932 0 0 0 
0 0 0 0 0.999867 1.00106 1.0069 1.01652 1.01144 1.00505 1.00132 0.999931 0.999928 1.00131 1.005 1.01135 1.01979 1.01978 1.01382 1.00916 1.00916 1.0138 1.0198 1.01988 1.02767 1.01091 1.004 1.00779 1.00771 1.00396 1.01079 1.02741 1.03752 1.20185 1.47586 1.46766 1.47098 1.4816 1.20418 1.03783 1.00202 1.00128 1.00042 0.999951 0.999952 1.00043 1.00131 1.00202 1.00193 1.00035 0.999934 0.999961 0 0 0 
1.01652 1.0069 1.00106 0.999867 0.999867 1.00106 1.0069 1.01652 1.01135 1.005 1.00131 0.999928 0.999928 1.00131 1.005 1.01135 1.01979 1.01978 1.01382 1.00916 1.00916 1.01382 1.01978 1.01979 1.02767 1.01091 1.004 1.00779 1.00779 1.004 1.01091 1.02767 1.03783 1.20418 1.4816 1.47098 1.47098 1.4816 1.20418 1.03783 1.00202 1.00131 1.00043 0.999952 0.999952 1.00043 1.00131 1.00202 1.00193 1.00035 0.999934 0.999961 0.999961 0.999934 1.00035 
1.08212 1.04038 1.00752 1.00101 1.00101 1.00752 1.04038 1.08212 1.084 1.04407 1.01533 1.00358 1.00358 1.01533 1.04407 1.084 1.15791 1.17508 1.13271 1.10039 1.10039 1.13271 1.17508 1.15791 1.14748 1.06527 1.02544 1.05265 1.05265 1.02544 1.06527 1.14748 1.13253 1.56444 2.17215 2.19672 2.19672 2.17215 1.56444 1.13253 1.0167 1.01166 1.00492 1.00101 1.00101 1.00492 1.01166 1.0167 1.01579 1.00398 1.00046 0.999932 0.999932 1.00046 1.00398 
1.3083 1.16396 1.03883 1.00625 1.00625 1.03883 1.16396 1.3083 1.48409 1.25209 1.09255 1.02719 1.02719 1.09255 1.25209 1.48409 1.88537 1.97122 1.79513 1.65864 1.65864 1.79513 1.97122 1.88537 1.64154 1.30695 1.18664 1.28475 1.28475 1.18664 1.30695 1.64154 1.38427 2.10645 3.07062 3.42814 3.42814 3.07062 2.10645 1.38427 1.10886 1.06699 1.03048 1.00758 1.00758 1.03048 1.06699 1.10886 1.09785 1.02756 1.0039 1.00039 1.00039 1.0039 1.02756 
1.86589 1.30516 1.07583 1.01532 1.01532 1.07583 1.30516 1.86589 2.89617 2.00921 1.37095 1.13093 1.13093 1.37095 2.00921 2.89617 4.18963 4.50995 4.03018 3.63079 3.63079 4.03018 4.50995 4.18963 2.98648 2.18447 1.94191 2.21315 2.21315 1.94191 2.18447 2.98648 2.22294 2.97675 4.1389 4.80597 4.80597 4.1389 2.97675 2.22294 1.55105 1.29272 1.1351 1.04601 1.04601 1.1351 1.29272 1.55105 1.39881 1.12287 1.02117 1.0026 1.0026 1.02117 1.12287 
3.69239 2.02313 1.28896 1.06596 1.06624 1.29009 2.02322 3.69255 5.54289 3.62159 1.95352 1.38392 1.38392 1.95352 3.62159 5.54289 7.82256 8.55033 7.95083 7.20334 7.20334 7.95083 8.55033 7.82256 5.86352 5.14603 4.30186 4.53552 4.55308 4.30402 5.09772 5.82099 6.36238 6.83651 6.91155 6.96712 6.97358 6.92427 6.85235 6.37838 2.84481 1.84954 1.39815 1.26358 1.26358 1.39815 1.84954 2.84481 1.87479 1.2298 1.0257 1.00115 1.00115 1.0257 1.2298 
2.36571 1.58405 1.14614 1.02742 1.02727 1.14552 1.58402 2.36569 2.94615 2.01444 1.31766 1.09805 1.09805 1.31766 2.01444 2.94615 4.10802 4.49723 4.03567 3.51571 3.51571 4.03567 4.49723 4.10802 3.07017 2.76005 2.15683 2.27257 2.28652 2.16404 2.75966 3.0703 3.07184 3.29722 3.20282 3.1283 3.13134 3.20865 3.30573 3.07827 1.53424 1.18132 1.04903 1.02478 1.02478 1.04903 1.18132 1.53424 1.20196 1.031 0.999438 0.999216 0.999216 0.999438 1.031 
1.47964 1.20406 1.03998 1.00551 1.00548 1.03981 1.20406 1.47964 1.50966 1.2319 1.05526 1.01229 1.01229 1.05526 1.2319 1.50966 1.89637 2.03455 1.84067 1.61735 1.61735 1.84067 2.03455 1.89637 1.56786 1.40462 1.2093 1.28435 1.29249 1.21357 1.40531 1.56931 1.61787 1.69377 1.65754 1.59843 1.59969 1.65995 1.69735 1.62076 1.08851 1.00979 0.994211 0.999224 0.999224 0.994211 1.00979 1.08851 1.02855 1.00245 0.999636 0.999902 0.999902 0.999636 1.00245 
1.14591 1.05432 1.00819 1.00053 1.00052 1.00816 1.05432 1.14591 1.10885 1.04064 1.00726 1.00037 1.00037 1.00726 1.04064 1.10885 1.21961 1.26873 1.2044 1.12253 1.12253 1.2044 1.26873 1.21961 1.12791 1.06499 1.02364 1.05905 1.06135 1.02451 1.06538 1.1286 1.15191 1.18688 1.18924 1.17457 1.17508 1.19025 1.18812 1.15281 1.00899 0.996469 0.997263 0.999764 0.999764 0.997263 0.996469 1.00899 1.00276 1.00005 1 1 1 1 1.00005 
1.14591 1.05432 1.00816 1.00052 1.00052 1.00819 1.05432 1.14591 1.10907 1.04067 1.00728 1.00037 1.00037 1.00726 1.04064 1.10885 1.21961 1.26873 1.2044 1.12253 1.12395 1.20741 1.26874 1.21902 1.1286 1.06538 1.02451 1.06135 1.06135 1.02451 1.06538 1.1286 1.15281 1.18812 1.19025 1.17508 1.17457 1.18924 1.18688 1.15191 1.0093 0.996449 0.99728 0.999769 0.999769 0.99728 0.996449 1.0093 1.00276 1.00005 1 1 1 1 1.00005 
1.47964 1.20406 1.03981 1.00548 1.00548 1.03998 1.20406 1.47964 1.51072 1.23257 1.05535 1.01231 1.01229 1.05526 1.2319 1.50966 1.89637 2.03455 1.84067 1.61735 1.62156 1.84983 2.03442 1.89256 1.56931 1.40531 1.21357 1.29249 1.29249 1.21357 1.40531 1.56931 1.62076 1.69735 1.65995 1.59969 1.59843 1.65754 1.69377 1.61787 1.09059 1.01 0.994324 0.999309 0.999309 0.994324 1.01 1.09059 1.02855 1.00245 0.999636 0.999902 0.999902 0.999627 1.00239 
2.36569 1.58402 1.14552 1.02727 1.02727 1.14614 1.58405 2.36569 2.94603 2.01786 1.31791 1.09809 1.09805 1.31766 2.01444 2.94615 4.10802 4.49723 4.03567 3.51571 3.50777 4.03419 4.48793 4.08392 3.0703 2.75966 2.16404 2.28652 2.28652 2.16404 2.75966 3.0703 3.07827 3.30573 3.20865 3.13134 3.1283 3.20282 3.29722 3.07184 1.53818 1.18068 1.04967 1.02551 1.02551 1.04967 1.18068 1.53818 1.20196 1.031 0.999438 0.999216 0.999215 0.999391 1.03069 
3.69255 2.02322 1.29009 1.06624 1.06624 1.28896 2.02313 3.69255 5.57145 3.64941 1.9641 1.38865 1.38392 1.95352 3.62159 5.54289 7.82256 8.55033 7.95083 7.20334 7.44768 8.22591 8.64667 7.87156 5.82099 5.09772 4.30402 4.55308 4.55308 4.30402 5.09772 5.82099 6.37838 6.85235 6.92427 6.97358 6.96712 6.91155 6.83651 6.36238 2.89941 1.88537 1.41814 1.27649 1.27649 1.41814 1.88537 2.89941 1.87479 1.2298 1.0257 1.00115 1.00115 1.02541 1.23022 
7.91398 3.90669 1.91937 1.29059 1.29059 1.91937 3.90669 7.91398 11.184 7.77776 4.53594 2.97318 2.97318 4.53594 7.77776 11.184 14.6447 16.1554 16.3311 15.8802 15.8802 16.3311 16.155 14.654 10.5086 9.83349 9.30545 9.72484 9.72675 9.30958 9.92643 10.5699 10.08 10.5532 10.8547 11.209 11.2128 10.8605 10.636 10.0961 6.45417 4.9125 3.52239 2.73632 2.73632 3.52239 4.9125 6.45417 5.31177 3.07349 1.60628 1.1506 1.14935 1.60623 3.04623 
7.87114 4.03701 1.99321 1.35872 1.35872 1.99321 4.03701 7.87114 10.7264 7.9988 4.75099 3.10571 3.10571 4.75099 7.9988 10.7264 11.9342 12.4552 11.3959 10.1493 10.1493 11.3959 12.4644 11.9675 10.2699 10.0141 8.89633 8.3746 8.37441 8.89506 9.97506 10.2347 9.20931 9.41208 9.34778 9.61362 9.61826 9.35481 9.43232 9.23147 6.12695 4.93346 3.51106 2.30994 2.30994 3.51106 4.93346 6.12695 4.50955 2.58084 1.46764 1.09642 1.09608 1.46767 2.57165 
7.20564 3.7157 1.88014 1.28876 1.28876 1.88014 3.7157 7.20564 9.92387 7.63967 4.41011 2.75851 2.75851 4.41011 7.63967 9.92387 10.0609 10.0049 8.36923 6.77375 6.77375 8.36923 10.0122 10.1024 10.0077 10.5324 9.4327 7.9844 7.98449 9.43259 10.5115 9.9726 7.99625 8.35995 8.66164 9.19658 9.19555 8.66587 8.37894 8.02855 5.0647 4.11364 2.91198 1.80411 1.80411 2.91198 4.11364 5.0647 3.62813 2.08003 1.29579 1.04909 1.04861 1.29577 2.07 
6.53675 3.43829 1.78109 1.22388 1.22388 1.78109 3.43829 6.53675 9.0709 6.99182 3.81908 2.27576 2.27576 3.81908 6.99182 9.0709 9.00391 8.87083 7.1972 5.47499 5.47499 7.1972 8.87915 9.02276 10.927 13.3885 12.4858 10.0296 10.0299 12.4852 13.3816 10.911 6.89086 7.74586 8.66078 9.63913 9.64264 8.66672 7.75799 6.92759 3.67922 2.87956 1.98675 1.33713 1.33713 1.98675 2.87956 3.67922 2.57797 1.51348 1.10818 1.01281 1.0126 1.10817 1.50721 
6.53683 3.43827 1.78107 1.22389 1.22388 1.78109 3.43829 6.53675 9.0709 6.99182 3.81908 2.27576 2.28483 3.83884 7.00415 9.06324 9.02276 8.87915 7.20448 5.47856 5.47499 7.1972 8.87083 9.00391 10.911 13.3816 12.4852 10.0299 10.0296 12.4858 13.3885 10.927 6.92759 7.75799 8.66672 9.64264 9.63913 8.66078 7.74586 6.89086 3.67922 2.87956 1.98675 1.33713 1.32789 1.96603 2.8589 3.66484 2.57797 1.51348 1.10818 1.01281 1.01281 1.10818 1.51348 
7.2056 3.71567 1.88011 1.28878 1.28876 1.88014 3.7157 7.20564 9.92387 7.63967 4.41011 2.75851 2.76576 4.41995 7.65753 9.91115 10.1024 10.0122 8.37823 6.77836 6.77375 8.36923 10.0049 10.0609 9.9726 10.5115 9.43259 7.98449 7.9844 9.4327 10.5324 10.0077 8.02855 8.37894 8.66587 9.19555 9.19658 8.66164 8.35995 7.99625 5.0647 4.11364 2.91198 1.80411 1.77776 2.86822 4.08004 5.03425 3.62813 2.08003 1.29579 1.04909 1.04909 1.29579 2.08003 
7.87132 4.03702 1.99319 1.35874 1.35872 1.99321 4.03701 7.87114 10.7264 7.9988 4.75099 3.10571 3.11516 4.76598 8.006 10.7183 11.9675 12.4644 11.4108 10.1582 10.1493 11.3959 12.4552 11.9342 10.2347 9.97506 8.89506 8.37441 8.3746 8.89633 10.0141 10.2699 9.23147 9.43232 9.35481 9.61826 9.61362 9.34778 9.41208 9.20931 6.12695 4.93346 3.51106 2.30994 2.27767 3.46538 4.89688 6.09269 4.50955 2.58084 1.46764 1.09642 1.09642 1.46764 2.58084 
7.91446 3.9067 1.91935 1.29059 1.29059 1.91937 3.90669 7.91398 11.184 7.77776 4.53594 2.97318 2.97495 4.53611 7.818 11.2791 14.654 16.155 16.3331 15.8809 15.8802 16.3311 16.1554 14.6447 10.5699 9.92643 9.30958 9.72675 9.72484 9.30545 9.83349 10.5086 10.0961 10.636 10.8605 11.2128 11.209 10.8547 10.5532 10.08 6.45417 4.9125 3.52239 2.73632 2.76028 3.55301 4.96835 6.52188 5.31177 3.07349 1.60628 1.1506 1.1506 1.60628 3.07349 
11.3045 5.8143 2.76118 1.59664 1.59674 2.7589 5.80408 11.2477 16.6918 11.7247 7.19593 4.75491 4.78829 7.26086 11.732 16.7158 22.1221 25.1783 26.5981 26.8816 26.9312 26.5948 25.1681 22.14 19.183 19.6458 20.0692 20.0625 20.0625 20.0692 19.6458 19.183 19.1551 22.6741 24.2726 25.0173 25.0173 24.2726 22.1224 18.8331 13.5182 11.4861 9.31831 7.52861 7.48979 9.28735 11.5219 13.5278 11.0379 6.25078 2.81731 1.58518 1.585 2.81588 6.24719 
12.3177 6.24158 2.86512 1.61144 1.61225 2.86322 6.22864 12.2342 17.885 12.3116 7.46245 4.96405 4.9901 7.5137 12.3 17.8999 24.3676 28.0836 29.6576 30.3144 30.3118 29.6627 28.0811 24.4017 20.1206 19.569 20.133 20.7205 20.7205 20.133 19.569 20.1206 22.374 27.0534 29.3834 30.042 30.042 29.3834 27.2118 22.3901 14.9872 13.0144 11.086 9.26805 9.22613 11.0663 13.0036 14.9369 11.8691 6.50269 2.89595 1.62792 1.62957 2.90147 6.52242 
13.0191 6.56175 2.9473 1.62985 1.6312 2.94695 6.5536 12.939 18.8615 12.6298 7.38187 4.93855 4.96135 7.42663 12.615 18.8663 26.0894 30.1505 31.746 32.4334 32.4566 31.7718 30.1742 26.1421 20.3166 18.7818 19.3156 20.5113 20.5113 19.3156 18.7818 20.3166 24.4172 29.7142 32.075 32.7014 32.7014 32.075 29.8929 24.4379 15.9767 13.9617 12.0558 10.203 10.1637 12.0373 13.9438 15.9066 12.2945 6.4334 2.86976 1.65289 1.65466 2.87519 6.45222 
13.3425 6.6411 2.95054 1.62717 1.62836 2.95182 6.64175 13.2937 19.5742 12.5578 7.01077 4.7635 4.77715 7.03188 12.5374 19.5842 27.1317 31.2197 32.7446 33.2449 33.2581 32.7595 31.2356 27.1584 20.6655 18.7396 19.3573 20.6711 20.6711 19.3573 18.7396 20.6655 25.3541 30.6355 32.881 33.4971 33.4971 32.881 30.7536 25.3815 16.7558 14.4827 12.1233 10.2698 10.2518 12.1121 14.4548 16.6695 12.5822 6.44469 2.90141 1.67572 1.67674 2.90453 6.45557 
13.2937 6.64175 2.95182 1.62836 1.62717 2.95054 6.64175 13.2937 19.5842 12.5374 7.03188 4.77715 4.77715 7.03188 12.5374 19.5742 27.1584 31.2356 32.7595 33.2581 33.2581 32.7595 31.2356 27.1584 20.6688 18.7396 19.3569 20.6714 20.6711 19.3573 18.7396 20.6655 25.3406 30.6215 32.8518 33.4893 33.4893 32.8518 30.6215 25.3406 16.6695 14.4548 12.1041 10.2637 10.2698 12.1233 14.4827 16.7558 12.5822 6.44469 2.90141 1.67572 1.67572 2.90141 6.44469 
12.939 6.5536 2.94695 1.6312 1.62985 2.9473 6.5536 12.939 18.8663 12.615 7.42663 4.96135 4.96135 7.42663 12.615 18.8615 26.1421 30.1742 31.7718 32.4566 32.4566 31.7718 30.1742 26.1421 20.3221 18.7804 19.3152 20.5118 20.5113 19.3156 18.7818 20.3166 24.3948 29.6924 32.0277 32.6827 32.6827 32.0277 29.6924 24.3948 15.9066 13.9438 12.0442 10.1968 10.203 12.0558 13.9617 15.9767 12.2945 6.4334 2.86976 1.65289 1.65289 2.86976 6.4334 
12.2342 6.22864 2.86322 1.61225 1.61144 2.86512 6.22864 12.2342 17.8999 12.3 7.5137 4.9901 4.9901 7.5137 12.3 17.885 24.4017 28.0811 29.6627 30.3118 30.3118 29.6627 28.0811 24.4017 20.126 19.567 20.1334 20.7206 20.7205 20.133 19.569 20.1206 22.3536 27.0288 29.3192 29.9961 29.9961 29.3192 27.0288 22.3536 14.9369 13.0036 11.072 9.2563 9.26805 11.086 13.0144 14.9872 11.8691 6.50269 2.89595 1.62792 1.62792 2.89595 6.50269 
11.2477 5.80408 2.7589 1.59674 1.59664 2.76118 5.80408 11.2477 16.7158 11.732 7.26086 4.78829 4.78829 7.26086 11.732 16.6918 22.14 25.1681 26.5948 26.9312 26.9312 26.5948 25.1681 22.14 19.1862 19.6478 20.0717 20.0651 20.0625 20.0692 19.6458 19.183 19.1916 22.7285 25.0138 25.7958 25.7958 25.0138 22.7285 19.1916 13.5278 11.5219 9.35024 7.54971 7.52861 9.31831 11.4861 13.5182 11.0379 6.25078 2.81731 1.58518 1.58518 2.81731 6.25078 
12.2479 6.05362 2.86678 1.71686 1.71686 2.86678 6.05362 12.2479 18.2816 12.8095 8.04163 5.26488 5.16729 7.8776 12.8095 18.2113 25.5214 28.3883 30.0387 30.6627 30.6627 30.0387 28.3883 25.5214 27.7282 30.6454 31.5078 31.1749 31.2472 31.564 30.6831 27.7934 22.9506 27.1291 29.605 30.5869 30.6113 29.6178 27.1407 23.0214 14.9409 11.9099 8.74812 6.35684 6.32161 8.75477 11.9671 14.8879 11.7369 6.47356 2.90865 1.61826 1.62014 2.91286 6.48049 
13.2966 6.53654 3.09809 1.83432 1.83432 3.09809 6.53654 13.2966 19.6387 13.8646 8.92933 5.93914 5.83839 8.77997 13.8646 19.604 27.441 30.2519 31.8965 32.5523 32.5523 31.8965 30.2519 27.441 28.9048 31.1273 32.0329 32.2123 32.2078 32.0251 31.1176 28.9616 25.407 28.6734 30.8709 31.9532 31.9355 30.836 28.6513 25.4405 17.8422 14.417 10.7436 8.0325 8.00888 10.7392 14.4397 17.7419 13.109 6.74269 2.98088 1.65628 1.65753 2.97992 6.72862 
14.1461 7.07461 3.28862 1.91772 1.91772 3.28862 7.07461 14.1461 20.519 14.3302 9.0092 5.97928 5.88913 8.86348 14.3302 20.487 28.5826 31.3657 33.0268 33.6847 33.6847 33.0268 31.3657 28.5826 29.5717 31.2671 32.2314 32.7342 32.7288 32.2207 31.2636 29.627 26.7838 29.743 31.7788 32.9131 32.8996 31.7454 29.7274 26.8189 19.3598 15.5635 11.5454 8.8818 8.8601 11.5393 15.5765 19.2424 13.8464 6.75231 2.96524 1.68334 1.68453 2.96423 6.73851 
14.2648 7.09377 3.23013 1.83179 1.83179 3.23013 7.09377 14.2648 20.8932 13.9943 8.32386 5.64265 5.59717 8.24891 13.9943 20.8584 29.0591 31.6783 33.4116 34.0069 34.0069 33.4116 31.6783 29.0591 29.8438 31.3063 32.2911 32.8634 32.8598 32.2854 31.3051 29.8732 27.4281 30.488 32.4984 33.4277 33.4198 32.4817 30.4754 27.4491 20.1108 15.977 11.6409 9.25629 9.24422 11.6345 15.9822 20.004 14.27 6.90686 3.05253 1.72897 1.72942 3.05159 6.89805 
14.3153 7.11622 3.24021 1.83586 1.83179 3.23013 7.09377 14.2648 20.8818 13.9489 8.24891 5.59717 5.59717 8.24891 13.9943 20.8932 28.994 31.6929 33.4325 34.0177 34.0069 33.4116 31.6783 29.0591 29.8732 31.3051 32.2854 32.8598 32.8598 32.2854 31.3051 29.8732 27.4491 30.4754 32.4817 33.4198 33.4125 32.4664 30.4822 27.5125 20.004 15.9822 11.6345 9.24422 9.25629 11.6409 15.977 20.1108 14.27 6.90686 3.05253 1.72897 1.72897 3.05253 6.90686 
14.2225 7.12203 3.30849 1.92609 1.91772 3.28862 7.07461 14.1461 20.5203 14.2712 8.86348 5.88913 5.88913 8.86348 14.3302 20.519 28.4985 31.3808 33.0696 33.7046 33.6847 33.0268 31.3657 28.5826 29.627 31.2636 32.2207 32.7288 32.7288 32.2207 31.2636 29.627 26.8189 29.7274 31.7454 32.8996 32.8875 31.7127 29.7313 26.9067 19.2424 15.5765 11.5393 8.8601 8.8818 11.5454 15.5635 19.3598 13.8464 6.75231 2.96524 1.68334 1.68334 2.96524 6.75231 
13.3761 6.59121 3.12187 1.84332 1.83432 3.09809 6.53654 13.2966 19.6391 13.816 8.77997 5.83839 5.83839 8.77997 13.8646 19.6387 27.3636 30.2715 31.9323 32.5626 32.5523 31.8965 30.2519 27.441 28.9616 31.1176 32.0251 32.2078 32.2078 32.0251 31.1176 28.9616 25.4405 28.6513 30.836 31.9355 31.9207 30.805 28.6786 25.5334 17.7419 14.4397 10.7392 8.00888 8.0325 10.7436 14.417 17.8422 13.109 6.74269 2.98088 1.65628 1.65628 2.98088 6.74269 
12.3097 6.0877 2.88122 1.72271 1.71686 2.86678 6.05362 12.2479 18.2276 12.7108 7.8776 5.16729 5.16729 7.8776 12.8095 18.2816 25.4913 28.4216 30.1226 30.7298 30.6627 30.0387 28.3883 25.5214 27.7934 30.6831 31.564 31.2472 31.2472 31.564 30.6831 27.7934 23.0214 27.1407 29.6178 30.6113 30.6279 29.6081 27.1614 23.0961 14.8879 11.9671 8.75477 6.32161 6.35684 8.74812 11.9099 14.9409 11.7369 6.47356 2.90865 1.61826 1.61826 2.90865 6.47356 
9.54861 4.41605 2.05575 1.29527 1.29207 2.04481 4.38348 9.48584 15.2198 8.81169 4.40916 2.67047 2.67047 4.40916 8.81998 15.2134 24.644 27.7645 29.8791 30.6038 30.5854 29.8687 27.7085 24.5911 25.9687 29.9241 31.4776 31.4354 31.4338 31.4759 29.8689 25.9731 20.8099 26.0729 29.6018 30.938 30.9177 29.596 26.0751 20.8114 8.52546 6.18621 4.3648 3.24059 3.24258 4.37244 6.21292 8.59491 5.7994 2.99641 1.52727 1.13421 1.13421 1.52727 2.99641 
8.8123 3.97832 1.85398 1.19629 1.19519 1.85003 3.96505 8.78179 14.8338 7.94142 3.57673 2.04651 2.04651 3.57673 7.96527 14.857 25.3261 28.8272 31.3841 32.1242 32.1165 31.3623 28.8051 25.2969 26.1103 30.0873 31.8054 32.2905 32.2903 31.8052 30.0708 26.1904 20.5156 26.4123 30.4843 32.098 32.0748 30.4604 26.414 20.5173 7.60299 5.6291 4.08102 3.07928 3.06128 4.06565 5.62534 7.66225 4.8791 2.55905 1.4023 1.07915 1.07915 1.4023 2.55905 
8.32961 3.62089 1.68742 1.13481 1.13416 1.68474 3.61125 8.30522 14.6512 7.57083 3.27856 1.8161 1.8161 3.27856 7.58988 14.6755 25.6621 29.3096 32.2339 33.1082 33.095 32.2051 29.2921 25.6354 26.0658 30.1345 32.0002 32.7745 32.7744 31.9997 30.121 26.1497 20.2033 26.522 30.8631 32.5884 32.5624 30.8308 26.5238 20.2049 6.90459 5.1893 3.76867 2.75929 2.73834 3.74811 5.17872 6.95768 4.1831 2.11984 1.25253 1.03714 1.03714 1.25253 2.11984 
8.04614 3.39616 1.58462 1.1023 1.10206 1.58344 3.39143 8.03286 14.5884 7.43503 3.17472 1.7257 1.7257 3.17472 7.4451 14.6033 25.813 29.5114 32.5254 33.403 33.396 32.5093 29.5069 25.7804 26.0608 30.2139 32.0808 32.8712 32.871 32.0804 30.2055 26.1043 20.0258 26.614 31.0344 32.6957 32.6795 31.0211 26.616 20.0271 6.4591 4.63908 3.15081 2.15817 2.14659 3.13248 4.62667 6.5144 3.73073 1.81384 1.16223 1.02272 1.02272 1.16223 1.81384 
8.03286 3.39143 1.58344 1.10206 1.1023 1.58344 3.39143 8.03286 14.6033 7.4451 3.17898 1.72779 1.7257 3.17472 7.45969 14.5351 25.7804 29.5069 32.5093 33.396 33.396 32.5093 29.5114 25.813 26.1043 30.2055 32.0804 32.871 32.8712 32.0808 30.2139 26.0608 20.0965 26.6279 31.008 32.6634 32.6957 31.0344 26.614 20.0258 6.45839 4.63887 3.15089 2.15811 2.15817 3.15081 4.63908 6.4591 3.73073 1.81384 1.16223 1.02272 1.02274 1.16223 1.8138 
8.30522 3.61125 1.68474 1.13416 1.13481 1.68474 3.61125 8.30522 14.6755 7.58988 3.28795 1.82026 1.8161 3.27856 7.60691 14.6024 25.6354 29.2921 32.2051 33.095 33.095 32.2051 29.3096 25.6621 26.1497 30.121 31.9997 32.7744 32.7745 32.0002 30.1345 26.0658 20.3051 26.5395 30.7967 32.536 32.5884 30.8631 26.522 20.2033 6.90325 5.18894 3.76878 2.7594 2.75929 3.76867 5.1893 6.90459 4.1831 2.11984 1.25253 1.03714 1.03713 1.25254 2.11979 
8.78179 3.96505 1.85003 1.19519 1.19629 1.85003 3.96505 8.78179 14.857 7.96527 3.59077 2.05305 2.04651 3.57673 7.9838 14.7881 25.2969 28.8051 31.3623 32.1165 32.1165 31.3623 28.8272 25.3261 26.1904 30.0708 31.8052 32.2903 32.2905 31.8054 30.0873 26.1103 20.6103 26.442 30.4274 32.0503 32.098 30.4843 26.4123 20.5156 7.60413 5.62889 4.08123 3.07928 3.07928 4.08102 5.6291 7.60299 4.8791 2.55905 1.4023 1.07915 1.07941 1.40231 2.55904 
9.48584 4.38348 2.04481 1.29207 1.29527 2.04481 4.38348 9.48584 15.2134 8.81998 4.4194 2.67494 2.67047 4.40916 8.83762 15.1552 24.5911 27.7085 29.8687 30.5854 30.5854 29.8687 27.7645 24.644 25.9731 29.8689 31.4759 31.4338 31.4354 31.4776 29.9241 25.9687 20.805 26.0808 29.5758 30.9003 30.938 29.6018 26.0729 20.8099 8.49847 6.18576 4.365 3.24074 3.24059 4.3648 6.18621 8.52546 5.7994 2.99641 1.52727 1.13421 1.13325 1.52715 2.99607 
7.28271 3.05939 1.50002 1.0895 1.0895 1.50002 3.05939 7.28271 13.5077 7.4571 3.41469 1.99996 2.01001 3.43755 7.4657 13.4508 22.6578 24.9119 26.2846 26.8884 26.8884 26.2846 24.965 22.7085 22.4284 25.0999 26.177 26.4243 26.316 26.0659 25.0307 22.4343 18.8877 24.0065 27.3773 28.8666 28.7724 27.2646 23.928 18.8873 8.77977 5.8588 4.12072 3.53257 3.57347 4.14276 5.86788 8.76123 5.72655 3.23622 2.07152 1.46888 1.45797 2.05834 3.2341 
7.52012 3.16478 1.53313 1.09228 1.09228 1.53313 3.16478 7.52012 13.8815 7.64169 3.46141 1.98907 1.99705 3.48007 7.65113 13.8224 23.7339 26.9352 28.9205 29.9434 29.9434 28.9205 26.9197 23.7438 21.7668 24.6453 26.256 27.0654 27.0772 26.2828 24.6901 21.8495 18.6947 23.7447 27.1994 29.1036 28.992 27.0613 23.6959 18.7421 8.42829 5.13988 2.96525 2.12873 2.13807 2.9892 5.17375 8.41661 5.55734 3.06137 1.78233 1.23833 1.23848 1.78489 3.07403 
7.69636 3.269 1.56459 1.09759 1.09759 1.56459 3.269 7.69636 14.061 7.72737 3.47849 1.98766 1.99536 3.49649 7.73712 13.9989 24.1163 27.9458 30.5327 31.7781 31.7781 30.5327 27.9259 24.1329 21.1486 24.0449 25.8096 26.9161 26.9263 25.8342 24.0861 21.2316 17.9345 23.1786 27.114 29.4468 29.3327 26.9517 23.1197 17.9726 7.94563 4.61935 2.34128 1.51827 1.52646 2.36503 4.66112 7.94243 5.27073 2.83403 1.58447 1.14222 1.14339 1.5886 2.84612 
7.74869 3.29195 1.55639 1.09295 1.09295 1.55639 3.29195 7.74869 14.0821 7.61745 3.38376 1.90365 1.90792 3.39378 7.62726 14.0248 24.1895 28.3162 31.1978 32.3808 32.3808 31.1978 28.2986 24.2028 20.9357 23.8171 25.6876 26.8601 26.8661 25.699 23.8353 20.9883 17.4132 23.2512 27.567 29.9097 29.847 27.4556 23.2064 17.4224 7.33608 4.15642 2.02022 1.30816 1.31138 2.03203 4.18242 7.32617 4.7834 2.48373 1.38553 1.07451 1.07511 1.38798 2.491 
7.7731 3.29501 1.55667 1.09291 1.09295 1.55639 3.29195 7.74869 14.0248 7.62726 3.39378 1.90792 1.90365 3.38376 7.61745 14.0821 24.2028 28.2986 31.1997 32.3811 32.3808 31.1978 28.3162 24.1895 20.9883 23.8353 25.699 26.8661 26.8601 25.6876 23.8171 20.9357 17.4224 23.2064 27.4556 29.847 29.847 27.4601 23.2064 17.4224 7.32617 4.18242 2.03203 1.31138 1.31089 2.03015 4.18813 7.39373 4.7834 2.491 1.38798 1.07511 1.07451 1.38553 2.48373 
7.73627 3.27615 1.56574 1.09767 1.09759 1.56459 3.269 7.69636 13.9989 7.73712 3.49649 1.99536 1.98766 3.47849 7.72737 14.061 24.1329 27.9259 30.5334 31.7769 31.7781 30.5327 27.9458 24.1163 21.2316 24.0861 25.8342 26.9263 26.9161 25.8096 24.0449 21.1486 17.9726 23.1197 26.9517 29.3327 29.3327 26.9442 23.1197 17.9726 7.94243 4.66112 2.36503 1.52646 1.52557 2.36158 4.67783 8.04184 5.27073 2.84612 1.5886 1.14339 1.14222 1.58447 2.83403 
7.55995 3.17257 1.53453 1.09243 1.09228 1.53313 3.16478 7.52012 13.8224 7.65113 3.48007 1.99705 1.98907 3.46141 7.64169 13.8815 23.7438 26.9197 28.9176 29.9389 29.9434 28.9205 26.9352 23.7339 21.8495 24.6901 26.2828 27.0772 27.0654 26.256 24.6453 21.7668 18.7421 23.6959 27.0613 28.992 28.992 27.0333 23.6959 18.7421 8.41661 5.17375 2.9892 2.13807 2.13706 2.9877 5.19581 8.52954 5.55734 3.07403 1.78489 1.23848 1.23833 1.78233 3.06137 
7.30152 3.0628 1.50103 1.08967 1.0895 1.50002 3.05939 7.28271 13.4508 7.4657 3.43755 2.01001 1.99996 3.41469 7.4571 13.5077 22.7085 24.965 26.2857 26.8902 26.8884 26.2846 24.9119 22.6578 22.4343 25.0307 26.0659 26.316 26.4243 26.177 25.0999 22.4284 18.8873 23.928 27.2646 28.7724 28.7724 27.2022 23.928 18.8873 8.76123 5.86788 4.14276 3.57347 3.58157 4.15425 5.89538 8.8759 5.72655 3.2341 2.05834 1.45797 1.46888 2.07152 3.23622 
4.21937 1.87106 1.16207 1.02067 1.0205 1.1609 1.86539 4.20381 8.68193 4.12465 1.85501 1.22343 1.22446 1.86046 4.12123 8.70078 14.5599 13.9999 14.3738 14.3292 14.3163 14.362 14.2216 14.6159 17.9011 16.7437 15.4814 15.1946 15.1946 15.4814 16.7437 17.9011 17.4469 22.6453 25.7028 27.0067 27.0067 25.7203 22.6453 17.4469 10.2416 8.91831 8.59753 9.63071 9.61263 8.60582 8.93878 10.3466 6.59386 4.79878 3.91817 3.31147 3.31147 3.91817 4.79878 
3.65686 1.667 1.10396 1.01006 1.01009 1.10415 1.66849 3.66953 7.67656 3.37165 1.55027 1.09327 1.09397 1.55432 3.36836 7.6983 13.5941 10.2321 8.14384 7.48622 7.49551 8.16366 10.1193 13.3815 19.9297 18.548 15.9449 14.376 14.376 15.9449 18.548 19.9297 18.1121 23.3237 26.4468 27.9729 27.9729 26.4427 23.3237 18.1121 11.9021 11.85 12.7819 14.5269 14.4675 12.7223 11.8505 12.0016 8.04192 5.86684 4.75917 4.05924 4.05924 4.75917 5.86684 
3.20636 1.50116 1.07046 1.00555 1.0056 1.07086 1.5037 3.22204 6.94075 3.01945 1.43755 1.06609 1.06727 1.44291 3.01683 6.96013 13.2237 8.15959 4.83719 3.7708 3.77761 4.84928 8.05925 13.0094 21.6103 20.6538 17.6078 14.5787 14.5787 17.6078 20.6538 21.6103 18.8158 23.6734 26.9653 28.678 28.678 26.9818 23.6734 18.8158 13.4939 13.5719 14.254 15.7879 15.7452 14.2053 13.5693 13.5719 9.48983 6.81954 5.46122 4.57465 4.57465 5.46122 6.81954 
2.95612 1.40649 1.05053 1.00332 1.00334 1.05072 1.40782 2.96548 6.51306 2.81548 1.3766 1.05338 1.05389 1.37942 2.81303 6.53569 13.0474 7.36808 3.71993 2.50763 2.51137 3.72756 7.31978 12.8562 22.3483 21.7244 19.1221 15.7061 15.7061 19.1221 21.7244 22.3483 19.282 23.6982 27.1497 29.1076 29.1076 27.1976 23.6982 19.282 14.8602 14.4136 14.4392 15.2053 15.18 14.4189 14.4062 14.9085 10.9257 7.61269 5.46451 3.98531 3.98531 5.46451 7.61269 
2.96548 1.40782 1.05072 1.00334 1.00334 1.05072 1.40782 2.96548 6.53569 2.81303 1.37942 1.05389 1.05389 1.37942 2.81548 6.51306 12.8562 7.31978 3.72756 2.51137 2.51137 3.72756 7.31978 12.8562 22.3531 21.7265 19.1092 15.687 15.7061 19.1221 21.7244 22.3483 19.2682 23.7105 27.1593 29.1146 29.1076 27.1497 23.6982 19.282 14.9085 14.4062 14.4189 15.18 15.2053 14.4392 14.4136 14.8602 10.9257 7.61269 5.46451 3.98531 3.98534 5.46453 7.60997 
3.22204 1.5037 1.07086 1.0056 1.0056 1.07086 1.5037 3.22204 6.96013 3.01683 1.44291 1.06727 1.06727 1.44291 3.01945 6.94075 13.0094 8.05925 4.84928 3.77761 3.77761 4.84928 8.05925 13.0094 21.6135 20.6527 17.5753 14.5537 14.5787 17.6078 20.6538 21.6103 18.7899 23.6999 26.9851 28.6922 28.678 26.9653 23.6734 18.8158 13.5719 13.5693 14.2053 15.7452 15.7879 14.254 13.5719 13.4939 9.48983 6.81954 5.46122 4.57465 4.57464 5.46129 6.82136 
3.66953 1.66849 1.10415 1.01009 1.01009 1.10415 1.66849 3.66953 7.6983 3.36836 1.55432 1.09397 1.09397 1.55432 3.37165 7.67656 13.3815 10.1193 8.16366 7.49551 7.49551 8.16366 10.1193 13.3815 19.9324 18.5369 15.9105 14.3596 14.376 15.9449 18.548 19.9297 18.0868 23.3571 26.4716 27.9877 27.9729 26.4468 23.3237 18.1121 12.0016 11.8505 12.7223 14.4675 14.5269 12.7819 11.85 11.9021 8.04192 5.86684 4.75917 4.05924 4.05913 4.75917 5.87169 
4.20381 1.86539 1.1609 1.0205 1.0205 1.1609 1.86539 4.20381 8.70078 4.12123 1.86046 1.22446 1.22446 1.86046 4.12465 8.68193 14.6159 14.2216 14.362 14.3163 14.3163 14.362 14.2216 14.6159 17.8193 16.6025 15.3381 15.0662 15.1946 15.4814 16.7437 17.9011 17.3865 22.6287 25.6684 26.9654 27.0067 25.7028 22.6453 17.4469 10.3466 8.93878 8.60582 9.61263 9.63071 8.59753 8.91831 10.2416 6.59386 4.79878 3.91817 3.31147 3.31126 3.91808 4.80211 
1.5211 1.09829 1.01248 1.00117 1.00118 1.01251 1.09763 1.51133 2.8344 1.72563 1.17375 1.03292 1.03278 1.17342 1.72768 2.82269 7.59776 7.87654 7.53686 7.2011 7.2011 7.53686 7.87654 7.59776 9.23075 7.11395 6.25255 6.19786 6.15996 6.2178 7.07352 9.175 11.863 16.4008 18.8262 19.5554 19.51 18.787 16.3652 11.8343 4.14329 3.44814 3.45964 3.27927 3.25501 3.34151 3.42621 4.11557 2.50517 2.01025 1.74441 1.43585 1.43806 1.75298 2.02539 
1.1525 1.02724 1.00318 1.00004 1.00005 1.00321 1.02729 1.15099 1.66853 1.24395 1.04607 1.00659 1.00676 1.04652 1.24432 1.66488 3.62436 3.62004 3.32207 3.12169 3.12169 3.32207 3.62004 3.62436 6.08606 4.73912 3.81652 3.49517 3.49626 3.81739 4.73852 6.0703 7.97504 11.0351 12.5418 12.4615 12.4644 12.5504 11.06 7.97499 2.59209 2.1406 1.91893 1.69147 1.73337 1.92333 2.13508 2.58818 1.94893 1.73307 1.45358 1.16382 1.16245 1.45062 1.73213 
1.02734 1.00416 1.00037 0.999905 0.999905 1.00038 1.00417 1.02703 1.14962 1.04451 1.0063 1.00036 1.00038 1.00636 1.04462 1.14886 1.84565 1.75631 1.59474 1.51152 1.51152 1.59474 1.75631 1.84565 3.60992 3.19985 2.48639 1.98055 1.98093 2.48779 3.19491 3.59846 5.88398 8.21122 8.51762 7.77834 7.77193 8.52428 8.23056 5.87978 1.65916 1.40656 1.24345 1.12502 1.13451 1.2486 1.40395 1.65806 1.53159 1.35089 1.13697 1.03429 1.03407 1.13626 1.35005 
1.00391 1.00036 0.999886 0.999951 0.99995 0.999887 1.00036 1.00386 1.03005 1.00632 1.00032 0.999798 0.999799 1.00033 1.00634 1.02977 1.28494 1.1966 1.12785 1.09916 1.09916 1.12785 1.1966 1.28494 2.29891 2.11768 1.64426 1.34709 1.34716 1.6449 2.11546 2.29299 4.49587 6.5087 5.92327 5.09407 5.08747 5.93163 6.51482 4.49546 1.2506 1.13699 1.06201 1.02023 1.02172 1.06453 1.13616 1.25048 1.20594 1.10563 1.02958 1.00514 1.00511 1.02948 1.10545 
1.00386 1.00036 0.999887 0.99995 0.999951 0.999886 1.00036 1.00386 1.02977 1.00634 1.00033 0.999799 0.999799 1.00033 1.00632 1.03005 1.28474 1.20275 1.13194 1.10147 1.09916 1.12785 1.1966 1.28494 2.29299 2.11546 1.6449 1.34716 1.34716 1.6449 2.11546 2.29299 4.49546 6.51482 5.93163 5.08747 5.09407 5.92327 6.5087 4.49587 1.25048 1.13616 1.06453 1.02172 1.02172 1.06453 1.13616 1.25048 1.20594 1.10563 1.02958 1.00514 1.00514 1.02958 1.10563 
1.02703 1.00417 1.00038 0.999905 0.999905 1.00037 1.00417 1.02703 1.14886 1.04462 1.00636 1.00038 1.00038 1.00636 1.04451 1.14962 1.84701 1.77502 1.60763 1.51813 1.51152 1.59474 1.75631 1.84565 3.59846 3.19491 2.48779 1.98093 1.98093 2.48779 3.19491 3.59846 5.87978 8.23056 8.52428 7.77193 7.77834 8.51762 8.21122 5.88398 1.65806 1.40395 1.2486 1.13451 1.13451 1.2486 1.40395 1.65806 1.53159 1.35089 1.13697 1.03429 1.03429 1.13697 1.35089 
1.15099 1.02729 1.00321 1.00005 1.00004 1.00318 1.02729 1.15099 1.66488 1.24432 1.04652 1.00676 1.00676 1.04652 1.24395 1.66853 3.6152 3.66076 3.34831 3.13679 3.12169 3.32207 3.62004 3.62436 6.0703 4.73852 3.81739 3.49626 3.49626 3.81739 4.73852 6.0703 7.97499 11.06 12.5504 12.4644 12.4615 12.5418 11.0351 7.97504 2.58818 2.13508 1.92333 1.73337 1.73337 1.92333 2.13508 2.58818 1.94893 1.73307 1.45358 1.16382 1.16382 1.45358 1.73307 
1.51133 1.09763 1.01251 1.00118 1.00117 1.01248 1.09763 1.51133 2.82269 1.72768 1.17342 1.03278 1.03278 1.17342 1.72563 2.8344 7.42632 7.78121 7.47592 7.13963 7.2011 7.53686 7.87654 7.59776 9.175 7.07352 6.2178 6.15996 6.15996 6.2178 7.07352 9.175 11.8343 16.3652 18.787 19.51 19.5554 18.8262 16.4008 11.863 4.11557 3.42621 3.34151 3.25501 3.25501 3.34151 3.42621 4.11557 2.50517 2.01025 1.74441 1.43585 1.43585 1.74441 2.01025 
1.11644 1.02651 1.00424 1.00056 1.00056 1.00424 1.02651 1.11644 1.64906 1.26882 1.06498 1.01201 1.01201 1.06498 1.26882 1.64906 3.08282 3.25211 3.16851 3.16638 3.16638 3.16851 3.25211 3.08282 5.31328 3.82238 3.11658 2.89776 2.89776 3.11658 3.82238 5.31328 7.43465 9.98634 11.4766 11.6257 11.6281 11.4793 9.9883 7.43633 2.60104 2.14479 2.08476 2.07883 2.07883 2.08476 2.14479 2.60104 1.68393 1.41116 1.19399 1.08578 1.08578 1.19399 1.41116 
1.01882 1.00475 1.00077 0.999958 0.999958 1.00077 1.00475 1.01882 1.14885 1.05366 1.01097 1.00156 1.00156 1.01097 1.05366 1.14885 1.87652 1.97667 1.88611 1.78086 1.78086 1.88611 1.97667 1.87652 3.61724 2.94311 2.24183 1.82994 1.82994 2.24183 2.94311 3.61724 3.46129 4.23659 4.83551 4.85349 4.8534 4.8351 4.23624 3.46122 1.81832 1.54067 1.39369 1.28981 1.28981 1.39369 1.54067 1.81832 1.45195 1.26128 1.07866 1.01929 1.01929 1.07866 1.26128 
1.00168 1.00057 1.00002 0.999974 0.999974 1.00002 1.00057 1.00168 1.0246 1.00765 1.00117 0.999845 0.999845 1.00117 1.00765 1.0246 1.2878 1.31289 1.26881 1.21228 1.21228 1.26881 1.31289 1.2878 2.44509 2.06664 1.52889 1.24838 1.24838 1.52889 2.06664 2.44509 1.80701 2.00643 2.17863 2.13275 2.1327 2.1786 2.00643 1.80707 1.32516 1.18627 1.10228 1.05265 1.05265 1.10228 1.18627 1.32516 1.1952 1.07462 1.01466 1.00275 1.00275 1.01466 1.07462 
0.999836 0.99994 0.999979 0.999997 0.999997 0.999979 0.99994 0.999836 1.00303 1.00053 0.999883 0.999903 0.999903 0.999883 1.00053 1.00303 1.0702 1.07501 1.06138 1.04485 1.04485 1.06138 1.07501 1.0702 1.61434 1.36248 1.13233 1.05304 1.05304 1.13233 1.36248 1.61434 1.20646 1.2532 1.30428 1.28654 1.28653 1.30423 1.25318 1.20647 1.09291 1.04625 1.01818 1.00657 1.00657 1.01818 1.04625 1.09291 1.04818 1.01328 1.00211 1.00001 1.00001 1.00211 1.01328 
0 0 0 0 0.999997 0.999979 0.99994 0.999836 1.00303 1.00053 0.999885 0.999903 0.999903 0.999883 1.00052 1.00316 1.0702 1.07501 1.06138 1.04485 1.04443 1.0607 1.07417 1.07028 1.60531 1.35755 1.13084 1.05254 1.05304 1.13233 1.36248 1.61434 1.20647 1.25318 1.30423 1.28653 1.28654 1.30428 1.2532 1.20646 1.09208 1.04575 1.01801 1.00651 1.00657 1.01818 1.04625 1.09291 1.04818 1.01328 1.00211 1.00001 0 0 0 
0 0 0 0 0.999974 1.00002 1.00057 1.00168 1.0246 1.00765 1.00117 0.999847 0.999845 1.00117 1.00762 1.02526 1.2878 1.31289 1.26881 1.21228 1.21063 1.26597 1.30943 1.28702 2.42642 2.05466 1.5235 1.24648 1.24838 1.52889 2.06664 2.44509 1.80707 2.00643 2.1786 2.1327 2.13275 2.17863 2.00643 1.80701 1.32284 1.18436 1.10156 1.05236 1.05265 1.10228 1.18627 1.32516 1.1952 1.07462 1.01466 1.00275 0 0 0 
0 0 0 0 0.999958 1.00077 1.00475 1.01882 1.14885 1.05366 1.011 1.00157 1.00156 1.01097 1.05356 1.15119 1.87652 1.97667 1.88611 1.78086 1.77653 1.8796 1.96926 1.8746 3.60016 2.93881 2.23765 1.82604 1.82994 2.24183 2.94311 3.61724 3.46122 4.23624 4.8351 4.8534 4.85349 4.83551 4.23659 3.46129 1.81846 1.53716 1.39183 1.2889 1.28981 1.39369 1.54067 1.81832 1.45195 1.26128 1.07866 1.01929 0 0 0 
