0 0 0 0 1.00003 1.00001 1.0002 1.01029 1.21462 1.01905 1.00056 1.00002 1.00002 1.00057 1.01923 1.21629 1.16059 1.14503 1.01585 0.999139 0.997982 1.01447 1.14347 1.16078 1.04044 1.03737 1.03698 1.03673 1.03599 1.03626 1.03673 1.03949 1.00766 1.07216 1.41523 1.57537 1.57477 1.41667 1.07352 1.00778 1.00071 1.0009 1.00005 1.00003 1.00003 1.00007 1.00121 1.00083 1.00012 1.00003 1.00003 1.00003 0 0 0 
0 0 0 0 0.999996 0.999995 0.999972 1.0003 1.0059 1.00022 0.999967 0.999994 0.999994 0.999966 1.00022 1.00591 1.00354 1.00302 0.999985 0.999714 0.999657 0.999924 1.00299 1.00361 1.00269 1.00261 1.00274 1.00261 1.00253 1.00265 1.00252 1.0026 1.00034 1.00348 1.02269 1.03183 1.03278 1.02343 1.00362 1.00035 1.00001 0.999974 0.999999 0.999996 0.999996 0.999997 0.999981 1.00001 1.00002 0.999994 0.999996 0.999996 0 0 0 
0 0 0 0 1 1 0.999995 1.00001 1.00005 0.999949 0.999998 1 1 0.999998 0.999949 1.00005 1.00004 0.999972 1 0.999996 0.999993 0.999998 0.99997 1.00005 1.00012 1.00006 1.0001 1.00009 1.00008 1.00009 1.00005 1.00011 0.999994 1.00006 1.00063 1.00085 1.00089 1.00067 1.00007 0.999994 1.00001 0.999967 1 1 1 1 0.999966 1.00001 1.00003 0.999996 1 1 0 0 0 
0 0 0 0 1 1 0.999996 1.00003 1 0.99997 1 1 1 1 0.99997 1 1.00002 0.99996 1 1 1 1 0.99996 1.00002 1.00001 0.999948 0.999982 0.99998 0.999981 0.999982 0.999949 1.00001 1.00003 0.999948 0.999989 0.999993 0.999994 0.99999 0.999948 1.00003 1.00001 0.99997 1 1 1 1 0.99997 1.00001 1.00003 0.999996 1 1 0 0 0 
1.00003 0.999996 1 1 1 1 0.999996 1.00003 1 0.99997 1 1 1 1 0.99997 1 1.00002 0.99996 1 1 1 1 0.99996 1.00002 1.00001 0.999948 0.999982 0.99998 0.99998 0.999982 0.999948 1.00001 1.00003 0.999948 0.99999 0.999994 0.999994 0.99999 0.999948 1.00003 1.00001 0.99997 1 1 1 1 0.99997 1.00001 1.00003 0.999996 1 1 1 1 0.999996 
1.00001 0.999995 1 1 1 1 0.999995 1.00001 1.00005 0.999949 0.999998 1 1 0.999998 0.999949 1.00005 1.00004 0.999972 1 0.999996 0.999996 1 0.999972 1.00004 1.00012 1.00006 1.0001 1.00009 1.00009 1.0001 1.00006 1.00012 0.999994 1.00007 1.00067 1.00089 1.00089 1.00067 1.00007 0.999994 1.00001 0.999966 1 1 1 1 0.999967 1.00001 1.00003 0.999996 1 1 1 1 0.999996 
1.0003 0.999972 0.999995 0.999996 0.999996 0.999995 0.999972 1.0003 1.0059 1.00022 0.999967 0.999994 0.999994 0.999967 1.00022 1.0059 1.00354 1.00302 0.999985 0.999714 0.999714 0.999985 1.00302 1.00354 1.00269 1.00261 1.00274 1.00261 1.00261 1.00274 1.00261 1.00269 1.00035 1.00362 1.02343 1.03278 1.03278 1.02343 1.00362 1.00035 1.00001 0.999981 0.999999 0.999996 0.999996 0.999999 0.999974 1.00001 1.00002 0.999994 0.999996 0.999996 0.999996 0.999996 0.999994 
1.01029 1.0002 1.00001 1.00003 1.00003 1.00001 1.0002 1.01029 1.21462 1.01905 1.00056 1.00002 1.00002 1.00056 1.01905 1.21462 1.16059 1.14503 1.01585 0.999139 0.999139 1.01585 1.14503 1.16059 1.04044 1.03737 1.03698 1.03673 1.03673 1.03698 1.03737 1.04044 1.00778 1.07352 1.41667 1.57477 1.57477 1.41667 1.07352 1.00778 1.00083 1.00121 1.00005 1.00003 1.00003 1.00005 1.0009 1.00071 1.00012 1.00003 1.00003 1.00003 1.00003 1.00003 1.00003 
1.35458 1.01407 1.00024 0.999984 0.999984 1.00024 1.01407 1.35458 4.06517 1.50587 1.02231 1.00044 1.00044 1.02231 1.50587 4.06517 4.34014 4.0557 1.54191 1.14067 1.16221 1.59717 4.05934 4.32632 1.10487 1.10044 1.08874 1.1088 1.09273 1.06944 1.07976 1.0787 1.09307 1.86323 5.22614 6.80135 6.9726 5.3471 1.86323 1.09307 1.02412 1.02795 1.00092 1.00006 1.00004 1.00092 1.02885 1.02347 0.999874 0.99993 1.00001 1.00001 1.00001 1.00001 0.99993 
1.0127 1.00027 0.999947 0.999969 0.999969 0.999947 1.00027 1.0127 1.23183 1.01954 1.00037 0.999943 0.999943 1.00037 1.01954 1.23183 1.20432 1.18603 1.02839 1.00971 1.01071 1.02985 1.18757 1.2043 1.03872 1.03841 1.03348 1.03582 1.0364 1.03406 1.03897 1.03909 1.00384 1.03205 1.35554 1.57839 1.57988 1.35917 1.03205 1.00384 0.999773 0.999391 0.999927 0.999969 0.999969 0.999927 0.999614 0.999862 0.999937 0.999971 0.99997 0.99997 0.99997 0.99997 0.999971 
1.00016 0.999965 0.999999 1 1 0.999999 0.999965 1.00016 1.00594 1.00018 0.999965 0.999999 0.999999 0.999965 1.00018 1.00594 1.00435 1.00408 1.00082 1.00044 1.0005 1.0009 1.00418 1.00432 1.00307 1.00301 1.00273 1.00268 1.00277 1.00282 1.00311 1.00316 1.00009 1.00015 1.00935 1.02025 1.02015 1.00949 1.00015 1.00009 1.00001 0.999952 1.00001 1 1 1.00001 0.999959 1.00001 1.00004 1 1 1 1 1 1 
1.00001 0.999995 1 1 1 1 0.999995 1.00001 1.00002 0.999949 1 1 1 1 0.999949 1.00002 1.00004 0.99998 1.00001 1.00001 1.00001 1.00002 0.999984 1.00003 1.00012 1.00006 1.00008 1.00007 1.00008 1.00008 1.00006 1.00012 1.00001 0.999955 0.99999 1.00015 1.00015 0.999997 0.999955 1.00001 1.00001 0.999977 1 1 1 1 0.999976 1.00001 1.00003 0.999996 1 1 1 1 0.999996 
1.00001 0.999995 1 1 1 1 0.999995 1.00001 1.00002 0.999949 1 1 1 0.999999 0.999948 1.00001 1.00003 0.999984 1.00002 1.00001 1.00001 1.00002 0.999984 1.00003 1.00012 1.00006 1.00008 1.00008 1.00008 1.00008 1.00006 1.00012 1 0.999959 0.999997 1.00015 1.00015 0.99999 0.999955 1.00001 1.00001 0.999976 1 1 1 1 0.999976 1.00001 1.00003 0.999996 1 1 1 1 0.999996 
1.00016 0.999965 0.999999 1 1 0.999999 0.999965 1.00016 1.00594 1.00018 0.999965 0.999999 0.999999 0.999965 1.00017 1.00579 1.00432 1.00418 1.0009 1.0005 1.0005 1.0009 1.00418 1.00432 1.00316 1.00311 1.00282 1.00277 1.00277 1.00282 1.00311 1.00316 1.0001 1.00023 1.00949 1.02015 1.02025 1.00935 1.00015 1.00009 1.00001 0.999959 1.00001 1 1 1.00001 0.999959 1.00001 1.00004 1 1 1 1 1 1 
1.01283 1.00026 0.999946 0.999969 0.999969 0.999947 1.00027 1.0127 1.23183 1.01954 1.00037 0.999943 0.999943 1.00037 1.01984 1.23667 1.2043 1.18757 1.02985 1.01071 1.01071 1.02985 1.18757 1.2043 1.03909 1.03897 1.03406 1.0364 1.0364 1.03406 1.03897 1.03909 1.00418 1.03465 1.35917 1.57988 1.57839 1.35554 1.03205 1.00384 0.999862 0.999614 0.999927 0.999969 0.999969 0.999926 0.999664 0.999883 0.999937 0.999971 0.99997 0.99997 0.99997 0.99997 0.999972 
1.37377 1.01502 1.00027 0.999985 0.999984 1.00024 1.01407 1.35458 4.06517 1.50587 1.02231 1.00044 1.00042 1.02168 1.55682 4.33065 4.32632 4.05934 1.59717 1.16221 1.16221 1.59717 4.05934 4.32632 1.0787 1.07976 1.06944 1.09273 1.09273 1.06944 1.07976 1.0787 1.10595 1.93097 5.3471 6.9726 6.80135 5.22614 1.86323 1.09307 1.02347 1.02885 1.00092 1.00004 1.00006 1.00148 1.03747 1.03075 0.999874 0.99993 1.00001 1.00001 1.00001 1.00001 0.999929 
7.03321 1.62525 1.02561 1.0003 1.00029 1.02527 1.62201 7.05067 21.7104 7.51527 1.70833 1.02925 1.02925 1.70833 7.51527 21.7104 24.3801 22.9675 11.3402 6.26715 6.59867 11.6258 23.4148 25.1152 3.90144 4.09268 3.98804 4.05013 4.05013 3.98804 4.09268 3.90144 2.84295 8.66483 19.7412 24.8246 25.0284 19.9727 8.7275 2.99484 2.23935 2.09841 1.16893 1.00756 1.00756 1.16893 2.09841 2.23935 1.43439 1.02004 1.00046 1.00001 1.00001 1.00043 1.01881 
7.80638 1.708 1.02937 1.00029 1.00028 1.02894 1.70288 7.80105 24.3116 8.29899 1.78984 1.03289 1.03289 1.78984 8.29899 24.3116 27.5465 25.1724 9.07498 2.3148 2.30853 8.97846 25.2807 28.0891 1.34989 1.31585 1.27126 1.25122 1.25122 1.27126 1.31585 1.34989 2.44852 10.2634 24.5064 31.1153 31.1781 24.6175 10.1275 2.40994 1.15842 1.1446 1.01018 1.0002 1.0002 1.01018 1.1446 1.15842 1.02687 1.00075 0.999952 0.999966 0.999966 0.999953 1.00077 
6.40377 1.54667 1.02162 1.00021 1.0002 1.02132 1.54291 6.39715 19.4047 6.71146 1.60248 1.0243 1.0243 1.60248 6.71146 19.4047 22.2513 20.4652 7.1604 1.73505 1.72589 7.08673 20.463 22.5105 1.07332 0.996873 0.995051 0.994711 0.994711 0.995051 0.996873 1.07332 2.11533 8.27388 19.6787 24.5723 24.6207 19.7538 8.16835 2.08227 1.03981 1.00919 1.00028 0.999971 0.999971 1.00028 1.00919 1.03981 1.00119 1 0.999997 1 1 0.999997 1 
2.07592 1.05288 1.00092 0.999983 0.999982 1.0009 1.05238 2.07564 8.48664 2.3202 1.06774 1.00115 1.00115 1.06774 2.3202 8.48664 9.0285 8.18284 2.32567 1.06987 1.06882 2.31352 8.29304 9.25807 1.09803 1.09817 1.09835 1.09216 1.09216 1.09835 1.09817 1.09803 1.12149 2.5525 8.00604 9.86816 9.88315 8.03061 2.54219 1.123 1.0023 1.0002 0.999989 0.999998 0.999998 0.999989 1.0002 1.0023 1.00006 0.999988 1 1 1 1 0.999989 
2.07564 1.05238 1.0009 0.999982 0.999982 1.0009 1.05238 2.07564 8.38924 2.36366 1.07048 1.00132 1.00115 1.06774 2.3202 8.48664 9.25807 8.29304 2.31352 1.06882 1.06882 2.31352 8.29304 9.25807 1.09772 1.09815 1.09835 1.09216 1.09216 1.09835 1.09817 1.09803 1.123 2.54219 8.03061 9.88315 9.86816 8.00604 2.5525 1.12149 1.00209 1.00023 0.99999 0.999998 0.999998 0.99999 1.00023 1.00209 1.00006 0.999988 1 1 1 1 0.999988 
6.39715 1.54291 1.02132 1.0002 1.0002 1.02132 1.54291 6.39715 19.4311 6.7223 1.60723 1.02605 1.0243 1.60248 6.71146 19.4047 22.5105 20.463 7.08673 1.72589 1.72589 7.08673 20.463 22.5105 1.06924 0.996646 0.995046 0.994707 0.994711 0.995051 0.996873 1.07332 2.08227 8.16835 19.7538 24.6207 24.5723 19.6787 8.27388 2.11533 1.03511 1.00976 1.00031 0.99997 0.99997 1.00031 1.00976 1.03511 1.00119 1 0.999997 1 1 0.999997 1 
7.80105 1.70288 1.02894 1.00028 1.00028 1.02894 1.70288 7.80105 24.2485 8.34124 1.7943 1.03474 1.03289 1.78984 8.29899 24.3116 28.0891 25.2807 8.97846 2.30853 2.30853 8.97846 25.2807 28.0891 1.34207 1.31218 1.2682 1.24894 1.25122 1.27126 1.31585 1.34989 2.40994 10.1275 24.6175 31.1781 31.1153 24.5064 10.2634 2.44852 1.15674 1.15277 1.01104 1.00021 1.00021 1.01104 1.15277 1.15674 1.02687 1.00075 0.999952 0.999966 0.999966 0.999952 1.00075 
7.05067 1.62201 1.02527 1.00029 1.00029 1.02527 1.62201 7.05067 21.7744 7.60964 1.71592 1.03094 1.02925 1.70833 7.51527 21.7104 25.1152 23.4148 11.6258 6.59867 6.59867 11.6258 23.4148 25.1152 4.09681 4.29931 4.19271 4.24111 4.05013 3.98804 4.09268 3.90144 2.99484 8.7275 19.9727 25.0284 24.8246 19.7412 8.66483 2.84295 2.38097 2.23579 1.19602 1.00894 1.00894 1.19602 2.23579 2.38097 1.43439 1.02004 1.00046 1.00001 1.00001 1.00046 1.02004 
7.92642 1.73831 1.03452 1.00057 1.00057 1.03452 1.73831 7.92642 25.5446 8.47423 1.81775 1.04041 1.04124 1.82442 8.51439 25.6399 33.2176 33.7221 32.7 32.1182 32.1182 32.7 33.7221 33.2176 27.8452 27.5814 28.1412 28.359 28.5727 28.3633 27.8077 28.0676 29.6496 31.2632 33.1415 33.9798 34.0439 33.2457 31.4424 29.841 24.1233 22.4626 8.26 1.85414 1.85414 8.26 22.4626 24.1233 8.70954 1.77787 1.03121 1.00039 1.00039 1.03121 1.77787 
8.05399 1.75391 1.0356 1.00053 1.00053 1.0356 1.75391 8.05399 26.1075 8.61419 1.83393 1.04163 1.04255 1.84155 8.6624 26.1663 34.1876 34.7704 34.6059 34.5326 34.5326 34.6059 34.7704 34.1876 33.5761 33.4734 33.5639 33.6797 33.6716 33.5544 33.4619 33.5659 33.6 34.4928 34.8081 34.8937 34.8926 34.8047 34.4871 33.58 27.0006 25.372 9.03384 1.95072 1.95072 9.03384 25.372 27.0006 9.60958 1.8734 1.03522 1.00038 1.00038 1.03522 1.8734 
8.0628 1.75458 1.03564 1.00057 1.00057 1.03564 1.75458 8.0628 26.1714 8.62361 1.83496 1.04169 1.0426 1.84257 8.67232 26.2308 34.3519 34.9237 34.9665 34.9661 34.9661 34.9665 34.9237 34.3519 34.7387 34.7631 34.7818 34.8078 34.8079 34.7818 34.7632 34.7413 34.1494 34.896 34.9829 34.9931 34.9931 34.9833 34.8949 34.1369 27.5146 25.8792 9.16262 1.96418 1.96418 9.16262 25.8792 27.5146 9.7704 1.88837 1.03583 1.00042 1.00042 1.03583 1.88837 
8.05623 1.74961 1.03478 1.00054 1.00054 1.03478 1.74961 8.05623 26.1852 8.61806 1.83131 1.04058 1.04136 1.83753 8.6579 26.2525 34.3673 34.938 34.9937 34.9978 34.9978 34.9937 34.938 34.3673 34.8972 34.9575 34.9721 34.9779 34.9779 34.9722 34.9578 34.8999 34.1959 34.9296 34.9951 34.9995 34.9995 34.9952 34.9283 34.1849 27.572 25.9376 9.1653 1.96394 1.96394 9.1653 25.9376 27.572 9.78378 1.89022 1.03573 1.00041 1.00041 1.03573 1.89022 
8.04171 1.75783 1.03585 1.00058 1.00054 1.03478 1.74961 8.05623 26.2525 8.6579 1.83753 1.04136 1.04136 1.83753 8.6579 26.2525 34.324 34.9349 34.9931 34.9971 34.9978 34.9937 34.938 34.3673 34.8999 34.9578 34.9722 34.9779 34.9779 34.9721 34.9575 34.8972 34.1849 34.9283 34.9952 34.9995 34.9996 34.9952 34.9262 34.2335 27.7061 25.9445 9.16881 1.96264 1.96394 9.1653 25.9376 27.572 9.7843 1.89022 1.03573 1.00041 1.00041 1.03578 1.89016 
8.04482 1.76381 1.03684 1.00062 1.00057 1.03564 1.75458 8.0628 26.2308 8.67232 1.84257 1.0426 1.0426 1.84257 8.67232 26.2308 34.3054 34.92 34.9603 34.96 34.9661 34.9665 34.9237 34.3519 34.7413 34.7632 34.7818 34.8079 34.8078 34.7818 34.7631 34.7387 34.1369 34.8949 34.9833 34.9931 34.9932 34.9835 34.8936 34.1871 27.6469 25.8871 9.16281 1.96271 1.96418 9.16262 25.8792 27.5146 9.77105 1.88837 1.03583 1.00042 1.00042 1.03588 1.88831 
8.03592 1.76312 1.0368 1.00058 1.00053 1.0356 1.75391 8.05399 26.1663 8.6624 1.84155 1.04255 1.04255 1.84155 8.6624 26.1663 34.1338 34.7575 34.5749 34.504 34.5326 34.6059 34.7704 34.1876 33.5659 33.4619 33.5544 33.6716 33.6797 33.5639 33.4734 33.5761 33.58 34.4871 34.8047 34.8926 34.8915 34.8053 34.4845 33.626 27.1157 25.3642 9.02885 1.94902 1.95072 9.03384 25.372 27.0006 9.61046 1.8734 1.03522 1.00038 1.00038 1.03526 1.87334 
7.91009 1.74679 1.03563 1.00061 1.00057 1.03452 1.73831 7.92642 25.6399 8.51439 1.82442 1.04124 1.04124 1.82442 8.51439 25.6399 33.3362 33.8724 32.6921 32.1136 32.1182 32.7 33.7221 33.2176 28.0676 27.8077 28.3633 28.5727 28.359 28.1412 27.5814 27.8452 29.841 31.4424 33.2457 34.0439 34.0435 33.2455 31.4411 29.8607 24.6462 22.6108 8.2168 1.85002 1.85414 8.26 22.4626 24.1233 8.70879 1.77787 1.03121 1.00039 1.00039 1.03122 1.77784 
7.13636 1.61963 1.02303 1.00024 1.00024 1.02301 1.61967 7.13285 23.4058 7.3729 1.67274 1.03002 1.03002 1.67274 7.3729 23.4058 34.0532 34.7563 34.7169 34.6627 34.6627 34.7169 34.7563 34.0532 34.5726 34.7924 34.8317 34.8064 34.8061 34.831 34.8093 34.5857 33.1283 34.6376 34.888 34.9455 34.9517 34.8987 34.6534 33.1134 24.9203 22.7414 7.86453 1.78707 1.79002 7.85933 22.536 25.1384 8.69088 1.76504 1.03011 1.00036 1.00036 1.03011 1.76504 
7.7042 1.6843 1.02601 1.00022 1.00022 1.02599 1.68598 7.72149 25.0281 8.04854 1.74533 1.03373 1.03373 1.74533 8.04854 25.0281 34.3057 34.8889 34.9598 34.9635 34.9635 34.9598 34.8889 34.3057 34.8425 34.9417 34.9609 34.9602 34.96 34.9608 34.941 34.8427 34.0632 34.873 34.9732 34.9847 34.9847 34.9729 34.872 34.0526 27.6381 25.3412 8.79069 1.90246 1.90658 8.80259 25.424 27.9203 9.71648 1.87989 1.03496 1.00036 1.00036 1.03496 1.87989 
7.75939 1.68939 1.02624 1.00026 1.00026 1.02622 1.69106 7.77621 25.2322 8.11492 1.75076 1.034 1.034 1.75076 8.11492 25.2322 34.346 34.9109 34.9893 34.9968 34.9968 34.9893 34.9109 34.346 34.896 34.9774 34.9936 34.9953 34.9953 34.9936 34.9771 34.8969 34.1899 34.9121 34.9926 34.9984 34.9984 34.9926 34.9118 34.1789 28.1687 25.7983 8.9077 1.91483 1.91882 8.9157 25.8468 28.4277 9.88334 1.89523 1.03558 1.0004 1.0004 1.03558 1.89523 
7.75376 1.68648 1.02583 1.00025 1.00025 1.02581 1.68761 7.7672 25.2548 8.10631 1.7488 1.03331 1.03331 1.7488 8.10631 25.2548 34.3575 34.9187 34.9925 34.9994 34.9994 34.9925 34.9187 34.3575 34.9016 34.9818 34.9978 34.9994 34.9994 34.9978 34.9815 34.9023 34.2009 34.9157 34.9941 34.9997 34.9997 34.9941 34.9154 34.1932 28.2336 25.8545 8.91288 1.91419 1.91821 8.92043 25.8871 28.4828 9.8899 1.8949 1.03521 1.00039 1.00039 1.03521 1.8949 
7.7672 1.68761 1.02581 1.00025 1.00025 1.02581 1.68648 7.75376 25.2639 8.08861 1.74584 1.03287 1.03331 1.7488 8.10631 25.2548 34.3575 34.9187 34.9925 34.9994 34.9994 34.9925 34.9216 34.366 34.9023 34.9815 34.9978 34.9994 34.9994 34.9978 34.9818 34.9016 34.1932 34.9154 34.9941 34.9997 34.9997 34.9941 34.9139 34.2303 28.6314 25.9038 8.90758 1.91295 1.91295 8.90758 25.8545 28.6314 9.8899 1.8949 1.03521 1.00039 1.00039 1.03526 1.89518 
7.77621 1.69106 1.02622 1.00026 1.00026 1.02622 1.68939 7.75939 25.2434 8.09255 1.74702 1.03347 1.034 1.75076 8.11492 25.2322 34.346 34.9109 34.9893 34.9968 34.9968 34.9893 34.9147 34.357 34.8969 34.9771 34.9936 34.9953 34.9953 34.9936 34.9774 34.896 34.1789 34.9118 34.9926 34.9984 34.9984 34.9926 34.9103 34.2181 28.5885 25.8684 8.89847 1.91221 1.91221 8.89847 25.7983 28.5885 9.88334 1.89523 1.03558 1.0004 1.0004 1.03564 1.89552 
7.72149 1.68598 1.02599 1.00022 1.00022 1.02599 1.6843 7.7042 25.04 8.02628 1.74162 1.0332 1.03373 1.74533 8.04854 25.0281 34.3057 34.8889 34.9598 34.9635 34.9636 34.9597 34.8928 34.3176 34.8427 34.941 34.9608 34.96 34.9602 34.9609 34.9417 34.8425 34.0526 34.872 34.9729 34.9847 34.9847 34.9729 34.8719 34.0961 28.0999 25.4441 8.78583 1.89999 1.89999 8.78583 25.3412 28.0999 9.71648 1.87989 1.03496 1.00036 1.00036 1.03501 1.8802 
7.13285 1.61967 1.02301 1.00024 1.00024 1.02301 1.61963 7.13636 23.3248 7.33331 1.66839 1.02951 1.03002 1.67274 7.3729 23.4058 34.0532 34.7563 34.7169 34.6627 34.653 34.7062 34.7583 34.0492 34.5857 34.8093 34.831 34.8061 34.8064 34.8317 34.7924 34.5726 33.1134 34.6534 34.8987 34.9517 34.9517 34.8987 34.6507 33.1735 25.0458 22.4679 7.82513 1.78307 1.78307 7.82513 22.7414 25.0458 8.69088 1.76504 1.03011 1.00036 1.00036 1.03015 1.76526 
2.136 1.06264 1.00139 1.00003 1.00003 1.00133 1.06117 2.11878 9.02514 2.06077 1.0536 1.00119 1.00126 1.05508 2.06066 9.16393 31.1903 34.1852 34.6232 34.6477 34.6186 34.5971 34.1467 31.2848 34.0972 34.7999 34.8725 34.8515 34.8513 34.8729 34.7996 34.0972 29.4905 34.277 34.9081 34.9628 34.9628 34.9081 34.2629 29.6714 4.66532 3.05403 1.41687 1.03572 1.03634 1.35958 3.24367 4.5659 1.47671 1.03346 1.00158 1.00006 1.00006 1.00158 1.03347 
1.55723 1.02804 1.00066 0.999986 0.999985 1.00062 1.0276 1.55847 6.51132 1.49136 1.0187 1.00041 1.00047 1.01944 1.49309 6.66273 30.8644 34.4156 34.9182 34.949 34.9498 34.9192 34.4065 31.0302 34.0851 34.8913 34.962 34.9635 34.9636 34.9621 34.8913 34.0853 29.1202 34.2473 34.9187 34.9797 34.9797 34.9187 34.235 29.3107 3.15131 1.49762 1.06352 1.0199 1.0246 1.07168 1.48922 3.16379 1.15393 1.02175 1.00125 0.999993 0.999993 1.00125 1.02177 
1.51918 1.0262 1.00067 1.00002 1.00002 1.00063 1.02575 1.52045 6.29101 1.45941 1.0174 1.00043 1.00049 1.01817 1.46136 6.44369 30.8411 34.442 34.9599 34.9947 34.9946 34.9602 34.4327 31.0084 34.0959 34.9195 34.9909 34.9955 34.9955 34.9909 34.9195 34.0961 29.0953 34.2537 34.9313 34.9932 34.9932 34.9313 34.2416 29.2875 2.87946 1.20323 1.03108 1.02305 1.02785 1.0381 1.19453 2.8917 1.11104 1.02292 1.00129 1.00003 1.00003 1.00129 1.02293 
1.57177 1.02812 1.00063 1.00001 1.00001 1.0006 1.02773 1.57245 6.59538 1.52265 1.0207 1.00047 1.00052 1.02136 1.52471 6.74653 30.9132 34.4533 34.9634 34.9979 34.9979 34.9639 34.4443 31.0768 34.1008 34.9227 34.9944 34.9993 34.9993 34.9944 34.9227 34.1011 29.1358 34.2443 34.9329 34.9947 34.9947 34.9329 34.2321 29.3278 3.08739 1.3684 1.0468 1.01392 1.01818 1.05316 1.36192 3.09348 1.13821 1.01693 1.00109 1.00002 1.00002 1.00109 1.01695 
1.57245 1.02773 1.0006 1.00001 1.00001 1.0006 1.02773 1.57245 6.59538 1.52265 1.0207 1.00047 1.00047 1.0207 1.52265 6.59538 31.0768 34.4443 34.9639 34.9979 34.9979 34.9639 34.4443 31.0768 34.1011 34.9227 34.9944 34.9993 34.9993 34.9944 34.9227 34.1011 29.127 34.2417 34.9318 34.9945 34.9947 34.9329 34.2443 29.1358 3.09348 1.36192 1.05316 1.01818 1.02099 1.05316 1.36192 3.09348 1.13821 1.01693 1.00109 1.00002 1.00002 1.00109 1.01693 
1.52045 1.02575 1.00063 1.00002 1.00002 1.00063 1.02575 1.52045 6.29101 1.45941 1.0174 1.00043 1.00043 1.0174 1.45941 6.29101 31.0084 34.4327 34.9602 34.9946 34.9946 34.9602 34.4327 31.0084 34.0961 34.9195 34.9909 34.9955 34.9955 34.9909 34.9195 34.0961 29.0842 34.2474 34.9292 34.9929 34.9932 34.9313 34.2537 29.0953 2.8917 1.19453 1.0381 1.02785 1.03102 1.0381 1.19453 2.8917 1.11104 1.02292 1.00129 1.00003 1.00003 1.00129 1.02292 
1.55847 1.0276 1.00062 0.999985 0.999985 1.00062 1.0276 1.55847 6.51132 1.49136 1.0187 1.00041 1.00041 1.0187 1.49136 6.51132 31.0302 34.4065 34.9192 34.9498 34.9498 34.9192 34.4065 31.0302 34.0853 34.8913 34.9621 34.9636 34.9635 34.962 34.8913 34.0853 29.109 34.2408 34.9166 34.9794 34.9797 34.9187 34.2473 29.1202 3.16379 1.48922 1.07168 1.0246 1.02773 1.07168 1.48922 3.16379 1.15393 1.02175 1.00125 0.999993 0.999993 1.00125 1.02175 
2.11878 1.06117 1.00133 1.00003 1.00003 1.00133 1.06117 2.11878 9.02514 2.06077 1.0536 1.00119 1.00119 1.0536 2.06077 9.02514 31.2848 34.1467 34.5971 34.6186 34.6186 34.5971 34.1467 31.2848 34.0972 34.7996 34.8729 34.8513 34.8515 34.8725 34.7996 34.0972 29.4479 34.2645 34.9038 34.9595 34.9628 34.9081 34.277 29.4905 4.5659 3.24367 1.35958 1.03634 1.03695 1.35958 3.24367 4.5659 1.47671 1.03346 1.00158 1.00006 1.00006 1.00158 1.03346 
1.41151 1.01136 1.00006 1.00003 1.00003 1.00006 1.01136 1.41151 6.4228 1.47361 1.01537 1.00028 1.00028 1.01537 1.47361 6.4228 26.9939 29.0995 30.3024 30.3398 30.3398 30.3024 29.0995 26.9939 32.5678 31.2927 30.9291 31.0058 30.8068 30.7267 31.1263 32.5252 27.9198 33.5964 34.4839 34.4927 34.5054 34.4976 33.6109 28.0899 6.40614 4.27578 1.53585 1.02492 1.0254 1.5742 4.27578 6.40614 1.94128 1.04564 1.00123 1.00004 1.00004 1.00123 1.04564 
1.43383 1.01188 0.999991 0.999964 0.999964 0.999991 1.01188 1.43383 6.92825 1.50985 1.01595 1.0002 1.0002 1.01595 1.50985 6.92825 30.4303 33.8148 34.3495 34.3838 34.3838 34.3495 33.8148 30.4303 33.4238 34.0512 34.1486 34.2369 34.243 34.1552 34.0591 33.4601 27.2697 33.8543 34.8444 34.9392 34.9393 34.85 33.867 27.4614 3.47608 1.4698 1.02837 0.999291 0.993646 1.02597 1.4698 3.47608 1.18784 1.0048 0.999995 0.999958 0.999958 0.999995 1.0048 
1.43515 1.01186 1.00002 0.999998 0.999998 1.00002 1.01186 1.43515 6.97153 1.51336 1.01613 1.00024 1.00024 1.01613 1.51336 6.97153 30.7432 34.301 34.9027 34.9491 34.9491 34.9027 34.301 30.7432 33.6715 34.7601 34.8625 34.8884 34.8884 34.8627 34.7636 33.7074 27.1948 33.8912 34.8839 34.9863 34.9872 34.8905 33.9057 27.3904 3.05976 1.13965 0.998074 0.989963 0.983815 0.996367 1.13965 3.05976 1.11067 1.00214 0.999993 0.999998 0.999998 0.999993 1.00214 
1.43334 1.01171 1.00003 0.999997 0.999997 1.00003 1.01171 1.43334 6.98097 1.51373 1.01608 1.00023 1.00023 1.01608 1.51373 6.98097 30.7545 34.3336 34.9461 34.9939 34.9939 34.9461 34.3336 30.7545 33.7232 34.8764 34.9763 34.9864 34.9864 34.9765 34.8793 33.7533 27.2163 33.9168 34.8928 34.9907 34.9915 34.8981 33.9263 27.4108 3.10903 1.17044 1.00171 0.994388 0.989055 1.00022 1.17044 3.10903 1.11976 1.00246 0.999997 0.999997 0.999997 0.999997 1.00246 
1.42883 1.01129 0.999978 0.999995 0.999997 1.00003 1.01171 1.43334 6.98097 1.51373 1.01608 1.00023 1.00033 1.01713 1.52353 6.99827 30.7546 34.3208 34.9443 34.9939 34.9939 34.9461 34.3336 30.7545 33.7533 34.8793 34.9765 34.9864 34.9864 34.9765 34.8793 33.7533 27.2146 33.9156 34.8876 34.99 34.99 34.8878 33.878 27.3995 3.14187 1.17843 1.00022 0.989055 0.994388 1.00171 1.17044 3.10903 1.11976 1.00246 0.999997 0.999997 0.999997 0.999997 1.00247 
1.43097 1.01137 0.999964 0.999996 0.999998 1.00002 1.01186 1.43515 6.97153 1.51336 1.01613 1.00024 1.00035 1.01728 1.52266 6.98757 30.7428 34.2875 34.9009 34.9491 34.9491 34.9027 34.301 30.7432 33.7074 34.7636 34.8627 34.8884 34.8884 34.8627 34.7636 33.7074 27.1929 33.8897 34.8776 34.9853 34.9855 34.8779 33.8473 27.3774 3.10026 1.14711 0.996367 0.983815 0.989963 0.998074 1.13965 3.05976 1.11067 1.00214 0.999993 0.999998 0.999998 0.999993 1.00215 
1.42972 1.0114 0.999933 0.999962 0.999964 0.999991 1.01188 1.43383 6.92825 1.50985 1.01595 1.0002 1.00031 1.01711 1.519 6.94382 30.435 33.8119 34.3554 34.3912 34.3838 34.3495 33.8148 30.4303 33.4601 34.0591 34.1552 34.243 34.243 34.1552 34.0591 33.4601 27.2679 33.8529 34.8385 34.9391 34.9391 34.8385 33.8097 27.4496 3.5134 1.48405 1.02597 0.993646 0.999291 1.02837 1.4698 3.47608 1.18784 1.0048 0.999995 0.999958 0.999958 0.999994 1.00482 
1.40633 1.01088 1 1.00003 1.00003 1.00006 1.01136 1.41151 6.4228 1.47361 1.01537 1.00028 1.00039 1.01647 1.47863 6.38795 26.8628 28.9298 30.1486 30.1866 30.3398 30.3024 29.0995 26.9939 32.5252 31.1263 30.7267 30.8068 30.8068 30.7267 31.1263 32.5252 27.9226 33.5955 34.471 34.4806 34.4594 34.4417 33.5164 28.0701 6.58674 4.41482 1.5742 1.0254 1.02492 1.53585 4.27578 6.40614 1.94128 1.04564 1.00123 1.00004 1.00004 1.00123 1.04572 
1.02204 0.999555 0.999993 1.00004 1.00004 0.999993 0.999555 1.02204 1.80409 1.04327 1.01645 1.00107 1.00107 1.01645 1.04327 1.80409 10.0764 7.32907 7.82325 7.87431 7.87431 7.82325 7.32907 10.0764 25.0622 12.9113 8.20084 7.69327 7.69327 8.20084 12.6883 24.8976 29.1206 30.555 31.3093 31.2044 31.3338 31.4275 30.5536 29.0856 22.3427 19.4263 7.55595 1.89764 1.82445 7.29407 19.4263 22.3427 8.61391 1.95351 1.07165 1.00225 1.00243 1.07458 1.97699 
1.00381 0.999315 0.999947 0.999976 0.999976 0.999947 0.999315 1.00381 1.23166 1.01122 1.01934 1.00103 1.00103 1.01934 1.01122 1.23166 6.52874 1.99115 1.61427 1.60471 1.60471 1.61427 1.99115 6.52874 26.4385 9.56354 2.97343 2.30792 2.30792 2.97343 9.52851 26.4765 32.6521 33.8495 34.1474 34.092 34.098 34.1501 33.8785 32.6863 27.9591 24.3986 9.39433 2.16497 2.06619 9.02584 24.3986 27.9591 10.8569 2.24998 1.09611 1.00308 1.00333 1.10018 2.28249 
1.00347 0.999366 0.999983 1.00001 1.00001 0.999983 0.999366 1.00347 1.20963 1.0109 1.01963 1.00106 1.00106 1.01963 1.0109 1.20963 6.28786 1.55526 1.02601 1.01145 1.01145 1.02601 1.55526 6.28786 26.7272 8.97081 1.99038 1.33947 1.33947 1.99038 8.93528 26.7661 33.5802 34.6478 34.8017 34.7088 34.7107 34.803 34.6511 33.5664 28.4107 24.7664 9.47382 2.1725 2.07292 9.10055 24.7664 28.4107 10.9844 2.26111 1.09678 1.00313 1.00338 1.10089 2.29395 
1.01089 0.9995 0.999992 1.00001 1.00001 0.999992 0.9995 1.01089 1.32379 1.02435 1.02054 1.00112 1.00112 1.02054 1.02435 1.32379 6.61467 2.01647 1.22384 1.19987 1.19987 1.22384 2.01647 6.61467 26.5615 8.93086 2.12131 1.51259 1.51259 2.12131 8.90262 26.5918 33.3631 34.476 34.6935 34.6146 34.6158 34.693 34.4785 33.3524 28.2095 24.6169 9.14301 2.08521 2.00654 8.85672 24.6169 28.2095 10.6882 2.18576 1.08591 1.0026 1.00281 1.08929 2.21268 
1.01176 0.999485 0.999988 1.00001 1.00001 0.999992 0.9995 1.01089 1.32379 1.02435 1.02054 1.00112 1.00105 1.01977 1.02312 1.31555 6.51959 2.00543 1.22436 1.19961 1.19987 1.22384 2.01647 6.61467 26.5918 8.90262 2.1187 1.5097 1.51259 2.12131 8.93086 26.5615 33.3524 34.4785 34.693 34.6158 34.6142 34.6962 34.4786 33.3572 28.9289 24.9891 8.85672 2.00654 2.08521 9.14301 24.6169 28.2095 10.7428 2.21268 1.08929 1.00281 1.0026 1.08591 2.18576 
1.00416 0.999353 0.999981 1.00001 1.00001 0.999983 0.999366 1.00347 1.20963 1.0109 1.01963 1.00106 1.00098 1.01849 1.01001 1.20236 6.19662 1.54578 1.02949 1.01366 1.01145 1.02601 1.55526 6.28786 26.7661 8.93528 1.98768 1.33577 1.33947 1.99038 8.97081 26.7272 33.5664 34.6511 34.803 34.7107 34.7103 34.8052 34.6511 33.5726 29.2593 25.2958 9.10055 2.07292 2.1725 9.47382 24.7664 28.4107 11.0504 2.29395 1.10089 1.00338 1.00313 1.09678 2.26111 
1.00458 0.999305 0.999945 0.999976 0.999976 0.999947 0.999315 1.00381 1.23166 1.01122 1.01934 1.00103 1.00095 1.01824 1.01021 1.22256 6.42456 1.97217 1.61439 1.60479 1.60471 1.61427 1.99115 6.52874 26.4765 9.52851 2.97738 2.31101 2.30792 2.97343 9.56354 26.4385 32.6863 33.8785 34.1501 34.098 34.1153 34.1809 33.8886 32.6933 28.7681 24.9249 9.02584 2.06619 2.16497 9.39433 24.3986 27.9591 10.9227 2.28249 1.10018 1.00333 1.00308 1.09611 2.24998 
1.02346 0.999566 0.999994 1.00004 1.00004 0.999993 0.999555 1.02204 1.80409 1.04327 1.01645 1.00107 1.001 1.01566 1.04082 1.75099 9.72716 7.04336 7.68955 7.74271 7.87431 7.82325 7.32907 10.0764 24.8976 12.6883 7.98242 7.48681 7.69327 8.20084 12.9113 25.0622 29.0856 30.5536 31.4275 31.3338 31.0772 31.188 30.4309 29.0052 22.9016 19.7269 7.29407 1.82445 1.89764 7.55595 19.4263 22.3427 8.66027 1.97699 1.07458 1.00243 1.00225 1.07165 1.95351 
1.00013 0.999998 1 1 1 1 0.999998 1.00009 1.01281 1.00029 1.00033 0.999995 0.999996 1.00032 1.00033 1.01511 2.0155 1.45829 1.46869 1.47147 1.47147 1.46869 1.45829 2.0155 4.7058 1.79874 1.26966 1.22977 1.21478 1.25091 1.7545 4.56758 7.63795 8.24019 8.76352 8.67186 8.97331 9.07386 8.54168 7.91897 3.8153 3.50738 1.49219 1.02523 1.02472 1.47878 3.42177 3.68819 1.26111 1.01295 1.00053 0.999998 1 1.00059 1.0142 
1.00001 0.999967 0.999971 0.999971 0.999971 0.999971 0.999967 1.00001 1.00045 0.999949 0.999976 0.99997 0.99997 0.999975 0.999947 1.00043 1.03221 1.00348 1.00311 1.00402 1.00402 1.00311 1.00348 1.03221 1.61581 1.06095 1.03375 1.03244 1.03217 1.03336 1.06054 1.61873 1.75996 1.85898 1.91205 1.87969 1.87192 1.90215 1.84909 1.75339 1.1828 1.16568 1.01664 1.00028 1.0003 1.01663 1.16542 1.18011 1.0142 1.00044 0.999962 0.999968 0.999968 0.999961 1.00042 
1.00003 1 1 1 1 1 1 1.00003 0.99999 0.999971 1 1 1 1 0.999971 0.999988 1.00023 0.999403 0.999301 0.999367 0.999367 0.999301 0.999403 1.00023 1.04989 1.00241 1.00247 1.00245 1.00245 1.00247 1.00241 1.04989 1.04006 1.0495 1.04926 1.04538 1.04538 1.04926 1.04948 1.04006 1.00514 1.00457 1.00019 0.999965 0.999965 1.0002 1.00473 1.00525 1.00034 0.999973 0.999997 1 1 0.999997 0.999973 
1.00003 0.999996 1 1 1 1 0.999996 1.00003 1 0.999971 1 1 1 1 0.999971 1 1.00003 0.999955 0.999986 0.999989 0.999989 0.999986 0.999955 1.00003 1.0018 1 1.00007 1.00007 1.00007 1.00007 1 1.0018 1.00083 1.00117 1.001 1.00085 1.00085 1.001 1.00116 1.00083 1.00005 1 0.99998 0.999999 0.999999 0.999981 1.00001 1.00006 1.00001 0.999994 1 1 1 1 0.999994 
1.00003 0.999996 1 1 1 1 0.999996 1.00003 1 0.999971 1 1 1 1 0.999971 1 1.00003 0.999955 0.999986 0.999989 0.999991 0.999989 0.999958 1.00004 1.0018 1 1.00007 1.00007 1.00007 1.00007 1 1.0018 1.00091 1.00128 1.001 1.00085 1.00085 1.001 1.00117 1.00083 1.00006 1.00001 0.999981 0.999999 0.999999 0.99998 1.00001 1.00006 1.00001 0.999994 1 1 1 1 0.999994 
1.00003 1 1 1 1 1 1 1.00003 0.99999 0.999971 1 1 1 1 0.999971 0.99999 1.00023 0.999403 0.999301 0.999367 0.999408 0.99935 0.999457 1.00029 1.04989 1.00241 1.00247 1.00245 1.00245 1.00247 1.00241 1.04989 1.04164 1.0517 1.04926 1.04538 1.04538 1.04926 1.0495 1.04006 1.00525 1.00473 1.0002 0.999965 0.999965 1.00019 1.00473 1.00525 1.00034 0.999973 0.999997 1 1 0.999997 0.999973 
1.00001 0.999967 0.999971 0.999971 0.999971 0.999971 0.999967 1.00001 1.00045 0.999949 0.999976 0.99997 0.99997 0.999976 0.999949 1.00045 1.03221 1.00348 1.00311 1.00402 1.00432 1.00348 1.00378 1.03264 1.61873 1.06054 1.03336 1.03217 1.03244 1.03375 1.06095 1.61581 1.77538 1.87836 1.90215 1.87192 1.87969 1.91205 1.85898 1.75996 1.18011 1.16542 1.01663 1.0003 1.00028 1.01664 1.16542 1.18011 1.0142 1.00044 0.999962 0.999968 0.999968 0.999962 1.00044 
1.00009 0.999998 1 1 1 1 0.999998 1.00009 1.01281 1.00029 1.00033 0.999995 0.999995 1.00033 1.00029 1.01281 2.0155 1.45829 1.46869 1.47147 1.47306 1.46924 1.45131 2.01276 4.56758 1.7545 1.25091 1.21478 1.22977 1.26966 1.79874 4.7058 7.80043 8.42081 9.07386 8.97331 8.67186 8.76352 8.24019 7.63795 3.68819 3.42177 1.47878 1.02472 1.02523 1.49219 3.42177 3.68819 1.26111 1.01295 1.00053 0.999998 0.999998 1.00053 1.01295 
1.00004 1.00003 1.00003 1.00003 1.00003 1.00003 1.00003 1.00004 1.00023 1 1.00004 1.00003 1.00003 1.00004 1 1.00023 1.04512 1.04239 1.04088 1.03836 1.03836 1.04088 1.04239 1.04512 1.15017 1.01026 0.979561 0.978449 0.978449 0.979561 1.01026 1.15017 1.66002 1.75898 1.80583 1.77561 1.77788 1.80864 1.7616 1.66218 1.12518 1.11227 1.01303 1.00055 1.00055 1.01303 1.11227 1.12518 1.00529 1.0002 1.00001 1.00003 1.00003 1.00001 1.0002 
1.00003 0.999993 0.999996 0.999996 0.999996 0.999996 0.999993 1.00003 1.00001 0.999965 0.999998 0.999996 0.999996 0.999998 0.999965 1.00001 1.00281 1.00301 1.00267 1.00243 1.00243 1.00267 1.00301 1.00281 1.00112 0.999926 0.998534 0.998561 0.998561 0.998534 0.999926 1.00112 1.02596 1.03117 1.03277 1.03063 1.03071 1.03286 1.03125 1.02598 1.00315 1.00279 1.00016 0.999971 0.999971 1.00016 1.00279 1.00315 1.00011 0.999982 0.999995 0.999996 0.999996 0.999995 0.999982 
1.00003 0.999996 1 1 1 1 0.999996 1.00003 1.00001 0.999971 1 1 1 1 0.999971 1.00001 1.00013 1.00008 1.00009 1.00008 1.00008 1.00009 1.00008 1.00013 0.999806 0.999958 0.999964 0.999965 0.999965 0.999964 0.999958 0.999806 1.00026 1.00032 1.00034 1.00031 1.00031 1.00034 1.00032 1.00027 1.00003 0.999994 0.999981 0.999998 0.999998 0.999981 0.999994 1.00003 1.00002 0.999995 1 1 1 1 0.999995 
1.00003 0.999996 1 1 1 1 0.999996 1.00003 1.00001 0.999971 1 1 1 1 0.999971 1.00001 1.00001 0.999946 0.999983 0.999982 0.999982 0.999983 0.999946 1.00001 1.00006 0.99997 1.00001 1.00001 1.00001 1.00001 0.99997 1.00006 1.00003 0.999978 1 0.999988 0.999988 1 0.999978 1.00003 0.999996 0.99996 1 1 1 1 0.99996 0.999996 1.00003 0.999996 1 1 1 1 0.999996 
0 0 0 0 1 1 0.999996 1.00003 1.00001 0.999971 1 1 1 1 0.999971 1.00001 1.00001 0.999946 0.999983 0.999982 0.999982 0.999983 0.999946 1.00001 1.00005 0.99997 1.00001 1.00001 1.00001 1.00001 0.99997 1.00006 1.00003 0.999978 1 0.999988 0.999988 1 0.999978 1.00003 0.999996 0.99996 1 1 1 1 0.99996 0.999996 1.00003 0.999996 1 1 0 0 0 
0 0 0 0 1 1 0.999996 1.00003 1.00001 0.999971 1 1 1 1 0.999971 1.00001 1.00013 1.00008 1.00009 1.00008 1.00007 1.00008 1.00007 1.00012 0.999829 0.999959 0.999967 0.999968 0.999965 0.999964 0.999958 0.999806 1.00027 1.00032 1.00034 1.00031 1.00031 1.00034 1.00032 1.00026 1.00003 0.999994 0.999981 0.999998 0.999998 0.999981 0.999994 1.00003 1.00002 0.999995 1 1 0 0 0 
0 0 0 0 0.999996 0.999996 0.999993 1.00003 1.00001 0.999965 0.999998 0.999996 0.999996 0.999998 0.999964 1.00002 1.00281 1.00301 1.00267 1.00243 1.00236 1.00258 1.00291 1.00273 1.0015 0.999932 0.998567 0.998591 0.998561 0.998534 0.999926 1.00112 1.02598 1.03125 1.03286 1.03071 1.03063 1.03277 1.03117 1.02596 1.00314 1.00279 1.00016 0.999971 0.999971 1.00016 1.00279 1.00315 1.00011 0.999982 0.999995 0.999996 0 0 0 
