0 0 0 0 1.00003 1.00002 1.00081 1.02626 1.35957 1.04735 1.00209 1.00007 1.00007 1.00209 1.04718 1.35793 1.35993 1.3214 1.05466 1.01094 1.01001 1.05417 1.32112 1.3625 1.05331 1.04127 1.04123 1.04406 1.04393 1.04155 1.04159 1.05277 1.01405 1.12425 1.62304 1.89749 1.89539 1.62309 1.12533 1.0141 1.00224 1.00285 1.00018 1.00004 1.00004 1.00023 1.00338 1.00251 1.00037 1.00004 1.00004 1.00004 0 0 0 
0 0 0 0 0.999996 0.999988 0.999964 1.00098 1.0148 1.00108 0.999977 0.999984 0.999984 0.999976 1.00105 1.01453 1.01206 1.01037 1.0009 0.999783 0.999707 1.00082 1.01028 1.01215 1.0046 1.00496 1.00503 1.00423 1.00414 1.00485 1.00478 1.00448 1.00073 1.008 1.04868 1.07195 1.07347 1.04984 1.00823 1.00075 1.00004 1 1 0.999995 0.999995 1 1.00002 1.00005 1.00002 0.999992 0.999996 0.999996 0 0 0 
0 0 0 0 1 1 0.999988 1.00004 1.00023 0.999945 0.999992 1 1 0.999992 0.999943 1.00022 1.00015 1.00003 1.00001 0.999997 0.999992 1.00001 1.00003 1.00015 1.00026 1.00019 1.00024 1.00021 1.00021 1.00023 1.00018 1.00025 1.00001 1.00028 1.00204 1.003 1.00311 1.00212 1.00029 1.00001 1 0.999952 0.999999 1 1 0.999999 0.99995 1 1.00004 0.999996 1 1 0 0 0 
0 0 0 0 1 1 0.999996 1.00004 0.999997 0.999955 1 1 1 1 0.999955 0.999997 1.00001 0.99993 0.999999 1 1 1 0.99993 1.00001 1 0.999919 0.999963 0.999962 0.999963 0.999964 0.99992 1 1.00003 0.999923 1.00003 1.00005 1.00005 1.00003 0.999923 1.00003 1.00002 0.999959 1 1 1 1 0.999959 1.00002 1.00004 0.999996 1 1 0 0 0 
1.00004 0.999996 1 1 1 1 0.999996 1.00004 0.999997 0.999955 1 1 1 1 0.999955 0.999997 1.00001 0.99993 1 1 1 1 0.99993 1.00001 1 0.999919 0.999963 0.999962 0.999962 0.999963 0.999919 1 1.00003 0.999923 1.00003 1.00005 1.00005 1.00003 0.999923 1.00003 1.00002 0.999959 1 1 1 1 0.999959 1.00002 1.00004 0.999996 1 1 1 1 0.999996 
1.00004 0.999988 1 1 1 1 0.999988 1.00004 1.00023 0.999945 0.999992 1 1 0.999992 0.999945 1.00023 1.00015 1.00003 1.00001 0.999992 0.999992 1.00001 1.00003 1.00015 1.00026 1.00019 1.00024 1.00021 1.00021 1.00024 1.00019 1.00026 1.00001 1.00029 1.00212 1.00311 1.00311 1.00212 1.00029 1.00001 1 0.99995 0.999999 1 1 0.999999 0.999952 1 1.00004 0.999996 1 1 1 1 0.999996 
1.00098 0.999964 0.999988 0.999996 0.999996 0.999988 0.999964 1.00098 1.0148 1.00108 0.999977 0.999984 0.999984 0.999977 1.00108 1.0148 1.01215 1.01028 1.00082 0.999707 0.999707 1.00082 1.01028 1.01215 1.0046 1.00496 1.00503 1.00423 1.00423 1.00503 1.00496 1.0046 1.00075 1.00823 1.04984 1.07347 1.07347 1.04984 1.00823 1.00075 1.00005 1.00002 1 0.999995 0.999995 1 1 1.00004 1.00002 0.999992 0.999996 0.999996 0.999996 0.999996 0.999992 
1.02626 1.00081 1.00002 1.00003 1.00003 1.00002 1.00081 1.02626 1.35957 1.04735 1.00209 1.00007 1.00007 1.00209 1.04735 1.35957 1.3625 1.32112 1.05417 1.01001 1.01001 1.05417 1.32112 1.3625 1.05331 1.04127 1.04123 1.04406 1.04406 1.04123 1.04127 1.05331 1.0141 1.12533 1.62309 1.89539 1.89539 1.62309 1.12533 1.0141 1.00251 1.00338 1.00023 1.00004 1.00004 1.00018 1.00285 1.00224 1.00037 1.00004 1.00004 1.00004 1.00004 1.00004 1.00004 
1.59593 1.03413 1.00093 0.999983 0.999983 1.00093 1.03413 1.59593 4.72012 1.83406 1.05512 1.0016 1.0016 1.05512 1.89493 4.88763 5.66953 5.25162 2.30767 1.45294 1.43074 2.25618 5.08451 5.46341 1.23226 1.19068 1.22367 1.24798 1.2243 1.1927 1.17414 1.18587 1.24126 2.47275 5.90225 7.8129 7.74889 5.85776 2.47275 1.24126 1.05074 1.05442 1.00513 1.00021 1.00021 1.00492 1.0542 1.05193 1.00247 0.999869 1 1.00002 1.00002 1 0.999869 
1.0367 1.0013 0.99996 0.999953 0.999953 0.99996 1.0013 1.0367 1.3808 1.04799 1.00161 0.999951 0.999951 1.00161 1.04906 1.38644 1.42701 1.37049 1.07106 1.01663 1.01738 1.07081 1.36846 1.41988 1.04626 1.04369 1.04005 1.04448 1.04462 1.03993 1.04336 1.04509 1.00925 1.0895 1.56401 1.89247 1.89608 1.56434 1.0895 1.00925 1.00016 0.999488 0.999914 0.999962 0.999963 0.999924 0.999621 1.00024 0.999786 0.999958 0.999961 0.99996 0.99996 0.999961 0.999957 
1.00086 0.99997 0.999993 1 1 0.999993 0.99997 1.00086 1.01445 1.00092 0.999954 0.999991 0.999991 0.999954 1.00094 1.0148 1.01493 1.01215 1.00154 1.00028 1.00036 1.00162 1.01242 1.01466 1.00474 1.00538 1.00515 1.00431 1.0044 1.00533 1.00592 1.00514 1.00015 1.00154 1.02415 1.04776 1.04817 1.02417 1.00154 1.00015 0.999982 0.999868 1.00001 1 1 1.00001 0.999868 0.999982 1.00006 1 1 1 1 1 1 
1.00002 0.999987 1 1 1 1 0.999987 1.00002 1.00013 0.999933 0.999995 1 1 0.999995 0.999934 1.00014 1.00015 1.00003 0.999993 0.999986 0.999991 1 1.00004 1.00015 1.00024 1.00017 1.0002 1.00018 1.00019 1.00021 1.0002 1.00027 1.00001 0.999927 1.00023 1.00085 1.00086 1.00023 0.999927 1.00001 1.00002 0.999974 1 1 1 1 0.999974 1.00002 1.00004 0.999996 1 1 1 1 0.999996 
1.00002 0.999987 1 1 1 1 0.999987 1.00002 1.00014 0.999934 0.999995 1 1 0.999994 0.999934 1.00014 1.00015 1.00003 1 0.999991 0.999986 0.999993 1.00003 1.00015 1.00027 1.0002 1.00021 1.00019 1.00019 1.00021 1.0002 1.00027 1.00001 0.999933 1.00023 1.00086 1.00085 1.00023 0.999933 1.00001 1.00002 0.999974 1 1 1 1 0.999974 1.00002 1.00004 0.999996 1 1 1 1 0.999996 
1.00086 0.99997 0.999993 1 1 0.999993 0.99997 1.00086 1.0148 1.00094 0.999954 0.999991 0.999992 0.999954 1.00094 1.0148 1.01493 1.01215 1.00162 1.00036 1.00028 1.00154 1.01215 1.01493 1.00514 1.00592 1.00533 1.0044 1.0044 1.00533 1.00592 1.00514 1.00017 1.00163 1.02417 1.04817 1.04776 1.02415 1.00163 1.00017 0.999982 0.999868 1.00001 1 1 1.00001 0.999868 0.999982 1.00006 1 1 1 1 1 1 
1.03685 1.00129 0.999958 0.999953 0.999953 0.99996 1.0013 1.0367 1.38644 1.04906 1.00161 0.999951 0.999943 1.0016 1.04906 1.38644 1.42701 1.37049 1.07081 1.01738 1.01663 1.07106 1.37049 1.42701 1.04509 1.04336 1.03993 1.04462 1.04462 1.03993 1.04336 1.04509 1.00957 1.09157 1.56434 1.89608 1.89247 1.56401 1.09157 1.00957 1.00024 0.999621 0.999924 0.999963 0.999963 0.999924 0.999621 1.00024 0.999786 0.999958 0.999961 0.99996 0.99996 0.999961 0.999958 
1.61577 1.03559 1.001 0.999984 0.999983 1.00093 1.03413 1.59593 4.88763 1.89493 1.05512 1.0016 1.00182 1.05701 1.89493 4.88763 5.66953 5.25162 2.25618 1.43074 1.45294 2.30767 5.25162 5.66953 1.18587 1.17414 1.1927 1.2243 1.2243 1.1927 1.17414 1.18587 1.25268 2.51603 5.85776 7.74889 7.8129 5.90225 2.51603 1.25268 1.05193 1.0542 1.00492 1.00021 1.00021 1.00492 1.0542 1.05193 1.00247 0.999869 1 1.00002 1.00002 1 0.999869 
7.59441 1.90817 1.0572 1.00128 1.00124 1.05658 1.905 7.62359 19.4567 7.99348 1.99675 1.06584 1.06584 1.99675 7.99348 19.4567 22.43 21.5921 13.4158 8.51521 8.6818 13.5768 21.5921 22.43 4.67772 4.89676 5.45062 5.41426 5.41426 5.45062 4.89676 4.67772 3.93832 9.78277 17.9434 23.0311 23.2431 18.17 9.78277 3.93832 2.64274 2.51465 1.3622 1.02535 1.02535 1.3622 2.51465 2.64274 1.66968 1.04556 1.00172 1.00003 1.00003 1.00172 1.04556 
8.64938 2.0596 1.0681 1.00147 1.00142 1.06724 2.05358 8.65389 22.2087 9.1041 2.14011 1.07667 1.07667 2.14011 9.1041 22.2087 25.2199 23.1885 9.98762 3.15027 3.15718 9.95749 23.1885 25.2199 1.84944 1.74033 1.74064 1.66233 1.66233 1.74064 1.74033 1.84944 3.42313 11.7143 22.4392 29.2695 29.334 22.5436 11.7143 3.42313 1.3083 1.24747 1.0262 1.00089 1.00089 1.0262 1.24747 1.3083 1.06999 1.00365 1.00002 0.999944 0.999944 1.00002 1.00365 
6.89216 1.78657 1.04778 1.00098 1.00094 1.04721 1.78224 6.89351 17.38 7.08155 1.83536 1.05231 1.05231 1.83536 7.08155 17.38 20.0429 18.4843 7.47967 2.06224 2.05903 7.44811 18.4843 20.0429 1.23418 1.06087 1.04938 1.03754 1.03754 1.04938 1.06087 1.23418 2.75289 9.14301 17.578 22.6173 22.7045 17.664 9.14301 2.75289 1.0875 1.02443 1.00115 0.999978 0.999978 1.00115 1.02443 1.0875 1.0038 1.00008 0.999983 1 1 0.999983 1.00008 
2.67618 1.12045 1.00369 1.00001 1 1.00363 1.1196 2.67617 9.22748 3.05198 1.15178 1.00474 1.00474 1.15178 3.05198 9.22748 10.0803 9.02163 3.02148 1.16549 1.16812 3.0254 9.02163 10.0803 1.14045 1.13461 1.13414 1.12253 1.12253 1.13414 1.13461 1.14045 1.28989 3.45347 8.67181 11.1929 11.1943 8.69846 3.45347 1.28989 1.0076 1.00106 1 0.999991 0.999991 1 1.00106 1.0076 1.00019 0.999977 0.999999 1 1 0.999999 0.999977 
2.67617 1.1196 1.00363 1 1 1.00363 1.1196 2.67617 9.13902 3.02723 1.15167 1.00462 1.00474 1.15178 3.02723 9.13902 10.0803 9.02163 3.008 1.16459 1.16549 3.02148 9.03785 10.0757 1.13961 1.13456 1.13414 1.12252 1.12253 1.13414 1.13461 1.14045 1.28989 3.45347 8.69846 11.1943 11.2203 8.71369 3.41379 1.27218 1.0076 1.00103 1 0.999991 0.999991 1 1.00106 1.0076 1.00019 0.999977 0.999999 1 1 0.999998 0.999977 
6.89351 1.78224 1.04721 1.00094 1.00094 1.04721 1.78224 6.89351 17.4207 7.09089 1.84213 1.05161 1.05231 1.83536 7.09089 17.4207 20.0429 18.4843 7.42309 2.05648 2.06224 7.47967 18.5678 20.0901 1.22588 1.06019 1.04934 1.03754 1.03754 1.04938 1.06087 1.23418 2.75289 9.14301 17.664 22.7045 22.7415 17.7585 9.05488 2.71265 1.0875 1.02398 1.00114 0.999977 0.999978 1.00115 1.02443 1.0875 1.0038 1.00008 0.999983 1 1 0.999982 1.00008 
8.65389 2.05358 1.06724 1.00142 1.00142 1.06724 2.05358 8.65389 22.176 9.08703 2.15233 1.07629 1.07667 2.14011 9.08703 22.176 25.2199 23.1885 9.91514 3.14701 3.15027 9.98762 23.3026 25.2647 1.83519 1.73586 1.73544 1.65866 1.66233 1.74064 1.74033 1.84944 3.42313 11.7143 22.5436 29.334 29.4349 22.679 11.5758 3.35043 1.30762 1.24474 1.02615 1.00086 1.00089 1.0262 1.24747 1.3083 1.06999 1.00365 1.00002 0.999944 0.999944 1.00001 1.00355 
7.62359 1.905 1.05658 1.00124 1.00124 1.05658 1.905 7.62359 19.5286 8.006 2.00108 1.06522 1.06584 1.99675 8.006 19.5286 22.43 21.5921 13.6991 8.82147 8.51521 13.4158 22.1334 22.9461 4.85717 5.09468 5.64934 5.59161 5.41426 5.45062 4.89676 4.67772 3.93832 9.78277 18.17 23.2431 23.4122 18.3936 9.8331 4.01081 2.77961 2.63569 1.39378 1.02779 1.02535 1.3622 2.51465 2.64274 1.66968 1.04556 1.00172 1.00003 1.00003 1.0018 1.04782 
9.02112 2.1176 1.07152 1.00182 1.00192 1.07287 2.12392 9.00524 23.9095 9.32002 2.24731 1.09674 1.09345 2.23008 9.32002 23.9095 32.1105 32.9982 31.8322 31.113 31.0914 31.8097 32.9136 32.0344 26.077 25.9862 26.2425 26.5383 26.7416 26.458 26.2061 26.2852 27.0922 29.1824 31.3902 32.7179 32.561 31.1593 28.8382 26.7457 22.628 20.4644 8.92899 2.30881 2.31985 8.97402 20.5875 22.7544 9.72775 2.17467 1.07017 1.00151 1.00147 1.06972 2.1711 
9.26916 2.1525 1.07443 1.00185 1.00196 1.07595 2.15951 9.25076 24.7587 9.56054 2.29064 1.1019 1.09824 2.27167 9.56054 24.7587 33.5888 34.5001 34.3591 34.2519 34.2395 34.3453 34.5156 33.6332 32.5317 32.3613 32.5168 32.7726 32.7652 32.5066 32.3529 32.52 32.9297 34.0917 34.5989 34.7645 34.7705 34.6081 34.1038 33.0011 25.2523 23.4295 9.99054 2.4955 2.50262 10.0002 23.4172 25.2341 10.8574 2.34569 1.08168 1.00167 1.00164 1.08133 2.34515 
9.29106 2.15477 1.07457 1.0019 1.002 1.07608 2.1618 9.27295 24.8834 9.58198 2.29327 1.10201 1.09836 2.27436 9.58198 24.8834 33.9288 34.8199 34.9151 34.9152 34.912 34.9115 34.8215 33.9697 34.3888 34.4221 34.4734 34.5532 34.5534 34.4734 34.4224 34.3884 33.8696 34.7693 34.9537 34.9806 34.9805 34.9534 34.7675 33.9232 26.0505 24.2155 10.2635 2.53542 2.54278 10.2773 24.2141 26.0403 11.1778 2.38653 1.08422 1.00177 1.00173 1.08388 2.38593 
9.27621 2.1472 1.07309 1.0018 1.00189 1.07434 2.15304 9.26326 24.9136 9.57528 2.27834 1.09738 1.0944 2.26356 9.57528 24.9136 33.969 34.8654 34.9815 34.9909 34.9904 34.9809 34.8659 34.007 34.7554 34.8743 34.9044 34.9263 34.9263 34.9046 34.8746 34.754 33.9557 34.8437 34.9839 34.9976 34.9976 34.9835 34.8426 34.0078 26.1847 24.3364 10.2804 2.53401 2.5402 10.2911 24.3343 26.1771 11.2186 2.38888 1.08426 1.00173 1.0017 1.08401 2.38854 
9.26326 2.15304 1.07434 1.00189 1.00189 1.07434 2.1472 9.27621 24.9136 9.57528 2.27834 1.09738 1.09738 2.27834 9.57876 24.9951 33.969 34.8654 34.9805 34.9904 34.9904 34.9805 34.8654 33.969 34.754 34.8746 34.9046 34.9263 34.9263 34.9044 34.8743 34.7554 34.0078 34.8426 34.9835 34.9976 34.9977 34.9844 34.8437 34.0036 26.1771 24.3343 10.2911 2.5402 2.53401 10.2804 24.3364 26.1847 11.2234 2.38854 1.08401 1.0017 1.00173 1.08426 2.38888 
9.27295 2.1618 1.07608 1.002 1.002 1.07608 2.15477 9.29106 24.8834 9.58198 2.29327 1.10201 1.10201 2.29327 9.58963 24.9613 33.9288 34.8199 34.9112 34.912 34.912 34.9112 34.8199 33.9288 34.3884 34.4224 34.4734 34.5534 34.5532 34.4734 34.4221 34.3888 33.9232 34.7675 34.9534 34.9805 34.9805 34.9545 34.7684 33.9137 26.0403 24.2141 10.2773 2.54278 2.53542 10.2635 24.2155 26.0505 11.1846 2.38593 1.08388 1.00173 1.00177 1.08422 2.38653 
9.25076 2.15951 1.07595 1.00196 1.00196 1.07595 2.1525 9.26916 24.7587 9.56054 2.29064 1.1019 1.1019 2.29064 9.5681 24.8314 33.5888 34.5001 34.3404 34.2339 34.2339 34.3404 34.5001 33.5888 32.52 32.3529 32.5066 32.7652 32.7726 32.5168 32.3613 32.5317 33.0011 34.1038 34.6081 34.7705 34.7574 34.5897 34.082 32.9428 25.2341 23.4172 10.0002 2.50262 2.4955 9.99054 23.4295 25.2523 10.8662 2.34515 1.08133 1.00164 1.00167 1.08168 2.34569 
9.00524 2.12392 1.07287 1.00192 1.00192 1.07287 2.1176 9.02112 23.9095 9.32002 2.24731 1.09674 1.09674 2.24731 9.33111 24.0081 32.1105 32.9982 31.9474 31.2574 31.2574 31.9474 32.9982 32.1105 26.2852 26.2061 26.458 26.7416 26.5383 26.2425 25.9862 26.077 26.7457 28.8382 31.1593 32.561 32.7905 31.4995 29.3524 27.2814 22.7544 20.5875 8.97402 2.31985 2.30881 8.92899 20.4644 22.628 9.69425 2.1711 1.06972 1.00147 1.00151 1.07017 2.17467 
8.07871 1.96243 1.05251 1.00099 1.00099 1.05251 1.96243 8.07871 22.3821 8.40139 2.06735 1.07425 1.07425 2.06735 8.40139 22.3821 33.2646 34.4763 34.5158 34.4357 34.4357 34.5158 34.4763 33.2646 34.2199 34.6367 34.6532 34.5969 34.6241 34.6755 34.659 34.2387 32.2642 34.3435 34.8264 34.9129 34.8583 34.743 34.249 32.2778 23.4056 20.8431 8.72252 2.24811 2.24811 8.72252 20.8431 23.4056 9.90863 2.1784 1.07246 1.00154 1.00154 1.07246 2.1784 
8.77395 2.0755 1.06089 1.00111 1.00111 1.06089 2.0755 8.77395 23.5939 9.14568 2.18946 1.08515 1.08515 2.18946 9.14568 23.5939 33.6503 34.7465 34.9109 34.9192 34.9192 34.9109 34.7465 33.6503 34.6786 34.8876 34.9206 34.9158 34.9149 34.92 34.8865 34.6806 33.5506 34.7332 34.9405 34.9728 34.9732 34.9445 34.7475 33.586 25.8514 23.401 9.87418 2.46345 2.46345 9.87418 23.401 25.8514 11.1263 2.37268 1.0865 1.00177 1.00177 1.0865 2.37268 
8.87581 2.08848 1.06168 1.00116 1.00116 1.06168 2.08848 8.87581 23.8559 9.2662 2.20367 1.08625 1.08625 2.20367 9.2662 23.8559 33.7344 34.7937 34.9715 34.991 34.991 34.9715 34.7937 33.7344 34.7857 34.9542 34.9833 34.9866 34.9866 34.9832 34.9539 34.7888 33.7693 34.8073 34.9792 34.9959 34.9961 34.9814 34.8219 33.807 26.5784 24.0499 10.0858 2.49551 2.49551 10.0858 24.0499 26.5784 11.4435 2.41325 1.08915 1.00187 1.00187 1.08915 2.41325 
8.87504 2.08159 1.06039 1.00112 1.00112 1.06039 2.08159 8.87504 23.9126 9.2212 2.18919 1.08317 1.08317 2.18919 9.2212 23.9126 33.7726 34.8139 34.9794 34.9976 34.9976 34.9794 34.8139 33.7726 34.8028 34.9665 34.9944 34.9978 34.9978 34.9944 34.9663 34.8049 33.8137 34.8194 34.9833 34.9985 34.9987 34.9851 34.8308 33.842 26.7264 24.1664 10.0796 2.48592 2.48592 10.0796 24.1664 26.7264 11.4702 2.41282 1.088 1.0018 1.0018 1.088 2.41282 
8.90723 2.08286 1.06052 1.00114 1.00112 1.06039 2.08159 8.87504 23.8213 9.22584 2.18919 1.08317 1.08195 2.18041 9.2212 23.9126 33.7726 34.8139 34.9794 34.9976 34.9977 34.9806 34.8208 33.7945 34.8049 34.9663 34.9944 34.9978 34.9978 34.9944 34.9663 34.8049 33.8137 34.8194 34.9833 34.9985 34.9985 34.9833 34.8194 33.8137 26.7566 24.1926 10.0752 2.48497 2.48592 10.0796 24.1664 26.7264 11.4702 2.41282 1.088 1.0018 1.00177 1.08741 2.40757 
8.91559 2.09069 1.0619 1.00118 1.00116 1.06168 2.08848 8.87581 23.765 9.27017 2.20367 1.08625 1.08481 2.1932 9.2662 23.8559 33.7344 34.7937 34.9715 34.991 34.9912 34.9731 34.8028 33.7622 34.7888 34.9539 34.9832 34.9866 34.9866 34.9832 34.9539 34.7888 33.7693 34.8073 34.9792 34.9959 34.9959 34.9792 34.8073 33.7693 26.6159 24.0838 10.0814 2.49451 2.49551 10.0858 24.0499 26.5784 11.4435 2.41325 1.08915 1.00187 1.00183 1.08845 2.40697 
8.81424 2.07778 1.06111 1.00113 1.00111 1.06089 2.0755 8.77395 23.5012 9.1512 2.18946 1.08515 1.08373 2.17911 9.14568 23.5939 33.6503 34.7465 34.9109 34.9192 34.9176 34.9116 34.756 33.6803 34.6806 34.8865 34.92 34.9149 34.9149 34.92 34.8865 34.6806 33.5506 34.7332 34.9405 34.9728 34.9728 34.9405 34.7332 33.5506 25.8969 23.4419 9.87024 2.46251 2.46345 9.87418 23.401 25.8514 11.1263 2.37268 1.0865 1.00177 1.00173 1.08582 2.36673 
8.09263 1.9621 1.05255 1.001 1.00099 1.05251 1.96243 8.07871 22.2767 8.41051 2.06735 1.07425 1.07294 2.05688 8.40139 22.3821 33.2646 34.4763 34.5158 34.4357 34.4461 34.5228 34.4829 33.2769 34.2387 34.659 34.6755 34.6241 34.6241 34.6755 34.659 34.2387 32.2642 34.3435 34.8264 34.9129 34.9129 34.8264 34.3435 32.2642 23.309 20.7525 8.71839 2.24737 2.24811 8.72252 20.8431 23.4056 9.90863 2.1784 1.07246 1.00154 1.0015 1.07176 2.17088 
2.74653 1.13196 1.00396 1.00006 1.00005 1.00386 1.13013 2.72663 10.1599 2.65845 1.12877 1.00441 1.00441 1.12877 2.65845 10.1599 30.1322 33.6096 34.3377 34.3976 34.3976 34.3377 33.6096 30.1322 33.5384 34.64 34.7542 34.7076 34.7076 34.7542 34.64 33.5384 28.4244 33.698 34.8061 34.9214 34.9214 34.8061 33.698 28.4244 5.21876 3.54598 1.52214 1.06381 1.06454 1.54544 3.62932 5.16306 1.79864 1.0671 1.00356 1.00014 1.00014 1.00356 1.06708 
1.9112 1.05632 1.00148 0.999973 0.99997 1.00143 1.05609 1.91314 7.76435 1.86131 1.04833 1.00152 1.00152 1.04833 1.86131 7.76435 29.829 34.0249 34.8123 34.8855 34.8855 34.8123 34.0249 29.829 33.5549 34.7827 34.9212 34.9268 34.9268 34.9212 34.7827 33.5549 28.035 33.6976 34.8437 34.9631 34.9631 34.8437 33.6976 28.035 3.68415 1.78462 1.14776 1.0386 1.0372 1.14616 1.78732 3.53557 1.29508 1.03291 1.00228 1.00003 1.00003 1.00228 1.03291 
1.82558 1.05003 1.00133 1.00002 1.00002 1.00128 1.04976 1.82743 7.47363 1.79413 1.04407 1.00149 1.00149 1.04407 1.79413 7.47363 29.7772 34.0719 34.9044 34.984 34.984 34.9044 34.0719 29.7772 33.566 34.8294 34.9748 34.9874 34.9874 34.9748 34.8294 33.566 27.9802 33.7038 34.8624 34.9839 34.9839 34.8624 33.7038 27.9802 3.29247 1.38016 1.07027 1.03834 1.03663 1.06763 1.37343 3.13396 1.18544 1.02928 1.00219 1.00008 1.00008 1.00219 1.02927 
1.88648 1.0539 1.00137 1.00001 1.00001 1.00133 1.05372 1.88794 7.69625 1.86216 1.04891 1.0015 1.0015 1.04891 1.86216 7.69625 29.85 34.0876 34.9133 34.9925 34.9925 34.9133 34.0876 29.85 33.5616 34.8365 34.9841 34.9972 34.9972 34.9841 34.8365 33.5616 28.0274 33.7147 34.8649 34.9863 34.9863 34.8649 33.7147 28.0274 3.48242 1.50153 1.0904 1.02803 1.02671 1.08822 1.49726 3.33063 1.22458 1.02522 1.00189 1.00006 1.00006 1.00189 1.02522 
1.88794 1.05372 1.00133 1.00001 1.00001 1.00133 1.05372 1.88794 7.56833 1.85999 1.04652 1.00118 1.0015 1.04891 1.86216 7.69625 30.1234 34.0695 34.9129 34.9926 34.9926 34.9129 34.0695 30.1234 33.5611 34.8366 34.9841 34.9972 34.9972 34.9841 34.8365 33.5616 27.8375 33.7247 34.8631 34.986 34.9857 34.8621 33.7247 27.8375 3.33063 1.49726 1.08822 1.02671 1.02803 1.0904 1.50153 3.33063 1.22458 1.02522 1.00189 1.00006 1.00006 1.00189 1.02522 
1.82743 1.04976 1.00128 1.00002 1.00002 1.00128 1.04976 1.82743 7.34452 1.79034 1.04081 1.00109 1.00149 1.04407 1.79413 7.47363 30.062 34.0532 34.9036 34.9838 34.9838 34.9036 34.0532 30.062 33.5657 34.8295 34.9748 34.9874 34.9874 34.9748 34.8294 33.566 27.7867 33.7102 34.8593 34.9833 34.9828 34.8573 33.7102 27.7867 3.13396 1.37343 1.06763 1.03663 1.03834 1.07027 1.38016 3.13396 1.18544 1.02928 1.00219 1.00008 1.00008 1.00219 1.02928 
1.91314 1.05609 1.00143 0.99997 0.99997 1.00143 1.05609 1.91314 7.63651 1.85807 1.04522 1.00113 1.00152 1.04833 1.86131 7.76435 30.1104 34.0076 34.8126 34.8862 34.8862 34.8126 34.0076 30.1104 33.5546 34.7827 34.9212 34.9267 34.9268 34.9212 34.7827 33.5549 27.844 33.7037 34.8411 34.963 34.9623 34.8389 33.7037 27.844 3.53557 1.78732 1.14616 1.0372 1.0386 1.14776 1.78462 3.53557 1.29508 1.03291 1.00228 1.00003 1.00003 1.00228 1.03291 
2.72663 1.13013 1.00386 1.00005 1.00005 1.00386 1.13013 2.72663 9.89781 2.62377 1.12074 1.00379 1.00441 1.12877 2.65845 10.1599 30.4005 33.6275 34.3107 34.3698 34.3698 34.3107 33.6275 30.4005 33.538 34.6396 34.7538 34.7068 34.7076 34.7542 34.64 33.5384 28.2133 33.6969 34.799 34.9169 34.9122 34.7948 33.6969 28.2133 5.16306 3.62932 1.54544 1.06454 1.06381 1.52214 3.54598 5.16306 1.79864 1.0671 1.00356 1.00014 1.00014 1.00356 1.0671 
1.75333 1.03656 1.00084 1.00006 1.00005 1.00076 1.03569 1.74542 7.14459 1.78712 1.03858 1.00079 1.00066 1.03738 1.78267 7.18794 26.8276 29.5035 30.3584 30.4692 30.1874 30.0657 29.063 26.4696 31.4889 30.5223 29.8114 29.8631 29.8631 29.8114 30.5223 31.4889 26.6031 32.6382 34.0905 34.2176 34.2033 34.0708 32.5919 26.6044 8.013 4.73919 1.82941 1.06437 1.06456 1.83169 4.74964 8.013 2.53703 1.09801 1.00375 1.00006 1.00006 1.00375 1.09801 
1.80638 1.03987 1.00086 0.999973 0.999968 1.00078 1.03892 1.8 7.81252 1.8682 1.04147 1.00069 1.00056 1.03997 1.85693 7.80506 29.316 33.1554 33.9575 34.0329 34.0454 33.9694 33.1416 29.3021 32.409 33.3967 33.4713 33.628 33.628 33.4713 33.3967 32.409 25.6404 32.895 34.6276 34.8696 34.8683 34.613 32.8469 25.6259 4.83613 1.77533 1.0645 1.00034 1.00026 1.0636 1.77102 4.83613 1.42865 1.01743 1.00023 0.999925 0.999925 1.00023 1.01743 
1.81383 1.0401 1.0009 1.00002 1.00001 1.00082 1.03914 1.80728 7.89697 1.87838 1.04208 1.00075 1.00062 1.04057 1.86688 7.88953 29.8172 33.9483 34.8041 34.8906 34.891 34.8038 33.9168 29.7929 32.8067 34.4679 34.6646 34.7308 34.7308 34.6646 34.4679 32.8067 25.4851 32.9452 34.7 34.9561 34.9537 34.685 32.8969 25.47 4.28629 1.30586 1.00077 0.990249 0.990254 1.00089 1.30971 4.28629 1.2557 1.00777 1.00001 0.999984 0.999984 1.00001 1.00777 
1.81216 1.0395 1.00084 1.00002 1.00001 1.00077 1.03864 1.80598 7.90487 1.87859 1.04216 1.00075 1.00064 1.04081 1.86776 7.89974 29.8549 34.0127 34.8906 34.9816 34.9819 34.8908 33.9897 29.8353 32.9343 34.7187 34.9243 34.9546 34.9546 34.9243 34.7187 32.9343 25.5222 33.0467 34.7322 34.9673 34.9654 34.7206 33.0091 25.5089 4.27832 1.32002 1.00566 0.994775 0.994768 1.0055 1.32211 4.27832 1.26086 1.00826 1.00004 0.999981 0.999981 1.00004 1.00826 
1.80598 1.03864 1.00077 1.00001 1.00001 1.00077 1.03864 1.80598 7.90487 1.87859 1.04216 1.00075 1.00075 1.04216 1.87859 7.90487 29.8353 33.9897 34.8908 34.9819 34.9819 34.8908 33.9897 29.8353 32.9819 34.7248 34.9248 34.9546 34.9546 34.9243 34.7187 32.9343 25.5089 33.0091 34.7206 34.9654 34.9673 34.7322 33.0467 25.5222 4.42059 1.36499 1.00351 0.982484 0.994775 1.00566 1.32002 4.27832 1.26466 1.00826 1.00004 0.999981 0.999981 1.00004 1.00823 
1.80728 1.03914 1.00082 1.00001 1.00001 1.00082 1.03914 1.80728 7.89697 1.87838 1.04208 1.00075 1.00075 1.04208 1.87838 7.89697 29.7929 33.9168 34.8038 34.891 34.891 34.8038 33.9168 29.7929 32.8674 34.476 34.6654 34.7308 34.7308 34.6646 34.4679 32.8067 25.47 32.8969 34.685 34.9537 34.9561 34.7 32.9452 25.4851 4.43828 1.35915 0.99874 0.975317 0.990249 1.00077 1.30586 4.28629 1.26014 1.00777 1.00001 0.999984 0.999984 1.00001 1.00774 
1.8 1.03892 1.00078 0.999968 0.999968 1.00078 1.03892 1.8 7.81252 1.8682 1.04147 1.00069 1.00069 1.04147 1.8682 7.81252 29.3021 33.1416 33.9694 34.0454 34.0454 33.9694 33.1416 29.3021 32.4685 33.407 33.4782 33.6326 33.628 33.4713 33.3967 32.409 25.6259 32.8469 34.613 34.8683 34.8696 34.6276 32.895 25.6404 4.97872 1.81456 1.0599 0.987521 1.00034 1.0645 1.77533 4.83613 1.43384 1.01743 1.00023 0.999925 0.999925 1.00023 1.01742 
1.74542 1.03569 1.00076 1.00005 1.00005 1.00076 1.03569 1.74542 7.14459 1.78712 1.03858 1.00079 1.00079 1.03858 1.78712 7.14459 26.4696 29.063 30.0657 30.1874 30.1874 30.0657 29.063 26.4696 31.4525 30.3702 29.6172 29.6769 29.8631 29.8114 30.5223 31.4889 26.6044 32.5919 34.0708 34.2033 34.2176 34.0905 32.6382 26.6031 8.31475 5.04456 1.87091 1.07162 1.06437 1.82941 4.73919 8.013 2.51207 1.09801 1.00375 1.00006 1.00008 1.00408 1.10197 
1.07313 1.0009 0.999999 1.00005 1.00005 0.999999 1.00094 1.07346 2.47061 1.0938 1.01584 1.0015 1.0015 1.01584 1.0938 2.47061 11.025 8.31981 8.39842 8.97591 8.97591 8.39842 8.31981 11.025 23.9567 14.5064 9.82032 9.03906 8.8434 9.60263 14.5044 23.9548 28.2733 30.1986 30.7254 30.7365 30.4858 30.4787 30.0491 28.11 20.2787 17.2404 7.78712 2.27232 2.283 7.91127 17.3117 20.468 9.29283 2.35587 1.14507 1.00756 1.00756 1.14507 2.35587 
1.02156 0.999528 0.999911 0.999967 0.999967 0.999911 0.999534 1.02258 1.55582 1.02443 1.01702 1.00152 1.00152 1.01702 1.02443 1.55582 7.61541 2.60496 1.99743 2.00569 2.00569 1.99743 2.60496 7.61541 25.2658 11.1294 4.21087 3.10119 3.10314 4.2101 11.132 25.265 31.5695 33.1723 33.6331 33.6923 33.6995 33.6462 33.1809 31.5491 26.1078 22.4735 10.1476 2.75863 2.77665 10.3342 22.5846 26.3791 12.2987 2.89423 1.20849 1.01145 1.01145 1.20849 2.89423 
1.01849 0.999536 0.999959 1.00001 1.00001 0.999959 0.999537 1.01942 1.47784 1.0215 1.01766 1.00157 1.00157 1.01766 1.0215 1.47784 7.23495 1.88675 1.09822 1.05074 1.05074 1.09822 1.88675 7.23495 25.603 10.1587 2.64176 1.53867 1.53436 2.63453 10.1609 25.6021 33.0011 34.4072 34.65 34.6037 34.6017 34.6518 34.4078 32.9623 26.8228 23.0496 10.3256 2.78445 2.80233 10.5129 23.1567 27.1116 12.6153 2.93242 1.21165 1.01165 1.01165 1.21165 2.93242 
1.02891 0.999857 0.999977 1.00001 1.00001 0.999977 0.999857 1.02981 1.60052 1.03844 1.01864 1.00161 1.00161 1.01864 1.03844 1.60052 7.47668 2.25696 1.25578 1.19623 1.19623 1.25578 2.25696 7.47668 25.5054 10.01 2.6039 1.57967 1.57656 2.59811 10.013 25.5035 32.9717 34.3942 34.654 34.6163 34.6148 34.6556 34.3955 32.9444 26.8144 23.0665 10.038 2.66282 2.67722 10.1751 23.1346 27.0644 12.3916 2.81836 1.18684 1.00934 1.00934 1.18684 2.81836 
1.02981 0.999857 0.999974 1.00001 1.00001 0.999977 0.999857 1.02891 1.60052 1.03844 1.01864 1.00161 1.00153 1.01864 1.03882 1.61674 7.38033 2.25177 1.25615 1.19606 1.19623 1.25578 2.25696 7.47668 25.5035 10.013 2.59811 1.57656 1.57656 2.59811 10.013 25.5035 32.9444 34.3955 34.6556 34.6148 34.6148 34.6556 34.3942 32.9717 27.0382 23.2023 10.1088 2.65567 2.66282 10.038 23.1301 26.9766 12.3916 2.81836 1.18684 1.00934 1.00886 1.18175 2.79067 
1.01942 0.999537 0.999956 1.00001 1.00001 0.999959 0.999536 1.01849 1.47784 1.0215 1.01766 1.00157 1.00146 1.01768 1.02186 1.49364 7.14116 1.8837 1.10174 1.05307 1.05074 1.09822 1.88675 7.23495 25.6021 10.1609 2.63453 1.53436 1.53436 2.63453 10.1609 25.6021 32.9623 34.4078 34.6518 34.6017 34.6017 34.6518 34.4072 33.0011 27.1018 23.2597 10.4156 2.77338 2.78445 10.3256 23.1504 27.0011 12.6153 2.93242 1.21165 1.01165 1.01098 1.2049 2.89536 
1.02258 0.999534 0.99991 0.999967 0.999967 0.999911 0.999528 1.02156 1.55582 1.02443 1.01702 1.00152 1.00141 1.01702 1.02483 1.57397 7.51001 2.59282 1.9959 2.00453 2.00569 1.99743 2.60496 7.61541 25.265 11.132 4.2101 3.10314 3.10314 4.2101 11.132 25.265 31.5491 33.1809 33.6462 33.6995 33.6995 33.6462 33.1723 31.5695 26.3745 22.687 10.2394 2.74815 2.75863 10.1476 22.576 26.2713 12.2987 2.89423 1.20849 1.01145 1.0108 1.20184 2.8578 
1.07346 1.00094 1 1.00005 1.00005 0.999999 1.0009 1.07313 2.47061 1.0938 1.01584 1.0015 1.00141 1.01582 1.09459 2.50693 10.8069 8.18408 8.26961 8.85405 8.97591 8.39842 8.31981 11.025 23.9548 14.5044 9.60263 8.8434 8.8434 9.60263 14.5044 23.9548 28.11 30.0491 30.4787 30.4858 30.4858 30.4787 30.1986 28.2733 20.4172 17.3652 7.84781 2.26358 2.27232 7.78712 17.2985 20.4088 9.29283 2.35587 1.14507 1.00756 1.00713 1.14058 2.33122 
1.00088 0.999994 1 1.00001 1 1 0.999993 1.00074 1.04318 1.00146 1.00047 1.00002 1.00002 1.00038 1.00152 1.04592 2.67169 1.85207 1.79804 1.81495 1.81495 1.79804 1.85207 2.67169 5.61804 2.40505 1.59694 1.45503 1.43411 1.57079 2.35272 5.49354 9.62631 10.5338 10.8534 10.7231 10.7231 10.8534 10.4259 9.521 4.95737 4.43077 1.84606 1.06493 1.06519 1.84848 4.43072 4.98519 1.52845 1.03646 1.00218 1.00005 1.00005 1.00229 1.03827 
1.00004 0.999953 0.999961 0.999961 0.999961 0.999961 0.999953 1.00004 1.00169 0.999974 0.999962 0.999957 0.999955 0.999945 0.99997 1.00169 1.10292 1.03237 1.02677 1.0283 1.0283 1.02677 1.03237 1.10292 1.9777 1.1537 1.05361 1.04677 1.04608 1.05259 1.15334 1.97978 2.3039 2.49804 2.57676 2.50516 2.50516 2.57676 2.54163 2.33755 1.36272 1.31407 1.04415 1.00148 1.00148 1.04403 1.31274 1.36417 1.04221 1.00203 1.00003 0.999948 0.999948 1.00002 1.00198 
1.00004 0.999999 1 1 1 1 0.999999 1.00004 1.00001 0.999955 0.999999 1 1 1 0.999955 1.00001 1.00268 0.999621 0.99936 0.999496 0.999496 0.99936 0.999621 1.00268 1.11359 1.00935 1.00425 1.00404 1.00404 1.00425 1.00936 1.11355 1.10886 1.13448 1.13568 1.12186 1.12186 1.13568 1.13899 1.11209 1.01403 1.0121 1.00087 0.999954 0.999953 1.00085 1.01184 1.01393 1.00135 1 0.999985 1 1 0.999985 1 
1.00004 0.999996 1 1 1 1 0.999996 1.00004 1 0.99996 1 1 1 1 0.99996 1 1.00008 0.999926 0.999969 0.999972 0.999972 0.999969 0.999926 1.00008 1.00677 1.00024 1.00017 1.00017 1.00017 1.00017 1.00024 1.00677 1.00413 1.00576 1.00529 1.00434 1.00434 1.00529 1.00613 1.00438 1.00021 1.00013 0.999981 0.999994 0.999994 0.999979 1.00012 1.0002 1.00004 0.999983 1 1 1 1 0.999983 
1.00004 0.999996 1 1 1 1 0.999996 1.00004 1 0.99996 1 1 1 1 0.99996 1 1.00008 0.999926 0.999969 0.999972 0.999972 0.999969 0.999926 1.00008 1.00677 1.00024 1.00017 1.00017 1.00017 1.00017 1.00024 1.00677 1.00438 1.00613 1.00559 1.00456 1.00434 1.00529 1.00576 1.00413 1.00022 1.00015 0.999979 0.999994 0.999994 0.99998 1.00013 1.00021 1.00004 0.999983 1 1 1 1 0.999983 
1.00004 0.999999 1 1 1 1 0.999999 1.00004 1.00001 0.999955 0.999999 1 1 0.999999 0.999955 1.00001 1.00268 0.999621 0.99936 0.999496 0.999496 0.99936 0.999617 1.00268 1.11355 1.00936 1.00425 1.00404 1.00404 1.00425 1.00935 1.11359 1.11209 1.13899 1.13975 1.12504 1.12186 1.13568 1.13448 1.10886 1.01403 1.01229 1.00085 0.999953 0.999955 1.00087 1.01205 1.01393 1.00135 1 0.999985 1 1 0.999985 1 
1.00004 0.999953 0.999961 0.999961 0.999961 0.999961 0.999953 1.00004 1.00169 0.999974 0.999962 0.999957 0.999957 0.999962 0.999974 1.00169 1.10292 1.03237 1.02677 1.0283 1.02804 1.02654 1.03204 1.10284 1.97978 1.15334 1.05259 1.04608 1.04608 1.05259 1.1537 1.9777 2.33755 2.54163 2.6163 2.5358 2.50516 2.57676 2.49804 2.3039 1.35397 1.31116 1.04403 1.00148 1.00162 1.0445 1.31013 1.3557 1.04221 1.00203 1.00003 0.999948 0.999948 1.00003 1.00203 
1.00074 0.999993 1 1 1 1 0.999993 1.00074 1.04318 1.00146 1.00047 1.00002 1.00002 1.00047 1.00146 1.04318 2.67169 1.85207 1.79804 1.81495 1.79468 1.77855 1.82558 2.62656 5.49354 2.35272 1.57079 1.43411 1.43411 1.57079 2.40505 5.61804 9.521 10.4259 10.7429 10.6075 10.7231 10.8534 10.5338 9.62631 4.69901 4.24718 1.84848 1.06519 1.06298 1.81566 4.24737 4.72338 1.52845 1.03646 1.00218 1.00005 1.00005 1.00218 1.03646 
1.00003 1.00004 1.00004 1.00004 1.00004 1.00004 1.00004 1.00003 1.00149 1.00006 1.00007 1.00004 1.00004 1.00007 1.00006 1.00149 1.08346 1.0602 1.0601 1.05784 1.05784 1.0601 1.0602 1.08346 1.31514 1.03814 0.993277 0.98768 0.98768 0.993277 1.03814 1.31514 2.19087 2.40609 2.45597 2.39558 2.42042 2.48831 2.44632 2.2239 1.26744 1.23177 1.03853 1.00226 1.00226 1.03858 1.23307 1.26947 1.01798 1.00085 1.00003 1.00003 1.00003 1.00003 1.00085 
1.00004 0.999993 0.999996 0.999996 0.999996 0.999996 0.999993 1.00004 1.00002 0.999948 0.999996 0.999996 0.999996 0.999996 0.999948 1.00002 1.00539 1.0052 1.00478 1.00429 1.00429 1.00478 1.0052 1.00539 1.00866 1.00048 0.997984 0.997969 0.997969 0.997984 1.00048 1.00866 1.07221 1.09067 1.09235 1.08526 1.08704 1.09485 1.09364 1.07438 1.0095 1.00808 1.00074 0.999982 0.999981 1.00074 1.00794 1.00938 1.00045 0.99997 0.99999 0.999996 0.999996 0.99999 0.99997 
1.00004 0.999996 1 1 1 1 0.999996 1.00004 1.00001 0.99996 1 1 1 1 0.99996 1.00001 1.00028 1.00022 1.00023 1.0002 1.0002 1.00023 1.00022 1.00028 0.999589 0.999916 0.999903 0.999901 0.999901 0.999903 0.999916 0.999589 1.00137 1.00186 1.00187 1.00167 1.00177 1.00202 1.00206 1.00149 1.00014 1.00008 0.999981 0.99999 0.99999 0.999981 1.00007 1.00014 1.00002 0.99999 1 1 1 1 0.99999 
1.00004 0.999996 1 1 1 1 0.999996 1.00004 1.00001 0.99996 1 1 1 1 0.99996 1.00001 1 0.999917 0.999964 0.999964 0.999964 0.999964 0.999917 1 1.00007 0.99996 1.00002 1.00002 1.00002 1.00002 0.99996 1.00007 1.00005 0.999967 1.00001 0.999977 0.99998 1.00002 0.999974 1.00005 0.99998 0.999932 0.999997 1 1 0.999997 0.999932 0.999981 1.00004 0.999996 1 1 1 1 0.999996 
0 0 0 0 1 1 0.999996 1.00004 1.00001 0.99996 1 1 1 1 0.99996 1.00001 1 0.999917 0.999964 0.999964 0.999964 0.999965 0.999918 1 1.00007 0.999959 1.00002 1.00002 1.00002 1.00002 0.99996 1.00007 1.00005 0.999974 1.00002 0.99998 0.999977 1.00001 0.999967 1.00005 0.999981 0.999932 0.999997 1 1 0.999997 0.999932 0.99998 1.00004 0.999996 1 1 0 0 0 
0 0 0 0 1 1 0.999996 1.00004 1.00001 0.99996 1 1 1 1 0.99996 1.00001 1.00028 1.00022 1.00023 1.0002 1.00019 1.00022 1.00021 1.00027 0.99962 0.999917 0.999907 0.999905 0.999901 0.999903 0.999916 0.999589 1.00149 1.00206 1.00202 1.00177 1.00167 1.00187 1.00186 1.00137 1.00014 1.00007 0.999981 0.99999 0.99999 0.999981 1.00008 1.00014 1.00002 0.99999 1 1 0 0 0 
0 0 0 0 0.999996 0.999996 0.999993 1.00004 1.00002 0.999948 0.999996 0.999996 0.999996 0.999996 0.999947 1.00003 1.00539 1.0052 1.00478 1.00429 1.00419 1.00467 1.00508 1.00528 1.0091 1.0005 0.998007 0.997992 0.997969 0.997984 1.00048 1.00866 1.07438 1.09364 1.09485 1.08704 1.08526 1.09235 1.09067 1.07221 1.00938 1.00794 1.00074 0.999981 0.999982 1.00074 1.00808 1.0095 1.00045 0.99997 0.99999 0.999996 0 0 0 
