0 0 0 0 1.00005 1.00002 1.00042 1.00595 1.04667 1.00355 1.00012 1.00003 1.00003 1.00011 1.00349 1.04745 1.6414 1.70031 1.18242 1.03765 1.03763 1.18236 1.70053 1.64158 1.18538 2.19799 5.28631 6.1874 6.11621 5.21776 2.17759 1.184 0.969724 0.950513 0.921024 0.930398 0.928352 0.918274 0.948422 0.96711 1.01304 1.01211 1.00153 1.00007 1.00008 1.00159 1.01246 1.01398 1.00308 1.00012 1.00004 1.00005 0 0 0 
0 0 0 0 0.999996 0.999987 0.99999 1.00053 1.0028 1.00015 0.999982 0.999992 0.999992 0.999982 1.00014 1.0028 1.04563 1.04859 1.00774 1.00085 1.00085 1.00774 1.04862 1.04566 1.01396 1.16207 1.92854 2.07694 2.05373 1.90503 1.15755 1.01368 0.993262 0.993032 0.987358 0.987727 0.987468 0.987026 0.992866 0.993128 1.00034 1.00018 0.99998 0.999983 0.999983 0.999983 1.00019 1.00039 1.00015 0.999983 0.999996 0.999996 0 0 0 
0 0 0 0 1 1 0.999987 1.00002 1.00012 0.999929 0.999998 1 1 0.999998 0.99993 1.00012 1.00124 1.00121 1.00007 0.999953 0.999953 1.00007 1.00121 1.00124 1.00071 1.01328 1.12519 1.13829 1.13433 1.12119 1.01281 1.00069 0.999667 0.999522 0.999295 0.99937 0.999357 0.999278 0.999509 0.999656 1.00003 0.999924 0.999992 1 1 0.999992 0.999924 1.00003 1.00003 0.999996 1 1 0 0 0 
0 0 0 0 1 1 0.999996 1.00005 0.999995 0.999943 1 1 1 1 0.999943 0.999996 1.00002 0.999921 0.999976 0.999995 0.999995 0.999976 0.999921 1.00002 1 1.00044 1.00798 1.0086 1.00824 1.00762 1.00041 0.999999 1.0001 0.999995 1.00004 1.00005 1.00005 1.00004 0.999996 1.0001 1.00002 0.999945 1 1 1 1 0.999945 1.00002 1.00005 0.999996 1 1 0 0 0 
1.00005 0.999996 1 1 1 1 0.999996 1.00005 0.999996 0.999943 1 1 1 1 0.999943 0.999995 1.00002 0.999921 0.999976 0.999995 0.999995 0.999976 0.999921 1.00002 1 1.00044 1.00798 1.0086 1.0086 1.00798 1.00044 1 1.0001 0.999996 1.00004 1.00005 1.00005 1.00004 0.999996 1.0001 1.00002 0.999945 1 1 1 1 0.999945 1.00002 1.00005 0.999996 1 1 1 1 0.999996 
1.00002 0.999987 1 1 1 1 0.999987 1.00002 1.00012 0.99993 0.999998 1 1 0.999998 0.999929 1.00012 1.00124 1.00121 1.00007 0.999953 0.999953 1.00007 1.00121 1.00124 1.00071 1.01328 1.12519 1.13829 1.13829 1.12519 1.01328 1.00071 0.999656 0.999509 0.999278 0.999357 0.999357 0.999278 0.999509 0.999656 1.00003 0.999924 0.999992 1 1 0.999992 0.999924 1.00003 1.00003 0.999996 1 1 1 1 0.999996 
1.00053 0.99999 0.999987 0.999996 0.999996 0.999987 0.99999 1.00053 1.0028 1.00014 0.999982 0.999992 0.999992 0.999982 1.00015 1.0028 1.04566 1.04862 1.00774 1.00085 1.00085 1.00774 1.04862 1.04566 1.01396 1.16207 1.92854 2.07694 2.07694 1.92854 1.16207 1.01396 0.993128 0.992866 0.987026 0.987468 0.987468 0.987026 0.992866 0.993128 1.00039 1.00019 0.999983 0.999983 0.999983 0.999983 1.00019 1.00039 1.00015 0.999983 0.999996 0.999996 0.999996 0.999996 0.999983 
1.00595 1.00042 1.00002 1.00005 1.00005 1.00002 1.00042 1.00595 1.04745 1.00349 1.00011 1.00003 1.00003 1.00011 1.00355 1.04667 1.64158 1.70053 1.18236 1.03763 1.03763 1.18236 1.70053 1.64158 1.18538 2.19799 5.28631 6.1874 6.1874 5.28631 2.19799 1.18538 0.96711 0.948422 0.918274 0.928352 0.928352 0.918274 0.948422 0.96711 1.01398 1.01246 1.00159 1.00008 1.00008 1.00159 1.01246 1.01398 1.00308 1.00012 1.00004 1.00005 1.00005 1.00004 1.00012 
1.04361 1.00183 1.00007 1 1 1.00007 1.0018 1.04386 1.44501 1.04392 1.00109 1.00001 1.00001 1.00094 1.04218 1.42107 4.54299 5.02629 2.79765 1.63584 1.63584 2.85034 5.02629 4.54299 2.54032 5.58184 11.1132 13.7862 13.8049 11.0942 5.7405 2.51377 1.56953 1.36887 1.45835 1.4623 1.4623 1.45835 1.36887 1.56953 1.22259 1.23076 1.03784 1.00222 1.00222 1.03784 1.23076 1.22259 1.02398 0.999849 0.999929 1.00002 1.00002 0.999929 0.999849 
0.999797 0.999844 0.999957 0.999948 0.999948 0.999958 0.999836 0.999757 1.02969 1.00094 0.999876 0.999947 0.999948 0.999875 1.00082 1.02739 1.70315 1.76949 1.20871 1.04069 1.04069 1.20852 1.76949 1.70315 1.2183 2.06017 4.24887 4.90811 4.9732 4.31379 2.16097 1.21965 1.07109 1.04857 1.05511 1.05064 1.05064 1.05511 1.04857 1.07109 1.01038 1.01163 1.00121 0.999934 0.999934 1.00121 1.01163 1.01038 0.999414 0.999877 0.999949 0.999946 0.999946 0.999949 0.999877 
0.99979 0.999996 1 1 1 1 0.999996 0.999789 1.0004 0.999828 1.00001 1 1 1.00001 0.999808 1.00022 1.06138 1.06507 1.01063 1.00087 1.00087 1.01064 1.06507 1.06138 1.01475 1.15039 1.71598 1.79542 1.81406 1.73735 1.17722 1.0159 1.00544 1.00411 1.00506 1.00421 1.00421 1.00506 1.00411 1.00544 1.00004 0.999969 0.999956 0.99999 0.99999 0.999956 0.999969 1.00004 1.00003 1.00001 1 1 1 1 1.00001 
1.00009 1 1 1 1 1 1 1.00009 0.999992 0.999954 1 1 1 1 0.999957 0.999981 1.00263 1.00265 1.0002 0.999953 0.999953 1.0002 1.00265 1.00263 1.00074 1.01285 1.10864 1.10869 1.11185 1.11246 1.0154 1.00085 1.00031 1.00019 1.00036 1.00029 1.00029 1.00036 1.00019 1.00031 1.00004 0.999932 0.999995 1 1 0.999995 0.999932 1.00004 1.00007 0.999997 1 1 1 1 0.999997 
1.00009 1 1 1 1 1 1 1.00009 0.999992 0.999954 1 1 1 1 0.999954 0.999992 1.00245 1.00246 1.0002 0.999953 0.999953 1.0002 1.00265 1.00263 1.00085 1.0154 1.11246 1.11185 1.11185 1.11246 1.0154 1.00085 1.00028 1.00015 1.0003 1.00025 1.00027 1.00033 1.00017 1.0003 1.00004 0.999932 0.999995 1 1 0.999995 0.999932 1.00004 1.00007 0.999997 1 1 1 1 0.999997 
0.999789 0.999996 1 1 1 1 0.999996 0.999789 1.0004 0.999828 1.00001 1 1 1.00001 0.999828 1.0004 1.05931 1.06296 1.01064 1.00087 1.00087 1.01063 1.06507 1.06138 1.0159 1.17722 1.73735 1.81406 1.81406 1.73735 1.17722 1.0159 1.005 1.00363 1.0044 1.00366 1.00389 1.00473 1.00387 1.00522 1.00004 0.99997 0.999959 0.999989 0.99999 0.999956 0.999969 1.00004 1.00003 1.00001 1 1 1 1 1.00001 
0.999757 0.999836 0.999958 0.999948 0.999948 0.999958 0.999836 0.999757 1.02969 1.00094 0.999876 0.999947 0.999947 0.999876 1.00094 1.02969 1.69123 1.75714 1.20852 1.04082 1.04069 1.20871 1.76949 1.70315 1.21965 2.16097 4.31379 4.9732 4.9732 4.31379 2.16097 1.21965 1.06768 1.04483 1.05028 1.04729 1.04891 1.05268 1.04668 1.06923 1.01062 1.01181 1.00128 0.999937 0.999934 1.00121 1.01163 1.01038 0.999414 0.999877 0.999949 0.999946 0.999946 0.999949 0.999876 
1.04386 1.0018 1.00007 1 1 1.00007 1.0018 1.04386 1.44501 1.04392 1.00109 1.00001 1.00001 1.00109 1.04392 1.44501 4.58927 5.09471 2.85034 1.6626 1.63584 2.79765 5.02629 4.54299 2.51377 5.7405 11.0942 13.8049 13.8049 11.0942 5.7405 2.51377 1.60614 1.38947 1.46891 1.47608 1.46987 1.46529 1.37182 1.57602 1.22567 1.23459 1.03784 1.00222 1.00222 1.03784 1.23076 1.22259 1.02398 0.999849 0.999929 1.00002 1.00002 0.999925 0.999824 
1.68573 1.03989 0.99939 0.999969 0.999969 0.99939 1.03989 1.68573 4.92139 1.78095 1.06929 1.00289 1.00289 1.06929 1.78095 4.92139 16.0033 18.9574 13.3735 8.6936 8.81798 13.5065 19.1007 16.151 9.22569 14.7917 21.7692 25.3502 25.5058 21.9376 14.7912 9.2308 5.31556 4.19798 4.69452 4.76081 4.73482 4.64902 3.73459 4.88813 3.77655 3.88174 1.8836 1.09941 1.10117 1.90008 3.79154 3.66713 2.34307 1.12611 1.0066 1.0001 1.0001 1.0066 1.12608 
1.79709 1.04978 0.999287 0.999844 0.999844 0.999287 1.04978 1.79709 5.22876 1.90639 1.08624 1.0037 1.0037 1.08624 1.90639 5.22876 16.7262 20.3546 11.2448 4.11215 4.09617 11.218 20.3883 16.743 4.60085 11.0889 21.4973 27.2066 27.2203 21.5114 11.0876 4.60009 1.71538 1.33419 1.55672 1.61907 1.61657 1.55384 1.30673 1.69147 1.62789 1.54287 1.0977 1.00644 1.00622 1.09591 1.5356 1.6154 1.22208 1.01528 1.00044 0.999903 0.999903 1.00044 1.01527 
1.56155 1.03094 0.998881 0.999919 0.999919 0.998881 1.03094 1.56155 4.20917 1.65605 1.05906 1.00242 1.00242 1.05906 1.65605 4.20917 13.4444 16.1618 8.24278 2.59027 2.57866 8.2178 16.1794 13.4436 2.51645 7.77931 17.2121 21.4783 21.4896 17.2243 7.77765 2.51617 1.02289 0.885659 1.06799 1.12709 1.12633 1.0669 0.868959 1.00765 1.09317 1.06532 1.00734 1.00028 1.00026 1.00708 1.06552 1.09221 1.01829 1.00046 0.999986 0.999998 0.999998 0.999986 1.00046 
1.11601 1.00331 0.999868 1.00002 1.00002 0.999868 1.00331 1.11601 2.16429 1.13638 1.00674 1.00011 1.00011 1.00674 1.13638 2.16429 8.09513 9.2352 3.95136 1.29379 1.29113 3.94032 9.26951 8.11644 1.63808 5.27617 13.5935 16.7924 16.7975 13.5987 5.27517 1.63797 1.00412 0.980027 0.998815 1.00464 1.00648 1.00068 0.97714 1.00168 0.947494 0.993863 0.999774 0.99997 0.999972 0.99978 0.994336 0.949276 0.987564 0.999292 1.00003 1.00001 1.00001 1.00003 0.999292 
1.11824 1.00352 0.999891 1.00001 1.00002 0.999868 1.00331 1.11601 2.16429 1.13638 1.00674 1.00011 1.0001 1.00652 1.13384 2.17601 8.11644 9.26951 3.94032 1.29113 1.29113 3.94032 9.2352 8.09513 1.63797 5.27517 13.5987 16.7975 16.7975 13.5987 5.27517 1.63797 1.00412 0.980027 0.998815 1.00464 1.00464 0.998815 0.980027 1.00412 0.949276 0.994336 0.99978 0.999972 0.999972 0.99978 0.994336 0.949276 0.987564 0.999292 1.00003 1.00001 1.00001 1.00003 0.999292 
1.5718 1.03253 0.99905 0.999931 0.999919 0.998881 1.03094 1.56155 4.20917 1.65605 1.05906 1.00242 1.00227 1.05745 1.64536 4.23768 13.4436 16.1794 8.2178 2.57866 2.57866 8.2178 16.1618 13.4444 2.51617 7.77765 17.2243 21.4896 21.4896 17.2243 7.77765 2.51617 1.02289 0.885659 1.06799 1.12709 1.12709 1.06799 0.885659 1.02289 1.09221 1.06552 1.00708 1.00026 1.00026 1.00708 1.06552 1.09221 1.01829 1.00046 0.999986 0.999998 0.999998 0.999986 1.00046 
1.81113 1.05191 0.999501 0.999858 0.999844 0.999287 1.04978 1.79709 5.22876 1.90639 1.08624 1.0037 1.00349 1.08394 1.89117 5.26561 16.743 20.3883 11.218 4.09617 4.09617 11.218 20.3546 16.7262 4.60009 11.0876 21.5114 27.2203 27.2203 21.5114 11.0876 4.60009 1.71538 1.33419 1.55672 1.61907 1.61907 1.55672 1.33419 1.71538 1.6154 1.5356 1.09591 1.00622 1.00622 1.09591 1.5356 1.6154 1.22208 1.01528 1.00044 0.999903 0.999903 1.00044 1.01528 
1.69865 1.04161 0.999548 0.999981 0.999969 0.99939 1.03989 1.68573 4.92139 1.78095 1.06929 1.00289 1.00274 1.06766 1.77162 4.98484 16.151 19.1007 13.5065 8.81798 8.81798 13.5065 18.9574 16.0033 9.2308 14.7912 21.9376 25.5058 25.5058 21.9376 14.7912 9.2308 5.31556 4.19798 4.69452 4.76081 4.76081 4.69452 4.19798 5.31556 3.66713 3.79154 1.90008 1.10117 1.10117 1.90008 3.79154 3.66713 2.34307 1.12611 1.0066 1.0001 1.0001 1.0066 1.12611 
2.41961 1.1022 1.00236 1.00005 1.00005 1.00236 1.1022 2.41961 8.96372 2.43403 1.10876 1.00379 1.00379 1.10876 2.43403 8.96372 26.2855 30.1258 29.707 28.9704 28.9704 29.707 30.1258 26.2855 25.792 27.6982 31.2025 32.93 32.93 31.2025 27.6982 25.792 24.6754 25.3589 25.7574 25.83 25.83 25.7574 25.3589 24.6754 20.7068 18.4234 8.80716 2.78825 2.79907 8.85442 18.5075 20.8325 10.3803 2.64346 1.14757 1.00482 1.00482 1.14766 2.6424 
2.51336 1.1099 1.00244 0.999943 0.999943 1.00244 1.1099 2.51336 9.45358 2.52012 1.11571 1.00393 1.00393 1.11571 2.52012 9.45358 28.1083 32.6776 33.5931 33.5571 33.5571 33.5931 32.6776 28.1083 31.3694 31.8353 33.2532 34.1837 34.1837 33.2532 31.8353 31.3694 31.9046 32.8828 33.0892 33.0642 33.0642 33.0892 32.8828 31.9046 24.7955 21.8768 10.4447 3.15234 3.15705 10.4525 21.8663 24.8016 12.2528 2.98501 1.18559 1.00633 1.00633 1.18674 2.99363 
2.53252 1.11151 1.00254 1 1 1.00254 1.11151 2.53252 9.57533 2.54195 1.11765 1.00407 1.00407 1.11765 2.54195 9.57533 28.625 33.4363 34.6441 34.7945 34.7945 34.6441 33.4363 28.625 33.8341 34.003 34.4697 34.7716 34.7716 34.4697 34.003 33.8341 33.411 34.4817 34.7256 34.7489 34.7489 34.7256 34.4817 33.411 25.6969 22.6989 10.8041 3.22017 3.22454 10.8117 22.6959 25.7119 12.6997 3.05762 1.19293 1.00669 1.00669 1.19419 3.06701 
2.53655 1.11117 1.00259 1 1 1.00259 1.11117 2.53655 9.66866 2.56325 1.12037 1.00419 1.00419 1.12037 2.56325 9.66866 28.7818 33.5579 34.779 34.953 34.953 34.779 33.5579 28.7818 34.5285 34.7071 34.8602 34.9448 34.9448 34.8602 34.7071 34.5285 33.6058 34.7107 34.9373 34.9668 34.9668 34.9373 34.7107 33.6058 25.8347 22.8388 10.8978 3.21684 3.21842 10.8976 22.8404 25.8519 12.7662 3.06315 1.19255 1.00666 1.00666 1.19368 3.07127 
2.52541 1.11061 1.0026 1.00001 1 1.00259 1.11117 2.53655 9.79656 2.57582 1.12035 1.00419 1.00419 1.12037 2.56325 9.66866 28.7817 33.5537 34.7789 34.9529 34.953 34.779 33.5579 28.7818 34.5266 34.7071 34.8605 34.9449 34.9448 34.8602 34.7071 34.5285 33.557 34.7168 34.9373 34.9668 34.967 34.9379 34.7071 33.6947 25.8519 22.8404 10.8976 3.21842 3.21684 10.8978 22.8388 25.9409 12.7771 3.07127 1.19368 1.00666 1.00666 1.19255 3.06315 
2.51905 1.11082 1.00255 1 1 1.00254 1.11151 2.53252 9.70448 2.55733 1.11768 1.00407 1.00407 1.11765 2.54195 9.57533 28.6253 33.4321 34.6446 34.7947 34.7945 34.6441 33.4363 28.625 33.8312 34.001 34.4718 34.7726 34.7716 34.4697 34.003 33.8341 33.3671 34.4949 34.7256 34.7489 34.7498 34.7254 34.4712 33.4883 25.7119 22.6959 10.8117 3.22454 3.22017 10.8041 22.6989 25.8043 12.7129 3.06701 1.19419 1.00669 1.00669 1.19293 3.05762 
2.50006 1.10921 1.00245 0.999947 0.999943 1.00244 1.1099 2.51336 9.57753 2.53516 1.11574 1.00394 1.00393 1.11571 2.52012 9.45358 28.1094 32.6697 33.5883 33.5507 33.5571 33.5931 32.6776 28.1083 31.3638 31.822 33.2578 34.1861 34.1837 33.2532 31.8353 31.3694 31.8688 32.8925 33.0892 33.0642 33.0478 33.0657 32.8537 31.9312 24.8016 21.8663 10.4525 3.15705 3.15234 10.4447 21.8768 24.9046 12.2654 2.99363 1.18674 1.00633 1.00633 1.18559 2.98501 
2.40904 1.10162 1.00237 1.00005 1.00005 1.00236 1.1022 2.41961 9.11495 2.45138 1.10878 1.00379 1.00379 1.10876 2.43403 8.96372 26.3652 30.2136 29.8369 29.1253 28.9704 29.707 30.1258 26.2855 25.9623 27.838 31.2997 32.9865 32.93 31.2025 27.6982 25.792 24.8149 25.5394 25.7574 25.83 25.9952 25.9208 25.3449 24.6976 20.8325 18.5075 8.85442 2.79907 2.78825 8.80716 18.4234 20.8772 10.3359 2.6424 1.14766 1.00482 1.00482 1.14757 2.64346 
2.57652 1.11341 1.00313 1.00008 1.00007 1.00309 1.11366 2.58064 9.75316 2.62674 1.12736 1.00387 1.00387 1.12729 2.62481 9.87423 29.5863 33.306 34.231 34.3187 34.3194 34.2314 33.3006 29.711 33.8578 34.5207 34.8222 34.8653 34.8653 34.8223 34.5211 33.859 31.833 33.5268 33.6597 33.6756 33.7676 33.7581 33.523 31.9304 25.6719 22.3077 10.3885 3.25063 3.24978 10.382 22.2828 25.7186 13.1782 3.35992 1.28152 1.01815 1.01879 1.28669 3.38464 
2.50246 1.10469 1.00277 0.999969 0.999963 1.00271 1.10462 2.50208 9.6288 2.55854 1.11672 1.00309 1.00309 1.11673 2.55711 9.75663 29.8114 33.6272 34.6522 34.829 34.8279 34.6517 33.6215 29.9458 34.41 34.7937 34.9134 34.9373 34.9373 34.9133 34.7935 34.4106 33.0273 34.3201 34.6745 34.7081 34.7072 34.6723 34.3378 33.1099 27.1467 23.0667 10.4886 3.2722 3.27216 10.4882 23.0653 27.2346 13.7161 3.45887 1.29609 1.0195 1.02024 1.30228 3.48841 
2.49895 1.10465 1.00284 1.00003 1.00002 1.00279 1.10457 2.49843 9.61563 2.55258 1.11602 1.00314 1.00314 1.11603 2.55102 9.74348 29.8486 33.6843 34.7437 34.9441 34.9435 34.7434 33.6794 29.9855 34.6087 34.9035 34.972 34.9855 34.9855 34.972 34.9035 34.6096 33.293 34.6222 34.9265 34.9594 34.9607 34.9251 34.6221 33.3652 27.3311 23.1417 10.5179 3.27133 3.27132 10.5178 23.1415 27.4214 13.807 3.46709 1.29607 1.01947 1.02021 1.30221 3.49634 
2.4978 1.10484 1.00281 1.00002 1.00002 1.00277 1.10488 2.49759 9.59971 2.54721 1.11604 1.00317 1.00317 1.11604 2.54578 9.72547 29.8603 33.7018 34.7689 34.9592 34.9591 34.7689 33.697 29.9972 34.6708 34.9387 34.9881 34.9961 34.9961 34.9881 34.9387 34.6712 33.4445 34.7003 34.9632 34.9922 34.9921 34.9614 34.6964 33.5096 27.3022 23.0168 10.6322 3.2502 3.25019 10.6323 23.017 27.3931 13.8184 3.41669 1.27767 1.01664 1.01718 1.28218 3.43843 
2.49759 1.10488 1.00277 1.00002 1.00002 1.00277 1.10488 2.49759 9.72547 2.54578 1.11604 1.00317 1.00317 1.11604 2.54578 9.72547 29.8603 33.7018 34.7689 34.9592 34.9592 34.7689 33.7018 29.8603 34.6712 34.9387 34.9881 34.9961 34.9961 34.9881 34.9387 34.6708 33.4599 34.6878 34.9598 34.9917 34.9922 34.9632 34.7003 33.4445 27.3524 23.0644 10.6017 3.23611 3.2502 10.6322 23.0168 27.3022 13.8184 3.43843 1.28218 1.01718 1.01664 1.27767 3.41669 
2.49843 1.10457 1.00279 1.00002 1.00002 1.00279 1.10457 2.49843 9.74348 2.55102 1.11603 1.00314 1.00314 1.11603 2.55102 9.74348 29.8486 33.6843 34.7437 34.9441 34.9441 34.7437 33.6843 29.8486 34.6096 34.9035 34.972 34.9855 34.9855 34.972 34.9035 34.6087 33.3035 34.6063 34.9208 34.9586 34.9594 34.9265 34.6222 33.293 27.4029 23.2241 10.459 3.2491 3.27133 10.5179 23.1417 27.3311 13.807 3.49634 1.30221 1.02021 1.01947 1.29607 3.46709 
2.50208 1.10462 1.00271 0.999963 0.999963 1.00271 1.10462 2.50208 9.75663 2.55711 1.11673 1.00309 1.00309 1.11673 2.55711 9.75663 29.8114 33.6272 34.6522 34.829 34.829 34.6522 33.6272 29.8114 34.4106 34.7935 34.9133 34.9373 34.9373 34.9134 34.7937 34.41 33.0421 34.3099 34.6578 34.6972 34.7081 34.6745 34.3201 33.0273 27.2204 23.152 10.4267 3.2494 3.2722 10.4886 23.0667 27.1467 13.7161 3.48841 1.30228 1.02024 1.0195 1.29609 3.45887 
2.58064 1.11366 1.00309 1.00007 1.00007 1.00309 1.11366 2.58064 9.87423 2.62481 1.12729 1.00387 1.00387 1.12729 2.62481 9.87423 29.5863 33.306 34.231 34.3187 34.3187 34.231 33.306 29.5863 33.859 34.5211 34.8223 34.8653 34.8653 34.8222 34.5207 33.8578 31.885 33.5606 33.8054 33.8207 33.6756 33.6597 33.5268 31.833 25.7277 22.3842 10.3376 3.23125 3.25063 10.3885 22.3077 25.6719 13.1782 3.38464 1.28669 1.01879 1.01815 1.28152 3.35992 
3.7886 1.30924 1.01443 1.00026 1.00026 1.01443 1.30924 3.7886 12.015 3.72129 1.32565 1.02125 1.02125 1.32565 3.72129 12.015 30.9642 33.8587 34.7137 34.8324 34.8324 34.7137 33.8587 30.9642 33.3226 34.357 34.5171 34.4123 34.4108 34.5159 34.3553 33.3218 29.9073 32.9438 33.4154 33.4048 33.4096 33.4207 33.002 29.8892 19.4157 19.4849 11.3461 4.24318 4.30189 11.3966 19.4933 19.2126 10.6179 3.36028 1.37525 1.03431 1.03307 1.36622 3.32508 
2.83277 1.16712 1.00662 1.00005 1.00005 1.00662 1.16712 2.83277 10.0127 2.77441 1.17639 1.00979 1.00979 1.17639 2.77441 10.0127 30.9657 33.9943 34.8229 34.9472 34.9472 34.8229 33.9943 30.9657 34.1684 34.7463 34.8427 34.84 34.84 34.8427 34.7462 34.1688 32.226 34.3542 34.7037 34.7175 34.718 34.7043 34.355 32.2059 23.2009 20.4962 12.1653 4.66432 4.74165 12.2544 20.4895 23.1083 12.9684 4.14608 1.51705 1.05034 1.04846 1.5033 4.08445 
2.67287 1.14749 1.00574 1.0001 1.0001 1.00574 1.14749 2.67287 9.65368 2.64687 1.16091 1.00898 1.00898 1.16091 2.64687 9.65368 30.9628 34.0308 34.852 34.9757 34.9757 34.852 34.0308 30.9628 34.4498 34.8874 34.9556 34.9646 34.9646 34.9556 34.8872 34.4499 32.7463 34.6114 34.9297 34.9609 34.961 34.9298 34.6118 32.7262 24.2411 20.8313 12.2165 4.65911 4.73652 12.3087 20.8275 24.151 13.5596 4.3008 1.53778 1.05205 1.05014 1.52384 4.23872 
2.65734 1.14213 1.00533 1.00008 1.00008 1.00533 1.14213 2.65734 9.73956 2.65955 1.15892 1.00839 1.00839 1.15892 2.65955 9.73956 30.976 34.0353 34.8556 34.9799 34.9799 34.8556 34.0353 30.976 34.5416 34.9265 34.9845 34.9924 34.9924 34.9845 34.9264 34.542 32.9632 34.6582 34.9617 34.9923 34.9923 34.9617 34.6603 32.9395 24.7095 21.2322 11.8775 4.33883 4.39394 11.9491 21.2316 24.6375 13.7302 4.09133 1.46983 1.04033 1.03906 1.46018 4.04545 
2.64161 1.1413 1.00539 1.00009 1.00008 1.00533 1.14213 2.65734 9.46997 2.67933 1.16421 1.00911 1.00839 1.15892 2.65955 9.73956 30.976 34.0353 34.8556 34.9799 34.9798 34.8556 34.0308 31.1003 34.542 34.9264 34.9845 34.9924 34.9924 34.9845 34.9264 34.542 32.9395 34.6603 34.9617 34.9923 34.9923 34.9617 34.6582 32.9632 24.6375 21.2316 11.9491 4.39394 4.3938 11.9491 21.2322 24.6375 13.7302 4.09133 1.46983 1.04033 1.04033 1.46983 4.09133 
2.65242 1.14633 1.00581 1.00011 1.0001 1.00574 1.14749 2.67287 9.3837 2.672 1.16793 1.00994 1.00898 1.16091 2.64687 9.65368 30.9628 34.0308 34.852 34.9757 34.9756 34.8518 34.0257 31.0843 34.4499 34.8872 34.9556 34.9646 34.9646 34.9556 34.8872 34.4499 32.7262 34.6118 34.9298 34.961 34.9609 34.9297 34.6114 32.7463 24.151 20.8275 12.3087 4.73652 4.73673 12.3087 20.8313 24.151 13.5596 4.3008 1.53778 1.05205 1.05205 1.53778 4.3008 
2.8117 1.16585 1.00668 1.00006 1.00005 1.00662 1.16712 2.83277 9.74384 2.80035 1.18355 1.01079 1.00979 1.17639 2.77441 10.0127 30.9657 33.9943 34.8229 34.9472 34.9469 34.8226 33.988 31.081 34.1688 34.7462 34.8427 34.84 34.84 34.8427 34.7462 34.1688 32.2059 34.355 34.7043 34.718 34.7175 34.7037 34.3542 32.226 23.1083 20.4895 12.2544 4.74165 4.74204 12.2544 20.4962 23.1083 12.9684 4.14608 1.51705 1.05034 1.05034 1.51705 4.14608 
3.78553 1.30982 1.01457 1.00027 1.00026 1.01443 1.30924 3.7886 11.8091 3.76606 1.33719 1.02279 1.02125 1.32565 3.72129 12.015 30.9642 33.8587 34.7137 34.8324 34.8339 34.7148 33.8498 31.0542 33.3218 34.3553 34.5159 34.4108 34.4108 34.5159 34.3553 33.3218 29.8892 33.002 33.4207 33.4096 33.4048 33.4154 32.9438 29.9073 19.2126 19.4933 11.3966 4.30189 4.30213 11.3966 19.4849 19.2126 10.6179 3.36028 1.37525 1.03431 1.03431 1.37525 3.36028 
8.04733 2.2066 1.09667 1.00288 1.00288 1.09667 2.2066 8.04733 19.2478 7.72013 2.23697 1.12698 1.12144 2.22526 7.74412 19.4435 30.5181 33.4114 34.0436 34.1316 34.1316 34.0436 33.3882 30.5086 26.2168 27.5303 27.8384 28.0209 28.0168 27.8347 27.526 26.2113 21.0087 24.7527 25.0122 24.8542 24.6766 25.0086 24.5589 21.0059 11.4767 16.3419 8.28909 2.46468 2.45522 8.25173 16.3274 11.4767 3.89424 1.36295 1.0224 1.0008 1.00088 1.0224 1.36295 
9.11092 2.42321 1.11814 1.00349 1.00349 1.11814 2.42321 9.11092 21.4798 8.81668 2.47313 1.15813 1.15056 2.45221 8.7873 21.5159 32.6998 34.5052 34.8029 34.8456 34.8456 34.8029 34.5055 32.7238 30.1296 31.4341 31.8284 32.2096 32.2098 31.8288 31.4347 30.1311 25.0039 31.2053 32.546 32.872 32.8865 32.5463 31.1987 25.0068 10.7069 18.2465 8.73137 2.55831 2.55904 8.73135 18.2414 10.7069 2.82298 1.16987 1.00584 0.999968 0.999969 1.00584 1.16987 
9.42093 2.47805 1.12258 1.00369 1.00369 1.12258 2.47805 9.42093 22.1168 9.08912 2.52106 1.16301 1.15547 2.50214 9.07179 22.1689 33.3397 34.7351 34.9572 34.982 34.982 34.9572 34.7347 33.3749 31.9196 33.6976 34.0255 34.2162 34.2162 34.0256 33.6981 31.921 25.8333 32.7598 34.3552 34.64 34.6382 34.355 32.7407 25.8356 10.5756 18.611 8.81897 2.57953 2.58057 8.81921 18.6072 10.5756 2.66071 1.14665 1.00464 1 1 1.00464 1.14665 
9.45304 2.47547 1.12006 1.00356 1.00356 1.12006 2.47547 9.45304 22.2254 9.1286 2.52369 1.15635 1.15138 2.51584 9.13069 22.2586 33.4344 34.7513 34.9719 34.9958 34.9958 34.9719 34.7493 33.471 32.4575 34.4184 34.7221 34.8125 34.8125 34.7222 34.419 32.4585 26.0071 33.044 34.6669 34.9115 34.91 34.6669 33.0274 26.0088 10.6986 18.7286 8.88926 2.59531 2.59635 8.88965 18.7231 10.6986 2.72012 1.15544 1.00506 1.00001 1.00001 1.00506 1.15544 
9.45368 2.47569 1.12015 1.00356 1.00356 1.12006 2.47547 9.45304 22.2586 9.13069 2.51584 1.15138 1.15138 2.51584 9.13069 22.2586 33.4344 34.7513 34.9714 34.9957 34.9957 34.9714 34.7513 33.4344 32.4585 34.419 34.7222 34.8125 34.8125 34.7221 34.4184 32.4575 26.0088 33.0274 34.6669 34.91 34.9121 34.6643 33.0127 26.1548 10.6976 18.7282 8.88792 2.59769 2.59643 8.88832 18.7248 10.8246 2.72012 1.15544 1.00506 1.00001 1.00001 1.00506 1.1556 
9.42681 2.47949 1.12281 1.0037 1.00369 1.12258 2.47805 9.42093 22.1689 9.07179 2.50214 1.15547 1.15547 2.50214 9.07179 22.1689 33.3397 34.7351 34.9568 34.982 34.982 34.9568 34.7351 33.3397 31.921 33.6981 34.0256 34.2162 34.2162 34.0255 33.6976 31.9196 25.8356 32.7407 34.355 34.6382 34.6474 34.3623 32.7355 25.986 10.5746 18.6107 8.81565 2.58177 2.58062 8.81733 18.6096 10.7022 2.66071 1.14665 1.00464 1 1 1.00464 1.14693 
9.11482 2.42456 1.11838 1.0035 1.00349 1.11814 2.42321 9.11092 21.5159 8.7873 2.45221 1.15056 1.15056 2.45221 8.7873 21.5159 32.6998 34.5052 34.8068 34.8484 34.8484 34.8068 34.5052 32.6998 30.1311 31.4347 31.8288 32.2098 32.2096 31.8284 31.4341 30.1296 25.0068 31.1987 32.5463 32.8865 32.9143 32.5954 31.2193 25.1591 10.7073 18.2464 8.72756 2.55993 2.55909 8.72968 18.2467 10.8175 2.82298 1.16987 1.00584 0.999969 0.999968 1.00584 1.16984 
8.07263 2.21056 1.09707 1.0029 1.00288 1.09667 2.2066 8.04733 19.4435 7.74412 2.22526 1.12144 1.12144 2.22526 7.74412 19.4435 30.5181 33.4114 34.0262 34.1111 34.1111 34.0262 33.4114 30.5181 26.2113 27.526 27.8347 28.0168 28.0209 27.8384 27.5303 26.2168 21.0059 24.5589 25.0086 24.6766 24.7108 24.8726 24.6011 20.9698 11.4111 16.2778 8.21961 2.44657 2.45482 8.25202 16.2809 11.4131 3.89424 1.36295 1.0224 1.00088 1.0008 1.02234 1.35254 
8.16506 2.27021 1.11689 1.00436 1.00425 1.11549 2.26138 8.13648 18.3126 8.09562 2.27911 1.12778 1.12778 2.27911 8.09562 18.3126 24.2302 28.8093 30.2071 30.3773 30.3773 30.2071 28.8093 24.2302 7.56479 8.53197 8.01074 7.85493 7.67516 7.80936 8.52671 7.55966 4.84798 5.42859 5.48195 5.37241 5.23613 5.32579 5.42625 4.8455 3.36016 5.47198 2.442 1.14333 1.14398 2.43611 5.68682 3.49276 1.28499 1.01241 1.00012 0.999997 0.999996 1.00011 1.0125 
9.34699 2.50492 1.14438 1.00554 1.00539 1.14273 2.49707 9.34579 20.3354 9.16782 2.51924 1.15772 1.15772 2.51924 9.16782 20.3354 26.2317 32.3742 33.4012 33.5528 33.5528 33.4012 32.3742 26.2317 3.2058 3.59309 3.48126 3.24869 3.25178 3.48536 3.59358 3.2062 1.84554 2.13212 2.15999 2.01327 1.99555 2.13456 2.13271 1.84577 1.30311 1.75498 1.14315 1.00749 1.0074 1.14101 1.75842 1.30683 1.02877 1.00108 0.999909 0.999934 0.999934 0.99991 1.00108 
9.59599 2.54403 1.14759 1.0057 1.00555 1.1459 2.53586 9.59302 21.0211 9.46642 2.56663 1.16152 1.16152 2.56663 9.46642 21.0211 26.7253 33.4183 34.5432 34.685 34.685 34.5432 33.4183 26.7253 1.43477 1.5231 1.48691 1.40887 1.40888 1.4869 1.52315 1.43481 1.13635 1.20564 1.21239 1.17395 1.17184 1.20854 1.20563 1.13636 1.02352 1.05781 1.00648 1.00004 1.00004 1.00641 1.05918 1.02659 1.00564 1.00016 0.999966 0.999999 0.999999 0.999966 1.00016 
9.49936 2.50465 1.13821 1.00509 1.00498 1.137 2.49926 9.50408 20.9695 9.47331 2.54678 1.15335 1.15335 2.54678 9.47331 20.9695 26.7349 33.4792 34.624 34.7732 34.7732 34.624 33.4792 26.7349 1.34158 1.33866 1.33234 1.31342 1.31342 1.33234 1.33866 1.34158 1.35106 1.39218 1.39626 1.39671 1.39621 1.39567 1.39219 1.35108 1.01431 1.00261 1.00082 0.999987 0.999987 1.00084 1.00229 1.00977 0.99798 0.999782 0.999999 1 1 0.999999 0.999783 
9.50408 2.49926 1.137 1.00498 1.00498 1.137 2.49926 9.50408 20.9196 9.477 2.54739 1.15403 1.15335 2.54678 9.47331 20.9695 26.7349 33.4792 34.624 34.7732 34.7742 34.6261 33.4845 26.5806 1.34158 1.33866 1.33234 1.31342 1.31342 1.33234 1.33866 1.34158 1.35108 1.39219 1.39567 1.39621 1.39615 1.39559 1.39219 1.35108 1.00977 1.00229 1.00082 0.999987 0.999987 1.00082 1.00261 1.01431 0.997975 0.999783 0.999999 1 1 0.999999 0.999782 
9.59302 2.53586 1.1459 1.00555 1.00555 1.1459 2.53586 9.59302 20.9572 9.50977 2.56997 1.16276 1.16152 2.56663 9.46642 21.0211 26.7253 33.4183 34.5432 34.685 34.689 34.5492 33.4274 26.5708 1.43481 1.52315 1.4869 1.40888 1.40887 1.48691 1.5231 1.43477 1.13636 1.20563 1.20854 1.17184 1.17195 1.20862 1.20563 1.13636 1.02659 1.05918 1.00648 1.00004 1.00004 1.00648 1.05781 1.02352 1.00564 1.00016 0.999966 0.999999 0.999999 0.999966 1.00016 
9.34579 2.49707 1.14273 1.00539 1.00539 1.14273 2.49707 9.34579 20.2952 9.2284 2.52329 1.159 1.15772 2.51924 9.16782 20.3354 26.2317 32.3742 33.4012 33.5528 33.5645 33.4208 32.3938 26.0994 3.2062 3.59358 3.48536 3.25178 3.24869 3.48126 3.59309 3.2058 1.84577 2.13271 2.13456 1.99555 1.99527 2.13388 2.13271 1.84577 1.30683 1.75842 1.14315 1.00749 1.00749 1.14315 1.75498 1.30311 1.02894 1.00108 0.99991 0.999934 0.999934 0.999909 1.00108 
8.13648 2.26138 1.11549 1.00425 1.00425 1.11549 2.26138 8.13648 17.9903 8.04814 2.27988 1.12862 1.12778 2.27911 8.09562 18.3126 24.2302 28.8093 30.2071 30.3773 30.3762 30.2055 28.807 24.1321 7.55966 8.52671 7.80936 7.67516 7.85493 8.01074 8.53197 7.56479 4.8455 5.42625 5.32579 5.23613 5.23585 5.32536 5.42625 4.8455 3.49276 5.68682 2.442 1.14333 1.14333 2.442 5.47198 3.36016 1.29042 1.0125 1.00011 0.999996 0.999997 1.00012 1.01241 
1.80486 1.07256 1.00379 1.00004 1.00005 1.00374 1.07256 1.80486 5.05812 2.05632 1.10225 1.00524 1.00524 1.10225 2.01466 4.96868 9.24415 11.1258 11.9622 11.9555 11.9555 11.9622 11.1258 9.24415 1.5437 1.61138 1.61019 1.61298 1.61298 1.61019 1.61138 1.5437 1.50455 1.62395 1.63632 1.5873 1.56146 1.60297 1.62395 1.50455 1.17131 1.54786 1.09516 1.00478 1.00478 1.09516 1.54786 1.17131 1.0068 1.00002 0.999987 1.00002 1.00002 0.999987 1.00002 
1.07721 1.00488 1.00011 0.999917 0.999917 1.00012 1.00488 1.07721 1.63455 1.09249 1.00523 1.00002 1.00002 1.00531 1.0938 1.65295 2.7279 3.19676 3.24311 3.16965 3.16965 3.24311 3.19676 2.7279 1.05086 1.05312 1.05837 1.06167 1.06167 1.05837 1.05312 1.05086 1.03086 1.03834 1.02603 1.02237 1.01972 1.02214 1.03834 1.03086 1.0072 1.03263 1.00363 0.999983 0.999983 1.00363 1.03263 1.0072 0.999908 0.999905 0.999947 0.999947 0.999947 0.999947 0.999905 
1.00376 1.00014 0.999968 0.999999 0.999998 0.999967 1.00014 1.00376 1.04604 1.00368 1.00001 0.999961 0.999961 1.00002 1.00371 1.0473 1.19319 1.26325 1.27836 1.25344 1.25344 1.27836 1.26325 1.19319 1.00712 1.00869 1.0078 1.00574 1.00574 1.0078 1.00869 1.00712 1.00053 1.00033 0.998522 0.998633 0.998514 0.99826 1.00033 1.00053 1.00009 1.0006 1.00001 0.999977 0.999977 1.00001 1.0006 1.00009 1.00005 0.999999 1 1 1 1 0.999999 
1.00011 0.999963 0.999997 1 1 0.999997 0.999963 1.00011 1.00116 0.999932 0.999971 1 1 0.999971 0.999932 1.00123 1.01053 1.01609 1.01856 1.0155 1.0155 1.01856 1.01609 1.01053 1.00046 1.00039 1.00046 1.00038 1.00038 1.00046 1.00039 1.00046 1.00006 0.999927 0.999856 0.999889 0.999877 0.999839 0.999927 1.00006 0.999997 0.999908 0.999985 1 1 0.999985 0.999908 0.999997 1.00006 0.999996 1 1 1 1 0.999996 
1.00011 0.999963 0.999997 1 1 0.999997 0.999963 1.00011 1.00123 0.999932 0.999971 1 1 0.999971 0.999932 1.00123 1.01127 1.0173 1.02004 1.01661 1.0155 1.01856 1.01609 1.01053 1.00046 1.00039 1.00046 1.00038 1.00038 1.00046 1.00039 1.00046 1.00006 0.999928 0.999839 0.999877 0.999889 0.999856 0.999927 1.00006 0.999997 0.999908 0.999985 1 1 0.999985 0.999908 0.999997 1.00006 0.999996 1 1 1 1 0.999996 
1.00378 1.00014 0.999967 0.999998 0.999998 0.999967 1.00014 1.00376 1.0473 1.00371 1.00002 0.999961 0.999961 1.00001 1.00371 1.0473 1.201 1.27478 1.29139 1.26349 1.25344 1.27836 1.26325 1.19319 1.0071 1.00866 1.00778 1.00574 1.00574 1.0078 1.00869 1.00712 1.00052 1.00033 0.99826 0.998514 0.998633 0.998522 1.00033 1.00053 1.00009 1.0006 1.00001 0.999977 0.999977 1.00001 1.0006 1.00009 1.00005 0.999999 1 1 1 1 0.999999 
1.07726 1.00498 1.00012 0.999917 0.999917 1.00012 1.00488 1.07721 1.65295 1.0938 1.00531 1.00002 1.00002 1.00523 1.0938 1.65295 2.78255 3.26758 3.32342 3.23439 3.16965 3.24311 3.19676 2.7279 1.05091 1.05318 1.05843 1.0617 1.06167 1.05837 1.05312 1.05086 1.03083 1.03826 1.02214 1.01972 1.02237 1.02603 1.03834 1.03086 1.0072 1.03263 1.00363 0.999983 0.999982 1.00364 1.03234 1.00719 0.999908 0.999905 0.999947 0.999947 0.999947 0.999947 0.999905 
1.7871 1.07142 1.00374 1.00005 1.00005 1.00374 1.07256 1.80486 4.96868 2.01466 1.10225 1.00524 1.00524 1.10225 2.01466 4.96868 9.11833 10.9191 11.7348 11.7209 11.9555 11.9622 11.1258 9.24415 1.54266 1.61007 1.61029 1.61302 1.61298 1.61019 1.61138 1.5437 1.50419 1.62348 1.60297 1.56146 1.5873 1.63632 1.62395 1.50455 1.17131 1.54786 1.09516 1.00478 1.00445 1.11079 1.52635 1.16283 1.0068 1.00002 0.999987 1.00002 1.00002 0.999987 1.00002 
1.08404 1.00514 1.00024 1.00002 1.00002 1.00024 1.00514 1.08404 1.69526 1.10124 1.00634 1.00023 1.00023 1.00642 1.10124 1.69526 2.33388 2.61504 2.62167 2.66156 2.66156 2.62167 2.61504 2.33388 1.03452 1.04585 1.03979 1.02799 1.02799 1.03979 1.04585 1.03452 1.04398 1.06788 1.07862 1.06664 1.06398 1.07867 1.06775 1.04393 1.00999 1.0314 1.00403 1.00015 1.00015 1.00403 1.0314 1.00999 1.00061 1.00003 1.00004 1.00005 1.00005 1.00004 1.00003 
1.00517 1.00021 0.999963 0.999991 0.999991 0.999963 1.00021 1.00517 1.05606 1.00499 1.00014 0.999949 0.999949 1.00015 1.00499 1.05606 1.15231 1.18789 1.17172 1.17057 1.17057 1.17172 1.18789 1.15231 0.998894 0.999076 0.998853 0.998646 0.998646 0.998853 0.999076 0.998894 1.00153 1.00296 1.00498 1.00408 1.00388 1.00498 1.00296 1.00153 1.0003 1.00067 1.00003 0.999972 0.999972 1.00003 1.00067 1.0003 1.00004 0.999985 0.999996 0.999996 0.999996 0.999996 0.999985 
1.00025 0.999964 0.999995 1 1 0.999995 0.999964 1.00025 1.00208 1.00005 0.999966 0.999997 0.999997 0.999966 1.00005 1.00208 1.00772 1.00904 1.00643 1.00668 1.00668 1.00643 1.00904 1.00772 0.999873 0.999753 0.999802 0.999819 0.999819 0.999802 0.999753 0.999873 1.00007 0.999997 1.00018 1.00016 1.00014 1.00018 0.999997 1.00007 0.99997 0.999909 0.999981 0.999999 0.999999 0.999981 0.999909 0.99997 1.00005 0.999996 1 1 1 1 0.999996 
1.00002 0.999992 1 1 1 1 0.999992 1.00002 1.00001 0.999921 0.999999 1 1 0.999999 0.999921 1.00001 1.00027 1.00019 1.00014 1.00014 1.00014 1.00014 1.00019 1.00027 1.00009 0.999979 1.00004 1.00004 1.00004 1.00004 0.999979 1.00009 1.00004 0.999928 0.999982 0.999976 0.999977 0.999982 0.999928 1.00004 1.00001 0.999941 1 1 1 1 0.999941 1.00001 1.00005 0.999996 1 1 1 1 0.999996 
0 0 0 0 1 1 0.999992 1.00002 1.00002 0.999921 0.999999 1 1 0.999999 0.999921 1.00001 1.00027 1.00019 1.00014 1.00014 1.00013 1.00013 1.00018 1.00026 1.00009 0.999979 1.00004 1.00004 1.00004 1.00004 0.999979 1.00009 1.00004 0.999928 0.999982 0.999977 0.999976 0.999982 0.999928 1.00004 1.00001 0.999941 1 1 1 1 0.999941 1.00001 1.00005 0.999996 1 1 0 0 0 
0 0 0 0 1 0.999995 0.999964 1.00025 1.00215 1.00006 0.999966 0.999997 0.999997 0.999966 1.00005 1.00208 1.00772 1.00904 1.00643 1.00668 1.00652 1.00629 1.00883 1.00755 0.999881 0.999755 0.999806 0.999823 0.999819 0.999802 0.999753 0.999873 1.00007 0.999997 1.00018 1.00014 1.00016 1.00018 0.999997 1.00007 0.99997 0.999909 0.999981 0.999999 0.999999 0.999981 0.999909 0.99997 1.00005 0.999996 1 1 0 0 0 
0 0 0 0 0.999991 0.999963 1.00021 1.00517 1.05698 1.00513 1.00015 0.999949 0.999949 1.00014 1.00499 1.05606 1.15231 1.18789 1.17172 1.17057 1.16921 1.17072 1.18646 1.151 0.999007 0.999001 0.998795 0.998615 0.998646 0.998853 0.999076 0.998894 1.00153 1.00296 1.00498 1.00388 1.00408 1.00498 1.00296 1.00153 1.0003 1.00067 1.00003 0.999972 0.999972 1.00003 1.00067 1.0003 1.00004 0.999985 0.999996 0.999996 0 0 0 
