0 0 0 0 1.00005 1.00027 1.00253 1.02074 1.1507 1.01825 1.00101 1.00002 1.00002 1.00101 1.01831 1.15339 2.12641 2.29051 1.68337 1.25911 1.25755 1.67784 2.2837 2.12027 1.93359 4.32092 7.56522 9.20222 9.18401 7.5539 4.29957 1.92584 1.05072 0.99667 0.983245 1.00693 1.00476 0.979972 0.993493 1.04496 1.09931 1.07677 1.01649 1.0015 1.00154 1.01685 1.07838 1.102 1.03272 1.00244 1.00015 1.00006 0 0 0 
0 0 0 0 0.999989 0.999971 1.00021 1.00219 1.01425 1.00137 0.999969 0.999966 0.999966 0.999967 1.00136 1.01449 1.15584 1.17057 1.06978 1.01663 1.01649 1.069 1.16929 1.15485 1.17774 2.21912 4.30485 4.59836 4.55521 4.25405 2.19736 1.17525 0.989369 0.980991 0.970692 0.977789 0.977712 0.970445 0.980797 0.989044 1.00647 1.00408 1.0005 0.999942 0.999945 1.00052 1.0042 1.00672 1.00257 1.00008 0.999974 0.999994 0 0 0 
0 0 0 0 1 0.999991 0.999966 1.0002 1.00063 0.999902 0.999979 0.999997 0.999997 0.999979 0.999898 1.00064 1.01106 1.01147 1.00323 1.00035 1.00034 1.00316 1.01131 1.01094 1.02485 1.29341 2.02383 1.99835 1.98206 2.00003 1.28647 1.02438 0.998314 0.997637 0.996586 0.997105 0.99706 0.996544 0.997607 0.998266 1.00025 1 0.999958 0.999985 0.999984 0.999959 1.00001 1.00027 1.00019 0.999968 0.999997 1 0 0 0 
0 0 0 0 1 1 0.99999 1.00005 0.999945 0.999884 0.999998 1 1 0.999998 0.999884 0.999946 1.00027 1.0001 0.999967 0.999923 0.999922 0.999962 1.00009 1.00026 1.0023 1.0442 1.23503 1.20808 1.20407 1.22936 1.04308 1.00225 1.00005 0.999813 0.999784 0.999843 0.999837 0.999776 0.999809 1.00005 1.00001 0.999878 0.999995 1 1 0.999995 0.999877 1.00001 1.00006 0.999994 1 1 0 0 0 
1.00005 0.99999 1 1 1 1 0.99999 1.00005 0.999945 0.999884 0.999998 1 1 0.999998 0.999884 0.999945 1.00027 1.0001 0.999962 0.999922 0.999923 0.999967 1.0001 1.00027 1.0023 1.0442 1.23503 1.20808 1.20808 1.23503 1.0442 1.0023 1.00005 0.999809 0.999776 0.999837 0.999837 0.999776 0.999809 1.00005 1.00001 0.999877 0.999995 1 1 0.999995 0.999878 1.00001 1.00006 0.999994 1 1 1 1 0.999994 
1.0002 0.999966 0.999991 1 1 0.999991 0.999966 1.0002 1.00063 0.999902 0.999979 0.999997 0.999997 0.999979 0.999902 1.00063 1.01106 1.01147 1.00316 1.00034 1.00035 1.00323 1.01147 1.01106 1.02485 1.29341 2.02383 1.99835 1.99835 2.02383 1.29341 1.02485 0.998266 0.997607 0.996544 0.99706 0.99706 0.996544 0.997607 0.998266 1.00027 1.00001 0.999959 0.999984 0.999985 0.999958 1 1.00027 1.00019 0.999968 0.999997 1 1 0.999997 0.999968 
1.00219 1.00021 0.999971 0.999989 0.999989 0.999971 1.00021 1.00219 1.01425 1.00137 0.999967 0.999966 0.999966 0.999967 1.00137 1.01425 1.15584 1.17057 1.069 1.01649 1.01663 1.06978 1.17057 1.15584 1.17774 2.21912 4.30485 4.59836 4.59836 4.30485 2.21912 1.17774 0.989044 0.980797 0.970445 0.977712 0.977712 0.970445 0.980797 0.989044 1.00672 1.0042 1.00052 0.999945 0.999942 1.0005 1.00408 1.00672 1.00257 1.00008 0.999974 0.999994 0.999994 0.999974 1.00008 
1.02074 1.00253 1.00027 1.00005 1.00005 1.00027 1.00253 1.02074 1.1507 1.01825 1.00101 1.00002 1.00002 1.00101 1.01825 1.1507 2.12641 2.29051 1.67784 1.25755 1.25911 1.68337 2.29051 2.12641 1.93359 4.32092 7.56522 9.20222 9.20222 7.56522 4.32092 1.93359 1.04496 0.993493 0.979972 1.00476 1.00476 0.979972 0.993493 1.04496 1.102 1.07838 1.01685 1.00154 1.0015 1.01649 1.07677 1.102 1.03272 1.00244 1.00015 1.00006 1.00006 1.00015 1.00244 
1.17364 1.0165 1.00089 1.00002 1.00002 1.00089 1.0165 1.17364 1.87007 1.16096 1.01155 1.00035 1.00035 1.01155 1.15696 1.85775 5.00237 5.74582 4.09197 2.83795 3.0616 4.37606 5.84546 5.0882 4.1218 7.43417 10.853 13.761 13.724 10.7715 7.33551 4.04308 2.34538 1.98696 2.07762 2.14824 2.16128 2.09121 1.99943 2.36546 1.62405 1.62555 1.19146 1.03463 1.03357 1.19157 1.65385 1.69774 1.16146 1.00655 0.999708 0.999936 0.999936 0.999708 1.00654 
1.01955 1.00098 0.999924 0.999901 0.999901 0.999924 1.00098 1.01955 1.14058 1.01527 1.00033 0.999833 0.999833 1.00033 1.01518 1.14085 2.0969 2.2645 1.69231 1.26444 1.26982 1.69752 2.25943 2.0941 2.2245 4.5322 6.41276 7.81062 7.84849 6.43269 4.54828 2.2252 1.27768 1.17957 1.17453 1.16842 1.16837 1.17418 1.17913 1.27693 1.06447 1.06544 1.01438 1.00135 1.00134 1.01476 1.06838 1.07052 1.00339 0.999119 0.999855 0.999919 0.999919 0.999855 0.999119 
1.0007 0.999899 0.999993 1 1 0.999993 0.999899 1.0007 1.0117 1.00037 0.999871 0.999994 0.999994 0.999871 1.00036 1.0117 1.16583 1.18454 1.07713 1.01716 1.01743 1.07838 1.18445 1.16606 1.28406 2.57756 3.75046 3.68331 3.71704 3.79673 2.60668 1.28747 1.03443 1.02227 1.0198 1.01641 1.01643 1.0198 1.02226 1.03441 1.00228 1.00268 1.00027 0.999926 0.999925 1.00028 1.00284 1.0027 0.999339 0.99996 1.00001 1 1 1.00001 0.999961 
1.00008 0.999984 0.999999 1 1 0.999999 0.999984 1.00008 1.00043 0.999829 0.999997 1 1 0.999997 0.99983 1.00043 1.01468 1.01575 1.00449 1.00029 1.0003 1.00461 1.01575 1.01471 1.0449 1.4665 2.13502 1.92275 1.93657 2.16554 1.4775 1.04576 1.00281 1.00203 1.0018 1.00137 1.00137 1.0018 1.00203 1.00281 0.999961 0.999829 0.999935 0.99999 0.999991 0.999935 0.999837 0.999991 1.00015 1.00002 1 1 1 1 1.00002 
1.00008 0.999984 0.999999 1 1 0.999999 0.999984 1.00008 1.00043 0.99983 0.999997 1 1 0.999997 0.999829 1.00043 1.01471 1.01575 1.00461 1.0003 1.0003 1.00461 1.01575 1.01471 1.04576 1.4775 2.16554 1.93657 1.93657 2.16554 1.4775 1.04576 1.00281 1.00203 1.0018 1.00137 1.00131 1.00171 1.00196 1.0028 0.999991 0.999837 0.999935 0.99999 0.99999 0.999936 0.999833 0.999977 1.00015 1.00002 1 1 1 1 1.00002 
1.00069 0.999897 0.999993 1 1 0.999993 0.999899 1.0007 1.0117 1.00036 0.999871 0.999994 0.999994 0.999871 1.00037 1.0117 1.16606 1.18445 1.07838 1.01743 1.01743 1.07838 1.18445 1.16606 1.28747 2.60668 3.79673 3.71704 3.71704 3.79673 2.60668 1.28747 1.03441 1.02226 1.0198 1.01643 1.01602 1.01919 1.02173 1.0343 1.0027 1.00284 1.00029 0.999927 0.999926 1.00028 1.00276 1.0025 0.999339 0.999961 1.00001 1 1 1.00001 0.99996 
1.01938 1.00095 0.999924 0.999901 0.999901 0.999924 1.00098 1.01955 1.14085 1.01518 1.00033 0.999833 0.999833 1.00033 1.01527 1.14058 2.0941 2.25943 1.69752 1.26982 1.26982 1.69752 2.25943 2.0941 2.2252 4.54828 6.43269 7.84849 7.84849 6.43269 4.54828 2.2252 1.27693 1.17913 1.17418 1.16837 1.16662 1.17159 1.1767 1.27604 1.07052 1.06838 1.01494 1.00137 1.00135 1.01478 1.06687 1.06718 1.00339 0.999119 0.999855 0.999919 0.999919 0.999855 0.999119 
1.17499 1.01652 1.00089 1.00002 1.00002 1.00089 1.0165 1.17364 1.85775 1.15696 1.01155 1.00035 1.00035 1.01155 1.16096 1.87007 5.0882 5.84546 4.37606 3.0616 3.0616 4.37606 5.84546 5.0882 4.04308 7.33551 10.7715 13.724 13.724 10.7715 7.33551 4.04308 2.36546 1.99943 2.09121 2.16128 2.15691 2.08423 1.99335 2.35455 1.69774 1.65385 1.19928 1.03516 1.03463 1.1972 1.6394 1.64374 1.16146 1.00654 0.999708 0.999936 0.999936 0.999708 1.00655 
2.36534 1.18514 1.00993 1.00004 1.00004 1.00993 1.18514 2.36534 5.4152 2.40675 1.23786 1.02512 1.02512 1.23786 2.40675 5.4152 13.2604 15.8576 13.4555 11.0077 11.0077 13.4555 15.8576 13.2604 10.3014 15.49 19.56 21.9146 21.9146 19.56 15.49 10.3014 5.53076 5.105 5.03215 5.52494 5.52464 5.03172 5.10507 5.5472 4.01224 3.79037 2.42115 1.3719 1.36548 2.38476 3.79614 3.87246 3.33935 1.5226 1.05523 1.00286 1.0028 1.05421 1.5131 
2.42293 1.2059 1.01138 0.999887 0.999887 1.01138 1.2059 2.42293 5.28028 2.48673 1.27986 1.03254 1.03254 1.27986 2.48673 5.28028 12.1732 15.7864 11.2312 6.84121 6.84121 11.2312 15.7864 12.1732 6.73984 12.2809 18.233 21.7814 21.7814 18.233 12.2809 6.73984 2.47709 1.98845 2.10994 2.32787 2.33456 2.12014 1.99695 2.50181 2.15891 2.00568 1.36367 1.05809 1.05905 1.36601 2.00488 2.15655 1.83391 1.14017 1.01028 1.00019 1.0002 1.01031 1.1405 
1.99723 1.13114 1.00565 0.999854 0.999854 1.00565 1.13114 1.99723 4.23873 2.06369 1.18874 1.01945 1.01945 1.18874 2.06369 4.23873 9.79504 12.8928 8.15876 4.05148 4.05148 8.15876 12.8928 9.79504 4.31258 10.2767 17.3284 20.6711 20.6711 17.3284 10.2767 4.31258 1.26196 1.00064 1.16837 1.30277 1.30408 1.16996 1.00231 1.2727 1.24418 1.21503 1.04808 1.00469 1.00482 1.04874 1.21503 1.24453 1.15456 1.0154 1.00075 0.999961 0.99996 1.00074 1.01524 
1.46454 1.04438 1.00124 1.00001 1.00001 1.00124 1.04438 1.46454 2.90739 1.4451 1.05216 1.00295 1.00295 1.05216 1.4451 2.90739 7.54913 9.62348 5.61196 2.27998 2.27998 5.61196 9.62348 7.54913 3.24757 9.50256 17.4995 20.0707 20.0707 17.4995 9.50256 3.24757 1.09297 0.971997 1.00901 1.03224 1.03112 1.00792 0.971914 1.09878 0.967932 1.00788 1.00194 1.00003 1.00004 1.00202 1.00788 0.96799 0.983541 0.997823 0.999875 1.00004 1.00004 0.999871 0.997786 
1.46864 1.04502 1.00124 1.00001 1.00001 1.00124 1.04438 1.46454 2.90739 1.4451 1.05216 1.00295 1.00285 1.05123 1.44243 2.92234 7.5807 9.63751 5.60385 2.26383 2.27998 5.61196 9.62348 7.54913 3.24184 9.48787 17.5114 20.0794 20.0707 17.4995 9.50256 3.24757 1.10027 0.974613 1.00792 1.03112 1.03224 1.00901 0.971997 1.09297 0.966915 1.00757 1.00202 1.00004 1.00003 1.00194 1.00788 0.967932 0.98327 0.997786 0.999871 1.00004 1.00004 0.999875 0.997823 
2.00862 1.13368 1.00566 0.999854 0.999854 1.00565 1.13114 1.99723 4.23873 2.06369 1.18874 1.01945 1.01897 1.18625 2.06111 4.27217 9.86243 12.9066 8.15733 4.00728 4.05148 8.15876 12.8928 9.79504 4.30185 10.2529 17.3466 20.6873 20.6711 17.3284 10.2767 4.31258 1.28031 1.01267 1.16996 1.30408 1.30277 1.16837 1.00064 1.26196 1.24921 1.21684 1.04874 1.00482 1.00469 1.04808 1.21503 1.24418 1.15326 1.01524 1.00074 0.99996 0.999961 1.00075 1.0154 
2.43813 1.20935 1.01138 0.999887 0.999887 1.01138 1.2059 2.42293 5.28028 2.48673 1.27986 1.03254 1.0318 1.2762 2.48278 5.32455 12.2616 15.7932 11.2449 6.77945 6.84121 11.2312 15.7864 12.1732 6.72746 12.2592 18.249 21.8003 21.7814 18.233 12.2809 6.73984 2.50184 2.00982 2.12014 2.33456 2.32787 2.10994 1.98845 2.47709 2.17126 2.01497 1.36601 1.05905 1.05809 1.36367 2.00568 2.15891 1.83234 1.1405 1.01031 1.0002 1.00019 1.01028 1.14017 
2.38317 1.18814 1.00993 1.00004 1.00004 1.00993 1.18514 2.36534 5.4152 2.40675 1.23786 1.02512 1.02462 1.23583 2.40301 5.46266 13.5044 16.0778 13.6991 11.1959 11.0077 13.4555 15.8576 13.2604 10.4448 15.6395 19.7237 22.0509 21.9146 19.56 15.49 10.3014 5.85588 5.41916 5.03172 5.52464 5.52494 5.03215 5.105 5.53076 3.95944 3.86977 2.38476 1.36548 1.3719 2.42115 3.79037 4.01224 3.28745 1.5131 1.05421 1.0028 1.00286 1.05523 1.5226 
3.91524 1.45343 1.03515 1.00109 1.00107 1.03488 1.45128 3.90486 9.79515 3.85011 1.47834 1.04628 1.04707 1.48283 3.82566 9.83784 23.7627 27.488 28.0197 27.7552 28.008 28.2403 27.6106 23.9212 23.6612 26.7515 29.5354 30.7391 30.8292 29.6626 26.8894 23.797 21.2469 22.2188 23.2969 23.7533 23.7359 23.2756 22.2019 21.2554 16.5047 14.5986 8.53159 3.93711 3.96271 8.59451 14.7426 16.7186 10.784 3.83299 1.50419 1.04816 1.04816 1.50409 3.82937 
4.21032 1.51149 1.04065 1.00111 1.0011 1.04031 1.50841 4.19205 10.4959 4.10897 1.52894 1.05207 1.05293 1.53343 4.08513 10.5636 25.8706 30.3928 32.2556 32.4936 32.4817 32.2288 30.3186 25.8761 28.2093 29.2136 30.9722 32.3484 32.3633 30.9831 29.1904 28.1998 28.9811 30.4872 31.1066 31.2475 31.2475 31.1018 30.4698 28.9947 20.6531 17.8243 10.6059 4.98141 4.9505 10.5901 17.8999 20.7659 13.1668 4.61058 1.67816 1.07206 1.07206 1.67811 4.62789 
4.29104 1.52483 1.04182 1.00125 1.00123 1.04148 1.52175 4.27263 10.7821 4.194 1.54357 1.05357 1.05445 1.5482 4.17022 10.8559 26.9454 31.7364 33.8923 34.3074 34.3042 33.8745 31.6788 26.9337 31.1466 31.3844 32.4143 33.4767 33.4885 32.4168 31.3736 31.1365 31.5483 33.202 34.0056 34.1512 34.1535 34.0062 33.1912 31.5764 22.4553 19.3032 11.411 5.34385 5.30374 11.3843 19.3938 22.5816 14.3746 4.99414 1.75278 1.08107 1.08107 1.75272 5.01371 
4.28221 1.5117 1.03878 1.00112 1.00111 1.03856 1.50978 4.27047 10.9029 4.19117 1.52898 1.04934 1.04996 1.53224 4.17433 10.9858 27.3982 32.1764 34.2722 34.7179 34.7158 34.2607 32.1354 27.3886 32.7083 32.9473 33.6019 34.2504 34.2545 33.6035 32.9447 32.7015 32.1149 33.8479 34.627 34.7701 34.7707 34.6272 33.84 32.1566 23.0539 19.7618 11.6136 5.42348 5.38899 11.5916 19.8218 23.1596 14.7811 5.03484 1.74424 1.07663 1.07663 1.74416 5.04789 
4.27047 1.50978 1.03856 1.00111 1.00111 1.03856 1.50978 4.27047 10.9858 4.17433 1.53224 1.04996 1.04996 1.53224 4.17433 10.9858 27.3886 32.1354 34.2607 34.7158 34.7158 34.2607 32.1354 27.3886 32.7015 32.9447 33.6035 34.2545 34.2504 33.6019 32.9473 32.7083 32.0823 33.9023 34.6381 34.7716 34.7718 34.6378 33.8946 32.1349 23.1596 19.8218 11.5916 5.38899 5.42348 11.6136 19.7618 23.0539 14.7819 5.04789 1.74416 1.07663 1.07663 1.74424 5.03484 
4.27263 1.52175 1.04148 1.00123 1.00123 1.04148 1.52175 4.27263 10.8559 4.17022 1.5482 1.05445 1.05445 1.5482 4.17022 10.8559 26.9337 31.6788 33.8745 34.3042 34.3042 33.8745 31.6788 26.9337 31.1365 31.3736 32.4168 33.4885 33.4767 32.4143 31.3844 31.1466 31.4484 33.2853 34.0255 34.1537 34.1531 34.0233 33.2823 31.4916 22.5816 19.3938 11.3843 5.30374 5.34385 11.411 19.3032 22.4553 14.3777 5.01371 1.75272 1.08107 1.08106 1.75278 4.99414 
4.19205 1.50841 1.04031 1.0011 1.0011 1.04031 1.50841 4.19205 10.5636 4.08513 1.53343 1.05293 1.05293 1.53343 4.08513 10.5636 25.8761 30.3186 32.2288 32.4817 32.4817 32.2288 30.3186 25.8761 28.1998 29.1904 30.9831 32.3633 32.3484 30.9722 29.2136 28.2093 28.7909 30.4764 31.111 31.2308 31.2172 31.0905 30.4575 28.805 20.7659 17.8999 10.5901 4.9505 4.98141 10.6059 17.8243 20.6531 13.1707 4.62789 1.67811 1.07206 1.07205 1.67816 4.61058 
3.90486 1.45128 1.03488 1.00107 1.00107 1.03488 1.45128 3.90486 9.83784 3.82566 1.48283 1.04707 1.04707 1.48283 3.82566 9.83784 23.9212 27.6106 28.2403 28.008 28.008 28.2403 27.6106 23.9212 23.797 26.8894 29.6626 30.8292 30.7391 29.5354 26.7515 23.6612 21.8503 22.9766 23.7583 24.194 24.1942 23.7594 22.977 21.8834 16.7186 14.7426 8.59451 3.96271 3.93711 8.53159 14.5986 16.5047 10.7307 3.82937 1.50409 1.04816 1.04816 1.50419 3.83299 
4.44361 1.52941 1.03824 1.00112 1.00112 1.03824 1.52941 4.44361 11.6934 4.38853 1.55293 1.04897 1.04897 1.55293 4.38853 11.6934 27.8584 31.631 33.1506 33.4559 33.4559 33.1506 31.7004 27.9563 32.3 34.055 34.576 34.5185 34.5255 34.5775 34.0724 32.3466 28.8375 31.2159 32.0309 32.1101 32.1008 32.0215 31.3141 28.8247 21.9359 18.3312 10.8169 5.2236 5.30767 10.9032 18.373 21.9844 14.3544 5.507 1.96201 1.15274 1.15493 1.97003 5.507 
4.35313 1.50128 1.03361 1.00078 1.00078 1.03361 1.50128 4.35313 11.7867 4.25655 1.49974 1.03846 1.03846 1.49974 4.25655 11.7867 28.6166 32.4461 34.0149 34.4362 34.4362 34.0149 32.4384 28.6429 33.233 34.3978 34.7217 34.7645 34.7628 34.7218 34.404 33.254 31.0711 32.9585 33.6054 33.884 33.8984 33.6241 32.8924 30.9691 24.6197 19.8223 11.1872 5.21282 5.32871 11.3394 19.8507 24.7252 15.5027 5.69498 1.98831 1.15843 1.16139 1.99962 5.69498 
4.34164 1.49874 1.03342 1.00087 1.00087 1.03342 1.49874 4.34164 11.8071 4.24218 1.49502 1.03795 1.03795 1.49502 4.24218 11.8071 28.8617 32.6915 34.2876 34.7345 34.7345 34.2876 32.6873 28.8891 33.7274 34.5721 34.8313 34.8989 34.899 34.8325 34.5776 33.7489 31.8943 33.8397 34.4918 34.7017 34.7085 34.5012 33.791 31.8026 25.1998 20.0832 11.2691 5.22174 5.33133 11.4058 20.1105 25.2924 15.8603 5.74252 1.98872 1.15614 1.159 1.99975 5.74252 
4.33441 1.49646 1.03337 1.00087 1.00087 1.03337 1.49646 4.33441 11.817 4.24309 1.49403 1.03773 1.03773 1.49403 4.24309 11.817 28.9581 32.7682 34.3759 34.7908 34.7908 34.3759 32.7694 28.9804 33.9671 34.69 34.8929 34.9522 34.9523 34.8936 34.6928 33.9788 32.2193 34.1291 34.7502 34.9014 34.9034 34.7531 34.1029 32.1613 25.3741 20.1704 11.2633 5.22048 5.27506 11.3493 20.1908 25.4278 16.0935 5.67299 1.94307 1.13163 1.13332 1.95017 5.67299 
4.33561 1.49643 1.03336 1.00087 1.00087 1.03337 1.49646 4.33441 11.7073 4.25161 1.49442 1.03776 1.03773 1.49403 4.24309 11.817 28.9804 32.7694 34.3596 34.7797 34.7908 34.3759 32.7694 28.9804 33.9788 34.6928 34.8936 34.9523 34.9522 34.8929 34.69 33.9671 32.1613 34.1029 34.7474 34.9005 34.9042 34.7557 34.1029 32.1613 25.4278 20.1908 11.297 5.23178 5.20569 11.297 20.1704 25.4594 16.0935 5.67299 1.95017 1.13332 1.13163 1.94307 5.64518 
4.34288 1.4987 1.03338 1.00086 1.00087 1.03342 1.49874 4.34164 11.699 4.2506 1.49515 1.03797 1.03795 1.49502 4.24218 11.8071 28.8891 32.6873 34.2576 34.7177 34.7345 34.2876 32.6873 28.8891 33.7489 34.5776 34.8325 34.899 34.8989 34.8313 34.5721 33.7274 31.8026 33.791 34.4865 34.7 34.7101 34.5065 33.791 31.8026 25.2924 20.1105 11.3292 5.24594 5.19312 11.3289 20.0832 25.3032 15.8603 5.74252 1.99975 1.159 1.15614 1.98872 5.70237 
4.35435 1.50123 1.03358 1.00078 1.00078 1.03361 1.50128 4.35313 11.6803 4.26494 1.49982 1.0385 1.03846 1.49974 4.25655 11.7867 28.6429 32.4384 33.983 34.4169 34.4362 34.0149 32.4384 28.6429 33.254 34.404 34.7218 34.7628 34.7645 34.7217 34.3978 33.233 30.9691 32.8924 33.5905 33.8724 33.9067 33.6365 32.8924 30.9691 24.7252 19.8507 11.2544 5.23856 5.18231 11.2504 19.8223 24.7263 15.5027 5.69498 1.99962 1.16139 1.15843 1.98831 5.65398 
4.44502 1.52939 1.03835 1.00112 1.00112 1.03824 1.52941 4.44361 11.5847 4.39724 1.55385 1.04914 1.04897 1.55293 4.38853 11.6934 27.9563 31.7004 33.2473 33.5711 33.4559 33.1506 31.7004 27.9563 32.3466 34.0724 34.5775 34.5255 34.5185 34.576 34.055 32.3 28.8247 31.3141 32.0855 32.1652 32.0512 31.9707 31.3141 28.8247 21.9844 18.373 10.8496 5.24365 5.19774 10.8474 18.3312 21.9711 14.3544 5.507 1.97003 1.15493 1.15274 1.96201 5.47629 
5.98 2.0375 1.11414 1.00552 1.00553 1.11423 2.03723 5.96194 13.4371 6.0136 2.18757 1.21008 1.19558 2.13365 5.98687 13.3112 29.1294 32.5342 34.1474 34.4695 34.4695 34.1475 32.5342 29.1294 31.0664 33.5319 34.0038 33.7424 33.7103 33.9841 33.5008 31.025 26.1396 30.4106 31.7422 31.8629 31.7973 31.7102 30.3795 26.1425 14.5414 14.6808 11.4895 7.76868 7.76915 11.489 14.7001 14.5424 9.62937 5.43025 2.40772 1.36189 1.35428 2.38254 5.40222 
4.98084 1.72142 1.06809 1.00264 1.00262 1.06759 1.71625 4.944 12.0329 5.04827 1.86447 1.1371 1.12644 1.8231 5.02749 11.9128 29.4756 32.8381 34.4458 34.7834 34.7819 34.4424 32.8381 29.4756 32.3582 34.0181 34.4241 34.4385 34.4385 34.4219 34.01 32.3467 28.7826 32.7723 33.7998 33.9272 33.9353 33.8039 32.7841 28.8373 16.4543 15.3888 13.0027 9.76426 9.76441 13.0023 15.3806 16.4517 11.3229 6.77641 2.99572 1.5559 1.54256 2.95191 6.71877 
4.65656 1.62503 1.05596 1.00205 1.00204 1.0555 1.62013 4.62135 11.6725 4.78782 1.7876 1.12183 1.11194 1.74853 4.76745 11.5485 29.6245 33.0022 34.5387 34.869 34.8675 34.5359 33.0022 29.6245 33.1105 34.3479 34.6842 34.7657 34.7652 34.6822 34.341 33.0978 29.991 33.6141 34.5643 34.7446 34.7412 34.5648 33.6226 30.0428 17.8774 16.0824 13.4662 9.83711 9.83723 13.4663 16.0739 17.8751 12.4609 7.48739 3.19147 1.60046 1.58663 3.1459 7.42854 
4.55311 1.5874 1.04868 1.00169 1.00168 1.04846 1.58471 4.52979 11.6717 4.64308 1.71476 1.09852 1.09224 1.68847 4.63142 11.5535 29.7061 33.0691 34.5628 34.887 34.8861 34.5613 33.0691 29.7061 33.4775 34.5525 34.8291 34.9033 34.903 34.828 34.5487 33.471 30.603 33.853 34.7506 34.91 34.9085 34.7502 33.8567 30.6352 19.7618 16.6764 13.3171 8.92882 8.92874 13.3163 16.6743 19.7593 13.3119 7.04936 2.75836 1.43876 1.43104 2.73537 7.00247 
4.52979 1.58471 1.04846 1.00168 1.00169 1.04868 1.58471 4.52979 11.6717 4.64308 1.71476 1.09852 1.09852 1.71476 4.64308 11.6717 29.7613 33.0655 34.5613 34.8861 34.8861 34.5613 33.0691 29.7061 33.471 34.5487 34.828 34.903 34.9033 34.8291 34.5525 33.4775 30.6352 33.8567 34.7502 34.9085 34.9085 34.7502 33.8531 30.6918 19.7593 16.6743 13.3163 8.92874 8.92882 13.3171 16.6764 19.7618 13.3119 7.04936 2.75836 1.43876 1.43876 2.75836 7.04936 
4.62135 1.62013 1.0555 1.00204 1.00205 1.05596 1.62013 4.62135 11.6725 4.78782 1.7876 1.12183 1.12183 1.7876 4.78782 11.6725 29.6639 32.991 34.5359 34.8675 34.8675 34.5359 33.0022 29.6245 33.0978 34.341 34.6822 34.7652 34.7657 34.6842 34.3479 33.1105 30.0428 33.6226 34.5648 34.7412 34.7412 34.5648 33.6223 30.1038 17.8751 16.0739 13.4663 9.83723 9.83711 13.4662 16.0824 17.8774 12.4609 7.48739 3.19147 1.60046 1.60046 3.19147 7.48739 
4.944 1.71625 1.06759 1.00262 1.00264 1.06809 1.71625 4.944 12.0329 5.04827 1.86447 1.1371 1.1371 1.86447 5.04827 12.0329 29.5046 32.8215 34.4424 34.7819 34.7819 34.4424 32.8381 29.4756 32.3467 34.01 34.4219 34.4385 34.4385 34.4241 34.0181 32.3582 28.8373 32.7841 33.8039 33.9353 33.9353 33.8039 32.7812 28.8968 16.4517 15.3806 13.0023 9.76441 9.76426 13.0027 15.3888 16.4543 11.3229 6.77641 2.99572 1.5559 1.5559 2.99572 6.77641 
5.96194 2.03723 1.11423 1.00553 1.00552 1.11414 2.03723 5.96194 13.4371 6.0136 2.18757 1.21008 1.21008 2.18757 6.0136 13.4371 29.1606 32.5165 34.1475 34.4695 34.4695 34.1475 32.5342 29.1294 31.025 33.5008 33.9841 33.7103 33.7424 34.0038 33.5319 31.0664 26.1425 30.3795 31.7102 31.7973 31.7973 31.7102 30.2965 26.1784 14.5424 14.7001 11.489 7.76915 7.76868 11.4895 14.6808 14.5414 9.62937 5.43025 2.40772 1.36189 1.36189 2.40772 5.43025 
9.01777 3.11116 1.31866 1.02349 1.02353 1.31931 3.11772 9.06059 17.237 8.56986 3.09366 1.46817 1.46853 3.09614 8.59996 17.2303 28.043 31.9628 33.2532 33.5325 33.5325 33.2532 31.9692 28.083 23.4799 25.9142 26.4215 26.4487 26.2811 26.2315 25.7289 23.3372 19.1638 21.6099 22.7347 23.0534 23.0534 22.7347 21.5975 19.2268 11.4646 13.4603 8.68649 4.01973 4.01815 8.76792 13.4638 11.4513 5.73935 2.33109 1.24897 1.03218 1.03218 1.24897 2.33109 
10.1329 3.46989 1.38978 1.03007 1.03003 1.38967 3.47184 10.1625 19.3357 9.73437 3.48823 1.5885 1.58834 3.48719 9.781 19.3366 30.2352 33.3487 34.3101 34.529 34.529 34.3101 33.3189 30.2412 26.3653 28.2635 29.0194 29.6703 29.6694 29.019 28.2667 26.3897 21.9694 27.3552 29.6018 30.309 30.309 29.6018 27.381 22.0904 11.4333 15.0272 9.44045 4.07201 4.0718 9.45144 15.0278 11.4399 4.76053 1.73799 1.07646 1.00435 1.00435 1.07646 1.73799 
10.7206 3.65432 1.42312 1.03329 1.03322 1.42288 3.65629 10.7523 20.2258 10.1633 3.61067 1.61675 1.61676 3.61047 10.2052 20.2168 31.4815 33.9965 34.7304 34.8844 34.8844 34.7304 33.9814 31.5057 28.1894 30.2401 31.1987 32.0323 32.0311 31.198 30.2433 28.2173 23.2713 29.8476 32.6995 33.5474 33.5474 32.6995 29.847 23.4 11.3274 15.5364 9.61125 4.12385 4.12439 9.62086 15.5366 11.328 4.23825 1.53648 1.04159 1.00135 1.00135 1.04159 1.53648 
10.8268 3.67515 1.4293 1.03406 1.03398 1.42894 3.67608 10.8473 20.4845 10.2279 3.61598 1.58919 1.58916 3.61592 10.2561 20.4738 31.9313 34.1543 34.8182 34.951 34.951 34.8182 34.1478 31.9637 29.4322 31.9692 32.9112 33.5483 33.5478 32.9104 31.9702 29.4495 23.7174 30.7364 33.6381 34.3681 34.3681 33.6381 30.7202 23.8387 11.3524 15.7163 9.69422 4.15669 4.15698 9.70024 15.7164 11.3533 4.17904 1.52142 1.04044 1.00127 1.00127 1.04044 1.52142 
10.8473 3.67608 1.42894 1.03398 1.03398 1.42894 3.67608 10.8473 20.4845 10.2279 3.61598 1.58919 1.58919 3.61598 10.2279 20.4845 31.9313 34.1543 34.8234 34.9522 34.951 34.8182 34.1543 31.9313 29.4495 31.9702 32.9104 33.5478 33.5478 32.9104 31.9702 29.4495 23.8561 30.7152 33.6208 34.3628 34.3378 33.5842 30.7364 23.7174 11.3533 15.7164 9.70024 4.15698 4.15669 9.69422 15.7163 11.3524 4.17904 1.52142 1.04044 1.00127 1.00126 1.0404 1.52133 
10.7523 3.65629 1.42288 1.03322 1.03322 1.42288 3.65629 10.7523 20.2258 10.1633 3.61067 1.61675 1.61675 3.61067 10.1633 20.2258 31.4815 33.9965 34.7403 34.8865 34.8844 34.7304 33.9965 31.4815 28.2173 30.2433 31.198 32.0311 32.0311 31.198 30.2433 28.2173 23.4313 29.83 32.6834 33.5421 33.5165 32.642 29.8476 23.2713 11.328 15.5366 9.62086 4.12439 4.12385 9.61125 15.5364 11.3274 4.23825 1.53648 1.04159 1.00135 1.00134 1.04153 1.53625 
10.1625 3.47184 1.38967 1.03003 1.03003 1.38967 3.47184 10.1625 19.3357 9.73437 3.48823 1.5885 1.5885 3.48823 9.73437 19.3357 30.2352 33.3487 34.3255 34.535 34.529 34.3101 33.3487 30.2352 26.3897 28.2667 29.019 29.6694 29.6694 29.019 28.2667 26.3897 22.1114 27.3756 29.6321 30.3411 30.3917 29.6926 27.3552 21.9694 11.4399 15.0278 9.45144 4.0718 4.07201 9.44045 15.0272 11.4333 4.76053 1.73799 1.07646 1.00435 1.00431 1.07596 1.73608 
9.06059 3.11772 1.31931 1.02353 1.02353 1.31931 3.11772 9.06059 17.237 8.56986 3.09366 1.46817 1.46817 3.09366 8.56986 17.237 28.043 31.9628 33.1735 33.4595 33.5325 33.2532 31.9628 28.043 23.3372 25.7289 26.2315 26.2811 26.2811 26.2315 25.7289 23.3372 19.0286 21.335 22.4511 22.7863 22.1962 21.8566 21.6099 19.1638 11.4513 13.4638 8.76792 4.01815 4.01973 8.68649 13.4603 11.4646 5.73935 2.33109 1.24897 1.03218 1.03084 1.24106 2.30162 
8.39583 3.01662 1.33602 1.0308 1.0308 1.33602 3.01662 8.39583 15.1168 8.00627 2.94267 1.38315 1.38315 2.94267 8.00627 15.1168 21.8707 27.1677 29.1277 29.4769 29.4775 29.1279 27.2894 21.9813 9.54224 11.1252 10.8945 10.7257 10.7252 10.8927 11.1252 9.4026 6.53705 7.5445 7.39998 7.21952 7.17791 7.33763 7.49212 6.53843 4.63146 5.69665 3.45501 1.60265 1.6034 3.4534 5.69124 4.65291 2.05116 1.1093 1.00309 0.999717 0.999717 1.00309 1.1093 
9.70749 3.41846 1.41707 1.0408 1.0408 1.41707 3.41846 9.70749 17.1623 9.40885 3.37354 1.48647 1.48647 3.37354 9.40885 17.1623 23.0412 30.1159 32.3008 32.7222 32.7102 32.2799 30.1006 23.0558 5.67247 7.08637 6.80077 6.02136 6.02189 6.80179 7.08637 5.67431 3.06112 3.82803 3.84007 3.45518 3.40773 3.76051 3.75329 3.04126 1.80781 2.29067 1.5031 1.06996 1.06981 1.50174 2.28594 1.80972 1.17144 1.01381 1.00024 0.999806 0.999806 1.00024 1.01381 
10.2351 3.56749 1.44266 1.04297 1.04297 1.44266 3.56749 10.2351 17.992 9.97629 3.52429 1.51706 1.51706 3.52429 9.97629 17.992 23.3404 31.2193 33.6912 34.1964 34.1919 33.6829 31.2014 23.3585 2.90255 3.65312 3.44971 2.8271 2.82705 3.44944 3.65312 2.90296 1.54917 1.86922 1.87806 1.68581 1.66924 1.84773 1.84095 1.54349 1.10538 1.19214 1.05142 1.00385 1.00383 1.05113 1.1907 1.10496 1.02449 1.00193 0.999972 0.999968 0.999968 0.999972 1.00193 
10.3043 3.57021 1.43089 1.03859 1.03859 1.43089 3.57021 10.3043 18.1213 10.0565 3.53721 1.51471 1.51471 3.53721 10.0565 18.1213 23.4155 31.5114 34.0414 34.548 34.5458 34.0378 31.5024 23.4231 1.78902 2.03698 1.95318 1.7045 1.7045 1.95318 2.03698 1.78913 1.33999 1.45115 1.46314 1.41976 1.41658 1.4564 1.44539 1.33997 1.02315 1.01281 1.00251 0.999964 0.999963 1.00252 1.01294 1.024 0.99547 0.999191 1 1.00001 1.00001 1 0.999191 
10.3108 3.56712 1.42984 1.03835 1.03859 1.43089 3.57021 10.3043 18.1213 10.0565 3.53721 1.51471 1.51546 3.5361 10.0452 18.1396 23.4231 31.5024 34.0457 34.5501 34.5478 34.0416 31.5114 23.4155 1.78913 2.03701 1.95318 1.7045 1.7045 1.95318 2.03698 1.78902 1.33992 1.44828 1.46313 1.41978 1.41819 1.45975 1.44825 1.33993 1.02408 1.01294 1.00252 0.99996 0.99996 1.00252 1.01294 1.02408 0.99547 0.999191 1 1.00001 1.00001 1 0.999189 
10.2407 3.56228 1.4408 1.04254 1.04297 1.44266 3.56749 10.2351 17.992 9.97629 3.52429 1.51706 1.51861 3.52427 9.96692 18.0018 23.3585 31.2014 33.6957 34.1988 34.195 33.6896 31.2193 23.3404 2.90296 3.65333 3.44944 2.82705 2.8271 3.44971 3.65312 2.90255 1.54605 1.85511 1.878 1.68589 1.6776 1.86285 1.85511 1.54611 1.1051 1.19065 1.0512 1.00375 1.00375 1.0512 1.19065 1.1051 1.02449 1.00193 0.999972 0.999968 0.999968 0.999971 1.00192 
9.71254 3.41319 1.4152 1.04038 1.0408 1.41707 3.41846 9.70749 17.1623 9.40885 3.37354 1.48647 1.488 3.37201 9.3961 17.1735 23.0558 30.1006 32.2974 32.7248 32.7176 32.2904 30.1159 23.0412 5.67431 7.08795 6.80179 6.02189 6.02136 6.80077 7.08637 5.67247 3.05243 3.79351 3.84342 3.45809 3.4339 3.80276 3.79292 3.05234 1.81071 2.28581 1.50281 1.06938 1.06938 1.50281 2.28581 1.81071 1.17144 1.01381 1.00024 0.999806 0.999807 1.00024 1.01376 
8.37289 3.00753 1.33407 1.03047 1.0308 1.33602 3.01662 8.39583 15.1168 8.00627 2.94267 1.38315 1.38418 2.94341 7.98114 15.0901 21.9813 27.2894 28.9548 29.3062 29.3721 29.0122 27.1677 21.8707 9.4026 10.9427 10.8927 10.7252 10.7257 10.8945 11.1252 9.54224 6.46432 7.43113 7.27632 7.11439 7.11645 7.27985 7.43084 6.46399 4.64145 5.69385 3.43935 1.59603 1.59603 3.43935 5.69385 4.64145 2.05116 1.1093 1.00309 0.999717 0.999749 1.00328 1.10927 
2.61005 1.28716 1.03197 1.00185 1.00186 1.03185 1.28499 2.59314 5.05266 2.56307 1.29711 1.03156 1.03347 1.31029 2.60248 5.15524 10.3843 13.2644 14.2022 14.3379 14.3545 14.2259 13.2923 10.4153 2.40273 2.65868 2.61502 2.70429 2.70429 2.61502 2.65868 2.40273 2.22281 2.58154 2.5955 2.54977 2.57759 2.64344 2.58245 2.223 1.56907 2.01898 1.38224 1.05096 1.05096 1.38224 2.01898 1.56907 1.05224 1.00316 1.00001 1 1 1.00002 1.00329 
1.30638 1.04186 1.00357 1.00001 1.00002 1.00362 1.04226 1.30692 2.15559 1.31789 1.03723 1.00225 1.00226 1.03766 1.31848 2.1561 4.42147 5.67683 5.72795 5.52523 5.55348 5.77031 5.72325 4.45635 1.16916 1.19278 1.19915 1.24217 1.24217 1.19915 1.19278 1.16916 1.14051 1.18449 1.16797 1.16891 1.17242 1.1747 1.1845 1.14052 1.0507 1.1239 1.03369 1.00256 1.00256 1.03369 1.1239 1.0507 1.00423 1.00007 0.999878 0.999909 0.999909 0.999877 1.00006 
1.03146 1.0032 1.00014 0.999955 0.999954 1.00015 1.00322 1.03157 1.15924 1.0285 1.00183 0.999873 0.999875 1.00186 1.02868 1.16013 1.81439 2.1854 2.12477 2.00131 2.0122 2.14125 2.20383 1.8265 1.01387 1.01408 1.01587 1.02013 1.02013 1.01587 1.01408 1.01387 1.00548 1.00655 1.00123 1.00263 1.00316 1.0022 1.00656 1.00548 1.00213 1.00681 1.00122 0.99993 0.99993 1.00122 1.00681 1.00213 1.00023 0.999958 0.999996 1 1 0.999996 0.999958 
1.00192 1.00006 0.999937 0.999994 0.999994 0.999937 1.00007 1.00193 1.01165 1.00095 0.999878 0.99997 0.999969 0.999879 1.00096 1.01174 1.1418 1.23008 1.20631 1.16153 1.16416 1.21051 1.23475 1.14458 1.00152 1.00173 1.00181 1.00179 1.00179 1.00181 1.00173 1.00152 0.999969 0.999381 0.998641 0.999189 0.999241 0.998734 0.999381 0.99997 0.999998 0.999946 0.999931 0.999978 0.999978 0.999931 0.999946 0.999998 1.00006 0.999993 1 1 1 1 0.999993 
1.00193 1.00007 0.999937 0.999994 0.999994 0.999937 1.00007 1.00193 1.01165 1.00095 0.999878 0.99997 0.99997 0.999878 1.00095 1.01165 1.14458 1.23475 1.21051 1.16416 1.16413 1.21056 1.2348 1.1446 1.00152 1.00173 1.00181 1.00179 1.00179 1.00181 1.00173 1.00152 0.999943 0.999316 0.998641 0.999189 0.999189 0.998641 0.999381 0.999969 1 0.99995 0.999931 0.999979 0.999979 0.999931 0.999949 1 1.00006 0.999993 1 1 1 1 0.999993 
1.03157 1.00322 1.00015 0.999954 0.999954 1.00015 1.00322 1.03157 1.15924 1.0285 1.00183 0.999873 0.999873 1.00183 1.0285 1.15924 1.8265 2.20383 2.14125 2.0122 2.01202 2.14168 2.20433 1.82672 1.01386 1.01408 1.01587 1.02013 1.02013 1.01587 1.01408 1.01387 1.00516 1.00577 1.00123 1.00263 1.00263 1.00123 1.00655 1.00548 1.00217 1.00675 1.0012 0.999927 0.999927 1.0012 1.00678 1.00217 1.00023 0.999958 0.999996 1 1 0.999996 0.999958 
1.30692 1.04226 1.00362 1.00002 1.00002 1.00362 1.04226 1.30692 2.15559 1.31789 1.03723 1.00225 1.00225 1.03723 1.31789 2.15559 4.45635 5.72325 5.77031 5.55348 5.56207 5.78088 5.73448 4.46402 1.16769 1.19083 1.19727 1.24053 1.24217 1.19915 1.19278 1.16916 1.13755 1.17795 1.16738 1.16854 1.16891 1.16797 1.18449 1.14051 1.04993 1.12221 1.03312 1.00251 1.00251 1.03312 1.12326 1.04993 1.00423 1.00007 0.999878 0.999909 0.999909 0.999878 1.00007 
2.59314 1.28499 1.03185 1.00186 1.00186 1.03185 1.28499 2.59314 5.05266 2.56307 1.29711 1.03156 1.03156 1.29711 2.56307 5.05266 10.4153 13.2923 14.2259 14.3545 14.2335 14.0951 13.167 10.3248 2.38736 2.63875 2.59507 2.68244 2.70429 2.61502 2.65868 2.40273 2.19198 2.5328 2.59146 2.54266 2.54977 2.5955 2.58154 2.22281 1.51931 1.99509 1.36559 1.04815 1.04815 1.36559 1.99501 1.51931 1.05224 1.00316 1.00001 1 1 1.00001 1.00316 
1.35238 1.04652 1.00403 1.00025 1.00025 1.00403 1.04652 1.35238 2.29598 1.37865 1.04739 1.00378 1.00378 1.04739 1.37865 2.29598 3.42952 4.18733 4.55203 4.78471 4.78471 4.55203 4.18733 3.42952 1.31453 1.42273 1.39414 1.27625 1.27625 1.39414 1.42273 1.31453 1.22714 1.38948 1.40654 1.31714 1.31714 1.40654 1.38948 1.22714 1.05176 1.13186 1.03516 1.00349 1.00349 1.03516 1.1309 1.05176 1.00403 1.00023 1.00004 1.00009 1.00009 1.00004 1.00023 
1.04862 1.00478 1.00029 0.999945 0.999945 1.00029 1.00478 1.04862 1.2151 1.04506 1.00366 1.00008 1.00008 1.00366 1.04506 1.2151 1.56805 1.78602 1.83022 1.84262 1.84262 1.83022 1.78602 1.56805 1.03336 1.0508 1.04477 1.02414 1.02414 1.04477 1.0508 1.03336 1.01999 1.0461 1.05242 1.03365 1.03365 1.05242 1.0461 1.01999 1.00278 1.00809 1.00139 0.999996 0.999996 1.00139 1.00796 1.00278 1.0003 0.999978 0.999992 0.999996 0.999996 0.999992 0.999978 
1.00414 1.00029 0.999937 0.999988 0.999988 0.999937 1.00029 1.00414 1.02127 1.00306 1.00008 0.99993 0.99993 1.00008 1.00306 1.02127 1.06904 1.10131 1.10034 1.10323 1.10323 1.10034 1.10131 1.06904 1.00166 1.00271 1.0023 1.00095 1.00095 1.0023 1.00271 1.00166 1.00099 1.00273 1.00369 1.00213 1.00213 1.00369 1.00273 1.00099 1.00007 1.00014 0.99996 0.999964 0.999964 0.99996 1.00013 1.00007 1.00005 0.999992 1 1 1 1 0.999992 
1.00027 0.999945 0.999988 1 1 0.999988 0.999945 1.00027 1.00106 0.999988 0.999961 0.999995 0.999995 0.999961 0.999988 1.00106 1.0055 1.0083 1.00742 1.00743 1.00743 1.00742 1.0083 1.0055 1.00012 0.999986 1.00006 1 1 1.00006 0.999986 1.00012 1.00007 0.999966 1.00011 1.00005 1.00005 1.00011 0.999966 1.00007 0.999993 0.999855 0.999984 1 1 0.999984 0.999855 0.999993 1.00009 0.999996 1 1 1 1 0.999996 
0 0 0 0 1 0.999988 0.999945 1.00027 1.00106 0.999988 0.999961 0.999995 0.999995 0.999961 0.999988 1.00106 1.0055 1.0083 1.00742 1.00743 1.00727 1.00725 1.00811 1.00539 1.00012 0.99998 1.00005 0.999999 1 1.00006 0.999986 1.00012 1.00007 0.999959 1.00011 1.00005 1.00005 1.00011 0.999966 1.00007 0.999994 0.999855 0.999984 1 1 0.999984 0.999855 0.999993 1.00009 0.999996 1 1 0 0 0 
0 0 0 0 0.999988 0.999937 1.00029 1.00414 1.02127 1.00306 1.00008 0.99993 0.99993 1.00008 1.00306 1.02127 1.06904 1.10131 1.10034 1.10323 1.10179 1.09871 1.09963 1.06803 1.00168 1.00263 1.00223 1.00092 1.00095 1.0023 1.00271 1.00166 1.00096 1.00261 1.00368 1.00213 1.00213 1.00369 1.00273 1.00099 1.00006 1.00013 0.999957 0.999964 0.999964 0.99996 1.00014 1.00007 1.00005 0.999992 1 1 0 0 0 
0 0 0 0 0.999945 1.00029 1.00478 1.04862 1.2151 1.04506 1.00366 1.00008 1.00008 1.00366 1.04506 1.21511 1.56805 1.78602 1.83022 1.84262 1.8365 1.82433 1.78089 1.56469 1.03338 1.04976 1.04384 1.02371 1.02414 1.04477 1.0508 1.03336 1.01956 1.0448 1.05241 1.03365 1.03365 1.05242 1.0461 1.01999 1.00275 1.00796 1.00137 0.999993 0.999996 1.00139 1.00809 1.00278 1.0003 0.999978 0.999992 0.999996 0 0 0 
