0 0 0 0 1.00005 1.00069 1.00559 1.03721 1.23231 1.0375 1.00294 1.00012 1.00012 1.00295 1.03766 1.23585 2.3864 2.60696 2.01667 1.51372 1.5114 2.01082 2.60037 2.38133 2.52091 4.82925 7.78735 9.64178 9.64053 7.79125 4.82514 2.5121 1.13408 1.0586 1.06317 1.09526 1.09264 1.05916 1.05444 1.1265 1.18261 1.14041 1.03837 1.00534 1.00541 1.03899 1.14259 1.18668 1.07686 1.00809 1.00065 1.00004 0 0 0 
0 0 0 0 0.999976 0.999995 1.00064 1.00436 1.02658 1.00365 1.00017 0.999927 0.999927 1.00017 1.00364 1.02699 1.23865 1.26021 1.13205 1.04625 1.04604 1.13108 1.25865 1.2379 1.4563 3.16026 5.31538 5.92315 5.89095 5.28998 3.13872 1.45124 0.994641 0.981152 0.971978 0.981624 0.981574 0.971836 0.981012 0.99386 1.01746 1.01114 1.00199 1.00002 1.00003 1.00203 1.01141 1.01797 1.00843 1.0007 0.999967 0.999983 0 0 0 
0 0 0 0 0.999998 0.999979 0.999987 1.00043 1.00164 1.00006 0.999958 0.999987 0.999987 0.999958 1.00006 1.00167 1.02338 1.02343 1.00886 1.00192 1.00191 1.00874 1.02318 1.02333 1.10803 1.85778 3.13068 2.89641 2.87102 3.08846 1.84032 1.10636 0.996752 0.995417 0.992732 0.994828 0.994794 0.99263 0.995348 0.996571 1.00089 1.00036 0.99999 0.99995 0.99995 0.999995 1.00038 1.00093 1.00071 0.99997 0.999984 1 0 0 0 
0 0 0 0 1 0.999998 0.999977 1.00004 0.999946 0.999834 0.99999 1 1 0.99999 0.999834 0.999947 1.00112 1.00072 1.00008 0.999911 0.99991 1.00007 1.0007 1.00112 1.0173 1.22066 1.73362 1.59602 1.58738 1.71673 1.21593 1.017 0.999878 0.999499 0.999343 0.999496 0.999486 0.99933 0.999491 0.999858 1.00004 0.999857 0.999977 0.999998 0.999998 0.999976 0.999858 1.00005 1.00005 0.999982 1 1 0 0 0 
1.00004 0.999977 0.999998 1 1 0.999998 0.999977 1.00004 0.999946 0.999834 0.99999 1 1 0.99999 0.999834 0.999946 1.00112 1.0007 1.00007 0.99991 0.99991 1.00007 1.0007 1.00112 1.0173 1.22066 1.73362 1.59602 1.59602 1.73362 1.22066 1.0173 0.999858 0.999491 0.99933 0.999486 0.999486 0.99933 0.999491 0.999858 1.00005 0.999858 0.999976 0.999998 0.999998 0.999977 0.999857 1.00004 1.00005 0.999982 1 1 1 1 0.999982 
1.00043 0.999987 0.999979 0.999998 0.999998 0.999979 0.999987 1.00043 1.00164 1.00006 0.999958 0.999987 0.999987 0.999958 1.00006 1.00164 1.02333 1.02318 1.00874 1.00191 1.00191 1.00874 1.02318 1.02333 1.10803 1.85778 3.13068 2.89641 2.89641 3.13068 1.85778 1.10803 0.996571 0.995348 0.99263 0.994794 0.994794 0.99263 0.995348 0.996571 1.00093 1.00038 0.999995 0.99995 0.99995 0.99999 1.00036 1.00089 1.00071 0.99997 0.999984 1 1 0.999984 0.99997 
1.00436 1.00064 0.999995 0.999976 0.999976 0.999995 1.00064 1.00436 1.02658 1.00365 1.00017 0.999927 0.999927 1.00017 1.00365 1.02658 1.2379 1.25865 1.13108 1.04604 1.04604 1.13108 1.25865 1.2379 1.4563 3.16026 5.31538 5.92315 5.92315 5.31538 3.16026 1.4563 0.99386 0.981012 0.971836 0.981574 0.981574 0.971836 0.981012 0.99386 1.01797 1.01141 1.00203 1.00003 1.00002 1.00199 1.01114 1.01746 1.00843 1.0007 0.999967 0.999983 0.999983 0.999967 1.0007 
1.03721 1.00559 1.00069 1.00005 1.00005 1.00069 1.00559 1.03721 1.23231 1.0375 1.00294 1.00012 1.00012 1.00294 1.0375 1.23231 2.38133 2.60037 2.01082 1.5114 1.5114 2.01082 2.60037 2.38133 2.52091 4.82925 7.78735 9.64178 9.64178 7.78735 4.82925 2.52091 1.1265 1.05444 1.05916 1.09264 1.09264 1.05916 1.05444 1.1265 1.18668 1.14259 1.03899 1.00541 1.00534 1.03837 1.14041 1.18261 1.07686 1.00809 1.00065 1.00004 1.00004 1.00065 1.00809 
1.2901 1.03714 1.00286 1.00015 1.00015 1.00286 1.03714 1.2901 2.15037 1.26869 1.02933 1.00196 1.00196 1.02933 1.26869 2.15037 5.38792 6.21315 5.13454 3.95204 3.95204 5.13454 6.21315 5.38792 4.66187 7.45973 10.2839 12.9831 12.9047 10.2267 7.39111 4.59194 2.61976 2.25233 2.4111 2.4796 2.4796 2.4111 2.25233 2.61976 1.88149 1.80256 1.31711 1.07107 1.07539 1.33331 1.83177 1.90481 1.2796 1.02173 0.999569 0.999785 0.999788 0.999598 1.02148 
1.05247 1.00494 1.00022 0.999855 0.999855 1.00022 1.00494 1.05247 1.24608 1.03678 1.00218 0.999819 0.999819 1.00218 1.03678 1.24608 2.37142 2.56433 2.04437 1.52718 1.52718 2.04437 2.56433 2.37142 2.98973 5.05543 6.69973 8.11281 8.07205 6.62764 5.06237 2.99943 1.4727 1.31169 1.30431 1.28454 1.28454 1.30431 1.31169 1.4727 1.12452 1.11534 1.03475 1.00511 1.0054 1.03653 1.11757 1.12833 1.01127 0.998338 0.999589 0.999899 0.999899 0.999589 0.99832 
1.00426 1.00021 0.999958 0.999992 0.999992 0.999958 1.00021 1.00426 1.02782 1.00223 0.999863 0.999957 0.999957 0.999863 1.00223 1.02782 1.26449 1.27909 1.15383 1.04986 1.04986 1.15383 1.27909 1.26449 1.92285 3.61289 4.64034 4.56001 4.66134 4.74623 3.66168 1.95362 1.08831 1.05062 1.04373 1.0351 1.0351 1.04373 1.05062 1.08831 1.00794 1.00756 1.00142 0.999979 1 1.00151 1.00774 1.00838 0.998626 0.999686 1.00003 1 1 1.00003 0.999687 
1.00032 0.999936 0.999988 1 1 0.999988 0.999936 1.00032 1.00188 0.999835 0.99996 1 1 0.99996 0.999835 1.00188 1.03299 1.03254 1.01419 1.00227 1.00227 1.01419 1.03254 1.03299 1.24194 2.38352 3.3373 2.64047 2.72497 3.59747 2.44703 1.25276 1.0104 1.00606 1.00508 1.00347 1.00347 1.00508 1.00606 1.0104 1.00006 0.999842 0.999897 0.999954 0.999953 0.999903 0.999852 1.0001 1.00004 1.00005 1.00001 1 1 1.00001 1.00005 
1.00032 0.999936 0.999988 1 1 0.999988 0.999936 1.00032 1.00188 0.999835 0.99996 1 1 0.99996 0.999832 1.00187 1.03223 1.03175 1.01374 1.00218 1.00218 1.01374 1.03254 1.03299 1.25276 2.44703 3.59747 2.72497 2.72497 3.59747 2.44703 1.25276 1.0104 1.00607 1.00508 1.00347 1.00347 1.00507 1.00593 1.01071 1.0001 0.999852 0.999903 0.999953 0.999954 0.999897 0.999842 1.00006 1.00004 1.00005 1.00001 1 1 1.00001 1.00005 
1.00425 1.00021 0.999958 0.999993 0.999992 0.999958 1.00021 1.00426 1.02782 1.00223 0.999863 0.999957 0.999956 0.999867 1.00223 1.02768 1.26072 1.27552 1.1511 1.04905 1.04905 1.1511 1.27909 1.26449 1.95362 3.66168 4.74623 4.66134 4.66134 4.74623 3.66168 1.95362 1.08831 1.05064 1.04374 1.03513 1.03514 1.04376 1.04981 1.08973 1.00838 1.00774 1.00151 1 0.999979 1.00142 1.00756 1.00794 0.998631 0.999687 1.00003 1 1 1.00003 0.999686 
1.05215 1.00487 1.00021 0.999856 0.999855 1.00022 1.00494 1.05247 1.24608 1.03678 1.00218 0.999819 0.999827 1.00222 1.03693 1.24638 2.35336 2.54983 2.03118 1.52294 1.52294 2.03118 2.56433 2.37142 2.99943 5.06237 6.62764 8.07205 8.07205 6.62764 5.06237 2.99943 1.47183 1.31131 1.30395 1.28446 1.28442 1.30385 1.30784 1.47132 1.12833 1.11757 1.03653 1.0054 1.00511 1.03475 1.11534 1.12452 1.01101 0.99832 0.999589 0.999899 0.999899 0.999589 0.998338 
1.29146 1.03715 1.00284 1.00014 1.00015 1.00286 1.03714 1.2901 2.15037 1.26869 1.02933 1.00196 1.00218 1.03101 1.27674 2.18057 5.41275 6.25322 5.22715 4.0428 4.0428 5.22715 6.21315 5.38792 4.59194 7.39111 10.2267 12.9047 12.9047 10.2267 7.39111 4.59194 2.63908 2.26501 2.42681 2.49339 2.49335 2.42651 2.27275 2.64915 1.90481 1.83177 1.33331 1.07539 1.07107 1.31711 1.80256 1.88149 1.27636 1.02148 0.999598 0.999788 0.999785 0.999569 1.02173 
2.69567 1.29627 1.02491 1.00062 1.00069 1.02555 1.30044 2.71839 5.69758 2.7783 1.37292 1.05733 1.05726 1.37233 2.7783 5.69758 12.636 14.9712 13.8427 12.0815 12.0815 13.8427 14.8794 12.515 10.5207 15.2219 18.6733 20.6741 20.6775 18.6789 15.3769 10.654 5.4526 5.38918 6.00763 6.19285 5.9428 5.75389 5.23002 5.30266 4.64928 4.13419 2.61193 1.55442 1.55442 2.61193 4.20313 4.56921 3.90015 1.85628 1.12268 1.00973 1.00973 1.12268 1.85628 
2.67148 1.3032 1.02618 1.00032 1.00045 1.02698 1.30738 2.68962 5.58918 2.91054 1.42253 1.07186 1.07183 1.42216 2.91054 5.58918 11.2384 14.1724 10.9904 7.74131 7.74131 10.9904 14.1759 11.184 7.44939 13.191 18.0153 20.5131 20.513 18.0156 13.1759 7.43542 2.77104 2.29547 2.47381 2.67985 2.68421 2.47005 2.29523 2.77335 2.48893 2.25912 1.54052 1.1293 1.1293 1.54052 2.25844 2.4712 2.26524 1.31408 1.03141 1.00163 1.00163 1.03141 1.31408 
2.21474 1.20298 1.01478 1.0001 1.00017 1.01537 1.2061 2.22845 4.51303 2.39952 1.29083 1.0438 1.04374 1.2902 2.39952 4.51303 9.13359 11.7848 8.05237 4.66614 4.66614 8.05237 11.7838 9.09012 5.48851 11.7225 17.7243 20.3237 20.3238 17.7249 11.7017 5.47416 1.48007 1.11965 1.24048 1.40755 1.4152 1.23705 1.11748 1.47831 1.37719 1.3207 1.09846 1.01508 1.01508 1.09846 1.31976 1.37082 1.32011 1.05565 1.00389 1.00002 1.00002 1.00389 1.05565 
1.70679 1.09511 1.00535 0.999996 1.00001 1.00548 1.09611 1.71249 3.3109 1.70038 1.10539 1.00978 1.00985 1.10616 1.70038 3.3109 7.47403 9.50069 6.10245 2.94572 2.94572 6.10245 9.49821 7.45346 4.69957 12.085 19.1519 21.0501 21.0504 19.1525 12.0721 4.69012 1.22116 0.989157 1.01697 1.06344 1.06764 1.01785 0.987776 1.22179 1.00688 1.0334 1.0083 1.0007 1.0007 1.0083 1.0331 1.00691 1.01423 1.00051 0.999952 1.00003 1.00003 0.999952 1.00051 
1.71249 1.09611 1.00548 1.00001 1.00001 1.00548 1.09611 1.71249 3.28592 1.69612 1.10616 1.00962 1.00964 1.10486 1.70038 3.3109 7.47403 9.50069 6.10245 2.94572 2.91858 6.08041 9.50069 7.47403 4.69012 12.0721 19.1525 21.0504 21.0504 19.1525 12.0721 4.69012 1.21116 0.988408 1.01792 1.06344 1.06344 1.01697 0.989157 1.22116 1.00687 1.0331 1.00835 1.00067 1.0007 1.0083 1.0334 1.0072 1.01423 1.00051 0.999952 1.00003 1.00003 0.999959 1.00056 
2.22845 1.2061 1.01537 1.00017 1.00017 1.01537 1.2061 2.22845 4.46412 2.37754 1.2902 1.04285 1.04283 1.28595 2.39952 4.51303 9.13359 11.7848 8.05237 4.66614 4.60425 8.04425 11.7848 9.13359 5.47416 11.7017 17.7249 20.3238 20.3238 17.7249 11.7017 5.47416 1.46509 1.11629 1.23789 1.40755 1.40755 1.24048 1.11965 1.48007 1.37711 1.31976 1.09915 1.01478 1.01508 1.09846 1.3207 1.37165 1.32011 1.05565 1.00389 1.00002 1.00002 1.0039 1.05577 
2.68962 1.30738 1.02698 1.00045 1.00045 1.02698 1.30738 2.68962 5.52242 2.88325 1.42216 1.07046 1.07045 1.41642 2.91054 5.58918 11.2384 14.1724 10.9904 7.74131 7.66778 11.0211 14.1724 11.2384 7.43542 13.1759 18.0156 20.513 20.513 18.0156 13.1759 7.43542 2.74926 2.28833 2.46664 2.67985 2.67985 2.47381 2.29547 2.77104 2.48717 2.25844 1.54259 1.12716 1.1293 1.54052 2.25912 2.47368 2.26524 1.31408 1.03141 1.00163 1.00162 1.03135 1.3139 
2.71839 1.30044 1.02555 1.00069 1.00069 1.02555 1.30044 2.71839 5.66553 2.76773 1.37233 1.05635 1.05632 1.36863 2.7783 5.69758 12.636 14.9712 13.8427 12.0815 12.293 14.1309 14.9712 12.636 10.654 15.3769 18.6789 20.6775 20.6775 18.6789 15.3769 10.654 5.34659 5.30708 5.91482 6.19285 6.19285 6.00763 5.38918 5.4526 4.73103 4.20313 2.64011 1.56771 1.55442 2.61193 4.13419 4.68951 3.90015 1.85628 1.12268 1.00973 1.00989 1.12448 1.86955 
4.50533 1.71377 1.08117 1.00443 1.00443 1.08117 1.71377 4.50533 9.73916 4.26426 1.68749 1.09669 1.09776 1.69195 4.25226 9.86582 21.9974 26.0371 26.7674 26.6766 26.7888 26.8679 25.9784 22.192 23.4289 26.7451 28.9282 29.859 29.859 28.9329 26.7451 23.4375 20.4337 22.5443 22.5949 22.8839 22.8839 22.6917 21.9101 20.4458 15.4458 13.441 8.35139 4.54319 4.51595 8.28777 13.3125 15.3352 10.9834 4.48006 1.75411 1.10595 1.10595 1.75411 4.46751 
4.95355 1.82014 1.09608 1.00519 1.00519 1.09608 1.82014 4.95355 10.7323 4.644 1.77332 1.1112 1.11232 1.77707 4.62752 10.8775 25.0129 29.4036 31.5416 31.9185 31.9094 31.5312 29.4427 24.7745 26.9594 28.1531 29.8607 31.2742 31.2742 29.8604 28.1531 26.9563 27.3411 29.3625 30.1589 30.3883 30.3883 30.1352 29.2544 27.3578 18.7947 16.0868 10.3395 5.85456 5.88547 10.3747 16.0563 18.8874 12.8785 5.16676 1.96045 1.15155 1.15155 1.96045 5.17954 
5.08046 1.84388 1.09918 1.00547 1.00547 1.09918 1.84388 5.08046 11.1507 4.77727 1.79862 1.1147 1.11582 1.80239 4.76107 11.3096 26.3538 30.9851 33.4134 33.965 33.965 33.4147 31.0144 26.0674 29.3634 29.577 30.7947 32.2125 32.2125 30.7948 29.577 29.3616 30.2923 32.5358 33.4462 33.7027 33.7027 33.4433 32.4273 30.3153 20.8081 17.742 11.3285 6.42216 6.4607 11.3649 17.6772 20.8843 14.2729 5.71998 2.0989 1.17672 1.17672 2.0989 5.7347 
5.05098 1.81392 1.09056 1.00473 1.00473 1.09056 1.81392 5.05098 11.3945 4.81832 1.78854 1.10599 1.10669 1.79033 4.80505 11.56 26.9031 31.5453 33.8983 34.4834 34.4848 33.9022 31.564 26.6488 30.9818 30.9359 31.8691 33.0701 33.0701 31.8689 30.9359 30.9779 31.1162 33.315 34.2908 34.5353 34.5353 34.2912 33.2394 31.154 21.6696 18.4384 11.6314 6.51922 6.54385 11.6547 18.3951 21.7405 14.9829 5.90199 2.10996 1.16762 1.16762 2.10996 5.91097 
5.04679 1.81089 1.09005 1.00468 1.00473 1.09056 1.81392 5.05098 11.56 4.80505 1.79033 1.10669 1.10669 1.79033 4.80505 11.56 26.9031 31.5453 33.8983 34.4834 34.4834 33.8983 31.5453 26.9031 30.9779 30.9365 31.8689 33.0705 33.0701 31.8691 30.9359 30.9818 31.086 33.2591 34.2961 34.5371 34.5401 34.3078 33.3521 31.056 21.6596 18.4127 11.6409 6.53127 6.51922 11.6314 18.4384 21.6696 14.9816 5.91097 2.10996 1.16762 1.1665 2.10654 5.90199 
5.06898 1.83895 1.09836 1.00539 1.00547 1.09918 1.84388 5.08046 11.3096 4.76107 1.80239 1.11582 1.11582 1.80239 4.76107 11.3096 26.3538 30.9851 33.4134 33.965 33.965 33.4134 30.9851 26.3538 29.3616 29.5766 30.7948 32.2128 32.2125 30.7947 29.577 29.3634 30.2432 32.4518 33.4546 33.7071 33.7103 33.4721 32.5961 30.1858 20.7929 17.7005 11.3425 6.44047 6.42216 11.3285 17.742 20.8081 14.2734 5.7347 2.0989 1.17672 1.17508 2.09331 5.71998 
4.94141 1.8152 1.09526 1.00512 1.00519 1.09608 1.82014 4.95355 10.8775 4.62752 1.77707 1.11232 1.11232 1.77707 4.62752 10.8775 25.0129 29.4036 31.5416 31.9185 31.9185 31.5416 29.4036 25.0129 26.9563 28.1532 29.8604 31.2742 31.2742 29.8607 28.1531 26.9594 27.2887 29.2779 30.1464 30.3876 30.3643 30.1267 29.3632 27.212 18.7953 16.0608 10.3512 5.86827 5.85456 10.3395 16.0868 18.7947 12.8795 5.17954 1.96045 1.15155 1.15018 1.95577 5.16676 
4.50186 1.7105 1.08055 1.00437 1.00443 1.08117 1.71377 4.50533 9.86582 4.25226 1.69195 1.09776 1.09776 1.69195 4.25226 9.86582 21.9974 26.0371 26.7674 26.6766 26.6766 26.7674 26.0371 21.9974 23.4375 26.7447 28.9329 29.8619 29.859 28.9282 26.7451 23.4289 20.5228 22.0536 22.8329 23.0206 23.1515 22.9953 22.9423 20.759 15.3842 13.3806 8.3208 4.53043 4.54319 8.35139 13.441 15.4458 10.9322 4.46751 1.75411 1.10595 1.106 1.75529 4.48006 
5.49793 1.90781 1.09949 1.00496 1.00501 1.10018 1.91284 5.51401 12.6195 5.16426 1.88594 1.12101 1.12101 1.88594 5.16426 12.6195 27.3337 30.9763 32.7092 33.2018 33.2018 32.7092 30.9763 27.3337 31.414 33.7791 34.373 34.2196 34.2196 34.373 33.7791 31.414 27.3446 29.9495 30.8861 31.1186 31.0917 30.85 29.9865 27.3406 19.814 16.1753 11.1518 6.8422 6.77466 11.132 16.1533 19.8082 14.0646 6.62476 2.53484 1.35283 1.35662 2.54532 6.62487 
5.36988 1.84622 1.0863 1.00385 1.00387 1.08667 1.84904 5.37452 12.8641 5.04317 1.80464 1.09298 1.09298 1.80464 5.04317 12.8641 28.2196 31.7868 33.4667 34.0723 34.0723 33.4667 31.7868 28.2196 32.4652 34.1415 34.5817 34.6009 34.6009 34.5817 34.1415 32.4652 29.8547 32.1046 33.0557 33.4101 33.4455 33.1078 32.0757 29.8078 22.2369 17.5462 11.8916 7.20734 7.08389 11.8867 17.6092 22.396 15.1124 6.8682 2.54941 1.35502 1.36058 2.5666 6.86851 
5.35392 1.83805 1.08479 1.00385 1.00387 1.08513 1.84063 5.35761 12.947 5.03801 1.79688 1.09077 1.09077 1.79688 5.03801 12.947 28.6432 32.1735 33.8514 34.4742 34.4742 33.8514 32.1735 28.6432 33.0763 34.3041 34.6917 34.7851 34.7851 34.6917 34.3041 33.0763 30.9635 33.2202 34.1508 34.4592 34.4754 34.1794 33.2029 30.9216 23.1732 18.0514 11.9751 7.17028 7.05286 11.9715 18.1171 23.3353 15.6533 6.93331 2.54642 1.34549 1.3508 2.5631 6.93328 
5.34122 1.83392 1.08449 1.00389 1.00391 1.08482 1.83622 5.34398 12.9638 5.03609 1.79397 1.09047 1.09047 1.79397 5.03609 12.9638 28.7932 32.3269 34.0213 34.5844 34.5844 34.0213 32.3269 28.7932 33.4167 34.4025 34.7386 34.8697 34.8697 34.7386 34.4025 33.4167 31.4431 33.6448 34.5347 34.7734 34.7792 34.5463 33.637 31.419 23.8216 18.4866 11.7754 6.82143 6.75097 11.7711 18.5278 23.9464 16.0365 6.83433 2.46609 1.29199 1.29507 2.4765 6.83409 
5.34398 1.83622 1.08482 1.00391 1.00391 1.08482 1.83622 5.34398 12.8739 5.04173 1.7943 1.09049 1.09047 1.79397 5.03609 12.9638 28.7932 32.3269 34.0213 34.5844 34.5715 33.9962 32.31 28.911 33.4175 34.4026 34.7395 34.8699 34.8697 34.7386 34.4025 33.4167 31.419 33.637 34.5327 34.7722 34.7734 34.5347 33.6448 31.4431 23.9464 18.5278 11.7754 6.7288 6.82143 11.7754 18.4866 23.9093 16.0365 6.83433 2.46609 1.29199 1.29199 2.46609 6.83433 
5.35761 1.84063 1.08513 1.00387 1.00387 1.08513 1.84063 5.35761 12.8624 5.04245 1.79716 1.09079 1.09077 1.79688 5.03801 12.947 28.6432 32.1735 33.8514 34.4742 34.4526 33.8147 32.1503 28.7614 33.0774 34.3043 34.6933 34.7855 34.7851 34.6917 34.3041 33.0763 30.9216 33.2029 34.1454 34.4566 34.4592 34.1508 33.2202 30.9635 23.3353 18.1171 11.9751 7.01696 7.17028 11.9751 18.0514 23.2954 15.6533 6.93331 2.54642 1.34549 1.34549 2.54642 6.93331 
5.37452 1.84904 1.08667 1.00387 1.00387 1.08667 1.84904 5.37452 12.7827 5.04622 1.80464 1.09293 1.09298 1.80464 5.04317 12.8641 28.2196 31.7868 33.4667 34.0723 34.0508 33.4315 31.7617 28.3217 32.4658 34.1414 34.5822 34.5987 34.6009 34.5817 34.1415 32.4652 29.8078 32.0757 33.0398 33.3974 33.4101 33.0557 32.1046 29.8547 22.396 17.6092 11.8916 7.04627 7.20734 11.8916 17.5462 22.361 15.1124 6.8682 2.54941 1.35502 1.35502 2.54941 6.8682 
5.51401 1.91284 1.10018 1.00501 1.00501 1.10018 1.91284 5.51401 12.5729 5.17305 1.88518 1.12067 1.12101 1.88594 5.16426 12.6195 27.3337 30.9763 32.7092 33.2018 33.284 32.7746 31.0376 27.5126 31.4162 33.78 34.3773 34.2312 34.2196 34.373 33.7791 31.414 27.3406 29.9865 30.9346 31.1709 31.1186 30.8861 29.9495 27.3446 19.8082 16.1533 11.1518 6.7599 6.8422 11.1518 16.1753 19.848 14.0646 6.62476 2.53484 1.35283 1.35283 2.53484 6.62476 
6.80008 2.48067 1.22869 1.01734 1.01733 1.2286 2.4795 6.78248 13.9822 6.61958 2.5179 1.3527 1.34318 2.48999 6.58853 13.97 28.1553 31.8693 33.7332 34.1751 34.1751 33.7332 31.8588 28.1634 29.9145 32.9934 33.6949 33.3975 33.3615 33.672 32.9569 29.8848 24.3079 29.235 30.4258 30.7395 30.7395 30.4258 29.235 24.3079 12.9684 12.9589 11.2869 9.77935 9.91021 11.2907 12.8301 12.6829 8.82548 5.90095 3.31306 1.83504 1.83503 3.31304 5.90107 
5.93667 2.13299 1.15665 1.01023 1.01013 1.15555 2.12601 5.90172 13.0615 5.86173 2.20756 1.25474 1.24681 2.18413 5.83442 13.0625 28.5932 32.2959 34.128 34.59 34.59 34.128 32.2924 28.5984 31.1734 33.461 34.1064 34.1383 34.1374 34.1023 33.4497 31.18 26.7336 31.7474 33.1549 33.4086 33.4086 33.1549 31.7474 26.7336 13.87 13.4794 12.8508 12.6649 12.8493 12.8436 13.3705 13.6038 10.0368 7.16962 4.12032 2.23442 2.23444 4.12038 7.16965 
5.57584 1.98611 1.1287 1.0078 1.00771 1.12767 1.97956 5.54327 12.7514 5.57572 2.0998 1.22326 1.21598 2.07769 5.54972 12.7521 28.8083 32.5171 34.2923 34.7386 34.7386 34.2923 32.5169 28.8112 32.0178 33.7821 34.3681 34.5331 34.5319 34.3644 33.7729 32.0228 28.1312 32.8335 34.2412 34.5385 34.5385 34.2412 32.8335 28.1312 15.3514 14.3366 13.459 12.7966 12.983 13.461 14.228 15.0763 11.1832 8.04119 4.52368 2.33148 2.3315 4.52386 8.04136 
5.45985 1.92508 1.11004 1.0061 1.00607 1.10958 1.92198 5.44088 12.7537 5.43208 2.01629 1.18458 1.18051 2.0029 5.41764 12.7544 28.9409 32.6292 34.3458 34.7798 34.7798 34.3458 32.6281 28.942 32.554 34.0528 34.5597 34.7431 34.7425 34.5579 34.0484 32.5602 28.9741 33.2064 34.5183 34.7933 34.7933 34.5183 33.2064 28.9741 17.4321 15.3588 13.5506 11.4837 11.6104 13.5559 15.2748 17.2558 12.2712 7.83801 3.80599 1.9645 1.96461 3.806 7.83809 
5.44088 1.92198 1.10958 1.00607 1.00607 1.10958 1.92198 5.44088 12.7537 5.43208 2.01629 1.18458 1.18458 2.01629 5.43208 12.7537 28.942 32.6281 34.3478 34.7809 34.7798 34.3458 32.6292 28.9409 32.5602 34.0484 34.5579 34.7425 34.7425 34.5579 34.0484 32.5602 29.213 33.1951 34.5143 34.7917 34.7868 34.5027 33.1899 29.2884 17.2558 15.2748 13.5559 11.6104 11.6104 13.5559 15.2748 17.2558 12.2712 7.83801 3.80599 1.9645 1.9645 3.80599 7.83801 
5.54327 1.97956 1.12767 1.00771 1.00771 1.12767 1.97956 5.54327 12.7514 5.57572 2.0998 1.22326 1.22326 2.0998 5.57572 12.7514 28.8112 32.5169 34.2943 34.7397 34.7386 34.2923 32.5171 28.8083 32.0228 33.7729 34.3644 34.5319 34.5319 34.3644 33.7729 32.0228 28.4747 32.8503 34.2363 34.5364 34.5289 34.2213 32.8504 28.5619 15.0763 14.228 13.461 12.983 12.983 13.461 14.228 15.0763 11.1832 8.04119 4.52368 2.33148 2.33148 4.52368 8.04119 
5.90172 2.12601 1.15555 1.01013 1.01013 1.15555 2.12601 5.90172 13.0615 5.86173 2.20756 1.25474 1.25474 2.20756 5.86173 13.0615 28.5984 32.2924 34.1281 34.5905 34.59 34.128 32.2959 28.5932 31.18 33.4497 34.1023 34.1374 34.1374 34.1023 33.4497 31.18 27.0909 31.7796 33.1571 33.4172 33.4412 33.1722 31.7755 27.1719 13.6038 13.3705 12.8436 12.8493 12.8493 12.8436 13.3705 13.6038 10.0368 7.16962 4.12032 2.23442 2.23442 4.12032 7.16962 
6.78248 2.4795 1.2286 1.01733 1.01733 1.2286 2.4795 6.78248 13.9822 6.61958 2.5179 1.3527 1.3527 2.5179 6.61958 13.9822 28.1634 31.8588 33.7384 34.1785 34.1751 33.7332 31.8693 28.1553 29.8848 32.9569 33.672 33.3615 33.3615 33.672 32.9569 29.8848 24.3208 28.8821 30.3973 30.7028 30.5192 30.1834 28.7831 24.3552 12.6829 12.8301 11.2907 9.91021 9.91021 11.2907 12.8301 12.6829 8.82548 5.90095 3.31306 1.83504 1.83504 3.31306 5.90095 
9.23285 3.5119 1.49258 1.05241 1.05241 1.49258 3.5119 9.23285 16.7959 8.79265 3.51533 1.71887 1.71887 3.51533 8.79265 16.7959 27.232 31.1193 32.6993 33.133 33.1937 32.7468 31.1193 27.232 22.729 25.6291 26.5356 26.4621 26.4592 26.5333 25.6264 22.7275 17.8466 20.9448 21.9732 22.3222 22.322 21.9695 20.8104 17.7464 11.1475 12.458 8.84379 4.89193 4.89193 8.84379 12.458 11.1475 6.38743 2.94272 1.57922 1.11636 1.11636 1.57922 2.94272 
10.3238 3.89772 1.58802 1.06502 1.06502 1.58802 3.89772 10.3238 18.8284 9.9128 3.96691 1.8955 1.8955 3.96691 9.9128 18.8284 29.0777 32.4158 33.894 34.2626 34.2494 33.8617 32.4158 29.0777 24.9382 27.0829 28.1454 28.8087 28.8088 28.1456 27.0833 24.9401 20.3055 25.7657 28.4102 29.3282 29.2962 28.3598 25.7571 20.3167 11.3156 13.7783 9.49759 4.8871 4.8871 9.49759 13.7783 11.3156 5.68251 2.21123 1.19946 1.02047 1.02047 1.19946 2.21123 
11.0031 4.15335 1.64678 1.07265 1.07265 1.64678 4.15335 11.0031 19.8256 10.4249 4.12903 1.94374 1.94374 4.12903 10.4249 19.8256 30.3747 33.3574 34.4893 34.7641 34.7577 34.467 33.3574 30.3747 26.2204 28.1931 29.4261 30.4626 30.4624 29.4255 28.1928 26.2222 21.6579 28.3696 31.6461 32.7223 32.6985 31.6069 28.3562 21.676 11.2597 14.3056 9.71297 4.94258 4.94258 9.71297 14.3056 11.2597 5.06408 1.86312 1.09836 1.00571 1.00571 1.09836 1.86312 
11.209 4.2056 1.65317 1.07393 1.07393 1.65317 4.2056 11.209 20.17 10.5423 4.11854 1.90347 1.90347 4.11854 10.5423 20.17 30.8999 33.6816 34.6557 34.8778 34.8741 34.6433 33.6816 30.8999 27.2788 29.4385 30.7746 31.9967 31.9964 30.7743 29.4385 27.2807 22.2583 29.5311 32.9017 33.8375 33.8265 32.8834 29.5223 22.2692 11.2985 14.5258 9.80919 4.98156 4.98156 9.80919 14.5258 11.2985 4.90624 1.79292 1.08565 1.00448 1.00448 1.08565 1.79292 
11.2243 4.20579 1.65299 1.07383 1.07393 1.65317 4.2056 11.209 20.17 10.5423 4.11854 1.90347 1.90771 4.12457 10.5105 20.3106 30.91 33.6971 34.6557 34.8778 34.8778 34.6557 33.6971 30.91 27.2807 29.4385 30.7743 31.9964 31.9967 30.7746 29.4385 27.2788 22.2692 29.5223 32.8834 33.8265 33.8265 32.8834 29.5223 22.2692 11.3807 14.527 9.81077 4.98292 4.97788 9.81229 14.527 11.3807 4.90624 1.79292 1.08565 1.00448 1.00446 1.08555 1.79247 
11.0296 4.15603 1.64694 1.07259 1.07265 1.64678 4.15335 11.0031 19.8256 10.4249 4.12903 1.94374 1.95031 4.13969 10.3975 19.9669 30.3737 33.3799 34.4893 34.7641 34.7641 34.4893 33.3799 30.3737 26.2222 28.1928 29.4255 30.4624 30.4626 29.4261 28.1931 26.2204 21.676 28.3562 31.6069 32.6985 32.6985 31.6069 28.3562 21.676 11.3439 14.3091 9.71622 4.94484 4.93796 9.71622 14.3091 11.3439 5.06408 1.86312 1.09836 1.00571 1.00568 1.09814 1.86222 
10.3494 3.90073 1.58838 1.065 1.06502 1.58802 3.89772 10.3238 18.8284 9.9128 3.96691 1.8955 1.90149 3.97732 9.88892 18.965 29.0708 32.4435 33.894 34.2626 34.2626 33.894 32.4435 29.0708 24.9401 27.0833 28.1456 28.8088 28.8087 28.1454 27.0829 24.9382 20.3167 25.7571 28.3598 29.2962 29.2962 28.3598 25.7571 20.3167 11.388 13.7849 9.50189 4.89121 4.87901 9.49882 13.7849 11.388 5.68251 2.21123 1.19946 1.02047 1.02024 1.19823 2.20767 
9.26899 3.5195 1.49393 1.05254 1.05241 1.49258 3.5119 9.23285 16.7959 8.79265 3.51533 1.71887 1.72408 3.52711 8.78246 16.9512 27.1686 31.0952 32.6993 33.133 33.133 32.6993 31.0952 27.1686 22.7275 25.6264 26.5333 26.4592 26.4621 26.5356 25.6291 22.729 17.7464 20.8104 21.9695 22.322 22.322 21.9695 20.8104 17.7464 11.1916 12.4408 8.86208 4.92011 4.84179 8.81402 12.4408 11.1916 6.38743 2.94272 1.57922 1.11636 1.11252 1.56315 2.90746 
8.34438 3.33202 1.49607 1.06545 1.06545 1.49607 3.33202 8.34438 13.9027 7.81386 3.17326 1.56028 1.56028 3.17326 7.78936 13.8026 20.7703 26.4784 28.3565 28.8059 28.8059 28.3565 26.4784 20.7703 9.58149 11.2537 11.613 11.668 11.5161 11.4305 11.0763 9.44993 7.23582 8.33807 7.85292 7.83858 7.74025 7.7377 8.22225 7.1512 4.99266 5.69794 3.88403 1.97605 1.97533 3.85478 5.84411 5.06992 2.48281 1.20295 1.00763 0.999202 0.999202 1.00763 1.20295 
9.7021 3.7865 1.60398 1.08506 1.08506 1.60398 3.7865 9.7021 16.0304 9.28194 3.67903 1.72349 1.72349 3.67903 9.29534 16.0237 21.5349 29.074 31.7329 32.2976 32.2976 31.7329 29.074 21.5349 6.38162 8.06864 7.99853 7.38029 7.38088 7.99915 8.06913 6.38197 3.68117 4.62237 4.52862 4.16102 4.16372 4.53038 4.62459 3.68321 2.11028 2.50114 1.71233 1.14808 1.14781 1.71487 2.48691 2.10529 1.32939 1.03486 1.00085 0.999686 0.999686 1.00085 1.03486 
10.2979 4.00313 1.65222 1.0914 1.0914 1.65222 4.00313 10.2979 16.8734 9.92097 3.89107 1.78557 1.78557 3.89107 9.92169 16.8627 21.7339 30.1405 33.2067 33.8969 33.8969 33.2067 30.1405 21.7339 4.18713 5.66247 5.36017 4.2078 4.20769 5.36038 5.66274 4.18747 1.89489 2.40642 2.38268 2.10555 2.10583 2.38245 2.40624 1.89477 1.18647 1.27972 1.09936 1.01191 1.01186 1.09949 1.27779 1.186 1.05257 1.00521 1.0002 0.999928 0.999928 1.0002 1.00521 
10.4235 4.03821 1.64237 1.08351 1.08351 1.64237 4.03821 10.4235 17.0674 10.0546 3.92485 1.79187 1.79187 3.92485 10.0525 17.0615 21.738 30.4537 33.6047 34.319 34.319 33.6047 30.4537 21.738 2.5807 3.44269 3.18401 2.37716 2.37713 3.18407 3.44279 2.58084 1.41211 1.61857 1.62971 1.52389 1.52395 1.62965 1.61852 1.41209 1.03571 1.02792 1.007 1.00018 1.00018 1.007 1.02788 1.03456 0.996815 0.998967 0.99996 1.00002 1.00002 0.99996 0.998967 
10.4281 4.03735 1.64118 1.08307 1.08351 1.64237 4.03821 10.4235 17.0615 10.0525 3.92629 1.79421 1.79187 3.92485 10.0525 17.0615 21.738 30.4537 33.6047 34.319 34.3206 33.6018 30.416 21.8601 2.58084 3.44279 3.18407 2.37713 2.37716 3.18401 3.44269 2.5807 1.41209 1.61852 1.62965 1.52395 1.52395 1.62965 1.61852 1.41209 1.03456 1.02788 1.007 1.00018 1.00018 1.007 1.02792 1.03571 0.996815 0.998967 0.99996 1.00002 1.00002 0.999962 0.998962 
10.3054 3.9999 1.6501 1.09065 1.0914 1.65222 4.00313 10.2979 16.8627 9.92169 3.89428 1.79036 1.78557 3.89107 9.92169 16.8627 21.7339 30.1405 33.2067 33.8969 33.8997 33.2091 30.1094 21.8313 4.18747 5.66274 5.36038 4.20769 4.2078 5.36017 5.66247 4.18713 1.89477 2.40624 2.38245 2.10583 2.10583 2.38245 2.40624 1.89477 1.186 1.27779 1.09949 1.01186 1.01191 1.09936 1.27972 1.18647 1.05257 1.00521 1.0002 0.999928 0.999928 1.0002 1.00519 
9.70846 3.78287 1.60182 1.08434 1.08506 1.60398 3.7865 9.7021 16.0237 9.29534 3.6848 1.72915 1.72349 3.67903 9.29534 16.0237 21.5349 29.074 31.7329 32.2976 32.3101 31.7425 29.0372 21.6015 6.38197 8.06913 7.99915 7.38088 7.38029 7.99853 8.06864 6.38162 3.68321 4.62459 4.53038 4.16372 4.16372 4.53038 4.62459 3.68321 2.10529 2.48691 1.71487 1.14781 1.14808 1.71233 2.50114 2.11028 1.32939 1.03486 1.00085 0.999686 0.999691 1.00086 1.03475 
8.32267 3.32247 1.49351 1.06484 1.06545 1.49607 3.33202 8.34438 13.8026 7.78936 3.16793 1.56302 1.56028 3.17326 7.78936 13.8026 20.7703 26.4784 28.3565 28.8059 28.7533 28.2088 26.1964 20.5735 9.44993 11.0763 11.4305 11.5161 11.668 11.613 11.2537 9.58149 7.1512 8.22225 7.7377 7.74025 7.74025 7.7377 8.22225 7.1512 5.06992 5.84411 3.85478 1.97533 1.97605 3.88403 5.69794 4.99266 2.48281 1.20295 1.00763 0.999202 0.999306 1.00796 1.20246 
2.79887 1.42373 1.06481 1.00601 1.00602 1.0646 1.42135 2.78132 4.8487 2.68617 1.39638 1.05825 1.0591 1.40112 2.70627 4.93034 10.7564 14.1654 15.5658 15.7502 15.7502 15.5658 14.1654 10.7564 2.76612 3.07205 3.14473 3.36079 3.36079 3.14473 3.07205 2.76612 2.52675 2.89583 3.10624 3.07237 3.07237 3.10624 2.89583 2.52675 1.81201 2.23415 1.5957 1.10998 1.10998 1.5957 2.23415 1.81201 1.11179 1.00974 1.00036 0.999943 0.999945 1.00039 1.01001 
1.46535 1.08998 1.01145 1.0007 1.00072 1.01158 1.0906 1.46582 2.25678 1.42842 1.06965 1.00674 1.00674 1.06997 1.43342 2.28042 4.98707 6.60789 6.72435 6.53293 6.53293 6.72435 6.60789 4.98707 1.29019 1.32233 1.34875 1.44762 1.44762 1.34875 1.32233 1.29019 1.22727 1.27958 1.31279 1.31396 1.31396 1.31279 1.27958 1.22727 1.09804 1.19041 1.06925 1.00843 1.00843 1.06925 1.19041 1.09804 1.01292 1.00092 0.99984 0.999878 0.999878 0.999839 1.00091 
1.06515 1.01003 1.00096 0.999929 0.99993 1.00097 1.0101 1.0653 1.22094 1.0529 1.00546 1.00003 1.00003 1.00549 1.05352 1.22626 2.20544 2.79331 2.7179 2.55356 2.55356 2.7179 2.79331 2.20544 1.02459 1.02335 1.02814 1.04426 1.04426 1.02814 1.02335 1.02459 1.01213 1.01192 1.01386 1.01687 1.01687 1.01386 1.01192 1.01213 1.00602 1.01479 1.00394 1.00007 1.00007 1.00394 1.01479 1.00602 1.00087 0.999942 0.999978 0.999999 0.999999 0.999977 0.999942 
1.00606 1.00065 0.999904 0.999966 0.999966 0.999905 1.00065 1.00607 1.02308 1.00333 0.999938 0.999895 0.999895 0.999939 1.00337 1.02408 1.31215 1.51161 1.45878 1.36505 1.36505 1.45878 1.51161 1.31215 1.00261 1.00248 1.00295 1.00416 1.00416 1.00295 1.00248 1.00261 0.999525 0.998028 0.9975 0.998423 0.998423 0.9975 0.998028 0.999525 1.0001 1.00022 0.999972 0.999924 0.999924 0.999972 1.00022 1.0001 1.00007 0.999975 0.999999 1 1 0.999998 0.999975 
1.00607 1.00065 0.999905 0.999966 0.999966 0.999905 1.00065 1.00607 1.02308 1.00333 0.999938 0.999895 0.999895 0.999938 1.00333 1.02308 1.31215 1.51161 1.45878 1.36505 1.36935 1.46684 1.51181 1.31215 1.00261 1.00248 1.00295 1.00416 1.00416 1.00295 1.00248 1.00261 0.999525 0.998029 0.997688 0.998405 0.998423 0.9975 0.998028 0.999525 1.0001 1.00022 0.999972 0.999924 0.999924 0.999972 1.00023 1.00011 1.00007 0.999975 0.999998 1 1 0.999999 0.999975 
1.0653 1.0101 1.00097 0.99993 0.99993 1.00097 1.0101 1.0653 1.22094 1.0529 1.00546 1.00003 1.00003 1.00546 1.0529 1.22094 2.20544 2.79331 2.7179 2.55356 2.56607 2.74098 2.79461 2.20542 1.02458 1.02335 1.02814 1.04427 1.04426 1.02814 1.02335 1.02459 1.01213 1.01193 1.01541 1.01688 1.01687 1.01386 1.01192 1.01213 1.00602 1.01479 1.00394 1.00007 1.00007 1.00393 1.01475 1.00603 1.00087 0.999942 0.999977 0.999999 0.999999 0.999978 0.999942 
1.46582 1.0906 1.01158 1.00072 1.00072 1.01158 1.0906 1.46582 2.25678 1.42842 1.06965 1.00674 1.00674 1.06965 1.42842 2.25678 4.98707 6.60789 6.72435 6.53293 6.57438 6.78595 6.62078 4.9915 1.28886 1.32062 1.34684 1.44586 1.44762 1.34875 1.32233 1.29019 1.22692 1.27935 1.32579 1.31619 1.31396 1.31279 1.27958 1.22727 1.09804 1.19041 1.06925 1.00843 1.0084 1.06903 1.18914 1.09752 1.0129 1.00091 0.999839 0.999878 0.999878 0.99984 1.00092 
2.78132 1.42135 1.0646 1.00602 1.00602 1.0646 1.42135 2.78132 4.8487 2.68617 1.39638 1.05825 1.05825 1.39638 2.68617 4.8487 10.7564 14.1654 15.5658 15.7502 15.5559 15.3607 14.0632 10.6775 2.75092 3.05144 3.12413 3.33801 3.36079 3.14473 3.07205 2.76612 2.51954 2.88962 3.10023 3.02178 3.07237 3.10624 2.89583 2.52675 1.81201 2.23415 1.5957 1.10998 1.1097 1.59332 2.1612 1.76473 1.11387 1.01001 1.00039 0.999945 0.999943 1.00036 1.00974 
1.53485 1.0971 1.01201 1.00101 1.00101 1.01201 1.0971 1.53485 2.49141 1.5369 1.09547 1.01133 1.01133 1.09547 1.5369 2.49141 3.85937 4.86586 5.34104 5.7446 5.7446 5.34104 4.86586 3.85937 1.53339 1.72431 1.68861 1.50041 1.50041 1.68861 1.72431 1.53339 1.378 1.59888 1.62862 1.51635 1.51635 1.62862 1.59888 1.378 1.10075 1.21444 1.07286 1.01074 1.01069 1.0725 1.2135 1.10109 1.01016 1.00061 1.00004 1.00009 1.00009 1.00004 1.00061 
1.10211 1.0148 1.00137 0.999991 0.999991 1.00137 1.0148 1.10211 1.31847 1.08813 1.01117 1.00082 1.00082 1.01117 1.08813 1.31847 1.87074 2.27279 2.40572 2.41579 2.41579 2.40572 2.27279 1.87074 1.0891 1.13616 1.12281 1.07048 1.07048 1.12281 1.13616 1.0891 1.04808 1.09966 1.10889 1.07357 1.07357 1.10889 1.09966 1.04808 1.00752 1.01891 1.00456 1.00033 1.00032 1.00451 1.01867 1.00748 1.00093 1.00001 0.999981 0.999997 0.999997 0.999981 1.00001 
1.01269 1.00139 0.999973 0.999958 0.999958 0.999973 1.00139 1.01269 1.04321 1.00907 1.00071 0.999879 0.999879 1.00071 1.00907 1.04321 1.15192 1.24344 1.26652 1.26024 1.26024 1.26652 1.24344 1.15192 1.00817 1.01406 1.01226 1.00554 1.00554 1.01226 1.01406 1.00817 1.00338 1.00921 1.01103 1.0062 1.0062 1.01103 1.00921 1.00338 1.00034 1.0008 1.00009 0.999916 0.999915 1.00008 1.00078 1.00034 1.00008 0.999981 1 1 1 1 0.999981 
1.00106 0.999993 0.999958 0.999995 0.999995 0.999958 0.999993 1.00106 1.00327 1.00038 0.99994 0.999972 0.999972 0.99994 1.00038 1.00327 1.01936 1.03393 1.03533 1.03207 1.03207 1.03533 1.03393 1.01936 1.00052 1.00069 1.00067 1.00025 1.00025 1.00067 1.00069 1.00052 1.00019 1.00029 1.00057 1.00024 1.00024 1.00057 1.00029 1.00019 0.999961 0.999844 0.999949 0.999992 0.999992 0.999949 0.999842 0.999961 1.00009 0.999996 1 1 1 1 0.999996 
0 0 0 0 0.999995 0.999958 0.999993 1.00106 1.00327 1.00038 0.99994 0.999972 0.999972 0.999938 1.00037 1.00322 1.01936 1.03393 1.03533 1.03207 1.03155 1.03468 1.03334 1.01905 1.00052 1.00067 1.00065 1.00024 1.00025 1.00067 1.00069 1.00052 1.00019 1.00027 1.00054 1.00023 1.00024 1.00057 1.00029 1.00019 0.999961 0.999842 0.999949 0.999992 0.999992 0.999949 0.999844 0.999961 1.00009 0.999996 1 1 0 0 0 
0 0 0 0 0.999958 0.999973 1.00139 1.01269 1.04321 1.00907 1.00071 0.999879 0.999877 1.00069 1.00892 1.04277 1.15192 1.24344 1.26652 1.26024 1.2572 1.26257 1.24009 1.15012 1.00817 1.01378 1.01201 1.00544 1.00554 1.01226 1.01406 1.00817 1.00338 1.00892 1.01067 1.00604 1.0062 1.01103 1.00921 1.00338 1.00034 1.00078 1.00008 0.999915 0.999916 1.00009 1.0008 1.00034 1.00008 0.999981 1 1 0 0 0 
0 0 0 0 0.999991 1.00137 1.0148 1.10211 1.31847 1.08813 1.01117 1.00082 1.00081 1.01105 1.08723 1.31636 1.87074 2.27279 2.40572 2.41579 2.40645 2.39519 2.26462 1.86597 1.08904 1.13416 1.12098 1.06963 1.07048 1.12281 1.13616 1.0891 1.04808 1.0974 1.10628 1.0723 1.07357 1.10889 1.09966 1.04808 1.00748 1.01867 1.00451 1.00032 1.00033 1.00456 1.01891 1.00752 1.00093 1.00001 0.999981 0.999997 0 0 0 
