0 0 0 0 1.00008 1.00106 1.00816 1.04987 1.29279 1.05134 1.00464 1.00021 1.00021 1.00466 1.05162 1.29705 2.53531 2.77268 2.2179 1.69656 1.69238 2.20948 2.76256 2.5285 2.76815 4.95146 7.73853 9.73196 9.73292 7.7472 4.9522 2.76099 1.18743 1.09871 1.11376 1.15134 1.14874 1.10975 1.09443 1.17975 1.24218 1.18379 1.05665 1.00919 1.0093 1.05755 1.18641 1.2465 1.10876 1.01361 1.0012 1.00006 0 0 0 
0 0 0 0 0.999965 1.00004 1.00102 1.00618 1.03741 1.00567 1.00038 0.999904 0.999904 1.00038 1.00566 1.03796 1.29133 1.31202 1.17779 1.07452 1.07421 1.1766 1.31033 1.29091 1.66186 3.50658 5.5437 6.38128 6.35949 5.53002 3.4933 1.65561 1.00023 0.984388 0.976133 0.987138 0.987144 0.975977 0.984225 0.999105 1.02821 1.01776 1.00373 1.00019 1.0002 1.00381 1.01813 1.0289 1.01423 1.00146 1.00001 0.999971 0 0 0 
0 0 0 0 0.999996 0.999973 1.00002 1.00059 1.00275 1.00024 0.999947 0.999977 0.999977 0.999946 1.00023 1.00279 1.03403 1.03174 1.01413 1.00391 1.00388 1.01396 1.03146 1.03415 1.20484 2.31561 3.73974 3.48315 3.45372 3.70034 2.29234 1.20201 0.996194 0.993715 0.990965 0.994048 0.994016 0.990893 0.99366 0.995871 1.00177 1.00084 1.00007 0.999932 0.999932 1.00008 1.00088 1.00184 1.00129 1.00004 0.999973 0.999997 0 0 0 
0 0 0 0 1 0.999996 0.999968 1.00004 0.99997 0.999804 0.999982 1 1 0.999982 0.999804 0.99997 1.00232 1.00136 1.00031 0.999941 0.999939 1.00029 1.00134 1.00235 1.04256 1.44169 2.22937 1.90333 1.89152 2.20039 1.43259 1.04189 0.999744 0.999224 0.998949 0.999249 0.999238 0.998932 0.999212 0.99969 1.00009 0.999874 0.999959 0.999993 0.999993 0.999958 0.999875 1.00009 1.00009 0.999969 0.999998 1 0 0 0 
1.00004 0.999968 0.999996 1 1 0.999996 0.999968 1.00004 0.99997 0.999804 0.999982 1 1 0.999982 0.999804 0.99997 1.00235 1.00134 1.00029 0.999939 0.999939 1.00029 1.00134 1.00235 1.04256 1.44169 2.22937 1.90333 1.90333 2.22937 1.44169 1.04256 0.99969 0.999212 0.998932 0.999238 0.999238 0.998932 0.999212 0.99969 1.00009 0.999875 0.999958 0.999993 0.999993 0.999959 0.999874 1.00009 1.00009 0.999969 0.999998 1 1 0.999998 0.999969 
1.00059 1.00002 0.999973 0.999996 0.999996 0.999973 1.00002 1.00059 1.00275 1.00024 0.999947 0.999977 0.999977 0.999947 1.00024 1.00275 1.03415 1.03146 1.01396 1.00388 1.00388 1.01396 1.03146 1.03415 1.20484 2.31561 3.73974 3.48315 3.48315 3.73974 2.31561 1.20484 0.995871 0.99366 0.990893 0.994016 0.994016 0.990893 0.99366 0.995871 1.00184 1.00088 1.00008 0.999932 0.999932 1.00007 1.00084 1.00184 1.00129 1.00004 0.999973 0.999997 0.999997 0.999973 1.00004 
1.00618 1.00102 1.00004 0.999965 0.999965 1.00004 1.00102 1.00618 1.03741 1.00567 1.00038 0.999904 0.999904 1.00038 1.00567 1.03741 1.29091 1.31033 1.1766 1.07421 1.07421 1.1766 1.31033 1.29091 1.66186 3.50658 5.5437 6.38128 6.38128 5.5437 3.50658 1.66186 0.999105 0.984225 0.975977 0.987144 0.987144 0.975977 0.984225 0.999105 1.0289 1.01813 1.00381 1.0002 1.00019 1.00373 1.01776 1.0289 1.01423 1.00146 1.00001 0.999971 0.999971 1.00001 1.00146 
1.04987 1.00816 1.00106 1.00008 1.00008 1.00106 1.00816 1.04987 1.29279 1.05134 1.00464 1.00021 1.00021 1.00464 1.05134 1.29279 2.5285 2.76256 2.20948 1.69238 1.69238 2.20948 2.76256 2.5285 2.76815 4.95146 7.73853 9.73196 9.73196 7.73853 4.95146 2.76815 1.17975 1.09443 1.10975 1.14874 1.14874 1.10975 1.09443 1.17975 1.2465 1.18641 1.05755 1.0093 1.00919 1.05665 1.18379 1.2465 1.10876 1.01361 1.0012 1.00006 1.00006 1.0012 1.01361 
1.35997 1.05216 1.00461 1.00022 1.00022 1.00461 1.05216 1.35997 2.1549 1.29422 1.03554 1.00267 1.00267 1.03554 1.29422 2.1549 5.61989 6.34054 5.40204 4.311 4.35238 5.44628 6.3898 5.68156 4.8739 7.50284 10.0101 12.4778 12.4318 9.92427 7.40947 4.79098 2.80505 2.43061 2.6075 2.6821 2.6821 2.6075 2.43061 2.80505 1.95184 1.83843 1.38937 1.1055 1.10658 1.39124 1.83848 1.95327 1.34216 1.0342 0.999736 0.999745 0.999747 0.999775 1.03375 
1.07467 1.00831 1.0005 0.999842 0.999842 1.0005 1.00831 1.07467 1.3043 1.05245 1.00385 0.999841 0.999841 1.00385 1.05245 1.3043 2.60475 2.78943 2.27735 1.72028 1.71964 2.27483 2.78582 2.60624 3.33934 5.16971 6.5668 7.96501 7.98133 6.56337 5.16937 3.33156 1.58624 1.37791 1.36932 1.35094 1.35094 1.36932 1.37791 1.58624 1.15003 1.13564 1.04856 1.00898 1.00906 1.04891 1.13587 1.15024 1.01749 0.997827 0.999317 0.999882 0.999881 0.999316 0.997798 
1.00782 1.00058 0.999947 0.999984 0.999984 0.999947 1.00058 1.00782 1.04091 1.00436 0.999942 0.999921 0.999921 0.999942 1.00436 1.04091 1.36014 1.35516 1.21381 1.08199 1.08204 1.21383 1.35561 1.36334 2.41326 4.01902 5.07086 4.95457 4.97754 5.09264 4.0348 2.42202 1.13906 1.06918 1.05883 1.04843 1.04843 1.05883 1.06918 1.13906 1.01122 1.01039 1.00255 1.00014 1.00014 1.00257 1.01039 1.01121 0.997607 0.999405 1.00003 1.00001 1.00001 1.00003 0.999407 
1.00065 0.999921 0.999973 1 1 0.999973 0.999921 1.00065 1.00355 0.999957 0.999919 0.999999 0.999999 0.999919 0.999957 1.00355 1.05714 1.0498 1.02429 1.00524 1.00524 1.02428 1.04986 1.05783 1.5326 3.1266 4.45573 3.19426 3.21808 4.51525 3.16522 1.54136 1.02215 1.00923 1.00735 1.00517 1.00517 1.00735 1.00923 1.02215 1.00018 0.999909 0.999878 0.999921 0.999921 0.999879 0.99991 1.00018 0.999875 1.00006 1.00001 1 1 1.00001 1.00006 
1.00065 0.99992 0.999973 1 1 0.999973 0.999921 1.00065 1.00355 0.999957 0.999919 0.999999 0.999999 0.999919 0.999955 1.00355 1.05783 1.04986 1.02428 1.00524 1.00524 1.02428 1.04986 1.05783 1.54136 3.16522 4.51525 3.21808 3.21808 4.51525 3.16522 1.54136 1.02317 1.00906 1.00717 1.00507 1.00507 1.00716 1.00906 1.0232 1.00018 0.99991 0.999879 0.999921 0.999921 0.999878 0.999909 1.00018 0.999875 1.00006 1.00001 1 1 1.00001 1.00006 
1.00781 1.00057 0.999946 0.999984 0.999984 0.999947 1.00058 1.00782 1.04091 1.00436 0.999942 0.999921 0.999921 0.999944 1.00437 1.04091 1.36334 1.35561 1.21383 1.08204 1.08204 1.21383 1.35561 1.36334 2.42202 4.0348 5.09264 4.97754 4.97754 5.09264 4.0348 2.42202 1.14206 1.06831 1.0579 1.04781 1.0478 1.0579 1.0683 1.14212 1.01121 1.01039 1.00257 1.00014 1.00014 1.00255 1.01039 1.01122 0.997612 0.999407 1.00003 1.00001 1.00001 1.00003 0.999405 
1.07434 1.00821 1.00049 0.999841 0.999842 1.0005 1.00831 1.07467 1.3043 1.05245 1.00385 0.999841 0.999846 1.00388 1.05267 1.30393 2.60624 2.78582 2.27483 1.71964 1.71964 2.27483 2.78582 2.60624 3.33156 5.16937 6.56337 7.98133 7.98133 6.56337 5.16937 3.33156 1.58727 1.37456 1.36584 1.3487 1.34865 1.36579 1.37452 1.58732 1.15024 1.13587 1.04891 1.00906 1.00898 1.04856 1.13564 1.15003 1.01717 0.997798 0.999316 0.999881 0.999882 0.999317 0.997827 
1.36204 1.05216 1.00458 1.00021 1.00022 1.00461 1.05216 1.35997 2.1549 1.29422 1.03554 1.00267 1.00282 1.03661 1.30025 2.1696 5.68156 6.3898 5.44628 4.35238 4.35238 5.44628 6.3898 5.68156 4.79098 7.40947 9.92427 12.4318 12.4318 9.92427 7.40947 4.79098 2.81683 2.43908 2.6174 2.69306 2.69249 2.6168 2.43852 2.81602 1.95327 1.83848 1.39124 1.10658 1.1055 1.38937 1.83843 1.95184 1.33854 1.03375 0.999775 0.999747 0.999745 0.999736 1.0342 
2.76306 1.33845 1.03388 1.00107 1.00116 1.03462 1.34282 2.78424 5.72481 2.91459 1.4432 1.07745 1.07753 1.43656 2.88594 5.96076 13.0779 15.3999 14.0391 12.6043 12.6043 14.0391 15.3999 13.0779 10.6217 15.2844 18.3516 20.3046 20.4431 18.519 15.4406 10.7548 5.53012 5.40057 6.05176 6.35095 6.35132 6.05244 5.40155 5.5492 4.8205 4.15893 2.74443 1.68821 1.68821 2.74443 4.15893 4.8205 4.1761 2.05236 1.17363 1.01664 1.01664 1.17363 2.05236 
2.70931 1.33428 1.03403 1.00007 1.00024 1.03492 1.33842 2.72562 5.45053 2.98558 1.49366 1.09413 1.09408 1.4818 2.91179 5.53752 11.0248 13.4187 10.8487 8.05129 8.05129 10.8487 13.4187 11.0248 7.77838 13.653 18.0788 20.2343 20.2518 18.0959 13.6401 7.76296 2.95187 2.46593 2.67483 2.88839 2.89506 2.68524 2.47417 2.97701 2.63913 2.3929 1.64451 1.17361 1.17361 1.64451 2.3929 2.63913 2.5088 1.44347 1.05125 1.00339 1.00339 1.05125 1.44347 
2.2677 1.2298 1.01986 1.00016 1.00026 1.02052 1.23295 2.28038 4.42939 2.46785 1.3437 1.05785 1.05786 1.33493 2.40961 4.47742 9.06684 11.3283 8.09161 4.94474 4.94474 8.09161 11.3283 9.06684 6.01392 12.4721 18.1112 20.3222 20.3397 18.1335 12.4532 5.9966 1.62395 1.1869 1.29567 1.47483 1.47643 1.29824 1.1897 1.64222 1.45263 1.39134 1.13617 1.02361 1.02361 1.13617 1.39134 1.45263 1.43332 1.09706 1.00793 1.00021 1.00021 1.00793 1.09706 
1.80813 1.12443 1.00885 1.00007 1.00008 1.00901 1.12552 1.81335 3.37944 1.8081 1.1399 1.01541 1.01528 1.13625 1.77606 3.39834 7.63493 9.45864 6.38958 3.30753 3.30753 6.38958 9.45864 7.63493 5.62054 13.4373 19.7521 21.2997 21.3108 19.7678 13.4266 5.60699 1.33296 1.00371 1.02675 1.08551 1.08475 1.02581 1.00418 1.34858 1.04073 1.05707 1.01498 1.00152 1.00152 1.01498 1.05707 1.04073 1.04973 1.00598 1.00028 0.999998 0.999998 1.00028 1.00598 
1.81335 1.12552 1.00901 1.00008 1.00008 1.00901 1.12552 1.81335 3.37944 1.8081 1.13625 1.01528 1.01541 1.1399 1.8081 3.37944 7.61981 9.42565 6.36616 3.28527 3.30753 6.38958 9.45864 7.63493 5.60699 13.4266 19.7678 21.3108 21.2997 19.7521 13.4373 5.62054 1.34858 1.00418 1.02581 1.08475 1.08361 1.02582 1.00471 1.34666 1.04072 1.05678 1.01488 1.0015 1.00152 1.01498 1.05707 1.04073 1.04973 1.00598 1.00028 0.999998 0.999998 1.00029 1.00604 
2.28038 1.23295 1.02052 1.00026 1.00026 1.02052 1.23295 2.28038 4.42939 2.46785 1.33493 1.05786 1.05785 1.3437 2.46785 4.42939 9.1097 11.3307 8.07978 4.89834 4.94474 8.09161 11.3283 9.06684 5.9966 12.4532 18.1335 20.3397 20.3222 18.1112 12.4721 6.01392 1.64222 1.1897 1.29824 1.47643 1.4736 1.29826 1.19085 1.64022 1.45264 1.39049 1.13562 1.02341 1.02361 1.13617 1.39134 1.45263 1.43332 1.09706 1.00793 1.00021 1.00021 1.00794 1.09725 
2.72562 1.33842 1.03492 1.00024 1.00024 1.03492 1.33842 2.72562 5.45053 2.98558 1.4818 1.09408 1.09413 1.49366 2.98558 5.45053 11.1004 13.4417 10.8659 7.99535 8.05129 10.8487 13.4187 11.0248 7.76296 13.6401 18.0959 20.2518 20.2343 18.0788 13.653 7.77838 2.97701 2.47417 2.68524 2.89506 2.89058 2.68146 2.47244 2.97237 2.63751 2.39258 1.64162 1.17228 1.17361 1.64451 2.3929 2.63913 2.5088 1.44347 1.05125 1.00339 1.00338 1.05119 1.44339 
2.78424 1.34282 1.03462 1.00116 1.00116 1.03462 1.34282 2.78424 5.72481 2.91459 1.43656 1.07753 1.07745 1.4432 2.91459 5.72481 13.251 15.6063 14.2686 12.7798 12.6043 14.0391 15.3999 13.0779 10.7548 15.4406 18.519 20.4431 20.3046 18.3516 15.2844 10.6217 5.5492 5.40155 6.05244 6.35132 6.43433 6.14167 5.48796 5.63781 4.9009 4.22804 2.77051 1.69548 1.68821 2.74443 4.15893 4.8205 4.1761 2.05236 1.17363 1.01664 1.01688 1.17592 2.06765 
4.78256 1.8412 1.1115 1.00758 1.00758 1.1115 1.8412 4.78256 10.4211 4.50598 1.81641 1.13544 1.13415 1.81158 4.4886 10.394 21.9381 25.5137 26.6236 26.6474 26.8366 26.7897 25.5137 21.9381 23.0977 26.382 28.4268 29.2967 29.2967 28.4268 26.382 23.0977 20.3232 21.4491 22.0744 22.4342 22.4293 22.0686 21.4425 20.3516 15.1278 12.9936 8.38144 4.96442 4.88707 8.30953 12.9843 15.1545 11.2489 4.90383 1.91138 1.14929 1.14929 1.91138 4.90383 
5.26868 1.96671 1.13201 1.00908 1.00908 1.13201 1.96671 5.26868 11.5149 4.91247 1.91681 1.15579 1.15445 1.9126 4.90072 11.5146 24.578 28.8751 31.1131 31.5732 31.5606 31.0937 28.8751 24.578 26.4384 27.7786 29.3621 30.6947 30.6947 29.3621 27.7786 26.4384 26.4581 28.6914 29.6569 29.9619 29.9513 29.6377 28.6651 26.4759 18.0274 15.3716 10.1851 6.17141 6.23304 10.1949 15.394 18.1193 12.7375 5.38598 2.07506 1.19453 1.19453 2.07506 5.38598 
5.43477 1.99813 1.13651 1.0095 1.0095 1.13651 1.99813 5.43477 12.0519 5.08052 1.95003 1.16065 1.15931 1.94598 5.06942 12.0512 25.9747 30.5375 33.1163 33.7473 33.7522 33.1178 30.5375 25.9747 28.4891 28.6511 29.9307 31.4782 31.4782 29.9307 28.6511 28.4891 29.4534 31.9942 33.1221 33.4477 33.4433 33.114 31.9794 29.4773 20.015 17.0161 11.2148 6.7924 6.87981 11.2267 17.0381 20.1192 14.0679 5.93709 2.23367 1.22901 1.22901 2.23367 5.93709 
5.43824 1.9724 1.12558 1.00821 1.00821 1.12558 1.9724 5.43824 12.3387 5.1345 1.93814 1.14789 1.14712 1.93633 5.12983 12.3382 26.61 31.1228 33.6659 34.3227 34.3256 33.6683 31.1228 26.61 29.8927 29.6254 30.7086 32.187 32.187 30.7086 29.6254 29.8927 30.4373 32.9029 34.0715 34.3726 34.3713 34.0689 32.8911 30.4742 20.99 17.8156 11.5755 6.94408 6.99189 11.5798 17.8268 21.081 14.9246 6.24659 2.27898 1.22261 1.22261 2.27898 6.24659 
5.43365 1.96981 1.12502 1.00814 1.00821 1.12558 1.9724 5.43824 12.3382 5.12983 1.93814 1.14789 1.14789 1.93814 5.1345 12.3387 26.61 31.1228 33.6683 34.3256 34.3256 33.6683 31.1343 26.595 29.8849 29.6203 30.7036 32.1988 32.187 30.7086 29.6254 29.8927 30.4454 32.9114 34.0795 34.3757 34.3734 34.0741 32.9021 30.4621 21.0746 17.8645 11.5755 6.94408 6.94408 11.5755 17.8645 21.0746 14.9246 6.24659 2.27898 1.22261 1.22262 2.27901 6.2465 
5.42341 1.99342 1.13553 1.00938 1.0095 1.13651 1.99813 5.43477 12.0512 5.06942 1.95003 1.16065 1.16065 1.95003 5.08052 12.0519 25.9747 30.5375 33.1178 33.7522 33.7522 33.1178 30.5506 25.9426 28.4799 28.6342 29.9286 31.4994 31.4782 29.9307 28.6511 28.4891 29.4226 32.0139 33.1332 33.4502 33.4465 33.1232 31.9978 29.4537 20.115 17.1091 11.2148 6.7924 6.7924 11.2148 17.1091 20.115 14.0679 5.93709 2.23367 1.22901 1.22903 2.23389 5.93707 
5.25647 1.96191 1.13103 1.00896 1.00908 1.13201 1.96671 5.26868 11.5146 4.90072 1.91681 1.15579 1.15579 1.91681 4.91247 11.5149 24.578 28.8751 31.0937 31.5606 31.5606 31.0937 28.8871 24.5438 26.4238 27.7558 29.3733 30.7142 30.6947 29.3621 27.7786 26.4384 26.4028 28.6699 29.6261 29.9309 29.9349 29.624 28.66 26.439 18.1044 15.4421 10.1851 6.17141 6.17141 10.1851 15.4421 18.1044 12.7375 5.38598 2.07506 1.19453 1.19453 2.07519 5.38587 
4.77995 1.83825 1.11079 1.00748 1.00758 1.1115 1.8412 4.78256 10.394 4.4886 1.81641 1.13544 1.13544 1.81641 4.50598 10.4211 21.9381 25.5137 26.7897 26.8366 26.8366 26.7897 25.5293 21.9342 23.2122 26.5358 28.5722 29.4106 29.2967 28.4268 26.382 23.0977 20.5418 21.7082 22.3339 22.6857 22.5621 22.2052 21.5822 20.4536 15.2109 13.0901 8.38144 4.96442 4.96442 8.38144 13.0901 15.2109 11.2489 4.90383 1.91138 1.14929 1.1493 1.91136 4.90389 
5.90112 2.10508 1.14589 1.00948 1.00958 1.14693 2.10508 5.90112 12.9329 5.54379 2.06999 1.17669 1.17669 2.06999 5.53573 13.0093 26.6706 30.3662 32.1206 32.6257 32.6262 32.1206 30.313 26.528 30.8942 33.5221 34.206 34.0236 34.0236 34.2064 33.5459 30.8954 26.4236 29.5091 30.4663 30.8053 30.6212 30.276 29.3635 26.546 18.8701 15.3264 11.0965 7.17502 7.17502 11.0965 15.3264 18.8701 13.7313 7.23599 2.88989 1.51962 1.52467 2.90261 7.27736 
5.82975 2.04364 1.12866 1.00753 1.00758 1.12933 2.04364 5.82975 13.2504 5.44811 1.98058 1.13562 1.13562 1.98058 5.44127 13.3346 27.8507 31.4939 33.3206 33.9452 33.9474 33.3231 31.4995 27.7393 32.044 33.9482 34.4813 34.4848 34.4848 34.4814 33.9593 32.0427 28.9337 31.495 32.5293 32.9521 33.0237 32.6315 31.633 29.159 21.2773 16.5965 11.9178 7.52739 7.52739 11.9178 16.5965 21.2773 14.5851 7.52656 2.89131 1.51649 1.5242 2.9126 7.58319 
5.8204 2.03256 1.12585 1.00737 1.00742 1.12644 2.03256 5.8204 13.3732 5.452 1.96963 1.13102 1.13102 1.96963 5.44509 13.4602 28.3867 31.9672 33.7699 34.4064 34.4056 33.768 31.9709 28.264 32.7082 34.1156 34.5957 34.7019 34.7019 34.5958 34.1254 32.7074 30.2364 32.8314 33.8663 34.2414 34.2699 33.9193 32.9204 30.4209 22.4126 17.251 12.026 7.52197 7.52197 12.026 17.251 22.4126 15.1688 7.57867 2.87902 1.49841 1.50569 2.89942 7.63453 
5.80737 2.026 1.12429 1.00733 1.00738 1.12481 2.026 5.80737 13.3972 5.45165 1.96579 1.13045 1.13045 1.96579 5.44432 13.4835 28.5855 32.1389 33.9278 34.5104 34.5098 33.9263 32.1367 28.4767 33.091 34.1899 34.6211 34.7987 34.7987 34.6212 34.1951 33.0904 30.8589 33.3735 34.3612 34.6601 34.6713 34.3843 33.4117 30.9906 23.2392 17.822 11.7788 7.30119 7.30119 11.7788 17.822 23.2392 15.6645 7.39936 2.76469 1.4181 1.4221 2.77686 7.43726 
5.80935 2.02893 1.12481 1.00738 1.00738 1.12481 2.026 5.80737 13.4835 5.45165 1.96579 1.13045 1.13022 1.96549 5.45165 13.3972 28.4767 32.1367 33.9278 34.5104 34.5104 33.9278 32.1367 28.4767 33.0904 34.1951 34.6212 34.7987 34.7987 34.6211 34.1899 33.091 30.9367 33.3967 34.3843 34.6713 34.6601 34.3612 33.3735 30.8589 23.2103 17.8724 11.7492 7.27367 7.29259 11.7778 17.8955 23.272 15.6645 7.39936 2.76469 1.4181 1.4181 2.76469 7.39936 
5.82338 2.03609 1.12644 1.00742 1.00742 1.12644 2.03256 5.8204 13.4602 5.452 1.96963 1.13102 1.13075 1.96913 5.452 13.3732 28.264 31.9709 33.7699 34.4064 34.4064 33.7699 31.9709 28.264 32.7074 34.1254 34.5958 34.7019 34.7019 34.5957 34.1156 32.7082 30.3459 32.8839 33.9193 34.2699 34.2414 33.8663 32.8314 30.2364 22.4038 17.3294 11.9856 7.4785 7.51135 12.0271 17.3862 22.45 15.1688 7.57867 2.87902 1.49841 1.49841 2.87902 7.57867 
5.83386 2.04755 1.12933 1.00758 1.00758 1.12933 2.04364 5.82975 13.3346 5.44811 1.98058 1.13562 1.13512 1.97941 5.44811 13.2504 27.7393 31.4995 33.3206 33.9452 33.9452 33.3206 31.4995 27.7393 32.0427 33.9593 34.4814 34.4847 34.4848 34.4813 33.9482 32.044 29.0685 31.5759 32.6315 33.0237 32.9521 32.5293 31.495 28.9337 21.279 16.6822 11.8834 7.48112 7.5137 11.9184 16.733 21.3149 14.5851 7.52656 2.89131 1.51649 1.51649 2.89131 7.52656 
5.91691 2.11118 1.14693 1.00958 1.00958 1.14693 2.10508 5.90112 13.0093 5.54379 2.06999 1.17669 1.17554 2.06826 5.54379 12.9329 26.528 30.313 32.1206 32.6257 32.6257 32.1206 30.313 26.528 30.8954 33.5459 34.2064 34.0241 34.0236 34.206 33.5221 30.8942 26.4851 29.4253 30.276 30.6212 30.8053 30.4663 29.5091 26.4236 18.9023 15.4243 11.0922 7.15899 7.16871 11.0975 15.3532 18.891 13.7313 7.23599 2.88989 1.51962 1.51962 2.88989 7.23599 
7.1279 2.69694 1.29794 1.02784 1.02784 1.29794 2.69604 7.11098 14.1892 6.88645 2.68218 1.44376 1.44395 2.68355 6.90478 14.2102 27.6059 31.5141 33.469 33.9763 33.9715 33.469 31.5141 27.6059 29.2802 32.6581 33.4706 33.1186 33.1186 33.4706 32.6581 29.2802 23.2703 28.3074 29.9177 30.235 30.0993 30.0119 28.2712 23.2858 12.1564 12.0452 11.2639 10.8465 10.906 11.2591 11.9899 12.0573 8.56052 6.02884 3.76546 2.20424 2.18056 3.73693 6.0348 
6.36494 2.34801 1.21605 1.01776 1.01776 1.21605 2.341 6.33215 13.4556 6.22357 2.38523 1.33388 1.33412 2.38619 6.23665 13.4621 28.0772 32.0037 33.9723 34.4935 34.4892 33.9723 32.0037 28.0772 30.6105 33.1583 33.9314 33.9815 33.9815 33.9314 33.1583 30.6105 25.7514 31.1775 32.7962 33.1093 33.1251 32.8002 31.1673 25.9003 12.9005 12.7193 12.7734 13.9638 14.065 12.7754 12.6645 12.8253 9.49908 7.16244 4.61161 2.72649 2.68808 4.56734 7.15223 
6.00459 2.17981 1.17779 1.01359 1.01359 1.17779 2.17328 5.97439 13.1901 5.93837 2.26477 1.29156 1.29189 2.26633 5.9505 13.195 28.3127 32.24 34.1644 34.667 34.6634 34.1644 32.24 28.3127 31.4204 33.4372 34.167 34.3751 34.3751 34.167 33.4372 31.4204 27.1756 32.3258 33.958 34.3554 34.3535 33.9533 32.3137 27.3228 14.3156 13.616 13.4372 14.2127 14.3112 13.4359 13.5677 14.2394 10.5662 8.03803 5.1099 2.86083 2.82152 5.06279 8.0297 
5.88359 2.11073 1.15168 1.01041 1.01041 1.15168 2.10789 5.8665 13.1931 5.79906 2.18178 1.24381 1.2439 2.1829 5.80224 13.195 28.4469 32.3588 34.2294 34.716 34.7136 34.2294 32.3588 28.4469 31.9805 33.6748 34.3325 34.6059 34.6059 34.3325 33.6748 31.9805 28.0661 32.7701 34.3222 34.679 34.6764 34.3192 32.7594 28.1712 16.491 14.717 13.6699 12.8557 12.9028 13.6769 14.6804 16.4597 11.7349 7.96147 4.39849 2.33149 2.31387 4.36395 7.95131 
5.8665 2.10789 1.15119 1.01036 1.01041 1.15168 2.10789 5.8665 13.195 5.80224 2.1829 1.2439 1.2439 2.1829 5.80224 13.195 28.3467 32.3671 34.2294 34.7136 34.716 34.233 32.3588 28.4469 31.9939 33.6698 34.3294 34.6045 34.6059 34.3325 33.6748 31.9805 28.1712 32.7594 34.3192 34.6764 34.6764 34.3192 32.7594 28.1712 16.4597 14.6804 13.6769 12.9028 12.9028 13.6769 14.6804 16.4597 11.7349 7.96147 4.39849 2.33149 2.33149 4.39849 7.96147 
5.97439 2.17328 1.17657 1.01344 1.01359 1.17779 2.17328 5.97439 13.195 5.9505 2.26633 1.29189 1.29189 2.26633 5.9505 13.195 28.2059 32.2488 34.1644 34.6634 34.667 34.1694 32.24 28.3127 31.4381 33.4269 34.1615 34.3731 34.3751 34.167 33.4372 31.4204 27.3228 32.3137 33.9533 34.3535 34.3535 33.9533 32.3137 27.3228 14.2394 13.5677 13.4359 14.3112 14.3112 13.4359 13.5677 14.2394 10.5662 8.03803 5.1099 2.86083 2.86083 5.1099 8.03803 
6.33215 2.341 1.21475 1.0176 1.01776 1.21605 2.341 6.33215 13.4621 6.23665 2.38619 1.33412 1.33412 2.38619 6.23665 13.4621 27.9777 32.0098 33.9723 34.4892 34.4935 33.9768 32.0037 28.0772 30.6308 33.1447 33.9256 33.98 33.9815 33.9314 33.1583 30.6105 25.9003 31.1673 32.8002 33.1251 33.1251 32.8002 31.1673 25.9003 12.8253 12.6645 12.7754 14.065 14.065 12.7754 12.6645 12.8253 9.49908 7.16244 4.61161 2.72649 2.72649 4.61161 7.16244 
7.11098 2.69604 1.29785 1.02781 1.02784 1.29794 2.69604 7.11098 14.2102 6.90478 2.68355 1.44395 1.44395 2.68355 6.90478 14.2102 27.5419 31.5154 33.469 33.9715 33.9763 33.4687 31.5141 27.6059 29.2626 32.6177 33.4467 33.0818 33.1186 33.4706 32.6581 29.2802 23.2858 28.2712 30.0119 30.0993 30.0993 30.0119 28.2712 23.2858 12.0573 11.9899 11.2591 10.906 10.906 11.2591 11.9899 12.0573 8.56052 6.02884 3.76546 2.20424 2.20424 3.76546 6.02884 
9.19184 3.66874 1.57357 1.07235 1.0724 1.57443 3.67376 9.2325 16.6382 8.93312 3.73442 1.92043 1.92043 3.73442 8.93312 16.6382 26.6414 30.6528 32.3961 32.8684 32.8545 32.3715 30.6528 26.6414 22.5293 25.8827 26.617 26.4731 26.3139 26.4335 25.708 22.4106 16.8711 20.0099 21.5794 21.7148 21.5975 21.4529 19.877 16.7828 10.9529 12.0275 8.91949 5.69937 5.69937 8.91949 12.0275 10.9529 6.65579 3.25974 1.77172 1.19465 1.19465 1.77172 3.25974 
10.3061 4.09193 1.68609 1.09047 1.09029 1.68567 4.09145 10.3386 18.6397 10.0746 4.23189 2.14943 2.14943 4.23189 10.0746 18.6397 28.4506 32.022 33.6982 34.1244 34.1259 33.6932 32.022 28.4506 24.1078 26.5532 27.6623 28.3633 28.3621 27.6618 26.5595 24.1466 19.688 24.8818 27.6268 28.7393 28.736 27.6099 24.8645 19.7065 11.3277 13.2219 9.4849 5.36615 5.36615 9.4849 13.2219 11.3277 6.11997 2.48981 1.30043 1.04042 1.04042 1.30043 2.48981 
11.0276 4.39056 1.76117 1.1025 1.10223 1.76036 4.3889 11.0624 19.6193 10.5887 4.40854 2.20991 2.20991 4.40854 10.5887 19.6193 29.671 33.0153 34.363 34.6965 34.6968 34.3621 33.0153 29.671 25.2003 27.2088 28.6519 29.7378 29.7365 28.6511 27.2163 25.2379 21.1563 27.4918 30.9422 32.2104 32.1957 30.9147 27.4665 21.186 11.3416 13.7477 9.72893 5.38809 5.38809 9.72893 13.7477 11.3416 5.48904 2.06125 1.14574 1.01077 1.01077 1.14574 2.06125 
11.3053 4.47637 1.77826 1.1057 1.1054 1.77705 4.47235 11.3284 19.9546 10.69 4.38132 2.14141 2.14141 4.38132 10.69 19.9546 30.1841 33.3918 34.5537 34.8283 34.8281 34.5539 33.3918 30.1841 25.9611 27.9158 29.452 30.9525 30.9518 29.4521 27.9202 25.9852 21.7962 28.7553 32.3709 33.4463 33.4369 32.3533 28.7376 21.8138 11.3941 13.9801 9.83663 5.41563 5.41563 9.83663 13.9801 11.3941 5.28314 1.95096 1.11966 1.00771 1.00771 1.11966 1.95096 
11.3284 4.47235 1.77705 1.1054 1.1054 1.77705 4.47235 11.3284 19.8891 10.7022 4.37344 2.13612 2.13612 4.37344 10.7022 19.8891 30.1841 33.3918 34.5539 34.8281 34.8281 34.5539 33.4108 30.1884 25.9852 27.9202 29.4521 30.9518 30.9518 29.4521 27.9202 25.9852 21.8138 28.7376 32.3533 33.4369 33.4369 32.3533 28.7376 21.8138 11.4843 13.983 9.83235 5.41932 5.41563 9.83663 13.9801 11.3941 5.28314 1.95096 1.11966 1.00771 1.00768 1.11947 1.95008 
11.0624 4.3889 1.76036 1.10223 1.10223 1.76036 4.3889 11.0624 19.5504 10.5954 4.39527 2.20187 2.20187 4.39527 10.5954 19.5504 29.671 33.0153 34.3621 34.6968 34.6968 34.3621 33.0467 29.6665 25.2379 27.2163 28.6511 29.7365 29.7365 28.6511 27.2163 25.2379 21.186 27.4665 30.9147 32.1957 32.1957 30.9147 27.4665 21.186 11.4412 13.7545 9.72397 5.39159 5.38809 9.72893 13.7477 11.3416 5.48904 2.06125 1.14574 1.01077 1.0107 1.14532 2.05959 
10.3386 4.09145 1.68567 1.09029 1.09029 1.68567 4.09145 10.3386 18.5722 10.078 4.21855 2.14184 2.14184 4.21855 10.078 18.5722 28.4506 32.022 33.6932 34.1259 34.1259 33.6932 32.0581 28.4374 24.1466 26.5595 27.6618 28.3621 28.3621 27.6618 26.5595 24.1466 19.7065 24.8645 27.6099 28.736 28.736 27.6099 24.8645 19.7065 11.4218 13.2369 9.48244 5.37053 5.36615 9.4849 13.2219 11.3277 6.11997 2.48981 1.30043 1.04042 1.03997 1.29853 2.48519 
9.2325 3.67376 1.57443 1.0724 1.0724 1.57443 3.67376 9.2325 16.5506 8.92516 3.72042 1.91395 1.91395 3.72042 8.92516 16.5506 26.6414 30.6528 32.3715 32.8545 32.8545 32.3715 30.6245 26.5625 22.4106 25.708 26.4335 26.3139 26.3139 26.4335 25.708 22.4106 16.7828 19.877 21.4529 21.5975 21.5975 21.4529 19.877 16.7828 11.0122 12.0032 8.91747 5.69972 5.69937 8.91949 12.0275 10.9529 6.65579 3.25974 1.77172 1.19465 1.18846 1.75056 3.22359 
8.25018 3.4624 1.56816 1.08697 1.08697 1.56816 3.4624 8.25018 13.4658 7.64174 3.2695 1.66056 1.66056 3.2695 7.64174 13.4658 20.3812 26.1855 28.3016 28.8744 28.8744 28.3016 26.0349 20.3759 9.78111 11.414 11.7016 11.9269 11.9239 11.6986 11.4129 9.77985 7.43945 8.62307 9.14457 8.55333 8.55333 9.14457 8.62082 7.43837 5.30779 5.8491 3.98259 2.22193 2.22438 3.96695 5.8457 5.32591 2.67895 1.27268 1.01689 0.999652 0.999479 1.01644 1.27268 
9.63408 3.93626 1.68726 1.11147 1.11147 1.68726 3.93626 9.63408 15.5408 9.12511 3.81052 1.85241 1.85241 3.81052 9.12511 15.5408 21.1331 28.4265 31.2837 32.0018 32.0018 31.2837 28.4473 21.1346 6.56358 8.32939 8.39665 7.93951 7.93974 8.3971 8.32984 6.56378 4.0791 5.14063 4.91546 4.52508 4.52508 4.91546 5.14078 4.07918 2.27251 2.57942 1.82241 1.20565 1.20556 1.82061 2.57566 2.27679 1.4275 1.05189 1.00161 0.999613 0.999603 1.00159 1.05189 
10.2662 4.18315 1.74853 1.12119 1.12119 1.74853 4.18315 10.2662 16.42 9.80589 4.04935 1.93141 1.93141 4.04935 9.80589 16.42 21.4063 29.4853 32.8617 33.6909 33.6909 32.8617 29.5126 21.408 4.75081 6.45645 6.22605 5.04772 5.04766 6.22607 6.45652 4.75086 2.1283 2.77202 2.66691 2.33379 2.33379 2.66691 2.772 2.12832 1.2386 1.3223 1.12875 1.01894 1.01889 1.12787 1.32076 1.23893 1.07567 1.00838 1.00041 0.999902 0.999903 1.00042 1.00838 
10.4279 4.24057 1.74658 1.11264 1.11264 1.74658 4.24057 10.4279 16.6601 9.97777 4.09845 1.944 1.944 4.09845 9.97777 16.6601 21.4204 29.8142 33.3018 34.1496 34.1496 33.3018 29.8336 21.4224 3.30705 4.75997 4.3395 2.97832 2.97828 4.33954 4.76002 3.30707 1.49417 1.77396 1.76054 1.6116 1.6116 1.76054 1.77395 1.49417 1.04584 1.03854 1.01105 1.00057 1.00057 1.01098 1.03852 1.04689 0.999066 0.999017 0.999931 1.00003 1.00003 0.999929 0.999017 
10.4275 4.24071 1.74566 1.11219 1.11264 1.74658 4.24057 10.4279 16.6601 9.97777 4.09845 1.944 1.94394 4.09758 9.97372 16.6656 21.4224 29.8336 33.311 34.154 34.1496 33.3018 29.8336 21.4224 3.30707 4.76002 4.33954 2.97828 2.97832 4.3395 4.75997 3.30705 1.49417 1.77395 1.76056 1.61162 1.6116 1.76054 1.77396 1.49417 1.04697 1.03852 1.01098 1.00057 1.00057 1.01102 1.03853 1.047 0.999066 0.999017 0.999929 1.00003 1.00003 0.999931 0.999009 
10.2676 4.18166 1.74674 1.12037 1.12119 1.74853 4.18315 10.2662 16.42 9.80589 4.04935 1.93141 1.93201 4.04848 9.79939 16.42 21.408 29.5126 32.8741 33.6975 33.6909 32.8617 29.5126 21.408 4.75086 6.45652 6.22607 5.04766 5.04772 6.22605 6.45645 4.75081 2.12832 2.772 2.66688 2.33418 2.33379 2.66691 2.77202 2.1283 1.23903 1.32076 1.12787 1.01889 1.01889 1.12837 1.32083 1.23914 1.07567 1.00838 1.00042 0.999903 0.999902 1.00041 1.00836 
9.63508 3.93403 1.68536 1.11067 1.11147 1.68726 3.93626 9.63408 15.5408 9.12511 3.81052 1.85241 1.85332 3.80973 9.11717 15.542 21.1346 28.4473 31.299 32.0146 32.0018 31.2837 28.4473 21.1346 6.56378 8.32984 8.3971 7.93974 7.93951 8.39665 8.32939 6.56358 4.07918 5.14078 4.91865 4.52821 4.52508 4.91546 5.14063 4.0791 2.27718 2.57566 1.82061 1.20556 1.20575 1.82236 2.57757 2.27748 1.4275 1.05189 1.00159 0.999603 0.999613 1.00161 1.05176 
8.22427 3.45329 1.56557 1.08627 1.08697 1.56816 3.4624 8.25018 13.4658 7.64174 3.2695 1.66056 1.66096 3.26788 7.61998 13.4391 20.3759 26.0349 28.1479 28.7256 28.8744 28.3016 26.0349 20.3759 9.77985 11.4129 11.6986 11.9239 11.9269 11.7016 11.414 9.78111 7.43837 8.62082 9.0359 8.46701 8.55333 9.14457 8.62307 7.43945 5.26649 5.8457 3.96695 2.22438 2.21493 3.96758 5.81716 5.29307 2.67895 1.27268 1.01644 0.999479 0.999652 1.01689 1.27188 
2.79775 1.48395 1.08662 1.00987 1.00989 1.08643 1.48163 2.77994 4.76486 2.69472 1.43848 1.07461 1.07462 1.43848 2.68002 4.74432 10.918 14.466 15.2115 15.5141 15.5141 15.2115 14.466 10.918 2.92586 3.25226 3.34614 3.61423 3.61423 3.34614 3.23079 2.92586 2.85157 3.37381 3.37668 3.329 3.35998 3.4323 3.37381 2.85157 1.92646 2.36693 1.68333 1.15212 1.14678 1.65935 2.33528 1.90063 1.15757 1.01627 1.0009 0.999909 0.999916 1.00095 1.01662 
1.53733 1.12381 1.01849 1.00153 1.00156 1.01869 1.1246 1.53774 2.33747 1.47977 1.08759 1.01029 1.01035 1.08824 1.48145 2.34768 5.18212 6.93015 7.32614 7.10537 7.10537 7.32614 6.93015 5.18212 1.35718 1.39234 1.43148 1.5645 1.5645 1.43148 1.39058 1.35718 1.29491 1.37626 1.38997 1.39633 1.40085 1.39896 1.37626 1.29491 1.12931 1.22972 1.09392 1.01381 1.01387 1.09461 1.23124 1.12964 1.02077 1.00184 0.999885 0.999855 0.999855 0.999884 1.00183 
1.08752 1.01646 1.00184 0.999981 0.999984 1.00185 1.01656 1.0877 1.25977 1.0671 1.00822 1.00025 1.00025 1.00826 1.06712 1.26158 2.3947 3.08676 3.10995 2.88849 2.88849 3.10995 3.08676 2.3947 1.03386 1.03136 1.0395 1.06507 1.06507 1.0395 1.03136 1.03386 1.01989 1.02392 1.02324 1.02767 1.02853 1.025 1.02392 1.01989 1.00939 1.02046 1.00638 1.00028 1.00028 1.00641 1.0205 1.00934 1.00155 1 0.999961 0.999997 0.999997 0.999961 1 
1.00981 1.00136 0.999959 0.999939 0.999939 0.99996 1.00137 1.00983 1.03275 1.00533 1.00006 0.999841 0.999841 1.00006 1.00533 1.03321 1.41825 1.68486 1.66171 1.5285 1.5285 1.66171 1.68486 1.41825 1.00359 1.00282 1.00389 1.00677 1.00677 1.00389 1.00283 1.00359 0.999402 0.997789 0.99672 0.998193 0.998329 0.996973 0.997789 0.999402 1.00025 1.00057 1.00003 0.999891 0.999891 1.00003 1.00056 1.00024 1.00014 0.999957 0.999994 1 1 0.999994 0.999957 
1.00983 1.00137 0.99996 0.999939 0.999939 0.99996 1.00137 1.00983 1.03321 1.00533 1.00006 0.999841 0.999841 1.00006 1.00533 1.03275 1.42427 1.69606 1.6829 1.54068 1.5285 1.66171 1.68486 1.41825 1.00359 1.00283 1.00389 1.00677 1.00677 1.00389 1.00282 1.00359 0.999493 0.997993 0.996973 0.998329 0.998193 0.99672 0.997789 0.999402 1.00025 1.00057 1.00003 0.999891 0.999891 1.00003 1.00057 1.00025 1.00014 0.999957 0.999994 1 1 0.999994 0.999957 
1.0877 1.01656 1.00185 0.999984 0.999984 1.00185 1.01656 1.0877 1.26158 1.06712 1.00822 1.00025 1.00025 1.00822 1.0671 1.25977 2.41176 3.11903 3.16606 2.92151 2.88849 3.10995 3.08676 2.3947 1.03385 1.03136 1.0395 1.06508 1.06507 1.0395 1.03136 1.03386 1.02059 1.02549 1.025 1.02853 1.02767 1.02324 1.02392 1.01989 1.00938 1.02047 1.00639 1.00028 1.00028 1.00638 1.02047 1.00938 1.00155 1 0.999961 0.999997 0.999997 0.999961 1 
1.53774 1.1246 1.01869 1.00156 1.00156 1.01869 1.1246 1.53774 2.34768 1.48145 1.08759 1.01029 1.01029 1.08759 1.47977 2.33747 5.2202 7.00281 7.42901 7.17309 7.10537 7.32614 6.93015 5.18212 1.35582 1.39058 1.42952 1.5627 1.5645 1.43148 1.39234 1.35718 1.29926 1.38494 1.39896 1.40085 1.39633 1.38997 1.37626 1.29491 1.1295 1.23053 1.09428 1.01381 1.01381 1.09392 1.23053 1.1295 1.02076 1.00183 0.999884 0.999855 0.999855 0.999885 1.00184 
2.77994 1.48163 1.08643 1.00989 1.00989 1.08643 1.48163 2.77994 4.74432 2.68002 1.43848 1.07461 1.07461 1.43848 2.69472 4.76486 10.7737 14.2827 14.9958 15.3067 15.5141 15.2115 14.466 10.918 2.90984 3.23079 3.32436 3.58967 3.61423 3.34614 3.25226 2.92586 2.88706 3.4313 3.4323 3.35998 3.329 3.37668 3.37381 2.85157 1.88987 2.32288 1.6525 1.14476 1.15212 1.68333 2.32288 1.88987 1.16016 1.01662 1.00095 0.999916 0.999909 1.0009 1.01627 
1.6224 1.13232 1.01917 1.0019 1.0019 1.01917 1.13232 1.6224 2.54873 1.61069 1.12709 1.01803 1.01803 1.12709 1.61304 2.55339 4.0209 5.16752 5.70388 6.19234 6.19234 5.70388 5.16752 4.0209 1.645 1.87454 1.83741 1.62834 1.62834 1.83741 1.87454 1.645 1.47783 1.73756 1.78483 1.65653 1.65011 1.77254 1.72533 1.47279 1.13497 1.26157 1.09961 1.01726 1.01726 1.09961 1.26157 1.13497 1.01592 1.00109 1.00005 1.00009 1.00009 1.00005 1.00109 
1.1386 1.02404 1.00257 1.00011 1.00011 1.00257 1.02404 1.1386 1.3707 1.11663 1.01824 1.00174 1.00174 1.01824 1.11769 1.37292 2.03504 2.55 2.73936 2.74903 2.74903 2.73936 2.55 2.03504 1.12931 1.19724 1.17907 1.10765 1.10765 1.17907 1.19724 1.12931 1.07067 1.13935 1.15444 1.1073 1.1057 1.1512 1.13654 1.06966 1.01154 1.02626 1.00735 1.00074 1.00074 1.00735 1.02626 1.01154 1.00156 1.00007 0.999975 0.999996 0.999996 0.999975 1.00007 
1.0204 1.00261 1.00013 0.999934 0.999934 1.00013 1.00261 1.0204 1.05862 1.01447 1.00148 0.99993 0.99993 1.00148 1.01467 1.05914 1.21233 1.35304 1.39906 1.38211 1.38211 1.39906 1.35304 1.21233 1.01512 1.02612 1.02295 1.01097 1.01097 1.02295 1.02612 1.01512 1.00597 1.01549 1.01886 1.01057 1.01033 1.01833 1.01508 1.00585 1.00061 1.00139 1.00022 0.999904 0.999904 1.00022 1.00139 1.00061 1.00014 0.999976 1 1 1 1 0.999976 
1.00196 1.00012 0.999935 0.999986 0.999986 0.999935 1.00012 1.00196 1.00545 1.00091 0.999977 0.999947 0.999947 0.999977 1.00094 1.00552 1.03348 1.06212 1.06869 1.05994 1.05994 1.06869 1.06212 1.03348 1.00113 1.00179 1.00162 1.00066 1.00066 1.00162 1.00179 1.00113 1.00033 1.0008 1.00127 1.00056 1.00054 1.00122 1.00077 1.00032 0.999952 0.999855 0.999929 0.999981 0.999981 0.999929 0.999855 0.999952 1.00008 0.999994 1 1 1 1 0.999994 
0 0 0 0 0.999986 0.999935 1.00012 1.00196 1.00552 1.00094 0.999977 0.999947 0.999948 0.999974 1.00091 1.00545 1.03348 1.06212 1.06869 1.05994 1.05908 1.06756 1.06114 1.033 1.00113 1.00175 1.00159 1.00064 1.00066 1.00162 1.00179 1.00113 1.00032 1.00077 1.00122 1.00054 1.00056 1.00127 1.0008 1.00033 0.999952 0.999851 0.999929 0.999982 0.999981 0.999929 0.999855 0.999952 1.00008 0.999994 1 1 0 0 0 
0 0 0 0 0.999934 1.00013 1.00261 1.0204 1.05914 1.01467 1.00148 0.99993 0.999926 1.00146 1.01447 1.05862 1.21233 1.35304 1.39906 1.38211 1.37801 1.39357 1.34849 1.21001 1.0151 1.02568 1.02256 1.0108 1.01097 1.02295 1.02612 1.01512 1.00585 1.01508 1.01833 1.01033 1.01057 1.01886 1.01549 1.00597 1.00061 1.00136 1.00021 0.999902 0.999904 1.00022 1.00139 1.00061 1.00014 0.999976 1 1 0 0 0 
0 0 0 0 1.00011 1.00257 1.02404 1.1386 1.37292 1.11769 1.01824 1.00174 1.00173 1.01808 1.11663 1.3707 2.03504 2.55 2.73936 2.74903 2.73795 2.72661 2.54035 2.02951 1.12922 1.19471 1.17676 1.10654 1.10765 1.17907 1.19724 1.12931 1.06966 1.13654 1.1512 1.1057 1.1073 1.15444 1.13935 1.07067 1.01151 1.02596 1.00728 1.00073 1.00074 1.00735 1.02626 1.01154 1.00156 1.00007 0.999975 0.999996 0 0 0 
