0 0 0 0 1.00032 1.00277 1.01806 1.08819 1.46485 1.09818 1.0114 1.00074 1.00075 1.01148 1.09881 1.47154 3.05328 3.33354 2.78281 2.2641 2.2597 2.7733 3.32074 3.04437 3.15081 5.06666 7.43146 9.79738 9.79609 7.44235 5.07388 3.14851 1.37252 1.2326 1.27263 1.33824 1.33543 1.26748 1.22669 1.36255 1.39231 1.29363 1.1114 1.02513 1.02536 1.11294 1.29747 1.39754 1.2084 1.03859 1.00432 1.00035 0 0 0 
0 0 0 0 0.999945 1.00036 1.00281 1.01313 1.07581 1.01414 1.00138 0.999921 0.999921 1.00138 1.01416 1.07686 1.47387 1.48898 1.33101 1.19347 1.19261 1.32878 1.48589 1.47342 2.19732 3.94169 5.62455 6.96967 6.96181 5.62302 3.93806 2.19295 1.02804 1.00253 1.00056 1.01646 1.01669 1.00055 1.00243 1.02598 1.06796 1.04272 1.01193 1.00139 1.00141 1.01212 1.04345 1.06914 1.03965 1.00663 1.00058 0.999943 0 0 0 
0 0 0 0 0.999978 0.999982 1.00029 1.00121 1.00766 1.00119 0.999973 0.999938 0.999938 0.999972 1.00119 1.00776 1.08496 1.06592 1.03679 1.01614 1.01604 1.03645 1.0654 1.08606 1.70155 3.25069 4.62387 4.77727 4.75661 4.60715 3.23845 1.6949 0.996995 0.991978 0.989163 0.993726 0.993727 0.989138 0.991952 0.995744 1.00663 1.00357 1.00064 0.999938 0.999943 1.00066 1.00366 1.0068 1.0048 1.00066 0.999963 0.999976 0 0 0 
0 0 0 0 0.999999 0.999982 0.999947 1.00009 1.00014 0.999747 0.999947 0.999992 0.999992 0.999947 0.999746 1.00015 1.01299 1.00527 1.00189 1.00039 1.00038 1.00186 1.0052 1.01353 1.29188 2.63288 4.18675 3.08222 3.05811 4.13293 2.60356 1.288 0.999461 0.998156 0.997497 0.998277 0.998264 0.997463 0.998132 0.998967 1.00038 1.00002 0.999946 0.999968 0.999968 0.999947 1.00003 1.00039 1.00044 0.999946 0.999976 0.999998 0 0 0 
1.00009 0.999947 0.999982 0.999999 0.999999 0.999982 0.999947 1.00009 1.00014 0.999747 0.999947 0.999992 0.999992 0.999947 0.999747 1.00014 1.01299 1.00527 1.00189 1.00039 1.00039 1.00189 1.00527 1.01299 1.29188 2.63288 4.18675 3.08222 3.08222 4.18675 2.63288 1.29188 0.998967 0.998132 0.997463 0.998264 0.998264 0.997463 0.998132 0.998967 1.00039 1.00003 0.999947 0.999968 0.999968 0.999947 1.00003 1.00039 1.00044 0.999946 0.999976 0.999998 0.999998 0.999976 0.999946 
1.00121 1.00029 0.999982 0.999978 0.999978 0.999982 1.00029 1.00121 1.00766 1.00119 0.999973 0.999938 0.999938 0.999973 1.00119 1.00766 1.08496 1.06592 1.03679 1.01614 1.01614 1.03679 1.06592 1.08496 1.70155 3.25069 4.62387 4.77727 4.77727 4.62387 3.25069 1.70155 0.995744 0.991952 0.989138 0.993727 0.993727 0.989138 0.991952 0.995744 1.0068 1.00366 1.00066 0.999943 0.999938 1.00066 1.00366 1.0068 1.0048 1.00066 0.999963 0.999976 0.999976 0.999963 1.00066 
1.01313 1.00281 1.00036 0.999945 0.999945 1.00036 1.00281 1.01313 1.07581 1.01414 1.00138 0.999921 0.999921 1.00138 1.01414 1.07581 1.47387 1.48898 1.33101 1.19347 1.19347 1.33101 1.48898 1.47387 2.19732 3.94169 5.62455 6.96967 6.96967 5.62455 3.94169 2.19732 1.02598 1.00243 1.00055 1.01669 1.01669 1.00055 1.00243 1.02598 1.06914 1.04345 1.01212 1.00141 1.00139 1.01212 1.04345 1.06914 1.03965 1.00663 1.00058 0.999943 0.999943 1.00058 1.00663 
1.08819 1.01806 1.00277 1.00032 1.00032 1.00277 1.01806 1.08819 1.46485 1.09818 1.0114 1.00074 1.00074 1.0114 1.09818 1.46485 3.05328 3.33354 2.78281 2.2641 2.2641 2.78281 3.33354 3.05328 3.15081 5.06666 7.43146 9.79738 9.79738 7.43146 5.06666 3.15081 1.36255 1.22669 1.26748 1.33543 1.33543 1.26748 1.22669 1.36255 1.39754 1.29747 1.11294 1.02536 1.02513 1.11294 1.29747 1.39754 1.2084 1.03859 1.00432 1.00035 1.00035 1.00432 1.03859 
1.5115 1.09714 1.0126 1.00093 1.00093 1.0126 1.09714 1.5115 2.48637 1.43883 1.06621 1.00763 1.00763 1.06621 1.43883 2.48637 6.46032 7.29056 6.35045 5.51106 5.51106 6.35045 7.21062 6.38719 5.03988 7.3376 9.48675 11.6993 11.6658 9.41406 7.26036 4.96382 3.36104 2.94158 3.14542 3.27585 3.2794 3.15253 2.94871 3.37497 2.24049 2.03818 1.573 1.21672 1.21496 1.573 2.03818 2.24049 1.47879 1.07568 1.00143 0.999682 0.999682 1.00143 1.07568 
1.15032 1.02396 1.0025 0.999945 0.999945 1.0025 1.02396 1.15032 1.4902 1.10642 1.01117 1.0003 1.0003 1.01117 1.10642 1.4902 3.11542 3.23604 2.72476 2.21642 2.21642 2.72476 3.23164 3.1001 3.8201 5.3146 6.49205 7.56128 7.57558 6.49379 5.31222 3.80577 1.96552 1.59242 1.5498 1.53515 1.53713 1.55357 1.59664 1.96163 1.22895 1.18851 1.09243 1.02602 1.02607 1.09243 1.18851 1.22895 1.03733 0.996801 0.998223 0.999766 0.999766 0.998223 0.996801 
1.02424 1.00289 1.00014 0.999944 0.999944 1.00014 1.00289 1.02424 1.10167 1.01468 1.00065 0.9998 0.9998 1.00065 1.01468 1.10167 1.70946 1.56683 1.36159 1.19374 1.19374 1.36159 1.56059 1.69661 3.3505 4.61017 5.43254 5.34159 5.35481 5.43389 4.61538 3.35357 1.38902 1.146 1.10461 1.08872 1.08943 1.10589 1.14733 1.3801 1.02219 1.01908 1.00755 1.00138 1.00137 1.00755 1.01908 1.02219 0.995956 0.998228 0.999909 1.00002 1.00002 0.999909 0.998228 
1.00283 1.00012 0.999909 0.999985 0.999985 0.999909 1.00012 1.00283 1.01578 1.00102 0.999827 0.999973 0.999973 0.999827 1.00102 1.01578 1.21274 1.11399 1.05855 1.02028 1.02028 1.05855 1.11238 1.20846 2.9321 4.97325 6.51443 4.55143 4.57614 6.57845 5.01931 2.95314 1.12629 1.02736 1.01527 1.01092 1.01108 1.01553 1.0276 1.12051 1.00095 1.00045 0.99994 0.999873 0.999873 0.99994 1.00045 1.00095 0.998989 0.999945 1.00005 1 1 1.00005 0.999945 
1.00284 1.00012 0.999909 0.999985 0.999985 0.999909 1.00012 1.00283 1.01578 1.00102 0.999827 0.999973 0.999974 0.999826 1.00099 1.01628 1.20846 1.11238 1.05855 1.02028 1.02081 1.06 1.11399 1.21274 2.95314 5.01931 6.57845 4.57614 4.57614 6.57845 5.01931 2.95314 1.12051 1.0276 1.01553 1.01108 1.01108 1.01553 1.0276 1.12051 1.00103 1.00049 0.999953 0.999875 0.999875 0.999952 1.00048 1.00102 0.998989 0.999945 1.00005 1 1 1.00005 0.999944 
1.0243 1.00287 1.00013 0.999945 0.999944 1.00014 1.00289 1.02424 1.10167 1.01468 1.00065 0.9998 0.999799 1.00064 1.01455 1.1036 1.69661 1.56059 1.36159 1.19374 1.19649 1.36764 1.56683 1.70946 3.35357 4.61538 5.43389 5.35481 5.35481 5.43389 4.61538 3.35357 1.3801 1.14733 1.10589 1.08943 1.08943 1.10589 1.14733 1.3801 1.0229 1.01946 1.00772 1.00141 1.00141 1.00772 1.01945 1.02287 0.995956 0.998228 0.999909 1.00002 1.00002 0.99991 0.998226 
1.15008 1.02378 1.00247 0.999938 0.999945 1.0025 1.02396 1.15032 1.4902 1.10642 1.01117 1.0003 1.00029 1.0111 1.1058 1.49297 3.1001 3.23164 2.72476 2.21642 2.22165 2.73344 3.23604 3.11542 3.80577 5.31222 6.49379 7.57558 7.57558 6.49379 5.31222 3.80577 1.96163 1.59664 1.55357 1.53713 1.53713 1.55357 1.59664 1.96163 1.23369 1.19142 1.09404 1.02638 1.02638 1.09403 1.19131 1.23361 1.03733 0.996801 0.998223 0.999766 0.999767 0.998221 0.996863 
1.51511 1.09719 1.01254 1.00091 1.00093 1.0126 1.09714 1.5115 2.48637 1.43883 1.06621 1.00763 1.00763 1.06622 1.43855 2.49837 6.38719 7.21062 6.35045 5.51106 5.58921 6.42439 7.29056 6.46032 4.96382 7.26036 9.41406 11.6658 11.6658 9.41406 7.26036 4.96382 3.37497 2.94871 3.15253 3.2794 3.2794 3.15253 2.94871 3.37497 2.26539 2.05551 1.58294 1.22033 1.22024 1.58295 2.05494 2.26572 1.47879 1.07568 1.00143 0.999682 0.999684 1.0014 1.07655 
3.14013 1.49471 1.07225 1.00493 1.00493 1.07225 1.49471 3.14013 6.00211 3.18578 1.59762 1.13968 1.13968 1.59762 3.18591 6.0023 12.3783 14.4012 13.848 13.0127 13.0811 13.9297 14.4279 12.3616 10.4002 14.5043 17.4811 19.3915 19.5291 17.6469 14.6608 10.5196 5.88411 5.7086 6.5395 7.12142 7.12142 6.5395 5.7086 5.88411 4.62861 4.17456 2.94044 1.9351 1.9351 2.93909 4.05765 4.62726 4.30215 2.37253 1.29761 1.04406 1.04405 1.2976 2.37259 
2.89034 1.44161 1.06584 1.00384 1.00384 1.06584 1.44161 2.89034 5.33548 3.05198 1.61939 1.15419 1.15419 1.61939 3.05206 5.33554 10.3872 12.3304 10.6731 8.75678 8.73802 10.6794 12.3496 10.3784 8.44935 14.2143 18.0758 19.9172 19.9344 18.0965 14.2111 8.42433 3.50053 2.91028 3.12007 3.3799 3.3799 3.12007 2.91028 3.50053 2.97794 2.66092 1.8716 1.32717 1.32717 1.87138 2.63022 2.97776 3.01824 1.81869 1.13156 1.01378 1.01378 1.13156 1.81874 
2.47549 1.32932 1.04539 1.00212 1.00212 1.04539 1.32932 2.47549 4.37938 2.54981 1.4426 1.09887 1.09887 1.4426 2.54983 4.37944 8.60187 10.3938 8.19636 5.76869 5.75114 8.20091 10.3943 8.58086 7.29757 14.5591 19.249 20.8023 20.8203 19.2754 14.5559 7.26461 2.09208 1.42182 1.47244 1.64033 1.64033 1.47244 1.42182 2.09208 1.68288 1.57559 1.24088 1.06054 1.06054 1.24077 1.56295 1.68275 1.8025 1.27397 1.03165 1.00213 1.00213 1.03165 1.27397 
2.08493 1.22644 1.02641 1.00125 1.00125 1.02641 1.22644 2.08493 3.61746 2.00812 1.22091 1.03601 1.03601 1.22091 2.00816 3.61738 7.60464 8.9335 6.74739 4.30034 4.29066 6.74985 8.9245 7.5854 8.31326 16.4908 20.6088 21.4103 21.4211 20.6265 16.4971 8.28427 1.73578 1.09883 1.0716 1.14629 1.14629 1.0716 1.09883 1.73578 1.16837 1.14783 1.04438 1.00695 1.00695 1.04437 1.14478 1.1684 1.21061 1.049 1.00403 1.00006 1.00006 1.00403 1.049 
2.08962 1.22781 1.02641 1.00125 1.00125 1.02641 1.22644 2.08493 3.61738 2.00816 1.2188 1.03547 1.03601 1.22091 2.00812 3.61746 7.5854 8.9245 6.74985 4.29066 4.29066 6.74985 8.91729 7.59227 8.28427 16.4971 20.6265 21.4211 21.4211 20.6265 16.4971 8.28427 1.77619 1.10162 1.0717 1.14267 1.14629 1.0716 1.09883 1.73578 1.1708 1.14628 1.04437 1.00695 1.00663 1.04404 1.14717 1.16982 1.21062 1.049 1.00403 1.00006 1.00006 1.00403 1.049 
2.48598 1.33257 1.0454 1.00212 1.00212 1.04539 1.32932 2.47549 4.37944 2.54983 1.43817 1.09739 1.09887 1.4426 2.54981 4.37938 8.58086 10.3943 8.20091 5.75114 5.75114 8.20091 10.391 8.61528 7.26461 14.5559 19.2754 20.8203 20.8203 19.2754 14.5559 7.26461 2.12669 1.43013 1.47172 1.63305 1.64033 1.47244 1.42182 2.09208 1.69285 1.56942 1.24077 1.06054 1.05808 1.23874 1.5748 1.68587 1.80245 1.27397 1.03165 1.00213 1.00213 1.03165 1.27397 
2.90302 1.44577 1.06585 1.00384 1.00384 1.06584 1.44161 2.89034 5.33554 3.05206 1.61385 1.15213 1.15419 1.61939 3.05198 5.33548 10.3784 12.3496 10.6794 8.73802 8.73802 10.6794 12.3623 10.4311 8.42433 14.2111 18.0965 19.9344 19.9344 18.0965 14.2111 8.42433 3.52216 2.91623 3.11032 3.36986 3.3799 3.12007 2.91028 3.50053 2.99712 2.64587 1.87138 1.32717 1.31532 1.86464 2.66341 2.98322 3.01834 1.81874 1.13156 1.01378 1.01378 1.13156 1.81869 
3.16048 1.4999 1.07227 1.00493 1.00493 1.07225 1.49471 3.14013 6.0023 3.18591 1.59504 1.13835 1.13968 1.59762 3.18578 6.00211 12.3616 14.4279 13.9297 13.0811 13.0811 13.9297 14.6102 12.5176 10.5196 14.6608 17.6469 19.5291 19.5291 17.6469 14.6608 10.5196 6.32696 6.1442 6.71158 7.29783 7.12142 6.5395 5.7086 5.88411 4.69827 4.11823 2.93909 1.9351 1.98314 2.97599 4.26476 4.74456 4.30147 2.37259 1.2976 1.04405 1.04406 1.29761 2.37253 
5.43474 2.18848 1.20906 1.02203 1.02203 1.20906 2.18506 5.42838 10.5775 5.25747 2.18947 1.28863 1.29124 2.22039 5.29559 10.5827 21.2127 24.7065 26.3191 26.6834 26.5027 26.1506 24.4808 20.9501 22.3934 25.5681 27.5047 28.3384 28.3384 27.5047 25.5681 22.3934 18.7738 20.067 20.906 21.3671 21.3609 20.896 20.047 18.7949 14.2938 12.0581 8.42832 5.71779 5.68752 8.38928 12.1013 14.366 11.2147 5.58767 2.31973 1.31015 1.30816 2.31299 5.56195 
6.00429 2.36387 1.24507 1.0266 1.0266 1.24507 2.35796 5.98529 11.645 5.7444 2.32621 1.32725 1.32994 2.35354 5.76364 11.5397 23.4065 27.7151 30.2696 30.9157 30.9247 30.2848 27.8258 23.3601 24.9726 26.6211 28.1873 29.3117 29.3117 28.1873 26.6211 24.9726 25.1232 27.3852 28.7082 29.1872 29.1786 28.6934 27.3655 25.1426 16.9426 14.1087 9.79535 6.8254 6.83774 9.7954 14.123 16.9421 12.5402 5.92933 2.39512 1.3347 1.33629 2.3977 5.93401 
6.26575 2.42772 1.25522 1.02776 1.02776 1.25523 2.42203 6.24739 12.2426 5.97998 2.38011 1.33694 1.33961 2.40642 5.99773 12.125 24.8225 29.4664 32.3827 33.1765 33.1788 32.3886 29.5558 24.7358 26.4947 26.4253 27.8432 29.6218 29.6218 27.8432 26.4253 26.4947 28.0588 30.8411 32.3084 32.7967 32.7932 32.3024 30.8299 28.0763 18.6891 15.5218 10.79 7.54177 7.55768 10.7914 15.5431 18.6898 13.5892 6.2965 2.5313 1.38417 1.38624 2.5347 6.3028 
6.30898 2.40928 1.24064 1.02416 1.02416 1.24065 2.40616 6.2981 12.5344 6.02464 2.35678 1.30667 1.30836 2.37198 6.03102 12.387 25.5239 30.12 33.0346 33.8446 33.8451 33.0348 30.1779 25.4432 27.1295 26.4547 27.8421 29.7365 29.7365 27.8421 26.4547 27.1295 29.0444 31.972 33.4321 33.8741 33.8731 33.4296 31.9595 29.0741 19.8002 16.46 11.2781 7.81953 7.82654 11.279 16.4694 19.8002 14.5326 6.75786 2.66638 1.39757 1.39862 2.66813 6.76116 
6.2981 2.40616 1.24065 1.02416 1.02416 1.24065 2.40616 6.2981 12.387 6.03102 2.37198 1.30836 1.30836 2.37198 6.03102 12.387 25.5239 30.12 33.0346 33.8446 33.8446 33.0346 30.12 25.5239 27.1154 26.4515 27.831 29.7534 29.7365 27.8421 26.4547 27.1295 28.8777 32.1576 33.4296 33.8731 33.8741 33.4321 31.972 29.0444 19.8002 16.4694 11.2775 7.81604 7.81953 11.2781 16.46 19.8002 14.5318 6.76116 2.66813 1.39862 1.39757 2.66638 6.75786 
6.24739 2.42203 1.25523 1.02776 1.02776 1.25523 2.42203 6.24739 12.125 5.99773 2.40642 1.33961 1.33961 2.40642 5.99773 12.125 24.8225 29.4664 32.3827 33.1765 33.1765 32.3827 29.4664 24.8225 26.4768 26.41 27.8389 29.6474 29.6218 27.8432 26.4253 26.4947 27.7692 31.1034 32.3024 32.7932 32.7967 32.3084 30.8411 28.0588 18.6898 15.5431 10.7889 7.533 7.54177 10.79 15.5218 18.6891 13.5896 6.3028 2.5347 1.38624 1.38417 2.5313 6.2965 
5.98529 2.35796 1.24507 1.0266 1.0266 1.24507 2.35796 5.98529 11.5397 5.76364 2.35354 1.32994 1.32994 2.35354 5.76364 11.5397 23.4065 27.7151 30.2696 30.9157 30.9157 30.2696 27.7151 23.4065 24.9546 26.6005 28.2024 29.3295 29.3117 28.1873 26.6211 24.9726 24.7459 27.4753 28.6934 29.1786 29.1872 28.7082 27.3852 25.1232 16.9421 14.123 9.79587 6.82069 6.8254 9.79535 14.1087 16.9426 12.5425 5.93401 2.3977 1.33629 1.3347 2.39512 5.92933 
5.42838 2.18506 1.20906 1.02203 1.02203 1.20906 2.18506 5.42838 10.5827 5.29559 2.22039 1.29124 1.29124 2.22039 5.29559 10.5827 21.2127 24.7065 26.3191 26.6834 26.6834 26.3191 24.7065 21.2127 22.5007 25.7269 27.6562 28.4546 28.3384 27.5047 25.5681 22.3934 19.4539 21.4767 20.896 21.3609 21.3671 20.906 20.067 18.7738 14.366 12.1013 8.46613 5.7436 5.71779 8.42832 12.0581 14.2938 11.1758 5.56195 2.31299 1.30816 1.31015 2.31973 5.58767 
6.74987 2.58119 1.29035 1.03193 1.03194 1.29035 2.5893 6.76878 13.5773 6.38131 2.54124 1.37454 1.37454 2.54124 6.38131 13.5773 26.0373 29.509 31.432 32.0282 32.0282 31.432 29.5294 26.1393 29.7252 32.8886 33.6723 33.4849 33.5041 33.6858 32.9167 29.7597 24.85 28.0458 29.3539 29.7154 29.7648 29.3971 28.0728 24.8585 17.392 14.8259 11.2455 8.16218 8.16218 11.2455 14.8259 17.392 13.4088 7.9693 3.72853 2.05429 2.05429 3.72853 7.9693 
6.86408 2.55642 1.27232 1.02749 1.02749 1.27231 2.56208 6.86964 14.1973 6.40874 2.44882 1.29816 1.29816 2.44882 6.40874 14.1973 27.2551 30.7053 32.6789 33.4095 33.4095 32.6789 30.6859 27.3292 30.9122 33.3836 34.0722 34.0882 34.0864 34.0763 33.3965 30.9263 27.4365 30.1701 31.6194 32.1622 32.1486 31.6016 30.1467 27.4104 19.7412 16.344 12.1639 8.59046 8.59046 12.1639 16.344 19.7412 14.3028 8.13444 3.61751 2.00219 2.00219 3.61751 8.13444 
6.90457 2.54715 1.26611 1.02629 1.02629 1.26609 2.55221 6.90863 14.454 6.44083 2.43554 1.28435 1.28435 2.43554 6.44083 14.454 28.0383 31.4243 33.3591 34.0852 34.0852 33.3591 31.4081 28.1263 31.6564 33.5648 34.2356 34.4093 34.4109 34.2402 33.5753 31.6705 28.9806 31.7015 33.1729 33.7015 33.6977 33.1654 31.6888 28.9598 21.1084 17.0774 12.3055 8.65631 8.65631 12.3055 17.0774 21.1084 14.8806 8.08231 3.51837 1.94075 1.94075 3.51837 8.08231 
6.90455 2.53563 1.25902 1.02507 1.02508 1.25901 2.53897 6.90634 14.5478 6.44003 2.42726 1.27995 1.27995 2.42726 6.44003 14.5478 28.3262 31.6908 33.5951 34.2367 34.2367 33.5951 31.6788 28.4153 32.132 33.595 34.2628 34.5416 34.5427 34.2653 33.5998 32.1391 29.8082 32.4995 33.8808 34.321 34.3191 33.877 32.4938 29.7958 21.962 17.3455 11.8994 8.55276 8.55276 11.8994 17.3455 21.962 15.5189 7.92778 3.35529 1.80316 1.80316 3.35529 7.92778 
6.90634 2.53897 1.25901 1.02508 1.02508 1.25901 2.53897 6.90634 14.4701 6.44911 2.42214 1.27937 1.27995 2.42726 6.44003 14.5478 28.4153 31.6788 33.5951 34.2367 34.2425 33.6053 31.6788 28.4153 32.1391 33.5998 34.2653 34.5427 34.5427 34.2653 33.5998 32.1391 29.7958 32.4938 33.877 34.3191 34.3265 33.8907 32.5008 29.851 21.96 17.391 11.8596 8.50611 8.55276 11.8994 17.3455 21.962 15.5189 7.92778 3.35529 1.80316 1.79734 3.34274 7.90202 
6.90863 2.55221 1.26609 1.02629 1.02629 1.26609 2.55221 6.90863 14.3796 6.44721 2.42793 1.28358 1.28435 2.43554 6.44083 14.454 28.1263 31.4081 33.3591 34.0852 34.0939 33.375 31.4081 28.1263 31.6705 33.5753 34.2402 34.4109 34.4109 34.2402 33.5753 31.6705 28.9598 31.6888 33.1654 33.6977 33.7121 33.1914 31.7083 29.0273 21.1257 17.1525 12.2265 8.58181 8.65631 12.3055 17.0774 21.1084 14.8806 8.08231 3.51837 1.94075 1.92979 3.49392 8.04072 
6.86964 2.56208 1.27231 1.02749 1.02749 1.27231 2.56208 6.86964 14.1262 6.4133 2.4393 1.29705 1.29816 2.44882 6.40874 14.1973 27.3292 30.6859 32.6789 33.4095 33.4201 32.6961 30.6859 27.3292 30.9263 33.3965 34.0763 34.0864 34.0864 34.0763 33.3965 30.9263 27.4104 30.1467 31.6016 32.1486 32.1701 31.6311 30.1699 27.4886 19.7715 16.422 12.0845 8.5041 8.59046 12.1639 16.344 19.7412 14.3028 8.13444 3.61751 2.00219 1.99019 3.59006 8.09111 
6.76878 2.5893 1.29035 1.03194 1.03194 1.29035 2.5893 6.76878 13.527 6.38924 2.5333 1.37312 1.37454 2.54124 6.38131 13.5773 26.1393 29.5294 31.432 32.0282 31.9877 31.3926 29.5294 26.1393 29.7597 32.9167 33.6858 33.5041 33.5041 33.6858 32.9167 29.7597 24.8585 28.0728 29.3971 29.7648 29.74 29.3582 28.018 24.8961 17.3723 14.8687 11.1862 8.11172 8.16218 11.2455 14.8259 17.392 13.4088 7.9693 3.72853 2.05429 2.04777 3.71048 7.94032 
7.91925 3.21101 1.49888 1.07072 1.07059 1.49841 3.20837 7.89983 14.967 7.58477 3.28327 1.78623 1.79413 3.30071 7.57355 15.0393 26.8147 30.6557 32.8489 33.4858 33.4911 32.8593 30.6405 26.8806 27.8009 32.0268 33.0625 32.7376 32.737 33.0621 32.0275 27.798 21.7847 26.5229 28.4184 28.9564 29.0591 28.5344 26.7573 21.9543 11.1067 11.2811 11.2006 11.7897 11.7897 11.2006 11.3003 11.2686 8.20755 6.12991 4.43731 3.26062 3.22386 4.42543 6.14684 
7.44843 2.92532 1.40721 1.05257 1.05216 1.40505 2.91617 7.41508 14.7377 7.16382 3.02806 1.64817 1.65508 3.04368 7.15015 14.8151 27.482 31.2894 33.513 34.1657 34.1632 33.5087 31.2719 27.5699 29.0986 32.4053 33.4317 33.537 33.5371 33.4321 32.4061 29.0983 23.9935 29.4915 31.7468 32.2643 32.2486 31.7318 29.4443 23.9524 11.5312 11.806 12.7366 14.9795 14.9795 12.7366 11.8303 11.6926 8.63783 6.80567 5.17583 4.0265 3.97498 5.15055 6.80804 
7.14846 2.73264 1.34313 1.04106 1.04069 1.34112 2.72416 7.11818 14.5914 6.89887 2.86905 1.5675 1.57377 2.88337 6.88539 14.6704 27.7895 31.5614 33.7919 34.4217 34.4204 33.7895 31.5456 27.8797 29.858 32.5649 33.5943 33.9171 33.917 33.5945 32.5654 29.8574 25.5013 30.8844 33.2578 33.9175 33.9358 33.2877 30.8691 25.479 12.6309 12.674 13.5232 15.4206 15.4206 13.5232 12.7155 12.8176 9.35538 7.45482 5.71367 4.26799 4.21456 5.69125 7.46021 
7.02008 2.63566 1.296 1.03106 1.03092 1.29517 2.63199 7.00485 14.5901 6.75448 2.72727 1.47558 1.47878 2.73466 6.74257 14.6662 27.9329 31.6679 33.8881 34.4976 34.4969 33.887 31.6534 28.0129 30.3177 32.5532 33.6033 34.1087 34.1088 33.6036 32.5535 30.3171 26.4027 31.4974 33.7707 34.3567 34.3685 33.7828 31.4907 26.3958 14.5555 13.8596 13.7608 14.5413 14.5413 13.7608 13.9035 14.7595 10.5162 7.63831 5.29005 3.41084 3.38459 5.27185 7.63977 
7.00485 2.63199 1.29517 1.03092 1.03092 1.29517 2.63199 7.00485 14.6662 6.74257 2.73466 1.47878 1.47878 2.73466 6.74257 14.6662 27.9329 31.6679 33.8881 34.4976 34.4976 33.8881 31.6679 27.9329 30.3171 32.5535 33.6036 34.1088 34.1088 33.6036 32.5535 30.3171 26.4027 31.4974 33.7707 34.3567 34.3567 33.7707 31.4974 26.4027 14.7595 13.9035 13.7608 14.5413 14.6112 13.7563 13.8613 14.6381 10.5162 7.63831 5.27185 3.38459 3.41084 5.29005 7.63831 
7.11818 2.72416 1.34112 1.04069 1.04069 1.34112 2.72416 7.11818 14.6704 6.88539 2.88337 1.57377 1.57377 2.88337 6.88539 14.6704 27.7895 31.5614 33.7919 34.4217 34.4217 33.7919 31.5614 27.7895 29.8574 32.5654 33.5945 33.917 33.917 33.5945 32.5654 29.8574 25.5013 30.8844 33.2578 33.9175 33.9175 33.2578 30.8844 25.5013 12.8176 12.7155 13.5232 15.4206 15.5416 13.5212 12.6428 12.6777 9.35538 7.45482 5.69125 4.21456 4.26799 5.71367 7.45482 
7.41508 2.91617 1.40505 1.05216 1.05216 1.40505 2.91617 7.41508 14.8151 7.15015 3.04368 1.65508 1.65508 3.04368 7.15015 14.8151 27.482 31.2894 33.513 34.1657 34.1657 33.513 31.2894 27.482 29.0983 32.4061 33.4321 33.5371 33.5371 33.4321 32.4061 29.0983 23.9935 29.4915 31.7468 32.2643 32.2643 31.7468 29.4915 23.9935 11.6926 11.8303 12.7366 14.9795 15.0913 12.7335 11.7598 11.5622 8.63783 6.80567 5.15055 3.97498 4.0265 5.17583 6.80567 
7.89983 3.20837 1.49841 1.07059 1.07059 1.49841 3.20837 7.89983 15.0393 7.57355 3.30071 1.79413 1.79413 3.30071 7.57355 15.0393 26.8147 30.6557 32.8489 33.4858 33.4858 32.8489 30.6557 26.8147 27.798 32.0275 33.0621 32.737 32.737 33.0621 32.0275 27.798 21.7847 26.5229 28.4184 28.9564 28.9564 28.4184 26.5229 21.7847 11.2686 11.3003 11.2006 11.7897 11.8924 11.1889 11.2209 11.0829 8.20755 6.12991 4.42543 3.22386 3.26062 4.43731 6.12991 
9.50756 4.10543 1.80517 1.14193 1.14193 1.80517 4.10543 9.50756 16.1825 9.09593 4.13351 2.30351 2.30351 4.13351 9.09593 16.1825 25.1737 29.514 31.7511 32.4399 32.4399 31.7511 29.514 25.1737 21.6949 25.9055 26.7057 26.7422 26.7422 26.7057 25.9055 21.6949 15.2042 17.7799 19.5027 20.546 20.546 19.5027 17.7799 15.2042 10.6868 11.1699 8.68635 6.24273 6.33359 8.73637 11.1755 10.6444 6.97986 3.81786 2.25446 1.5292 1.52942 2.25465 3.81793 
10.5847 4.52138 1.93036 1.17057 1.17057 1.93036 4.52138 10.5847 18.0522 10.2438 4.69413 2.61753 2.61753 4.69413 10.2438 18.0522 27.0074 31.2755 33.0602 33.6685 33.6685 33.0602 31.2755 27.0074 22.4734 25.9373 27.2531 27.6582 27.6582 27.2531 25.9373 22.4734 18.0442 22.1533 25.0947 26.9022 26.9022 25.0947 22.1533 18.0442 11.5246 12.2132 9.31084 6.1643 6.18414 9.3199 12.1958 11.4507 6.96323 3.19153 1.65903 1.1548 1.15482 1.65907 3.1916 
11.3309 4.87967 2.04003 1.19632 1.19632 2.04003 4.87967 11.3309 19.0348 10.7959 4.9105 2.70756 2.70756 4.9105 10.7959 19.0348 28.1043 32.4247 33.9336 34.4311 34.4311 33.9336 32.4247 28.1043 22.7399 24.9308 26.678 28.1035 28.1035 26.678 24.9308 22.7399 19.6667 24.8016 28.3806 30.5083 30.5083 28.3806 24.8016 19.6667 11.6723 12.6657 9.62433 6.22065 6.23062 9.63106 12.6519 11.5986 6.49178 2.60785 1.33156 1.04339 1.04339 1.33155 2.60787 
11.6547 5.0115 2.06905 1.20622 1.20622 2.06905 5.0115 11.6547 19.4574 10.9441 4.89679 2.63994 2.63994 4.89679 10.9441 19.4574 28.6088 32.8086 34.2235 34.6306 34.6306 34.2235 32.8086 28.6088 22.8433 24.3777 26.2687 28.2333 28.2333 26.2687 24.3777 22.8433 20.3692 26.4031 30.3737 32.123 32.123 30.3737 26.4031 20.3692 11.6108 12.8701 9.81948 6.28101 6.28453 9.82251 12.8632 11.5651 6.14078 2.37281 1.23906 1.02434 1.02434 1.23904 2.37282 
11.6765 5.00934 2.06795 1.2058 1.20622 2.06905 5.0115 11.6547 19.4167 10.9592 4.88913 2.63402 2.63994 4.89679 10.9441 19.4574 28.6088 32.8086 34.2235 34.6306 34.6303 34.2232 32.811 28.6172 22.8751 24.3882 26.2662 28.2334 28.2333 26.2687 24.3777 22.8433 20.3938 26.3144 30.2794 32.0704 32.0881 30.3125 26.3144 20.3938 11.5347 12.8632 9.81948 6.28101 6.28101 9.81948 12.8701 11.6108 6.14078 2.37281 1.23906 1.02434 1.02434 1.23906 2.37281 
11.3681 4.88063 2.03938 1.1959 1.19632 2.04003 4.87967 11.3309 18.9966 10.8111 4.89541 2.69847 2.70756 4.9105 10.7959 19.0348 28.1043 32.4247 33.9336 34.4311 34.43 33.9318 32.4219 28.1301 22.8013 24.9462 26.6776 28.1041 28.1035 26.678 24.9308 22.7399 19.6958 24.6789 28.2247 30.4223 30.4518 28.2796 24.6789 19.6958 11.5838 12.6519 9.62433 6.22065 6.22065 9.62433 12.6657 11.6723 6.49178 2.60785 1.33156 1.04339 1.04339 1.33156 2.60785 
10.6213 4.52353 1.93024 1.1703 1.17057 1.93036 4.52138 10.5847 18.0139 10.2587 4.67869 2.60899 2.61753 4.69413 10.2438 18.0522 27.0074 31.2755 33.0602 33.6685 33.6678 33.0573 31.2616 27.0338 22.5378 25.9495 27.2557 27.6588 27.6582 27.2531 25.9373 22.4734 18.0186 22.055 24.9795 26.8445 26.8759 25.0298 22.055 18.0186 11.4496 12.1958 9.31084 6.1643 6.1643 9.31084 12.2132 11.5246 6.96323 3.19153 1.65903 1.1548 1.1548 1.65903 3.19153 
9.54504 4.11237 1.80664 1.14209 1.14193 1.80517 4.10543 9.50756 16.1278 9.10371 4.11556 2.29555 2.30351 4.13351 9.09593 16.1825 25.1737 29.514 31.7511 32.4399 32.4413 31.7534 29.506 25.219 21.596 25.7478 26.5317 26.5894 26.7422 26.7057 25.9055 21.6949 14.9777 17.4394 19.262 20.3353 20.339 19.2629 17.4394 14.9777 10.6433 11.1755 8.68635 6.24273 6.24273 8.68635 11.1699 10.6868 6.97986 3.81786 2.25446 1.5292 1.5292 2.25446 3.81786 
8.02593 3.72663 1.75262 1.15672 1.15572 1.74978 3.71809 7.9984 12.5841 7.43441 3.47092 1.9179 1.9171 3.46527 7.40811 12.4838 19.4604 25.4881 27.8107 28.6109 28.6109 27.8107 25.4867 19.4596 9.91506 11.8088 11.846 12.4044 12.2632 11.6803 11.6505 9.80968 7.37034 8.62507 9.56097 9.35192 9.1491 9.33139 8.46264 7.25649 5.99358 6.01355 4.31997 2.7893 2.7945 4.33118 6.04256 6.00995 3.23918 1.49398 1.05219 1.00178 1.00178 1.05219 1.49398 
9.41512 4.22383 1.88195 1.19313 1.19206 1.88058 4.22464 9.41231 14.3784 8.90646 4.06067 2.17698 2.17748 4.0639 8.92272 14.3588 19.7804 27.262 30.4813 31.4973 31.4973 30.4813 27.262 19.7793 6.92429 8.88705 9.04977 8.8911 8.89114 9.04965 8.88918 6.92175 4.91923 6.26208 6.31466 5.69911 5.70692 6.31959 6.23395 4.90588 2.68054 2.76905 2.04408 1.39545 1.39458 2.04314 2.77058 2.67406 1.71622 1.11847 1.00493 0.998668 0.998668 1.00493 1.11847 
10.0986 4.53693 1.9759 1.21428 1.21323 1.97474 4.5391 10.0955 15.2222 9.65984 4.37266 2.30842 2.30748 4.37453 9.67294 15.1956 19.9208 28.1236 31.934 33.0901 33.0901 31.934 28.1242 19.9195 5.67366 7.73214 7.72732 6.90314 6.90263 7.72854 7.73399 5.67385 2.90734 4.00776 3.86359 3.17677 3.17808 3.86321 3.96393 2.89387 1.40005 1.41529 1.20268 1.04753 1.04757 1.20309 1.41671 1.39804 1.16518 1.02368 1.00141 0.999882 0.999882 1.00141 1.02368 
10.3329 4.64729 1.99601 1.20561 1.20505 1.99551 4.65027 10.3294 15.5146 9.88114 4.46403 2.34239 2.34063 4.46453 9.89093 15.4977 19.9469 28.4238 32.446 33.5762 33.5762 32.446 28.4249 19.945 5.68769 8.76281 8.113 5.56161 5.56122 8.11398 8.76434 5.688 1.88687 2.4914 2.444 2.02254 2.02298 2.44363 2.4695 1.8882 1.08555 1.06991 1.02569 1.00326 1.00327 1.02577 1.07007 1.08387 1.01301 1.00042 0.999893 1.00003 1.00003 0.999893 1.00042 
10.3294 4.65027 1.99551 1.20505 1.20505 1.99551 4.64729 10.3329 15.4977 9.89093 4.46453 2.34063 2.34063 4.46453 9.89093 15.4977 19.9469 28.4238 32.446 33.5762 33.586 32.4597 28.4238 19.9469 5.688 8.76434 8.11398 5.56122 5.56161 8.113 8.76281 5.68769 1.8882 2.4695 2.44363 2.02298 2.02298 2.44363 2.4695 1.8882 1.08555 1.06991 1.02569 1.00326 1.00326 1.02569 1.06991 1.08555 1.01301 1.00042 0.999893 1.00003 1.00003 0.999892 1.00041 
10.0955 4.5391 1.97474 1.21323 1.21323 1.97474 4.53693 10.0986 15.1956 9.67294 4.37453 2.30748 2.30748 4.37453 9.67294 15.1956 19.9208 28.1236 31.934 33.0901 33.1066 31.9608 28.1236 19.9208 5.67385 7.73399 7.72854 6.90263 6.90314 7.72732 7.73214 5.67366 2.89387 3.96393 3.86321 3.17808 3.17808 3.86321 3.96393 2.89387 1.40005 1.41529 1.20268 1.04753 1.04753 1.20268 1.41529 1.40005 1.16518 1.02368 1.00141 0.999882 0.999882 1.00141 1.02363 
9.41231 4.22464 1.88058 1.19206 1.19206 1.88058 4.22383 9.41512 14.3588 8.92272 4.0639 2.17748 2.17748 4.0639 8.92272 14.3588 19.7804 27.262 30.4813 31.4973 31.5209 30.5165 27.262 19.7804 6.92175 8.88918 9.04965 8.89114 8.8911 9.04977 8.88705 6.92429 4.90588 6.23395 6.31959 5.70692 5.70692 6.31959 6.23395 4.90588 2.68054 2.76905 2.04408 1.39545 1.39545 2.04408 2.76905 2.68054 1.71622 1.11847 1.00493 0.998668 0.998713 1.00498 1.11826 
7.9984 3.71809 1.74978 1.15572 1.15572 1.74978 3.72663 8.02593 12.4838 7.40811 3.46527 1.9171 1.9171 3.46527 7.40811 12.4838 19.4604 25.4881 27.8107 28.6109 28.5612 27.7659 25.4881 19.4604 9.80968 11.6505 11.6803 12.2632 12.4044 11.846 11.8088 9.91506 7.25649 8.46264 9.33139 9.1491 9.1491 9.33139 8.46264 7.25649 5.99358 6.01355 4.31997 2.7893 2.7893 4.31997 6.01355 5.99358 3.23918 1.49398 1.05219 1.00178 1.00222 1.05305 1.49253 
2.85079 1.65615 1.15244 1.02581 1.02587 1.1523 1.65405 2.82998 4.25725 2.62476 1.52319 1.12344 1.12468 1.52797 2.64327 4.327 10.6137 14.402 15.8284 16.331 16.3292 15.827 14.402 10.6137 3.30552 3.6628 3.86721 4.22945 4.22945 3.86721 3.6628 3.30552 3.24661 3.76231 3.94846 3.97555 3.97555 3.94846 3.76231 3.24661 2.38589 2.64895 2.00261 1.35669 1.35669 2.00261 2.64895 2.38589 1.31475 1.03992 1.00449 1.00002 1.00002 1.00449 1.03992 
1.67346 1.2171 1.04492 1.00586 1.00594 1.04532 1.21846 1.6729 2.33767 1.57318 1.13981 1.02463 1.02458 1.1399 1.57477 2.35511 5.70206 7.75737 8.21999 8.06014 8.05958 8.21931 7.75737 5.70206 1.55366 1.58773 1.67215 1.88702 1.88702 1.67215 1.58773 1.55366 1.44448 1.54509 1.57345 1.62186 1.62186 1.57345 1.54509 1.44448 1.2424 1.3419 1.17272 1.04093 1.04093 1.17272 1.3419 1.2424 1.05475 1.00698 1.00047 0.999769 0.999769 1.00047 1.00698 
1.14783 1.04058 1.00653 1.00054 1.00055 1.00658 1.04079 1.14796 1.31567 1.10386 1.01822 1.00172 1.00171 1.01822 1.10424 1.32182 2.97564 3.98822 3.99868 3.66511 3.66474 3.99827 3.98822 2.97564 1.07206 1.06643 1.08829 1.1454 1.1454 1.08829 1.06643 1.07206 1.04066 1.04766 1.04538 1.06226 1.06226 1.04538 1.04766 1.04066 1.02352 1.03975 1.01667 1.00221 1.00221 1.01667 1.03975 1.02352 1.00566 1.00058 0.999915 0.999976 0.999976 0.999915 1.00058 
1.02456 1.00535 1.00056 0.999857 0.999857 1.00056 1.00537 1.02458 1.05508 1.01289 1.001 0.999769 0.999766 1.00099 1.01293 1.05677 1.77011 2.25743 2.21247 2.03565 2.03569 2.21243 2.25743 1.77011 1.00868 1.00553 1.00955 1.0212 1.0212 1.00955 1.00553 1.00868 0.99869 0.993669 0.99003 0.997501 0.997501 0.99003 0.993669 0.99869 1.00113 1.00227 1.00055 0.999876 0.999876 1.00055 1.00227 1.00113 1.00058 0.999924 0.999963 0.999998 0.999998 0.999963 0.999924 
1.02458 1.00537 1.00056 0.999857 0.999857 1.00056 1.00537 1.02458 1.05508 1.01289 1.001 0.999769 0.999769 1.001 1.01289 1.05508 1.77011 2.25743 2.21243 2.03569 2.03565 2.21247 2.25753 1.77019 1.00868 1.00553 1.00955 1.0212 1.0212 1.00955 1.00553 1.00868 0.998693 0.993662 0.990616 0.997669 0.997501 0.99003 0.993669 0.99869 1.00113 1.00227 1.00055 0.999876 0.999872 1.00055 1.00227 1.00112 1.00058 0.999924 0.999963 0.999998 0.999998 0.999963 0.999924 
1.14796 1.04079 1.00658 1.00055 1.00055 1.00658 1.04079 1.14796 1.31567 1.10386 1.01822 1.00172 1.00172 1.01822 1.10386 1.31567 2.97564 3.98822 3.99827 3.66474 3.66511 3.99868 3.9886 2.97586 1.07204 1.06642 1.08827 1.14543 1.1454 1.08829 1.06643 1.07206 1.04068 1.0477 1.0474 1.06313 1.06226 1.04538 1.04766 1.04066 1.02352 1.03975 1.01667 1.00221 1.00214 1.01663 1.03983 1.0234 1.00566 1.00058 0.999915 0.999976 0.999976 0.999915 1.00058 
1.6729 1.21846 1.04532 1.00594 1.00594 1.04532 1.21846 1.6729 2.33767 1.57318 1.13981 1.02463 1.02463 1.13981 1.57318 2.33767 5.70206 7.75737 8.21931 8.05958 8.06014 8.21999 7.75781 5.70248 1.55236 1.586 1.6703 1.88569 1.88702 1.67215 1.58773 1.55366 1.4471 1.54533 1.58784 1.62886 1.62186 1.57345 1.54509 1.44448 1.2424 1.3419 1.17272 1.04093 1.04049 1.17333 1.34557 1.2441 1.05475 1.00698 1.00047 0.999769 0.999769 1.00047 1.00698 
2.82998 1.65405 1.1523 1.02587 1.02587 1.1523 1.65405 2.82998 4.25725 2.62476 1.52319 1.12344 1.12344 1.52319 2.62476 4.25725 10.6137 14.402 15.827 16.3292 16.331 15.8284 14.4031 10.6155 3.29011 3.64128 3.84712 4.20493 4.22945 3.86721 3.6628 3.30552 3.2024 3.76323 3.94317 3.96069 3.97555 3.94846 3.76231 3.24661 2.38589 2.64895 2.00261 1.35669 1.33606 1.97888 2.61362 2.35262 1.31475 1.03992 1.00449 1.00002 1.00002 1.00449 1.03992 
1.76651 1.25049 1.04909 1.00705 1.00705 1.04909 1.25049 1.76651 2.57714 1.74584 1.21336 1.04462 1.04462 1.21336 1.74584 2.57714 4.28737 5.77692 6.49489 7.13917 7.13917 6.49489 5.77692 4.28737 1.90584 2.19257 2.16503 1.95447 1.95447 2.16503 2.19257 1.90584 1.75074 2.07006 2.07946 1.96579 1.95961 2.06644 2.07006 1.74497 1.25787 1.40217 1.19018 1.04776 1.04776 1.19018 1.40217 1.25787 1.04162 1.00372 1.00011 1.00002 1.00002 1.00011 1.00372 
1.24723 1.07283 1.01063 1.00107 1.00107 1.01063 1.07283 1.24723 1.47598 1.19269 1.04468 1.00703 1.00703 1.04468 1.19269 1.47598 2.41546 3.21704 3.56727 3.60285 3.60285 3.56727 3.21704 2.41546 1.2592 1.38468 1.35299 1.24024 1.24024 1.35299 1.38468 1.2592 1.14824 1.25369 1.25624 1.1969 1.19483 1.25184 1.25369 1.14656 1.02954 1.05441 1.02006 1.00357 1.00357 1.02006 1.05441 1.02954 1.00534 1.00057 0.999975 0.999983 0.999983 0.999975 1.00057 
1.05088 1.01119 1.00132 0.999933 0.999933 1.00132 1.01119 1.05088 1.10148 1.03417 1.00554 1.00051 1.00051 1.00554 1.03417 1.10148 1.42039 1.75386 1.89709 1.80403 1.80403 1.89709 1.75386 1.42039 1.04806 1.08033 1.07123 1.04015 1.04015 1.07123 1.08033 1.04806 1.01832 1.03921 1.042 1.0263 1.02587 1.04105 1.03921 1.01802 1.00222 1.00461 1.00121 1.00004 1.00004 1.00121 1.00461 1.00222 1.0006 0.999986 0.999989 1 1 0.999989 0.999986 
1.00689 1.00113 0.99994 0.999932 0.999932 0.99994 1.00113 1.00689 1.01457 1.0037 1.00033 0.999863 0.999863 1.00033 1.0037 1.01457 1.10136 1.20331 1.24951 1.20721 1.20721 1.24951 1.20331 1.10136 1.00541 1.00973 1.00857 1.00395 1.00395 1.00857 1.00973 1.00541 1.00138 1.00358 1.00428 1.00215 1.00209 1.00415 1.00358 1.00135 1.00002 1.00003 0.99993 0.999928 0.999928 0.99993 1.00003 1.00002 1.00005 0.999979 1 1 1 1 0.999979 
0 0 0 0 0.999932 0.99994 1.00113 1.00689 1.01457 1.0037 1.00033 0.999863 0.999863 1.00033 1.00364 1.01448 1.10136 1.20331 1.24951 1.20721 1.2049 1.24613 1.20065 1.10025 1.00542 1.00957 1.00844 1.00388 1.00395 1.00857 1.00973 1.00541 1.00135 1.00347 1.00415 1.00209 1.00215 1.00428 1.00358 1.00138 1.00002 1.00003 0.99993 0.999928 0.999928 0.99993 1.00003 1.00002 1.00005 0.999979 1 1 0 0 0 
0 0 0 0 0.999933 1.00132 1.01119 1.05088 1.10148 1.03417 1.00554 1.00051 1.00051 1.00554 1.03381 1.10095 1.42039 1.75386 1.89709 1.80403 1.79666 1.88566 1.74481 1.41643 1.04798 1.07928 1.07028 1.03971 1.04015 1.07123 1.08033 1.04806 1.01802 1.03835 1.04105 1.02587 1.0263 1.042 1.03921 1.01832 1.00222 1.00461 1.00121 1.00004 1.00004 1.00121 1.00461 1.00222 1.0006 0.999986 0.999989 1 0 0 0 
0 0 0 0 1.00107 1.01063 1.07283 1.24723 1.47598 1.19269 1.04468 1.00703 1.00703 1.04468 1.19133 1.47426 2.41546 3.21704 3.56727 3.60285 3.58838 3.55226 3.20623 2.40913 1.25898 1.38071 1.34935 1.23838 1.24024 1.35299 1.38468 1.2592 1.14656 1.24944 1.25184 1.19483 1.1969 1.25624 1.25369 1.14824 1.02954 1.05442 1.02006 1.00357 1.00357 1.02006 1.05441 1.02954 1.00534 1.00057 0.999975 0.999983 0 0 0 
