0 0 0 0 1.00049 1.0038 1.02258 1.10263 1.48672 1.11515 1.01448 1.00106 1.00107 1.01458 1.11593 1.49412 3.17183 3.47384 2.95078 2.45346 2.44964 2.94199 3.46134 3.16331 3.24804 5.08389 7.3392 9.76423 9.7623 7.34941 5.09181 3.24652 1.44593 1.28874 1.33471 1.41465 1.41176 1.32921 1.28229 1.43552 1.45033 1.34098 1.1372 1.03382 1.0341 1.13915 1.34533 1.45609 1.24693 1.05142 1.00628 1.00058 0 0 0 
0 0 0 0 0.999951 1.00058 1.0039 1.01636 1.08634 1.0184 1.00198 0.999984 0.999983 1.00198 1.01843 1.08752 1.54549 1.5493 1.38871 1.24587 1.24494 1.38634 1.54602 1.54504 2.34895 4.0475 5.65146 7.06648 7.06014 5.6498 4.0452 2.34577 1.04294 1.01388 1.01507 1.03317 1.03351 1.01515 1.01382 1.04058 1.08551 1.05514 1.01674 1.0023 1.00233 1.01699 1.05603 1.0869 1.05231 1.01034 1.00102 0.999965 0 0 0 
0 0 0 0 0.999969 1 1.00047 1.00157 1.00954 1.00181 1.00004 0.999922 0.999922 1.00004 1.00181 1.00967 1.11927 1.08192 1.04829 1.02379 1.02366 1.04787 1.08131 1.12086 1.91927 3.45181 4.75255 5.08534 5.06915 4.7431 3.44316 1.91323 0.998167 0.992257 0.989657 0.994621 0.994643 0.989637 0.992237 0.996462 1.00932 1.00528 1.0011 0.99998 0.999986 1.00113 1.0054 1.00953 1.00707 1.00114 0.999991 0.999962 0 0 0 
0 0 0 0 0.999995 0.999974 0.999947 1.00014 1.00029 0.999765 0.999932 0.999986 0.999987 0.999932 0.999763 1.0003 1.02675 1.00779 1.00302 1.00087 1.00086 1.00297 1.00771 1.02781 1.50129 3.17624 4.92817 3.62064 3.59356 4.87046 3.14277 1.49458 0.999528 0.997563 0.996769 0.997976 0.997964 0.99674 0.997539 0.998623 1.00061 1.00014 0.999968 0.999952 0.999952 0.99997 1.00015 1.00063 1.00072 0.999975 0.999963 0.999994 0 0 0 
1.00014 0.999947 0.999974 0.999995 0.999995 0.999974 0.999947 1.00014 1.00029 0.999765 0.999932 0.999986 0.999986 0.999932 0.999765 1.00029 1.02781 1.00771 1.00297 1.00086 1.00086 1.00297 1.00771 1.02781 1.50129 3.17624 4.92817 3.62064 3.62064 4.92817 3.17624 1.50129 0.998623 0.997539 0.99674 0.997964 0.997964 0.99674 0.997539 0.998623 1.00063 1.00015 0.99997 0.999952 0.999952 0.99997 1.00015 1.00063 1.00072 0.999975 0.999963 0.999994 0.999994 0.999963 0.999975 
1.00157 1.00047 1 0.999969 0.999969 1 1.00047 1.00157 1.00954 1.00181 1.00004 0.999922 0.999922 1.00004 1.00181 1.00954 1.12086 1.08131 1.04787 1.02366 1.02366 1.04787 1.08131 1.12086 1.91927 3.45181 4.75255 5.08534 5.08534 4.75255 3.45181 1.91927 0.996462 0.992237 0.989637 0.994643 0.994643 0.989637 0.992237 0.996462 1.00953 1.0054 1.00113 0.999986 0.999986 1.00113 1.0054 1.00953 1.00707 1.00114 0.999991 0.999962 0.999962 0.999991 1.00114 
1.01636 1.0039 1.00058 0.999951 0.999951 1.00058 1.0039 1.01636 1.08634 1.0184 1.00198 0.999984 0.999984 1.00198 1.0184 1.08634 1.54504 1.54602 1.38634 1.24494 1.24494 1.38634 1.54602 1.54504 2.34895 4.0475 5.65146 7.06648 7.06648 5.65146 4.0475 2.34895 1.04058 1.01382 1.01515 1.03351 1.03351 1.01515 1.01382 1.04058 1.0869 1.05603 1.01699 1.00233 1.00233 1.01699 1.05603 1.0869 1.05231 1.01034 1.00102 0.999965 0.999965 1.00102 1.01034 
1.10263 1.02258 1.0038 1.00049 1.00049 1.0038 1.02258 1.10263 1.48672 1.11515 1.01448 1.00106 1.00106 1.01448 1.11515 1.48672 3.16331 3.46134 2.94199 2.44964 2.44964 2.94199 3.46134 3.16331 3.24804 5.08389 7.3392 9.76423 9.76423 7.3392 5.08389 3.24804 1.43552 1.28229 1.32921 1.41176 1.41176 1.32921 1.28229 1.43552 1.45609 1.34533 1.13915 1.0341 1.0341 1.13915 1.34533 1.45609 1.24693 1.05142 1.00628 1.00058 1.00058 1.00628 1.05142 
1.55956 1.11429 1.01636 1.00136 1.00134 1.0163 1.11429 1.55956 2.49477 1.47086 1.077 1.00971 1.00937 1.07544 1.47086 2.49477 6.48961 7.33958 6.43684 5.6838 5.6838 6.43684 7.33958 6.48961 5.14098 7.30659 9.36032 11.5023 11.4607 9.29793 7.26718 5.06258 3.52414 3.09967 3.31391 3.44805 3.4606 3.32471 3.09967 3.52414 2.30169 2.06399 1.60801 1.2504 1.2504 1.60801 2.06399 2.30169 1.52382 1.09374 1.00279 0.999684 0.999684 1.00279 1.09374 
1.18148 1.03151 1.00367 1.00004 1.00003 1.00363 1.03151 1.18148 1.55582 1.13353 1.01504 1.00066 1.00066 1.01502 1.13353 1.55582 3.3019 3.41888 2.91051 2.40396 2.40396 2.91051 3.41888 3.3019 3.91115 5.37079 6.51006 7.46168 7.43205 6.47924 5.35427 3.90499 2.1049 1.70067 1.63394 1.61217 1.60969 1.62942 1.70067 2.1049 1.26417 1.20982 1.10447 1.03367 1.03367 1.10447 1.20982 1.26417 1.04597 0.996672 0.997668 0.999681 0.999681 0.997668 0.996672 
1.03304 1.00442 1.00033 0.999931 0.999931 1.00032 1.00442 1.03304 1.12851 1.02207 1.00128 0.999793 0.999794 1.00128 1.02207 1.12851 1.84192 1.64561 1.42605 1.24531 1.24531 1.42605 1.64561 1.84192 3.51504 4.71469 5.493 5.43547 5.43477 5.47666 4.71519 3.54892 1.49479 1.19342 1.13091 1.10879 1.10807 1.12964 1.19342 1.49479 1.02955 1.02317 1.00943 1.00217 1.00217 1.00943 1.02317 1.02955 0.995632 0.997703 0.999794 1.00003 1.00003 0.999794 0.997703 
1.0044 1.00033 0.999882 0.999973 0.999974 0.999882 1.00033 1.0044 1.02294 1.00225 0.999867 0.999949 0.999949 0.99987 1.00225 1.02294 1.30457 1.14532 1.07755 1.03001 1.03001 1.07755 1.14532 1.30457 3.43496 5.51013 6.97822 5.01178 5.05955 7.15826 5.63115 3.53256 1.19236 1.04282 1.02044 1.01464 1.01446 1.02017 1.04282 1.19236 1.00189 1.00076 1.00003 0.999876 0.999876 1.00003 1.00076 1.00189 0.998505 0.999827 1.00007 1.00001 1.00001 1.00007 0.999827 
1.00443 1.00033 0.999882 0.999974 0.999973 0.999882 1.00033 1.0044 1.02294 1.00225 0.999867 0.999949 0.999949 0.999867 1.00222 1.02295 1.29875 1.14294 1.07506 1.02907 1.03001 1.07506 1.14532 1.30457 3.53256 5.63115 7.15826 5.05955 5.05955 7.15826 5.63115 3.53256 1.2013 1.04315 1.02017 1.01446 1.01428 1.01986 1.04287 1.21051 1.00189 1.00075 1.00003 0.999877 0.999876 1.00003 1.00076 1.00189 0.998505 0.999827 1.00007 1.00001 1.00001 1.00007 0.999827 
1.03315 1.0044 1.00032 0.999931 0.999931 1.00033 1.00442 1.03304 1.12851 1.02207 1.00128 0.999793 0.999793 1.00128 1.02197 1.12853 1.8228 1.63519 1.41688 1.24141 1.24531 1.41688 1.64561 1.84192 3.54892 4.71519 5.47666 5.43477 5.43477 5.47666 4.71519 3.54892 1.5056 1.19357 1.12964 1.10807 1.10729 1.12818 1.19198 1.51616 1.0295 1.02313 1.00947 1.00219 1.00217 1.00943 1.02317 1.02955 0.995632 0.997703 0.999794 1.00003 1.00003 0.999795 0.9977 
1.18133 1.03129 1.00363 1.00003 1.00004 1.00367 1.03151 1.18148 1.55582 1.13353 1.01504 1.00066 1.00066 1.01504 1.13354 1.55527 3.25219 3.384 2.88504 2.3929 2.40396 2.88504 3.41888 3.3019 3.90499 5.35427 6.47924 7.43205 7.43205 6.47924 5.35427 3.90499 2.10827 1.69717 1.62942 1.60969 1.6074 1.62511 1.69223 2.11217 1.26409 1.20962 1.10499 1.03393 1.03367 1.10447 1.20982 1.26417 1.04597 0.996672 0.997668 0.999681 0.999681 0.997669 0.996747 
1.56364 1.11437 1.0163 1.00134 1.00136 1.01636 1.11429 1.55956 2.49477 1.47086 1.077 1.00971 1.00971 1.077 1.47755 2.51073 6.48583 7.3805 6.48442 5.73802 5.6838 6.48442 7.33958 6.48961 5.06258 7.26718 9.29793 11.4607 11.4607 9.29793 7.26718 5.06258 3.53491 3.10672 3.32471 3.4606 3.45578 3.31618 3.09714 3.51971 2.29916 2.06188 1.61022 1.25245 1.2504 1.60801 2.06399 2.30169 1.52382 1.09374 1.00279 0.999684 0.999688 1.00277 1.09484 
3.22354 1.54447 1.08685 1.00682 1.00682 1.08685 1.54447 3.22354 6.19566 3.27331 1.65123 1.16432 1.16432 1.65123 3.27791 6.09993 12.7269 14.7238 13.6248 12.945 13.0166 13.6919 14.7512 12.7071 10.8157 15.002 18.0571 19.8196 19.8196 18.0571 15.1566 10.9371 5.72062 5.48731 6.68084 7.42179 7.42161 6.68054 5.48749 5.74145 4.61318 4.10317 3.00358 2.03978 2.03987 3.00396 4.1044 4.61535 4.56693 2.55868 1.35891 1.06035 1.05981 1.35532 2.53954 
2.92004 1.46903 1.07595 1.00526 1.00526 1.07595 1.46903 2.92004 5.39118 3.07925 1.65819 1.17476 1.17476 1.65819 3.07993 5.31737 10.3061 12.0198 10.6288 8.9785 8.95917 10.6292 12.0331 10.2946 8.58095 14.3299 18.2801 20.0745 20.0745 18.2801 14.3304 8.56062 3.69135 3.05691 3.22813 3.52508 3.53183 3.23979 3.06709 3.71393 3.04163 2.70741 1.95207 1.38797 1.38631 1.94519 2.69318 3.02233 3.1942 1.96035 1.16927 1.02015 1.0202 1.16951 1.96088 
2.52027 1.35902 1.05429 1.00314 1.00314 1.05429 1.35902 2.52027 4.42965 2.58096 1.47481 1.11379 1.11379 1.47481 2.58528 4.38609 8.5777 10.1024 8.22474 6.0682 6.05644 8.24321 10.102 8.55663 7.62308 15.1827 19.7086 20.9845 20.9845 19.7086 15.1857 7.59422 2.29281 1.52349 1.52434 1.6961 1.69783 1.5277 1.52833 2.31901 1.76376 1.63631 1.28404 1.07898 1.0785 1.28132 1.62888 1.75258 1.97671 1.36795 1.04662 1.00371 1.00372 1.04663 1.36764 
2.16781 1.26541 1.03487 1.00202 1.00202 1.03487 1.26541 2.16781 3.72351 2.07187 1.25408 1.04585 1.04585 1.25408 2.08183 3.69453 7.64471 8.80852 6.81755 4.65572 4.65146 6.83143 8.79939 7.63077 9.0757 17.271 20.8754 21.4477 21.4477 20.8754 17.2772 9.05531 1.946 1.15135 1.09447 1.16947 1.16927 1.09438 1.15351 1.97793 1.21871 1.1832 1.06023 1.01073 1.01063 1.05956 1.18104 1.21575 1.29531 1.08116 1.00753 1.00025 1.00025 1.00753 1.08092 
2.16779 1.2654 1.03518 1.00206 1.00202 1.03487 1.26541 2.16781 3.69453 2.08183 1.25408 1.04585 1.04522 1.25181 2.07187 3.72351 7.63077 8.79939 6.83143 4.65146 4.65146 6.83143 8.79939 7.63077 9.05531 17.2772 20.8882 21.4559 21.4477 20.8754 17.271 9.0757 1.91522 1.14918 1.09439 1.17646 1.16947 1.09447 1.15329 1.9726 1.21872 1.18288 1.06001 1.01066 1.01007 1.05796 1.18231 1.22171 1.29496 1.08092 1.00753 1.00025 1.00025 1.00753 1.08116 
2.52035 1.359 1.05522 1.00335 1.00314 1.05429 1.35902 2.52027 4.38609 2.58528 1.47481 1.11379 1.11218 1.47036 2.58096 4.42965 8.55663 10.102 8.24321 6.05644 6.05644 8.24321 10.102 8.55663 7.59422 15.1857 19.7297 20.9987 20.9845 19.7086 15.1827 7.62308 2.26869 1.5182 1.52854 1.70702 1.6961 1.52434 1.52794 2.31285 1.76429 1.63618 1.28274 1.07846 1.07515 1.27352 1.63584 1.77088 1.97562 1.36764 1.04662 1.00371 1.00371 1.04662 1.36795 
2.92019 1.469 1.07721 1.00556 1.00526 1.07595 1.46903 2.92004 5.31737 3.07993 1.65819 1.17476 1.17258 1.65276 3.07925 5.39118 10.2946 12.0331 10.6292 8.95917 8.95917 10.6292 12.0331 10.2946 8.56062 14.3304 18.2954 20.0894 20.0745 18.2801 14.3299 8.58095 3.66701 3.0446 3.24834 3.53032 3.52508 3.22813 3.06267 3.70655 3.04256 2.7086 1.94813 1.38555 1.37268 1.92418 2.71153 3.05631 3.19235 1.96088 1.16927 1.02015 1.02015 1.16927 1.96035 
3.22391 1.54444 1.08807 1.00702 1.00682 1.08685 1.54447 3.22354 6.09993 3.27791 1.65123 1.16432 1.16294 1.64878 3.27331 6.19566 12.7071 14.7512 13.6919 13.0166 13.0166 13.6919 14.7512 12.7071 10.9371 15.1566 18.212 19.9531 19.8196 18.0571 15.002 10.8157 5.74656 5.53359 6.46074 7.09799 7.42179 6.68084 5.5519 5.80424 4.68546 4.16231 3.02896 2.04876 2.06213 3.05551 4.24922 4.90087 4.50771 2.53954 1.35891 1.06035 1.06035 1.35891 2.55868 
5.64558 2.31189 1.24919 1.0297 1.02945 1.24803 2.30824 5.63585 11.0296 5.48031 2.29047 1.33596 1.33596 2.29047 5.49444 11.0025 20.9151 24.7319 26.0831 26.5159 26.5159 26.0831 24.7319 20.9151 22.0659 25.3062 27.2818 28.0632 28.0632 27.2818 25.3062 22.0659 18.0721 19.3469 20.3275 21.303 21.1021 20.5581 19.2318 18.0339 13.8897 11.6736 8.32982 5.76286 5.80965 8.28842 11.7562 13.8927 11.1773 5.82869 2.44253 1.37709 1.37446 2.43464 5.80233 
6.22134 2.50263 1.29099 1.03577 1.03544 1.28931 2.49601 6.19705 11.9284 5.93147 2.44099 1.3823 1.3823 2.44099 5.95453 11.929 22.6465 27.398 30.031 30.7362 30.7362 30.031 27.398 22.6465 24.5222 26.1902 27.7334 28.8983 28.8983 27.7334 26.1902 24.5222 24.6911 26.8886 28.2767 28.8418 28.8229 28.241 26.8577 24.7598 16.4872 13.6553 9.65852 7.05384 7.04674 9.66662 13.678 16.4857 12.3745 6.07457 2.5114 1.3981 1.39976 2.51383 6.07896 
6.51092 2.58025 1.30447 1.03738 1.03707 1.30287 2.57386 6.48699 12.5291 6.17627 2.50402 1.39451 1.39451 2.50402 6.201 12.5294 23.893 29.0952 32.1254 32.9671 32.9671 32.1254 29.0952 23.893 25.8643 25.672 27.1408 28.967 28.967 27.1408 25.672 25.8643 27.6091 30.3589 31.9266 32.565 32.5419 31.9548 30.3189 27.6665 18.1145 14.9571 10.6198 7.81926 7.8035 10.6345 14.9972 18.1139 13.3308 6.36804 2.62369 1.44816 1.45042 2.62698 6.37406 
6.56784 2.56449 1.28966 1.0329 1.03275 1.28883 2.56101 6.55262 12.8082 6.21029 2.48844 1.36562 1.36562 2.48844 6.23458 12.8086 24.6148 29.8368 32.8071 33.6496 33.6496 32.8071 29.8368 24.6148 26.347 25.553 27.007 28.9413 28.9413 27.007 25.553 26.347 28.5509 31.5394 33.1115 33.6754 33.6632 33.1339 31.507 28.5987 19.211 15.9271 11.1548 8.0998 8.0915 11.1642 15.9484 19.2104 14.2274 6.81692 2.77172 1.46818 1.46931 2.77348 6.82007 
6.55262 2.56101 1.28883 1.03275 1.03275 1.28883 2.56101 6.55262 12.8086 6.23458 2.49295 1.36728 1.36728 2.49295 6.24889 12.8082 24.7835 29.8042 32.7774 33.6391 33.6496 32.8071 29.8368 24.6148 26.3238 25.5506 26.9958 28.9574 28.9413 27.007 25.553 26.347 28.5504 31.5579 33.1243 33.6697 33.6754 33.1115 31.5394 28.5509 19.2104 15.9484 11.1642 8.0915 8.0915 11.1642 15.9484 19.2104 14.2274 6.81692 2.77172 1.46818 1.46818 2.77172 6.81692 
6.48699 2.57386 1.30287 1.03707 1.03707 1.30287 2.57386 6.48699 12.5294 6.201 2.51173 1.39717 1.39717 2.51173 6.22346 12.5291 24.0682 29.0761 32.0778 32.9477 32.9671 32.1254 29.0952 23.893 25.8373 25.6548 27.1355 28.9925 28.967 27.1408 25.672 25.8643 27.59 30.3819 31.9458 32.5532 32.565 31.9266 30.3589 27.6091 18.1139 14.9972 10.6345 7.8035 7.8035 10.6345 14.9972 18.1139 13.3308 6.36804 2.62369 1.44816 1.44816 2.62369 6.36804 
6.19705 2.49601 1.28931 1.03544 1.03544 1.28931 2.49601 6.19705 11.929 5.95453 2.44912 1.38503 1.38503 2.44912 5.97717 11.9284 22.7747 27.3647 29.9642 30.6988 30.7362 30.031 27.398 22.6465 24.4959 26.1738 27.749 28.9152 28.8983 27.7334 26.1902 24.5222 24.6531 26.8737 28.2846 28.8282 28.8418 28.2767 26.8886 24.6911 16.4857 13.678 9.66662 7.04674 7.04674 9.66662 13.678 16.4857 12.3745 6.07457 2.5114 1.3981 1.3981 2.5114 6.07457 
5.63585 2.30824 1.24803 1.02945 1.02945 1.24803 2.30824 5.63585 11.0025 5.49444 2.29917 1.33869 1.33869 2.29917 5.52373 11.0296 20.9751 24.6788 26.4206 26.8949 26.5159 26.0831 24.7319 20.9151 22.1676 25.4642 27.4305 28.1779 28.0632 27.2818 25.3062 22.0659 18.1806 19.4695 20.4431 21.2164 21.303 20.3275 19.3469 18.0721 13.8927 11.7562 8.28842 5.80965 5.80965 8.28842 11.7562 13.8927 11.1773 5.82869 2.44253 1.37709 1.37709 2.44253 5.82869 
7.08363 2.77337 1.35479 1.04568 1.04615 1.35729 2.78336 7.11382 13.5188 6.71148 2.71456 1.46081 1.46275 2.72033 6.7234 13.4965 25.1637 29.1117 30.9804 31.5959 31.6939 31.0784 29.1671 25.3145 29.3204 32.6127 33.4777 33.2925 33.3135 33.4947 32.6442 29.3586 24.2423 27.6842 29.0843 29.4903 29.4726 29.0478 27.6839 24.243 17.0959 14.5065 11.1969 8.43153 8.43153 11.1969 14.5065 17.0959 13.2965 8.15911 4.03379 2.26693 2.26693 4.03379 8.15911 
7.22328 2.76207 1.33832 1.04025 1.04061 1.34036 2.76966 7.24133 14.2594 6.82531 2.62865 1.37427 1.37604 2.63552 6.8455 14.2592 26.5173 30.5396 32.5968 33.3295 33.2973 32.5487 30.5068 26.5945 30.5109 33.1374 33.8884 33.9307 33.9297 33.8933 33.1517 30.5283 26.7063 29.6787 31.2378 31.8336 31.8477 31.2578 29.6803 26.7066 19.7215 16.2938 12.1235 8.9058 8.9058 12.1235 16.2938 19.7215 14.2248 8.29455 3.90861 2.18594 2.18594 3.90861 8.29455 
7.28481 2.75659 1.33092 1.03835 1.03867 1.33276 2.76357 7.30187 14.5589 6.86902 2.61609 1.35758 1.35893 2.62225 6.88838 14.5582 27.2803 31.2896 33.3093 34.0285 34.0058 33.2701 31.2651 27.3735 31.2825 33.3304 34.0659 34.2767 34.2787 34.0714 33.3422 31.2998 28.3132 31.2059 32.8116 33.4398 33.4558 32.8419 31.2073 28.3141 21.1527 17.0318 12.27 8.99283 8.99283 12.27 17.0318 21.1527 14.8062 8.20505 3.75148 2.1004 2.1004 3.75148 8.20505 
7.28253 2.73736 1.31968 1.03588 1.03609 1.32096 2.74226 7.29623 14.6768 6.85255 2.60402 1.35062 1.35164 2.60885 6.86744 14.6762 27.6189 31.5536 33.5208 34.1721 34.1587 33.5036 31.5395 27.7069 31.7776 33.3636 34.1105 34.4252 34.4265 34.1135 33.3694 31.788 29.2427 32.1207 33.6293 34.1417 34.1495 33.6461 32.1214 29.2416 21.9251 17.2086 11.9321 8.90796 8.90796 11.9321 17.2086 21.9251 15.4405 8.0504 3.55075 1.95545 1.95545 3.55075 8.0504 
7.29623 2.74226 1.32096 1.03609 1.03588 1.31968 2.73736 7.28253 14.6768 6.85255 2.60885 1.35164 1.35062 2.60402 6.85255 14.6768 27.7069 31.5395 33.5036 34.1587 34.1587 33.5036 31.5395 27.7069 31.788 33.3694 34.1135 34.4265 34.4252 34.1135 33.3694 31.7776 29.2225 32.0983 33.6415 34.1495 34.147 33.6415 32.0983 29.2225 21.9623 17.3229 11.9168 8.87086 8.90796 11.9321 17.2086 21.9251 15.4405 8.0504 3.55075 1.95545 1.94895 3.53775 8.02707 
7.30187 2.76357 1.33276 1.03867 1.03835 1.33092 2.75659 7.28481 14.5589 6.86902 2.62225 1.35893 1.35758 2.61609 6.86902 14.5589 27.3735 31.2651 33.2701 34.0058 34.0058 33.2701 31.2651 27.3735 31.2998 33.3422 34.0714 34.2787 34.2767 34.0714 33.3422 31.2825 28.2844 31.1662 32.8335 33.4558 33.4513 32.8335 31.1662 28.2844 21.2558 17.2332 12.2352 8.92949 8.99283 12.27 17.0318 21.1527 14.8062 8.20505 3.75148 2.1004 2.08828 3.72523 8.16827 
7.24133 2.76966 1.34036 1.04061 1.04025 1.33832 2.76207 7.22328 14.2594 6.82531 2.63552 1.37604 1.37427 2.62865 6.82531 14.2594 26.5945 30.5068 32.5487 33.2973 33.2973 32.5487 30.5068 26.5945 30.5283 33.1517 33.8933 33.9297 33.9307 33.8933 33.1517 30.5109 26.6721 29.6307 31.2462 31.8477 31.8384 31.2462 29.6307 26.6721 19.8528 16.507 12.0929 8.83545 8.9058 12.1235 16.2938 19.7215 14.2248 8.29455 3.90861 2.18594 2.17228 3.87832 8.25779 
7.11382 2.78336 1.35729 1.04615 1.04568 1.35479 2.77337 7.08363 13.5188 6.71148 2.72033 1.46275 1.46081 2.71456 6.71148 13.5188 25.3145 29.1671 31.0784 31.6939 31.6939 31.0784 29.1671 25.3145 29.3586 32.6442 33.4947 33.3135 33.2925 33.4947 32.6442 29.3204 24.237 27.7283 29.0904 29.4726 29.5158 29.0904 27.7283 24.237 17.1352 14.6504 11.1996 8.41012 8.43153 11.1969 14.5065 17.0959 13.2965 8.15911 4.03379 2.26693 2.26006 4.01357 8.13432 
8.21075 3.38177 1.57051 1.09125 1.09107 1.56979 3.37786 8.18345 14.7903 7.94015 3.53266 1.95735 1.92204 3.45761 7.8795 14.7729 26.63 30.3735 32.6764 33.3371 33.3371 32.6764 30.3755 26.5848 27.3204 31.6686 32.7725 32.4969 32.4969 32.7725 31.6108 27.3099 21.0981 26.0513 28.2169 28.8111 28.8111 28.2169 26.0513 21.0981 10.7857 11.082 11.1893 12.0214 12.0611 11.1807 11.0416 10.715 8.08073 6.09454 4.59595 3.62128 3.58279 4.58746 6.11394 
7.87256 3.13829 1.48222 1.07089 1.07037 1.47975 3.12804 7.83275 14.6211 7.58769 3.29721 1.8114 1.77963 3.22701 7.53595 14.6184 27.381 31.0105 33.3047 34.0008 34.0008 33.3047 31.0194 27.3055 28.6614 32.047 33.184 33.3539 33.3539 33.184 32.0267 28.7073 23.4156 29.0414 31.4334 31.9982 31.9982 31.4334 29.0414 23.4156 11.1446 11.5609 12.8412 15.2423 15.2957 12.8519 11.5263 11.0985 8.38131 6.66201 5.31614 4.44598 4.39391 5.29405 6.66567 
7.59393 2.94536 1.41105 1.05595 1.05548 1.40874 2.93591 7.55718 14.504 7.33355 3.12315 1.71315 1.68433 3.05925 7.28502 14.5021 27.7355 31.2892 33.6221 34.2979 34.2979 33.6221 31.3017 27.6488 29.4116 32.1908 33.3291 33.7255 33.7255 33.3291 32.1761 29.4534 24.8534 30.4466 33.0313 33.757 33.757 33.0313 30.4466 24.8534 12.1678 12.3967 13.6426 15.7584 15.8071 13.6502 12.3657 12.1244 8.99236 7.20621 5.81001 4.70335 4.6506 5.79137 7.21221 
7.4335 2.83297 1.35535 1.04231 1.04213 1.35437 2.82847 7.41146 14.5222 7.15445 2.93935 1.58971 1.57475 2.90567 7.12457 14.5224 27.9093 31.3814 33.7398 34.3932 34.3932 33.7398 31.3976 27.8284 29.7966 32.1379 33.3086 33.888 33.888 33.3086 32.1319 29.8192 25.7541 31.096 33.5841 34.2273 34.2273 33.5841 31.096 25.7541 13.9343 13.5701 13.8218 14.9593 14.9846 13.825 13.5586 13.907 10.1303 7.44276 5.46957 3.80936 3.78135 5.45688 7.44454 
7.41146 2.82847 1.35437 1.04213 1.04231 1.35535 2.83297 7.4335 14.5222 7.15445 2.93935 1.58971 1.58971 2.93935 7.15445 14.5222 27.8284 31.3976 33.7383 34.3916 34.3932 33.7398 31.3814 27.9093 29.8192 32.1319 33.3083 33.8879 33.888 33.3086 32.1379 29.7966 25.6741 31.1029 33.5841 34.2273 34.2177 33.5689 31.0814 25.8437 13.907 13.5586 13.825 14.9846 14.9846 13.825 13.5586 13.907 10.1303 7.44276 5.46957 3.80936 3.80936 5.46957 7.44276 
7.55718 2.93591 1.40874 1.05548 1.05595 1.41105 2.94536 7.59393 14.504 7.33355 3.12315 1.71315 1.71315 3.12315 7.33355 14.504 27.6488 31.3017 33.6212 34.2964 34.2979 33.6221 31.2892 27.7355 29.4534 32.1761 33.3288 33.7254 33.7255 33.3291 32.1908 29.4116 24.7563 30.4468 33.0313 33.757 33.7417 33.0032 30.4409 24.9682 12.1244 12.3657 13.6502 15.8071 15.8071 13.6502 12.3657 12.1244 8.99236 7.20621 5.81001 4.70335 4.70335 5.81001 7.20621 
7.83275 3.12804 1.47975 1.07037 1.07089 1.48222 3.13829 7.87256 14.6211 7.58769 3.29721 1.8114 1.8114 3.29721 7.58769 14.6211 27.3055 31.0194 33.3034 34.0001 34.0008 33.3047 31.0105 27.381 28.7073 32.0267 33.1837 33.3539 33.3539 33.184 32.047 28.6614 23.3446 29.078 31.4334 31.9982 32.0135 31.4134 29.0421 23.5239 11.0985 11.5263 12.8519 15.2957 15.2957 12.8519 11.5263 11.0985 8.38131 6.66201 5.31614 4.44598 4.44598 5.31614 6.66201 
8.18345 3.37786 1.56979 1.09107 1.09125 1.57051 3.38177 8.21075 14.7903 7.94015 3.53266 1.95735 1.95735 3.53266 7.94015 14.7903 26.5848 30.3755 32.6635 33.3332 33.3371 32.6764 30.3735 26.63 27.3099 31.6108 32.7722 32.4953 32.4969 32.7725 31.6686 27.3204 20.9995 26.0588 28.2169 28.8111 28.5785 27.9382 25.8074 21.0251 10.715 11.0416 11.1807 12.0611 12.0611 11.1807 11.0416 10.715 8.08073 6.09454 4.59595 3.62128 3.62128 4.59595 6.09454 
9.52788 4.22966 1.87787 1.1714 1.17148 1.87907 4.22972 9.52929 15.7432 9.21551 4.33605 2.47643 2.46834 4.32188 9.25789 15.7794 25.1015 29.1866 31.582 32.351 32.351 31.582 29.1866 25.1015 21.5519 25.9263 27.098 27.0792 26.9293 26.9307 25.923 21.5473 14.767 17.3051 19.5761 20.5723 20.769 19.7955 17.5995 15.0355 10.481 10.9545 8.77607 6.66331 6.66331 8.77607 10.9545 10.481 6.99015 3.90201 2.45262 1.67752 1.67752 2.45262 3.90201 
10.5892 4.64981 2.01164 1.20526 1.20485 2.01105 4.64981 10.5909 17.5504 10.4407 4.95412 2.83612 2.82524 4.93212 10.4786 17.5515 26.7021 30.813 32.7527 33.4694 33.4694 32.7527 30.813 26.7021 21.8474 25.562 26.9927 27.3844 27.3859 26.9977 25.562 21.8463 17.4856 21.2652 24.4067 26.3209 26.3692 24.5194 21.391 17.5996 11.3203 11.9264 9.26718 6.43762 6.43762 9.26718 11.9264 11.3203 7.13314 3.40649 1.81686 1.2204 1.2204 1.81686 3.40649 
11.3474 5.02428 2.13187 1.23822 1.23761 2.13063 5.02429 11.3493 18.5367 10.9964 5.17369 2.93459 2.92399 5.15357 11.0304 18.5426 27.7205 32.0544 33.6918 34.2831 34.2831 33.6918 32.0544 27.7205 21.9192 24.1942 26.0419 27.5415 27.5433 26.0436 24.1942 21.9192 19.1093 23.8587 27.7262 29.9348 30.0104 27.8812 24.004 19.1784 11.5429 12.3632 9.58657 6.4854 6.4854 9.58657 12.3632 11.5429 6.78753 2.81274 1.42104 1.06537 1.06537 1.42104 2.81274 
11.6937 5.17862 2.17011 1.25165 1.25104 2.16854 5.17858 11.6956 18.963 11.1296 5.12178 2.85339 2.84591 5.11004 11.1489 18.9725 28.1268 32.5232 34.0393 34.5194 34.5194 34.0393 32.5232 28.1268 21.9811 23.5105 25.4965 27.4475 27.4491 25.4955 23.5105 21.9806 19.8223 25.5927 29.789 31.6107 31.6606 29.8678 25.7015 19.8688 11.5102 12.5514 9.80003 6.54734 6.54734 9.80003 12.5514 11.5102 6.40052 2.5286 1.29243 1.03409 1.03409 1.29243 2.5286 
11.6956 5.17858 2.16854 1.25104 1.25104 2.16854 5.17858 11.6956 19.0163 11.1489 5.11004 2.84591 2.84591 5.11004 11.1296 18.963 28.126 32.5357 34.0576 34.528 34.5194 34.0393 32.5232 28.1268 21.9806 23.5105 25.4955 27.4491 27.4491 25.4955 23.5105 21.9811 19.749 25.5838 29.8678 31.6606 31.6107 29.789 25.5927 19.8223 11.5171 12.5554 9.79758 6.54706 6.54734 9.80003 12.5514 11.5102 6.40052 2.5286 1.29243 1.03409 1.03395 1.29189 2.527 
11.3493 5.02429 2.13063 1.23761 1.23761 2.13063 5.02429 11.3493 18.5907 11.0304 5.15357 2.92399 2.92399 5.15357 10.9964 18.5367 27.6968 32.0822 33.7208 34.2983 34.2831 33.6918 32.0544 27.7205 21.9192 24.1942 26.0436 27.5433 27.5433 26.0436 24.1942 21.9192 19.047 23.8208 27.8812 30.0104 29.9348 27.7262 23.8587 19.1093 11.5582 12.3727 9.58246 6.48159 6.4854 9.58657 12.3632 11.5429 6.78753 2.81274 1.42104 1.06537 1.06489 1.41945 2.80885 
10.5909 4.64981 2.01105 1.20485 1.20485 2.01105 4.64981 10.5909 17.603 10.4786 4.93212 2.82524 2.82524 4.93212 10.4407 17.5504 26.674 30.8558 32.7905 33.4944 33.4694 32.7527 30.813 26.7021 21.8463 25.562 26.9977 27.3859 27.3859 26.9977 25.562 21.8474 17.4319 21.2299 24.5194 26.3692 26.3209 24.4067 21.2652 17.4856 11.3422 11.9394 9.26247 6.42843 6.43762 9.26718 11.9264 11.3203 7.13314 3.40649 1.81686 1.2204 1.21821 1.81153 3.40035 
9.52929 4.22972 1.87907 1.17148 1.17148 1.87907 4.22972 9.52929 15.8259 9.25789 4.32188 2.46834 2.46834 4.32188 9.21551 15.7432 25.02 29.1929 31.5258 32.2918 32.351 31.582 29.1866 25.1015 21.5473 25.923 26.9307 26.9293 26.9293 26.9307 25.9263 21.5519 14.7184 17.3054 19.7955 20.769 20.5723 19.5761 17.3051 14.767 10.4945 10.9501 8.74721 6.61327 6.66331 8.77607 10.9545 10.481 6.99015 3.90201 2.45262 1.67752 1.65849 2.42239 3.87309 
7.97558 3.80855 1.80714 1.182 1.182 1.80714 3.80855 7.97558 12.274 7.32317 3.52595 2.00678 2.00678 3.52595 7.33215 12.2406 19.2623 25.2655 27.5173 28.3254 28.3254 27.5173 25.2655 19.2623 9.81057 11.6849 11.9975 12.5533 12.5533 11.9975 11.6812 9.80865 7.29818 8.55672 9.63388 9.79208 9.76485 9.59619 8.55516 7.2973 5.87231 6.00517 4.42065 2.98396 2.99017 4.43212 6.03006 5.94896 3.3865 1.56091 1.07037 1.00682 1.00618 1.06951 1.56234 
9.33908 4.30054 1.93916 1.2216 1.2216 1.93916 4.30054 9.33908 14.0566 8.80476 4.1341 2.29085 2.29085 4.1341 8.81967 14.0348 19.3511 26.8993 30.3505 31.3579 31.3579 30.3505 26.8993 19.3511 7.08973 9.05618 9.25787 9.11009 9.11009 9.25787 9.05659 7.08969 5.11383 6.47215 6.62789 6.06666 6.045 6.5998 6.47233 5.11423 2.82933 2.84056 2.10774 1.46326 1.46213 2.10644 2.83903 2.82931 1.82722 1.14859 1.00669 0.998212 0.99814 1.00662 1.14882 
10.0281 4.62806 2.04383 1.24753 1.24753 2.04383 4.62806 10.0281 14.8915 9.56725 4.46711 2.43896 2.43896 4.46711 9.58347 14.865 19.4573 27.7242 31.7559 32.9237 32.9237 31.7559 27.7242 19.4573 5.85091 8.03575 8.07605 7.47181 7.47181 8.07605 8.03587 5.8508 3.24526 4.51786 4.32092 3.52476 3.5029 4.27829 4.51771 3.2453 1.47245 1.45306 1.22801 1.06182 1.06185 1.22837 1.4531 1.47251 1.20613 1.0319 1.00202 0.999865 0.999864 1.00202 1.03197 
10.281 4.75712 2.07438 1.24165 1.24165 2.07438 4.75712 10.281 15.2092 9.79808 4.57003 2.47899 2.47899 4.57003 9.81162 15.1843 19.4878 28.0494 32.2347 33.3994 33.3994 32.2347 28.0494 19.4878 6.54788 10.1723 9.47774 6.73034 6.73034 9.47774 10.1724 6.54792 2.10358 2.91373 2.79673 2.22984 2.21975 2.77125 2.91369 2.10363 1.11102 1.08334 1.03207 1.00503 1.00504 1.03216 1.08336 1.11077 1.02265 1.00162 0.999962 1.00003 1.00003 0.999964 1.00163 
10.2815 4.75704 2.07402 1.24117 1.24165 2.07438 4.75712 10.281 15.1843 9.81162 4.57083 2.47912 2.47899 4.57003 9.79808 15.2092 19.4878 28.0494 32.2302 33.3967 33.3994 32.2347 28.0733 19.3987 6.54792 10.1724 9.47944 6.72924 6.73034 9.47774 10.1723 6.54788 2.10363 2.91369 2.77125 2.21975 2.21975 2.77125 2.91369 2.10363 1.11102 1.08334 1.03207 1.00503 1.00503 1.03207 1.08334 1.11102 1.02267 1.00163 0.999964 1.00003 1.00003 0.999962 1.00162 
10.0287 4.62793 2.04291 1.24655 1.24753 2.04383 4.62806 10.0281 14.865 9.58347 4.46881 2.4393 2.43896 4.46711 9.56725 14.8915 19.4573 27.7242 31.7464 32.919 32.9237 31.7559 27.7527 19.3699 5.8508 8.03587 8.07773 7.47109 7.47181 8.07605 8.03575 5.85091 3.2453 4.51771 4.27829 3.5029 3.5029 4.27829 4.51771 3.2453 1.47245 1.45306 1.22801 1.06182 1.06182 1.22801 1.45306 1.47245 1.20626 1.03197 1.00202 0.999864 0.999865 1.00202 1.0319 
9.33966 4.30041 1.93801 1.22056 1.2216 1.93916 4.30054 9.33908 14.0348 8.81967 4.13583 2.29129 2.29085 4.1341 8.80476 14.0566 19.3511 26.8993 30.3304 31.3466 31.3579 30.3505 26.9309 19.2853 7.08969 9.05659 9.2578 9.1099 9.11009 9.25787 9.05618 7.08973 5.11423 6.47233 6.5998 6.045 6.045 6.5998 6.47233 5.11423 2.82933 2.84056 2.10774 1.46326 1.46326 2.10774 2.84056 2.82933 1.82741 1.14882 1.00662 0.99814 0.998212 1.00669 1.14859 
7.97585 3.80841 1.80428 1.18099 1.182 1.80714 3.80855 7.97558 12.2406 7.33215 3.52503 2.00657 2.00678 3.52595 7.32317 12.274 19.2623 25.2655 27.5189 28.326 28.3254 27.5173 25.2701 19.2256 9.80865 11.6812 11.8356 12.4136 12.5533 11.9975 11.6849 9.81057 7.2973 8.55516 9.59619 9.76485 9.76485 9.59619 8.55516 7.2973 5.87231 6.00517 4.42065 2.98396 2.98396 4.42065 6.00517 5.87231 3.39867 1.56234 1.06951 1.00618 1.00682 1.07037 1.56091 
2.80518 1.71489 1.178 1.03392 1.034 1.17791 1.7129 2.78289 4.14248 2.60563 1.558 1.1467 1.1424 1.54277 2.61824 4.17146 10.4935 14.3304 15.8226 16.4063 16.5045 15.93 14.3136 10.4874 3.44109 3.8259 4.04292 4.43265 4.43265 4.04292 3.8259 3.44109 3.2244 3.68756 3.96367 4.13924 4.13924 3.96367 3.68756 3.2244 2.4139 2.67281 2.08425 1.4317 1.4317 2.01897 2.66043 2.4139 1.36304 1.04902 1.00635 1.00013 1.00019 1.00662 1.04968 
1.70606 1.25902 1.05826 1.00869 1.00879 1.05876 1.26069 1.70492 2.3421 1.60242 1.16088 1.03199 1.03244 1.16142 1.60337 2.34247 5.8752 8.03993 8.61825 8.46285 8.43106 8.57437 8.07252 5.90166 1.63044 1.6665 1.77251 2.01551 2.01551 1.77251 1.6665 1.63044 1.48095 1.57981 1.62613 1.70597 1.70597 1.62613 1.57981 1.48095 1.2856 1.37927 1.2041 1.05575 1.05575 1.20182 1.37931 1.2856 1.07216 1.01005 1.00091 0.999757 0.999758 1.00091 1.01003 
1.16877 1.05291 1.0095 1.00098 1.001 1.00957 1.0532 1.16879 1.33453 1.11662 1.02277 1.00268 1.00275 1.0229 1.1169 1.33473 3.22277 4.36688 4.41887 4.01363 3.99304 4.37971 4.40596 3.24822 1.09125 1.08511 1.11383 1.18491 1.18491 1.11383 1.08511 1.09125 1.04753 1.05439 1.05343 1.07868 1.07868 1.05343 1.05439 1.04753 1.03081 1.04776 1.02172 1.00357 1.00357 1.02133 1.04776 1.03081 1.00841 1.001 0.999923 0.999962 0.999962 0.999922 1.001 
1.03148 1.00795 1.00102 0.999855 0.999856 1.00103 1.00798 1.03149 1.06527 1.01632 1.00162 0.999791 0.999808 1.00165 1.01635 1.0653 1.93741 2.52625 2.48515 2.27968 2.26928 2.46579 2.54672 1.9495 1.01208 1.00778 1.01357 1.03007 1.03007 1.01357 1.00778 1.01208 0.998 0.990057 0.986862 0.997584 0.997584 0.986862 0.990057 0.998 1.00184 1.00321 1.00096 0.999901 0.999901 1.00094 1.00322 1.00184 1.0009 0.999949 0.999943 0.999996 0.999996 0.999943 0.999949 
1.03149 1.00798 1.00103 0.999856 0.999856 1.00103 1.00798 1.03149 1.06527 1.01632 1.00162 0.999791 0.999791 1.00162 1.01632 1.06527 1.9495 2.54672 2.48515 2.27968 2.27968 2.48515 2.52625 1.93741 1.01208 1.00777 1.01356 1.03007 1.03007 1.01357 1.00778 1.01208 0.998226 0.990551 0.987369 0.997765 0.997584 0.986862 0.990057 0.998 1.00187 1.00322 1.00094 0.999889 0.999889 1.00094 1.00322 1.00187 1.0009 0.999949 0.999943 0.999996 0.999996 0.999943 0.999949 
1.16879 1.0532 1.00957 1.001 1.001 1.00957 1.0532 1.16879 1.33453 1.11662 1.02277 1.00268 1.00268 1.02277 1.11662 1.33453 3.24822 4.40596 4.41887 4.01363 4.01363 4.41887 4.36688 3.22277 1.09121 1.0851 1.1138 1.18495 1.18491 1.11383 1.08511 1.09125 1.04875 1.05653 1.05568 1.07956 1.07868 1.05343 1.05439 1.04753 1.03096 1.04776 1.02133 1.00341 1.00341 1.02133 1.04776 1.03096 1.00841 1.001 0.999923 0.999962 0.999962 0.999923 1.001 
1.70492 1.26069 1.05876 1.00879 1.00879 1.05876 1.26069 1.70492 2.3421 1.60242 1.16088 1.03199 1.03199 1.16088 1.60242 2.3421 5.90166 8.07252 8.61825 8.46285 8.46285 8.61825 8.03993 5.8752 1.62921 1.66477 1.77065 2.01446 2.01551 1.77251 1.6665 1.63044 1.48671 1.58979 1.63601 1.71047 1.70597 1.62613 1.57981 1.48095 1.28619 1.37931 1.20182 1.05422 1.05422 1.20182 1.37931 1.28619 1.07216 1.01005 1.00091 0.999757 0.999757 1.00091 1.01005 
2.78289 1.7129 1.17791 1.034 1.034 1.17791 1.7129 2.78289 4.14248 2.60563 1.558 1.1467 1.1467 1.558 2.60563 4.14248 10.4874 14.3136 15.8226 16.4063 16.4063 15.8226 14.3304 10.4935 3.42586 3.80418 4.02281 4.40784 4.43265 4.04292 3.8259 3.44109 3.26595 3.74937 4.03174 4.18002 4.13924 3.96367 3.68756 3.2244 2.40251 2.66043 2.01897 1.39611 1.39611 2.01897 2.66043 2.40251 1.36304 1.04902 1.00635 1.00013 1.00013 1.00635 1.04902 
1.78597 1.2966 1.06371 1.01028 1.01028 1.06371 1.2966 1.78597 2.55614 1.77867 1.24792 1.05805 1.05805 1.24792 1.77867 2.55614 4.33035 5.93643 6.68787 7.37665 7.37665 6.68787 5.93643 4.33035 1.98677 2.27586 2.26054 2.07053 2.07053 2.26054 2.27586 1.98677 1.86153 2.20829 2.21163 2.09469 2.08849 2.19836 2.19413 1.85546 1.30467 1.44709 1.22489 1.06347 1.06347 1.22489 1.44709 1.30467 1.05578 1.0054 1.00016 0.999965 0.999965 1.00016 1.0054 
1.28782 1.10198 1.01659 1.00184 1.00184 1.01659 1.10198 1.28782 1.50416 1.21916 1.05801 1.01037 1.01037 1.05801 1.21916 1.50416 2.53711 3.43095 3.84223 3.90389 3.90389 3.84223 3.43095 2.53711 1.31609 1.46087 1.4246 1.30113 1.30113 1.4246 1.46087 1.31609 1.19129 1.31892 1.31228 1.24227 1.24001 1.30739 1.31392 1.18925 1.03868 1.06629 1.02626 1.00547 1.00547 1.02626 1.06629 1.03868 1.00793 1.00093 0.999996 0.999975 0.999975 0.999996 1.00093 
1.06519 1.01747 1.00223 1.00002 1.00002 1.00223 1.01747 1.06519 1.11752 1.04297 1.00812 1.00098 1.00098 1.00812 1.04297 1.11752 1.5176 1.93937 2.13991 1.99328 1.99328 2.13991 1.93937 1.5176 1.06636 1.10885 1.09693 1.05738 1.05738 1.09693 1.10885 1.06636 1.02725 1.05577 1.05652 1.03623 1.03571 1.05536 1.05467 1.02686 1.0033 1.0064 1.00183 1.00017 1.00017 1.00183 1.0064 1.0033 1.0009 1.00001 0.999985 0.999999 0.999999 0.999985 1.00001 
1.00991 1.00195 1.00003 0.999902 0.999902 1.00003 1.00195 1.00991 1.0192 1.00533 1.00064 0.99985 0.99985 1.00064 1.00533 1.0192 1.13936 1.28415 1.35657 1.2941 1.2941 1.35657 1.28415 1.13936 1.00856 1.0155 1.01361 1.00657 1.00657 1.01361 1.0155 1.00856 1.00236 1.00606 1.00672 1.00342 1.00334 1.00653 1.0059 1.00232 1.00008 1.00017 0.999954 0.999902 0.999902 0.999954 1.00017 1.00008 1.00006 0.99997 0.999998 1 1 0.999998 0.99997 
0 0 0 0 0.999902 1.00003 1.00195 1.00991 1.0192 1.00533 1.00064 0.99985 0.999848 1.00063 1.00526 1.01912 1.13936 1.28415 1.35657 1.2941 1.29104 1.35181 1.2805 1.13793 1.00857 1.01528 1.01341 1.00647 1.00657 1.01361 1.0155 1.00856 1.00232 1.0059 1.00653 1.00334 1.00342 1.00672 1.00606 1.00236 1.00008 1.00017 0.999953 0.999903 0.999902 0.999954 1.00017 1.00008 1.00006 0.99997 0.999998 1 0 0 0 
0 0 0 0 1.00002 1.00223 1.01747 1.06519 1.11752 1.04297 1.00812 1.00098 1.00097 1.00805 1.04253 1.11708 1.5176 1.93937 2.13991 1.99328 1.98439 2.12543 1.92841 1.51282 1.06624 1.10748 1.09568 1.0568 1.05738 1.09693 1.10885 1.06636 1.02686 1.05467 1.05536 1.03571 1.03623 1.05652 1.05577 1.02725 1.0033 1.0064 1.00183 1.00017 1.00017 1.00183 1.0064 1.0033 1.0009 1.00001 0.999985 0.999999 0 0 0 
0 0 0 0 1.00184 1.01659 1.10198 1.28782 1.50416 1.21916 1.05801 1.01037 1.01033 1.05768 1.21766 1.50279 2.53711 3.43095 3.84223 3.90389 3.88906 3.82864 3.42091 2.53108 1.31576 1.45632 1.4204 1.29897 1.30113 1.4246 1.46087 1.31609 1.18925 1.31392 1.30739 1.24001 1.24227 1.31228 1.31892 1.19129 1.03868 1.06629 1.02627 1.00544 1.00547 1.02626 1.06629 1.03868 1.00793 1.00093 0.999996 0.999975 0 0 0 
