0 0 0 0 1.00066 1.00481 1.02654 1.11403 1.53732 1.1336 1.0183 1.00155 1.00155 1.0183 1.13363 1.53741 3.25357 3.57054 3.07655 2.60212 2.59859 3.06816 3.55911 3.24619 3.3208 5.10659 7.29316 9.72022 9.71687 7.30288 5.11511 3.32016 1.49943 1.33494 1.3875 1.4784 1.4751 1.38153 1.32786 1.48807 1.48547 1.37023 1.15374 1.04109 1.0411 1.15385 1.37054 1.48565 1.27907 1.06394 1.00833 1.00083 0 0 0 
0 0 0 0 0.999968 1.00084 1.0051 1.01926 1.10034 1.02245 1.00264 1.00006 1.00006 1.00264 1.02245 1.10035 1.6042 1.59521 1.43667 1.29202 1.29104 1.43422 1.59192 1.60391 2.46065 4.13029 5.6868 7.10736 7.10208 5.68381 4.12897 2.45832 1.05665 1.02517 1.02924 1.04939 1.04981 1.02939 1.02515 1.05403 1.09835 1.06447 1.02058 1.00321 1.00321 1.02058 1.06449 1.09835 1.06418 1.01438 1.00154 1.00001 0 0 0 
0 0 0 0 0.99996 1.00003 1.00067 1.00196 1.01183 1.00242 1.00013 0.999908 0.999908 1.00013 1.00242 1.01183 1.15415 1.09567 1.05883 1.03142 1.03127 1.05836 1.09501 1.15624 2.09009 3.59654 4.81887 5.29724 5.28307 4.81493 3.58985 2.08538 0.999481 0.992792 0.990453 0.995995 0.996039 0.990444 0.992777 0.997375 1.01154 1.00675 1.00153 1.00002 1.00002 1.00153 1.00675 1.01154 1.00946 1.0017 1.00005 0.99995 0 0 0 
0 0 0 0 0.999992 0.999967 0.999954 1.0002 1.0005 0.999792 0.999919 0.99998 0.99998 0.999919 0.999792 1.0005 1.04491 1.01078 1.00426 1.00147 1.00146 1.0042 1.01068 1.04655 1.73225 3.62914 5.5185 4.0835 4.05582 5.45855 3.59341 1.72269 0.99975 0.997185 0.996343 0.997757 0.997747 0.996315 0.997163 0.998389 1.00082 1.00026 0.999992 0.999938 0.999938 0.999992 1.00026 1.00082 1.00104 1.00003 0.999952 0.999989 0 0 0 
1.0002 0.999954 0.999967 0.999992 0.999992 0.999967 0.999954 1.0002 1.0005 0.999792 0.999919 0.99998 0.99998 0.999919 0.999792 1.0005 1.04491 1.01078 1.00426 1.00147 1.00147 1.00426 1.01078 1.04491 1.73225 3.62914 5.5185 4.0835 4.0835 5.5185 3.62914 1.73225 0.998389 0.997163 0.996315 0.997747 0.997747 0.996315 0.997163 0.998389 1.00082 1.00026 0.999992 0.999938 0.999938 0.999992 1.00026 1.00082 1.00104 1.00003 0.999952 0.999989 0.999989 0.999952 1.00003 
1.00196 1.00067 1.00003 0.99996 0.99996 1.00003 1.00067 1.00196 1.01183 1.00242 1.00013 0.999908 0.999908 1.00013 1.00242 1.01183 1.15415 1.09567 1.05883 1.03142 1.03142 1.05883 1.09567 1.15415 2.09009 3.59654 4.81887 5.29724 5.29724 4.81887 3.59654 2.09009 0.997375 0.992777 0.990444 0.996039 0.996039 0.990444 0.992777 0.997375 1.01154 1.00675 1.00153 1.00002 1.00002 1.00153 1.00675 1.01154 1.00946 1.0017 1.00005 0.99995 0.99995 1.00005 1.0017 
1.01926 1.0051 1.00084 0.999968 0.999968 1.00084 1.0051 1.01926 1.10034 1.02245 1.00264 1.00006 1.00006 1.00264 1.02245 1.10034 1.6042 1.59521 1.43667 1.29202 1.29202 1.43667 1.59521 1.6042 2.46065 4.13029 5.6868 7.10736 7.10736 5.6868 4.13029 2.46065 1.05403 1.02515 1.02939 1.04981 1.04981 1.02939 1.02515 1.05403 1.09835 1.06449 1.02058 1.00321 1.00321 1.02058 1.06449 1.09835 1.06418 1.01438 1.00154 1.00001 1.00001 1.00154 1.01438 
1.11403 1.02654 1.00481 1.00066 1.00066 1.00481 1.02654 1.11403 1.53732 1.1336 1.0183 1.00155 1.00155 1.0183 1.1336 1.53732 3.25357 3.57054 3.07655 2.60212 2.60212 3.07655 3.57054 3.25357 3.3208 5.10659 7.29316 9.72022 9.72022 7.29316 5.10659 3.3208 1.48807 1.32786 1.38153 1.4751 1.4751 1.38153 1.32786 1.48807 1.48565 1.37054 1.15385 1.0411 1.0411 1.15385 1.37054 1.48565 1.27907 1.06394 1.00833 1.00083 1.00083 1.00833 1.06394 
1.61164 1.12915 1.01933 1.00164 1.00164 1.01933 1.12915 1.61164 2.58584 1.5176 1.0992 1.01475 1.01475 1.0992 1.5176 2.58584 6.31683 7.24317 6.46977 5.77857 5.77075 6.46123 7.28346 6.375 5.20348 7.368 9.34144 11.4078 11.3739 9.26302 7.28494 5.12465 3.55181 3.16863 3.40382 3.54417 3.53954 3.40307 3.17233 3.55744 2.30965 2.09582 1.65613 1.29036 1.29506 1.66033 2.09582 2.30965 1.57362 1.11389 1.0044 0.999731 0.999731 1.0044 1.11389 
1.20853 1.03765 1.00461 1.00009 1.00009 1.00461 1.03765 1.20853 1.61451 1.15523 1.01946 1.00121 1.00121 1.01946 1.15523 1.61451 3.32755 3.50261 3.01309 2.53472 2.5406 3.02682 3.50928 3.34629 4.0089 5.38838 6.46645 7.3066 7.31905 6.46892 5.38661 3.99461 2.20731 1.78527 1.70358 1.67959 1.68484 1.71262 1.79439 2.20089 1.30622 1.23553 1.11942 1.04226 1.04255 1.1183 1.23553 1.30622 1.0553 0.997147 0.997237 0.999584 0.999584 0.997237 0.997147 
1.04188 1.006 1.0005 0.999923 0.999923 1.0005 1.006 1.04188 1.15759 1.02831 1.002 0.999812 0.999812 1.002 1.02831 1.15759 1.87289 1.67841 1.46095 1.28226 1.28498 1.46732 1.68428 1.88854 3.6586 4.78157 5.53014 5.4879 5.49937 5.53145 4.78212 3.65707 1.56201 1.23218 1.15363 1.12693 1.12863 1.15656 1.23375 1.53986 1.04223 1.02769 1.01154 1.00312 1.00317 1.01141 1.02769 1.04223 0.995512 0.997227 0.999664 1.00003 1.00003 0.999664 0.997227 
1.00624 1.00058 0.999862 0.999962 0.999962 0.999862 1.00058 1.00624 1.03264 1.00346 0.999911 0.999924 0.999924 0.999911 1.00346 1.03264 1.36106 1.16602 1.08983 1.03772 1.03847 1.09171 1.16766 1.36917 3.94955 6.05787 7.49902 5.42874 5.45111 7.55817 6.1053 3.97499 1.24047 1.0577 1.02548 1.01835 1.01876 1.02616 1.05751 1.21835 1.00487 1.00115 1.00019 0.999898 0.999901 1.00019 1.00115 1.00487 0.998094 0.999695 1.00008 1.00001 1.00001 1.00008 0.999695 
1.00628 1.00058 0.999861 0.999963 0.999962 0.999862 1.00058 1.00624 1.03264 1.00346 0.999911 0.999924 0.999925 0.999902 1.00338 1.03064 1.36917 1.16766 1.09171 1.03847 1.03847 1.09171 1.16766 1.36917 3.97499 6.1053 7.55817 5.45111 5.45111 7.55817 6.1053 3.97499 1.21835 1.05751 1.02616 1.01876 1.01835 1.02548 1.0577 1.24047 1.00236 1.00091 1.00019 0.999901 0.999898 1.00022 1.00115 1.00487 0.998094 0.999695 1.00008 1.00001 1.00001 1.00008 0.999695 
1.04203 1.00597 1.0005 0.999922 0.999923 1.0005 1.006 1.04188 1.15759 1.02831 1.002 0.999812 0.999805 1.00196 1.02813 1.15177 1.88854 1.68428 1.46732 1.28498 1.28498 1.46732 1.68428 1.88854 3.65707 4.78212 5.53145 5.49937 5.49937 5.53145 4.78212 3.65707 1.53986 1.23375 1.15656 1.12863 1.12693 1.15363 1.23218 1.56201 1.03209 1.02564 1.01141 1.00317 1.00312 1.01191 1.02769 1.04223 0.995512 0.997227 0.999664 1.00003 1.00003 0.999664 0.997225 
1.20843 1.03742 1.00456 1.00008 1.00009 1.00461 1.03765 1.20853 1.61451 1.15523 1.01946 1.00121 1.00118 1.01922 1.15583 1.60569 3.34629 3.50928 3.02682 2.5406 2.5406 3.02682 3.50928 3.34629 3.99461 5.38661 6.46892 7.31905 7.31905 6.46892 5.38661 3.99461 2.20089 1.79439 1.71262 1.68484 1.67959 1.70358 1.78527 2.20731 1.27175 1.21968 1.1183 1.04255 1.04226 1.12189 1.23553 1.30622 1.0553 0.997147 0.997237 0.999584 0.999585 0.99724 0.997239 
1.61573 1.12925 1.01926 1.00162 1.00164 1.01933 1.12915 1.61164 2.58584 1.5176 1.0992 1.01475 1.01468 1.09876 1.53584 2.61124 6.375 7.28346 6.46123 5.77075 5.77075 6.46123 7.28346 6.375 5.12465 7.28494 9.26302 11.3739 11.3739 9.26302 7.28494 5.12465 3.55744 3.17233 3.40307 3.53954 3.54417 3.40382 3.16863 3.55181 2.28007 2.08695 1.66033 1.29506 1.29036 1.67982 2.09582 2.30965 1.57362 1.11389 1.0044 0.999731 0.99974 1.00438 1.11499 
3.217 1.56414 1.09729 1.00857 1.0088 1.09856 1.56939 3.23849 5.98067 3.34711 1.70739 1.19333 1.19185 1.70494 3.34676 6.04484 12.7643 14.7012 13.6744 13.0453 13.1913 13.8224 14.7353 12.8344 10.8318 15.1331 18.0501 19.773 19.773 18.0501 15.1331 10.8318 5.91277 5.70309 6.6984 7.26107 7.26105 6.69833 5.70311 5.91306 4.55254 4.13178 3.03981 2.12203 2.11704 3.03938 4.13276 4.55395 4.45457 2.58672 1.39104 1.07293 1.07293 1.39104 2.58672 
2.89565 1.47384 1.08203 1.00634 1.00665 1.08326 1.47754 2.90735 5.18788 3.11463 1.71672 1.20418 1.20184 1.71115 3.11502 5.21683 10.2601 11.8336 10.6065 9.09751 9.06197 10.6145 11.8154 10.2649 8.77991 14.5198 18.485 20.2073 20.2073 18.485 14.5198 8.77991 3.81854 3.16278 3.37533 3.66211 3.66241 3.37562 3.16296 3.81877 3.10135 2.76216 2.03843 1.44234 1.44473 2.03146 2.7491 3.08416 3.31885 2.0787 1.20561 1.0272 1.0272 1.20561 2.0787 
2.52128 1.37023 1.06032 1.00401 1.00423 1.06124 1.37316 2.531 4.32862 2.63268 1.52341 1.13565 1.1339 1.51886 2.6312 4.34682 8.56534 9.88942 8.27536 6.26786 6.23921 8.2988 9.8988 8.5781 8.03741 15.7487 19.9851 21.055 21.055 19.9851 15.7487 8.03741 2.45251 1.61604 1.58401 1.75865 1.75869 1.58407 1.61607 2.4526 1.8418 1.69158 1.33056 1.09655 1.09712 1.32756 1.68383 1.82973 2.1322 1.45846 1.06258 1.00564 1.00564 1.06258 1.45846 
2.21499 1.29292 1.04216 1.00283 1.00288 1.04247 1.2942 2.21946 3.70985 2.15954 1.29518 1.05904 1.05828 1.29266 2.15627 3.72124 7.68616 8.7159 6.90489 4.91424 4.9001 6.92041 8.73345 7.71049 9.68659 17.7468 21.0086 21.4479 21.4479 21.0086 17.7468 9.68659 2.12081 1.20609 1.11597 1.19764 1.19766 1.11598 1.20606 2.12131 1.26787 1.21534 1.07721 1.01484 1.01493 1.07639 1.21288 1.26443 1.37666 1.11488 1.01176 1.00053 1.00053 1.01176 1.11488 
2.21946 1.2942 1.04247 1.00288 1.00288 1.04247 1.2942 2.21946 3.72124 2.15627 1.29266 1.05828 1.05828 1.29266 2.15954 3.70985 7.68616 8.7159 6.92041 4.9001 4.91424 6.90489 8.7159 7.68616 9.68777 17.7458 21.02 21.4554 21.4479 21.0086 17.7468 9.68659 2.12131 1.20606 1.11573 1.19766 1.19764 1.11597 1.20609 2.12081 1.26443 1.21288 1.07639 1.01493 1.01484 1.07721 1.21534 1.26787 1.37666 1.11488 1.01176 1.00053 1.00053 1.01176 1.11514 
2.531 1.37316 1.06124 1.00423 1.00423 1.06124 1.37316 2.531 4.34682 2.6312 1.51886 1.1339 1.1339 1.51886 2.63268 4.32862 8.56534 9.88942 8.2988 6.23921 6.26786 8.27536 9.88942 8.56534 8.03863 15.7478 20.0047 21.0684 21.055 19.9851 15.7487 8.03741 2.4526 1.61607 1.58224 1.75869 1.75865 1.58401 1.61604 2.45251 1.82973 1.68383 1.32756 1.09712 1.09655 1.33056 1.69158 1.8418 2.1322 1.45846 1.06258 1.00564 1.00562 1.06253 1.45887 
2.90735 1.47754 1.08326 1.00665 1.00665 1.08326 1.47754 2.90735 5.21683 3.11502 1.71115 1.20184 1.20184 1.71115 3.11463 5.18788 10.2601 11.8336 10.6145 9.06197 9.09751 10.6065 11.8336 10.2601 8.78059 14.5198 18.4994 20.2211 20.2073 18.485 14.5198 8.77991 3.81877 3.16296 3.3546 3.66241 3.66211 3.37533 3.16278 3.81854 3.08416 2.7491 2.03146 1.44473 1.44234 2.03843 2.76216 3.10135 3.31885 2.0787 1.20561 1.0272 1.02712 1.20527 2.07812 
3.23849 1.56939 1.09856 1.0088 1.0088 1.09856 1.56939 3.23849 6.04484 3.34676 1.70494 1.19185 1.19185 1.70494 3.34711 5.98067 12.7643 14.7012 13.8224 13.1913 13.0453 13.6744 14.7012 12.7643 10.8349 15.1376 18.2 19.9024 19.773 18.0501 15.1331 10.8318 5.91306 5.70311 6.99958 7.26105 7.26107 6.6984 5.70309 5.91277 4.55395 4.13276 3.03938 2.11704 2.12203 3.03981 4.13178 4.55254 4.45457 2.58672 1.39104 1.07293 1.07354 1.39488 2.60676 
5.87381 2.43729 1.29024 1.03855 1.03855 1.29024 2.43729 5.87381 11.1883 5.65862 2.39308 1.38916 1.38916 2.39308 5.68747 11.2414 20.9627 24.2978 25.617 26.2246 26.228 25.7854 24.2978 20.9627 21.8491 25.0585 26.884 27.6642 27.7789 27.0304 25.0631 21.8517 18.0044 19.4194 20.94 21.1709 21.3789 21.0698 19.6468 18.1407 13.7872 11.6675 8.28361 6.00672 6.00225 8.27418 11.615 13.7365 11.2151 6.03187 2.56033 1.44279 1.43944 2.55141 6.00368 
6.53094 2.65678 1.33937 1.04643 1.04643 1.33937 2.65678 6.53094 12.1143 6.12099 2.55317 1.44175 1.44175 2.55317 6.14189 12.1421 22.8741 27.0702 29.8596 30.5621 30.5565 29.8277 27.0702 22.8741 24.1384 25.7829 27.2862 28.5346 28.5529 27.3007 25.7821 24.1381 24.1163 26.5119 27.9574 28.5102 28.4969 27.9358 26.5244 24.0089 16.2732 13.4399 9.57544 7.17142 7.17553 9.58365 13.4411 16.3467 12.2439 6.17161 2.59975 1.45095 1.45258 2.60204 6.17391 
6.83948 2.74523 1.35588 1.04847 1.04847 1.35588 2.74523 6.83948 12.718 6.37754 2.62221 1.45603 1.45603 2.62221 6.39827 12.7434 24.2514 28.8098 31.9795 32.8096 32.8076 31.9504 28.8098 24.2514 25.3352 25.0895 26.6003 28.4006 28.4269 26.5947 25.0896 25.3345 27.0945 30.081 31.7846 32.3336 32.3451 31.7917 30.1446 27.0031 17.8931 14.7335 10.5182 7.93151 7.93624 10.5315 14.739 17.9939 13.129 6.39631 2.68758 1.49801 1.50035 2.69076 6.39996 
6.86137 2.71573 1.33738 1.0424 1.0424 1.33738 2.71573 6.86137 12.998 6.41493 2.60562 1.42459 1.42459 2.60562 6.42802 13.0121 24.9196 29.509 32.6549 33.4997 33.4998 32.635 29.509 24.9196 25.7623 24.9269 26.4276 28.318 28.335 26.4158 24.9267 25.7616 28.0736 31.2857 32.9689 33.4891 33.4974 32.978 31.3323 28.0162 18.9494 15.6335 11.0649 8.25745 8.25998 11.0741 15.6442 19.0399 13.9622 6.81751 2.83995 1.52489 1.52602 2.84163 6.81802 
6.84479 2.71072 1.33621 1.04219 1.0424 1.33738 2.71573 6.86137 13.0121 6.42802 2.61004 1.42634 1.42459 2.60562 6.42802 13.0121 24.9196 29.509 32.635 33.4998 33.4997 32.6549 29.4898 24.913 25.7616 24.9267 26.4158 28.335 28.335 26.4158 24.9267 25.7616 28.0162 31.3323 32.978 33.4974 33.4891 32.9689 31.2991 28.0693 18.8709 15.6134 11.0549 8.25484 8.25745 11.0649 15.6335 18.9494 13.9622 6.81751 2.83995 1.52489 1.52489 2.83995 6.81751 
6.8132 2.73693 1.35383 1.04805 1.04847 1.35588 2.74523 6.83948 12.7434 6.39827 2.6302 1.4589 1.45603 2.62221 6.39827 12.7434 24.2514 28.8098 31.9504 32.8076 32.8096 31.9795 28.7808 24.2388 25.3345 25.0896 26.5947 28.4269 28.4269 26.5947 25.0896 25.3345 27.0031 30.1446 31.7917 32.3451 32.3336 31.7846 30.1008 27.0691 17.8145 14.7117 10.5046 7.92684 7.93151 10.5182 14.7335 17.8931 13.129 6.39631 2.68758 1.49801 1.49801 2.68758 6.39631 
6.50425 2.6483 1.33725 1.046 1.04643 1.33937 2.65678 6.53094 12.1421 6.14189 2.56148 1.44463 1.44175 2.55317 6.14189 12.1421 22.8741 27.0702 29.8277 30.5565 30.5621 29.8596 27.0399 22.8574 24.1381 25.7821 27.3007 28.5529 28.5529 27.3007 25.7821 24.1381 24.0089 26.5244 27.9358 28.4969 28.5102 27.9574 26.4895 24.0781 16.2248 13.4326 9.56723 7.16757 7.17142 9.57544 13.4399 16.2732 12.2439 6.17161 2.59975 1.45095 1.45095 2.59975 6.17161 
5.86319 2.43249 1.28878 1.03823 1.03855 1.29024 2.43729 5.87381 11.2414 5.68747 2.40295 1.39231 1.38916 2.39308 5.68747 11.2414 20.9627 24.2978 25.7854 26.228 26.2246 25.617 24.3477 21.0088 21.8517 25.0631 27.0304 27.7789 27.7789 27.0304 25.0631 21.8517 18.1407 19.6468 21.0698 21.3789 21.1709 20.94 19.5305 18.106 13.79 11.6783 8.29019 6.00899 6.00672 8.28361 11.6675 13.7872 11.2151 6.03187 2.56033 1.44279 1.44279 2.56033 6.03187 
7.3332 2.92588 1.41276 1.05965 1.06025 1.41578 2.9376 7.36298 14.004 6.86102 2.83439 1.53807 1.53807 2.83439 6.86102 14.004 25.3319 28.8064 30.8829 31.5413 31.5042 30.8524 28.8361 25.2528 28.9884 32.427 33.3219 33.1286 33.1286 33.3219 32.427 28.9884 23.8417 27.1506 28.5362 28.8615 28.8449 28.5051 27.1497 23.842 16.6595 14.1313 11.1473 8.58634 8.59785 11.1562 14.165 16.6908 13.2272 8.30279 4.24886 2.44587 2.45336 4.27079 8.32554 
7.51468 2.92913 1.399 1.05362 1.05411 1.40157 2.9384 7.53158 14.7583 6.99694 2.75232 1.44365 1.44365 2.75232 6.99694 14.7583 26.7077 30.2263 32.3627 33.1405 33.1536 32.3824 30.2431 26.6039 30.1833 32.937 33.7298 33.7905 33.7905 33.7298 32.937 30.1833 26.3769 29.4114 31.0761 31.7007 31.7146 31.0963 29.4123 26.375 19.1161 16.0184 12.1766 9.09819 9.09991 12.182 16.0468 19.3535 14.1724 8.41964 4.10978 2.33833 2.35341 4.14237 8.45471 
7.59489 2.9277 1.39117 1.05104 1.05148 1.39351 2.93635 7.61072 15.1009 7.05432 2.74359 1.42534 1.42534 2.74359 7.05432 15.1009 27.5745 31.0319 33.1348 33.8953 33.9037 33.1496 31.05 27.4515 30.9765 33.1376 33.9165 34.1562 34.1562 33.9165 33.1376 30.9765 27.9909 30.9622 32.6879 33.3263 33.3414 32.7172 30.9631 27.9891 20.6297 16.8043 12.3664 9.20488 9.20483 12.3668 16.8282 20.8629 14.7464 8.29887 3.90736 2.22974 2.24275 3.93504 8.3351 
7.59001 2.90423 1.3761 1.04711 1.0474 1.37771 2.91029 7.60122 15.2164 7.04444 2.73409 1.41592 1.41592 2.73409 7.04444 15.2164 27.9342 31.3423 33.3945 34.0645 34.0697 33.4022 31.3561 27.8002 31.4868 33.172 33.9747 34.3183 34.3183 33.9747 33.172 31.4868 28.9567 31.8728 33.4979 34.0336 34.0413 33.515 31.8735 28.9545 21.5483 17.0153 12.035 9.1543 9.15442 12.0347 17.033 21.7007 15.356 8.13254 3.68836 2.08446 2.09148 3.70163 8.15594 
7.60122 2.91029 1.37771 1.0474 1.0474 1.37771 2.90423 7.59001 15.2254 7.031 2.72898 1.41473 1.41592 2.73409 7.04444 15.2164 27.8002 31.3561 33.3945 34.0645 34.0645 33.3945 31.3495 27.8304 31.4973 33.1776 33.9773 34.3195 34.3183 33.9747 33.172 31.4868 28.9402 31.8449 33.5037 34.031 34.0336 33.4979 31.8449 28.9567 21.7007 17.033 12.0347 9.15442 9.1543 12.035 17.033 21.7785 15.356 8.13254 3.68836 2.08446 2.08446 3.68836 8.13254 
7.61072 2.93635 1.39351 1.05148 1.05148 1.39351 2.9277 7.59489 15.1165 7.03582 2.73658 1.42361 1.42534 2.74359 7.05432 15.1009 27.4515 31.05 33.1348 33.8953 33.8953 33.1348 31.0391 27.4973 30.9953 33.1492 33.9219 34.1584 34.1562 33.9165 33.1376 30.9765 27.9642 30.9138 32.6934 33.3184 33.3263 32.6879 30.9138 27.9909 20.8629 16.8282 12.3668 9.20483 9.20488 12.3664 16.8282 20.9555 14.7464 8.29887 3.90736 2.22974 2.22974 3.90736 8.29887 
7.53158 2.9384 1.40157 1.05411 1.05411 1.40157 2.92913 7.51468 14.7745 6.97749 2.74466 1.44147 1.44365 2.75232 6.99694 14.7583 26.6039 30.2431 32.3627 33.1405 33.1405 32.3627 30.2285 26.6489 30.2011 32.9505 33.7348 33.7902 33.7905 33.7298 32.937 30.1833 26.345 29.3546 31.0603 31.6591 31.7007 31.0761 29.3546 26.3769 19.3535 16.0468 12.182 9.09991 9.09819 12.1766 16.0468 19.4307 14.1724 8.41964 4.10978 2.33833 2.33833 4.10978 8.41964 
7.36298 2.9376 1.41578 1.06025 1.06025 1.41578 2.92588 7.3332 14.0276 6.84743 2.82756 1.5358 1.53807 2.83439 6.86102 14.004 25.2528 28.8361 30.8829 31.5413 31.5413 30.8829 28.8599 25.3144 29.0263 32.4593 33.3415 33.1522 33.1286 33.3219 32.427 28.9884 23.841 27.1814 28.6105 29.0774 28.8615 28.5362 27.1814 23.8417 16.6908 14.165 11.1562 8.59785 8.58634 11.1473 14.165 16.7334 13.2272 8.30279 4.24886 2.44587 2.44587 4.24886 8.30279 
8.4103 3.52497 1.63564 1.11146 1.11119 1.6345 3.5193 8.38138 14.8112 8.21969 3.73735 2.09627 2.06666 3.67499 8.06087 15.1185 26.2028 30.1855 32.4307 33.1506 33.1664 32.4634 30.1699 26.2329 26.9035 31.3829 32.5991 32.3569 32.3153 32.5603 31.3253 26.8986 20.9106 25.4914 27.3332 28.0834 28.0537 27.3159 25.3696 20.8134 10.6385 10.9162 11.1866 12.073 11.9482 11.1957 10.9162 10.781 8.11092 6.10058 4.68503 3.86078 3.86078 4.68503 6.10058 
8.16723 3.32606 1.55497 1.09003 1.08936 1.55198 3.31408 8.12618 14.6972 7.92785 3.52424 1.94825 1.92115 3.46491 7.77775 15.0439 26.9506 30.8708 33.1898 33.9038 33.9023 33.1852 30.8439 27.0132 28.2772 31.7267 32.9617 33.1791 33.1741 32.9497 31.7068 28.3338 23.1337 28.5855 31.0565 31.7571 31.7755 31.0702 28.601 23.1506 11.1019 11.4368 12.9436 15.247 15.1532 12.9248 11.4368 11.2319 8.27179 6.56064 5.35691 4.71179 4.71179 5.35691 6.56064 
7.92095 3.13817 1.479 1.07187 1.07127 1.47622 3.12709 7.8829 14.6021 7.67684 3.33765 1.83589 1.81113 3.28262 7.5298 14.96 27.3108 31.1467 33.5143 34.2142 34.214 33.5097 31.1213 27.3878 29.0523 31.8618 33.1056 33.5673 33.562 33.0941 31.8474 29.1044 24.617 30.1125 32.7763 33.5811 33.5675 32.7464 30.1062 24.6228 12.1147 12.2436 13.7481 15.8009 15.6906 13.7315 12.2436 12.2681 8.80882 7.02528 5.81032 4.97114 4.97114 5.81032 7.02528 
7.72802 3.00421 1.41347 1.05427 1.05403 1.41218 2.99853 7.70547 14.6163 7.46448 3.12198 1.6917 1.67831 3.09152 7.34998 14.9677 27.4863 31.2245 33.6264 34.3111 34.3114 33.6241 31.1999 27.5815 29.3811 31.8045 33.076 33.6988 33.6951 33.0699 31.7987 29.4097 25.4639 30.7581 33.3832 34.0862 34.0749 33.3593 30.7552 25.4648 13.7576 13.3821 13.8989 15.1193 15.0621 13.9004 13.3821 13.9452 9.87949 7.27739 5.542 4.09884 4.09884 5.542 7.27739 
7.70547 2.99853 1.41218 1.05403 1.05403 1.41218 2.99853 7.70547 14.6163 7.46448 3.12198 1.6917 1.6917 3.12198 7.46448 14.6163 27.5815 31.1999 33.6241 34.3114 34.3114 33.6241 31.1999 27.5815 29.4097 31.7987 33.0699 33.6951 33.6951 33.0699 31.7987 29.4097 25.4648 30.7552 33.3593 34.0749 34.0843 33.3806 30.7511 25.4666 13.7329 13.3771 13.8913 15.138 15.1381 13.8989 13.398 13.8483 9.87949 7.27739 5.542 4.09884 4.12644 5.55205 7.27459 
7.8829 3.12709 1.47622 1.07127 1.07127 1.47622 3.12709 7.8829 14.6021 7.67684 3.33765 1.83589 1.83589 3.33765 7.67684 14.6021 27.3878 31.1213 33.5097 34.214 34.214 33.5097 31.1213 27.3878 29.1044 31.8474 33.0941 33.562 33.562 33.0941 31.8474 29.1044 24.6228 30.1062 32.7464 33.5675 33.578 32.77 30.102 24.6253 12.079 12.2208 13.7409 15.8395 15.8423 13.7481 12.2252 12.181 8.80882 7.02528 5.81032 4.97114 5.02155 5.82761 7.01817 
8.12618 3.31408 1.55198 1.08936 1.08936 1.55198 3.31408 8.12618 14.6972 7.92785 3.52424 1.94825 1.94825 3.52424 7.92785 14.6972 27.0132 30.8439 33.1852 33.9023 33.9023 33.1852 30.8439 27.0132 28.3338 31.7068 32.9497 33.1741 33.1741 32.9497 31.7068 28.3338 23.1506 28.601 31.0702 31.7755 31.7593 31.0369 28.5974 23.1524 11.0627 11.4103 12.9335 15.2914 15.3065 12.9436 11.4032 11.1488 8.27179 6.56064 5.35691 4.71179 4.7629 5.37707 6.55572 
8.38138 3.5193 1.6345 1.11119 1.11119 1.6345 3.5193 8.38138 14.8112 8.21969 3.73735 2.09627 2.09627 3.73735 8.21969 14.8112 26.2329 30.1699 32.4634 33.1664 33.1664 32.4634 30.1699 26.2329 26.8986 31.3253 32.5603 32.3153 32.3153 32.5603 31.3253 26.8986 20.8134 25.3696 27.3159 28.0537 27.9707 27.1939 25.3571 20.8111 10.5773 10.8807 11.2026 12.1087 12.1071 11.1866 10.8623 10.6313 8.11092 6.10058 4.68503 3.86078 3.89891 4.69266 6.07931 
9.55698 4.33103 1.94602 1.19852 1.19871 1.94757 4.33745 9.60234 15.6233 9.30643 4.38432 2.56271 2.5688 4.39007 9.33601 15.578 24.4042 28.9473 31.2877 32.1053 32.1053 31.2877 28.9473 24.4042 21.3972 26.2168 27.1854 27.1476 27.1398 27.1778 26.0815 21.3921 14.7546 17.4555 19.3789 20.4303 19.974 18.8028 16.9183 14.4813 10.4515 10.7906 8.77677 6.82273 6.9128 8.82413 10.7918 10.3683 7.01332 3.97608 2.55762 1.77971 1.80181 2.58816 4.0038 
10.583 4.74836 2.07601 1.2336 1.23323 2.07569 4.75003 10.633 17.353 10.5249 4.98708 2.93598 2.94768 5.01396 10.5648 17.297 26.1758 30.7305 32.6296 33.3741 33.3741 32.6296 30.7305 26.1758 21.379 25.117 26.746 27.2928 27.2923 26.7446 25.1445 21.3791 16.9918 20.7731 23.8246 25.8409 25.7605 23.6196 20.6708 17.1084 11.3623 11.7939 9.22973 6.62428 6.65001 9.23663 11.7882 11.2201 7.25519 3.57718 1.94237 1.28098 1.28366 1.94862 3.58401 
11.3454 5.13245 2.19976 1.27141 1.27083 2.19878 5.13224 11.3971 18.3303 11.0797 5.22387 3.04484 3.05475 5.24686 11.1202 18.2766 27.1793 31.8999 33.5865 34.2068 34.2068 33.5865 31.8999 27.1793 21.351 23.5948 25.5709 27.05 27.0504 25.5712 23.619 21.3484 18.5247 23.2769 27.055 29.3778 29.2475 26.7856 23.1551 18.7106 11.6365 12.2068 9.53569 6.67155 6.68597 9.53646 12.2013 11.4875 7.01248 2.99001 1.50186 1.0885 1.08916 1.50386 2.99495 
11.7062 5.30323 2.2417 1.28804 1.28749 2.24034 5.30001 11.741 18.7467 11.2018 5.21394 2.97657 2.98407 5.22726 11.2338 18.6956 27.6966 32.3224 33.9321 34.4483 34.4483 33.9321 32.3224 27.6966 21.3949 22.9385 25.0143 26.8893 26.8897 25.0143 22.9506 21.393 19.2587 25.0685 29.2396 31.1314 31.0476 29.1005 24.9635 19.4016 11.5632 12.3538 9.76717 6.74237 6.75024 9.76474 12.35 11.4584 6.61665 2.66134 1.34142 1.04414 1.04432 1.34214 2.66363 
11.741 5.30001 2.24034 1.28749 1.28749 2.24034 5.30001 11.741 18.7467 11.2018 5.21394 2.97657 2.97657 5.21394 11.2018 18.7467 27.6957 32.3186 33.9382 34.4532 34.4483 33.9321 32.3224 27.6966 21.393 22.9506 25.0143 26.8897 26.8893 25.0143 22.9385 21.3949 19.4016 24.9635 29.1005 31.0476 31.0476 29.1005 24.967 19.4027 11.4584 12.35 9.76474 6.75024 6.74237 9.76717 12.35 11.5632 6.61665 2.66134 1.34142 1.04414 1.04414 1.34142 2.66134 
11.3971 5.13224 2.19878 1.27083 1.27083 2.19878 5.13224 11.3971 18.3303 11.0797 5.22387 3.04484 3.04484 5.22387 11.0797 18.3303 27.1581 31.9078 33.6012 34.2153 34.2068 33.5865 31.8999 27.1793 21.3484 23.619 25.5712 27.0504 27.05 25.5709 23.5948 21.351 18.7106 23.1551 26.7856 29.2475 29.2475 26.7856 23.1608 18.7092 11.4875 12.2013 9.53646 6.68597 6.67155 9.53569 12.2013 11.6365 7.01248 2.99001 1.50186 1.0885 1.0885 1.50186 2.99001 
10.633 4.75003 2.07569 1.23323 1.23323 2.07569 4.75003 10.633 17.353 10.5249 4.98708 2.93598 2.93598 4.98708 10.5249 17.353 26.147 30.7602 32.6536 33.3888 33.3741 32.6296 30.7305 26.1758 21.3791 25.1445 26.7446 27.2923 27.2928 26.746 25.117 21.379 17.1084 20.6708 23.6196 25.7605 25.7605 23.6196 20.6747 17.1066 11.2201 11.7882 9.23663 6.65001 6.62428 9.22973 11.7882 11.3623 7.25519 3.57718 1.94237 1.28098 1.28098 1.94237 3.57718 
9.60234 4.33745 1.94757 1.19871 1.19871 1.94757 4.33745 9.60234 15.6233 9.30643 4.38432 2.56271 2.56271 4.38432 9.30643 15.6233 24.3283 28.9474 31.2813 32.0918 32.1053 31.2877 28.9473 24.4042 21.3921 26.0815 27.1778 27.1398 27.1476 27.1854 26.2168 21.3972 14.4813 16.9183 18.8028 19.974 19.974 18.8028 16.9194 14.4791 10.3683 10.7918 8.82413 6.9128 6.82273 8.77677 10.7918 10.4515 7.01332 3.97608 2.55762 1.77971 1.77971 2.55762 3.97608 
8.06321 3.92122 1.8677 1.20994 1.20994 1.8677 3.92122 8.06321 12.1787 7.39618 3.58323 2.08073 2.08073 3.58323 7.39618 12.1787 19.2482 25.1119 27.2657 28.0909 28.0909 27.2657 25.0457 19.1878 9.49312 11.2658 11.913 12.5317 12.5282 11.9101 11.2658 9.49376 7.43808 8.73993 9.59113 10.0853 10.0853 9.59113 8.59628 7.33237 5.96759 6.02415 4.46176 3.10544 3.10403 4.4504 6.02415 5.97482 3.49863 1.61748 1.09194 1.01211 1.01211 1.09194 1.61748 
9.28195 4.3631 1.99196 1.25192 1.25192 1.99196 4.3631 9.28195 13.8182 8.79508 4.19237 2.38309 2.38309 4.19237 8.79508 13.8182 19.2225 26.3806 30.1475 31.1966 31.1966 30.1475 26.4128 19.2246 7.18629 9.14724 9.42412 9.31433 9.31443 9.42439 9.14724 7.18647 5.24553 6.61336 6.74718 6.27032 6.27032 6.74718 6.59378 5.23772 2.93518 2.89174 2.16743 1.52625 1.52791 2.16903 2.89174 2.94151 1.91927 1.17619 1.00892 0.997801 0.997801 1.00892 1.17619 
9.96281 4.69272 2.10268 1.28172 1.28172 2.10268 4.69272 9.96281 14.635 9.55841 4.54392 2.54748 2.54748 4.54392 9.55841 14.635 19.3439 27.1471 31.5701 32.7755 32.7755 31.5701 27.1934 19.3577 5.98706 8.31995 8.36573 7.8972 7.89726 8.36578 8.31995 5.98699 3.51624 4.86356 4.54501 3.7418 3.7418 4.54501 4.8218 3.49806 1.53646 1.48355 1.24991 1.07508 1.07506 1.24968 1.48355 1.53991 1.24356 1.04017 1.00265 0.999831 0.999831 1.00265 1.04017 
10.2281 4.83632 2.13858 1.27614 1.27614 2.13858 4.83632 10.2281 14.9185 9.78724 4.656 2.5934 2.5934 4.656 9.78724 14.9185 19.3938 27.5131 32.0333 33.2462 33.2462 32.0333 27.5487 19.4259 7.22922 11.2407 10.5715 7.73247 7.73243 10.5716 11.2407 7.22932 2.33416 3.31602 3.04012 2.38668 2.38668 3.04012 3.27738 2.33433 1.13615 1.09527 1.03786 1.00682 1.0068 1.03779 1.09527 1.13836 1.03337 1.00309 1.00006 1.00002 1.00002 1.00006 1.00309 
10.2322 4.83412 2.13769 1.27554 1.27614 2.13858 4.83632 10.2281 14.9185 9.78724 4.656 2.5934 2.59218 4.65554 9.80296 14.8857 19.4259 27.5487 32.0333 33.2462 33.2447 32.0254 27.5131 19.3938 7.22932 11.2409 10.5716 7.73243 7.73247 10.5715 11.2407 7.22922 2.33304 3.27748 3.00725 2.37528 2.38668 3.04012 3.31602 2.33416 1.13849 1.09528 1.03779 1.0068 1.00682 1.03786 1.09527 1.13615 1.03337 1.00309 1.00006 1.00002 1.00002 1.00006 1.00309 
9.96691 4.69013 2.10125 1.28059 1.28172 2.10268 4.69272 9.96281 14.635 9.55841 4.54392 2.54748 2.54677 4.54518 9.57743 14.5906 19.3577 27.1934 31.5701 32.7755 32.7709 31.5575 27.1471 19.3439 5.98699 8.32009 8.36578 7.89726 7.8972 8.36573 8.31995 5.98706 3.49657 4.82143 4.50192 3.72052 3.7418 4.54501 4.86356 3.51624 1.54006 1.48358 1.24968 1.07506 1.07508 1.24991 1.48355 1.53646 1.24356 1.04017 1.00265 0.999831 0.999831 1.00265 1.04018 
9.28489 4.35994 1.99037 1.25073 1.25192 1.99196 4.3631 9.28195 13.8182 8.79508 4.19237 2.38309 2.38331 4.19493 8.81496 13.7816 19.2246 26.4128 30.1475 31.1966 31.1958 30.146 26.3806 19.2225 7.18647 9.14763 9.42439 9.31443 9.31433 9.42412 9.14724 7.18629 5.23741 6.59525 6.73298 6.26358 6.27032 6.74718 6.61336 5.24553 2.94202 2.89181 2.16903 1.52791 1.52625 2.16743 2.89174 2.93518 1.91927 1.17619 1.00892 0.997801 0.997801 1.00893 1.1762 
8.03801 3.9094 1.8643 1.20876 1.20994 1.8677 3.92122 8.06321 12.1787 7.39618 3.58323 2.08073 2.07961 3.57817 7.37027 12.0704 19.1878 25.0457 27.2657 28.0909 28.1636 27.3453 25.1119 19.2482 9.49376 11.2637 11.9101 12.5282 12.5317 11.913 11.2658 9.49312 7.23477 8.47584 9.30851 9.84297 10.0853 9.59113 8.73993 7.43808 5.92435 6.02398 4.4504 3.10403 3.10544 4.46176 6.02415 5.96759 3.49863 1.61748 1.09194 1.01211 1.0121 1.0919 1.61743 
2.77731 1.75191 1.19983 1.04163 1.04163 1.19983 1.75191 2.77731 4.16383 2.63437 1.56863 1.16207 1.16207 1.56863 2.63437 4.16383 10.2324 14.0795 15.8971 16.5208 16.6043 15.9885 14.166 10.3073 3.56301 3.97683 4.22672 4.65685 4.65685 4.22672 3.97683 3.56301 3.38411 3.90962 4.28878 4.44774 4.45049 4.2926 3.91344 3.38611 2.47947 2.68998 2.07506 1.48309 1.48296 2.07645 2.7039 2.47988 1.41499 1.05969 1.00838 1.00038 1.00046 1.0087 1.0597 
1.72985 1.29465 1.0708 1.01167 1.01167 1.0708 1.29465 1.72985 2.36567 1.62124 1.17574 1.03889 1.03889 1.17574 1.62124 2.36567 6.00114 8.29046 8.69681 8.60174 8.59727 8.68882 8.27617 6.00707 1.69964 1.74112 1.8663 2.12979 2.12979 1.8663 1.74112 1.69964 1.52078 1.62703 1.70544 1.78914 1.78925 1.70542 1.62697 1.52075 1.31942 1.40569 1.22396 1.06906 1.06906 1.22429 1.40631 1.31996 1.08847 1.01307 1.00141 0.999771 0.999772 1.0014 1.01307 
1.18642 1.06469 1.01262 1.00149 1.00149 1.01262 1.06469 1.18642 1.36083 1.12752 1.02687 1.00377 1.00377 1.02687 1.12752 1.36083 3.43955 4.72094 4.53957 4.17334 4.17426 4.53696 4.71556 3.4428 1.10975 1.10368 1.1389 1.22251 1.22251 1.1389 1.10368 1.10975 1.05704 1.06606 1.06991 1.09701 1.09697 1.0699 1.06605 1.05702 1.03774 1.05474 1.02566 1.00495 1.00495 1.02568 1.0547 1.03758 1.01132 1.00146 0.999956 0.999948 0.999948 0.999955 1.00146 
1.03806 1.01073 1.00155 0.999885 0.999885 1.00155 1.01073 1.03806 1.07748 1.01956 1.00233 0.999866 0.999866 1.00233 1.01956 1.07748 2.10177 2.79355 2.6086 2.42468 2.42496 2.6076 2.79225 2.10245 1.01584 1.01043 1.01824 1.03939 1.03939 1.01824 1.01043 1.01584 0.998079 0.988657 0.986938 0.99862 0.998622 0.98694 0.988627 0.998079 1.00264 1.00417 1.00137 0.999931 0.999931 1.00137 1.00414 1.00261 1.00127 0.999997 0.999924 0.999991 0.999991 0.999924 0.999997 
1.03808 1.01077 1.00156 0.999888 0.999885 1.00155 1.01073 1.03806 1.07748 1.01956 1.00233 0.999866 0.999868 1.00234 1.01956 1.07872 2.10177 2.79355 2.6086 2.42468 2.42468 2.6086 2.79355 2.10177 1.01584 1.01043 1.01824 1.0394 1.03939 1.01824 1.01043 1.01584 0.997813 0.988071 0.986387 0.99843 0.99862 0.986938 0.988657 0.998079 1.00261 1.00418 1.00137 0.999928 0.999928 1.00137 1.00418 1.00261 1.00127 0.999997 0.999924 0.999991 0.999991 0.999924 0.999997 
1.18644 1.06501 1.0127 1.00151 1.00149 1.01262 1.06469 1.18642 1.36083 1.12752 1.02687 1.00377 1.0038 1.02701 1.12753 1.36349 3.43955 4.72094 4.53957 4.17334 4.17334 4.53957 4.72094 3.43955 1.10971 1.10367 1.13886 1.22257 1.22251 1.1389 1.10368 1.10975 1.05567 1.06372 1.06754 1.09601 1.09701 1.06991 1.06606 1.05704 1.03758 1.05479 1.02561 1.00492 1.00492 1.02561 1.05479 1.03758 1.01132 1.00146 0.999956 0.999948 0.999948 0.999956 1.00146 
1.72862 1.29642 1.07139 1.01179 1.01167 1.0708 1.29465 1.72985 2.36567 1.62124 1.17574 1.03889 1.03924 1.17722 1.62335 2.37508 6.00114 8.29046 8.69681 8.60174 8.60174 8.69681 8.29046 6.00114 1.6986 1.73961 1.86455 2.12902 2.12979 1.8663 1.74112 1.69964 1.51472 1.61605 1.69514 1.78436 1.78914 1.70544 1.62703 1.52078 1.31996 1.40737 1.22358 1.06881 1.06881 1.22358 1.40737 1.31996 1.08847 1.01307 1.00141 0.999771 0.999771 1.00141 1.01307 
2.75502 1.74956 1.19976 1.04173 1.04163 1.19983 1.75191 2.77731 4.16383 2.63437 1.56863 1.16207 1.16153 1.56745 2.62121 4.14631 10.2324 14.0795 15.8971 16.5208 16.5208 15.8971 14.0795 10.2324 3.54865 3.95704 4.20625 4.6316 4.65685 4.22672 3.97683 3.56301 3.34226 3.84773 4.22238 4.39913 4.44774 4.28878 3.90962 3.38411 2.47988 2.66768 2.06796 1.47872 1.47872 2.06796 2.66768 2.47988 1.41499 1.05969 1.00838 1.00038 1.00038 1.00838 1.05969 
1.79281 1.33352 1.07722 1.01364 1.01364 1.07722 1.33352 1.79281 2.54797 1.80484 1.27762 1.07077 1.07077 1.27762 1.80484 2.54797 4.33795 6.02604 6.82447 7.55613 7.55613 6.82447 6.02604 4.33795 2.04828 2.33448 2.33034 2.16405 2.16405 2.33034 2.33448 2.04828 1.9156 2.25083 2.29687 2.19264 2.19291 2.29716 2.25081 1.91563 1.34287 1.48023 1.25252 1.07872 1.07872 1.25252 1.48023 1.34287 1.06935 1.00717 1.00022 0.999902 0.999902 1.00022 1.00717 
1.31967 1.1306 1.02314 1.00275 1.00275 1.02314 1.1306 1.31967 1.52682 1.24299 1.07058 1.01384 1.01384 1.07058 1.24299 1.52682 2.62765 3.58877 4.04046 4.13583 4.13583 4.04046 3.58877 2.62765 1.36705 1.52668 1.48791 1.35685 1.35685 1.48791 1.52668 1.36705 1.21923 1.35096 1.35105 1.27837 1.27842 1.35106 1.35097 1.21924 1.0471 1.07611 1.03232 1.0076 1.0076 1.03232 1.07611 1.0471 1.01073 1.00133 1.00003 0.999966 0.999966 1.00003 1.00133 
1.07806 1.02439 1.00331 1.00016 1.00016 1.00331 1.02439 1.07806 1.13159 1.05163 1.01079 1.00151 1.00151 1.01079 1.05163 1.13159 1.60809 2.10519 2.3635 2.16669 2.16669 2.3635 2.10519 1.60809 1.08445 1.13648 1.12206 1.07491 1.07491 1.12206 1.13648 1.08445 1.03427 1.0662 1.06785 1.04487 1.04487 1.06785 1.0662 1.03427 1.00443 1.00804 1.00256 1.00035 1.00035 1.00256 1.00804 1.00443 1.00122 1.00006 0.999983 0.999998 0.999998 0.999983 1.00006 
1.013 1.00295 1.00018 0.999876 0.999876 1.00018 1.00295 1.013 1.02372 1.00714 1.00099 0.999862 0.999862 1.00099 1.00714 1.02372 1.17771 1.36757 1.47014 1.3817 1.3817 1.47014 1.36757 1.17771 1.01217 1.022 1.01929 1.00971 1.00971 1.01929 1.022 1.01217 1.00325 1.00794 1.00892 1.00463 1.00463 1.00892 1.00794 1.00325 1.00016 1.00031 0.999997 0.999884 0.999884 0.999997 1.00031 1.00016 1.00008 0.99996 0.999997 1 1 0.999997 0.99996 
0 0 0 0 0.999876 1.00018 1.00295 1.013 1.0238 1.00724 1.00101 0.999864 0.999862 1.00099 1.00714 1.02372 1.17771 1.36757 1.47014 1.3817 1.37794 1.46383 1.36291 1.17595 1.01218 1.02171 1.01902 1.00959 1.00971 1.01929 1.022 1.01217 1.00325 1.00794 1.00892 1.00463 1.00463 1.00892 1.00794 1.00325 1.00016 1.00029 0.999991 0.999883 0.999884 0.999997 1.00031 1.00016 1.00008 0.99996 0.999997 1 0 0 0 
0 0 0 0 1.00016 1.00331 1.02439 1.07806 1.13195 1.05213 1.01088 1.00152 1.00151 1.01079 1.05163 1.13159 1.60809 2.10519 2.3635 2.16669 2.1565 2.34674 2.09275 1.60264 1.08433 1.1348 1.12054 1.07419 1.07491 1.12206 1.13648 1.08445 1.03427 1.0662 1.06785 1.04487 1.04487 1.06785 1.0662 1.03427 1.00442 1.00793 1.00252 1.00034 1.00035 1.00256 1.00804 1.00443 1.00122 1.00006 0.999983 0.999998 0 0 0 
0 0 0 0 1.00275 1.02314 1.1306 1.31967 1.52801 1.2446 1.07098 1.0139 1.01384 1.07058 1.24299 1.52682 2.62765 3.58877 4.04046 4.13583 4.12146 4.02879 3.57978 2.62225 1.36667 1.52168 1.48325 1.35443 1.35685 1.48791 1.52668 1.36705 1.21924 1.35097 1.35106 1.27842 1.27837 1.35105 1.35096 1.21923 1.04715 1.07553 1.03206 1.00755 1.0076 1.03232 1.07611 1.0471 1.01073 1.00133 1.00003 0.999966 0 0 0 
