0 0 0 0 1.00092 1.0062 1.0315 1.12806 1.62301 1.16236 1.02349 1.00232 1.00234 1.02366 1.16343 1.63188 3.38922 3.74894 3.2372 2.76961 2.7661 3.22916 3.73707 3.38178 3.39981 5.14347 7.26867 9.66256 9.65763 7.27731 5.15223 3.40001 1.55358 1.38856 1.44271 1.54521 1.54187 1.43641 1.38082 1.54127 1.53114 1.40684 1.17577 1.0508 1.05073 1.17542 1.40674 1.53731 1.31587 1.0808 1.01132 1.00123 0 0 0 
0 0 0 0 1.00001 1.00123 1.00685 1.02294 1.12366 1.02851 1.00364 1.0002 1.0002 1.00364 1.02859 1.12529 1.67637 1.67517 1.50786 1.35422 1.35293 1.50493 1.67113 1.67566 2.58294 4.221 5.72642 7.11728 7.11254 5.72213 4.22019 2.58129 1.07378 1.04042 1.04808 1.07056 1.07108 1.04833 1.04044 1.07083 1.11573 1.07708 1.02573 1.00456 1.00456 1.02572 1.07708 1.11742 1.07964 1.02034 1.00235 1.00011 0 0 0 
0 0 0 0 0.999951 1.00008 1.00096 1.00256 1.01562 1.0033 1.00028 0.999895 0.999895 1.00028 1.00329 1.01581 1.18505 1.11949 1.07635 1.04344 1.0432 1.07574 1.11865 1.18755 2.27718 3.74979 4.88041 5.51485 5.50188 4.88045 3.74521 2.27371 1.00156 0.993918 0.992141 0.998414 0.998485 0.992161 0.993916 0.998885 1.01492 1.00897 1.0022 1.00011 1.00011 1.0022 1.00897 1.01523 1.01292 1.00262 1.00017 0.999936 0 0 0 
0 0 0 0 0.999986 0.999957 0.999975 1.00029 1.00087 0.999841 0.999904 0.99997 0.99997 0.999904 0.999838 1.00087 1.05994 1.01639 1.0067 1.00261 1.00258 1.00661 1.01627 1.06231 2.05477 4.15987 6.17292 4.62858 4.60159 6.11224 4.12223 2.04252 1.00015 0.996799 0.995914 0.997563 0.997558 0.995888 0.996778 0.998142 1.0012 1.00048 1.00004 0.999921 0.999921 1.00004 1.00048 1.00124 1.00155 1.00015 0.999941 0.99998 0 0 0 
1.00029 0.999975 0.999957 0.999986 0.999986 0.999957 0.999975 1.00029 1.00087 0.999838 0.999904 0.99997 0.99997 0.999904 0.999841 1.00087 1.05994 1.01639 1.0067 1.00261 1.00261 1.0067 1.01639 1.05994 2.05477 4.15987 6.17292 4.62858 4.62858 6.17292 4.15987 2.05477 0.998142 0.996778 0.995888 0.997558 0.997558 0.995888 0.996778 0.998142 1.00124 1.00048 1.00004 0.999921 0.999921 1.00004 1.00048 1.00124 1.00155 1.00015 0.999941 0.99998 0.99998 0.999941 1.00015 
1.00256 1.00096 1.00008 0.999951 0.999951 1.00008 1.00096 1.00256 1.01581 1.00329 1.00028 0.999895 0.999895 1.00028 1.0033 1.01562 1.18505 1.11949 1.07635 1.04344 1.04344 1.07635 1.11949 1.18505 2.27718 3.74979 4.88041 5.51485 5.51485 4.88041 3.74979 2.27718 0.998885 0.993916 0.992161 0.998485 0.998485 0.992161 0.993916 0.998885 1.01523 1.00897 1.0022 1.00011 1.00011 1.0022 1.00897 1.01523 1.01292 1.00262 1.00017 0.999936 0.999936 1.00017 1.00262 
1.02294 1.00685 1.00123 1.00001 1.00001 1.00123 1.00685 1.02294 1.12529 1.02859 1.00364 1.0002 1.0002 1.00364 1.02851 1.12366 1.67637 1.67517 1.50786 1.35422 1.35422 1.50786 1.67517 1.67637 2.58294 4.221 5.72642 7.11728 7.11728 5.72642 4.221 2.58294 1.07083 1.04044 1.04833 1.07108 1.07108 1.04833 1.04044 1.07083 1.11742 1.07708 1.02572 1.00456 1.00456 1.02572 1.07708 1.11742 1.07964 1.02034 1.00235 1.00011 1.00011 1.00235 1.02034 
1.12806 1.0315 1.0062 1.00092 1.00092 1.0062 1.0315 1.12806 1.63188 1.16343 1.02349 1.00232 1.00232 1.02349 1.16236 1.62301 3.38922 3.74894 3.2372 2.76961 2.76961 3.2372 3.74894 3.38922 3.39981 5.14347 7.26867 9.66256 9.66256 7.26867 5.14347 3.39981 1.54127 1.38082 1.43641 1.54187 1.54187 1.43641 1.38082 1.54127 1.53731 1.40674 1.17542 1.05073 1.05073 1.17542 1.40674 1.53731 1.31587 1.0808 1.01132 1.00123 1.00123 1.01132 1.0808 
1.65833 1.146 1.02374 1.00231 1.00228 1.02365 1.146 1.65833 2.73777 1.59966 1.11759 1.01952 1.01742 1.11031 1.58095 2.67977 6.48966 7.38295 6.55374 5.92097 5.92097 6.55374 7.38295 6.48966 5.27064 7.38782 9.31244 11.3297 11.2974 9.23488 7.30353 5.19203 3.62663 3.26552 3.49336 3.63541 3.64025 3.50256 3.30426 3.68388 2.364 2.12042 1.69697 1.32062 1.33066 1.71689 2.10847 2.35225 1.59788 1.1314 1.00686 0.999829 0.999814 1.00682 1.1314 
1.24306 1.04692 1.00642 1.0003 1.00028 1.00636 1.04692 1.24306 1.68388 1.18231 1.02388 1.00186 1.00185 1.02421 1.18557 1.69313 3.4644 3.62298 3.11974 2.66912 2.66912 3.11974 3.62298 3.4644 4.10286 5.43341 6.46516 7.22295 7.23846 6.46687 5.43058 4.08783 2.3208 1.90036 1.78637 1.75368 1.75628 1.79121 1.89079 2.32794 1.3466 1.25324 1.13683 1.05212 1.05354 1.14348 1.25568 1.35284 1.06521 0.99777 0.996707 0.999436 0.999435 0.996701 0.99777 
1.05387 1.00855 1.00086 0.999923 0.999922 1.00085 1.00855 1.05387 1.19495 1.03639 1.00285 0.999822 0.999839 1.00298 1.03776 1.20058 2.00704 1.75185 1.50547 1.32713 1.32713 1.50547 1.75185 2.00704 3.76685 4.88763 5.64599 5.54277 5.55057 5.65098 4.89114 3.76349 1.63363 1.28432 1.18521 1.15041 1.15141 1.18701 1.28763 1.66877 1.05622 1.03244 1.01436 1.00433 1.00447 1.01532 1.03267 1.05911 0.995435 0.996628 0.999469 1.00003 1.00003 0.999469 0.996628 
1.00909 1.00101 0.99986 0.999943 0.999943 0.999859 1.00101 1.00909 1.04778 1.00528 0.999954 0.99989 0.999888 1 1.00563 1.0493 1.48942 1.20375 1.10625 1.04806 1.04806 1.10625 1.20375 1.48942 4.41061 6.52233 7.859 5.86995 5.8915 7.91258 6.56601 4.43649 1.29803 1.07832 1.03366 1.02374 1.02399 1.03409 1.08159 1.33867 1.00838 1.0017 1.00043 0.999927 0.999937 1.00051 1.00174 1.00936 0.997597 0.999504 1.00009 1.00002 1.00002 1.00009 0.999504 
1.00909 1.00101 0.999859 0.999943 0.999943 0.999859 1.00101 1.00909 1.04778 1.00528 0.999954 0.99989 0.99989 0.999954 1.00528 1.04778 1.48942 1.20375 1.10736 1.04853 1.04853 1.10736 1.20594 1.49945 4.43649 6.56601 7.91258 5.8915 5.8915 7.91258 6.56601 4.43649 1.33867 1.08159 1.03409 1.02399 1.02374 1.03366 1.07832 1.29803 1.00936 1.00174 1.00051 0.999937 0.999932 1.00046 1.00175 1.00847 0.997597 0.999504 1.00009 1.00002 1.00002 1.00009 0.999505 
1.05387 1.00855 1.00085 0.999922 0.999922 1.00085 1.00855 1.05387 1.19495 1.03639 1.00285 0.999822 0.999822 1.00285 1.03639 1.19495 2.00704 1.75185 1.50926 1.32887 1.32887 1.50926 1.75675 2.02098 3.76349 4.89114 5.65098 5.55057 5.55057 5.65098 4.89114 3.76349 1.66877 1.28763 1.18701 1.15141 1.15041 1.18521 1.28432 1.63363 1.05911 1.03267 1.01532 1.00447 1.0044 1.0147 1.03299 1.05718 0.995435 0.996628 0.999469 1.00003 1.00003 0.999469 0.996628 
1.24306 1.04692 1.00636 1.00028 1.00028 1.00636 1.04692 1.24306 1.68388 1.18231 1.02388 1.00186 1.00186 1.02388 1.18231 1.68388 3.4644 3.62298 3.12015 2.66915 2.66915 3.12015 3.61692 3.46933 4.08783 5.43058 6.46687 7.23846 7.23846 6.46687 5.43058 4.08783 2.32794 1.89079 1.79121 1.75628 1.75368 1.78637 1.90036 2.3208 1.35284 1.25568 1.14348 1.05354 1.05281 1.13909 1.25612 1.3522 1.06521 0.99777 0.996701 0.999435 0.999436 0.996707 0.997878 
1.65852 1.14602 1.02365 1.00228 1.00228 1.02365 1.146 1.65833 2.73777 1.59966 1.11759 1.01952 1.01952 1.11759 1.59966 2.73777 6.48966 7.38295 6.62236 5.99404 5.99404 6.62236 7.45452 6.56757 5.19203 7.30353 9.23488 11.2974 11.2974 9.23488 7.30353 5.19203 3.68388 3.30426 3.50256 3.64025 3.63541 3.49336 3.26552 3.62663 2.35225 2.10847 1.71689 1.33066 1.32567 1.70751 2.13562 2.38707 1.59788 1.1314 1.00682 0.999814 0.999829 1.00686 1.13282 
3.27789 1.60386 1.10975 1.01095 1.01095 1.10975 1.60386 3.27789 5.99081 3.40145 1.76642 1.22535 1.22535 1.76642 3.40145 5.99081 12.5278 14.3189 14.049 13.5012 13.4181 13.9424 14.1638 12.4654 10.7919 15.1737 18.1517 19.8036 19.8036 18.1517 15.1737 10.7919 5.97129 5.79626 6.8672 7.42026 7.41939 6.86984 6.06674 6.21895 4.35777 4.14682 3.04447 2.18201 2.17287 3.01998 4.09423 4.29137 4.70029 2.74905 1.45334 1.09407 1.09407 1.45334 2.74905 
2.90657 1.49054 1.08862 1.00753 1.00753 1.08862 1.49054 2.90657 5.17242 3.16786 1.76976 1.23442 1.23442 1.76976 3.16786 5.17242 10.1458 11.596 10.613 9.14947 9.16663 10.6058 11.5935 10.1399 9.03501 14.8093 18.7581 20.3704 20.3704 18.7581 14.8093 9.03501 3.93019 3.28527 3.52116 3.78666 3.79378 3.53344 3.26253 3.88915 3.08909 2.78268 2.10193 1.5166 1.51767 2.09808 2.76856 3.07138 3.44041 2.19907 1.24916 1.03681 1.03681 1.24916 2.19907 
2.55542 1.39291 1.06736 1.00504 1.00504 1.06736 1.39291 2.55542 4.3425 2.69347 1.56799 1.15821 1.15821 1.56799 2.69347 4.3425 8.54632 9.71269 8.3633 6.41254 6.43478 8.37191 9.71244 8.54515 8.60385 16.4174 20.28 21.1201 21.1201 20.28 16.4174 8.60385 2.59721 1.72191 1.65787 1.8216 1.82347 1.66168 1.70994 2.55935 1.89134 1.73543 1.37387 1.12164 1.12173 1.37214 1.72726 1.87781 2.33368 1.58417 1.08575 1.00866 1.00866 1.08575 1.58417 
2.28226 1.32956 1.05141 1.00403 1.00403 1.05141 1.32956 2.28226 3.77917 2.23522 1.33285 1.07384 1.07384 1.33285 2.23522 3.77917 7.76854 8.66281 7.03713 5.14904 5.16507 7.0461 8.6607 7.77592 10.2699 18.1521 21.1174 21.4475 21.4475 21.1174 18.1521 10.2699 2.27203 1.27455 1.1458 1.22624 1.22632 1.14624 1.26893 2.22621 1.31786 1.24772 1.09543 1.02114 1.02111 1.09487 1.24514 1.314 1.49519 1.16854 1.01881 1.00111 1.00111 1.01881 1.16854 
2.28678 1.33085 1.05174 1.00409 1.00403 1.05141 1.32956 2.28226 3.79132 2.22852 1.33285 1.07384 1.07299 1.33013 2.22852 3.79132 7.76854 8.66281 7.0461 5.16507 5.14904 7.03713 8.66281 7.76854 10.2544 18.158 21.1277 21.4547 21.4475 21.1174 18.1521 10.2699 2.22621 1.26893 1.14624 1.22632 1.22624 1.1458 1.27455 2.27203 1.31816 1.25011 1.09487 1.02111 1.02114 1.09543 1.24772 1.31786 1.4952 1.16854 1.01881 1.00111 1.00111 1.01881 1.16854 
2.56492 1.39582 1.0683 1.00529 1.00504 1.06736 1.39291 2.55542 4.36091 2.6855 1.56799 1.15821 1.15627 1.56319 2.6855 4.36091 8.54632 9.71269 8.37191 6.43478 6.41254 8.3633 9.71269 8.54632 8.57831 16.4222 20.2978 21.1332 21.1201 20.28 16.4174 8.60385 2.55935 1.70994 1.66168 1.82347 1.8216 1.65787 1.72191 2.59721 1.89148 1.74424 1.37214 1.12173 1.12164 1.37387 1.73543 1.89134 2.33371 1.58417 1.08575 1.00866 1.00866 1.08575 1.58418 
2.91808 1.49422 1.08987 1.00787 1.00753 1.08862 1.49054 2.90657 5.20042 3.16081 1.76976 1.23442 1.2319 1.76396 3.16081 5.20042 10.1458 11.596 10.6058 9.16663 9.14947 10.613 11.596 10.1458 9.01869 14.8081 18.7716 20.3835 20.3704 18.7581 14.8093 9.03501 3.88915 3.26253 3.53344 3.79378 3.78666 3.52116 3.28527 3.93019 3.08757 2.79844 2.09808 1.51767 1.5166 2.10193 2.78268 3.08909 3.44055 2.19907 1.24916 1.03681 1.03681 1.24915 2.19903 
3.30046 1.60939 1.11111 1.01122 1.01095 1.10975 1.60386 3.27789 6.05262 3.40329 1.76642 1.22535 1.22379 1.76375 3.40329 6.05262 12.5278 14.3189 13.9424 13.4181 13.5012 14.049 14.3189 12.5278 10.9144 15.317 18.2987 19.93 19.8036 18.1517 15.1737 10.7919 6.21895 6.06674 6.86984 7.41939 7.42026 6.8672 5.79626 5.97129 4.35907 4.25607 3.01998 2.17287 2.18201 3.04447 4.14682 4.35777 4.69968 2.74905 1.45334 1.09407 1.09406 1.45334 2.74919 
6.03618 2.55027 1.34088 1.05081 1.05081 1.34088 2.54529 6.02652 11.1405 5.76425 2.45085 1.43812 1.43812 2.45085 5.76425 11.1405 20.55 23.859 25.4232 25.8521 25.8645 25.4407 23.859 20.55 21.3543 24.3278 26.5433 27.3408 27.3412 26.5448 24.4823 21.4466 18.0239 19.6205 20.8299 21.1293 21.2222 20.7101 19.9571 18.122 13.7307 11.4443 8.23638 6.06237 6.06237 8.23638 11.4443 13.7307 11.1718 6.14324 2.68263 1.52069 1.52069 2.68263 6.14324 
6.68566 2.78115 1.3991 1.06119 1.06119 1.3991 2.77214 6.65926 12.135 6.2663 2.62891 1.49889 1.49889 2.62891 6.2663 12.135 22.6 26.9221 29.6198 30.3692 30.3659 29.6146 26.9221 22.6 23.747 25.3041 26.7565 28.1035 28.1041 26.7571 25.2866 23.7162 23.4836 26.1449 27.7048 28.2426 28.2418 27.712 26.2441 23.3743 16.0979 13.1459 9.52453 7.32965 7.32965 9.52453 13.1459 16.0979 12.1385 6.28285 2.70425 1.51795 1.51795 2.70425 6.28285 
7.02091 2.88397 1.41998 1.0639 1.0639 1.41998 2.87523 6.99538 12.7448 6.53792 2.70786 1.51609 1.51609 2.70786 6.53792 12.7448 23.8797 28.6383 31.7296 32.6191 32.6144 31.7201 28.6383 23.8797 24.7756 24.534 26.0136 27.8047 27.8051 26.0131 24.5156 24.7464 26.4661 29.7838 31.5277 32.1099 32.1174 31.507 29.9099 26.3583 17.6875 14.3563 10.4546 8.11364 8.11364 10.4546 14.3563 17.6875 12.909 6.40996 2.75746 1.55961 1.55961 2.75746 6.40996 
7.07529 2.86063 1.39747 1.05583 1.05583 1.39747 2.85567 7.06061 13.0397 6.59886 2.71211 1.48793 1.48793 2.71211 6.59886 13.0397 24.5551 29.3165 32.414 33.3125 33.3094 32.4078 29.3165 24.5551 25.1868 24.308 25.8215 27.6744 27.6751 25.8208 24.3053 25.1635 27.5151 30.9898 32.7366 33.2883 33.2929 32.7246 31.0839 27.4384 18.714 15.2313 10.9987 8.45408 8.45408 10.9987 15.2313 18.714 13.6623 6.76891 2.90248 1.59087 1.59087 2.90248 6.76891 
7.06061 2.85567 1.39614 1.05555 1.05583 1.39747 2.85567 7.06061 12.9948 6.61084 2.71264 1.488 1.48793 2.71211 6.59886 13.0397 24.5551 29.3165 32.4078 33.3094 33.3125 32.414 29.3111 24.6111 25.1635 24.3053 25.8208 27.6751 27.6744 25.8215 24.308 25.1868 27.4384 31.0839 32.7657 33.2995 33.2883 32.7366 30.9898 27.5151 18.7138 15.2398 10.9985 8.45196 8.44618 10.9917 15.302 18.7547 13.6623 6.76891 2.90248 1.59087 1.58971 2.9008 6.76663 
6.99538 2.87523 1.41759 1.06335 1.0639 1.41998 2.87523 6.99538 12.7068 6.54912 2.70823 1.51612 1.51609 2.70786 6.53792 12.7448 23.8797 28.6383 31.7201 32.6144 32.6191 31.7296 28.6414 23.9266 24.7464 24.5156 26.0131 27.8051 27.8047 26.0136 24.534 24.7756 26.3583 29.9099 31.5767 32.1294 32.1099 31.5277 29.7838 26.4661 17.6869 14.3735 10.4541 8.10767 8.09444 10.4477 14.4669 17.7116 12.909 6.40996 2.75746 1.55961 1.55714 2.75437 6.40544 
6.65926 2.77214 1.39663 1.06063 1.06119 1.3991 2.77214 6.65926 12.0968 6.27589 2.62936 1.499 1.49889 2.62891 6.2663 12.135 22.6 26.9221 29.6146 30.3659 30.3692 29.6198 26.9181 22.636 23.7162 25.2866 26.7571 28.1041 28.1035 26.7565 25.3041 23.747 23.3743 26.2441 27.7432 28.2479 28.2426 27.7048 26.1449 23.4836 16.0968 13.1571 9.52564 7.32756 7.32236 9.52322 13.2103 16.1007 12.1385 6.28285 2.70425 1.51795 1.51634 2.70207 6.27997 
6.02652 2.54529 1.3392 1.0504 1.05081 1.34088 2.54529 6.02652 11.0951 5.76944 2.45052 1.43809 1.43812 2.45085 5.76425 11.1405 20.55 23.859 25.4407 25.8645 25.8521 25.4232 23.8368 20.5659 21.4466 24.4823 26.5448 27.3412 27.3408 26.5433 24.3278 21.3543 18.122 19.9571 21.049 21.3222 21.1293 20.8299 19.6205 18.0239 13.7929 11.4745 8.27299 6.09155 6.14917 8.34022 11.6007 14.1109 11.1718 6.14324 2.68263 1.52069 1.52488 2.69265 6.17098 
7.53871 3.06735 1.47698 1.07771 1.07848 1.48038 3.06735 7.53871 13.9944 7.06692 3.00611 1.64694 1.64434 3.00071 7.03271 14.1892 25.1684 28.6135 30.6888 31.3668 31.3665 30.6883 28.6092 25.1979 28.6869 32.2725 33.1499 32.9195 32.9195 33.1499 32.2725 28.6869 23.3217 26.7498 28.0632 28.5009 28.4802 28.0618 26.6897 23.3217 16.1701 13.709 11.2165 8.88837 8.88208 11.2247 13.6596 16.1236 13.1263 8.4507 4.52809 2.66822 2.66832 4.5282 8.4507 
7.78616 3.0933 1.46852 1.07156 1.07222 1.47148 3.0933 7.78616 14.7843 7.21568 2.93573 1.54487 1.54227 2.92885 7.17657 14.9918 26.507 29.9695 32.1544 32.9558 32.9594 32.1581 29.9628 26.5322 29.8843 32.7305 33.5432 33.6228 33.6228 33.5432 32.7305 29.8843 25.9298 29.0567 30.8409 31.4201 31.4339 30.8414 29.0995 25.9305 18.5285 15.4153 12.3227 9.56708 9.56591 12.3775 15.4134 18.5488 14.047 8.56903 4.40215 2.53513 2.53506 4.40224 8.56903 
7.89357 3.09933 1.46125 1.06827 1.06886 1.46396 3.09933 7.89357 15.1662 7.29581 2.92667 1.52129 1.51914 2.92044 7.25474 15.3809 27.4384 30.843 32.9836 33.7631 33.7627 32.9824 30.8357 27.4758 30.6905 32.9218 33.7314 34.0001 34.0001 33.7314 32.9218 30.6905 27.5723 30.604 32.5026 33.1318 33.147 32.5031 30.6494 27.5731 20.1227 16.266 12.5291 9.65035 9.65088 12.5943 16.2684 20.1482 14.6067 8.40642 4.13756 2.39272 2.39264 4.13762 8.40642 
7.89751 3.07836 1.44299 1.06242 1.0628 1.44473 3.07836 7.89751 15.2946 7.30516 2.90748 1.50394 1.50256 2.90327 7.2651 15.5036 27.7833 31.1794 33.2701 33.9531 33.9526 33.2691 31.174 27.8335 31.1926 32.9505 33.8026 34.1808 34.1808 33.8026 32.9505 31.1926 28.5766 31.5382 33.317 33.8709 33.8789 33.3174 31.5628 28.5771 21.1949 16.6654 12.1639 9.54453 9.5445 12.2035 16.6674 21.2234 15.2072 8.20869 3.8658 2.24341 2.24338 3.86573 8.20869 
7.90523 3.08423 1.44473 1.0628 1.0628 1.44473 3.07836 7.89751 15.5036 7.2651 2.90327 1.50256 1.50256 2.90327 7.2651 15.5036 27.7833 31.1794 33.2701 33.9531 33.9531 33.2701 31.1794 27.7833 31.202 32.9542 33.8049 34.1822 34.1808 33.8026 32.9505 31.1926 28.511 31.5334 33.3174 33.8789 33.8709 33.317 31.5382 28.5766 21.2707 16.72 12.2035 9.5445 9.54453 12.1639 16.6654 21.1949 15.2072 8.20869 3.86573 2.24338 2.24341 3.8658 8.20902 
7.90629 3.1083 1.46396 1.06886 1.06886 1.46396 3.09933 7.89357 15.3809 7.25474 2.92044 1.51914 1.51914 2.92044 7.25474 15.3809 27.4384 30.843 32.9836 33.7631 33.7631 32.9836 30.843 27.4384 30.7085 32.931 33.7362 34.0026 34.0001 33.7314 32.9218 30.6905 27.4787 30.5907 32.5031 33.147 33.1318 32.5026 30.604 27.5723 20.2488 16.3689 12.5943 9.65088 9.65035 12.5291 16.266 20.1227 14.6067 8.40642 4.13762 2.39264 2.39272 4.13756 8.40689 
7.80028 3.10296 1.47148 1.07222 1.07222 1.47148 3.0933 7.78616 14.9918 7.17657 2.92885 1.54227 1.54227 2.92885 7.17657 14.9918 26.507 29.9695 32.1544 32.9558 32.9558 32.1544 29.9695 26.507 29.9015 32.7412 33.5478 33.6226 33.6228 33.5432 32.7305 29.8843 25.8244 29.0338 30.8414 31.4339 31.4201 30.8409 29.0567 25.9298 18.6614 15.5186 12.3775 9.56591 9.56708 12.3227 15.4153 18.5285 14.047 8.56903 4.40224 2.53506 2.53513 4.40215 8.56939 
7.56627 3.07956 1.48038 1.07848 1.07848 1.48038 3.06735 7.53871 14.1892 7.03271 3.00071 1.64434 1.64434 3.00071 7.03271 14.1892 25.1684 28.6135 30.6888 31.3668 31.3668 30.6888 28.6135 25.1684 28.7239 32.305 33.1725 32.9462 32.9195 33.1499 32.2725 28.6869 23.2857 26.7681 28.0618 28.4802 28.5009 28.0632 26.7498 23.3217 16.179 13.7318 11.2247 8.88208 8.88837 11.2165 13.709 16.1701 13.1263 8.4507 4.5282 2.66832 2.66822 4.52809 8.45108 
8.599 3.68015 1.70941 1.1374 1.13704 1.70792 3.6731 8.57418 14.8205 8.30803 3.80835 2.19669 2.19669 3.80835 8.23631 14.8776 25.8326 29.9197 32.245 32.9793 32.9793 32.245 29.9197 25.8326 26.4437 31.0935 32.3728 32.1741 32.1734 32.3722 31.0309 26.4418 20.2939 24.6135 26.3998 27.252 27.2843 26.4047 24.4525 20.2805 10.7876 10.8807 11.2144 12.0755 12.1797 11.2004 10.7837 10.5994 7.91412 5.98096 4.81514 4.28091 4.24318 4.80927 6.00396 
8.43616 3.52348 1.63489 1.11427 1.11346 1.63139 3.50993 8.399 14.7845 8.09918 3.63323 2.05488 2.05488 3.63323 8.03657 14.8494 26.6101 30.6495 33.0447 33.777 33.777 33.0447 30.6495 26.6101 27.7404 31.3787 32.6866 32.965 32.9651 32.6869 31.3585 27.8096 22.8318 28.1549 30.6054 31.4642 31.4319 30.5695 28.075 22.8543 11.2873 11.423 13.0162 15.2203 15.3023 13.0461 11.3662 11.1865 8.02587 6.41993 5.47888 5.21089 5.15961 5.4642 6.42481 
8.23239 3.34816 1.55577 1.09235 1.09162 1.55252 3.33568 8.19829 14.726 7.86414 3.44441 1.93157 1.93157 3.44441 7.80386 14.792 26.979 30.9352 33.3832 34.1117 34.1117 33.3832 30.9352 26.979 28.5559 31.4893 32.8263 33.3747 33.3745 32.8265 31.4751 28.6206 24.2925 29.6699 32.3555 33.3034 33.334 32.4119 29.6451 24.3154 12.2707 12.1993 13.8237 15.7839 15.8615 13.8542 12.1435 12.1642 8.50827 6.79741 5.87273 5.45427 5.40601 5.85914 6.80318 
8.01963 3.19391 1.48207 1.0704 1.0701 1.4805 3.1874 8.00115 14.7475 7.66869 3.25552 1.78936 1.78936 3.25552 7.62873 14.8123 27.1779 31.013 33.4984 34.2164 34.2164 33.4984 31.013 27.1779 28.8651 31.4364 32.8076 33.4717 33.4718 32.8079 31.4308 28.9017 25.0797 30.3414 33.0243 33.8623 33.8848 33.0709 30.3122 25.0974 13.7262 13.2942 13.9885 15.2281 15.2644 13.9907 13.2682 13.6163 9.5262 7.05765 5.64912 4.54538 4.51919 5.64063 7.06032 
8.00115 3.1874 1.4805 1.0701 1.0701 1.4805 3.1874 8.00115 14.7475 7.66869 3.27428 1.79858 1.78936 3.25552 7.66869 14.7475 27.1779 31.013 33.4984 34.2164 34.2145 33.497 31.013 27.1524 28.9017 31.4308 32.8079 33.4718 33.4718 32.8079 31.4308 28.9017 25.0974 30.3122 33.0466 33.8737 33.8558 33.0149 30.3173 25.0182 13.6163 13.2682 13.9907 15.2644 15.2644 13.9907 13.2682 13.6163 9.5262 7.05765 5.64912 4.54538 4.54538 5.64912 7.05765 
8.19829 3.33568 1.55252 1.09162 1.09162 1.55252 3.33568 8.19829 14.726 7.86414 3.48086 1.94957 1.93157 3.44441 7.86414 14.726 26.979 30.9352 33.3832 34.1117 34.108 33.3798 30.9332 26.9366 28.6206 31.4751 32.8265 33.3745 33.3745 32.8265 31.4751 28.6206 24.3154 29.6451 32.3815 33.3182 33.2908 32.3372 29.6468 24.2152 12.1642 12.1435 13.8542 15.8615 15.8615 13.8542 12.1435 12.1642 8.50827 6.79741 5.87273 5.45427 5.45427 5.87273 6.79741 
8.399 3.50993 1.63139 1.11346 1.11346 1.63139 3.50993 8.399 14.7845 8.09918 3.6731 2.07461 2.05488 3.63323 8.09918 14.7845 26.6101 30.6495 33.0447 33.777 33.7728 33.0399 30.6459 26.5687 27.8096 31.3585 32.6869 32.9651 32.9651 32.6869 31.3585 27.8096 22.8543 28.075 30.5861 31.4479 31.4593 30.5755 28.1193 22.7791 11.1865 11.3662 13.0461 15.3023 15.3023 13.0461 11.3662 11.1865 8.02587 6.41993 5.47888 5.21089 5.21089 5.47888 6.41993 
8.57418 3.6731 1.70792 1.13704 1.13704 1.70792 3.6731 8.57418 14.8205 8.30803 3.85049 2.21816 2.19669 3.80835 8.30803 14.8205 25.8326 29.9197 32.245 32.9793 32.9773 32.2397 29.918 25.7936 26.4418 31.0309 32.3722 32.1734 32.1734 32.3722 31.0309 26.4418 20.2805 24.4525 26.4022 27.2685 27.1506 26.2642 24.4713 20.2032 10.5994 10.7837 11.2004 12.1797 12.1797 11.2004 10.7837 10.5994 7.91412 5.98096 4.81514 4.28091 4.28091 4.81514 5.98096 
9.81868 4.4901 2.02974 1.23356 1.23356 2.02974 4.4901 9.81868 15.4593 9.34449 4.5592 2.72985 2.70302 4.54455 9.34449 15.4593 24.0785 28.6155 31.0481 31.907 31.9208 31.0548 28.6303 24.0893 20.8415 25.5176 27.1764 27.0729 27.0729 27.1764 25.5176 20.8415 14.3446 16.626 18.6546 19.8726 19.7832 18.5465 16.5149 14.2992 10.2281 10.6099 8.81283 7.19451 7.06046 8.73751 10.6019 10.3082 7.01047 4.04449 2.7349 1.96365 1.98884 2.76488 4.06932 
10.8384 4.87673 2.15193 1.26931 1.26931 2.15193 4.87673 10.8384 17.141 10.5664 5.19526 3.13751 3.10579 5.17218 10.5664 17.141 25.7861 30.4208 32.412 33.2078 33.1929 32.391 30.4085 25.7704 21.0068 24.7368 26.4318 27.143 27.143 26.4318 24.7368 21.0068 16.6647 20.0614 23.113 25.2723 25.2516 23.0759 20.0371 16.7034 11.0346 11.5028 9.18168 6.88223 6.84542 9.17337 11.5421 11.1733 7.34734 3.75498 2.10389 1.36965 1.37288 2.11092 3.76115 
11.5971 5.25509 2.27782 1.31148 1.31148 2.27782 5.25509 11.5971 18.1002 11.131 5.43852 3.25654 3.22497 5.41753 11.131 18.1002 26.7542 31.6163 33.4076 34.0802 34.071 33.3933 31.6102 26.7364 20.9496 23.1621 25.1237 26.5758 26.5758 25.1237 23.1621 20.9496 18.1698 22.4265 26.2538 28.7263 28.696 26.2075 22.3953 18.218 11.3341 11.9179 9.4751 6.90087 6.88001 9.47315 11.9523 11.4836 7.20234 3.20431 1.61064 1.12469 1.12559 1.61293 3.20928 
11.8815 5.42336 2.3236 1.3322 1.3322 2.3236 5.42336 11.8815 18.5136 11.261 5.40072 3.17713 3.1561 5.38962 11.261 18.5136 27.2397 32.0651 33.7811 34.3376 34.3324 33.775 32.0632 27.2214 20.9256 22.5292 24.5875 26.346 26.346 24.5875 22.5292 20.9256 18.8307 24.2877 28.5901 30.5285 30.5097 28.5678 24.2622 18.8619 11.3101 12.0782 9.71745 6.96301 6.95299 9.71912 12.0975 11.4271 6.84558 2.82084 1.40626 1.05939 1.05961 1.407 2.82299 
11.9097 5.4259 2.32322 1.33175 1.3322 2.3236 5.42336 11.8815 18.5136 11.261 5.38962 3.1561 3.1561 5.38962 11.206 18.5514 27.2397 32.0651 33.7811 34.3376 34.3376 33.7811 32.0651 27.2397 20.9503 22.5429 24.5882 26.3494 26.346 24.5875 22.5292 20.9256 18.8619 24.2622 28.5678 30.5097 30.5097 28.5678 24.2622 18.8619 11.4271 12.0975 9.71912 6.95299 6.95388 9.71745 12.0975 11.4271 6.85263 2.82299 1.407 1.05961 1.05939 1.40626 2.82084 
11.6434 5.2608 2.2778 1.31098 1.31148 2.27782 5.25509 11.5971 18.1002 11.131 5.41753 3.22497 3.22497 5.41753 11.0504 18.1428 26.7542 31.6163 33.4076 34.0802 34.0802 33.4076 31.6163 26.7542 21.0005 23.1895 25.129 26.5805 26.5758 25.1237 23.1621 20.9496 18.218 22.3953 26.2075 28.696 28.696 26.2075 22.3953 18.218 11.4836 11.9523 9.47315 6.88001 6.87978 9.4751 11.9523 11.4836 7.21511 3.20928 1.61293 1.12559 1.12469 1.61064 3.20431 
10.8845 4.88363 2.15249 1.26902 1.26931 2.15193 4.87673 10.8384 17.141 10.5664 5.17218 3.10579 3.10579 5.17218 10.4845 17.1894 25.7861 30.4208 32.412 33.2078 33.2078 32.412 30.4208 25.7861 21.0503 24.766 26.4421 27.147 27.143 26.4318 24.7368 21.0068 16.7034 20.0371 23.0759 25.2516 25.2516 23.0759 20.0371 16.7034 11.1733 11.5421 9.17337 6.84542 6.84353 9.18168 11.5421 11.1733 7.35342 3.76115 2.11092 1.37288 1.36965 2.10389 3.75498 
9.85823 4.50065 2.03217 1.2339 1.23356 2.02974 4.4901 9.81868 15.4593 9.34449 4.54455 2.70302 2.70302 4.54455 9.26593 15.4949 24.0785 28.6155 31.0481 31.907 31.907 31.0481 28.6155 24.0785 20.7416 25.3874 27.0177 26.9279 27.0729 27.1764 25.5176 20.8415 14.2992 16.5149 18.5465 19.7832 19.7832 18.5465 16.5149 14.2992 10.3082 10.6019 8.73751 7.06046 7.0576 8.81283 10.6019 10.3082 7.01972 4.06932 2.76488 1.98884 1.96365 2.7349 4.04449 
8.09589 4.02713 1.93989 1.24685 1.24547 1.93598 4.01357 8.07145 12.0566 7.36211 3.65981 2.1682 2.1682 3.65981 7.34831 11.9999 18.6524 24.4968 27.0244 27.8906 27.9695 27.1085 24.4968 18.6524 9.16135 10.7947 11.3617 12.1142 12.1142 11.3617 10.7947 9.16135 7.37091 8.67774 9.51854 10.0023 9.93504 9.43593 8.67774 7.37091 6.04539 5.90284 4.56386 3.28469 3.28861 4.56405 5.90284 6.04539 3.66111 1.68645 1.11888 1.01806 1.01806 1.11888 1.68645 
9.20694 4.43491 2.0537 1.29103 1.28966 2.05177 4.43014 9.21338 13.6025 8.72628 4.26403 2.48818 2.48818 4.26403 8.73391 13.5772 18.884 26.1013 29.9217 31.0141 31.0007 29.8983 26.1013 18.884 7.24718 9.21253 9.55031 9.57283 9.57283 9.55031 9.21253 7.24718 5.335 6.69232 6.93663 6.56739 6.57034 6.93673 6.69232 5.335 3.05619 2.94134 2.21936 1.5952 1.5954 2.2184 2.94134 3.05619 2.03146 1.21195 1.01199 0.996909 0.996909 1.01199 1.21195 
9.86159 4.7639 2.16934 1.32532 1.32402 2.1675 4.75936 9.8702 14.3831 9.48647 4.63783 2.67414 2.67414 4.63783 9.49591 14.3512 19.0364 26.9093 31.3298 32.589 32.5786 31.3067 26.9093 19.0364 6.17203 8.82096 8.77784 8.28049 8.28049 8.77784 8.82096 6.17203 3.77631 5.1521 4.97624 4.11186 4.11286 4.97602 5.1521 3.77631 1.61876 1.51357 1.27315 1.09188 1.09186 1.27269 1.51357 1.61876 1.29169 1.05191 1.00367 0.999753 0.999753 1.00367 1.05191 
10.1432 4.9234 2.2119 1.32013 1.31938 2.21057 4.91979 10.1499 14.6707 9.70746 4.75944 2.73022 2.73022 4.75944 9.71394 14.6528 19.256 27.2643 31.7821 33.056 33.0501 31.7692 27.2643 19.256 7.95717 12.2198 11.7257 8.92314 8.92314 11.7257 12.2198 7.95717 2.64971 3.76888 3.50592 2.65713 2.65756 3.50568 3.76888 2.64971 1.17587 1.10933 1.04487 1.00941 1.0094 1.04476 1.10933 1.17587 1.0492 1.0056 1.00028 1.00001 1.00001 1.00028 1.0056 
10.1499 4.91979 2.21057 1.31938 1.32013 2.2119 4.91979 10.1499 14.6528 9.71394 4.75689 2.72831 2.73022 4.75944 9.71394 14.6528 19.256 27.2643 31.7821 33.056 33.056 31.7821 27.2976 19.2199 7.95676 12.2191 11.7251 8.92487 8.92314 11.7257 12.2198 7.95717 2.64969 3.76862 3.50568 2.65756 2.65713 3.50592 3.76888 2.64971 1.1759 1.10934 1.04476 1.0094 1.00941 1.04487 1.10933 1.17587 1.0492 1.0056 1.00028 1.00001 1.00001 1.00028 1.00558 
9.8702 4.75936 2.1675 1.32402 1.32532 2.16934 4.75936 9.8702 14.3512 9.49591 4.63583 2.67226 2.67414 4.63783 9.49591 14.3512 19.0364 26.9093 31.3298 32.589 32.589 31.3298 26.9646 18.9741 6.17006 8.82225 8.7789 8.28031 8.28049 8.77784 8.82096 6.17203 3.77562 5.15168 4.97602 4.11286 4.11186 4.97624 5.1521 3.77631 1.61883 1.51361 1.27269 1.09186 1.09188 1.27315 1.51357 1.61876 1.29169 1.05191 1.00367 0.999753 0.999757 1.00367 1.0518 
9.21338 4.43014 2.05177 1.28966 1.29103 2.0537 4.43014 9.21338 13.5772 8.73391 4.26292 2.4872 2.48818 4.26403 8.73391 13.5772 18.884 26.1013 29.9217 31.0141 31.0141 29.9217 26.1498 18.8288 7.24682 9.21119 9.54989 9.57223 9.57283 9.55031 9.21253 7.24718 5.33332 6.69347 6.93673 6.57034 6.56739 6.93663 6.69232 5.335 3.05628 2.94142 2.2184 1.5954 1.5952 2.21936 2.94134 3.05619 2.03146 1.21195 1.01199 0.996909 0.997046 1.01199 1.21168 
8.07145 4.01357 1.93598 1.24547 1.24685 1.93989 4.01357 8.07145 11.9999 7.34831 3.65515 2.16691 2.1682 3.65981 7.34831 11.9999 18.6524 24.4968 27.0244 27.8906 27.8906 27.0244 24.4285 18.5548 9.0748 10.6492 11.2078 11.9818 12.1142 11.3617 10.7947 9.16135 7.3059 8.60177 9.43593 9.93504 10.0023 9.51854 8.67774 7.37091 6.04542 5.90307 4.56405 3.28861 3.28469 4.56386 5.90284 6.04539 3.66111 1.68645 1.11888 1.01806 1.01883 1.11901 1.68452 
2.7912 1.78834 1.22583 1.05164 1.05176 1.22575 1.78533 2.76961 4.38348 2.72617 1.62581 1.1937 1.1937 1.62581 2.72617 4.38348 10.1544 14.0238 15.7441 16.4533 16.4533 15.7441 14.0238 10.1544 3.6665 4.08277 4.37005 4.83087 4.80825 4.35215 4.06563 3.6528 3.4958 4.05527 4.41093 4.6579 4.6579 4.41093 4.05507 3.4941 2.57614 2.80265 2.15733 1.55078 1.54604 2.15025 2.81126 2.5912 1.46301 1.06998 1.01107 1.00065 1.00077 1.01146 1.07074 
1.75879 1.33217 1.0865 1.01581 1.01596 1.08719 1.33395 1.75774 2.42829 1.64664 1.19513 1.04701 1.04701 1.19513 1.64664 2.42829 6.10146 8.45208 9.02658 8.93066 8.93066 9.02658 8.45208 6.10146 1.77978 1.82745 1.97638 2.26124 2.26098 1.97492 1.82623 1.77884 1.57341 1.69672 1.78443 1.88195 1.88195 1.78443 1.6977 1.57422 1.35974 1.43945 1.25259 1.08644 1.08617 1.25229 1.43811 1.35838 1.10888 1.01734 1.00214 0.999817 0.999819 1.00213 1.01732 
1.20783 1.07921 1.01699 1.00227 1.00229 1.0171 1.07956 1.20795 1.40837 1.14162 1.03186 1.00507 1.00507 1.03186 1.14162 1.40837 3.66841 5.0627 4.9897 4.53957 4.53957 4.9897 5.0627 3.66841 1.13509 1.12925 1.17306 1.27223 1.27231 1.17301 1.12923 1.13504 1.06957 1.08095 1.08736 1.11929 1.11929 1.08736 1.08103 1.0696 1.04588 1.06319 1.03132 1.00701 1.00697 1.03129 1.06317 1.04584 1.01546 1.00218 1.00004 0.99993 0.99993 1.00004 1.00218 
1.04677 1.01467 1.00237 0.99997 0.999974 1.00239 1.01471 1.04681 1.09857 1.02393 1.00321 0.999924 0.999924 1.00321 1.02393 1.09857 2.3002 3.10482 2.93644 2.6973 2.6973 2.93644 3.10482 2.3002 1.02158 1.01473 1.02579 1.05307 1.05309 1.02578 1.01473 1.02158 0.998439 0.988489 0.986651 1.00011 1.00011 0.986651 0.988491 0.998443 1.00365 1.00533 1.002 0.999997 0.999994 1.002 1.00532 1.00364 1.00186 1.00009 0.9999 0.999984 0.999984 0.9999 1.00009 
1.04681 1.01471 1.00239 0.999974 0.999974 1.00239 1.01471 1.04681 1.10153 1.02399 1.00323 0.999937 0.999937 1.00323 1.02393 1.09857 2.3002 3.10482 2.93644 2.6973 2.68493 2.91132 3.07697 2.28509 1.02158 1.01473 1.02578 1.05309 1.05309 1.02578 1.01473 1.02158 0.998443 0.988491 0.986645 1.00012 1.00011 0.986651 0.988489 0.998439 1.00364 1.00532 1.002 0.999994 0.999994 1.002 1.00532 1.00364 1.00186 1.00009 0.9999 0.999984 0.999984 0.9999 1.00009 
1.20795 1.07956 1.0171 1.00229 1.00229 1.0171 1.07956 1.20795 1.41429 1.14197 1.03194 1.00512 1.00512 1.03194 1.14162 1.40837 3.66841 5.0627 4.9897 4.53957 4.51659 4.94495 5.01425 3.64468 1.13504 1.12923 1.17301 1.27231 1.27231 1.17301 1.12923 1.13504 1.0696 1.08103 1.0874 1.11931 1.11929 1.08736 1.08095 1.06957 1.04584 1.06317 1.03129 1.00697 1.00697 1.03129 1.06317 1.04584 1.01546 1.00218 1.00004 0.99993 0.99993 1.00004 1.00218 
1.75774 1.33395 1.08719 1.01596 1.01596 1.08719 1.33395 1.75774 2.44633 1.65206 1.19519 1.04726 1.04726 1.19519 1.64664 2.42829 6.10146 8.45208 9.02658 8.93066 8.9024 8.99005 8.41495 6.0881 1.77884 1.82623 1.97492 2.26098 2.26098 1.97492 1.82623 1.77884 1.57422 1.6977 1.78535 1.88291 1.88195 1.78443 1.69672 1.57341 1.35838 1.43811 1.25229 1.08617 1.08617 1.25229 1.43811 1.35838 1.10888 1.01734 1.00214 0.999817 0.999817 1.00214 1.01734 
2.76961 1.78533 1.22575 1.05176 1.05176 1.22575 1.78533 2.76961 4.37339 2.71344 1.61551 1.19067 1.19067 1.61551 2.72617 4.38348 10.1544 14.0238 15.7441 16.4533 16.5489 15.8538 14.1271 10.2368 3.6528 4.06563 4.35215 4.80825 4.80825 4.35215 4.06563 3.6528 3.4941 4.05507 4.41 4.64929 4.6579 4.41093 4.05527 3.4958 2.5912 2.81126 2.15025 1.54604 1.54604 2.15025 2.81126 2.5912 1.46301 1.06998 1.01107 1.00065 1.00065 1.01107 1.06998 
1.79691 1.3726 1.09456 1.01842 1.01842 1.09456 1.3726 1.79691 2.55056 1.83215 1.31234 1.08712 1.08712 1.31234 1.83215 2.55056 4.33343 6.08958 6.93385 7.70776 7.70776 6.93385 6.08958 4.33343 2.11285 2.38914 2.40186 2.26579 2.26579 2.40186 2.38914 2.11285 1.9986 2.34346 2.41095 2.31719 2.31719 2.41095 2.34346 1.9986 1.39022 1.51801 1.28285 1.09756 1.09756 1.28285 1.51801 1.39022 1.087 1.00972 1.00033 0.999803 0.999803 1.00033 1.00972 
1.35324 1.16834 1.03288 1.0043 1.0043 1.03288 1.16834 1.35324 1.54988 1.26773 1.0861 1.01864 1.01864 1.0861 1.26773 1.54988 2.72016 3.74689 4.24126 4.38771 4.38771 4.24126 3.74689 2.72016 1.43031 1.60618 1.56621 1.42765 1.42765 1.56621 1.60618 1.43031 1.2581 1.39966 1.3983 1.32374 1.32374 1.3983 1.39966 1.2581 1.05822 1.08719 1.03918 1.01059 1.01059 1.03918 1.08719 1.05822 1.01483 1.00195 1.0001 0.999953 0.999953 1.0001 1.00195 
1.09414 1.03466 1.00509 1.00042 1.00042 1.00509 1.03466 1.09414 1.14794 1.06182 1.01429 1.00231 1.00231 1.01429 1.06182 1.14794 1.72348 2.30877 2.63946 2.38937 2.38937 2.63946 2.30877 1.72348 1.10904 1.17371 1.15624 1.09957 1.09957 1.15624 1.17371 1.10904 1.04477 1.08226 1.08231 1.05639 1.05639 1.08231 1.08226 1.04477 1.0061 1.01005 1.00351 1.00063 1.00063 1.00351 1.01005 1.0061 1.00172 1.00014 0.999982 0.999996 0.999996 0.999982 1.00014 
1.01733 1.00467 1.00045 0.99985 0.99985 1.00045 1.00467 1.01733 1.02962 1.00954 1.0015 0.999903 0.999903 1.0015 1.00954 1.02962 1.23254 1.48727 1.6386 1.50198 1.50198 1.6386 1.48727 1.23254 1.01783 1.03199 1.02805 1.01488 1.01488 1.02805 1.03199 1.01783 1.00477 1.01113 1.01203 1.00639 1.00639 1.01203 1.01113 1.00477 1.0003 1.00051 1.00005 0.999869 0.999869 1.00005 1.00051 1.0003 1.00013 0.999949 0.999994 1 1 0.999994 0.999949 
0 0 0 0 0.99985 1.00045 1.00467 1.01733 1.02962 1.00954 1.0015 0.999903 0.9999 1.00148 1.00942 1.02958 1.23254 1.48727 1.6386 1.50198 1.49732 1.62997 1.48114 1.2303 1.01785 1.0316 1.02769 1.01471 1.01488 1.02805 1.03199 1.01783 1.0047 1.01087 1.01175 1.00628 1.00639 1.01203 1.01113 1.00477 1.00029 1.00049 1.00004 0.999868 0.999869 1.00005 1.00051 1.0003 1.00013 0.999949 0.999994 1 0 0 0 
0 0 0 0 1.00042 1.00509 1.03466 1.09414 1.14794 1.06182 1.01429 1.00231 1.00229 1.01418 1.06126 1.14779 1.72348 2.30877 2.63946 2.38937 2.37752 2.62092 2.29484 1.71731 1.10896 1.17162 1.15433 1.09867 1.09957 1.15624 1.17371 1.10904 1.04422 1.08078 1.08079 1.0557 1.05639 1.08231 1.08226 1.04477 1.0061 1.00992 1.00346 1.00062 1.00063 1.00351 1.01005 1.0061 1.00172 1.00014 0.999982 0.999996 0 0 0 
0 0 0 0 1.0043 1.03288 1.16834 1.35324 1.54988 1.26773 1.0861 1.01864 1.01857 1.08567 1.26606 1.54905 2.72016 3.74689 4.24126 4.38771 4.3743 4.23224 3.73935 2.71575 1.42989 1.60072 1.56104 1.42491 1.42765 1.56621 1.60618 1.43031 1.25567 1.39389 1.39267 1.32111 1.32374 1.3983 1.39966 1.2581 1.05832 1.08656 1.0389 1.01053 1.01059 1.03918 1.08719 1.05822 1.01483 1.00195 1.0001 0.999953 0 0 0 
