0 0 0 0 1.00106 1.00688 1.0338 1.1344 1.67527 1.1782 1.02637 1.00277 1.00279 1.02654 1.17927 1.6842 3.41885 3.78197 3.29119 2.83862 2.83605 3.28423 3.77157 3.41239 3.43053 5.16123 7.26561 9.63547 9.62985 7.27366 5.17011 3.43136 1.57488 1.41169 1.46806 1.57573 1.57248 1.46179 1.40404 1.56273 1.54878 1.41611 1.18364 1.05474 1.0552 1.18603 1.4205 1.55458 1.3321 1.08876 1.01285 1.00144 0 0 0 
0 0 0 0 1.00003 1.00144 1.00773 1.02464 1.13734 1.03175 1.00418 1.00027 1.00028 1.00419 1.03185 1.13911 1.70584 1.69712 1.53338 1.38024 1.37892 1.53042 1.69313 1.7052 2.63625 4.25968 5.7432 7.11329 7.10862 5.73898 4.25867 2.63486 1.08166 1.04775 1.0571 1.08055 1.08112 1.0574 1.04779 1.07855 1.12308 1.08124 1.02797 1.00517 1.00524 1.02837 1.08243 1.12481 1.08705 1.02338 1.0028 1.00018 0 0 0 
0 0 0 0 0.999948 1.00011 1.00111 1.00287 1.01783 1.00376 1.00036 0.999891 0.99989 1.00036 1.00376 1.01804 1.20873 1.12828 1.0835 1.04896 1.0487 1.08285 1.12741 1.21153 2.35651 3.81066 4.90852 5.60302 5.59038 4.90895 3.80721 2.35344 1.00271 0.994612 0.993193 0.999776 0.999861 0.993227 0.994618 0.999722 1.01645 1.00982 1.00252 1.00015 1.00016 1.00257 1.01002 1.01678 1.01469 1.00314 1.00025 0.99993 0 0 0 
0 0 0 0 0.999984 0.999953 0.999989 1.00033 1.00107 0.999868 0.999898 0.999965 0.999965 0.999898 0.999866 1.00107 1.07613 1.01911 1.00783 1.00319 1.00316 1.00774 1.019 1.07892 2.20976 4.39487 6.44392 4.86641 4.83998 6.38359 4.35657 2.1965 1.00037 0.996647 0.995753 0.99751 0.997508 0.995728 0.996627 0.998045 1.00138 1.00058 1.00006 0.999915 0.999915 1.00007 1.0006 1.00143 1.00183 1.00022 0.999937 0.999974 0 0 0 
1.00033 0.999989 0.999953 0.999984 0.999984 0.999953 0.999989 1.00033 1.00107 0.999866 0.999898 0.999965 0.999965 0.999898 0.999866 1.00107 1.07613 1.01911 1.00783 1.00319 1.00319 1.00783 1.01911 1.07613 2.20976 4.39487 6.44392 4.86641 4.86641 6.44392 4.39487 2.20976 0.998045 0.996627 0.995728 0.997508 0.997508 0.995728 0.996627 0.998045 1.00143 1.0006 1.00007 0.999915 0.999915 1.00006 1.00058 1.00143 1.00183 1.00022 0.999937 0.999974 0.999974 0.999937 1.00022 
1.00287 1.00111 1.00011 0.999948 0.999948 1.00011 1.00111 1.00287 1.01804 1.00376 1.00036 0.99989 0.99989 1.00036 1.00376 1.01804 1.20873 1.12828 1.0835 1.04896 1.04896 1.0835 1.12828 1.20873 2.35651 3.81066 4.90852 5.60302 5.60302 4.90852 3.81066 2.35651 0.999722 0.994618 0.993227 0.999861 0.999861 0.993227 0.994618 0.999722 1.01678 1.01002 1.00257 1.00016 1.00015 1.00252 1.00982 1.01678 1.01469 1.00314 1.00025 0.99993 0.99993 1.00025 1.00314 
1.02464 1.00773 1.00144 1.00003 1.00003 1.00144 1.00773 1.02464 1.13911 1.03185 1.00419 1.00028 1.00028 1.00419 1.03185 1.13911 1.70584 1.69712 1.53338 1.38024 1.38024 1.53338 1.69712 1.70584 2.63625 4.25968 5.7432 7.11329 7.11329 5.7432 4.25968 2.63625 1.07855 1.04779 1.0574 1.08112 1.08112 1.0574 1.04779 1.07855 1.12481 1.08243 1.02837 1.00524 1.00517 1.02797 1.08124 1.12481 1.08705 1.02338 1.0028 1.00018 1.00018 1.0028 1.02338 
1.1344 1.0338 1.00688 1.00106 1.00106 1.00688 1.0338 1.1344 1.6842 1.17927 1.02654 1.00279 1.00279 1.02654 1.17927 1.6842 3.41885 3.78197 3.29119 2.83862 2.83862 3.29119 3.78197 3.41885 3.43053 5.16123 7.26561 9.63547 9.63547 7.26561 5.16123 3.43053 1.56273 1.40404 1.46179 1.57248 1.57248 1.46179 1.40404 1.56273 1.55458 1.4205 1.18603 1.0552 1.05474 1.18364 1.41611 1.55458 1.3321 1.08876 1.01285 1.00144 1.00144 1.01285 1.08876 
1.67739 1.1535 1.02556 1.00257 1.00257 1.02556 1.1535 1.67739 2.8101 1.61161 1.12015 1.02019 1.02019 1.12015 1.61161 2.8101 6.40251 7.34339 6.6555 6.05079 6.05079 6.6555 7.34339 6.40251 5.29341 7.36981 9.29547 11.3046 11.2787 9.23174 7.30893 5.21758 3.68887 3.32875 3.55392 3.69302 3.68155 3.54268 3.32875 3.68887 2.35882 2.10865 1.72259 1.36379 1.35023 1.72991 2.13811 2.40136 1.61887 1.14368 1.00821 0.99993 0.99991 1.00821 1.14233 
1.25849 1.05159 1.0072 1.00038 1.00038 1.0072 1.05159 1.25849 1.73078 1.19123 1.02599 1.00215 1.00215 1.02599 1.19123 1.73078 3.471 3.65695 3.15804 2.72598 2.72598 3.15804 3.65695 3.471 4.13506 5.46478 6.48772 7.22997 7.23051 6.47251 5.45432 4.12228 2.3741 1.94509 1.81911 1.78298 1.78593 1.82402 1.94509 2.3741 1.36195 1.25812 1.14727 1.05995 1.05979 1.15361 1.26421 1.37357 1.07065 0.998481 0.996479 0.999361 0.999361 0.996479 0.998361 
1.05939 1.00995 1.00103 0.999926 0.999926 1.00103 1.00995 1.05939 1.22479 1.03991 1.00334 0.999829 0.999829 1.00334 1.03991 1.22479 2.01589 1.76664 1.52259 1.34707 1.34707 1.52259 1.76664 2.01589 3.80154 4.95139 5.7185 5.56254 5.55551 5.7232 4.95539 3.80945 1.68731 1.31002 1.19878 1.16033 1.16127 1.20024 1.31002 1.68731 1.06327 1.0339 1.01617 1.00534 1.00524 1.01703 1.03502 1.06531 0.995714 0.996331 0.999367 1.00003 1.00003 0.999367 0.996329 
1.01051 1.00127 0.999865 0.999934 0.999934 0.999865 1.00127 1.01051 1.06208 1.00631 1.00001 0.999873 0.999873 1.00001 1.00631 1.06208 1.51697 1.21625 1.11318 1.05275 1.05275 1.11318 1.21625 1.51697 4.55213 6.6592 7.93209 6.04268 6.07642 8.03196 6.731 4.61795 1.35205 1.09079 1.03761 1.02617 1.02642 1.03796 1.09079 1.35205 1.01088 1.00192 1.0006 0.999974 0.999965 1.00068 1.00203 1.01104 0.997455 0.999412 1.00009 1.00003 1.00003 1.00009 0.99941 
1.01062 1.00126 0.999864 0.999934 0.999934 0.999865 1.00127 1.01051 1.05558 1.00624 0.999996 0.999872 0.999873 1.00001 1.00631 1.06208 1.51697 1.21625 1.11318 1.05275 1.05316 1.11415 1.21727 1.5173 4.61795 6.731 8.03196 6.07642 6.07642 8.03196 6.731 4.61795 1.32189 1.08765 1.03857 1.02688 1.02617 1.03761 1.09176 1.36808 1.01104 1.00203 1.00065 0.999967 0.999974 1.0006 1.00192 1.01088 0.997455 0.99941 1.00009 1.00003 1.00003 1.00008 0.999412 
1.05975 1.0099 1.00102 0.999925 0.999926 1.00103 1.00995 1.05939 1.21098 1.0402 1.00335 0.999843 0.999829 1.00334 1.03991 1.22479 2.01589 1.76664 1.52259 1.34707 1.34813 1.52545 1.77036 2.0194 3.80945 4.95539 5.7232 5.55551 5.55551 5.7232 4.95539 3.80945 1.66255 1.30638 1.20255 1.16288 1.16033 1.19878 1.31051 1.69964 1.06531 1.03502 1.01678 1.00526 1.00534 1.01617 1.0339 1.06327 0.995714 0.996329 0.999367 1.00003 1.00003 0.999367 0.996331 
1.25873 1.05131 1.00714 1.00036 1.00038 1.0072 1.05159 1.25849 1.71264 1.19465 1.02637 1.00226 1.00215 1.02599 1.19123 1.73078 3.471 3.65695 3.15804 2.72598 2.72844 3.16456 3.66693 3.48512 4.12228 5.45432 6.47251 7.23051 7.23051 6.47251 5.45432 4.12228 2.36969 1.95072 1.83328 1.79157 1.78298 1.81911 1.94103 2.37646 1.37357 1.26421 1.15158 1.05975 1.05995 1.14727 1.25812 1.36195 1.07065 0.998361 0.996479 0.999361 0.999361 0.996487 0.998481 
1.68201 1.15363 1.02547 1.00254 1.00257 1.02556 1.1535 1.67739 2.82359 1.63278 1.12751 1.02225 1.02019 1.12015 1.61161 2.8101 6.40251 7.34339 6.6555 6.05079 6.05103 6.65583 7.34341 6.40154 5.21758 7.30893 9.23174 11.2787 11.2787 9.23174 7.30893 5.21758 3.63847 3.29187 3.50282 3.6447 3.69302 3.55392 3.33794 3.7006 2.40136 2.13811 1.73148 1.35316 1.36379 1.72259 2.10865 2.35882 1.61887 1.14233 1.00821 0.99991 0.99993 1.00826 1.14368 
3.31915 1.62554 1.11396 1.0118 1.01209 1.11535 1.63122 3.34215 5.97611 3.43029 1.79176 1.24038 1.23893 1.79302 3.42816 5.94778 12.3021 14.1228 13.6784 13.1936 13.1101 13.5718 14.0433 12.2152 10.8562 15.3748 18.2538 19.8722 19.9973 18.4003 15.5138 10.9795 6.32887 6.21198 6.96693 7.48402 7.42237 6.84669 6.10632 6.22389 4.37524 4.13123 3.0671 2.21775 2.20415 3.02874 4.13123 4.37524 4.5648 2.74991 1.46587 1.10163 1.10163 1.46587 2.74991 
2.92604 1.50088 1.09015 1.00764 1.00799 1.0914 1.50457 2.93778 5.15276 3.19354 1.79431 1.2489 1.24643 1.7954 3.20115 5.15289 10.0715 11.5312 10.5958 9.29655 9.31358 10.5863 11.5315 10.0495 9.14451 14.9689 18.9112 20.4528 20.4658 18.9247 14.9675 9.13023 3.96438 3.32499 3.57803 3.83405 3.84321 3.58909 3.3319 3.97533 3.10023 2.80437 2.12456 1.54366 1.55042 2.13104 2.80437 3.10023 3.48201 2.25101 1.27079 1.04209 1.04209 1.27079 2.25101 
2.5792 1.40532 1.06953 1.00522 1.00546 1.07048 1.40824 2.58881 4.34114 2.72286 1.58904 1.16922 1.16726 1.58956 2.72922 4.34122 8.49856 9.62808 8.30574 6.56392 6.58606 8.31409 9.62944 8.47766 8.85566 16.7061 20.3912 21.151 21.1639 20.408 16.7102 8.83272 2.64603 1.75624 1.69015 1.84728 1.85131 1.69136 1.75912 2.65175 1.9289 1.76486 1.39156 1.13203 1.13372 1.39495 1.76486 1.9289 2.41909 1.6403 1.09796 1.01041 1.01041 1.09796 1.6403 
2.31555 1.34698 1.05539 1.00457 1.00463 1.05572 1.34828 2.32018 3.80371 2.271 1.35165 1.08131 1.08028 1.35027 2.27444 3.80363 7.73747 8.60571 7.02962 5.28559 5.30214 7.03688 8.60446 7.72689 10.4763 18.2999 21.1586 21.4511 21.4583 21.1683 18.3047 10.463 2.32403 1.29986 1.16031 1.23925 1.24049 1.16056 1.30119 2.33095 1.34611 1.26613 1.10378 1.02403 1.02433 1.10458 1.26613 1.34611 1.55506 1.19618 1.02278 1.00149 1.00149 1.02278 1.19618 
2.32018 1.34828 1.05572 1.00463 1.00463 1.05572 1.34828 2.32018 3.80371 2.271 1.35165 1.08131 1.08131 1.35165 2.271 3.80371 7.73747 8.60571 7.02962 5.28559 5.28559 7.02962 8.60571 7.73747 10.463 18.3047 21.1683 21.4583 21.4511 21.1586 18.2999 10.4763 2.32408 1.2999 1.16033 1.23834 1.23925 1.16031 1.29986 2.32403 1.34403 1.26598 1.1052 1.02435 1.0237 1.10239 1.26613 1.34611 1.55506 1.19618 1.02278 1.00149 1.00148 1.02278 1.19653 
2.58881 1.40824 1.07048 1.00546 1.00546 1.07048 1.40824 2.58881 4.34114 2.72286 1.58904 1.16922 1.16922 1.58904 2.72286 4.34114 8.49856 9.62808 8.30574 6.56392 6.56392 8.30574 9.62808 8.49856 8.83272 16.7102 20.408 21.1639 21.151 20.3912 16.7061 8.85566 2.64623 1.75631 1.69038 1.84741 1.84728 1.69015 1.75624 2.64603 1.92077 1.7653 1.39666 1.13355 1.13051 1.38628 1.76486 1.9289 2.41909 1.6403 1.09796 1.01041 1.01038 1.09788 1.64106 
2.93778 1.50457 1.0914 1.00799 1.00799 1.0914 1.50457 2.93778 5.15276 3.19354 1.79431 1.2489 1.2489 1.79431 3.19354 5.15276 10.0715 11.5312 10.5958 9.29655 9.29655 10.5958 11.5312 10.0715 9.13023 14.9675 18.9247 20.4658 20.4528 18.9112 14.9689 9.14451 3.96464 3.32524 3.57852 3.83743 3.83405 3.57803 3.32499 3.96438 3.09388 2.80622 2.13437 1.54878 1.53848 2.11419 2.80437 3.10023 3.48201 2.25101 1.27079 1.04209 1.04197 1.27031 2.25074 
3.34215 1.63122 1.11535 1.01209 1.01209 1.11535 1.63122 3.34215 5.97611 3.43029 1.79176 1.24038 1.24038 1.79176 3.43029 5.97611 12.3021 14.1228 13.6784 13.1936 13.1936 13.6784 14.1228 12.3021 10.9795 15.5138 18.4003 19.9973 19.8722 18.2538 15.3748 10.8562 6.32902 6.21313 6.96112 7.53766 7.48402 6.96693 6.21198 6.32887 4.42725 4.18803 3.05419 2.21362 2.22243 3.07991 4.13123 4.37524 4.5648 2.74991 1.46587 1.10163 1.1024 1.47018 2.7714 
6.11057 2.60173 1.35996 1.05607 1.05607 1.35996 2.60173 6.11057 11.2489 5.83886 2.5021 1.46972 1.46972 2.5021 5.83886 11.2489 20.3942 23.7628 25.4922 25.8671 25.8671 25.4922 23.7628 20.3942 21.164 24.0631 26.2845 27.1259 27.2378 26.4322 24.2139 21.2513 17.644 19.0844 20.4119 20.8077 21.0761 20.6412 19.0904 17.6448 13.8526 11.5629 8.30613 6.2759 6.27263 8.38901 11.5416 13.9134 11.2706 6.28828 2.75078 1.56317 1.55863 2.74005 6.25878 
6.77113 2.83942 1.42039 1.06736 1.06736 1.42039 2.83942 6.77113 12.2329 6.34061 2.68267 1.53312 1.53312 2.68267 6.34061 12.2329 22.4036 26.8339 29.482 30.2584 30.2584 29.482 26.8339 22.4036 23.5425 25.0641 26.4908 27.8753 27.8965 26.5043 25.0424 23.5185 23.5497 25.9623 27.523 28.1307 28.1431 27.5601 25.9581 23.5515 16.0168 13.0823 9.49748 7.37884 7.38224 9.50029 13.0918 16.016 12.0777 6.32022 2.74701 1.54595 1.54755 2.74889 6.3209 
7.11708 2.94864 1.4435 1.07043 1.07043 1.4435 2.94864 7.11708 12.8374 6.61593 2.76512 1.55163 1.55163 2.76512 6.61593 12.8374 23.6437 28.5386 31.6163 32.5253 32.5253 31.6163 28.5386 23.6437 24.5276 24.3135 25.7793 27.545 27.5729 25.7741 24.2959 24.4987 26.4788 29.4923 31.3355 31.9892 32.0107 31.3785 29.4835 26.4841 17.5652 14.2689 10.4099 8.14368 8.14875 10.4028 14.2898 17.5631 12.8083 6.39693 2.78297 1.58359 1.58611 2.78575 6.39885 
7.1737 2.92599 1.42131 1.0619 1.0619 1.42131 2.92599 7.1737 13.1304 6.6778 2.76863 1.52175 1.52175 2.76863 6.6778 13.1304 24.3112 29.2335 32.3185 33.2255 33.2255 32.3185 29.2335 24.3112 24.9453 24.0798 25.5911 27.4014 27.4201 25.579 24.0768 24.9229 27.4259 30.7581 32.5915 33.1807 33.1963 32.6083 30.7462 27.4339 18.5862 15.0863 10.9515 8.51564 8.51856 10.9484 15.1084 18.5842 13.5198 6.73011 2.92278 1.61743 1.61861 2.92414 6.72968 
7.15906 2.92083 1.42129 1.06191 1.0619 1.42131 2.92599 7.1737 13.1304 6.6778 2.76863 1.52175 1.52166 2.76805 6.70586 13.0891 24.3112 29.2335 32.3185 33.2255 33.2185 32.3021 29.1908 24.467 24.9229 24.0768 25.579 27.4201 27.4201 25.579 24.0798 24.9453 27.3864 30.7791 32.6083 33.1963 33.1807 32.5915 30.8029 27.3826 18.4914 15.0917 10.9402 8.51516 8.51783 10.9675 15.1198 18.5662 13.528 6.72968 2.92414 1.61861 1.61743 2.92278 6.73011 
7.09137 2.93956 1.44346 1.07044 1.07043 1.4435 2.94864 7.11708 12.8374 6.61593 2.76512 1.55163 1.5516 2.76474 6.65406 12.8015 23.6437 28.5386 31.6163 32.5253 32.5143 31.5943 28.4844 23.8261 24.4987 24.2959 25.7741 27.5729 27.5729 25.7741 24.3135 24.5276 26.4226 29.525 31.3785 32.0107 31.9892 31.3355 29.5664 26.3976 17.4655 14.2827 10.392 8.13974 8.14107 10.4279 14.3172 17.5389 12.8157 6.39885 2.78575 1.58611 1.58359 2.78297 6.39693 
6.7443 2.83004 1.42036 1.06737 1.06736 1.42039 2.83942 6.77113 12.2329 6.34061 2.68267 1.53312 1.53301 2.68222 6.37754 12.1959 22.4036 26.8339 29.482 30.2584 30.2474 29.4757 26.7558 22.5244 23.5185 25.0424 26.5043 27.8965 27.8965 26.5043 25.0641 23.5425 23.4859 25.9904 27.5601 28.1431 28.1307 27.523 25.94 23.4469 15.949 13.0906 9.4979 7.37847 7.38151 9.50928 13.1054 15.9937 12.0877 6.3209 2.74889 1.54755 1.54595 2.74701 6.32022 
6.10068 2.59652 1.35994 1.05607 1.05607 1.35996 2.60173 6.11057 11.2489 5.83886 2.5021 1.46972 1.46975 2.50246 5.87763 11.2361 20.3942 23.7628 25.4922 25.8671 25.9683 25.5079 23.8278 20.5502 21.2513 24.2139 26.4322 27.2378 27.2378 26.4322 24.0631 21.164 17.6829 19.2045 20.6412 21.0761 20.8077 20.4119 19.3962 17.7726 13.9656 11.5926 8.43552 6.30708 6.33592 8.33882 11.608 14.0174 11.2404 6.25878 2.74005 1.55863 1.56317 2.75078 6.28828 
7.57771 3.1054 1.5066 1.08696 1.08696 1.5066 3.11637 7.60381 14.0669 7.13931 3.05863 1.68557 1.68553 3.05894 7.14121 14.0677 25.1936 28.5474 30.6829 31.3996 31.399 30.6822 28.544 25.2224 28.5284 32.1752 33.0864 32.8613 32.8613 33.0864 32.1752 28.5284 23.1964 26.426 28.0575 28.5259 28.5259 28.0575 26.4711 23.1642 16.0199 13.621 11.1994 9.00193 9.00208 11.1776 13.5466 15.9879 13.0981 8.51117 4.6306 2.76256 2.76256 4.6306 8.51117 
7.8693 3.14499 1.50046 1.08081 1.08081 1.50046 3.15323 7.88113 14.8418 7.29079 2.99176 1.58041 1.58057 2.99256 7.29295 14.8425 26.4965 29.8309 31.9771 32.8278 32.8311 31.9802 29.8248 26.5221 29.7428 32.6316 33.4642 33.5487 33.5487 33.4642 32.6316 29.7428 25.8496 28.9786 30.6132 31.2388 31.2388 30.6132 28.9559 25.7707 18.3549 15.2917 12.4237 9.78826 9.78757 12.3433 15.2246 18.3433 14.0145 8.63911 4.50501 2.61229 2.61229 4.50501 8.63911 
7.99271 3.15636 1.49335 1.07718 1.07718 1.49335 3.16384 8.00292 15.2421 7.38368 2.9847 1.5563 1.55645 2.98548 7.38597 15.2427 27.445 30.7232 32.8367 33.6643 33.6649 32.8367 30.7175 27.4838 30.552 32.8191 33.6523 33.931 33.931 33.6523 32.8191 30.552 27.5017 30.5599 32.3147 33.0005 33.0005 32.3147 30.5352 27.4287 19.9706 16.1746 12.6821 9.86155 9.86041 12.586 16.1131 19.978 14.5604 8.45684 4.21681 2.45562 2.45562 4.21681 8.45684 
8.00913 3.14187 1.4733 1.07019 1.07019 1.4733 3.14615 8.01467 15.3663 7.40898 2.96806 1.53829 1.53843 2.96879 7.41156 15.3651 27.7683 31.0758 33.1648 33.8766 33.8765 33.1642 31.0713 27.8191 31.0555 32.8464 33.7238 34.1177 34.1177 33.7238 32.8464 31.0555 28.4969 31.4557 33.1776 33.7759 33.7759 33.1776 31.4408 28.4429 21.059 16.5849 12.2823 9.72638 9.72626 12.2234 16.5495 21.0882 15.1456 8.24058 3.93181 2.30831 2.30831 3.93181 8.24058 
8.01467 3.14615 1.47326 1.07018 1.07019 1.4733 3.14615 8.01467 15.3651 7.41156 2.96879 1.53843 1.53829 2.96806 7.41156 15.3651 27.8191 31.0713 33.1642 33.8765 33.8765 33.1642 31.0713 27.8191 31.0564 32.8458 33.726 34.119 34.1177 33.7238 32.8464 31.0555 28.4429 31.4408 33.1776 33.7759 33.7697 33.1656 31.4275 28.4969 21.138 16.6031 12.24 9.68584 9.68584 12.24 16.6031 21.138 15.1456 8.24058 3.93181 2.30831 2.30067 3.91878 8.21975 
8.00292 3.16384 1.49332 1.07717 1.07718 1.49335 3.16384 8.00292 15.2427 7.38597 2.98548 1.55645 1.5563 2.9847 7.38597 15.2427 27.4838 30.7175 32.8367 33.6649 33.6649 32.8367 30.7175 27.4838 30.5531 32.8185 33.6569 33.9335 33.931 33.6523 32.8191 30.552 27.4287 30.5352 32.3147 33.0005 32.9891 32.293 30.5043 27.5017 20.0793 16.2135 12.6164 9.7872 9.7872 12.6164 16.2135 20.0793 14.5604 8.45684 4.21681 2.45562 2.44141 4.18792 8.42398 
7.88113 3.15323 1.50043 1.08081 1.08081 1.50046 3.15323 7.88113 14.8425 7.29295 2.99256 1.58057 1.58041 2.99176 7.29295 14.8425 26.5221 29.8248 31.9802 32.8311 32.8311 31.9802 29.8248 26.5221 29.7436 32.6307 33.4688 33.549 33.5487 33.4642 32.6316 29.7428 25.7707 28.9559 30.6132 31.2388 31.219 30.5845 28.9144 25.8496 18.4564 15.3279 12.3684 9.70071 9.70071 12.3684 15.3279 18.4564 14.0145 8.63911 4.50501 2.61229 2.59499 4.47025 8.60879 
7.60381 3.11637 1.50658 1.08696 1.08696 1.5066 3.11637 7.60381 14.0677 7.14121 3.05894 1.68553 1.68557 3.05863 7.14121 14.0677 25.2224 28.544 30.6822 31.399 31.399 30.6822 28.544 25.2224 28.5292 32.1736 33.1075 32.8861 32.8613 33.0864 32.1752 28.5284 23.1642 26.4711 28.0575 28.5259 28.6022 28.1197 26.5067 23.1964 16.0441 13.6181 11.1888 8.97021 8.97021 11.1888 13.6181 16.0441 13.0981 8.51117 4.6306 2.76256 2.75466 4.60765 8.49061 
8.63395 3.74257 1.74294 1.15017 1.14975 1.74135 3.73572 8.61307 14.9835 8.21626 3.88048 2.25971 2.22809 3.81993 8.21626 14.9835 25.7769 29.8194 32.1609 32.9012 32.9036 32.163 29.8194 25.7769 26.239 30.9358 32.2962 32.1243 32.0808 32.2531 30.8764 26.2319 20.0947 24.4143 26.2997 27.0373 27.1434 26.2817 24.3633 20.3116 10.4993 10.7062 11.1815 12.2604 12.2625 11.1986 10.7263 10.4495 7.78964 5.93379 4.86315 4.48541 4.44777 4.85885 5.95668 
8.48075 3.6019 1.67352 1.12693 1.12604 1.66986 3.5885 8.44774 15.0035 8.05115 3.71678 2.11834 2.08909 3.65818 8.05115 15.0035 26.5633 30.5578 32.9869 33.7313 33.7277 32.9833 30.5578 26.5633 27.556 31.2309 32.5876 32.8803 32.8742 32.5746 31.2142 27.6203 22.5161 27.9261 30.4576 31.3057 31.3023 30.4262 27.8106 22.6864 11.1582 11.3226 13.1244 15.3597 15.3473 13.1158 11.329 11.0751 7.91287 6.37161 5.52116 5.45659 5.40474 5.50921 6.37639 
8.30106 3.43428 1.59356 1.10328 1.10247 1.59015 3.42198 8.2712 14.9616 7.83047 3.52464 1.98931 1.96265 3.47189 7.83047 14.9616 26.9644 30.8376 33.3271 34.0723 34.0697 33.3255 30.8376 26.9644 28.3708 31.3153 32.7139 33.2933 33.2871 32.7016 31.3046 28.4296 23.9525 29.513 32.1938 33.1687 33.1928 32.1967 29.5058 24.2024 12.1039 12.0899 13.9353 15.8961 15.8946 13.9283 12.0843 12.0013 8.37934 6.72815 5.88643 5.68256 5.63469 5.87552 6.73279 
8.11286 3.2737 1.51462 1.07879 1.07845 1.51299 3.26745 8.09822 14.9849 7.67851 3.32742 1.84059 1.82698 3.30185 7.67851 14.9849 27.1556 30.9031 33.4388 34.1743 34.1736 33.4393 30.9031 27.1556 28.6642 31.2767 32.6988 33.3761 33.3721 32.6929 31.2726 28.6954 24.7543 30.1867 32.8735 33.7539 33.7707 32.8758 30.1609 24.9505 13.4845 13.1851 14.0526 15.3261 15.3241 14.0435 13.1643 13.3708 9.36217 6.96276 5.69399 4.75759 4.73208 5.68591 6.96505 
8.09822 3.26745 1.51299 1.07845 1.07845 1.51299 3.26745 8.09822 14.8545 7.695 3.32742 1.84059 1.84059 3.32742 7.67851 14.9849 27.1586 30.8977 33.4393 34.1736 34.1736 33.4393 30.9031 27.1556 28.6954 31.2726 32.6929 33.3721 33.3761 32.6988 31.2767 28.6642 24.9505 30.1609 32.8758 33.7707 33.7707 32.8758 30.1609 24.9505 13.3708 13.1643 14.0435 15.3241 15.3261 14.0526 13.1851 13.4845 9.36217 6.96276 5.69399 4.75759 4.75759 5.69399 6.96276 
8.2712 3.42198 1.59015 1.10247 1.10247 1.59015 3.42198 8.2712 14.8267 7.84004 3.52464 1.98931 1.98931 3.52464 7.83047 14.9616 26.9737 30.8269 33.3255 34.0697 34.0697 33.3255 30.8376 26.9644 28.4296 31.3046 32.7016 33.2871 33.2933 32.7139 31.3153 28.3708 24.2024 29.5058 32.1967 33.1928 33.1928 32.1967 29.5058 24.2024 12.0013 12.0843 13.9283 15.8946 15.8961 13.9353 12.0899 12.1039 8.37934 6.72815 5.88643 5.68256 5.68256 5.88643 6.72815 
8.44774 3.5885 1.66986 1.12604 1.12604 1.66986 3.5885 8.44774 14.8718 8.05767 3.71678 2.11834 2.11834 3.71678 8.05115 15.0035 26.5823 30.5424 32.9833 33.7277 33.7277 32.9833 30.5578 26.5633 27.6203 31.2142 32.5746 32.8742 32.8803 32.5876 31.2309 27.556 22.6864 27.8106 30.4262 31.3023 31.3023 30.4262 27.8106 22.6864 11.0751 11.329 13.1158 15.3473 15.3597 13.1244 11.3226 11.1582 7.91287 6.37161 5.52116 5.45659 5.45659 5.52116 6.37161 
8.61307 3.73572 1.74135 1.14975 1.14975 1.74135 3.73572 8.61307 14.856 8.219 3.88048 2.25971 2.25971 3.88048 8.21626 14.9835 25.7929 29.801 32.163 32.9036 32.9036 32.163 29.8194 25.7769 26.2319 30.8764 32.2531 32.0808 32.1243 32.2962 30.9358 26.239 20.3116 24.3633 26.2817 27.1434 27.1434 26.2817 24.3633 20.3116 10.4495 10.7263 11.1986 12.2625 12.2604 11.1815 10.7062 10.4993 7.78964 5.93379 4.86315 4.48541 4.48541 4.86315 5.93379 
9.78621 4.53134 2.06437 1.25001 1.25001 2.06437 4.53134 9.78621 15.1903 9.2567 4.51583 2.76067 2.77013 4.53553 9.22909 15.2236 23.827 28.445 30.8393 31.7066 31.7066 30.8393 28.445 23.827 20.683 25.3765 27.0177 26.9827 26.8386 26.8616 25.2428 20.583 14.4594 16.869 18.666 19.8794 19.8794 18.666 16.869 14.4594 10.1922 10.5305 8.86486 7.29366 7.28102 8.88219 10.5218 10.2015 7.02805 4.13877 2.86951 2.10312 2.10312 2.86951 4.13877 
10.7842 4.9171 2.18594 1.28672 1.28672 2.18594 4.9171 10.7842 16.9579 10.5187 5.15818 3.18267 3.19279 5.17714 10.4822 17.0081 25.5758 30.3114 32.4253 33.2068 33.2068 32.4253 30.3114 25.5758 20.7744 24.5138 26.2864 27.041 27.0455 26.2977 24.5444 20.8157 16.4379 19.8954 22.8519 25.037 25.037 22.8519 19.8954 16.4379 11.0119 11.458 9.17348 6.97061 6.96906 9.17639 11.4479 11.0332 7.41107 3.84579 2.19291 1.42114 1.42114 2.19291 3.84579 
11.5341 5.29372 2.31358 1.33012 1.33012 2.31358 5.29372 11.5341 17.9104 11.0958 5.41064 3.30453 3.31461 5.42862 11.0583 17.9536 26.5469 31.5018 33.4091 34.0713 34.0713 33.4091 31.5018 26.5469 20.7295 22.9696 24.9688 26.401 26.4063 24.9749 22.9972 20.7779 17.8796 22.2252 25.9517 28.4707 28.4707 25.9517 22.2252 17.8796 11.3459 11.8664 9.46167 6.98862 6.98835 9.46384 11.8573 11.3671 7.30773 3.31508 1.66793 1.14583 1.14583 1.66793 3.31508 
11.8485 5.46933 2.36135 1.35241 1.35241 2.36135 5.46933 11.8485 18.3206 11.263 5.42428 3.23647 3.2431 5.43232 11.2351 18.3597 27.0397 31.9523 33.749 34.3145 34.3145 33.749 31.9523 27.0397 20.7371 22.3963 24.4432 26.1471 26.1509 24.4446 22.4093 20.7606 18.5461 24.0797 28.2901 30.2791 30.2791 28.2901 24.0797 18.5461 11.3551 12.0019 9.70355 7.05179 7.0527 9.70454 11.9983 11.3814 6.96727 2.901 1.43916 1.06796 1.06796 1.43916 2.901 
11.8741 5.47126 2.36142 1.35241 1.35241 2.36135 5.46933 11.8485 18.3597 11.2351 5.42428 3.23647 3.23647 5.42428 11.2351 18.3597 27.0125 31.9582 33.7453 34.3105 34.3145 33.749 31.9523 27.0397 20.7606 22.4093 24.4446 26.1509 26.1509 24.4446 22.4093 20.7606 18.6328 23.9509 28.2346 30.24 30.2791 28.2901 24.0797 18.5461 11.3814 11.9983 9.70173 7.04851 7.05179 9.70355 12.0019 11.3551 6.96727 2.901 1.43916 1.06796 1.0677 1.43827 2.89818 
11.578 5.2992 2.31366 1.33012 1.33012 2.31358 5.29372 11.5341 17.9536 11.0583 5.41064 3.30453 3.30453 5.41064 11.0583 17.9536 26.474 31.5203 33.3974 34.0644 34.0713 33.4091 31.5018 26.5469 20.7779 22.9972 24.9749 26.4063 26.4063 24.9749 22.9972 20.7779 17.9807 22.0742 25.8542 28.3995 28.4707 25.9517 22.2252 17.8796 11.3671 11.8573 9.45916 6.98199 6.98862 9.46167 11.8664 11.3459 7.30773 3.31508 1.66793 1.14583 1.1448 1.66535 3.30922 
10.828 4.92382 2.18602 1.28672 1.28672 2.18594 4.9171 10.7842 17.0081 10.4822 5.15818 3.18267 3.18267 5.15818 10.4822 17.0081 25.4908 30.3447 32.4105 33.1961 33.2068 32.4253 30.3114 25.5758 20.8157 24.5444 26.2977 27.0455 27.0455 26.2977 24.5444 20.8157 16.4929 19.7534 22.778 24.9915 25.037 22.8519 19.8954 16.4379 11.0332 11.4479 9.17567 6.95943 6.97061 9.17348 11.458 11.0119 7.41107 3.84579 2.19291 1.42114 1.41758 2.18542 3.83921 
9.82326 4.54162 2.06446 1.25001 1.25001 2.06437 4.53134 9.78621 15.2236 9.22909 4.51583 2.76067 2.76067 4.51583 9.22909 15.2236 23.7037 28.4222 30.8711 31.7321 31.7066 30.8393 28.445 23.827 20.583 25.2428 26.8616 26.8386 26.8386 26.8616 25.2428 20.583 14.1125 16.3063 18.4496 19.699 19.8794 18.666 16.869 14.4594 10.2015 10.5218 8.86719 7.24641 7.29366 8.86486 10.5305 10.1922 7.02805 4.13877 2.86951 2.10312 2.07579 2.83946 4.11475 
8.11093 4.07707 1.97349 1.2641 1.26261 1.96933 4.06275 8.08767 12.0243 7.41021 3.68072 2.20151 2.20151 3.68072 7.3739 11.9429 18.6409 24.4792 26.8986 27.7961 27.8732 26.9805 24.4792 18.6409 9.08326 10.6667 11.2025 12.012 11.8811 11.0512 10.5235 9.00034 7.45514 8.75281 9.65572 10.1234 9.95141 9.46351 8.67725 7.39181 6.09403 5.89894 4.57345 3.36435 3.38162 4.59794 5.92884 6.08165 3.70899 1.71617 1.13386 1.02265 1.02265 1.13386 1.71617 
9.17552 4.46854 2.0817 1.30903 1.30756 2.07959 4.46295 9.18449 13.4891 8.72218 4.29868 2.53313 2.53313 4.29868 8.72361 13.4575 18.8113 25.8796 29.7871 30.9079 30.9057 29.7789 25.8796 18.8113 7.25738 9.22453 9.58651 9.66178 9.66108 9.58591 9.22297 7.25731 5.38844 6.76302 7.00144 6.66718 6.64163 6.96639 6.76417 5.38678 3.10311 2.96563 2.24414 1.62723 1.62402 2.24023 2.95529 3.11453 2.08031 1.22846 1.01391 0.996466 0.996466 1.01391 1.22846 
9.81365 4.79378 2.19846 1.34526 1.34386 2.19642 4.78837 9.82516 14.2581 9.47445 4.67993 2.7242 2.7242 4.67993 9.47965 14.2186 18.9794 26.6799 31.2123 32.4921 32.4851 31.1912 26.6799 18.9794 6.27541 9.06248 9.01932 8.44043 8.44044 9.02009 9.0635 6.27369 3.91648 5.34063 5.16064 4.28027 4.20898 5.04654 5.34014 3.91589 1.6545 1.52966 1.28146 1.0998 1.09974 1.28156 1.52644 1.66382 1.31412 1.05768 1.00422 0.999705 0.999705 1.00422 1.05768 
10.1026 4.95918 2.24394 1.34042 1.3396 2.24241 4.95486 10.1119 14.5279 9.69236 4.80247 2.7831 2.7831 4.80247 9.6932 14.5111 19.198 27.09 31.675 32.9646 32.9593 31.6609 27.09 19.198 8.23892 12.5894 12.1468 9.44296 9.44507 12.1458 12.5886 8.23864 2.80958 4.0816 3.74657 2.79487 2.74786 3.61325 4.08129 2.80963 1.1946 1.11631 1.04755 1.01069 1.01072 1.04768 1.11576 1.20111 1.05738 1.00699 1.0004 1.00001 1.00001 1.0004 1.00699 
10.1119 4.95486 2.24241 1.3396 1.3396 2.24241 4.95486 10.1119 14.5279 9.69236 4.80247 2.7831 2.77815 4.79095 9.69236 14.5279 19.27 27.0714 31.675 32.9646 32.9646 31.675 27.09 19.198 8.23864 12.5886 12.1458 9.44507 9.44296 12.1468 12.5894 8.23892 2.80963 4.08129 3.61325 2.74786 2.74786 3.61325 4.08129 2.80963 1.19794 1.11594 1.04766 1.0107 1.01069 1.04755 1.11576 1.20122 1.05738 1.00699 1.0004 1.00001 1.00001 1.0004 1.00696 
9.82516 4.78837 2.19642 1.34386 1.34386 2.19642 4.78837 9.82516 14.2581 9.47445 4.67993 2.7242 2.71883 4.66874 9.47445 14.2581 19.0599 26.6535 31.2123 32.4921 32.4921 31.2123 26.6799 18.9794 6.27369 9.0635 9.02009 8.44044 8.44043 9.01932 9.06248 6.27541 3.91589 5.34014 5.04654 4.20898 4.20898 5.04654 5.34014 3.91589 1.65927 1.52748 1.28189 1.0998 1.0998 1.28146 1.52636 1.66398 1.31412 1.05768 1.00422 0.999705 0.99971 1.00421 1.05755 
9.18449 4.46295 2.07959 1.30756 1.30756 2.07959 4.46295 9.18449 13.4891 8.72218 4.29868 2.53313 2.53047 4.29268 8.72218 13.4891 18.8721 25.8491 29.7871 30.9079 30.9079 29.7871 25.8796 18.8113 7.25731 9.22297 9.58591 9.66108 9.66178 9.58651 9.22453 7.25738 5.38678 6.76417 6.96639 6.64163 6.64163 6.96639 6.76417 5.38678 3.10947 2.95983 2.2451 1.62689 1.62723 2.24414 2.95658 3.11405 2.08031 1.22846 1.01391 0.996466 0.996621 1.01402 1.22815 
8.08767 4.06275 1.96933 1.26261 1.26261 1.96933 4.06275 8.08767 12.0243 7.41021 3.68072 2.20151 2.19827 3.66719 7.41021 12.0243 18.6814 24.4748 26.8986 27.7961 27.7961 26.8986 24.4792 18.6409 9.00034 10.5235 11.0512 11.8811 12.012 11.2025 10.6667 9.08326 7.39181 8.67725 9.46351 9.95141 9.95141 9.46351 8.67725 7.39181 6.05204 5.90854 4.57351 3.36438 3.36435 4.57345 5.90846 6.05794 3.70899 1.71617 1.13386 1.02265 1.02335 1.13417 1.71389 
2.81198 1.80318 1.23763 1.05605 1.05617 1.23749 1.79999 2.79068 4.44445 2.75166 1.62153 1.19914 1.20133 1.62842 2.76617 4.47219 10.3785 14.2775 15.8237 16.5506 16.5506 15.8237 14.254 10.367 3.70188 4.11388 4.42976 4.90638 4.90638 4.42976 4.11388 3.70188 3.46011 3.99708 4.49188 4.73476 4.73476 4.49188 3.99708 3.46011 2.62616 2.83481 2.178 1.57797 1.57761 2.17935 2.8389 2.62962 1.47724 1.07401 1.0114 1.00051 1.00063 1.01181 1.07476 
1.77356 1.34702 1.0919 1.01742 1.01759 1.09262 1.3488 1.77265 2.47944 1.66392 1.20277 1.05139 1.05098 1.20209 1.66562 2.47954 6.08734 8.38529 9.13823 9.05684 9.05684 9.13823 8.40724 6.10651 1.81481 1.86516 2.02674 2.31953 2.31953 2.02674 1.86516 1.81481 1.57969 1.69893 1.83379 1.9315 1.9315 1.83379 1.69893 1.57969 1.37569 1.45292 1.26519 1.09486 1.09492 1.26542 1.45338 1.37572 1.11819 1.01948 1.00253 0.999845 0.999847 1.00253 1.01944 
1.21787 1.08582 1.01887 1.00262 1.00264 1.01899 1.08619 1.21803 1.43738 1.14843 1.03438 1.00588 1.00581 1.03422 1.14903 1.43761 3.67203 5.02555 5.16854 4.69926 4.69926 5.16854 5.06655 3.69964 1.14785 1.14185 1.18989 1.29598 1.29598 1.18989 1.14185 1.14785 1.07148 1.08155 1.09819 1.13064 1.13064 1.09819 1.08155 1.07148 1.04988 1.06707 1.03391 1.00806 1.00806 1.0339 1.06705 1.04969 1.01754 1.00257 1.00009 0.999922 0.999922 1.00009 1.00257 
1.05103 1.01664 1.00278 1.00002 1.00002 1.0028 1.01669 1.05108 1.11242 1.02615 1.00374 1 0.99999 1.00371 1.02625 1.11246 2.32927 3.13439 3.08132 2.82024 2.82024 3.08132 3.16126 2.34583 1.02466 1.01717 1.02998 1.06016 1.06016 1.02998 1.01717 1.02466 0.997845 0.987209 0.987243 1.00121 1.00121 0.987243 0.987209 0.997845 1.0042 1.00591 1.00231 1.00004 1.00004 1.00231 1.0059 1.00415 1.00218 1.00015 0.99989 0.99998 0.99998 0.999889 1.00015 
1.05108 1.01669 1.0028 1.00002 1.00002 1.0028 1.01669 1.05108 1.11242 1.02615 1.00374 1 1 1.00374 1.02615 1.11242 2.34583 3.16126 3.08132 2.82024 2.80688 3.0557 3.13439 2.32927 1.02466 1.01717 1.02997 1.06018 1.06016 1.02998 1.01717 1.02466 0.997847 0.987203 0.986615 1.001 1.00121 0.987243 0.987209 0.997845 1.00427 1.00595 1.00231 1.00004 1.00003 1.00231 1.0059 1.00427 1.00218 1.00015 0.99989 0.99998 0.99998 0.99989 1.00015 
1.21803 1.08619 1.01899 1.00264 1.00264 1.01899 1.08619 1.21803 1.43738 1.14843 1.03438 1.00588 1.00588 1.03438 1.14843 1.43738 3.69964 5.06655 5.16854 4.69926 4.6743 5.12559 5.02555 3.67203 1.1478 1.14182 1.18983 1.29608 1.29598 1.18989 1.14185 1.14785 1.07149 1.08159 1.09547 1.1296 1.13064 1.09819 1.08155 1.07148 1.0502 1.06718 1.0339 1.00806 1.00792 1.03385 1.06707 1.0502 1.01754 1.00257 1.00009 0.999922 0.999922 1.00009 1.00257 
1.77265 1.3488 1.09262 1.01759 1.01759 1.09262 1.3488 1.77265 2.47944 1.66392 1.20277 1.05139 1.05139 1.20277 1.66392 2.47944 6.10651 8.40724 9.13823 9.05684 9.03286 9.10985 8.38529 6.08734 1.81397 1.86398 2.02533 2.31944 2.31953 2.02674 1.86516 1.81481 1.58023 1.69948 1.82338 1.92717 1.9315 1.83379 1.69893 1.57969 1.37827 1.45498 1.26542 1.09492 1.09386 1.26534 1.45478 1.37827 1.11819 1.01948 1.00253 0.999845 0.999845 1.00253 1.01948 
2.79068 1.79999 1.23749 1.05617 1.05617 1.23749 1.79999 2.79068 4.44445 2.75166 1.62153 1.19914 1.19914 1.62153 2.75166 4.44445 10.367 14.254 15.8237 16.5506 16.5629 15.8428 14.2775 10.3785 3.68883 4.09785 4.41247 4.88421 4.90638 4.42976 4.11388 3.70188 3.45857 3.99637 4.42804 4.68819 4.73476 4.49188 3.99708 3.46011 2.59116 2.80641 2.17935 1.57761 1.55839 2.16354 2.82982 2.59116 1.47724 1.07401 1.0114 1.00051 1.00051 1.0114 1.07401 
1.79878 1.38791 1.10274 1.02084 1.02084 1.10274 1.38791 1.79878 2.56331 1.84602 1.32946 1.09512 1.09512 1.32946 1.84602 2.56331 4.34784 6.12737 6.97079 7.75433 7.75433 6.97079 6.12737 4.34784 2.13882 2.4078 2.43046 2.3076 2.3076 2.43046 2.4078 2.13882 2.04322 2.40042 2.48117 2.3817 2.3817 2.48117 2.40042 2.04322 1.40828 1.53572 1.29694 1.10652 1.10642 1.29647 1.53501 1.40828 1.09539 1.01103 1.00039 0.999751 0.999751 1.00039 1.01103 
1.36659 1.18592 1.038 1.0052 1.0052 1.038 1.18592 1.36659 1.56041 1.27918 1.09449 1.02126 1.02126 1.09449 1.27918 1.56041 2.75826 3.8083 4.31863 4.49051 4.49051 4.31863 3.8083 2.75826 1.45931 1.64146 1.6017 1.46052 1.46052 1.6017 1.64146 1.45931 1.27915 1.42882 1.42953 1.34927 1.34927 1.42953 1.42882 1.27915 1.06342 1.09305 1.04263 1.01224 1.01217 1.04232 1.09238 1.06342 1.01693 1.00229 1.00015 0.999947 0.999947 1.00015 1.00229 
1.10156 1.03999 1.00609 1.00057 1.00057 1.00609 1.03999 1.10156 1.15536 1.06683 1.01629 1.00277 1.00277 1.01629 1.06683 1.15536 1.77717 2.40008 2.76164 2.49395 2.49395 2.76164 2.40008 1.77717 1.12113 1.19196 1.17306 1.11196 1.11196 1.17306 1.19196 1.12113 1.05071 1.09192 1.09198 1.06334 1.06334 1.09198 1.09192 1.05071 1.00698 1.01119 1.00403 1.00081 1.0008 1.00398 1.01104 1.00698 1.00199 1.00019 0.999983 0.999994 0.999994 0.999983 1.00019 
1.01949 1.00566 1.00061 0.999843 0.999843 1.00061 1.00566 1.01949 1.03249 1.0108 1.00181 0.999944 0.999944 1.00181 1.0108 1.03249 1.26083 1.54839 1.72637 1.5614 1.5614 1.72637 1.54839 1.26083 1.02089 1.03731 1.03273 1.01778 1.01778 1.03273 1.03731 1.02089 1.0057 1.01313 1.01414 1.00752 1.00752 1.01414 1.01313 1.0057 1.00038 1.00064 1.00009 0.99987 0.999868 1.00008 1.00062 1.00038 1.00016 0.999944 0.999992 1 1 0.999992 0.999944 
0 0 0 0 0.999843 1.00061 1.00566 1.01949 1.03249 1.0108 1.00181 0.999944 0.99994 1.00179 1.01068 1.03249 1.26083 1.54839 1.72637 1.5614 1.55631 1.71652 1.5415 1.25835 1.02092 1.03687 1.03233 1.01758 1.01778 1.03273 1.03731 1.02089 1.00562 1.01284 1.01382 1.00739 1.00752 1.01414 1.01313 1.0057 1.00038 1.00062 1.00008 0.999868 0.99987 1.00009 1.00064 1.00038 1.00016 0.999944 0.999992 1 0 0 0 
0 0 0 0 1.00057 1.00609 1.03999 1.10156 1.15536 1.06683 1.01629 1.00277 1.00276 1.01617 1.06624 1.15536 1.77717 2.40008 2.76164 2.49395 2.48137 2.7428 2.38568 1.77068 1.12107 1.18966 1.17096 1.11097 1.11196 1.17306 1.19196 1.12113 1.05012 1.09032 1.09034 1.06259 1.06334 1.09198 1.09192 1.05071 1.00697 1.01104 1.00398 1.0008 1.00081 1.00403 1.01119 1.00698 1.00199 1.00019 0.999983 0.999994 0 0 0 
0 0 0 0 1.0052 1.038 1.18592 1.36659 1.56041 1.27918 1.09449 1.02126 1.02118 1.09402 1.27751 1.55982 2.75826 3.8083 4.31863 4.49051 4.47775 4.31062 3.80128 2.7542 1.45889 1.63585 1.59633 1.45764 1.46052 1.6017 1.64146 1.45931 1.2766 1.42282 1.42364 1.3465 1.34927 1.42953 1.42882 1.27915 1.06354 1.09238 1.04232 1.01217 1.01224 1.04263 1.09305 1.06342 1.01693 1.00229 1.00015 0.999947 0 0 0 
