0 0 0 0 1.00003 1.00002 1.00004 1.00149 1.01514 1.00062 1 1.00002 1.00002 1 1.00056 1.01462 1.29699 1.30819 1.03272 1.00524 1.00538 1.03245 1.30314 1.29135 1.0409 1.19799 2.61088 2.85413 2.80163 2.56152 1.19133 1.04023 0.971429 0.966361 0.943546 0.94616 0.943626 0.940705 0.964565 0.96967 1.00053 1.00087 1.00008 1.00003 1.00003 1.00008 1.0009 1.00057 1.00022 1.00002 1.00003 1.00003 0 0 0 
0 0 0 0 0.999996 0.999996 0.999989 1.00008 1.00071 0.999987 0.999996 0.999997 0.999997 0.999996 0.999982 1.00066 1.00937 1.00966 1.00044 1.00002 1.00002 1.00042 1.00925 1.00898 1.00184 1.01043 1.14821 1.16567 1.15862 1.14155 1.00992 1.00179 0.998336 0.998224 0.996544 0.996755 0.996672 0.996451 0.998171 0.998285 1.00001 0.999969 0.999992 0.999996 0.999996 0.999992 0.999968 1.00001 1.00002 0.999993 0.999996 0.999996 0 0 0 
0 0 0 0 1 1 0.999996 1.00002 1.00002 0.999968 1 1 1 1 0.999969 1.00002 1.00011 1.00007 0.999984 0.999983 0.999983 0.999982 1.00005 1.00009 1.00007 1.00024 1.00647 1.00713 1.00666 1.00603 1.00022 1.00006 0.999977 0.999927 0.999904 0.999909 0.999903 0.999897 0.999923 0.999974 1.00001 0.99997 1 1 1 1 0.99997 1.00001 1.00003 0.999996 1 1 0 0 0 
0 0 0 0 1 1 0.999996 1.00003 1.00001 0.999973 1 1 1 1 0.999973 1.00001 1.00002 0.999963 1 1 1 1 0.999963 1.00002 1.00001 0.999952 1.0001 1.00011 1.0001 1.00009 0.999953 1.00002 1.00004 0.999983 1.00002 1.00002 1.00002 1.00002 0.999983 1.00004 1.00001 0.999972 1 1 1 1 0.999972 1.00001 1.00003 0.999996 1 1 0 0 0 
1.00003 0.999996 1 1 1 1 0.999996 1.00003 1.00001 0.999973 1 1 1 1 0.999973 1.00001 1.00002 0.999963 1 1 1 1 0.999963 1.00002 1.00001 0.999952 1.0001 1.00011 1.00011 1.0001 0.999952 1.00001 1.00004 0.999983 1.00002 1.00002 1.00002 1.00002 0.999983 1.00004 1.00001 0.999972 1 1 1 1 0.999972 1.00001 1.00003 0.999996 1 1 1 1 0.999996 
1.00002 0.999996 1 1 1 1 0.999996 1.00002 1.00002 0.999968 1 1 1 1 0.999968 1.00002 1.00009 1.00005 0.999982 0.999983 0.999983 0.999982 1.00005 1.00009 1.00007 1.00024 1.00647 1.00713 1.00713 1.00647 1.00024 1.00007 0.999974 0.999923 0.999897 0.999903 0.999903 0.999897 0.999923 0.999974 1.00001 0.99997 1 1 1 1 0.99997 1.00001 1.00003 0.999996 1 1 1 1 0.999996 
1.00008 0.999989 0.999996 0.999996 0.999996 0.999996 0.999989 1.00008 1.00071 0.999987 0.999996 0.999997 0.999997 0.999996 0.999987 1.00071 1.00898 1.00925 1.00042 1.00002 1.00002 1.00042 1.00925 1.00898 1.00184 1.01043 1.14821 1.16567 1.16567 1.14821 1.01043 1.00184 0.998285 0.998171 0.996451 0.996672 0.996672 0.996451 0.998171 0.998285 1.00001 0.999968 0.999992 0.999996 0.999996 0.999992 0.999968 1.00001 1.00002 0.999993 0.999996 0.999996 0.999996 0.999996 0.999993 
1.00149 1.00004 1.00002 1.00003 1.00003 1.00002 1.00004 1.00149 1.01514 1.00062 1 1.00002 1.00002 1 1.00062 1.01514 1.29135 1.30314 1.03245 1.00538 1.00538 1.03245 1.30314 1.29135 1.0409 1.19799 2.61088 2.85413 2.85413 2.61088 1.19799 1.0409 0.96967 0.964565 0.940705 0.943626 0.943626 0.940705 0.964565 0.96967 1.00057 1.0009 1.00008 1.00003 1.00003 1.00008 1.0009 1.00057 1.00022 1.00002 1.00003 1.00003 1.00003 1.00003 1.00002 
1.00466 1.00015 0.999999 1.00001 1.00001 0.999999 1.00015 1.00466 1.13273 1.00505 1.00002 1.00001 1.00001 1.00002 1.00505 1.13273 4.26261 4.4514 1.89378 1.21116 1.21116 1.89378 4.4514 4.26261 1.36695 2.55254 8.36205 9.85525 10.2829 8.71565 2.75128 1.37239 1.21615 1.14681 1.14745 1.14931 1.15325 1.15242 1.14988 1.22152 1.03878 1.0459 1.00496 1.00011 1.0001 1.00445 1.05336 1.0473 1.00077 0.999965 1.00001 1.00001 1.00001 1.00001 0.999966 
0.999026 0.999969 0.999977 0.999973 0.999973 0.999977 0.999969 0.999026 0.997034 0.999588 0.999986 0.999974 0.999974 0.999986 0.999588 0.997034 1.31651 1.33036 1.0385 1.00484 1.00484 1.0385 1.33036 1.31651 1.03279 1.13154 2.06644 2.2718 2.36172 2.15159 1.16582 1.03564 1.01065 1.00414 1.00174 1.00149 1.00326 1.00371 1.00537 1.01184 0.99976 0.999606 0.999985 0.999973 0.999972 0.999978 0.999728 1.00006 0.999902 0.999971 0.999972 0.999972 0.999972 0.999972 0.999971 
0.999997 1 1 1 1 1 1 0.999997 0.999569 0.99995 1.00001 1 1 1.00001 0.99995 0.999569 1.0111 1.01157 1.00054 0.999985 0.999985 1.00054 1.01157 1.0111 1.00177 1.00685 1.09849 1.11363 1.12873 1.1126 1.00964 1.00222 1.00048 1.00008 0.999937 0.999927 1.00008 1.00011 1.00018 1.00057 0.999986 0.999904 0.999991 1 1 0.999993 0.999907 0.999998 1.00004 1 1 1 1 1 1 
1.00004 0.999997 1 1 1 1 0.999997 1.00004 1 0.999977 1 1 1 1 0.999977 1 1.00014 1.0001 0.999989 0.999993 0.999993 0.999989 1.0001 1.00014 1.00005 1.0001 1.00398 1.00453 1.00559 1.00495 1.00022 1.00007 1.00004 0.999977 1.00001 1.00001 1.00002 1.00002 0.999982 1.00004 1.00001 0.999983 1 1 1 1 0.999983 1.00001 1.00003 0.999996 1 1 1 1 0.999996 
1.00004 0.999997 1 1 1 1 0.999997 1.00004 1 0.999977 1 1 1 1 0.999976 1.00001 1.00012 1.00008 0.999988 0.999993 0.999993 0.999989 1.0001 1.00014 1.00007 1.00022 1.00495 1.00559 1.00559 1.00495 1.00022 1.00007 1.00004 0.999982 1.00002 1.00002 1.00001 1.00001 0.999977 1.00004 1.00001 0.999983 1 1 1 1 0.999983 1.00001 1.00003 0.999996 1 1 1 1 0.999996 
0.999997 1 1 1 1 1 1 0.999997 0.999569 0.99995 1.00001 1 1 1.00001 0.999955 0.999672 1.01063 1.0111 1.00051 0.999987 0.999985 1.00054 1.01157 1.0111 1.00222 1.00964 1.1126 1.12873 1.12873 1.1126 1.00964 1.00222 1.00057 1.00018 1.00011 1.00008 0.999927 0.999937 1.00008 1.00048 0.999998 0.999907 0.999993 1 1 0.999993 0.999907 0.999998 1.00004 1 1 1 1 1 1 
0.999027 0.99997 0.999977 0.999973 0.999973 0.999977 0.999969 0.999026 0.997034 0.999588 0.999986 0.999974 0.999974 0.999979 0.999706 0.999343 1.31094 1.32536 1.03823 1.00498 1.00484 1.0385 1.33036 1.31651 1.03564 1.16582 2.15159 2.36172 2.36172 2.15159 1.16582 1.03564 1.01184 1.00537 1.00371 1.00326 1.00149 1.00174 1.00414 1.01065 1.00006 0.999728 0.999978 0.999972 0.999972 0.999978 0.999728 1.00006 0.999902 0.999971 0.999972 0.999972 0.999972 0.999972 0.999971 
1.00459 1.00012 0.999999 1.00001 1.00001 0.999999 1.00015 1.00466 1.13273 1.00505 1.00002 1.00001 1 1.00014 1.00624 1.16393 4.26328 4.45142 1.89378 1.21116 1.21116 1.89378 4.4514 4.26261 1.37239 2.75128 8.71565 10.2829 10.2829 8.71565 2.75128 1.37239 1.22152 1.14988 1.15242 1.15325 1.14931 1.14745 1.14681 1.21615 1.0473 1.05336 1.00445 1.0001 1.0001 1.00445 1.05336 1.0473 1.00077 0.999965 1.00001 1.00001 1.00001 1.00001 0.999965 
1.15625 0.996946 0.999559 1.00002 1.00002 0.999621 0.99784 1.16754 3.93616 1.29518 1.00944 1.00013 1.00015 1.01014 1.28554 4.03998 21.7162 23.5581 10.8028 5.55974 6.00863 11.1908 23.5643 21.6952 6.11938 11.2223 23.968 28.2545 28.2545 23.968 11.2223 6.11938 3.83747 2.69081 2.74947 2.78861 2.63222 2.58804 2.69106 3.83994 2.66791 2.98643 1.32207 1.01403 1.01403 1.32207 2.98643 2.66791 1.443 1.01944 1.00035 1.00001 1.00001 1.00035 1.01944 
1.18147 0.99717 0.999467 0.999957 0.99996 0.999537 0.998161 1.19457 4.35183 1.34357 1.01114 1.0001 1.00012 1.012 1.33091 4.45221 23.5202 25.4485 9.03211 2.14846 2.14841 8.90688 25.4498 23.4689 2.48725 8.86596 25.9517 31.9964 31.9964 25.9517 8.86596 2.48725 1.21702 1.05927 1.19072 1.23537 1.25201 1.2071 1.06453 1.22252 1.15541 1.12821 1.00983 1.00018 1.00018 1.00983 1.12821 1.15541 1.0302 1.00087 0.999976 0.999969 0.999969 0.999976 1.00087 
1.13633 0.996134 0.99952 0.99999 0.999992 0.999582 0.99702 1.14632 3.6666 1.26777 1.00838 1.00008 1.0001 1.00902 1.25818 3.742 19.3854 20.8396 7.21835 1.6765 1.66477 7.11946 20.8253 19.3323 1.74723 6.65609 19.8162 24.068 24.068 19.8162 6.65609 1.74723 0.974483 0.895805 1.03084 1.07079 1.07634 1.03379 0.896898 0.974065 1.03101 1.01662 1.00098 0.999995 0.999995 1.00098 1.01662 1.03101 1.00086 0.999938 1 1 1 1 0.999938 
1.00846 0.99962 0.999976 1.00001 1 0.999981 0.999675 1.00954 1.45302 1.02146 1.00024 0.999994 0.999994 1.00027 1.02062 1.47022 7.57 7.90797 2.20137 1.05196 1.03538 2.17448 7.92792 7.58397 1.15554 2.71879 10.2262 12.1583 12.1583 10.2262 2.71879 1.15554 0.99792 0.99413 0.999059 1.0005 0.996095 0.994004 0.993856 0.997886 0.977461 0.998827 0.99994 0.999996 0.999996 0.99994 0.998827 0.977461 0.996363 0.9999 1.00001 1 1 1.00001 0.9999 
1.00954 0.999675 0.999981 1 1 0.999981 0.999675 1.00954 1.47022 1.02062 1.00027 0.999994 0.999994 1.00027 1.02062 1.47022 7.58397 7.92792 2.17448 1.03538 1.03538 2.17448 7.92792 7.58397 1.15549 2.71834 10.2264 12.1584 12.1583 10.2262 2.71879 1.15554 0.998638 0.994762 0.996486 0.995362 1.0005 0.999059 0.99413 0.99792 0.977452 0.998919 0.999941 0.999997 0.999996 0.99994 0.998827 0.977461 0.996363 0.9999 1.00001 1 1 1.00001 0.999901 
1.14632 0.99702 0.999582 0.999992 0.999992 0.999582 0.99702 1.14632 3.742 1.25818 1.00902 1.0001 1.0001 1.00902 1.25818 3.742 19.3323 20.8253 7.11946 1.66477 1.66477 7.11946 20.8253 19.3323 1.74696 6.65365 19.8181 24.0686 24.068 19.8162 6.65609 1.74723 0.983483 0.906658 1.03184 1.06863 1.07079 1.03084 0.895805 0.974483 1.03101 1.0174 1.00084 0.999988 0.999995 1.00098 1.01662 1.03101 1.00086 0.999938 1 1 1 1 0.99994 
1.19457 0.998161 0.999537 0.99996 0.99996 0.999537 0.998161 1.19457 4.45221 1.33091 1.012 1.00012 1.00012 1.012 1.33091 4.45221 23.4689 25.4498 8.90688 2.14841 2.14841 8.90688 25.4498 23.4689 2.48629 8.86281 25.9558 31.9984 31.9964 25.9517 8.86596 2.48725 1.23733 1.07764 1.19985 1.24616 1.23537 1.19072 1.05927 1.21702 1.15534 1.12603 1.00982 1.00017 1.00018 1.00983 1.12821 1.15541 1.0302 1.00087 0.999976 0.999969 0.999969 0.999976 1.00087 
1.16754 0.99784 0.999621 1.00002 1.00002 0.999621 0.99784 1.16754 4.03998 1.28554 1.01014 1.00015 1.00015 1.01014 1.28554 4.03998 21.6952 23.5643 11.1908 6.00863 6.00863 11.1908 23.5643 21.6952 6.12174 11.2189 23.9718 28.2571 28.2545 23.968 11.2223 6.11938 4.14266 3.01017 2.75599 2.95717 2.78861 2.74947 2.69081 3.83747 2.66769 2.87877 1.35769 1.01582 1.01403 1.32207 2.98643 2.66791 1.443 1.01944 1.00035 1.00001 1.00001 1.00036 1.01953 
1.39882 1.00947 0.999852 1.00003 1.00003 0.999892 1.00981 1.38889 6.3552 1.48167 1.01735 1.00041 1.00041 1.01735 1.48167 6.3552 29.633 32.6926 30.9923 30.2269 30.2269 30.9923 32.6926 29.633 28.3067 29.3649 32.9395 34.1137 34.1514 33.0141 29.5382 28.5128 28.2927 28.5164 29.615 29.3374 28.5895 29.0312 28.8837 28.2927 25.1202 23.014 7.91197 1.769 1.79533 8.14313 23.3503 25.7188 8.60531 1.71421 1.02527 1.00025 1.00025 1.02534 1.7139 
1.40547 1.00961 0.999781 0.999973 0.999974 0.999824 1.00999 1.39477 6.44489 1.4893 1.01749 1.00036 1.00036 1.01749 1.4893 6.44489 30.7205 34.1576 34.5228 34.4987 34.4987 34.5228 34.1576 30.7205 33.7427 33.8726 34.5631 34.8329 34.832 34.5613 33.8608 33.7308 33.8782 34.3222 34.3992 34.3876 34.4146 34.4192 34.3192 33.8782 28.0088 26.0133 8.74806 1.8557 1.87234 8.85075 25.9598 28.0594 9.38447 1.78996 1.02789 1.00021 1.00021 1.02791 1.79001 
1.40825 1.00976 0.999816 1 1 0.999859 1.01014 1.39752 6.4737 1.49316 1.0177 1.0004 1.0004 1.0177 1.49316 6.4737 30.8694 34.3636 34.9261 34.9669 34.9669 34.9261 34.3636 30.8694 34.7851 34.8194 34.9387 34.9765 34.9765 34.9389 34.8192 34.7836 34.4169 34.8846 34.9532 34.9588 34.959 34.9533 34.8905 34.4169 28.3165 26.3565 8.83154 1.86346 1.88023 8.93773 26.3194 28.3746 9.46399 1.79667 1.02816 1.00024 1.00024 1.02818 1.79674 
1.42531 1.01093 0.99987 1.00001 1.00001 0.999908 1.01124 1.41518 6.59668 1.51342 1.01927 1.00049 1.00049 1.01927 1.51342 6.59668 30.9053 34.3845 34.9516 34.9953 34.9953 34.9516 34.3845 30.9053 34.927 34.9667 34.9915 34.9972 34.9972 34.9916 34.9667 34.9257 34.463 34.9284 34.9929 34.9974 34.9974 34.9925 34.9333 34.463 28.3579 26.3825 8.83054 1.8577 1.8703 8.90093 26.3583 28.4334 9.45578 1.79634 1.02815 1.00024 1.00024 1.02815 1.79641 
1.41518 1.01124 0.999908 1.00001 1.00001 0.999908 1.01124 1.41518 6.4494 1.50573 1.0202 1.00055 1.00049 1.01927 1.51342 6.59668 30.3744 34.3952 34.9535 34.996 34.9953 34.9516 34.3845 30.9053 34.9257 34.9667 34.9916 34.9972 34.9972 34.9915 34.9667 34.927 34.4339 34.9352 34.9925 34.9973 34.9974 34.9929 34.9284 34.463 28.4334 26.3583 8.90093 1.8703 1.8703 8.90093 26.3583 28.4334 9.45578 1.79634 1.02815 1.00024 1.00024 1.02815 1.79634 
1.39752 1.01014 0.999859 1 1 0.999859 1.01014 1.39752 6.32701 1.48507 1.01876 1.00047 1.0004 1.0177 1.49316 6.4737 30.3303 34.3778 34.9316 34.9705 34.9669 34.9261 34.3636 30.8694 34.7836 34.8192 34.9389 34.9765 34.9765 34.9387 34.8194 34.7851 34.3919 34.8924 34.9527 34.9578 34.9588 34.9532 34.8846 34.4169 28.3746 26.3194 8.93773 1.88023 1.88023 8.93773 26.3194 28.3746 9.46399 1.79667 1.02816 1.00024 1.00024 1.02816 1.79667 
1.39477 1.00999 0.999824 0.999974 0.999974 0.999824 1.00999 1.39477 6.29874 1.48123 1.01855 1.00043 1.00036 1.01749 1.4893 6.44489 30.1899 34.1815 34.5396 34.5104 34.4987 34.5228 34.1576 30.7205 33.7308 33.8608 34.5613 34.832 34.8329 34.5631 33.8726 33.7427 33.8387 34.3115 34.4083 34.3984 34.3876 34.3992 34.3222 33.8782 28.0594 25.9598 8.85075 1.87234 1.87234 8.85075 25.9598 28.0594 9.38447 1.78996 1.02789 1.00021 1.00021 1.02789 1.78996 
1.38889 1.00981 0.999892 1.00003 1.00003 0.999892 1.00981 1.38889 6.22618 1.47328 1.0184 1.00048 1.00041 1.01735 1.48167 6.3552 29.3743 32.9436 31.4508 30.744 30.2269 30.9923 32.6926 29.633 28.5128 29.5382 33.0141 34.1514 34.1137 32.9395 29.3649 28.3067 28.8145 29.0891 29.2391 28.7949 29.3374 29.615 28.5164 28.2927 25.7188 23.3503 8.14313 1.79533 1.79533 8.14313 23.3503 25.7188 8.60531 1.71421 1.02527 1.00025 1.00025 1.02527 1.71421 
1.45455 1.01316 1.0002 1.00003 1.00003 1.0002 1.01316 1.45455 7.16222 1.54424 1.01779 1.00033 1.00033 1.01779 1.54424 7.16222 30.3144 34.3232 34.6653 34.6533 34.6533 34.6653 34.3556 30.8919 34.7089 34.8209 34.946 34.9673 34.9688 34.9485 34.8209 34.7089 34.0114 34.541 34.5386 34.513 34.6629 34.6842 34.5987 33.922 28.4855 25.7653 8.9784 1.9857 1.9857 8.9784 25.7653 28.4855 10.1196 1.97572 1.05669 1.00149 1.00149 1.05669 1.97572 
1.44645 1.01265 1.00014 0.999975 0.999975 1.00014 1.01265 1.44645 7.0721 1.52815 1.01689 1.00025 1.00025 1.01689 1.52815 7.0721 30.2769 34.4104 34.9356 34.9755 34.9755 34.9356 34.3586 30.7638 34.886 34.945 34.9779 34.9828 34.9827 34.9778 34.945 34.886 34.4 34.8819 34.9427 34.9461 34.9427 34.9352 34.8689 34.2768 29.0263 26.0222 9.03787 1.99793 1.99793 9.03787 26.0222 29.0263 10.3097 1.99796 1.05865 1.00152 1.00152 1.05865 1.99796 
1.44651 1.01274 1.00017 1.00001 1.00001 1.00017 1.01274 1.44651 7.06227 1.52587 1.01685 1.00028 1.00028 1.01685 1.52587 7.06227 30.2775 34.4217 34.9539 34.9958 34.9958 34.9539 34.3694 30.764 34.9313 34.9794 34.996 34.9978 34.9978 34.996 34.9794 34.9313 34.4475 34.9306 34.9927 34.9963 34.9959 34.99 34.9227 34.3273 29.0754 26.0462 9.03675 1.99733 1.99733 9.03675 26.0462 29.0754 10.3173 1.99845 1.05865 1.00154 1.00154 1.05865 1.99845 
1.4451 1.01256 1.00015 1 1 1.00015 1.01256 1.4451 7.06092 1.5248 1.01681 1.00027 1.00027 1.01681 1.5248 7.06092 30.2872 34.4191 34.9536 34.9969 34.9969 34.9536 34.3821 30.7605 34.9388 34.9843 34.9983 34.9997 34.9997 34.9984 34.9843 34.9388 34.4784 34.9372 34.9965 34.9997 34.9996 34.9947 34.9319 34.3754 29.2085 26.0909 8.94776 1.9689 1.9689 8.94776 26.0909 29.2085 10.2484 1.97917 1.05537 1.00139 1.00139 1.05537 1.97917 
1.44748 1.01194 1.00011 1 1 1.00015 1.01256 1.4451 7.06092 1.5248 1.01681 1.00027 1.00027 1.01681 1.52749 7.20303 30.7605 34.3821 34.9419 34.9951 34.9969 34.9536 34.3821 30.7605 34.9432 34.9845 34.9984 34.9997 34.9997 34.9983 34.9843 34.9388 34.3504 34.9245 34.9947 34.9996 34.9996 34.9947 34.9372 34.4784 29.1323 26.1522 8.89781 1.95046 1.9689 8.94776 26.0909 29.2085 10.2484 1.97917 1.05537 1.00139 1.00128 1.05321 1.96034 
1.44875 1.01205 1.00012 1 1.00001 1.00017 1.01274 1.44651 7.06227 1.52587 1.01685 1.00028 1.00028 1.01685 1.52869 7.20337 30.764 34.3694 34.937 34.9934 34.9958 34.9539 34.3694 30.764 34.9371 34.9798 34.996 34.9978 34.9978 34.996 34.9794 34.9313 34.2929 34.9127 34.99 34.9959 34.996 34.99 34.9306 34.4475 29.0183 26.1254 8.9679 1.97507 1.99733 9.03675 26.0462 29.0754 10.3173 1.99845 1.05865 1.00154 1.00142 1.05617 1.97655 
1.44871 1.01196 1.00009 0.999974 0.999975 1.00014 1.01265 1.44645 7.0721 1.52815 1.01689 1.00025 1.00025 1.01691 1.53116 7.21369 30.7638 34.3586 34.9212 34.9762 34.9755 34.9356 34.3586 30.7638 34.891 34.9452 34.9778 34.9827 34.9828 34.9779 34.945 34.886 34.2425 34.8569 34.9352 34.9427 34.9439 34.9352 34.8819 34.4 28.9705 26.1026 8.9684 1.97559 1.99793 9.03787 26.0222 29.0263 10.3097 1.99796 1.05865 1.00152 1.00139 1.05616 1.97601 
1.45858 1.01251 1.00015 1.00003 1.00003 1.0002 1.01316 1.45455 7.16222 1.54424 1.01779 1.00033 1.00033 1.0178 1.54689 7.30736 30.8919 34.3556 34.8233 34.8511 34.6533 34.6653 34.3556 30.8919 34.7308 34.8334 34.9485 34.9688 34.9673 34.946 34.8209 34.7089 33.936 34.65 34.6842 34.6629 34.663 34.6842 34.541 34.0114 28.4346 25.8521 8.91794 1.96506 1.9857 8.9784 25.7653 28.4855 10.1196 1.97572 1.05669 1.00149 1.00138 1.05438 1.95552 
2.05875 1.0541 1.00146 1.00005 1.00005 1.00159 1.0557 2.06277 9.90809 2.2036 1.0664 1.00205 1.00166 1.06012 2.15336 9.92957 32.1007 34.5594 34.9496 34.9769 34.9769 34.9496 34.5594 32.1007 34.5746 34.8199 34.8617 34.8461 34.8461 34.8617 34.8199 34.5746 33.0039 34.4752 34.5224 34.4176 34.3582 34.5224 34.4033 32.9508 23.8176 24.3035 9.29657 2.14474 2.17904 9.37616 24.1606 23.5913 8.61917 1.86703 1.0564 1.00154 1.00142 1.05412 1.8481 
1.52063 1.0284 1.00117 0.99999 0.999996 1.00129 1.0293 1.51048 7.25151 1.61945 1.03026 1.00109 1.00077 1.0261 1.59916 7.4139 31.8347 34.5471 34.9562 34.9854 34.9854 34.9562 34.5471 31.8347 34.8592 34.9484 34.966 34.9661 34.9661 34.966 34.9484 34.8592 34.0173 34.8706 34.9268 34.9319 34.9352 34.9268 34.8832 34.126 27.7894 25.1454 9.48564 2.19826 2.2369 9.59739 25.0113 27.6697 10.3317 2.06512 1.07043 1.00192 1.00175 1.06742 2.0392 
1.48612 1.02714 1.00117 1.00002 1.00003 1.00129 1.02805 1.47613 7.02149 1.58793 1.02895 1.0011 1.00079 1.02481 1.5677 7.18048 31.814 34.5568 34.9678 34.9971 34.9971 34.9678 34.5568 31.814 34.918 34.9807 34.995 34.9964 34.9964 34.995 34.9807 34.918 34.1799 34.9275 34.9916 34.9959 34.996 34.9916 34.9365 34.2775 28.2996 25.2581 9.47858 2.19851 2.23703 9.59154 25.1223 28.172 10.5099 2.08249 1.07142 1.00198 1.0018 1.06838 2.05646 
1.51474 1.02511 1.00099 1.00002 1.00002 1.00109 1.02592 1.50647 7.21484 1.6215 1.03013 1.00103 1.00074 1.02654 1.60441 7.37272 31.8305 34.5613 34.9692 34.9983 34.9983 34.9692 34.5613 31.8305 34.928 34.9844 34.9983 34.9996 34.9996 34.9983 34.9844 34.928 34.2538 34.9353 34.9961 34.9997 34.9997 34.9961 34.9423 34.3311 28.4622 25.3993 9.32924 2.14987 2.18162 9.41699 25.2937 28.3551 10.4053 2.05224 1.06659 1.00173 1.00159 1.06397 2.02959 
1.50647 1.02592 1.00109 1.00002 1.00002 1.00109 1.02592 1.50647 7.21484 1.6215 1.03013 1.00103 1.00103 1.03013 1.6215 7.21484 31.9838 34.5513 34.9683 34.9982 34.9983 34.9692 34.5613 31.8305 34.9281 34.9844 34.9983 34.9996 34.9996 34.9983 34.9844 34.928 34.3311 34.9423 34.9961 34.9997 34.9997 34.9961 34.9353 34.2538 28.3551 25.2937 9.41699 2.18162 2.18142 9.41699 25.2937 28.3551 10.4053 2.05224 1.06659 1.00173 1.00173 1.06659 2.05224 
1.47613 1.02805 1.00129 1.00003 1.00003 1.00129 1.02805 1.47613 7.02149 1.58793 1.02895 1.0011 1.0011 1.02895 1.58793 7.02149 31.9698 34.5455 34.9667 34.9971 34.9971 34.9678 34.5568 31.814 34.9179 34.9807 34.995 34.9964 34.9964 34.995 34.9807 34.918 34.2775 34.9365 34.9916 34.9959 34.9959 34.9916 34.9275 34.1799 28.172 25.1223 9.59154 2.23703 2.23709 9.59154 25.1223 28.172 10.5099 2.08249 1.07142 1.00198 1.00198 1.07142 2.08249 
1.51048 1.0293 1.00129 0.999996 0.999996 1.00129 1.0293 1.51048 7.25151 1.61945 1.03026 1.00109 1.00109 1.03026 1.61945 7.25151 31.988 34.5358 34.955 34.9853 34.9854 34.9562 34.5471 31.8347 34.8591 34.9484 34.9661 34.9662 34.9661 34.966 34.9484 34.8592 34.126 34.8832 34.9318 34.9383 34.9319 34.9268 34.8706 34.0173 27.6697 25.0113 9.59739 2.2369 2.23692 9.59739 25.0113 27.6697 10.3317 2.06512 1.07043 1.00192 1.00192 1.07043 2.06512 
2.06277 1.0557 1.00159 1.00005 1.00005 1.00159 1.0557 2.06277 9.90809 2.2036 1.0664 1.00205 1.00205 1.0664 2.2036 9.90809 32.2361 34.5496 34.9494 34.9772 34.9769 34.9496 34.5594 32.1007 34.5742 34.8182 34.8511 34.8327 34.8461 34.8617 34.8199 34.5746 32.9508 34.4033 34.4416 34.3368 34.4176 34.5224 34.4752 33.0039 23.5913 24.1606 9.37616 2.17904 2.17908 9.37616 24.1606 23.5913 8.61917 1.86703 1.0564 1.00154 1.00154 1.0564 1.86703 
6.53233 1.51972 1.01619 1.00013 1.00013 1.01621 1.52139 6.5686 21.6304 6.68836 1.58306 1.02707 1.02707 1.58306 6.69182 21.5759 33.089 34.4721 34.7986 34.8098 34.7685 34.7552 34.4858 33.1004 29.2113 29.6815 30.1911 30.3494 30.1428 29.9796 29.6762 29.2069 26.961 30.2401 29.9158 29.8696 29.1549 29.1948 29.8511 26.4658 9.93264 20.3401 6.68913 1.55377 1.55752 6.72251 20.3401 9.93264 2.12132 1.0576 1.00125 1.00002 1.00002 1.00125 1.0576 
7.28715 1.59747 1.01896 1.00011 1.00011 1.01894 1.59822 7.30955 24.1159 7.58127 1.68024 1.03264 1.03264 1.68024 7.60118 24.118 34.3116 34.8868 34.9624 34.9666 34.9668 34.9626 34.8868 34.3049 33.2673 33.9085 33.9711 34.0658 34.0725 33.9777 33.9088 33.2673 29.146 33.714 34.1205 34.1675 34.2234 34.1908 33.7387 28.9784 8.56304 22.5414 6.96054 1.59232 1.5932 6.96717 22.5414 8.56304 1.72978 1.02603 1.0002 0.999951 0.999951 1.0002 1.02603 
7.37951 1.60554 1.01926 1.00014 1.00014 1.01924 1.60637 7.4037 24.4706 7.68207 1.68866 1.03307 1.03307 1.68866 7.69997 24.4673 34.4695 34.9344 34.9947 34.9977 34.9977 34.9945 34.9355 34.4614 34.0197 34.7825 34.8488 34.8716 34.8716 34.8486 34.7822 34.0194 29.4475 34.2616 34.8763 34.9266 34.9332 34.8921 34.2847 29.278 8.45512 22.7281 6.9864 1.59556 1.59639 6.9929 22.7281 8.45512 1.70131 1.02421 1.00019 0.999983 0.999983 1.00019 1.02421 
7.3725 1.60247 1.01923 1.00014 1.00014 1.0192 1.60303 7.39128 24.5248 7.68074 1.68431 1.03205 1.03205 1.68431 7.69402 24.5221 34.4825 34.9362 34.9965 34.9998 34.9998 34.9963 34.9372 34.476 34.1377 34.913 34.9789 34.986 34.986 34.9788 34.9128 34.1376 29.5248 34.3203 34.9457 34.9917 34.993 34.9522 34.3402 29.359 8.71284 22.7851 7.04544 1.60121 1.60186 7.0512 22.7851 8.71284 1.7603 1.02828 1.00026 0.99998 0.99998 1.00026 1.02828 
7.39128 1.60303 1.0192 1.00014 1.00014 1.0192 1.60303 7.39128 24.5248 7.68074 1.68431 1.03205 1.03111 1.67647 7.68074 24.5248 34.476 34.9372 34.9963 34.9998 34.9998 34.9963 34.9372 34.476 34.1376 34.9128 34.9788 34.986 34.986 34.9789 34.9128 34.1376 29.359 34.3402 34.9522 34.993 34.993 34.9522 34.3402 29.359 8.70691 22.7823 7.04046 1.60071 1.60071 7.04046 22.7851 8.71284 1.7603 1.02828 1.00026 0.99998 0.99998 1.00026 1.02838 
7.4037 1.60637 1.01924 1.00014 1.00014 1.01924 1.60637 7.4037 24.4706 7.68207 1.68866 1.03307 1.03199 1.67932 7.68207 24.4706 34.4614 34.9355 34.9945 34.9977 34.9977 34.9945 34.9355 34.4614 34.0194 34.7822 34.8486 34.8716 34.8716 34.8488 34.7822 34.0194 29.278 34.2847 34.8921 34.9332 34.9332 34.8921 34.2847 29.278 8.45233 22.7253 6.98136 1.59491 1.59492 6.98136 22.7281 8.45512 1.70131 1.02421 1.00019 0.999983 0.999983 1.00019 1.02431 
7.30955 1.59822 1.01894 1.00011 1.00011 1.01894 1.59822 7.30955 24.1159 7.58127 1.68024 1.03264 1.03157 1.67094 7.58127 24.1159 34.3049 34.8868 34.9626 34.9668 34.9668 34.9626 34.8868 34.3049 33.2673 33.9088 33.9777 34.0725 34.0658 33.9711 33.9088 33.2673 28.9784 33.7387 34.1908 34.2234 34.2234 34.1908 33.7387 28.9784 8.56427 22.5397 6.95556 1.59163 1.59165 6.95556 22.5414 8.56304 1.72978 1.02603 1.0002 0.999951 0.999951 1.0002 1.02611 
6.5686 1.52139 1.01621 1.00013 1.00013 1.01621 1.52139 6.5686 21.6304 6.68836 1.58306 1.02707 1.02623 1.57618 6.68836 21.6304 33.1004 34.4858 34.7552 34.7685 34.7685 34.7552 34.4858 33.1004 29.2069 29.6762 29.9796 30.1428 30.3494 30.1911 29.6762 29.2069 26.4658 29.8511 29.1948 29.1549 29.1549 29.1948 29.8511 26.4658 10.1148 20.2397 6.65878 1.5502 1.55019 6.65878 20.3401 9.93264 2.12132 1.0576 1.00125 1.00002 1.00002 1.00113 1.05526 
6.80272 1.55148 1.02062 1.00028 1.00028 1.02062 1.55148 6.80272 21.4784 7.09824 1.61027 1.02696 1.02696 1.61023 7.09824 21.4784 27.3467 29.8959 30.5656 30.6403 30.0096 29.9168 29.8959 27.3467 5.75302 5.97926 6.18811 6.1235 5.92232 5.97784 5.76473 5.55136 3.95222 4.38477 4.10216 4.05492 4.05492 4.10216 4.38477 3.95222 2.37722 4.93658 1.57972 1.02362 1.02361 1.56511 4.85621 2.3491 1.07135 1.00148 1.00001 1.00002 1.00002 1.00001 1.00149 
7.51535 1.62357 1.02347 1.00026 1.00026 1.02347 1.62357 7.51535 24.3227 7.95547 1.69759 1.03126 1.03127 1.69773 7.95547 24.3227 30.7479 33.9427 34.3699 34.409 34.3714 34.3179 33.9427 30.7479 1.76558 1.81634 1.79222 1.75779 1.7632 1.79814 1.82281 1.77131 1.30662 1.37734 1.30548 1.28235 1.28235 1.30548 1.37734 1.30662 1.09795 1.34144 1.02475 1.00038 1.00038 1.02459 1.34021 1.09741 1.00523 1.00007 0.999954 0.99997 0.99997 0.999954 1.00007 
7.55323 1.62633 1.02354 1.00029 1.00029 1.02354 1.62633 7.55323 24.564 7.9937 1.70089 1.03137 1.03137 1.70089 7.9937 24.564 31.1812 34.5104 34.8857 34.9114 34.9065 34.8766 34.5104 31.1812 1.04689 1.05052 1.04583 1.04315 1.04315 1.04582 1.05051 1.04689 1.04086 1.04693 1.04679 1.04642 1.04642 1.04679 1.04693 1.04086 1.00667 1.01165 1.00042 0.999948 0.999947 1.00043 1.01165 1.00667 1.00124 1 0.999996 1 1 0.999996 1 
7.42019 1.6067 1.02224 1.00026 1.00026 1.02224 1.6067 7.42019 24.3265 7.84755 1.67891 1.0294 1.0294 1.67892 7.84755 24.3265 31.0406 34.3985 34.768 34.797 34.793 34.7579 34.3985 31.0406 1.26761 1.25521 1.25449 1.25324 1.25324 1.25448 1.25521 1.26764 1.39856 1.42454 1.4258 1.42593 1.42593 1.4258 1.42454 1.39856 1.01324 1.00198 1.00085 1.00002 1.00002 1.00084 1.00198 1.01324 0.999998 0.999961 0.999994 1 1 0.999994 0.999961 
7.39446 1.60257 1.02189 1.00025 1.00026 1.02224 1.6067 7.42019 24.3265 7.84755 1.69358 1.03027 1.02986 1.68645 7.87845 24.478 31.0376 34.3936 34.7579 34.793 34.797 34.768 34.3985 31.0406 1.26764 1.25521 1.25448 1.25324 1.25324 1.25448 1.25521 1.26764 1.39877 1.42445 1.42577 1.42597 1.42593 1.4258 1.42454 1.39856 1.01324 1.00198 1.00084 1.00001 1.00001 1.00084 1.00198 1.01324 0.999998 0.999961 0.999994 1 1 0.999994 0.999961 
7.52199 1.62148 1.02313 1.00027 1.00029 1.02354 1.62633 7.55323 24.564 7.9937 1.71854 1.03243 1.03193 1.70993 8.02972 24.7221 31.1776 34.5042 34.8766 34.9065 34.9114 34.8857 34.5104 31.1812 1.04689 1.05051 1.04582 1.04315 1.04315 1.04582 1.05051 1.04689 1.04061 1.0466 1.04592 1.04565 1.04642 1.04679 1.04693 1.04086 1.00667 1.01165 1.00043 0.999948 0.999945 1.00043 1.01165 1.00667 1.00124 1 0.999996 1 1 0.999996 1 
7.48535 1.61881 1.02306 1.00024 1.00026 1.02347 1.62357 7.51535 24.3227 7.95547 1.71517 1.03232 1.03183 1.70672 7.98895 24.4628 30.7459 33.9412 34.3179 34.3714 34.409 34.3699 33.9427 30.7479 1.77131 1.82281 1.79814 1.7632 1.7632 1.79814 1.82281 1.77131 1.29959 1.3672 1.29459 1.2707 1.28235 1.30548 1.37734 1.30662 1.09741 1.34021 1.02459 1.00038 1.00035 1.02459 1.34021 1.09741 1.00523 1.00007 0.999954 0.99997 0.99997 0.999954 1.00007 
6.76038 1.5467 1.02025 1.00026 1.00028 1.02062 1.55148 6.80272 21.4784 7.09824 1.62308 1.02775 1.02738 1.61689 7.10986 21.515 27.2177 29.7641 29.9168 30.0096 30.6403 30.5656 29.8959 27.3467 5.55136 5.76473 5.97784 5.92232 5.92232 5.97784 5.76473 5.55136 3.65968 4.01958 3.59361 3.55903 4.05492 4.10216 4.38477 3.95222 2.3491 4.85621 1.56511 1.02279 1.01851 1.56511 4.85621 2.3491 1.07135 1.00148 1.00001 1.00002 1.00002 1.00001 1.00148 
1.31094 1.01145 1.0002 0.999983 0.999983 1.00019 1.011 1.2964 4.22794 1.41616 1.0169 1.00024 1.00036 1.02099 1.48686 4.63592 7.48565 8.49093 8.30575 8.28304 8.28304 8.30575 8.49093 7.48565 1.14157 1.14656 1.16341 1.16523 1.16523 1.16341 1.13786 1.13339 1.19404 1.23029 1.17282 1.16217 1.16398 1.17518 1.2448 1.19524 1.04491 1.16322 1.01238 1.00021 1.00019 1.01168 1.155 1.0431 1.00014 0.999965 1.00001 1.00001 1.00001 1.00001 0.999962 
1.01275 1.00027 0.999954 0.999972 0.999972 0.999955 1.00029 1.01268 1.27606 1.01654 1.00028 0.999943 0.999944 1.0003 1.018 1.29412 1.66701 1.78298 1.7719 1.75912 1.75912 1.7719 1.78298 1.66701 1.02738 1.02859 1.02974 1.02867 1.02867 1.02974 1.02842 1.02723 1.0044 1.00489 0.995434 0.994974 0.994992 0.995425 1.00531 1.00441 1.00008 1.00301 1.00009 0.999958 0.999958 1.00009 1.00296 1.00007 0.999946 0.999974 0.999973 0.999973 0.999973 0.999973 0.999974 
1.00021 0.999966 0.999999 1 1 0.999999 0.999966 1.00022 1.00793 1.00017 0.999961 0.999999 0.999999 0.999962 1.00018 1.00839 1.02769 1.03552 1.03903 1.03738 1.03738 1.03903 1.03552 1.02769 1.00212 1.00217 1.00224 1.0021 1.0021 1.00224 1.00217 1.00212 1.00002 0.999947 0.999454 0.99947 0.999471 0.999455 0.999965 1.00002 0.999997 0.999983 0.999982 1 1 0.999982 0.999983 0.999997 1.00004 1 1 1 1 1 1 
1.00001 0.999995 1 1 1 1 0.999995 1.00001 1.00004 0.999948 0.999999 1 1 0.999999 0.999949 1.00005 1.00033 1.00048 1.0008 1.00075 1.00075 1.0008 1.00048 1.00033 1.00008 1.00003 1.00006 1.00005 1.00005 1.00006 1.00003 1.00008 1.00003 0.99998 0.999991 0.999991 0.999991 0.999991 0.999979 1.00003 1.00001 0.999967 1 1 1 1 0.999967 1.00001 1.00003 0.999996 1 1 1 1 0.999996 
1.00001 0.999995 1 1 1 1 0.999995 1.00001 1.00004 0.999948 0.999999 1 1 0.999999 0.999948 1.00004 1.00036 1.00048 1.00088 1.00081 1.00075 1.0008 1.00048 1.00033 1.00008 1.00003 1.00006 1.00005 1.00005 1.00006 1.00003 1.00008 1.00003 0.999979 0.999991 0.999991 0.999994 0.999994 0.999979 1.00003 1.00001 0.999967 1 1 1 1 0.999967 1.00001 1.00003 0.999996 1 1 1 1 0.999996 
1.00022 0.999966 0.999999 1 1 0.999999 0.999966 1.00022 1.00793 1.00017 0.999961 0.999999 0.999999 0.999961 1.00017 1.00793 1.02848 1.03552 1.04066 1.03883 1.03738 1.03903 1.03552 1.02769 1.00212 1.00217 1.00224 1.0021 1.0021 1.00224 1.00217 1.00212 1.00002 0.999965 0.999455 0.999471 0.999533 0.999525 0.999965 1.00003 0.999997 0.999983 0.999982 1 1 0.999982 0.999983 0.999997 1.00004 1 1 1 1 1 1 
1.01268 1.00029 0.999955 0.999972 0.999972 0.999955 1.00029 1.01268 1.27606 1.01654 1.00028 0.999943 0.999943 1.00028 1.01654 1.27606 1.67705 1.78348 1.78675 1.77219 1.75912 1.7719 1.78298 1.66701 1.02723 1.02842 1.02956 1.0285 1.02867 1.02974 1.02859 1.02738 1.00441 1.00531 0.995425 0.994992 0.996211 0.996754 1.00531 1.00465 1.00007 1.00296 1.00009 0.999958 0.999958 1.00009 1.00301 1.00008 0.999947 0.999974 0.999973 0.999973 0.999973 0.999973 0.999974 
1.2964 1.011 1.00019 0.999983 0.999983 1.00019 1.011 1.2964 4.22794 1.41616 1.0169 1.00024 1.00024 1.0169 1.41616 4.22794 7.53431 8.49174 8.36347 8.33259 8.28304 8.30575 8.49093 7.48565 1.13339 1.13786 1.15402 1.15577 1.16523 1.16341 1.14656 1.14157 1.19524 1.2448 1.17518 1.16398 1.15992 1.1716 1.22769 1.19176 1.0431 1.155 1.01168 1.00019 1.00021 1.01238 1.16322 1.04491 1.00013 0.999962 1.00001 1.00001 1.00001 1.00001 0.999965 
1.01179 1.0003 1.00001 1.00003 1.00003 1.00001 1.0003 1.01179 1.27011 1.01726 1.00041 1.00001 1.00001 1.00041 1.01726 1.27011 1.48562 1.53816 1.46884 1.46753 1.46753 1.46884 1.53816 1.48562 0.978604 0.977291 0.977354 0.978429 0.978429 0.977354 0.977291 0.978604 1.00517 1.00705 1.00863 1.0083 1.00812 1.00845 1.00691 1.00509 1.00204 1.00433 1.00024 1.00002 1.00002 1.00024 1.00433 1.00204 1.00013 1.00002 1.00003 1.00003 1.00003 1.00003 1.00002 
1.00033 0.999969 0.999995 0.999996 0.999996 0.999995 0.999969 1.00033 1.0087 1.00025 0.999964 0.999995 0.999995 0.999964 1.00025 1.0087 1.02471 1.02641 1.01802 1.01757 1.01757 1.01802 1.02641 1.02471 0.998829 0.998704 0.998691 0.998775 0.998775 0.998691 0.998704 0.998829 1.0001 1.0001 1.00031 1.00031 1.00031 1.00031 1.0001 1.0001 1.00004 1.00002 0.99998 0.999996 0.999996 0.99998 1.00002 1.00004 1.00002 0.999993 0.999996 0.999996 0.999996 0.999996 0.999993 
1.00001 0.999995 1 1 1 1 0.999995 1.00001 1.00012 0.999954 0.999998 1 1 0.999998 0.999954 1.00012 1.00053 1.00045 1.00012 1.00012 1.00012 1.00012 1.00045 1.00053 1.00001 0.999945 0.999974 0.999977 0.999977 0.999974 0.999945 1.00001 1.00001 0.999956 1.00001 1 1 1.00001 0.999956 1.00001 0.999996 0.999955 0.999999 1 1 0.999999 0.999955 0.999996 1.00003 0.999996 1 1 1 1 0.999996 
1.00003 0.999996 1 1 1 1 0.999996 1.00003 0.999987 0.999972 1 1 1 1 0.999972 0.999987 1.00001 0.999954 0.999985 0.999985 0.999985 0.999985 0.999954 1.00001 1.00004 0.99998 1.00001 1.00001 1.00001 1.00001 0.99998 1.00004 1.00003 0.99997 1 0.999998 0.999998 1 0.99997 1.00003 1.00001 0.999972 1 1 1 1 0.999972 1.00001 1.00003 0.999996 1 1 1 1 0.999996 
0 0 0 0 1 1 0.999996 1.00003 0.999987 0.999972 1 1 1 1 0.999972 0.999988 1.00001 0.999954 0.999985 0.999985 0.999984 0.999984 0.999952 1.00001 1.00004 0.99998 1.00001 1.00001 1.00001 1.00001 0.99998 1.00004 1.00003 0.99997 1 0.999998 0.999998 1 0.99997 1.00003 1.00001 0.999972 1 1 1 1 0.999972 1.00001 1.00003 0.999996 1 1 0 0 0 
0 0 0 0 1 1 0.999995 1.00001 1.00012 0.999954 0.999998 1 1 0.999999 0.999953 1.00011 1.00053 1.00045 1.00012 1.00012 1.00012 1.00012 1.00043 1.00051 1.00001 0.999948 0.999977 0.999979 0.999977 0.999974 0.999945 1.00001 1.00001 0.999956 1.00001 1 1 1.00001 0.999956 1.00001 0.999996 0.999955 0.999999 1 1 0.999999 0.999955 0.999996 1.00003 0.999996 1 1 0 0 0 
0 0 0 0 0.999996 0.999995 0.999969 1.00033 1.0087 1.00025 0.999964 0.999995 0.999995 0.999963 1.00024 1.00846 1.02471 1.02641 1.01802 1.01757 1.01743 1.01791 1.02596 1.0242 0.998891 0.998739 0.998724 0.998803 0.998775 0.998691 0.998704 0.998829 1.0001 1.0001 1.00031 1.00031 1.00031 1.00031 1.0001 1.0001 1.00004 1.00002 0.99998 0.999996 0.999996 0.99998 1.00002 1.00004 1.00002 0.999993 0.999996 0.999996 0 0 0 
