0 0 0 0 1.00004 1.00002 1.0002 1.00374 1.03244 1.00183 1.00004 1.00003 1.00003 1.00004 1.00176 1.03268 1.50678 1.54135 1.1047 1.01883 1.01881 1.10455 1.53577 1.49975 1.09878 1.69636 4.25009 4.88039 4.81247 4.18521 1.68135 1.09794 0.966618 0.954106 0.925472 0.931496 0.929107 0.922566 0.952134 0.964489 1.00721 1.00633 1.00069 1.00005 1.00005 1.00069 1.00632 1.00725 1.00127 1.00004 1.00004 1.00005 0 0 0 
0 0 0 0 0.999996 0.999992 0.999986 1.0003 1.00165 1.00004 0.99999 0.999995 0.999995 0.99999 1.00003 1.00161 1.02755 1.02861 1.00306 1.00025 1.00025 1.00306 1.02814 1.02702 1.00599 1.06808 1.53693 1.61716 1.60032 1.52064 1.06578 1.00586 0.996181 0.995579 0.99195 0.992665 0.992541 0.991811 0.995495 0.996083 1.00015 1.00003 0.99998 0.999991 0.999991 0.99998 1.00003 1.00015 1.00005 0.999988 0.999996 0.999996 0 0 0 
0 0 0 0 1 1 0.999992 1.00001 1.00006 0.999946 0.999999 1 1 0.999999 0.999947 1.00006 1.00051 1.00046 1.00001 0.999956 0.999956 1.00001 1.00043 1.00049 1.00027 1.00365 1.05071 1.05629 1.05419 1.04868 1.00349 1.00026 0.999837 0.999739 0.99962 0.999652 0.999641 0.999607 0.99973 0.999829 1.00001 0.99994 0.999997 1 1 0.999997 0.99994 1.00001 1.00004 0.999996 1 1 0 0 0 
0 0 0 0 1 1 0.999996 1.00004 1 0.999955 1 1 1 1 0.999955 1.00001 1.00003 0.999943 0.999991 0.999999 0.999999 0.999991 0.999941 1.00003 1 1.00003 1.002 1.00216 1.00203 1.00188 1.00002 1 1.00008 0.999993 1.00004 1.00004 1.00004 1.00004 0.999993 1.00008 1.00002 0.999956 1 1 1 1 0.999956 1.00002 1.00004 0.999996 1 1 0 0 0 
1.00004 0.999996 1 1 1 1 0.999996 1.00004 1 0.999955 1 1 1 1 0.999955 1 1.00003 0.999941 0.999991 0.999999 0.999999 0.999991 0.999941 1.00003 1 1.00003 1.002 1.00216 1.00216 1.002 1.00003 1 1.00008 0.999993 1.00004 1.00004 1.00004 1.00004 0.999993 1.00008 1.00002 0.999956 1 1 1 1 0.999956 1.00002 1.00004 0.999996 1 1 1 1 0.999996 
1.00001 0.999992 1 1 1 1 0.999992 1.00001 1.00006 0.999946 0.999999 1 1 0.999999 0.999946 1.00006 1.00049 1.00043 1.00001 0.999956 0.999956 1.00001 1.00043 1.00049 1.00027 1.00365 1.05071 1.05629 1.05629 1.05071 1.00365 1.00027 0.999829 0.99973 0.999607 0.999641 0.999641 0.999607 0.99973 0.999829 1.00001 0.99994 0.999997 1 1 0.999997 0.99994 1.00001 1.00004 0.999996 1 1 1 1 0.999996 
1.0003 0.999986 0.999992 0.999996 0.999996 0.999992 0.999986 1.0003 1.00165 1.00004 0.99999 0.999995 0.999995 0.99999 1.00004 1.00165 1.02702 1.02814 1.00306 1.00025 1.00025 1.00306 1.02814 1.02702 1.00599 1.06808 1.53693 1.61716 1.61716 1.53693 1.06808 1.00599 0.996083 0.995495 0.991811 0.992541 0.992541 0.991811 0.995495 0.996083 1.00015 1.00003 0.99998 0.999991 0.999991 0.99998 1.00003 1.00015 1.00005 0.999988 0.999996 0.999996 0.999996 0.999996 0.999988 
1.00374 1.0002 1.00002 1.00004 1.00004 1.00002 1.0002 1.00374 1.03244 1.00183 1.00004 1.00003 1.00003 1.00004 1.00183 1.03244 1.49975 1.53577 1.10455 1.01881 1.01881 1.10455 1.53577 1.49975 1.09878 1.69636 4.25009 4.88039 4.88039 4.25009 1.69636 1.09878 0.964489 0.952134 0.922566 0.929107 0.929107 0.922566 0.952134 0.964489 1.00725 1.00632 1.00069 1.00005 1.00005 1.00069 1.00633 1.00725 1.00127 1.00004 1.00004 1.00005 1.00005 1.00004 1.00004 
1.02322 1.00069 1.00003 1.00001 1.00001 1.00003 1.00065 1.02316 1.36089 1.02676 1.00055 1.00002 1.00001 1.00047 1.02521 1.35222 4.42363 4.79832 2.33179 1.38335 1.38335 2.33179 4.79832 4.42363 2.03825 4.52632 10.2522 12.5219 12.9488 10.5512 4.62636 2.01167 1.39379 1.26817 1.30576 1.31741 1.31741 1.30576 1.26817 1.39379 1.16881 1.18324 1.02645 1.00119 1.00123 1.02693 1.18612 1.16881 1.01032 0.999828 0.999976 1.00002 1.00002 0.999976 0.999828 
0.998837 0.999874 0.999967 0.999957 0.999957 0.999967 0.99987 0.998815 1.01491 1.00001 0.999935 0.999958 0.999959 0.999932 0.99998 1.01485 1.56563 1.60256 1.11347 1.01814 1.01814 1.11347 1.60256 1.56563 1.11052 1.57807 3.21728 3.67208 3.83571 3.38579 1.6251 1.11093 1.043 1.02732 1.03208 1.02932 1.02932 1.03208 1.02732 1.043 1.00386 1.00529 1.00042 0.999941 0.999941 1.00043 1.00545 1.00386 0.999596 0.999944 0.999958 0.999956 0.999956 0.999958 0.999944 
0.999902 1 1 1 1 1 1 0.999901 0.999888 0.999897 1.00001 1 1 1.00001 0.999896 0.999888 1.03769 1.03905 1.00386 1.0002 1.0002 1.00386 1.03905 1.03769 1.00631 1.05821 1.35433 1.40819 1.45755 1.40903 1.06685 1.00663 1.0028 1.00183 1.00245 1.00208 1.00208 1.00245 1.00183 1.0028 0.999943 0.999887 0.999966 0.999997 0.999997 0.999967 0.999888 0.999943 1.00006 1 1 1 1 1 1 
1.00007 0.999999 1 1 1 1 0.999999 1.00007 1.00001 0.999965 1 1 1 1 0.999965 1.00001 1.00114 1.00109 1.00002 0.999959 0.999959 1.00002 1.00109 1.00114 1.00026 1.00298 1.03439 1.03656 1.0429 1.04106 1.00352 1.0003 1.00016 1.00005 1.00017 1.00014 1.00014 1.00017 1.00005 1.00016 1.00003 0.999959 0.999999 1 1 0.999999 0.999959 1.00003 1.00005 0.999996 1 1 1 1 0.999996 
1.00007 0.999999 1 1 1 1 0.999999 1.00007 1.00001 0.999965 1 1 1 1 0.999965 1.00001 1.00103 1.00098 1.00003 0.999959 0.999959 1.00002 1.00109 1.00114 1.0003 1.00352 1.04106 1.0429 1.0429 1.04106 1.00352 1.0003 1.00014 1.00003 1.00015 1.00012 1.00014 1.00017 1.00005 1.00016 1.00003 0.999959 0.999999 1 1 0.999999 0.999959 1.00003 1.00005 0.999996 1 1 1 1 0.999996 
0.999901 1 1 1 1 1 1 0.999901 0.999888 0.999897 1.00001 1 1 1.00001 0.999897 0.999888 1.03596 1.03732 1.00401 1.0002 1.0002 1.00386 1.03905 1.03769 1.00663 1.06685 1.40903 1.45755 1.45755 1.40903 1.06685 1.00663 1.00249 1.00149 1.00219 1.00187 1.00208 1.00245 1.00183 1.0028 0.999945 0.999888 0.999967 0.999997 0.999997 0.999966 0.999887 0.999943 1.00006 1 1 1 1 1 1 
0.998815 0.99987 0.999968 0.999957 0.999957 0.999967 0.99987 0.998815 1.01491 1.00001 0.999935 0.999958 0.999958 0.999935 1.00001 1.01491 1.5525 1.59086 1.11788 1.01929 1.01814 1.11347 1.60256 1.56563 1.11093 1.6251 3.38579 3.83571 3.83571 3.38579 1.6251 1.11093 1.03953 1.02368 1.0295 1.02726 1.02932 1.03208 1.02732 1.043 1.00435 1.00567 1.00044 0.99994 0.999941 1.00042 1.00529 1.00386 0.999596 0.999944 0.999958 0.999956 0.999956 0.999958 0.999945 
1.02316 1.00065 1.00003 1.00001 1.00001 1.00003 1.00065 1.02316 1.36089 1.02676 1.00055 1.00002 1.00002 1.00055 1.02676 1.36089 4.53959 4.95207 2.53629 1.47689 1.38335 2.33179 4.79832 4.42363 2.01167 4.62636 10.5512 12.9488 12.9488 10.5512 4.62636 2.01167 1.41688 1.28139 1.32063 1.33289 1.31741 1.30576 1.26817 1.39379 1.18723 1.19986 1.02922 1.00137 1.00119 1.02645 1.18324 1.16881 1.01032 0.999828 0.999976 1.00002 1.00002 0.999974 0.999808 
1.46764 1.01399 0.998899 0.999986 0.999986 0.998899 1.01399 1.46764 4.6963 1.62635 1.03796 1.00106 1.00106 1.03796 1.62635 4.6963 17.6506 20.348 13.0753 7.95128 7.82937 12.9572 20.348 17.6506 8.69178 14.2053 22.9828 26.9727 26.974 22.9824 14.2101 8.69305 4.49146 3.70068 4.10107 4.12526 3.74821 3.71017 3.55702 4.33133 3.44897 3.45955 1.64276 1.05433 1.05433 1.64276 3.45955 3.44897 1.95856 1.06912 1.00255 1.00004 1.00004 1.00255 1.06912 
1.55094 1.01806 0.998661 0.999888 0.999888 0.998661 1.01806 1.55094 5.17644 1.74263 1.04684 1.00125 1.00125 1.04684 1.74263 5.17644 19.0056 22.0724 10.6356 3.28571 3.29184 10.6709 22.0724 19.0056 3.72041 10.3764 23.0959 29.1588 29.1588 23.0951 10.3799 3.72013 1.46191 1.20288 1.38483 1.44555 1.44633 1.37468 1.19237 1.44412 1.41735 1.35338 1.04661 1.00215 1.00215 1.04661 1.35338 1.41735 1.12019 1.00619 1.0001 0.999936 0.999936 1.0001 1.00619 
1.39404 1.00966 0.998944 0.999948 0.999948 0.998944 1.00966 1.39404 4.20487 1.54703 1.03274 1.00087 1.00087 1.03274 1.54703 4.20487 15.359 17.6178 7.94608 2.19246 2.19892 7.97425 17.6178 15.359 2.15459 7.2257 17.6696 21.9652 21.9646 17.6685 7.227 2.15469 0.978677 0.880156 1.04938 1.10337 1.11366 1.05055 0.875574 0.971502 1.06168 1.04028 1.00344 1.00007 1.00007 1.00344 1.04028 1.06168 1.0074 1.00003 0.999983 1 1 0.999983 1.00003 
1.05778 1.00042 0.999894 1.00001 1.00001 0.999894 1.00042 1.05778 1.92701 1.08517 1.00255 1.00003 1.00003 1.00255 1.08517 1.92701 8.14668 8.94651 3.26289 1.16206 1.16333 3.27126 8.94651 8.14668 1.39381 4.27427 12.4638 15.4263 15.426 12.4633 4.27494 1.39395 0.997164 0.986166 0.998372 1.00053 1.00416 1.00066 0.985853 0.996056 0.959327 0.996288 0.999867 0.999988 0.999988 0.999867 0.996288 0.959327 0.991424 0.999609 1.00003 1 1 1.00003 0.999609 
1.05946 1.00054 0.999908 1.00001 1.00001 0.999894 1.00042 1.05778 1.92701 1.08517 1.00255 1.00003 1.00002 1.00243 1.08379 1.90396 8.14668 8.94651 3.26289 1.16206 1.16206 3.26289 8.97266 8.16414 1.39395 4.27494 12.4633 15.426 15.426 12.4633 4.27494 1.39395 1.00042 0.988918 0.99831 0.999964 1.00053 0.998372 0.986166 0.997164 0.959133 0.995905 0.999837 0.999991 0.999988 0.999867 0.996288 0.959327 0.991302 0.999609 1.00003 1 1 1.00003 0.999617 
1.40367 1.01087 0.999079 0.999955 0.999948 0.998944 1.00966 1.39404 4.20487 1.54703 1.03274 1.00087 1.00079 1.0315 1.53894 4.13328 15.359 17.6178 7.94608 2.19246 2.19246 7.94608 17.5958 15.3156 2.15469 7.227 17.6685 21.9646 21.9646 17.6685 7.227 2.15469 1.00277 0.902122 1.0489 1.09961 1.10337 1.04938 0.880156 0.978677 1.05984 1.03673 1.00311 1.00005 1.00007 1.00344 1.04028 1.06168 1.00616 1.00003 0.999983 1 1 0.99999 1.00013 
1.56393 1.0196 0.998812 0.999897 0.999888 0.998661 1.01806 1.55094 5.17644 1.74263 1.04684 1.00125 1.00114 1.0451 1.732 5.08131 19.0056 22.0724 10.6356 3.28571 3.28571 10.6356 22.0666 18.9741 3.72013 10.3799 23.0951 29.1588 29.1588 23.0951 10.3799 3.72013 1.50568 1.24213 1.38801 1.44468 1.44555 1.38483 1.20288 1.46191 1.41497 1.3482 1.04654 1.00204 1.00215 1.04661 1.35338 1.41735 1.11878 1.00619 1.0001 0.999936 0.999935 1.0001 1.00618 
1.47913 1.01526 0.999024 0.999993 0.999986 0.998899 1.01399 1.46764 4.6963 1.62635 1.03796 1.00106 1.00097 1.03665 1.6191 4.63391 17.6506 20.348 13.0753 7.95128 7.95128 13.0753 20.3375 17.6531 8.69305 14.2101 22.9824 26.974 26.974 22.9824 14.2101 8.69305 5.14227 4.33381 4.20207 4.21957 4.12526 4.10107 3.70068 4.49146 3.80011 3.74268 1.71257 1.06016 1.05433 1.64276 3.45955 3.44897 1.91961 1.06912 1.00255 1.00004 1.00004 1.00266 1.07188 
1.95294 1.05014 1.00061 1.00005 1.00005 1.00065 1.05014 1.95294 8.45797 2.00503 1.0545 1.00128 1.00128 1.0545 2.00253 8.12133 27.1936 31.0305 29.7494 28.8675 28.8675 29.7494 31.0169 27.3011 26.3086 27.8266 31.4944 33.2622 33.3132 31.5886 27.9684 26.4935 26.2495 26.2414 26.1694 26.0385 26.1924 26.3371 26.2224 26.2376 22.5668 20.2943 8.80096 2.39822 2.40863 8.86196 20.2938 22.8635 10.0364 2.29573 1.08571 1.00189 1.00189 1.0856 2.29558 
1.99499 1.05269 1.00055 0.999957 0.999961 1.0006 1.05269 1.99499 8.83934 2.05256 1.05707 1.00124 1.00124 1.05707 2.05032 8.48412 28.7978 33.3146 33.9649 33.909 33.909 33.9649 33.2971 28.9454 32.3521 32.6913 33.8328 34.4971 34.4983 33.8351 32.6753 32.3404 32.7634 33.4272 33.6074 33.614 33.6136 33.6117 33.4119 32.7853 25.6241 23.184 10.0959 2.63342 2.64015 10.1277 23.1806 25.7158 11.4265 2.50364 1.10162 1.00218 1.00218 1.10149 2.5037 
2.00441 1.05334 1.00062 1 1.00001 1.00066 1.05334 2.00441 8.91869 2.06418 1.0579 1.00132 1.00132 1.0579 2.06177 8.55629 29.1468 33.83 34.7802 34.8814 34.8814 34.7802 33.8214 29.3014 34.3198 34.4216 34.7273 34.8907 34.8914 34.7287 34.4204 34.3164 33.9788 34.6603 34.8372 34.86 34.8616 34.8401 34.6552 34.0213 26.3119 23.8538 10.3299 2.66775 2.67439 10.3587 23.852 26.408 11.6919 2.53786 1.10408 1.0023 1.00229 1.10396 2.53793 
2.01937 1.05431 1.00069 1 1.00001 1.00073 1.05431 2.01937 9.01799 2.09093 1.06102 1.00147 1.00147 1.06102 2.08775 8.65413 29.242 33.8969 34.8604 34.9771 34.9771 34.8604 33.8898 29.3944 34.75 34.8608 34.9436 34.9795 34.9796 34.9439 34.8609 34.7471 34.1203 34.8091 34.9655 34.9853 34.9856 34.9663 34.8073 34.1672 26.4326 23.9577 10.3629 2.65784 2.66255 10.3822 23.9563 26.536 11.725 2.5405 1.10423 1.0023 1.0023 1.1041 2.54054 
2.02042 1.05452 1.00073 1.00001 1 1.00073 1.05431 2.01937 8.65413 2.08775 1.06102 1.00147 1.00168 1.06348 2.09785 8.8947 29.3944 33.8898 34.8604 34.9771 34.9779 34.8664 33.8898 29.3944 34.7471 34.8609 34.9439 34.9796 34.9795 34.9436 34.8608 34.75 34.0355 34.8175 34.9676 34.9859 34.9853 34.9655 34.8097 34.1662 26.536 23.9563 10.3822 2.66255 2.65784 10.3629 23.9563 26.5348 11.7234 2.54054 1.1041 1.0023 1.0023 1.10423 2.5405 
2.00541 1.05353 1.00066 1.00001 1 1.00066 1.05334 2.00441 8.55629 2.06177 1.0579 1.00132 1.00156 1.06074 2.07296 8.79605 29.3014 33.8214 34.7802 34.8814 34.8832 34.7886 33.8214 29.3014 34.3164 34.4204 34.7287 34.8914 34.8907 34.7273 34.4216 34.3198 33.899 34.6789 34.8446 34.8641 34.86 34.8372 34.6599 34.0177 26.408 23.852 10.3587 2.67439 2.66775 10.3299 23.852 26.4118 11.6905 2.53793 1.10396 1.00229 1.0023 1.10408 2.53786 
1.99597 1.05288 1.0006 0.999961 0.999957 1.0006 1.05269 1.99499 8.48412 2.05032 1.05707 1.00124 1.00148 1.05991 2.06134 8.7187 28.9454 33.2971 33.9649 33.909 33.8862 33.9522 33.2971 28.9454 32.3404 32.6753 33.8351 34.4983 34.4971 33.8328 32.6913 32.3521 32.7034 33.4439 33.6157 33.612 33.614 33.6074 33.4033 32.7624 25.7158 23.1806 10.1277 2.64015 2.63342 10.0959 23.1806 25.725 11.4253 2.5037 1.10149 1.00218 1.00218 1.10162 2.50364 
1.95387 1.05034 1.00065 1.00005 1.00005 1.00065 1.05014 1.95294 8.12133 2.00253 1.0545 1.00128 1.00151 1.05729 2.01451 8.36351 27.3011 31.0169 29.7494 28.8675 29.4782 30.2802 31.0169 27.3011 26.4935 27.9684 31.5886 33.3132 33.2622 31.4944 27.8266 26.3086 26.5568 26.5927 26.5251 26.3782 26.0385 26.1694 26.4117 26.416 22.8635 20.2938 8.86196 2.40863 2.39822 8.80096 20.2938 22.7472 10.0304 2.29558 1.0856 1.00189 1.00189 1.08571 2.29573 
2.10211 1.05758 1.0012 1.00006 1.00006 1.0012 1.05743 2.1056 8.93179 2.18442 1.06852 1.00133 1.00133 1.06852 2.18172 8.7919 30.2666 33.7405 34.4576 34.5071 34.5075 34.4579 33.7405 30.2666 34.2427 34.6495 34.876 34.9154 34.9179 34.8792 34.6498 34.2438 32.7737 34.0137 34.1697 34.1316 34.0672 34.105 33.9217 32.8577 25.9063 22.7546 10.5497 2.93291 2.93288 10.5499 22.7546 25.9048 12.2757 2.80529 1.17482 1.00852 1.00852 1.17482 2.80529 
2.06078 1.05423 1.00107 0.999969 0.999969 1.00107 1.05391 2.06078 8.81206 2.13976 1.06357 1.00103 1.00103 1.06357 2.13713 8.6776 30.2577 33.8817 34.7767 34.9025 34.9025 34.778 33.8817 30.2577 34.6592 34.8717 34.9469 34.9619 34.9612 34.9466 34.8715 34.6584 33.6054 34.6219 34.8203 34.8365 34.8299 34.8102 34.6632 33.7384 26.7789 23.2045 10.7183 2.97543 2.97543 10.7186 23.2045 26.779 12.6697 2.8721 1.18374 1.00907 1.00907 1.18374 2.8721 
2.0595 1.05437 1.00112 1.00002 1.00002 1.00112 1.05405 2.05943 8.79886 2.13552 1.06326 1.00108 1.00108 1.06326 2.133 8.66477 30.2683 33.9122 34.832 34.9727 34.9726 34.832 33.9122 30.2683 34.781 34.9475 34.986 34.9927 34.9927 34.9861 34.9475 34.7804 33.7504 34.7872 34.965 34.9834 34.9813 34.963 34.8151 33.8778 26.9185 23.2763 10.7137 2.97092 2.971 10.7143 23.2763 26.9175 12.7164 2.87547 1.18368 1.00909 1.00909 1.18368 2.87547 
2.05684 1.05424 1.00108 1.00001 1.00001 1.00108 1.05404 2.05717 8.78771 2.13162 1.06323 1.00112 1.00112 1.06323 2.12948 8.65734 30.2704 33.932 34.8464 34.9801 34.98 34.8464 33.932 30.2704 34.812 34.965 34.9943 34.9984 34.9984 34.9944 34.9649 34.8114 33.859 34.8239 34.9815 34.9972 34.997 34.9818 34.8403 33.9622 27.1528 23.4686 10.566 2.89062 2.89046 10.5655 23.4686 27.1553 12.6891 2.83549 1.17066 1.0078 1.0078 1.17066 2.83549 
2.05717 1.05404 1.00103 1.00001 1.00001 1.00108 1.05404 2.05717 8.65734 2.12948 1.06286 1.00107 1.00112 1.06323 2.13162 8.78771 30.1239 33.9292 34.8464 34.98 34.98 34.8464 33.932 30.2704 34.8114 34.9649 34.9944 34.9984 34.9984 34.9943 34.965 34.812 33.9072 34.8358 34.9811 34.9968 34.9972 34.9815 34.8239 33.859 27.5017 23.7398 10.3519 2.78946 2.78946 10.3519 23.7398 27.5017 12.6891 2.83549 1.17066 1.0078 1.00748 1.16708 2.8149 
2.05943 1.05405 1.00106 1.00001 1.00002 1.00112 1.05405 2.05943 8.66477 2.133 1.06282 1.00102 1.00108 1.06326 2.13552 8.79886 30.1231 33.9058 34.832 34.9726 34.9726 34.832 33.9122 30.2683 34.7804 34.9475 34.9861 34.9927 34.9927 34.986 34.9475 34.781 33.8115 34.8064 34.9611 34.9805 34.9834 34.965 34.7872 33.7504 27.3441 23.672 10.3999 2.83935 2.83935 10.3999 23.672 27.3441 12.7164 2.87547 1.18368 1.00909 1.00866 1.17909 2.84894 
2.06078 1.05391 1.001 0.999964 0.999969 1.00107 1.05391 2.06078 8.6776 2.13713 1.06309 1.00097 1.00103 1.06357 2.13976 8.81206 30.1132 33.8751 34.778 34.9025 34.9025 34.778 33.8817 30.2577 34.6584 34.8715 34.9466 34.9612 34.9619 34.9469 34.8717 34.6592 33.6683 34.6454 34.8014 34.8231 34.8365 34.8203 34.6219 33.6054 27.2088 23.6083 10.3969 2.84216 2.84216 10.3969 23.6083 27.2088 12.6697 2.8721 1.18374 1.00907 1.00864 1.17913 2.84536 
2.1056 1.05743 1.00114 1.00005 1.00006 1.0012 1.05743 2.1056 8.7919 2.18172 1.06802 1.00126 1.00133 1.06852 2.18442 8.93179 30.1648 33.7571 34.4579 34.5075 34.5075 34.4579 33.7405 30.2666 34.2438 34.6498 34.8792 34.9179 34.9154 34.876 34.6495 34.2427 32.8018 33.9532 34.1478 34.1135 34.1316 34.1697 34.0137 32.7737 26.2245 23.1036 10.2829 2.81465 2.81465 10.2829 23.1036 26.2245 12.2757 2.80529 1.17482 1.00852 1.00814 1.17079 2.78196 
3.12195 1.18232 1.00617 1.00012 1.00012 1.00617 1.18232 3.12195 10.7784 3.16897 1.19458 1.00931 1.00931 1.19458 3.16897 10.7784 31.6723 34.1324 34.8192 34.9034 34.9034 34.8192 34.1324 31.6723 33.966 34.5887 34.6724 34.6198 34.6198 34.6724 34.5887 33.966 31.0173 33.7417 34.0114 33.9488 33.9264 33.9462 33.5944 31.3102 20.8559 21.2003 10.923 3.36503 3.36503 10.923 21.2003 20.4963 10.2185 2.73249 1.20441 1.01232 1.01172 1.19865 2.70362 
2.26196 1.09042 1.00307 1.00001 1.00001 1.00307 1.09042 2.26196 8.50307 2.30337 1.09594 1.00419 1.00419 1.09594 2.30337 8.50307 31.6194 34.1958 34.8823 34.966 34.966 34.8823 34.1958 31.6194 34.5331 34.854 34.9053 34.9034 34.9034 34.9053 34.854 34.5331 32.8667 34.6125 34.8164 34.8216 34.8254 34.82 34.6121 33.174 24.6777 22.2045 11.4743 3.59976 3.59976 11.4743 22.2045 24.4783 12.543 3.25913 1.27298 1.01729 1.01642 1.26461 3.2128 
2.15544 1.08141 1.00282 1.00005 1.00005 1.00282 1.08141 2.15544 8.16207 2.21542 1.08857 1.00394 1.00394 1.08857 2.21542 8.16207 31.6057 34.2159 34.9037 34.9863 34.9863 34.9037 34.2159 31.6057 34.7089 34.9432 34.9789 34.9832 34.9832 34.9789 34.9432 34.7089 33.2299 34.7751 34.9634 34.9805 34.9821 34.9658 34.7739 33.5275 25.5516 22.4691 11.4827 3.5969 3.5969 11.4827 22.4691 25.3579 12.9696 3.3365 1.28104 1.01779 1.01691 1.27255 3.29007 
2.1642 1.07923 1.0026 1.00004 1.00004 1.0026 1.07923 2.1642 8.29022 2.23998 1.09002 1.00375 1.00375 1.09002 2.23998 8.29022 31.6134 34.2156 34.9051 34.989 34.989 34.9051 34.2156 31.6134 34.7495 34.9611 34.9932 34.9971 34.9971 34.9932 34.9611 34.7495 33.3878 34.8021 34.9811 34.997 34.9973 34.9813 34.7968 33.6456 25.847 22.7338 11.2081 3.39944 3.39944 11.2081 22.7338 25.6868 12.9497 3.21798 1.25301 1.01457 1.01393 1.2465 3.18129 
2.15476 1.07923 1.0027 1.00005 1.00004 1.0026 1.07923 2.1642 8.29022 2.23998 1.09002 1.00375 1.00451 1.09696 2.2487 8.44373 31.6134 34.2156 34.9064 34.9897 34.989 34.9051 34.2122 31.7601 34.7438 34.9607 34.9931 34.9971 34.9971 34.9932 34.9611 34.7495 33.6456 34.7968 34.9813 34.9973 34.997 34.9811 34.8021 33.3878 25.6868 22.4894 11.3745 3.49586 3.49572 11.3741 22.4894 25.6868 12.9497 3.21798 1.25301 1.01457 1.01457 1.25301 3.21798 
2.14255 1.08134 1.00294 1.00007 1.00005 1.00282 1.08141 2.15544 8.16207 2.21542 1.08857 1.00394 1.00494 1.09724 2.22628 8.31987 31.6057 34.2159 34.9049 34.9871 34.9863 34.9037 34.2123 31.751 34.6995 34.9425 34.9788 34.9832 34.9832 34.9789 34.9432 34.7089 33.5275 34.7739 34.9658 34.9821 34.9805 34.9634 34.7751 33.2299 25.3579 22.1313 11.7005 3.72954 3.7297 11.7014 22.1313 25.3579 12.9696 3.3365 1.28104 1.01779 1.01779 1.28104 3.3365 
2.2486 1.09031 1.00319 1.00002 1.00001 1.00307 1.09042 2.26196 8.50307 2.30337 1.09594 1.00419 1.00518 1.10482 2.31413 8.65601 31.6194 34.1958 34.8842 34.9673 34.966 34.8823 34.1916 31.7595 34.5252 34.854 34.9056 34.9038 34.9034 34.9053 34.854 34.5331 33.174 34.6121 34.82 34.8254 34.8216 34.8164 34.6125 32.8667 24.4783 21.8798 11.6863 3.73248 3.73269 11.6877 21.8798 24.4783 12.543 3.25913 1.27298 1.01729 1.01729 1.27298 3.25913 
3.12553 1.18359 1.00634 1.00013 1.00012 1.00617 1.18232 3.12195 10.7784 3.16897 1.19458 1.00931 1.01087 1.20889 3.19045 10.9623 31.6723 34.1324 34.8215 34.9016 34.9034 34.8192 34.126 31.7842 33.9333 34.5714 34.6559 34.5981 34.6198 34.6724 34.5887 33.966 31.3102 33.5944 33.9462 33.9264 33.9488 34.0114 33.7417 31.0173 20.4963 20.919 11.0481 3.46918 3.46931 11.0482 20.919 20.4963 10.2185 2.73249 1.20441 1.01232 1.01232 1.20441 2.73249 
7.61952 1.94501 1.05707 1.00115 1.00115 1.05734 1.94922 7.64675 19.542 7.49892 1.99196 1.07891 1.07891 1.99196 7.47671 19.542 31.4361 33.8205 34.2657 34.3144 34.3144 34.2657 33.846 31.4818 27.0823 27.7586 28.1821 28.3689 28.3689 28.1821 27.7586 27.0823 22.9632 26.7908 26.6837 26.792 26.6037 26.4866 26.5979 22.7949 11.173 17.6211 7.75638 2.07155 2.0869 7.82687 17.6211 11.173 3.09472 1.20145 1.00902 1.00018 1.00018 1.00902 1.20145 
8.61005 2.10827 1.06911 1.00133 1.00133 1.06932 2.11096 8.61867 21.8291 8.54912 2.17781 1.09791 1.09791 2.17781 8.53862 21.8291 33.4733 34.71 34.8993 34.9197 34.9197 34.8993 34.708 33.462 31.4316 32.4526 32.7048 32.956 32.956 32.7048 32.4526 31.4316 26.3626 32.3908 33.3214 33.4725 33.4855 33.3332 32.3966 26.3702 10.338 19.5364 8.21931 2.16135 2.16266 8.22877 19.5364 10.338 2.35379 1.09618 1.00224 0.999934 0.999934 1.00224 1.09618 
8.83022 2.13886 1.07107 1.00142 1.00142 1.07127 2.14169 8.84072 22.3546 8.76588 2.20693 1.10024 1.10024 2.20693 8.75254 22.3546 33.8933 34.8419 34.9782 34.9916 34.9916 34.9782 34.8435 33.8908 32.8817 34.2564 34.4579 34.5578 34.5578 34.4579 34.2564 32.8817 26.937 33.5156 34.6622 34.8033 34.8028 34.6601 33.5121 26.9441 10.2408 19.843 8.28093 2.17372 2.17477 8.29051 19.843 10.2408 2.26456 1.08618 1.00184 0.999986 0.999986 1.00184 1.08618 
8.83083 2.1301 1.0697 1.00138 1.00138 1.06983 2.13167 8.83382 22.4454 8.79189 2.20347 1.09624 1.09624 2.20347 8.77282 22.4454 33.9401 34.8467 34.9851 34.9983 34.9983 34.9851 34.8486 33.9411 33.2185 34.6907 34.8785 34.9188 34.9188 34.8785 34.6907 33.2185 27.0657 33.6807 34.8347 34.9647 34.9642 34.8324 33.6757 27.0712 10.3937 19.9436 8.34837 2.18563 2.18661 8.35585 19.9436 10.3937 2.32654 1.0934 1.00212 0.999986 0.999986 1.00212 1.0934 
8.83382 2.13167 1.06983 1.00138 1.00138 1.06983 2.1301 8.83083 22.3526 8.79189 2.19584 1.0939 1.09624 2.20347 8.79189 22.3526 33.9401 34.8467 34.9851 34.9983 34.9981 34.9844 34.8467 33.9401 33.2256 34.6882 34.8781 34.9187 34.9188 34.8785 34.6907 33.2185 27.0712 33.6757 34.8324 34.9642 34.9642 34.8324 33.6757 27.0712 10.5271 19.9413 8.34837 2.18563 2.18563 8.34837 19.9413 10.5271 2.32654 1.0934 1.00212 0.999986 0.999986 1.00213 1.09368 
8.84072 2.14169 1.07127 1.00142 1.00142 1.07127 2.13886 8.83022 22.2649 8.76588 2.19428 1.09703 1.10024 2.20693 8.76588 22.2649 33.8933 34.8419 34.9782 34.9916 34.9913 34.9774 34.8419 33.8933 32.8863 34.2527 34.4572 34.5576 34.5578 34.4579 34.2564 32.8817 26.9441 33.5121 34.6601 34.8028 34.8028 34.6601 33.5121 26.9441 10.3736 19.8433 8.28093 2.17372 2.17372 8.28093 19.8433 10.3736 2.26456 1.08618 1.00184 0.999986 0.999986 1.00186 1.08653 
8.61867 2.11096 1.06932 1.00133 1.00133 1.06932 2.10827 8.61005 21.7397 8.54912 2.16475 1.09471 1.09791 2.17781 8.54912 21.7397 33.4733 34.71 34.8993 34.9197 34.9203 34.8994 34.71 33.4733 31.4381 32.4549 32.7088 32.9609 32.956 32.7048 32.4526 31.4316 26.3702 32.3966 33.3332 33.4855 33.4855 33.3332 32.3966 26.3702 10.4568 19.5404 8.21931 2.16135 2.16135 8.21931 19.5404 10.4568 2.35379 1.09618 1.00224 0.999934 0.999934 1.00225 1.09638 
7.64675 1.94922 1.05734 1.00115 1.00115 1.05734 1.94501 7.61952 19.4907 7.49892 1.98343 1.07652 1.07891 1.99196 7.49892 19.4907 31.4361 33.8205 34.2657 34.3144 34.2583 34.2085 33.8205 31.4361 26.8841 27.5522 27.9774 28.1766 28.3689 28.1821 27.7586 27.0823 22.7949 26.5979 26.4866 26.6037 26.6037 26.4866 26.5979 22.7949 11.0853 17.4728 7.75638 2.07155 2.07155 7.75638 17.4728 11.0853 3.09472 1.20145 1.00902 1.00018 1.00016 1.00846 1.19504 
7.92333 2.03455 1.07212 1.00195 1.00195 1.07207 2.02438 7.88105 19.1994 7.83526 2.05029 1.08449 1.08254 2.04143 7.83526 19.1994 24.8937 28.9053 29.995 30.1139 30.1508 30.0428 28.7964 24.6829 7.02807 7.69623 7.57504 7.43755 7.25336 7.37228 7.49445 6.84493 4.33322 4.8031 4.68625 4.62097 4.62097 4.68625 4.8031 4.33322 2.85961 5.20003 2.06281 1.07505 1.07505 2.06281 5.20003 2.85961 1.16884 1.0059 1.00004 1.00001 1.00001 1.00003 1.00594 
8.95159 2.20929 1.08758 1.00236 1.00236 1.08752 2.19888 8.92987 21.5956 8.92134 2.2516 1.10387 1.10114 2.2367 8.92134 21.5956 27.6241 33.0113 33.7737 33.8547 33.8647 33.7905 33.0266 27.4752 2.60258 2.81099 2.75524 2.62781 2.63243 2.76113 2.81731 2.60786 1.60855 1.79345 1.72359 1.64102 1.64102 1.72359 1.79345 1.60855 1.20383 1.59035 1.08156 1.00295 1.00295 1.08156 1.59035 1.20383 1.0158 1.00046 0.999914 0.99995 0.99995 0.999915 1.00045 
9.11012 2.22917 1.08876 1.00243 1.00243 1.0887 2.21837 9.08636 22.1671 9.10062 2.27317 1.10522 1.10248 2.25855 9.10062 22.1671 28.127 33.9305 34.721 34.7944 34.7965 34.7244 33.9259 27.9562 1.22878 1.26404 1.24599 1.21506 1.21507 1.24599 1.26404 1.22879 1.0842 1.11773 1.11943 1.10295 1.10295 1.11943 1.11773 1.0842 1.01715 1.03487 1.00273 0.999956 0.999956 1.00273 1.03487 1.01715 1.00345 1.00005 0.999982 1 1 0.999982 1.00005 
8.96229 2.18637 1.08297 1.00218 1.00218 1.08292 2.17797 8.94799 22.0539 9.02548 2.23665 1.09746 1.0955 2.22744 9.02548 22.0539 28.0974 33.9179 34.7095 34.7921 34.793 34.7111 33.9146 27.9305 1.30385 1.2926 1.28993 1.2822 1.2822 1.28993 1.29259 1.3039 1.3692 1.40468 1.40685 1.40785 1.40785 1.40685 1.40468 1.3692 1.0105 1.0021 1.00081 1 1 1.00081 1.0021 1.0105 0.998926 0.999876 0.999995 1 1 0.999995 0.999877 
8.94799 2.17797 1.08292 1.00218 1.00218 1.08292 2.17797 8.94799 22.0915 9.05024 2.23665 1.09746 1.09746 2.23665 9.05024 22.0915 27.9305 33.9146 34.7111 34.793 34.793 34.7111 33.9146 27.9305 1.3039 1.29259 1.28993 1.2822 1.2822 1.28993 1.29259 1.3039 1.36918 1.40466 1.4069 1.40785 1.40785 1.40685 1.40468 1.3692 1.0105 1.0021 1.00081 1 1 1.00077 1.00178 1.01052 0.998928 0.999877 0.999995 1 1 0.999995 0.999876 
9.08636 2.21837 1.0887 1.00243 1.00243 1.0887 2.21837 9.08636 22.1986 9.14712 2.27317 1.10522 1.10522 2.27317 9.14712 22.1986 27.9562 33.9259 34.7244 34.7965 34.7965 34.7244 33.9259 27.9562 1.22879 1.26404 1.24599 1.21507 1.21507 1.24599 1.26404 1.22879 1.08419 1.11775 1.11943 1.10298 1.10295 1.11943 1.11773 1.0842 1.01715 1.03487 1.00273 0.999956 0.999957 1.00281 1.03643 1.01717 1.00345 1.00005 0.999982 1 1 0.999982 1.00005 
8.92987 2.19888 1.08752 1.00236 1.00236 1.08752 2.19888 8.92987 21.6288 8.96667 2.2516 1.10387 1.10387 2.2516 8.96667 21.6288 27.4752 33.0266 33.7905 33.8647 33.8647 33.7905 33.0266 27.4752 2.60786 2.81731 2.76113 2.63243 2.63243 2.76113 2.81731 2.60786 1.61003 1.79723 1.72211 1.64429 1.64102 1.72359 1.79345 1.60855 1.20383 1.59035 1.08156 1.00295 1.00299 1.08256 1.6113 1.20253 1.01586 1.00045 0.999915 0.99995 0.99995 0.999914 1.00046 
7.88105 2.02438 1.07207 1.00195 1.00195 1.07207 2.02438 7.88105 19.0737 7.83067 2.05029 1.08449 1.08449 2.05029 7.83067 19.0737 24.6829 28.7964 30.0428 30.1508 30.1508 30.0428 28.7964 24.6829 6.84493 7.49445 7.37228 7.25336 7.25336 7.37228 7.49445 6.84493 4.2125 4.639 4.94744 4.47326 4.62097 4.68625 4.8031 4.33322 2.85961 5.20003 2.06281 1.07505 1.07496 2.03933 5.31611 2.78994 1.17193 1.00594 1.00003 1.00001 1.00001 1.00004 1.0059 
1.58074 1.03978 1.00141 1 1 1.00141 1.03886 1.56289 4.67814 1.7652 1.06298 1.0024 1.00218 1.05925 1.764 4.68813 8.53842 9.97672 10.3406 10.3243 10.4454 10.4578 10.2205 8.71165 1.38374 1.41834 1.42101 1.42881 1.42881 1.42101 1.41834 1.38374 1.41114 1.4894 1.44017 1.39694 1.41428 1.46308 1.4894 1.41114 1.12052 1.44971 1.05354 1.00214 1.00222 1.0565 1.44971 1.12174 1.00261 0.999954 1 1.00002 1.00002 1 0.999954 
1.04374 1.00203 1 0.999945 0.999945 1 1.00208 1.04367 1.49979 1.05405 1.00216 0.99995 0.999953 1.0022 1.05487 1.50822 2.33822 2.65157 2.67698 2.61818 2.5946 2.64692 2.61637 2.31062 1.0404 1.04222 1.04469 1.04545 1.04545 1.04469 1.04222 1.0404 1.02076 1.02512 1.01263 1.00896 1.01051 1.01485 1.02512 1.02076 1.00312 1.01759 1.00125 0.999937 0.999936 1.00125 1.01759 1.00314 0.999856 0.999943 0.999957 0.999957 0.999957 0.999957 0.999943 
1.00153 0.999999 0.999987 1 1 0.999987 1 1.00153 1.02691 1.00146 0.999953 0.999987 0.999987 0.999955 1.00147 1.02734 1.10884 1.14383 1.15517 1.14232 1.13903 1.15097 1.14033 1.10641 1.00493 1.00588 1.0054 1.00409 1.00409 1.0054 1.00588 1.00493 1.00032 1.00022 0.999175 0.999166 0.999285 0.999339 1.00022 1.00032 1.00002 1.00015 0.999983 0.999994 0.999994 0.999983 1.00015 1.00002 1.00005 1 1 1 1 1 1 
1.00004 0.999982 1 1 1 1 0.999982 1.00004 1.00043 0.999926 0.99999 1 1 0.99999 0.999926 1.00045 1.00383 1.00564 1.00705 1.00611 1.00584 1.00671 1.00538 1.00367 1.00026 1.00019 1.00024 1.0002 1.0002 1.00024 1.00019 1.00026 1.00004 0.999971 0.999963 0.999966 0.999973 0.999973 0.999971 1.00004 1.00001 0.999924 0.999996 1 1 0.999996 0.999924 1.00001 1.00005 0.999996 1 1 1 1 0.999996 
1.00004 0.999982 1 1 1 1 0.999982 1.00004 1.00045 0.999926 0.99999 1 1 0.99999 0.999926 1.00045 1.00383 1.00564 1.00705 1.00611 1.00611 1.00705 1.00564 1.00383 1.00026 1.00019 1.00024 1.0002 1.0002 1.00024 1.00019 1.00026 1.00004 0.999971 0.999963 0.999966 0.999966 0.999963 0.999971 1.00004 1.00001 0.999924 0.999996 1 1 0.999996 0.999924 1.00001 1.00005 0.999996 1 1 1 1 0.999996 
1.00153 1 0.999987 1 1 0.999987 0.999999 1.00153 1.02734 1.00147 0.999955 0.999987 0.999987 0.999955 1.00147 1.02734 1.10884 1.14383 1.15517 1.14232 1.14232 1.15517 1.14383 1.10884 1.0049 1.00589 1.00537 1.00409 1.00409 1.0054 1.00588 1.00493 1.00032 1.00022 0.999175 0.999166 0.999166 0.999175 1.00022 1.00032 1.00002 1.00015 0.999982 0.999994 0.999994 0.999982 1.00015 1.00002 1.00005 1 1 1 1 1 1 
1.04367 1.00208 1.00001 0.999944 0.999945 1 1.00203 1.04374 1.50822 1.05487 1.0022 0.999953 0.999953 1.0022 1.05487 1.50822 2.33822 2.65157 2.67698 2.61818 2.61818 2.67698 2.65157 2.33822 1.04046 1.04224 1.04477 1.04549 1.04545 1.04469 1.04222 1.0404 1.02046 1.02451 1.01198 1.00848 1.00896 1.01263 1.02512 1.02076 1.00306 1.01735 1.00124 0.999935 0.999935 1.00124 1.01735 1.00306 0.999856 0.999943 0.999957 0.999957 0.999957 0.999957 0.999943 
1.56289 1.03886 1.00137 1 1 1.00141 1.03978 1.58074 4.68813 1.764 1.05925 1.00218 1.00218 1.05925 1.764 4.68813 8.53842 9.97672 10.3406 10.3243 10.3243 10.3406 9.97672 8.53842 1.38434 1.41903 1.4217 1.42937 1.42881 1.42101 1.41834 1.38374 1.40769 1.48663 1.43658 1.39349 1.39694 1.44017 1.4894 1.41114 1.11772 1.43708 1.05475 1.00213 1.00213 1.05475 1.43708 1.11772 1.00261 0.999954 1 1.00002 1.00002 1 0.999954 
1.04514 1.00205 1.00009 1.00003 1.00003 1.00009 1.00205 1.04514 1.50512 1.05571 1.00256 1.00007 1.00007 1.00256 1.05571 1.50512 2.00011 2.18401 2.13151 2.1504 2.1504 2.13151 2.18401 2.00011 0.999424 1.00156 1.00038 0.997807 0.997807 1.00038 1.00156 0.999424 1.02444 1.03716 1.04225 1.0363 1.03619 1.04208 1.03706 1.02441 1.00567 1.01582 1.00154 1.00005 1.00005 1.00154 1.01582 1.00567 1.00035 1.00002 1.00004 1.00004 1.00004 1.00004 1.00002 
1.00208 1.00002 0.99998 0.999995 0.999995 0.99998 1.00002 1.00208 1.03053 1.0019 1 0.999978 0.999978 1 1.0019 1.03053 1.08627 1.10232 1.08678 1.08491 1.08491 1.08678 1.10232 1.08627 0.998174 0.997995 0.997994 0.998141 0.998141 0.997994 0.997995 0.998174 1.00061 1.00108 1.00212 1.00187 1.00187 1.00212 1.00108 1.00061 1.00015 1.00021 0.999987 0.999988 0.999988 0.999987 1.00021 1.00015 1.00003 0.999988 0.999996 0.999996 0.999996 0.999996 0.999988 
1.00009 0.999981 0.999999 1 1 0.999999 0.999981 1.00009 1.00077 0.999961 0.999986 1 1 0.999986 0.999961 1.00077 1.00322 1.00347 1.00206 1.00208 1.00208 1.00206 1.00347 1.00322 0.999936 0.999832 0.999879 0.999896 0.999896 0.999879 0.999832 0.999936 1.00003 0.999964 1.00007 1.00007 1.00007 1.00007 0.999964 1.00003 0.99998 0.999917 0.999993 1 1 0.999993 0.999917 0.99998 1.00004 0.999996 1 1 1 1 0.999996 
1.00003 0.999995 1 1 1 1 0.999995 1.00003 0.999988 0.999947 1 1 1 1 0.999947 0.999988 1.00009 1.00001 1.00002 1.00002 1.00002 1.00002 1.00001 1.00009 1.00007 0.999983 1.00003 1.00003 1.00003 1.00003 0.999983 1.00007 1.00004 0.999948 0.999988 0.999986 0.999986 0.999988 0.999948 1.00004 1.00001 0.999954 1 1 1 1 0.999954 1.00001 1.00004 0.999996 1 1 1 1 0.999996 
0 0 0 0 1 1 0.999995 1.00003 0.99999 0.999947 1 1 1 1 0.999947 0.999988 1.00009 1.00001 1.00002 1.00002 1.00001 1.00002 1.00001 1.00009 1.00007 0.999982 1.00003 1.00003 1.00003 1.00003 0.999983 1.00007 1.00004 0.999948 0.999988 0.999986 0.999986 0.999988 0.999948 1.00004 1.00001 0.999955 1 1 1 1 0.999954 1.00001 1.00004 0.999996 1 1 0 0 0 
0 0 0 0 1 0.999999 0.999981 1.00009 1.0008 0.999966 0.999986 1 1 0.999986 0.999961 1.00077 1.00322 1.00347 1.00206 1.00208 1.00202 1.00201 1.00336 1.00312 0.999943 0.999838 0.999885 0.999901 0.999896 0.999879 0.999832 0.999936 1.00003 0.999964 1.00007 1.00007 1.00007 1.00007 0.999964 1.00003 0.99998 0.999916 0.999994 1 1 0.999993 0.999917 0.99998 1.00004 0.999996 1 1 0 0 0 
0 0 0 0 0.999995 0.99998 1.00002 1.00208 1.03105 1.00196 1 0.999978 0.999978 1 1.0019 1.03053 1.08627 1.10232 1.08678 1.08491 1.08415 1.08626 1.10136 1.08534 0.998269 0.997991 0.997994 0.998145 0.998141 0.997994 0.997995 0.998174 1.00061 1.00108 1.00212 1.00187 1.00187 1.00212 1.00108 1.00061 1.00014 1.0002 0.999986 0.999988 0.999988 0.999987 1.00021 1.00015 1.00003 0.999988 0.999996 0.999996 0 0 0 
