0 0 0 0 1.00005 1.00004 1.00001 1.00048 1.01263 1.00119 1.00006 1.00004 1.00004 1.00006 1.00123 1.01302 1.03845 1.01927 1.01167 1.01395 1.01381 1.01164 1.0193 1.0385 1.35657 1.15142 1.07642 1.08402 1.08468 1.07787 1.15113 1.35359 1.83145 2.08347 2.05242 1.97853 1.97271 2.04488 2.06681 1.81858 1.70691 1.55878 1.08572 1.00407 1.00407 1.08522 1.5544 1.70253 1.08457 1.00287 1.00007 1.00003 0 0 0 
0 0 0 0 0.999996 0.999996 0.999989 1.00003 1.00022 0.999921 0.999991 0.999996 0.999996 0.999991 0.999923 1.00023 1.00121 1.00024 1.00012 1.00018 1.00017 1.00012 1.00024 1.00121 1.02874 1.01762 1.00815 1.00726 1.00716 1.00804 1.01729 1.02811 1.05836 1.09198 1.08768 1.07344 1.07465 1.08917 1.09293 1.05887 1.0398 1.02947 1.0024 0.999972 0.999972 1.00239 1.02933 1.03958 1.0036 1.00004 0.999974 0.999996 0 0 0 
0 0 0 0 1 1 0.999996 1.00004 0.999978 0.999944 1 1 1 1 0.999944 0.999979 1.00003 0.999898 0.999961 0.999951 0.99995 0.999961 0.999898 1.00003 1.00145 1.00106 1.00052 1.00041 1.0004 1.0005 1.00103 1.00141 1.00139 1.00301 1.00347 1.00243 1.00252 1.0036 1.0031 1.00143 1.00076 1.00045 0.999997 0.999983 0.999983 0.999997 1.00045 1.00076 1.00009 0.999982 0.999999 1 0 0 0 
0 0 0 0 1 1 0.999996 1.00005 1.00002 0.999952 1 1 1 1 0.999951 1.00002 1.00004 0.999948 0.999999 0.999999 0.999999 0.999999 0.999948 1.00004 1.00005 0.999941 0.999957 0.999951 0.999951 0.999957 0.99994 1.00005 1.00005 0.999995 1.00006 1.00003 1.00004 1.00007 1 1.00005 0.999987 0.999912 0.999991 1 1 0.999991 0.999912 0.999986 1.00003 0.999996 1 1 0 0 0 
1.00005 0.999996 1 1 1 1 0.999996 1.00005 1.00002 0.999952 1 1 1 1 0.999952 1.00002 1.00004 0.999948 0.999999 0.999999 0.999999 0.999999 0.999948 1.00004 1.00005 0.999941 0.999957 0.999951 0.999951 0.999957 0.999941 1.00005 1.00005 1 1.00007 1.00004 1.00004 1.00007 1 1.00005 0.999987 0.999912 0.999991 1 1 0.999991 0.999912 0.999987 1.00003 0.999996 1 1 1 1 0.999996 
1.00004 0.999996 1 1 1 1 0.999996 1.00004 0.999978 0.999944 1 1 1 1 0.999944 0.999978 1.00003 0.999898 0.999961 0.99995 0.999951 0.999961 0.999898 1.00003 1.00145 1.00106 1.00052 1.00041 1.00041 1.00052 1.00106 1.00145 1.00143 1.0031 1.0036 1.00252 1.00252 1.0036 1.0031 1.00143 1.00076 1.00045 0.999997 0.999983 0.999983 0.999997 1.00045 1.00076 1.00009 0.999982 0.999999 1 1 0.999999 0.999982 
1.00003 0.999989 0.999996 0.999996 0.999996 0.999996 0.999989 1.00003 1.00022 0.999921 0.999991 0.999996 0.999996 0.999991 0.999921 1.00022 1.00121 1.00024 1.00012 1.00017 1.00018 1.00012 1.00024 1.00121 1.02874 1.01762 1.00815 1.00726 1.00726 1.00815 1.01762 1.02874 1.05887 1.09293 1.08917 1.07465 1.07465 1.08917 1.09293 1.05887 1.0398 1.02947 1.0024 0.999972 0.999972 1.0024 1.02947 1.0398 1.0036 1.00004 0.999974 0.999996 0.999996 0.999974 1.00004 
1.00048 1.00001 1.00004 1.00005 1.00005 1.00004 1.00001 1.00048 1.01263 1.00119 1.00006 1.00004 1.00004 1.00006 1.00119 1.01263 1.03845 1.01927 1.01164 1.01381 1.01395 1.01167 1.01927 1.03845 1.35657 1.15142 1.07642 1.08402 1.08402 1.07642 1.15142 1.35657 1.81858 2.06681 2.04488 1.97271 1.97271 2.04488 2.06681 1.81858 1.70691 1.55878 1.08572 1.00407 1.00407 1.08572 1.55878 1.70691 1.08457 1.00287 1.00007 1.00003 1.00003 1.00007 1.00287 
1.02314 1.00068 0.999977 1.00001 1.00001 0.999976 1.00068 1.02314 1.23523 1.02957 1.00138 1 1 1.00143 1.02957 1.23523 1.75434 1.51814 1.38304 1.40982 1.38739 1.35974 1.49255 1.73751 4.04248 2.10945 1.74325 1.8498 1.81328 1.69542 2.08348 4.08317 7.71929 8.76789 8.79844 8.59539 8.59539 8.79844 8.76789 7.71929 6.02558 5.23945 2.30759 1.13366 1.13905 2.30759 5.29714 6.08176 2.37704 1.09919 1.00351 1.00002 1.00002 1.00351 1.09926 
1.00145 0.999949 0.999943 0.999951 0.999951 0.999943 0.999949 1.00145 1.01502 1.00124 0.999948 0.999941 0.999941 0.999947 1.00124 1.01502 1.0419 1.02161 1.0129 1.01497 1.01474 1.01266 1.0218 1.04317 1.41512 1.18432 1.10581 1.10908 1.1086 1.10476 1.18612 1.42538 2.15769 2.46055 2.24752 2.18323 2.18323 2.24752 2.46055 2.15769 1.78126 1.61876 1.10529 1.00534 1.00548 1.10529 1.62172 1.7832 1.15914 1.00734 1.00011 0.999924 0.999924 1.00011 1.00734 
1.00007 0.999991 1 1 1 1 0.999991 1.00007 1.00032 0.999934 0.999992 1 1 0.999992 0.999934 1.00032 1.00112 1.0002 1.00009 1.00013 1.00013 1.00009 1.00021 1.00117 1.02954 1.01891 1.01013 1.00803 1.00812 1.01025 1.01956 1.03072 1.10326 1.14178 1.09436 1.08975 1.08975 1.09436 1.14178 1.10326 1.05019 1.037 1.00325 0.999999 1 1.00325 1.03748 1.0507 1.00831 1.00022 0.999961 0.999999 0.999999 0.999961 1.00022 
1.00004 0.999996 1 1 1 1 0.999996 1.00004 0.999995 0.999944 1 1 1 1 0.999944 0.999995 1.00002 0.999912 0.999971 0.999965 0.999965 0.999971 0.999913 1.00002 1.00125 1.00113 1.00057 1.00041 1.00042 1.00059 1.00119 1.00132 1.00466 1.00675 1.00299 1.00315 1.00315 1.00299 1.00675 1.00466 1.00125 1.00075 1 0.999979 0.999979 1 1.00078 1.00128 1.00023 0.999962 0.999997 1 1 0.999997 0.999962 
1.00004 0.999996 1 1 1 1 0.999996 1.00004 0.999994 0.999944 1 1 1 1 0.999944 0.999994 1.00002 0.999912 0.999971 0.999965 0.999965 0.999971 0.999912 1.00002 1.00132 1.00119 1.00059 1.00042 1.00042 1.00059 1.00119 1.00132 1.00466 1.00675 1.00299 1.00315 1.00303 1.00289 1.00649 1.00448 1.00128 1.00078 1 0.999979 0.999979 1 1.00078 1.0012 1.00023 0.999962 0.999997 1 1 0.999997 0.999962 
1.00007 0.999991 1 1 1 1 0.999991 1.00007 1.0003 0.99993 0.999992 1 1 0.999992 0.99993 1.0003 1.00112 1.0002 1.00009 1.00013 1.00013 1.00009 1.0002 1.00112 1.03072 1.01956 1.01025 1.00812 1.00812 1.01025 1.01956 1.03072 1.10322 1.14175 1.09435 1.0897 1.08833 1.09302 1.1391 1.10117 1.0507 1.03748 1.0033 1 1 1.0033 1.03748 1.04944 1.00831 1.00022 0.999961 0.999999 0.999999 0.999961 1.00022 
1.00144 0.999948 0.999943 0.999951 0.999951 0.999943 0.999949 1.00145 1.0148 1.0012 0.999947 0.999941 0.999941 0.999947 1.0012 1.0148 1.0419 1.02161 1.0129 1.01497 1.01497 1.0129 1.02161 1.0419 1.42538 1.18612 1.10476 1.1086 1.1086 1.10476 1.18612 1.42538 2.15373 2.45514 2.24449 2.1812 2.17537 2.23763 2.44187 2.14232 1.7832 1.62172 1.10664 1.00548 1.00548 1.10664 1.62172 1.77661 1.15914 1.00734 1.00011 0.999924 0.999924 1.00011 1.00734 
1.02421 1.00071 0.999976 1.00001 1.00001 0.999976 1.00068 1.02314 1.24438 1.03046 1.00143 1 1 1.00143 1.03046 1.24438 1.75434 1.51814 1.38304 1.40982 1.40982 1.38304 1.51814 1.75434 4.08317 2.08348 1.69542 1.81328 1.81328 1.69542 2.08348 4.08317 7.8094 8.86321 8.88533 8.68228 8.67485 8.87105 8.83366 7.77442 6.08176 5.29714 2.33766 1.13905 1.13905 2.33766 5.29714 6.25552 2.37704 1.09919 1.00351 1.00002 1.00002 1.00351 1.09919 
1.8707 1.0668 1.00206 1.00003 1.00003 1.00214 1.06837 1.88667 4.84534 1.85749 1.0686 1.00248 1.00248 1.0686 1.85749 4.84534 9.03329 8.42212 7.31317 7.32876 7.32876 7.31317 8.42212 9.03329 13.4655 7.91126 7.48721 7.56277 7.56277 7.48721 7.91126 13.4655 21.9671 23.8936 24.5777 24.6226 24.639 24.6061 23.957 21.9668 19.1605 17.0793 8.37447 2.63038 2.63038 8.39131 17.0793 19.1605 9.16722 2.20764 1.08516 1.00208 1.00208 1.08464 2.20764 
1.08818 1.00428 1.00002 0.999928 0.999928 1.00002 1.00426 1.0883 1.61867 1.07919 1.00338 0.999959 0.999959 1.00338 1.07919 1.61867 3.48153 2.23408 1.98073 2.22539 2.22539 1.98073 2.23408 3.48153 12.9504 4.24557 2.91789 2.9628 2.9628 2.91789 4.24557 12.9504 26.9028 29.9497 31.4376 31.3005 31.2948 31.4274 29.9472 26.8177 23.1326 20.3489 10.063 3.10255 3.10255 10.1181 20.3489 23.1326 10.9206 2.4922 1.10634 1.00249 1.00249 1.10609 2.4922 
1.00482 1.00018 0.999971 0.999999 0.999999 0.999971 1.00018 1.00487 1.05987 1.0034 1.00001 0.999977 0.999977 1.00001 1.0034 1.05987 2.02893 1.14579 1.11457 1.37455 1.37455 1.11457 1.14579 2.02893 9.00762 2.5013 1.4198 1.52999 1.52999 1.4198 2.5013 9.00762 20.737 23.0607 23.9993 23.841 23.8509 24.0229 23.1248 20.7116 17.7226 15.7496 7.69532 2.45547 2.45547 7.73583 15.7496 17.7226 8.03139 2.00653 1.06642 1.00149 1.00149 1.06627 2.00653 
0.993783 0.9996 1.00002 1 1 1.00002 0.9996 0.993786 1.0043 0.99973 0.999885 0.999994 0.999994 0.999885 0.99973 1.0043 1.20118 0.994138 1.00328 1.0447 1.0447 1.00328 0.994138 1.20118 4.45544 1.67401 1.34216 1.29482 1.29482 1.34216 1.67401 4.45544 11.3172 12.7821 12.9973 12.7379 12.7323 12.9784 12.7384 11.2642 10.4936 9.58271 3.67428 1.32246 1.32246 3.68588 9.58271 10.4936 4.19612 1.28722 1.01088 1.00007 1.00007 1.01086 1.28722 
0.993786 0.9996 1.00002 1 1 1.00002 0.9996 0.993786 1.00171 0.99946 0.999875 0.999994 0.999994 0.999875 0.99946 1.00171 1.20118 0.994138 1.00328 1.0447 1.04476 1.00273 0.992085 1.20386 4.4398 1.67013 1.34214 1.29482 1.29482 1.34216 1.67401 4.45544 11.3098 12.7961 12.9784 12.7323 12.7377 12.9989 12.7961 11.3098 10.4574 9.4895 3.68588 1.32683 1.32246 3.67428 9.58271 10.4936 4.19612 1.28722 1.01086 1.00007 1.00007 1.01088 1.2874 
1.00487 1.00018 0.999971 0.999999 0.999999 0.999971 1.00018 1.00487 1.05716 1.00332 1.00001 0.999977 0.999977 1.00001 1.00332 1.05716 2.02893 1.14579 1.11457 1.37455 1.37536 1.11472 1.14778 2.04549 8.95171 2.4849 1.41975 1.53001 1.52999 1.4198 2.5013 9.00762 20.7183 23.1055 24.0229 23.8509 23.8412 24.0069 23.1055 20.7183 17.8227 15.7132 7.73583 2.47841 2.45547 7.69532 15.7496 17.7226 8.03139 2.00653 1.06627 1.00149 1.0015 1.06642 2.00781 
1.0883 1.00426 1.00002 0.999928 0.999928 1.00002 1.00426 1.0883 1.61284 1.07908 1.00335 0.999957 0.999957 1.00335 1.07908 1.61284 3.48153 2.23408 1.98073 2.22539 2.23161 1.98869 2.2426 3.51578 12.8696 4.2204 2.9167 2.96224 2.9628 2.91789 4.24557 12.9504 26.8694 30.0118 31.4274 31.2948 31.2908 31.4381 30.0118 26.8694 23.1998 20.2123 10.1181 3.1364 3.10255 10.063 20.3489 23.1326 10.9206 2.4922 1.10609 1.00249 1.0025 1.10634 2.49405 
1.88667 1.06837 1.00214 1.00003 1.00003 1.00206 1.06837 1.88667 4.87373 1.87137 1.06973 1.00254 1.00254 1.06973 1.87137 4.87373 9.03329 8.42212 7.31317 7.32876 7.46538 7.45313 8.42106 9.0473 13.5891 8.09107 7.49405 7.56629 7.56277 7.48721 7.91126 13.4655 22.0933 24.077 24.6061 24.639 24.7485 24.7113 24.077 22.0933 19.0859 16.8813 8.39131 2.65089 2.63038 8.37447 17.0793 19.1605 9.16722 2.20764 1.08464 1.00208 1.00211 1.08516 2.21326 
6.9795 1.94923 1.06673 1.00187 1.00187 1.06673 1.94923 6.9795 17.0474 6.9174 1.96841 1.08013 1.08013 1.96841 6.9174 17.0474 28.119 28.9265 28.8323 28.7257 28.5729 28.6778 28.507 27.8567 28.5044 26.9974 26.2908 26.4791 26.4817 26.2946 27.007 28.5081 31.0998 32.8017 32.9044 32.9341 32.9988 32.9664 32.8627 31.1492 24.9741 22.5036 10.3213 2.85407 2.85381 10.3185 22.5004 25.0545 11.8562 2.76403 1.15824 1.0058 1.00597 1.16019 2.77414 
9.02022 2.31033 1.09745 1.0028 1.0028 1.09745 2.31033 9.02022 21.6487 9.01159 2.34023 1.11761 1.11761 2.34023 9.01159 21.6487 32.5409 33.5132 33.6939 33.6708 33.6631 33.678 33.5064 32.6976 32.4808 32.0079 31.9084 32.1558 32.1556 31.9081 32.0076 32.4846 33.0015 34.3951 34.6718 34.6937 34.6918 34.6676 34.3849 32.9642 25.6312 23.1923 10.725 2.95054 2.95077 10.7267 23.1964 25.7363 12.2375 2.85517 1.1734 1.00659 1.00682 1.17609 2.87067 
9.30388 2.35392 1.10071 1.00294 1.00294 1.10071 2.35392 9.30388 22.3869 9.27344 2.38162 1.12145 1.12145 2.38162 9.27344 22.3869 33.8389 34.6624 34.8295 34.8355 34.8285 34.8188 34.6394 33.9546 34.1407 34.181 34.198 34.3095 34.3095 34.198 34.181 34.1422 33.3962 34.697 34.9438 34.9624 34.9625 34.9417 34.6897 33.3609 25.7911 23.3712 10.8107 2.96845 2.96848 10.8109 23.3722 25.8955 12.3223 2.86959 1.17483 1.0067 1.00694 1.17752 2.88509 
9.3313 2.35015 1.0997 1.00284 1.00284 1.0997 2.35015 9.3313 22.5007 9.29453 2.38248 1.11946 1.11946 2.38248 9.29453 22.5007 33.9923 34.808 34.9665 34.9798 34.9784 34.9643 34.7977 34.1075 34.5705 34.7797 34.8211 34.862 34.862 34.8212 34.7797 34.5723 33.4294 34.7488 34.9742 34.9934 34.9934 34.9727 34.7446 33.409 25.7558 23.3645 10.7755 2.95731 2.95731 10.7757 23.3649 25.8594 12.2557 2.84058 1.16573 1.00602 1.0062 1.16774 2.85147 
9.33927 2.34712 1.09895 1.00278 1.00284 1.0997 2.35015 9.3313 22.5007 9.29453 2.38248 1.11946 1.11837 2.37529 9.24564 22.7021 33.9923 34.808 34.9665 34.9798 34.9798 34.9665 34.808 33.9923 34.5723 34.7797 34.8212 34.862 34.862 34.8212 34.7797 34.5723 33.409 34.7446 34.9727 34.9934 34.9934 34.9742 34.7488 33.4294 25.7828 23.3861 10.7664 2.95344 2.95731 10.7755 23.3645 25.7558 12.2784 2.85147 1.16774 1.0062 1.00602 1.16573 2.84058 
9.31711 2.35042 1.09981 1.00287 1.00294 1.10071 2.35392 9.30388 22.3869 9.27344 2.38162 1.12145 1.11993 2.37124 9.21189 22.5947 33.8389 34.6624 34.8295 34.8355 34.8355 34.8295 34.6624 33.8389 34.1422 34.181 34.198 34.3095 34.3095 34.198 34.181 34.1422 33.3609 34.6897 34.9417 34.9625 34.9624 34.9438 34.697 33.3962 25.8347 23.4116 10.7898 2.96126 2.96845 10.8107 23.3712 25.7911 12.36 2.88509 1.17752 1.00694 1.0067 1.17483 2.86959 
9.03337 2.30695 1.09658 1.00273 1.0028 1.09745 2.31033 9.02022 21.6487 9.01159 2.34023 1.11761 1.11612 2.32971 8.94971 21.835 32.5409 33.5132 33.6939 33.6708 33.6708 33.6939 33.5132 32.5409 32.4846 32.0076 31.9081 32.1556 32.1556 31.9081 32.0076 32.4846 32.9642 34.3849 34.6676 34.6918 34.6937 34.6718 34.3951 33.0015 25.6744 23.2304 10.7036 2.9433 2.95054 10.725 23.1923 25.6312 12.2757 2.87067 1.17609 1.00682 1.00659 1.1734 2.85517 
6.99378 1.94727 1.06617 1.00183 1.00187 1.06673 1.94923 6.9795 17.0474 6.9174 1.96841 1.08013 1.07911 1.96086 6.87352 17.2433 28.119 28.9265 28.8323 28.7257 28.7257 28.8323 28.9265 28.119 28.5081 27.007 26.2946 26.4817 26.4817 26.2946 27.007 28.5081 31.1492 32.8627 32.9664 32.9988 32.9341 32.9044 32.8017 31.0998 25.0403 22.5615 10.3222 2.8517 2.85407 10.3213 22.5036 24.9741 11.8684 2.77414 1.16019 1.00597 1.0058 1.15824 2.76403 
3.12179 1.20119 1.00771 1.00008 1.00008 1.00764 1.19993 3.10412 10.3981 3.08678 1.19551 1.00934 1.0091 1.19474 3.09288 10.6891 30.8277 33.4715 33.9769 34.0207 33.9782 33.9349 33.4442 30.8198 34.3307 34.4438 34.4268 34.3177 34.3452 34.4492 34.4438 34.3307 33.2235 34.5437 34.8075 34.8458 34.858 34.817 34.5459 33.2035 26.0892 22.8818 10.6595 2.90504 2.96784 10.6575 22.8818 26.0892 12.7353 2.95051 1.18693 1.00779 1.00779 1.18693 2.95051 
2.61687 1.14302 1.0053 0.999938 0.999933 1.00522 1.14245 2.61102 9.16485 2.51807 1.11581 1.00503 1.00472 1.11369 2.51525 9.44651 30.8747 33.9774 34.7623 34.8517 34.8541 34.7666 33.9868 30.8778 34.6508 34.8206 34.8406 34.8261 34.8249 34.8399 34.8206 34.6508 33.694 34.7676 34.9347 34.9545 34.9537 34.9334 34.7632 33.6703 26.6897 23.1537 10.6408 2.85853 2.92289 10.6401 23.1537 26.6897 12.9844 2.98335 1.19056 1.00787 1.00787 1.19056 2.98335 
2.57722 1.13936 1.00522 0.999994 0.999989 1.00514 1.13875 2.57171 9.00545 2.46366 1.10992 1.00484 1.00452 1.10754 2.4581 9.27876 30.8924 34.0731 34.8818 34.9766 34.9767 34.8837 34.081 30.8954 34.7481 34.9307 34.9621 34.9661 34.9661 34.9622 34.9307 34.7481 33.7705 34.8131 34.9736 34.9925 34.9924 34.9728 34.809 33.7472 26.7828 23.2064 10.6412 2.85818 2.92149 10.6405 23.2064 26.7828 13.0237 2.98625 1.1905 1.00791 1.00791 1.1905 2.98625 
2.61731 1.14313 1.00517 0.999995 0.999992 1.00512 1.14295 2.61446 9.14635 2.49045 1.11306 1.00467 1.00442 1.11125 2.4877 9.41574 30.9254 34.0871 34.8905 34.9875 34.9875 34.8915 34.0917 30.9254 34.7718 34.9558 34.9889 34.9938 34.9938 34.989 34.9558 34.7718 33.7886 34.8209 34.9792 34.9972 34.9971 34.9787 34.8181 33.7719 26.8443 23.2565 10.6219 2.86297 2.92199 10.6211 23.2565 26.8443 12.9803 2.96325 1.1823 1.00717 1.00717 1.1823 2.96325 
2.61446 1.14295 1.00512 0.999992 0.999992 1.00512 1.14295 2.61446 9.41574 2.4877 1.11306 1.00467 1.00467 1.11306 2.4877 9.41574 30.9254 34.0917 34.889 34.9873 34.9875 34.8905 34.0871 30.9254 34.7761 34.9565 34.989 34.9938 34.9938 34.9889 34.9558 34.7718 33.7719 34.8181 34.9787 34.9971 34.9971 34.9787 34.8181 33.7719 26.9666 23.3173 10.4232 2.85298 2.85298 10.4232 23.3173 26.9666 12.9803 2.96325 1.1823 1.00717 1.00717 1.18239 2.96374 
2.57171 1.13875 1.00514 0.999989 0.999989 1.00514 1.13875 2.57171 9.27876 2.4581 1.10992 1.00484 1.00484 1.10992 2.4581 9.27876 30.8954 34.081 34.8783 34.9754 34.9766 34.8818 34.0731 30.8924 34.754 34.9316 34.9622 34.9661 34.9661 34.9621 34.9307 34.7481 33.7472 34.809 34.9728 34.9924 34.9924 34.9728 34.809 33.7472 26.9183 23.2843 10.4068 2.84714 2.84714 10.4068 23.2843 26.9183 13.0237 2.98625 1.1905 1.00791 1.00791 1.19057 2.98668 
2.61102 1.14245 1.00522 0.999933 0.999933 1.00522 1.14245 2.61102 9.44651 2.51525 1.11581 1.00503 1.00503 1.11581 2.51525 9.44651 30.8778 33.9868 34.7568 34.8488 34.8517 34.7623 33.9774 30.8747 34.6552 34.821 34.8399 34.8249 34.8261 34.8406 34.8206 34.6508 33.6703 34.7632 34.9334 34.9537 34.9537 34.9334 34.7632 33.6703 26.8259 23.235 10.4027 2.84725 2.84725 10.4027 23.235 26.8259 12.9844 2.98335 1.19056 1.00787 1.00787 1.19064 2.98378 
3.10412 1.19993 1.00764 1.00008 1.00008 1.00764 1.19993 3.10412 10.6891 3.09288 1.19551 1.00934 1.00934 1.19551 3.09288 10.6891 30.8198 33.4442 34.0415 34.079 34.0207 33.9769 33.4715 30.8277 34.3506 34.4633 34.4492 34.3452 34.3177 34.4268 34.4438 34.3307 33.2035 34.5459 34.817 34.858 34.858 34.817 34.5459 33.2035 26.2115 22.9265 10.4243 2.89344 2.89344 10.4243 22.9265 26.2115 12.7353 2.95051 1.18693 1.00779 1.00779 1.18699 2.95097 
2.20118 1.07602 1.00182 1.00006 1.00006 1.00182 1.07503 2.19299 8.73756 2.23731 1.08036 1.00196 1.0019 1.08037 2.23731 8.73756 30.7004 33.8335 34.7615 34.8737 34.8751 34.7615 33.8441 30.5795 34.0687 34.4991 34.5554 34.4534 34.4331 34.5417 34.4844 34.0405 32.0075 34.2055 34.6993 34.844 34.844 34.6993 34.2055 32.0075 23.1601 19.8839 11.6208 4.06574 3.91562 11.6208 19.8839 23.3916 12.3285 3.35455 1.30685 1.02344 1.02344 1.30679 3.31606 
2.11636 1.06773 1.0015 0.999969 0.999969 1.0015 1.06678 2.10907 8.48333 2.1719 1.07281 1.00151 1.00148 1.07321 2.1719 8.48333 31.0159 33.9681 34.8481 34.957 34.9579 34.8486 33.9753 30.8705 34.4631 34.8083 34.8561 34.8423 34.8439 34.8568 34.8073 34.4542 32.3669 34.6103 34.916 34.956 34.956 34.916 34.6103 32.3669 23.1436 19.7581 12.0769 4.32933 4.15394 12.0769 19.7581 23.3585 12.4556 3.45537 1.3262 1.02551 1.02551 1.32611 3.41174 
2.10673 1.06656 1.0015 1.00002 1.00002 1.0015 1.0656 2.09934 8.47311 2.16964 1.07259 1.00157 1.00155 1.07302 2.16964 8.47311 31.0578 33.9994 34.8728 34.9824 34.9823 34.8722 34.0059 30.9111 34.5837 34.9165 34.9645 34.9695 34.9694 34.9642 34.9148 34.5744 32.4785 34.6949 34.9654 34.9923 34.9923 34.9654 34.6949 32.4785 23.2437 19.8719 12.0752 4.31644 4.14237 12.0752 19.8719 23.4563 12.4903 3.44889 1.3245 1.02534 1.02534 1.32443 3.40584 
2.10067 1.06574 1.00146 1.00002 1.00002 1.00146 1.06496 2.09405 8.4822 2.16782 1.07189 1.00153 1.00151 1.07231 2.16782 8.4822 31.0569 33.9913 34.8728 34.9854 34.9851 34.8718 33.9985 30.9125 34.6241 34.9421 34.9884 34.9943 34.9943 34.9882 34.941 34.6174 32.6536 34.7185 34.9722 34.997 34.997 34.9722 34.7185 32.6536 23.6396 20.4046 11.7334 4.07135 3.94276 11.7334 20.4046 23.7991 12.5713 3.31574 1.29046 1.02051 1.02052 1.29045 3.2853 
2.09405 1.06496 1.00139 1.00001 1.00002 1.00146 1.06496 2.09405 8.49161 2.18008 1.07189 1.00153 1.00153 1.07189 2.16782 8.4822 31.0569 33.9913 34.8728 34.9854 34.9854 34.8728 33.9913 31.0569 34.6174 34.941 34.9882 34.9943 34.9943 34.9882 34.941 34.6174 32.7078 34.7226 34.9722 34.9969 34.9968 34.9725 34.7185 32.6536 23.7991 20.4046 11.7334 3.94276 4.07135 11.8651 20.1891 23.6396 12.5713 3.2853 1.29045 1.02051 1.02051 1.29046 3.31574 
2.09934 1.0656 1.00141 1.00001 1.00002 1.0015 1.0656 2.09934 8.48194 2.18332 1.07259 1.00157 1.00157 1.07259 2.16964 8.47311 31.0578 33.9994 34.8728 34.9824 34.9824 34.8728 33.9994 31.0578 34.5744 34.9148 34.9642 34.9694 34.9694 34.9642 34.9148 34.5744 32.5509 34.7009 34.9654 34.9922 34.9923 34.9663 34.6949 32.4785 23.4563 19.8719 12.0752 4.14237 4.31644 12.2387 19.5897 23.2437 12.4903 3.40584 1.32443 1.02534 1.02534 1.3245 3.44889 
2.10907 1.06678 1.0014 0.999961 0.999969 1.0015 1.06678 2.10907 8.49176 2.18546 1.07281 1.00151 1.00151 1.07281 2.1719 8.48333 31.0159 33.9681 34.8481 34.957 34.957 34.8481 33.9681 31.0159 34.4542 34.8073 34.8568 34.8439 34.8439 34.8568 34.8073 34.4542 32.4403 34.6169 34.9163 34.9567 34.9573 34.9178 34.6103 32.3669 23.3585 19.7581 12.0769 4.15394 4.32933 12.2391 19.4766 23.1436 12.4556 3.41174 1.32611 1.02551 1.02551 1.3262 3.45537 
2.19299 1.07503 1.00174 1.00005 1.00006 1.00182 1.07503 2.19299 8.7371 2.24538 1.08036 1.00196 1.00196 1.08036 2.23731 8.73756 30.7004 33.8335 34.7615 34.8737 34.8737 34.7615 33.8335 30.7004 34.0405 34.4844 34.5417 34.4331 34.4331 34.5417 34.4844 34.0405 32.0518 34.2002 34.6928 34.8243 34.8111 34.6328 34.2055 32.0075 23.3916 19.8839 11.6208 3.91562 4.06574 11.7678 19.5795 23.1601 12.3285 3.31606 1.30679 1.02344 1.02344 1.30685 3.35455 
2.59653 1.11658 1.00342 1.00008 1.00008 1.00343 1.11658 2.59653 10.1176 2.6703 1.13009 1.00444 1.00444 1.13009 2.6703 10.1176 28.3858 33.2278 34.3451 34.4794 34.4794 34.3451 33.2278 28.3858 28.4872 28.4437 28.29 28.4172 28.4172 28.29 28.4437 28.4872 26.8221 29.3169 31.9177 33.3318 33.393 31.9951 29.1842 26.6524 22.4123 20.1643 9.5166 2.80009 2.85433 9.69405 20.1473 22.4046 10.8765 2.69239 1.16829 1.00751 1.00784 1.172 2.71644 
1.96624 1.04615 1.0004 0.999942 0.999942 1.0004 1.04615 1.96624 8.52887 2.00275 1.05431 1.00114 1.00114 1.05431 2.00275 8.52887 28.4107 33.5667 34.7586 34.9013 34.9013 34.7586 33.5667 28.4107 32.3897 32.2905 32.3505 32.6238 32.6238 32.3505 32.2905 32.3897 31.3345 33.3124 34.323 34.6788 34.6793 34.3248 33.3124 31.3083 24.5969 22.2243 10.4566 2.95363 2.99041 10.5587 22.0768 24.3684 11.9366 2.86467 1.18389 1.00796 1.00828 1.18728 2.88461 
1.88064 1.03876 1.00021 0.999996 0.999996 1.00021 1.03876 1.88064 8.27792 1.92807 1.04805 1.00103 1.00103 1.04805 1.92807 8.27792 28.5107 33.73 34.8361 34.9731 34.9731 34.8361 33.73 28.5107 34.0497 34.219 34.2769 34.3925 34.3925 34.2769 34.219 34.0497 32.5526 34.418 34.8506 34.9484 34.9491 34.853 34.409 32.5161 25.3083 22.8443 10.6572 2.98911 3.02615 10.7619 22.7143 25.0911 12.2205 2.90472 1.18689 1.00811 1.00843 1.19029 2.92467 
1.87734 1.0393 1.00028 0.999998 0.999998 1.00028 1.0393 1.87734 8.26966 1.92688 1.04814 1.00101 1.00101 1.04814 1.92688 8.26966 28.5652 33.7636 34.8466 34.981 34.981 34.8466 33.7636 28.5652 34.4909 34.7796 34.8308 34.8723 34.8723 34.8308 34.7796 34.4909 32.8065 34.6405 34.945 34.9897 34.99 34.9462 34.6344 32.7829 25.4737 22.9439 10.6048 2.94897 2.97746 10.6812 22.8534 25.2975 12.1737 2.85906 1.17437 1.00701 1.00725 1.17698 2.87376 
1.87754 1.03935 1.00028 0.999998 0.999998 1.00028 1.0393 1.87734 8.15171 1.92728 1.04814 1.00101 1.00101 1.04881 1.92688 8.26966 28.5652 33.7636 34.8466 34.981 34.9814 34.8484 33.7565 28.7007 34.4999 34.7806 34.8309 34.8723 34.8723 34.8308 34.7796 34.4909 32.7829 34.6344 34.9438 34.9895 34.9897 34.945 34.6344 32.7829 25.3854 22.9433 10.6047 2.94885 2.94897 10.6048 22.9433 25.4737 12.1737 2.85906 1.17437 1.00701 1.00701 1.17437 2.85906 
1.88081 1.03881 1.00021 0.999996 0.999996 1.00021 1.03876 1.88064 8.15979 1.9286 1.04805 1.00103 1.00103 1.04884 1.92807 8.27792 28.5107 33.73 34.8361 34.9731 34.9737 34.8389 33.7221 28.6428 34.0621 34.2205 34.2773 34.3923 34.3925 34.2769 34.219 34.0497 32.5161 34.409 34.8486 34.9479 34.9484 34.8506 34.409 32.5161 25.2169 22.8402 10.6569 2.98914 2.98911 10.6572 22.8402 25.3083 12.2205 2.90472 1.18689 1.00811 1.00811 1.18689 2.90472 
1.96634 1.0462 1.0004 0.999942 0.999942 1.0004 1.04615 1.96624 8.40957 2.00273 1.05431 1.00114 1.00115 1.05514 2.00275 8.52887 28.4107 33.5667 34.7586 34.9013 34.9025 34.7622 33.553 28.5352 32.4012 32.2946 32.354 32.6271 32.6238 32.3505 32.2905 32.3897 31.3083 33.3124 34.3236 34.6793 34.6788 34.323 33.3124 31.3083 24.5073 22.2117 10.4533 2.95332 2.95363 10.4566 22.2117 24.5969 11.9366 2.86467 1.18389 1.00796 1.00796 1.18389 2.86467 
2.59723 1.11666 1.00343 1.00008 1.00008 1.00343 1.11658 2.59653 10.0109 2.67255 1.13009 1.00444 1.00447 1.13179 2.6703 10.1176 28.3858 33.2278 34.3451 34.4794 34.4523 34.3195 33.1906 28.4372 28.3206 28.2479 28.0892 28.2324 28.4172 28.29 28.4437 28.4872 26.6524 29.1842 31.8417 33.2887 33.3318 31.9177 29.1842 26.6524 22.3674 20.164 9.51747 2.80026 2.80009 9.5166 20.164 22.4123 10.8765 2.69239 1.16829 1.00751 1.00751 1.16829 2.69239 
6.65302 1.85657 1.0579 1.00161 1.00161 1.0579 1.85657 6.65302 16.7912 6.62361 1.89761 1.06927 1.07017 1.90022 6.60261 16.7196 25.0932 29.9019 30.9326 30.9757 31.2198 31.1715 30.3104 25.0997 8.85811 8.71315 8.38522 8.25073 8.06957 8.1817 8.50861 8.67625 10.1182 16.0093 24.6111 28.4984 28.4984 24.6111 16.0093 10.1182 7.2049 6.60315 2.62106 1.16837 1.16812 2.61725 6.60315 7.21545 2.96103 1.17245 1.00809 1.00011 1.00011 1.00809 1.17245 
8.66998 2.19845 1.08533 1.00234 1.00234 1.08533 2.19845 8.66998 20.9445 8.92103 2.26601 1.1048 1.10609 2.27049 8.9091 20.9223 26.752 32.8099 33.778 33.9392 33.9293 33.7597 32.7544 26.1875 3.37153 3.51839 3.52878 3.29139 3.29502 3.53397 3.52524 3.37661 4.3244 12.1396 25.1721 31.2131 31.2131 25.1721 12.1396 4.3244 1.94607 1.8242 1.13761 1.0069 1.0069 1.13721 1.8242 1.95203 1.22482 1.01291 1.00033 0.999909 0.999909 1.00033 1.01291 
8.94043 2.23947 1.08818 1.00247 1.00247 1.08818 2.23947 8.94043 21.5332 9.208 2.30462 1.10796 1.10924 2.309 9.19695 21.5134 26.9217 33.3712 34.5607 34.7563 34.7529 34.548 33.3256 26.3191 1.48874 1.45657 1.46306 1.38637 1.38636 1.46328 1.45749 1.48963 2.94571 11.1352 25.3056 31.8812 31.8812 25.3056 11.1352 2.94571 1.15034 1.05898 1.00399 0.999995 0.99999 1.00382 1.05898 1.15445 1.01858 1.00061 0.999938 0.999996 0.999996 0.999938 1.00061 
8.89849 2.2293 1.08662 1.00234 1.00234 1.08662 2.2293 8.89849 21.4259 9.14783 2.30019 1.10473 1.10538 2.30148 9.13222 21.4214 26.9328 33.4153 34.6083 34.7887 34.7863 34.6008 33.3917 26.3263 1.42297 1.32023 1.32275 1.30748 1.30749 1.32281 1.32083 1.42345 2.83214 10.9374 25.2344 31.8227 31.8227 25.2344 10.9374 2.83214 1.22695 1.01095 1.00024 0.99992 0.999925 1.00035 1.01095 1.23017 1.02094 1.0006 0.999944 0.999994 0.999994 0.999944 1.0006 
8.90102 2.23074 1.08707 1.0024 1.00234 1.08662 2.2293 8.89849 21.4214 9.13222 2.30148 1.10538 1.10538 2.30148 9.13222 21.4214 26.9328 33.4153 34.6083 34.7887 34.7887 34.6083 33.4153 26.9328 1.42345 1.32083 1.32281 1.30749 1.30748 1.32275 1.32023 1.42297 2.82691 10.9085 25.2574 31.8345 31.8227 25.2344 10.9374 2.83214 1.22654 1.01183 1.00035 0.999925 0.99992 1.00024 1.01095 1.22695 1.02094 1.0006 0.999944 0.999994 0.999994 0.999943 1.0006 
8.94087 2.24132 1.0888 1.00254 1.00247 1.08818 2.23947 8.94043 21.5134 9.19695 2.309 1.10924 1.10924 2.309 9.19695 21.5134 26.9217 33.3712 34.5607 34.7563 34.7563 34.5607 33.3712 26.9217 1.48963 1.45749 1.46328 1.38636 1.38637 1.46306 1.45657 1.48874 2.93842 11.0939 25.3365 31.8996 31.8812 25.3056 11.1352 2.94571 1.14933 1.05737 1.00382 0.99999 0.999995 1.00399 1.05898 1.15034 1.01858 1.00061 0.999938 0.999996 0.999996 0.999937 1.00061 
8.67065 2.20035 1.08594 1.00241 1.00234 1.08533 2.19845 8.66998 20.9223 8.9091 2.27049 1.10609 1.10609 2.27049 8.9091 20.9223 26.752 32.8099 33.778 33.9392 33.9392 33.778 32.8099 26.752 3.37661 3.52524 3.53397 3.29502 3.29139 3.52878 3.51839 3.37153 4.32196 12.0991 25.2026 31.2327 31.2131 25.1721 12.1396 4.3244 1.93636 1.82054 1.13721 1.0069 1.0069 1.13761 1.8242 1.94607 1.22482 1.01291 1.00033 0.999909 0.99991 1.00034 1.01313 
6.65199 1.85815 1.0584 1.00166 1.00161 1.0579 1.85657 6.65302 16.7196 6.60261 1.90022 1.07017 1.07017 1.90022 6.60261 16.7196 25.0932 29.9019 30.9326 30.9757 30.9757 30.9326 29.9019 25.0932 8.67625 8.50861 8.1817 8.06957 8.25073 8.38522 8.71315 8.85811 9.96789 15.8248 24.4839 28.3692 28.4984 24.6111 16.0093 10.1182 6.83913 6.58827 2.61725 1.16812 1.16837 2.62106 6.60315 7.2049 2.96103 1.17245 1.00809 1.00011 1.00011 1.00804 1.17025 
1.5779 1.04077 1.00139 0.999985 0.999983 1.00131 1.03931 1.5612 4.40709 1.70375 1.05892 1.00244 1.00244 1.05892 1.70375 4.40709 9.72574 11.819 11.4545 11.4489 11.4489 11.4545 11.819 9.72574 1.64211 1.54605 1.53452 1.55212 1.55212 1.53452 1.54605 1.64211 2.46459 4.70118 8.57001 10.3559 10.2209 8.46115 4.64643 2.44086 1.39715 1.50775 1.06025 1.00433 1.00472 1.06656 1.51545 1.41781 1.02576 0.999876 0.999929 1.00001 1.00001 0.999929 0.999846 
1.0646 1.00344 1.00002 0.999933 0.999934 1.00002 1.00348 1.06465 1.43831 1.05125 1.0024 0.999942 0.999942 1.0024 1.05125 1.43831 2.50005 2.92075 3.0221 2.98696 2.98696 3.0221 2.92075 2.50005 1.06187 1.04897 1.05076 1.05502 1.05502 1.05076 1.04897 1.06187 1.08671 1.40727 2.39658 2.70569 2.71495 2.40637 1.40698 1.08533 1.03198 1.0236 1.00159 0.999963 0.999963 1.00163 1.02392 1.03172 1.00376 1.00001 0.99993 0.999952 0.999952 0.99993 1.00001 
1.00332 1.00008 0.999978 1 1 0.999978 1.00008 1.00332 1.02296 1.00143 0.999951 0.999982 0.999982 0.999951 1.00143 1.02296 1.13906 1.18666 1.19767 1.18803 1.18803 1.19767 1.18666 1.13906 1.00548 1.00687 1.00684 1.00508 1.00508 1.00684 1.00687 1.00548 0.999832 1.02082 1.14589 1.16657 1.16658 1.14591 1.02079 0.999826 1.0022 1.00034 0.999971 0.999983 0.999982 0.999972 1.00035 1.00212 1.00036 0.999992 0.999998 1 1 0.999998 0.999992 
1.00013 0.999968 0.999998 1 1 0.999998 0.999968 1.00013 1.00047 0.999914 0.999987 1 1 0.999987 0.999914 1.00047 1.00615 1.00866 1.00912 1.00825 1.00825 1.00912 1.00866 1.00615 1.00035 1.00028 1.00034 1.00028 1.00028 1.00034 1.00028 1.00035 0.999915 1.00045 1.0079 1.00803 1.00803 1.0079 1.00045 0.999914 1.00009 0.99992 0.999995 1 1 0.999995 0.99992 1.00009 1.00001 0.999992 1 1 1 1 0.999992 
1.00013 0.999968 0.999998 1 1 0.999998 0.999968 1.00013 1.00048 0.99992 0.999986 1 1 0.999987 0.99992 1.00048 1.00615 1.00866 1.00912 1.00825 1.00852 1.00946 1.00866 1.00615 1.00035 1.00028 1.00034 1.00028 1.00028 1.00034 1.00028 1.00035 0.999914 1.00045 1.0079 1.00803 1.00803 1.0079 1.00045 0.999914 1.00009 0.99992 0.999995 1 1 0.999995 0.99992 1.00009 1.00001 0.999992 1 1 1 1 0.999992 
1.00332 1.00008 0.999978 1 1 0.999978 1.00008 1.00332 1.02294 1.00148 0.999953 0.999982 0.999982 0.999951 1.00148 1.02294 1.13906 1.18666 1.19767 1.18803 1.19119 1.20151 1.18669 1.13907 1.00548 1.0068 1.0068 1.00509 1.00508 1.00684 1.00687 1.00548 0.999826 1.02079 1.14591 1.16658 1.16658 1.14591 1.02079 0.999826 1.00212 1.00035 0.999971 0.999983 0.999983 0.999971 1.00035 1.00212 1.00036 0.999992 0.999998 1 1 0.999998 0.999992 
1.06465 1.00348 1.00002 0.999934 0.999934 1.00002 1.00348 1.06465 1.43184 1.05123 1.00241 0.99994 0.999942 1.0024 1.05123 1.43184 2.50005 2.92075 3.0221 2.98696 3.00572 3.04603 2.92779 2.50441 1.06193 1.04911 1.05084 1.05506 1.05502 1.05076 1.04897 1.06187 1.08533 1.40698 2.40637 2.71495 2.71495 2.40637 1.40698 1.08533 1.03141 1.02385 1.00159 0.999963 0.999963 1.00159 1.02385 1.03141 1.00377 1.00001 0.99993 0.999952 0.999952 0.99993 1.00001 
1.5612 1.03931 1.00131 0.999983 0.999983 1.00131 1.03931 1.5612 4.24309 1.67415 1.0559 1.00225 1.00244 1.05892 1.67415 4.24309 9.72574 11.819 11.4545 11.4489 11.3164 11.322 11.6935 9.63414 1.64113 1.54489 1.53465 1.55218 1.55212 1.53452 1.54605 1.64211 2.44086 4.64643 8.46115 10.2209 10.2209 8.46115 4.64643 2.44086 1.38456 1.49636 1.06025 1.00433 1.00433 1.06025 1.49636 1.38456 1.02864 0.999846 0.999929 1.00001 1.00001 0.99993 0.999876 
1.02724 1.00058 0.999997 1.00004 1.00004 0.999997 1.00058 1.02724 1.37971 1.0443 1.00244 1.00006 1.00006 1.00244 1.0443 1.37971 2.24237 2.58044 2.64225 2.66774 2.66774 2.64225 2.58044 2.24237 1.00872 1.02169 1.01535 1.00499 1.00499 1.01535 1.02169 1.00872 1.09994 1.33131 2.26366 2.57643 2.57643 2.26366 1.33131 1.09994 1.00002 1.0259 1.00229 1.0001 1.0001 1.00229 1.0259 1.00002 0.99815 0.999953 1.00006 1.00005 1.00005 1.00006 0.999953 
1.00081 0.999982 0.999992 0.999997 0.999997 0.999992 0.999982 1.00081 1.01808 1.00111 0.999964 0.999978 0.999978 0.999964 1.00111 1.01808 1.11355 1.15163 1.17222 1.17137 1.17137 1.17222 1.15163 1.11355 0.997758 0.998177 0.997938 0.997888 0.997888 0.997938 0.998177 0.997758 1.00414 1.01386 1.09211 1.11495 1.11495 1.09211 1.01386 1.00414 0.998479 1.00053 1.00002 0.99998 0.99998 1.00002 1.00053 0.998479 0.999817 0.999999 0.999999 0.999996 0.999996 0.999999 0.999999 
1.00002 0.999993 1 1 1 1 0.999993 1.00002 1.0003 0.999923 0.999988 1 1 0.999988 0.999923 1.0003 1.0044 1.00593 1.00812 1.00816 1.00816 1.00812 1.00593 1.0044 0.999872 0.999783 0.999825 0.99984 0.99984 0.999825 0.999783 0.999872 1.00016 1.00013 1.00248 1.00308 1.00308 1.00248 1.00013 1.00016 0.999924 0.999923 0.999989 1 1 0.999989 0.999923 0.999924 1.00008 0.999999 1 1 1 1 0.999999 
1.00005 0.999996 1 1 1 1 0.999996 1.00005 0.999982 0.999946 1 1 1 1 0.999946 0.999982 1.00013 1.00007 1.00019 1.00019 1.00019 1.00019 1.00007 1.00013 1.00008 0.999983 1.00004 1.00003 1.00003 1.00004 0.999983 1.00008 1.00003 0.999913 1.00003 0.999977 0.999977 1.00003 0.999913 1.00003 1.00003 0.999948 1 1 1 1 0.999948 1.00003 1.00005 0.999996 1 1 1 1 0.999996 
0 0 0 0 1 1 0.999996 1.00005 0.999982 0.999946 1 1 1 1 0.999946 0.999983 1.00013 1.00007 1.00019 1.00019 1.00017 1.00018 1.00006 1.00012 1.00008 0.999983 1.00004 1.00003 1.00003 1.00004 0.999983 1.00008 1.00003 0.999914 1.00003 0.999977 0.999977 1.00003 0.999913 1.00003 1.00003 0.999948 1 1 1 1 0.999948 1.00003 1.00005 0.999996 1 1 0 0 0 
0 0 0 0 1 1 0.999993 1.00002 1.0003 0.999923 0.999988 1 1 0.999987 0.999924 1.00031 1.0044 1.00593 1.00812 1.00816 1.00792 1.00788 1.00576 1.00427 0.999881 0.999787 0.999831 0.999846 0.99984 0.999825 0.999783 0.999872 1.00016 1.00013 1.00247 1.00308 1.00308 1.00248 1.00013 1.00016 0.999924 0.999923 0.999989 1 0.999999 0.999989 0.999925 0.999918 1.00008 0.999999 1 1 0 0 0 
0 0 0 0 0.999997 0.999992 0.999982 1.00081 1.01808 1.00111 0.999964 0.999978 0.999978 0.999965 1.00112 1.01833 1.11355 1.15163 1.17222 1.17137 1.16904 1.16995 1.14987 1.11217 0.997893 0.99815 0.99792 0.997882 0.997888 0.997938 0.998177 0.997758 1.00414 1.01386 1.0922 1.11511 1.11495 1.09211 1.01386 1.00414 0.998479 1.00053 1.00002 0.99998 0.99998 1.00002 1.00056 0.998423 0.999817 0.999999 0.999999 0.999996 0 0 0 
