0 0 0 0 1.00006 1.00004 1.00001 1.00101 1.01823 1.00212 1.00012 1.00004 1.00004 1.00012 1.00218 1.01873 1.08281 1.04137 1.02599 1.02924 1.02907 1.02602 1.04075 1.08291 1.54101 1.1902 1.08935 1.10639 1.10743 1.09171 1.19076 1.53754 2.11842 2.40488 2.43806 2.37445 2.36753 2.42811 2.38462 2.10305 1.93175 1.73784 1.14611 1.00958 1.00957 1.14483 1.7379 1.9315 1.15233 1.00688 1.0002 1.00002 0 0 0 
0 0 0 0 0.999996 0.999996 0.999988 1.00003 1.00043 0.999914 0.999982 0.999996 0.999996 0.999982 0.999917 1.00044 1.00323 1.00092 1.00042 1.00055 1.00055 1.00042 1.00091 1.00333 1.05079 1.02498 1.01153 1.01067 1.01054 1.01143 1.02459 1.04983 1.10896 1.16044 1.15954 1.1393 1.14128 1.16182 1.16184 1.10984 1.06863 1.05111 1.00593 1.00007 1.00007 1.00587 1.05112 1.0686 1.00894 1.00027 0.99996 0.999993 0 0 0 
0 0 0 0 1 1 0.999996 1.00005 0.999967 0.999926 1 1 1 1 0.999925 0.999968 1.00007 0.999886 0.99995 0.999943 0.999943 0.999951 0.999885 1.00008 1.00302 1.00183 1.00089 1.00073 1.00071 1.00087 1.00179 1.00294 1.00422 1.00782 1.00913 1.00701 1.00721 1.00939 1.00801 1.00432 1.00189 1.00123 1.00005 0.999959 0.999959 1.00005 1.00123 1.00189 1.00023 0.999968 0.999995 1 0 0 0 
0 0 0 0 1 1 0.999996 1.00006 1.00002 0.999942 1 1 1 1 0.999942 1.00002 1.00004 0.999933 0.999997 0.999996 0.999996 0.999997 0.999934 1.00004 1.00013 0.999978 0.999966 0.999954 0.999953 0.999965 0.999975 1.00013 1.00014 1.00015 1.00026 1.00017 1.00018 1.00028 1.00016 1.00014 0.999997 0.999905 0.999974 1 1 0.999974 0.999905 0.999997 1.00002 0.999992 1 1 0 0 0 
1.00006 0.999996 1 1 1 1 0.999996 1.00006 1.00002 0.999942 1 1 1 1 0.999942 1.00002 1.00004 0.999933 0.999997 0.999996 0.999996 0.999997 0.999933 1.00004 1.00013 0.999978 0.999966 0.999954 0.999954 0.999966 0.999978 1.00013 1.00014 1.00016 1.00028 1.00018 1.00018 1.00028 1.00016 1.00014 0.999997 0.999905 0.999974 1 1 0.999974 0.999905 0.999997 1.00002 0.999992 1 1 1 1 0.999992 
1.00005 0.999996 1 1 1 1 0.999996 1.00005 0.999968 0.999926 1 1 1 1 0.999926 0.999967 1.00007 0.999886 0.99995 0.999943 0.999943 0.99995 0.999886 1.00007 1.00302 1.00183 1.00089 1.00073 1.00073 1.00089 1.00183 1.00302 1.00432 1.00801 1.00939 1.00721 1.00721 1.00939 1.00801 1.00432 1.00189 1.00123 1.00005 0.999959 0.999959 1.00005 1.00123 1.00189 1.00023 0.999968 0.999995 1 1 0.999995 0.999968 
1.00003 0.999988 0.999996 0.999996 0.999996 0.999996 0.999988 1.00003 1.00044 0.999914 0.999982 0.999996 0.999996 0.999982 0.999914 1.00043 1.00323 1.00092 1.00042 1.00055 1.00055 1.00042 1.00092 1.00323 1.05079 1.02498 1.01153 1.01067 1.01067 1.01153 1.02498 1.05079 1.10984 1.16184 1.16182 1.14128 1.14128 1.16182 1.16184 1.10984 1.0686 1.05112 1.00587 1.00007 1.00007 1.00593 1.05111 1.06863 1.00894 1.00027 0.99996 0.999993 0.999993 0.99996 1.00027 
1.00101 1.00001 1.00004 1.00006 1.00006 1.00004 1.00001 1.00101 1.01873 1.00212 1.00012 1.00004 1.00004 1.00012 1.00212 1.01823 1.08281 1.04137 1.02599 1.02924 1.02924 1.02599 1.04137 1.08281 1.54101 1.1902 1.08935 1.10639 1.10639 1.08935 1.1902 1.54101 2.10305 2.38462 2.42811 2.36753 2.36753 2.42811 2.38462 2.10305 1.9315 1.7379 1.14483 1.00957 1.00958 1.14611 1.73784 1.93175 1.15233 1.00688 1.0002 1.00002 1.00002 1.0002 1.00688 
1.03694 1.00151 0.99999 1.00001 1.00001 0.99999 1.00151 1.03694 1.29996 1.04389 1.00267 1.00004 1.00004 1.00267 1.04389 1.28711 2.10937 1.70249 1.60555 1.62791 1.62791 1.60555 1.70249 2.10937 4.85149 2.5631 1.98944 2.06776 2.052 1.96059 2.50784 4.83323 7.72584 8.79339 9.0822 8.97097 8.97097 9.0822 8.79339 7.72584 6.02398 5.2243 2.411 1.19164 1.19163 2.41028 5.22449 6.02387 2.71214 1.16614 1.00802 1.0001 1.0001 1.00802 1.16356 
1.00297 1.00001 0.999923 0.999941 0.999941 0.999923 1.00001 1.00297 1.02339 1.00263 0.999986 0.999917 0.999917 0.999986 1.00263 1.02393 1.08879 1.04525 1.03093 1.03359 1.03359 1.03093 1.04525 1.08879 1.64838 1.25969 1.14075 1.1487 1.14755 1.13648 1.25921 1.65433 2.54993 2.90359 2.65714 2.57033 2.57033 2.65714 2.90359 2.54993 2.00206 1.80477 1.16469 1.01148 1.01147 1.16359 1.80462 2.00182 1.27495 1.01736 1.00051 0.999897 0.999897 1.00051 1.01751 
1.00017 0.999983 0.999999 1 1 0.999999 0.999983 1.00017 1.00069 0.999965 0.999982 1 1 0.999982 0.999965 1.00073 1.00332 1.00094 1.00046 1.00058 1.00058 1.00046 1.00094 1.00332 1.05653 1.02794 1.01392 1.01159 1.0118 1.01402 1.02825 1.05741 1.18003 1.23945 1.16509 1.15278 1.15278 1.16509 1.23945 1.18003 1.08408 1.06399 1.00735 1.00011 1.00011 1.00727 1.06398 1.08402 1.01982 1.00076 0.999941 0.999994 0.999994 0.999941 1.00076 
1.00003 0.999995 1 1 1 1 0.999995 1.00003 0.999995 0.999922 1 1 1 1 0.999922 0.999998 1.00006 0.999894 0.99996 0.999958 0.999958 0.99996 0.999894 1.00006 1.00291 1.00203 1.00096 1.00068 1.00073 1.00103 1.00208 1.00298 1.01162 1.01651 1.00786 1.00753 1.00753 1.00786 1.01651 1.01162 1.00306 1.00212 1.00006 0.99995 0.99995 1.00005 1.00211 1.00306 1.0007 0.999964 0.999989 1 1 0.999989 0.999965 
1.00003 0.999995 1 1 1 1 0.999995 1.00003 0.999998 0.999922 1 1 1 1 0.999923 0.999995 1.00006 0.999894 0.99996 0.999958 0.999958 0.99996 0.999894 1.00006 1.00298 1.00208 1.00103 1.00073 1.00073 1.00103 1.00208 1.00298 1.01162 1.0165 1.00786 1.00753 1.00753 1.00786 1.01651 1.01162 1.00312 1.00217 1.00006 0.999951 0.99995 1.00006 1.00217 1.00306 1.0007 0.999965 0.999989 1 1 0.999989 0.999964 
1.00017 0.999983 0.999999 1 1 0.999999 0.999983 1.00017 1.00073 0.999965 0.999982 1 1 0.999982 0.999953 1.00069 1.00332 1.00094 1.00046 1.00058 1.00058 1.00046 1.00094 1.00325 1.05741 1.02825 1.01402 1.0118 1.0118 1.01402 1.02825 1.05741 1.17996 1.23945 1.16506 1.15277 1.15278 1.16509 1.23945 1.18003 1.08469 1.06472 1.00739 1.00012 1.00013 1.00739 1.06472 1.08408 1.01982 1.00076 0.999941 0.999994 0.999994 0.999941 1.00076 
1.00297 1 0.999922 0.999941 0.999941 0.999923 1.00001 1.00297 1.02393 1.00263 0.999996 0.999919 0.999917 0.999986 1.00251 1.02339 1.08879 1.04525 1.03093 1.03359 1.03393 1.03127 1.0458 1.08798 1.65433 1.25921 1.13648 1.14755 1.14755 1.13648 1.25921 1.65433 2.54564 2.89841 2.65349 2.56788 2.57033 2.65714 2.90359 2.54993 2.00379 1.80796 1.16547 1.01173 1.01201 1.16547 1.80796 2.00206 1.27495 1.01751 1.00051 0.999897 0.999897 1.00051 1.01736 
1.03846 1.00156 0.999988 1.00001 1.00001 0.99999 1.00151 1.03694 1.28711 1.04389 1.00259 1.00004 1.00004 1.00267 1.04518 1.29996 2.10937 1.70249 1.60555 1.62791 1.6528 1.63188 1.75026 2.15768 4.83323 2.50784 1.96059 2.052 2.052 1.96059 2.50784 4.83323 7.81209 8.88346 9.16484 9.05304 8.97097 9.0822 8.79339 7.72584 6.07728 5.27482 2.44155 1.19845 1.21056 2.44155 5.27482 6.02398 2.71214 1.16356 1.00802 1.0001 1.0001 1.00802 1.16614 
2.12827 1.11091 1.0051 1.00009 1.00009 1.0051 1.11295 2.14477 5.12084 2.08522 1.1097 1.00543 1.00593 1.11626 2.09056 5.19964 9.51997 8.72643 8.18204 8.04362 8.04838 8.19414 8.72829 9.54786 14.4427 9.20348 8.43225 8.22901 8.23352 8.43712 9.20602 14.4486 21.1733 23.2273 24.116 24.3451 24.4672 24.251 23.4101 21.2917 18.0117 15.7472 8.41615 3.15983 3.1911 8.41615 15.7472 18.0117 9.62163 2.53316 1.13984 1.00491 1.00491 1.13984 2.53316 
1.14552 1.00934 1.00021 0.999892 0.999892 1.00021 1.00931 1.14551 1.76798 1.12418 1.007 1.00003 1.00003 1.00704 1.12443 1.78583 4.35526 2.68565 2.35762 2.53207 2.54381 2.37278 2.69503 4.42774 13.7196 5.31267 3.71225 3.54411 3.54371 3.71175 5.3128 13.7208 25.5916 28.6215 30.3693 30.4731 30.468 30.3792 28.6874 25.5579 21.6279 18.6542 9.86732 3.82177 3.87358 9.86732 18.6542 21.6279 11.3398 2.87987 1.17508 1.00597 1.00597 1.17508 2.87987 
1.00962 1.00046 0.999943 0.999995 0.999995 0.999943 1.00046 1.00968 1.08482 1.00674 1.00012 0.999945 0.999944 1.00011 1.00691 1.09291 2.42957 1.25975 1.16871 1.39032 1.39281 1.17166 1.26088 2.47348 9.52371 3.02926 1.74845 1.71205 1.712 1.74834 3.02911 9.52539 19.8228 22.2405 23.2972 23.3051 23.3059 23.3084 22.2881 19.8022 16.5877 14.5221 7.5447 2.91455 2.9525 7.5447 14.5221 16.5877 8.32624 2.24481 1.10612 1.00342 1.00342 1.10612 2.24481 
0.990801 0.999322 1.00004 1.00001 1.00001 1.00004 0.999322 0.99081 0.988414 0.99743 0.999814 0.999997 0.999997 0.999831 0.998326 0.995814 1.36582 0.993288 1.0061 1.05317 1.05338 1.00528 0.991263 1.37771 5.33101 1.94928 1.45372 1.36615 1.36615 1.45369 1.94932 5.33055 11.9272 13.5363 13.9512 13.7949 13.7947 13.9537 13.5542 11.9177 11.0554 9.82287 4.23145 1.55565 1.55925 4.23145 9.82287 11.0554 5.13929 1.48576 1.02595 1.0004 1.0004 1.02595 1.48576 
0.99081 0.999322 1.00004 1.00001 1.00001 1.00004 0.999322 0.99081 0.988414 0.99743 0.999814 0.999997 0.999997 0.999814 0.99743 0.988414 1.37771 0.991263 1.00528 1.05317 1.05317 1.0061 0.993288 1.36582 5.33055 1.94932 1.45369 1.36615 1.36615 1.45369 1.94932 5.33055 11.9177 13.5542 13.9537 13.7947 13.8042 13.9505 13.5133 11.9272 11.0128 9.78647 4.18224 1.54374 1.55565 4.23145 9.82287 11.0554 5.13929 1.48576 1.02595 1.0004 1.0004 1.02594 1.48635 
1.00968 1.00046 0.999943 0.999995 0.999995 0.999943 1.00046 1.00968 1.08482 1.00674 1.00012 0.999945 0.999945 1.00012 1.00674 1.08482 2.47348 1.26088 1.17166 1.39032 1.39032 1.16871 1.25975 2.42957 9.52539 3.02911 1.74834 1.712 1.712 1.74834 3.02911 9.52539 19.8022 22.2881 23.3084 23.3059 23.2951 23.3114 22.334 19.8228 16.6901 14.6264 7.51411 2.88535 2.91455 7.5447 14.5221 16.5877 8.32624 2.24481 1.10612 1.00342 1.00342 1.1061 2.2469 
1.14551 1.00931 1.00021 0.999892 0.999892 1.00021 1.00931 1.14551 1.76798 1.12418 1.007 1.00003 1.00003 1.007 1.12418 1.76798 4.42774 2.69503 2.37278 2.53207 2.53207 2.35762 2.68565 4.35526 13.7208 5.3128 3.71175 3.54371 3.54371 3.71175 5.3128 13.7208 25.5579 28.6874 30.3792 30.468 30.4712 30.3792 28.6769 25.5916 21.6916 18.7368 9.79425 3.77126 3.82177 9.86732 18.6542 21.6279 11.3398 2.87987 1.17508 1.00597 1.00596 1.17504 2.88339 
2.14477 1.11295 1.0051 1.00009 1.00009 1.0051 1.11295 2.14477 5.12084 2.08522 1.1097 1.00543 1.00543 1.1097 2.08522 5.12084 9.54786 8.72829 8.19414 8.04362 8.04362 8.18204 8.72643 9.51997 14.4486 9.20602 8.43712 8.23352 8.23352 8.43712 9.20602 14.4486 21.2917 23.4101 24.251 24.4672 24.4648 24.2512 23.4228 21.1733 18.1671 15.8932 8.40209 3.13117 3.15983 8.41615 15.7472 18.0117 9.62163 2.53316 1.13984 1.00491 1.00491 1.13982 2.54184 
7.23134 2.14037 1.09945 1.00373 1.00368 1.09945 2.13963 7.23394 16.5352 7.00024 2.13643 1.11502 1.11538 2.13665 7.00024 16.5352 27.4093 28.6657 28.9266 28.8502 28.8486 28.9253 28.6587 27.4443 27.4604 25.9885 25.5187 25.629 25.629 25.5187 25.9885 27.4604 30.2962 32.2365 32.5901 32.6334 32.6318 32.5858 32.222 30.2932 23.8601 21.1399 10.6308 3.37679 3.37692 10.6457 21.1965 23.8533 12.5933 3.24992 1.25842 1.01352 1.01383 1.26118 3.26379 
9.4918 2.61599 1.1505 1.00582 1.00574 1.1505 2.61416 9.48553 21.002 9.23197 2.61761 1.17524 1.17554 2.61735 9.23197 21.002 31.5689 33.0815 33.3517 33.3298 33.326 33.3439 33.0735 31.6167 31.6077 30.998 30.8336 31.1891 31.1891 30.8336 30.998 31.6077 32.3878 34.0927 34.4856 34.5348 34.5359 34.4881 34.0974 32.4025 24.9181 22.0687 11.2084 3.53555 3.52834 11.1913 22.0998 24.8645 13.1005 3.3846 1.28662 1.01589 1.01633 1.29057 3.40582 
9.89262 2.69101 1.15766 1.00616 1.00607 1.15766 2.6891 9.88468 21.905 9.59083 2.6887 1.18315 1.18334 2.68748 9.59083 21.905 33.1404 34.4836 34.7382 34.7501 34.7515 34.7381 34.4778 33.1921 33.6231 33.6277 33.6505 33.8487 33.8487 33.6505 33.6277 33.6231 32.9218 34.5112 34.891 34.9347 34.9354 34.8924 34.5101 32.9475 25.1414 22.2902 11.3171 3.5648 3.55791 11.3031 22.3257 25.0882 13.2199 3.40853 1.28935 1.01612 1.01655 1.2933 3.42978 
9.93993 2.69658 1.15724 1.00597 1.0059 1.15724 2.69485 9.92922 22.0226 9.66287 2.71123 1.18475 1.18432 2.70723 9.66287 22.0226 33.3755 34.6996 34.9385 34.9627 34.9629 34.9383 34.6936 33.4257 34.2742 34.5502 34.6159 34.7066 34.7066 34.6159 34.5502 34.2742 32.9969 34.5982 34.9465 34.9864 34.9866 34.9468 34.5947 33.0354 25.1912 22.3382 11.2403 3.52852 3.5253 11.2355 22.3559 25.1239 13.1352 3.35748 1.27159 1.01407 1.01437 1.27445 3.37246 
9.92922 2.69485 1.15672 1.0059 1.00597 1.15724 2.69658 9.93993 22.0226 9.66287 2.71121 1.18475 1.18475 2.71123 9.66797 22.108 33.3755 34.6996 34.9385 34.9627 34.9627 34.9385 34.6996 33.3755 34.2828 34.5515 34.616 34.7066 34.7066 34.6159 34.5502 34.2742 33.0354 34.5947 34.9468 34.9866 34.9864 34.9465 34.5982 32.9969 25.1239 22.3559 11.2355 3.5253 3.5253 11.2355 22.3559 25.1239 13.1352 3.35748 1.27159 1.01407 1.01407 1.27159 3.35748 
9.88468 2.6891 1.15696 1.00607 1.00616 1.15766 2.69101 9.89262 21.905 9.59083 2.68861 1.18315 1.18315 2.6887 9.59277 21.9898 33.1404 34.4836 34.7382 34.7501 34.7501 34.7382 34.4836 33.1404 33.6334 33.6292 33.6504 33.8488 33.8487 33.6505 33.6277 33.6231 32.9475 34.5101 34.8924 34.9354 34.9347 34.891 34.5112 32.9218 25.0882 22.3257 11.3031 3.55791 3.55791 11.3031 22.3257 25.0882 13.2199 3.40853 1.28935 1.01612 1.01612 1.28935 3.40853 
9.48553 2.61416 1.14982 1.00574 1.00582 1.1505 2.61599 9.4918 21.002 9.23197 2.61718 1.17521 1.17524 2.61761 9.23028 21.0744 31.5689 33.0815 33.3517 33.3298 33.3298 33.3517 33.0815 31.5689 31.6228 30.9935 30.8333 31.1889 31.1891 30.8336 30.998 31.6077 32.4025 34.0974 34.4881 34.5359 34.5348 34.4856 34.0927 32.3878 24.8645 22.0998 11.1913 3.52834 3.52834 11.1913 22.0998 24.8645 13.1005 3.3846 1.28662 1.01589 1.01589 1.28662 3.3846 
7.23394 2.13963 1.09902 1.00368 1.00373 1.09945 2.14037 7.23134 16.5352 7.00024 2.13575 1.11497 1.11502 2.13643 7.00556 16.6637 27.4093 28.6657 28.9266 28.8502 28.8502 28.9266 28.6657 27.4093 27.6362 26.1792 25.5248 25.6332 25.629 25.5187 25.9885 27.4604 30.2932 32.222 32.5858 32.6318 32.6334 32.5901 32.2365 30.2962 23.8533 21.1965 10.6457 3.37692 3.37692 10.6457 21.1965 23.8533 12.5933 3.24992 1.25842 1.01352 1.01352 1.25842 3.24992 
3.69214 1.30857 1.01516 1.00023 1.00023 1.01516 1.30857 3.69214 11.8339 3.64406 1.29535 1.01615 1.01586 1.2936 3.62987 11.7893 29.9666 32.9711 33.647 33.7366 33.7008 33.6113 32.9436 29.9413 34.0721 34.3148 34.2284 34.0684 34.0998 34.2528 34.3352 34.0988 32.4055 34.2931 34.6571 34.7137 34.7134 34.6544 34.2967 32.3455 24.9203 21.6728 10.9844 3.53873 3.53873 10.9844 21.6728 24.9203 13.4532 3.49494 1.30157 1.01758 1.01758 1.30157 3.49494 
3.06286 1.21401 1.00973 0.999993 0.999993 1.00973 1.21401 3.06286 10.6191 2.95725 1.17389 1.00717 1.0071 1.17485 2.95657 10.603 30.0547 33.6998 34.6203 34.7505 34.7534 34.6239 33.7013 30.0399 34.4363 34.7204 34.7481 34.7298 34.7285 34.7476 34.7216 34.4465 32.9587 34.5855 34.8911 34.9202 34.9179 34.8892 34.5893 32.8978 25.5173 22.0409 10.9757 3.46232 3.46232 10.9757 22.0409 25.5173 13.7528 3.54125 1.30773 1.01787 1.01787 1.30773 3.54125 
3.00305 1.20685 1.00944 1.00006 1.00006 1.00944 1.20685 3.00305 10.4308 2.87518 1.16303 1.00651 1.0065 1.16438 2.87422 10.4136 30.0774 33.8399 34.816 34.9549 34.9551 34.8164 33.8378 30.0627 34.5814 34.8802 34.9257 34.9339 34.934 34.9259 34.8816 34.5934 33.0868 34.659 34.951 34.9844 34.9841 34.9506 34.6638 33.0288 25.6652 22.1248 10.9803 3.45899 3.45899 10.9803 22.1248 25.6652 13.8221 3.54702 1.30756 1.01785 1.01785 1.30756 3.54702 
3.0443 1.2132 1.00932 1.00005 1.00005 1.00932 1.2132 3.0443 10.5281 2.92206 1.17299 1.00698 1.00698 1.17372 2.91929 10.5097 30.1127 33.8514 34.8332 34.9754 34.9753 34.8329 33.8473 30.0971 34.6256 34.9269 34.9762 34.9851 34.9852 34.9764 34.9278 34.6341 33.1582 34.6855 34.9615 34.9938 34.9938 34.9615 34.69 33.1069 25.8192 22.2161 10.9515 3.45009 3.45009 10.9515 22.2161 25.8192 13.8072 3.50714 1.29273 1.01587 1.01587 1.29273 3.50714 
3.0483 1.21305 1.00928 1.00005 1.00005 1.00932 1.2132 3.0443 10.5097 2.91929 1.17457 1.00724 1.00698 1.17299 2.91929 10.5097 30.0971 33.8473 34.8332 34.9754 34.9754 34.8332 33.8514 30.1127 34.6341 34.9278 34.9764 34.9852 34.9852 34.9764 34.9278 34.6341 33.1069 34.69 34.9615 34.9938 34.9938 34.9615 34.6855 33.1582 26.0579 22.2697 10.7951 3.4075 3.45009 10.9515 22.2697 25.8192 13.8072 3.50714 1.29273 1.01587 1.0155 1.28958 3.49116 
3.00507 1.20624 1.00935 1.00005 1.00006 1.00944 1.20685 3.00305 10.4136 2.87422 1.16595 1.00688 1.00651 1.16303 2.87422 10.4136 30.0627 33.8378 34.816 34.9549 34.9549 34.816 33.8399 30.0774 34.5934 34.8816 34.9259 34.934 34.934 34.9259 34.8816 34.5934 33.0288 34.6638 34.9506 34.9841 34.9844 34.951 34.659 33.0868 25.9313 22.2046 10.7702 3.4059 3.45899 10.9803 22.2046 25.6652 13.8221 3.54702 1.30756 1.01785 1.01733 1.30331 3.52467 
3.06454 1.21342 1.00964 0.999988 0.999993 1.00973 1.21401 3.06286 10.603 2.95657 1.17665 1.0075 1.00717 1.17389 2.95657 10.603 30.0399 33.7013 34.6203 34.7505 34.7505 34.6203 33.6998 30.0547 34.4465 34.7216 34.7476 34.7285 34.7285 34.7476 34.7216 34.4465 32.8978 34.5893 34.8892 34.9179 34.9202 34.8911 34.5855 32.9587 25.787 22.1259 10.761 3.40727 3.46232 10.9757 22.1259 25.5173 13.7528 3.54125 1.30773 1.01787 1.01735 1.30345 3.51863 
3.68307 1.30691 1.01507 1.00023 1.00023 1.01516 1.30857 3.69214 11.7893 3.62987 1.29406 1.01614 1.01615 1.29535 3.62987 11.7893 29.9413 32.9436 33.647 33.7366 33.7366 33.647 32.9711 29.9666 34.0988 34.3352 34.2528 34.0998 34.0998 34.2528 34.3352 34.0988 32.3455 34.2967 34.6544 34.7134 34.7137 34.6571 34.2931 32.4055 25.1556 21.7241 10.7788 3.47811 3.53873 10.9844 21.7241 24.9203 13.4532 3.49494 1.30157 1.01758 1.01715 1.29799 3.47646 
2.71701 1.14167 1.00486 1.00011 1.0001 1.00473 1.14023 2.70374 9.9738 2.70135 1.14647 1.00479 1.00477 1.1468 2.70895 10.1008 29.7966 33.5224 34.6157 34.7893 34.7799 34.6151 33.5154 30.3263 33.6726 34.3442 34.3976 34.2603 34.2603 34.3976 34.3442 33.6726 31.2038 33.6699 34.3711 34.6438 34.6498 34.3744 33.6671 31.2512 22.2179 18.2763 11.9082 4.82014 4.90855 11.969 18.171 21.9681 12.566 4.04916 1.49386 1.0514 1.04975 1.48311 4.00273 
2.60314 1.1281 1.00431 0.999997 0.999985 1.00416 1.1267 2.59049 9.74449 2.6113 1.13671 1.00422 1.00424 1.13766 2.62589 9.88829 30.0889 33.738 34.7614 34.9279 34.9268 34.7604 33.7192 30.6244 34.1278 34.6888 34.7681 34.7499 34.7499 34.7681 34.6888 34.1278 31.8709 34.4088 34.8594 34.9296 34.9279 34.8558 34.3869 31.8995 22.0458 18.1572 12.4627 5.19082 5.29568 12.5222 18.0544 21.7764 12.6289 4.2199 1.53461 1.05787 1.05596 1.52213 4.16591 
2.5899 1.12583 1.00425 1.00006 1.00005 1.0041 1.1244 2.57707 9.73622 2.60784 1.13641 1.0043 1.00434 1.13744 2.62286 9.8814 30.1595 33.7862 34.7983 34.9637 34.9653 34.8009 33.7732 30.7089 34.3007 34.8452 34.9289 34.9403 34.9403 34.9289 34.8452 34.3007 32.0314 34.5278 34.9349 34.9841 34.9845 34.9361 34.5127 32.0637 22.2137 18.2928 12.4596 5.17071 5.27422 12.5198 18.1918 21.9506 12.6958 4.20601 1.52993 1.05714 1.05526 1.5177 4.15308 
2.57675 1.12341 1.00403 1.00005 1.00004 1.00392 1.12224 2.56533 9.74286 2.60404 1.13441 1.00422 1.00426 1.13534 2.6171 9.88448 30.1843 33.7891 34.8019 34.969 34.9707 34.8043 33.7798 30.716 34.3728 34.8944 34.9743 34.9862 34.9862 34.9743 34.8944 34.3728 32.2042 34.5551 34.9459 34.9919 34.9923 34.9469 34.5443 32.2407 22.838 18.7956 12.0547 4.90126 4.97662 12.1016 18.7034 22.612 12.8979 3.98528 1.46257 1.04407 1.04285 1.45458 3.95045 
2.56533 1.12224 1.00392 1.00004 1.00004 1.00392 1.12224 2.56533 9.88448 2.6171 1.13534 1.00426 1.00426 1.13534 2.6171 9.88448 30.1843 33.7891 34.8019 34.969 34.969 34.8019 33.7891 30.1843 34.3673 34.8925 34.974 34.9862 34.9862 34.9743 34.8944 34.3728 32.2407 34.5443 34.9469 34.9923 34.9919 34.9459 34.5551 32.2042 22.612 18.7034 12.1016 4.97662 4.97662 12.1016 18.7034 22.612 12.8979 3.98528 1.46257 1.04407 1.04407 1.46257 3.98528 
2.57707 1.1244 1.0041 1.00005 1.00005 1.0041 1.1244 2.57707 9.8814 2.62286 1.13744 1.00434 1.00434 1.13744 2.62286 9.8814 30.1595 33.7862 34.7983 34.9637 34.9637 34.7983 33.7862 30.1595 34.2909 34.8422 34.9284 34.9402 34.9403 34.9289 34.8452 34.3007 32.0637 34.5127 34.9361 34.9845 34.9841 34.9349 34.5278 32.0314 21.9506 18.1918 12.5198 5.27422 5.27422 12.5198 18.1918 21.9506 12.6958 4.20601 1.52993 1.05714 1.05714 1.52993 4.20601 
2.59049 1.1267 1.00416 0.999985 0.999985 1.00416 1.1267 2.59049 9.88829 2.62589 1.13766 1.00424 1.00424 1.13766 2.62589 9.88829 30.0889 33.738 34.7614 34.9279 34.9279 34.7614 33.738 30.0889 34.118 34.686 34.7686 34.7518 34.7499 34.7681 34.6888 34.1278 31.8995 34.3869 34.8558 34.9279 34.9296 34.8594 34.4088 31.8709 21.7764 18.0544 12.5222 5.29568 5.29568 12.5222 18.0544 21.7764 12.6289 4.2199 1.53461 1.05787 1.05787 1.53461 4.2199 
2.70374 1.14023 1.00473 1.0001 1.0001 1.00473 1.14023 2.70374 10.1008 2.70895 1.1468 1.00477 1.00477 1.1468 2.70895 10.1008 29.7966 33.5224 34.6157 34.7893 34.7893 34.6157 33.5224 29.7966 33.6423 34.3287 34.3829 34.2376 34.2603 34.3976 34.3442 33.6726 31.2512 33.6671 34.3744 34.6498 34.6438 34.3711 33.6699 31.2038 21.9681 18.171 11.969 4.90855 4.90855 11.969 18.171 21.9681 12.566 4.04916 1.49386 1.0514 1.0514 1.49386 4.04916 
3.16033 1.20848 1.00875 1.00016 1.00016 1.00875 1.20848 3.16033 10.7823 3.1214 1.21128 1.00932 1.00932 1.21128 3.1214 10.7823 28.4667 32.6758 34.1776 34.383 34.383 34.1776 32.6758 28.4667 27.9456 28.0987 27.6848 27.7948 27.7924 27.681 27.9084 27.7985 25.3303 28.3157 31.5978 32.9371 32.9175 31.5329 28.1888 25.1718 21.0844 18.9687 10.2175 3.51296 3.51296 10.2175 18.9687 21.0844 11.3268 3.10976 1.26446 1.01651 1.01651 1.26446 3.10976 
2.44347 1.10024 1.00227 0.999936 0.999936 1.00227 1.10024 2.44347 9.54647 2.44658 1.10521 1.00292 1.00292 1.10521 2.44658 9.54647 28.4677 32.9958 34.552 34.8242 34.8242 34.552 32.9958 28.4677 31.5525 31.4704 31.5402 31.9041 31.9043 31.5405 31.4742 31.5666 30.1769 32.6592 34.0701 34.5145 34.5028 34.0254 32.6553 30.1436 23.095 20.946 11.0769 3.66073 3.66073 11.0769 20.946 23.095 12.5284 3.34026 1.29031 1.01742 1.01742 1.29031 3.34026 
2.31803 1.08519 1.00161 0.999997 0.999997 1.00161 1.08519 2.31803 9.26247 2.33415 1.09236 1.00246 1.00246 1.09236 2.33415 9.26247 28.5998 33.2419 34.6801 34.9406 34.9406 34.6801 33.2419 28.5998 33.477 33.7168 33.817 34.0162 34.0162 33.8171 33.7194 33.4938 31.6831 34.0255 34.7657 34.9106 34.9046 34.7461 34.0125 31.6392 23.9682 21.7198 11.3402 3.71368 3.71368 11.3402 21.7198 23.9682 12.933 3.4086 1.29681 1.01773 1.01773 1.29681 3.4086 
2.30563 1.08449 1.00169 1 1 1.00169 1.08449 2.30563 9.24482 2.32936 1.09196 1.00247 1.00247 1.09196 2.32936 9.24482 28.6512 33.3206 34.714 34.9561 34.9561 34.714 33.3206 28.6512 34.1343 34.5562 34.6469 34.7374 34.7374 34.6468 34.5577 34.146 32.0906 34.3798 34.9031 34.9785 34.9768 34.8972 34.3709 32.0618 24.2427 21.9001 11.2295 3.62136 3.62136 11.2295 21.9001 24.2427 12.9406 3.35241 1.2771 1.01521 1.01521 1.2771 3.35241 
2.30529 1.08426 1.00171 1.00001 1 1.00169 1.08449 2.30563 9.23377 2.33057 1.09248 1.00255 1.00247 1.09196 2.32936 9.24482 28.6512 33.3206 34.714 34.9561 34.9578 34.7215 33.3374 28.6344 34.146 34.5577 34.6468 34.7374 34.7374 34.6468 34.5577 34.146 32.0618 34.3709 34.8972 34.9768 34.9768 34.8972 34.3709 32.0618 24.4506 21.9537 11.197 3.60199 3.60199 11.197 21.9001 24.2427 12.9406 3.35241 1.2771 1.01521 1.01484 1.2741 3.33764 
2.31675 1.08498 1.00165 1 0.999997 1.00161 1.08519 2.31803 9.25036 2.33603 1.09303 1.00256 1.00246 1.09236 2.33415 9.26247 28.5998 33.2419 34.6801 34.9406 34.9428 34.6903 33.2638 28.575 33.4938 33.7194 33.8171 34.0162 34.0162 33.8171 33.7194 33.4938 31.6392 34.0125 34.7461 34.9046 34.9046 34.7461 34.0125 31.6392 24.1941 21.803 11.2932 3.68629 3.68629 11.2932 21.7198 23.9682 12.933 3.4086 1.29681 1.01773 1.01719 1.29264 3.38724 
2.44179 1.09995 1.00229 0.999941 0.999936 1.00227 1.10024 2.44347 9.53013 2.44751 1.10576 1.00301 1.00292 1.10521 2.44658 9.54647 28.4677 32.9958 34.552 34.8242 34.8282 34.5643 33.0207 28.44 31.5666 31.4742 31.5405 31.9043 31.9043 31.5405 31.4742 31.5666 30.1436 32.6553 34.0254 34.5028 34.5028 34.0254 32.6553 30.1436 23.3241 21.0644 11.0339 3.63343 3.63343 11.0339 20.946 23.095 12.5284 3.34026 1.29031 1.01742 1.01688 1.28615 3.31877 
3.17306 1.20983 1.00884 1.00016 1.00016 1.00875 1.20848 3.16033 10.7853 3.13235 1.2129 1.00944 1.00932 1.21128 3.1214 10.7823 28.4667 32.6758 34.1776 34.383 34.3595 34.164 32.6793 28.4038 27.7985 27.9084 27.681 27.7924 27.7924 27.681 27.9084 27.7985 25.1718 28.1888 31.5329 32.9175 32.9175 31.5329 28.1888 25.1718 21.145 18.9663 10.1349 3.47241 3.47241 10.1349 18.9687 21.0844 11.3268 3.10976 1.26446 1.01651 1.01592 1.25966 3.08235 
6.8167 2.03312 1.08867 1.00334 1.00334 1.08867 2.03312 6.8167 15.6222 6.74132 2.07178 1.10549 1.10549 2.07178 6.74132 15.6222 24.1529 29.2528 30.5482 30.6809 30.6809 30.5482 29.2528 24.1529 9.84235 9.60239 9.68826 9.4575 9.4575 9.68826 9.60239 9.84235 10.6146 16.4718 24.0863 27.6289 27.5114 23.9603 16.31 10.4834 7.42872 7.12084 3.04926 1.27861 1.27861 3.06569 7.18457 7.50748 3.57533 1.30037 1.01865 1.00041 1.00041 1.01865 1.30037 
9.04234 2.48351 1.13527 1.00514 1.00514 1.13527 2.48351 9.04234 19.6696 9.18215 2.55422 1.16618 1.16618 2.55422 9.18215 19.6696 25.689 32.1609 33.4887 33.7075 33.7075 33.4887 32.1609 25.689 4.10198 4.34093 4.31223 3.95733 3.95733 4.31223 4.34093 4.10198 5.11896 12.954 24.7965 30.4532 30.4709 24.8202 12.9216 5.11722 2.26259 2.06382 1.22646 1.01589 1.01589 1.22614 2.06428 2.26451 1.39036 1.03095 1.00122 0.999892 0.999892 1.00122 1.03095 
9.40454 2.55237 1.14173 1.00543 1.00543 1.14173 2.55237 9.40454 20.3607 9.55547 2.61634 1.17304 1.17304 2.61634 9.55547 20.3607 25.875 32.8656 34.4013 34.6613 34.6613 34.4013 32.8656 25.875 1.81579 1.80569 1.80396 1.65253 1.65253 1.80396 1.80569 1.81579 3.47411 11.7727 24.9273 31.2565 31.2728 24.9513 11.7392 3.46774 1.23998 1.09779 1.00942 1.00017 1.00017 1.00942 1.09782 1.24073 1.04051 1.00198 0.999973 0.999985 0.999985 0.999973 1.00198 
9.39043 2.54522 1.14 1.00518 1.00518 1.14 2.54522 9.39043 20.3265 9.51975 2.61248 1.16839 1.16839 2.61248 9.51975 20.3265 25.8847 32.9513 34.5096 34.7608 34.7608 34.5096 32.9513 25.8847 1.54162 1.39387 1.39193 1.35489 1.35489 1.39193 1.39387 1.54162 3.23985 11.4867 24.8573 31.2878 31.2967 24.8723 11.4666 3.23627 1.25658 1.01684 1.00057 0.999895 0.999895 1.00058 1.01689 1.25698 1.0264 1.00102 0.999946 0.999988 0.999988 0.999946 1.00102 
9.39316 2.54706 1.14053 1.00525 1.00518 1.14 2.54522 9.39043 20.2678 9.51844 2.61264 1.16868 1.16839 2.61248 9.51975 20.3265 25.8847 32.9513 34.5096 34.7608 34.7658 34.5133 32.9618 25.4629 1.54206 1.39434 1.39206 1.3549 1.35489 1.39193 1.39387 1.54162 3.23627 11.4666 24.8723 31.2967 31.2878 24.8573 11.4867 3.23985 1.25698 1.01689 1.00058 0.999895 0.999894 1.00057 1.01684 1.25658 1.0264 1.00102 0.999946 0.999988 0.999988 0.999944 1.00101 
9.40589 2.55467 1.14245 1.00553 1.00543 1.14173 2.55237 9.40454 20.2963 9.55463 2.61783 1.17404 1.17304 2.61634 9.55547 20.3607 25.875 32.8656 34.4013 34.6613 34.674 34.4208 32.8835 25.4524 1.81634 1.80652 1.80431 1.65245 1.65253 1.80396 1.80569 1.81579 3.46774 11.7392 24.9513 31.2728 31.2565 24.9273 11.7727 3.47411 1.24073 1.09782 1.00942 1.00017 1.00017 1.00942 1.09779 1.23998 1.04051 1.00198 0.999973 0.999985 0.999985 0.999973 1.00198 
9.04374 2.48584 1.13599 1.00523 1.00514 1.13527 2.48351 9.04234 19.6175 9.18575 2.55608 1.16726 1.16618 2.55422 9.18215 19.6696 25.689 32.1609 33.4887 33.7075 33.7378 33.5324 32.1786 25.3143 4.10624 4.34653 4.318 3.96157 3.95733 4.31223 4.34093 4.10198 5.11722 12.9216 24.8202 30.4709 30.4532 24.7965 12.954 5.11896 2.26451 2.06428 1.22614 1.01589 1.01592 1.22646 2.06382 2.26259 1.39036 1.03095 1.00122 0.999892 0.999893 1.00124 1.03133 
6.81385 2.03478 1.08921 1.00341 1.00334 1.08867 2.03312 6.8167 15.505 6.74526 2.0727 1.10625 1.10549 2.07178 6.74132 15.6222 24.1529 29.2528 30.5482 30.6809 30.2953 30.0889 29.2674 23.9626 9.67019 9.39963 9.48626 9.28016 9.4575 9.68826 9.60239 9.84235 10.4834 16.31 23.9603 27.5114 27.6289 24.0863 16.4718 10.6146 7.50748 7.18457 3.06569 1.27861 1.2758 3.04926 7.12084 7.42872 3.57533 1.30037 1.01865 1.00041 1.00041 1.01855 1.29716 
1.77178 1.07099 1.00308 1.00001 1.00001 1.00307 1.07097 1.77153 4.24572 1.8071 1.08179 1.00409 1.00419 1.083 1.80649 4.25994 9.9511 12.3462 12.6585 12.6734 12.7932 12.7824 12.5687 10.1032 1.95614 1.79861 1.78214 1.8109 1.8109 1.78214 1.79861 1.95614 3.11213 5.7427 9.50293 11.369 11.369 9.50293 5.7427 3.11213 1.67551 1.54388 1.09517 1.00676 1.00676 1.09517 1.54388 1.67551 1.05848 1.00026 0.999865 1.00002 1.00001 0.999862 1.00023 
1.10471 1.00735 1.0002 0.999904 0.999904 1.0002 1.00735 1.10473 1.54385 1.08387 1.00509 1 1 1.00508 1.08361 1.54542 2.90191 3.51131 3.52996 3.49585 3.48938 3.52177 3.47562 2.87671 1.09623 1.06902 1.06968 1.08049 1.08049 1.06968 1.06902 1.09623 1.18671 1.66737 2.81341 3.24277 3.24277 2.81341 1.66737 1.18671 1.0515 1.03848 1.00411 1.00005 1.00005 1.00411 1.03848 1.0515 1.00647 1.00007 0.999905 0.999941 0.999941 0.999906 1.00007 
1.00684 1.00031 0.999953 0.999997 0.999997 0.999953 1.00031 1.00684 1.03718 1.00354 1.00003 0.999958 0.999958 1.00003 1.00348 1.03706 1.22382 1.31215 1.31003 1.29461 1.29462 1.31 1.30715 1.22035 1.00804 1.00851 1.00869 1.00713 1.00713 1.00869 1.00851 1.00804 1.00429 1.0469 1.239 1.27874 1.27874 1.239 1.0469 1.00429 1.00307 1.00097 0.999998 0.999961 0.999961 0.999998 1.00097 1.00307 1.00064 0.999997 0.999995 1 1 0.999995 0.999997 
1.0003 0.999951 0.999994 1 1 0.999994 0.999951 1.0003 1.00117 0.999951 0.999966 0.999999 0.999999 0.999966 0.999945 1.00115 1.01409 1.02094 1.01975 1.01758 1.01758 1.01975 1.02032 1.01368 1.00058 1.00051 1.00058 1.00047 1.00047 1.00058 1.00051 1.00058 0.999909 1.00165 1.01801 1.01877 1.01877 1.01801 1.00165 0.999909 1.00013 0.999909 0.999982 1 1 0.999982 0.999909 1.00013 1.00002 0.999989 1 1 1 1 0.999989 
1.0003 0.999951 0.999994 1 1 0.999994 0.999951 1.0003 1.00115 0.999945 0.999966 0.999999 0.999999 0.999966 0.999945 1.00115 1.01409 1.02094 1.01975 1.01758 1.01758 1.01975 1.02094 1.01409 1.00058 1.00051 1.00058 1.00047 1.00047 1.00058 1.00051 1.00058 0.999919 1.00151 1.01677 1.01824 1.01877 1.01801 1.00165 0.999909 1.00013 0.999909 0.999982 1 1 0.999982 0.999909 1.00014 1.00002 0.999989 1 1 1 1 0.999989 
1.00684 1.00031 0.999953 0.999997 0.999997 0.999953 1.00031 1.00684 1.03706 1.00348 1.00003 0.999958 0.999958 1.00003 1.00348 1.03706 1.22382 1.31215 1.31003 1.29461 1.29461 1.31003 1.31215 1.22382 1.00804 1.00851 1.00869 1.00713 1.00713 1.00869 1.00851 1.00804 1.00442 1.04509 1.22868 1.27416 1.27874 1.239 1.0469 1.00429 1.00307 1.00097 0.999998 0.999961 0.999961 0.999996 1.00095 1.00315 1.00064 0.999997 0.999995 1 1 0.999995 0.999997 
1.10473 1.00735 1.0002 0.999904 0.999904 1.0002 1.00735 1.10473 1.54542 1.08361 1.00509 1 1 1.00509 1.08361 1.54542 2.90191 3.51131 3.52996 3.49585 3.49585 3.52996 3.51131 2.90191 1.09496 1.06762 1.0683 1.07935 1.08049 1.06968 1.06902 1.09623 1.18869 1.66158 2.76132 3.22409 3.24277 2.81341 1.66737 1.18671 1.0515 1.03848 1.00411 1.00005 1.00005 1.00402 1.03768 1.05151 1.00647 1.00007 0.999905 0.999941 0.999941 0.999905 1.00007 
1.77153 1.07097 1.00307 1.00001 1.00001 1.00307 1.07097 1.77153 4.25994 1.80649 1.08179 1.00409 1.00409 1.08179 1.80649 4.25994 9.9511 12.3462 12.6585 12.6734 12.6734 12.6585 12.3462 9.9511 1.93409 1.77922 1.7623 1.79078 1.8109 1.78214 1.79861 1.95614 3.15104 5.8666 9.57477 11.3437 11.369 9.50293 5.7427 3.11213 1.67551 1.54388 1.09517 1.00676 1.00642 1.09042 1.52274 1.65471 1.05848 1.00026 0.999865 1.00002 1.00002 0.999865 1.00026 
1.05019 1.00163 1.00001 1.00004 1.00004 1.00001 1.00163 1.05019 1.49409 1.07374 1.00506 1.00015 1.00015 1.00506 1.07374 1.49409 2.6407 3.13943 3.19838 3.24391 3.24391 3.19838 3.13943 2.6407 1.04848 1.07745 1.06994 1.04298 1.04298 1.06994 1.07745 1.04848 1.19832 1.56234 2.69317 3.13816 3.13816 2.69317 1.56234 1.19832 1.01743 1.0445 1.00523 1.00026 1.00026 1.00523 1.0445 1.01743 0.998668 0.999872 1.00007 1.00006 1.00006 1.00007 0.999872 
1.00214 1.00003 0.999982 0.999996 0.999996 0.999982 1.00003 1.00214 1.02974 1.00267 1.00003 0.999956 0.999956 1.00003 1.00267 1.02974 1.19457 1.26926 1.2947 1.29309 1.29309 1.2947 1.26926 1.19457 0.998767 1.00058 1.00001 0.998817 0.998817 1.00001 1.00058 0.998767 1.00982 1.03143 1.15543 1.19984 1.19984 1.15543 1.03143 1.00982 0.998488 1.00132 1.00008 0.999962 0.999962 1.00008 1.00132 0.998488 0.999658 0.99999 1 0.999996 0.999996 1 0.99999 
1.00006 0.999989 1 1 1 1 0.999989 1.00006 1.00068 0.999935 0.999971 0.999999 0.999999 0.999971 0.999935 1.00068 1.01091 1.01551 1.01948 1.01944 1.01944 1.01948 1.01551 1.01091 0.999802 0.999746 0.99978 0.999773 0.999773 0.99978 0.999746 0.999802 1.00034 1.00055 1.00581 1.00744 1.00744 1.00581 1.00055 1.00034 0.999884 0.999924 0.999976 0.999998 0.999998 0.999976 0.999924 0.999884 1.00009 1 1 1 1 1 1 
1.00005 0.999996 1 1 1 1 0.999996 1.00005 0.999975 0.999926 1 1 1 1 0.999926 0.999975 1.00037 1.0004 1.00066 1.00064 1.00064 1.00066 1.0004 1.00037 1.0001 0.999972 1.00004 1.00004 1.00004 1.00004 0.999972 1.0001 1.00003 0.999893 1.00005 1.00001 1.00001 1.00005 0.999893 1.00003 1.00005 0.999932 0.999999 1 1 0.999999 0.999932 1.00005 1.00007 0.999996 1 1 1 1 0.999996 
0 0 0 0 1 1 0.999996 1.00005 0.999974 0.999926 1 1 1 1 0.999926 0.999975 1.00037 1.0004 1.00066 1.00064 1.00061 1.00064 1.00038 1.00036 1.0001 0.999972 1.00004 1.00004 1.00004 1.00004 0.999972 1.0001 1.00003 0.999893 1.00006 1.00002 1.00001 1.00005 0.999893 1.00003 1.00004 0.999932 0.999999 1 1 0.999999 0.999932 1.00005 1.00007 0.999996 1 1 0 0 0 
0 0 0 0 1 1 0.999989 1.00006 1.00067 0.999936 0.999971 0.999999 0.999999 0.999971 0.999935 1.00068 1.01091 1.01551 1.01948 1.01944 1.019 1.01902 1.01515 1.01065 0.999813 0.999744 0.99978 0.999776 0.999773 0.99978 0.999746 0.999802 1.00032 1.00056 1.00605 1.00763 1.00744 1.00581 1.00055 1.00034 0.999891 0.999921 0.999976 0.999998 0.999998 0.999976 0.999924 0.999884 1.00009 1 1 1 0 0 0 
0 0 0 0 0.999996 0.999982 1.00003 1.00214 1.02955 1.00268 1.00003 0.999956 0.999956 1.00003 1.00267 1.02974 1.19457 1.26926 1.2947 1.29309 1.28969 1.29137 1.26638 1.19241 0.998954 1.00044 0.999896 0.998766 0.998817 1.00001 1.00058 0.998767 1.00954 1.03163 1.15842 1.20222 1.19984 1.15543 1.03143 1.00982 0.998542 1.00128 1.00008 0.999962 0.999962 1.00008 1.00132 0.998488 0.999658 0.99999 1 0.999996 0 0 0 
