0 0 0 0 1.00008 1.00003 1.00019 1.00421 1.04516 1.00767 1.00075 1.00005 1.00005 1.00076 1.00776 1.04587 1.30949 1.15265 1.11159 1.10788 1.10793 1.11192 1.15219 1.31085 2.21406 1.41737 1.18969 1.229 1.23014 1.19408 1.4186 2.20929 2.76696 3.11483 3.26895 3.29945 3.2856 3.24579 3.08196 2.74352 2.44339 2.14828 1.33193 1.04143 1.04125 1.33009 2.14177 2.43685 1.41585 1.03203 1.00186 1.00007 0 0 0 
0 0 0 0 0.999996 0.999993 0.999984 1.00016 1.00186 1.00004 0.999943 0.999987 0.999987 0.999944 1.00004 1.00189 1.02183 1.0074 1.00431 1.00439 1.00437 1.0043 1.00735 1.02219 1.17656 1.06057 1.02513 1.02656 1.02636 1.02509 1.05991 1.17414 1.31937 1.43657 1.46382 1.43214 1.43597 1.46814 1.4398 1.32128 1.17433 1.1323 1.02617 1.00159 1.00158 1.02602 1.13184 1.17341 1.04546 1.0032 1.00016 0.999963 0 0 0 
0 0 0 0 1 1 0.999993 1.00005 0.999974 0.999856 0.999989 1 1 0.999989 0.999856 0.999975 1.00079 0.999998 1 1.00001 1.00001 1 0.999995 1.00082 1.01727 1.0062 1.00247 1.00227 1.00224 1.00245 1.0061 1.01694 1.02854 1.0464 1.05418 1.04645 1.04719 1.05514 1.0473 1.02899 1.00959 1.00662 1.0008 0.99993 0.999929 1.00079 1.0066 1.00952 1.00198 1.00006 0.999971 0.999997 0 0 0 
0 0 0 0 1 1 0.999996 1.00008 1.00002 0.999913 1 1 1 1 0.999913 1.00002 1.00003 0.99986 0.999969 0.999966 0.999966 0.999969 0.99986 1.00003 1.00104 1.00034 1.00011 1.00007 1.00006 1.00011 1.00033 1.00101 1.00153 1.00274 1.00349 1.00267 1.00274 1.00358 1.00281 1.00157 1.00012 0.999945 0.999932 0.999988 0.999988 0.999932 0.999946 1.00012 1.0001 0.999967 0.999996 1 0 0 0 
1.00008 0.999996 1 1 1 1 0.999996 1.00008 1.00002 0.999913 1 1 1 1 0.999913 1.00002 1.00003 0.99986 0.999969 0.999966 0.999966 0.999969 0.99986 1.00003 1.00104 1.00034 1.00011 1.00007 1.00007 1.00011 1.00034 1.00104 1.00157 1.00281 1.00358 1.00274 1.00274 1.00358 1.00281 1.00157 1.00012 0.999946 0.999932 0.999988 0.999988 0.999932 0.999945 1.00012 1.0001 0.999967 0.999996 1 1 0.999996 0.999967 
1.00005 0.999993 1 1 1 1 0.999993 1.00005 0.999975 0.999856 0.999989 1 1 0.999989 0.999856 0.999975 1.00082 0.999995 1 1.00001 1.00001 1 0.999998 1.00079 1.01727 1.0062 1.00247 1.00227 1.00227 1.00247 1.0062 1.01727 1.02899 1.0473 1.05514 1.04719 1.04719 1.05514 1.0473 1.02899 1.00952 1.0066 1.00079 0.999929 0.99993 1.0008 1.00662 1.00959 1.00198 1.00006 0.999971 0.999997 0.999997 0.999971 1.00006 
1.00016 0.999984 0.999993 0.999996 0.999996 0.999993 0.999984 1.00016 1.00189 1.00004 0.999944 0.999987 0.999987 0.999944 1.00004 1.00189 1.02219 1.00735 1.0043 1.00437 1.00439 1.00431 1.0074 1.02183 1.17656 1.06057 1.02513 1.02656 1.02656 1.02513 1.06057 1.17656 1.32128 1.4398 1.46814 1.43597 1.43597 1.46814 1.4398 1.32128 1.17341 1.13184 1.02602 1.00158 1.00159 1.02617 1.1323 1.17433 1.04546 1.0032 1.00016 0.999963 0.999963 1.00016 1.0032 
1.00421 1.00019 1.00003 1.00008 1.00008 1.00003 1.00019 1.00421 1.04587 1.00776 1.00076 1.00005 1.00005 1.00076 1.00776 1.04587 1.31085 1.15219 1.11192 1.10793 1.10788 1.11159 1.15265 1.30949 2.21406 1.41737 1.18969 1.229 1.229 1.18969 1.41737 2.21406 2.74352 3.08196 3.24579 3.2856 3.2856 3.24579 3.08196 2.74352 2.43685 2.14177 1.33009 1.04125 1.04143 1.33193 2.14828 2.44339 1.41585 1.03203 1.00186 1.00007 1.00007 1.00186 1.03203 
1.09632 1.00664 1.00019 0.999965 0.999965 1.00019 1.00677 1.09888 1.49124 1.0987 1.01087 1.00051 1.00049 1.01063 1.09963 1.51279 3.268 2.54613 2.29216 2.18198 2.20457 2.31376 2.56665 3.28857 6.36896 3.96857 2.93632 2.89578 2.84259 2.85648 3.90192 6.34778 8.32673 9.31587 9.63905 9.69637 9.7753 9.71934 9.39415 8.40065 6.32658 5.26482 2.90577 1.51743 1.50665 2.87852 5.23845 6.32257 3.60699 1.43525 1.04054 1.00162 1.00161 1.04014 1.43015 
1.01152 1.00059 0.999858 0.999906 0.999906 0.999857 1.00059 1.01152 1.0557 1.00891 1.00046 0.999838 0.999835 1.00043 1.0086 1.05601 1.31471 1.16137 1.12733 1.11911 1.11936 1.12762 1.16137 1.31078 2.38639 1.62083 1.31058 1.31864 1.31761 1.30709 1.61946 2.39576 3.41348 3.92887 3.75651 3.60628 3.60299 3.75065 3.9228 3.40886 2.50924 2.19359 1.35252 1.0521 1.0516 1.35085 2.19603 2.50988 1.692 1.08678 1.00544 0.999994 0.999998 1.0055 1.0873 
1.00088 0.999974 0.999984 1 1 0.999984 0.999973 1.00088 1.00296 1.00019 0.999928 0.99999 0.999991 0.999925 1.00016 1.0029 1.02207 1.00742 1.00494 1.00482 1.00482 1.00494 1.00741 1.02172 1.20434 1.07501 1.03064 1.02921 1.02928 1.03047 1.07534 1.20649 1.4692 1.61173 1.50329 1.44125 1.44125 1.50312 1.6117 1.469 1.2053 1.15789 1.03006 1.00218 1.00215 1.02988 1.15792 1.2058 1.09398 1.00817 1.0003 0.999943 0.999943 1.0003 1.0082 
1.00005 0.999981 1 1 1 1 0.999981 1.00005 1.00003 0.999853 0.999993 1 1 0.999993 0.999851 1.00002 1.00073 0.999928 0.999991 0.999993 0.999993 0.999991 0.999927 1.00071 1.01874 1.00741 1.00293 1.00232 1.00235 1.00296 1.00751 1.01904 1.06109 1.08797 1.05863 1.04651 1.04651 1.05862 1.08797 1.06107 1.01479 1.01116 1.00103 0.999893 0.999892 1.00102 1.01116 1.01488 1.00723 1.00039 0.999917 0.999993 0.999993 0.999917 1.00039 
1.00005 0.999981 1 1 1 1 0.999981 1.00005 1.00003 0.999853 0.999993 1 1 0.999993 0.999853 1.00003 1.00071 0.999927 0.999991 0.999993 0.999993 0.999991 0.999927 1.00071 1.01904 1.00751 1.00296 1.00235 1.00235 1.00296 1.00751 1.01904 1.06107 1.08797 1.05862 1.04651 1.04651 1.05862 1.08797 1.06107 1.01488 1.01134 1.00109 0.999894 0.999893 1.00103 1.01116 1.01479 1.00723 1.00039 0.999917 0.999993 0.999993 0.999917 1.00039 
1.00088 0.999973 0.999984 1 1 0.999984 0.999973 1.00088 1.00296 1.00019 0.999928 0.99999 0.99999 0.999928 1.00019 1.00296 1.02172 1.00741 1.00494 1.00482 1.00482 1.00494 1.00741 1.02172 1.20649 1.07534 1.03047 1.02928 1.02928 1.03047 1.07534 1.20649 1.469 1.6117 1.50312 1.44125 1.44125 1.50312 1.6117 1.469 1.2058 1.1592 1.0311 1.00218 1.00218 1.03006 1.15789 1.2053 1.09398 1.0082 1.0003 0.999943 0.999943 1.0003 1.00817 
1.01152 1.00059 0.999857 0.999906 0.999906 0.999857 1.00059 1.01152 1.0557 1.00891 1.00046 0.999838 0.999838 1.00046 1.00891 1.0557 1.31078 1.16137 1.12762 1.11936 1.11936 1.12762 1.16137 1.31078 2.39576 1.61946 1.30709 1.31761 1.31761 1.30709 1.61946 2.39576 3.40886 3.9228 3.75065 3.60299 3.60299 3.75065 3.9228 3.40886 2.50988 2.19875 1.35986 1.05178 1.0521 1.35252 2.19359 2.50924 1.692 1.0873 1.0055 0.999998 0.999994 1.00544 1.08678 
1.09888 1.00677 1.00019 0.999965 0.999965 1.00019 1.00677 1.09888 1.49124 1.0987 1.01087 1.00051 1.00051 1.01087 1.0987 1.49124 3.28857 2.56665 2.31376 2.20457 2.20457 2.31376 2.56665 3.28857 6.34778 3.90192 2.85648 2.84259 2.84259 2.85648 3.90192 6.34778 8.40065 9.39415 9.71934 9.7753 9.7753 9.71934 9.39415 8.40065 6.32257 5.27478 2.9699 1.51043 1.51743 2.90577 5.26482 6.32658 3.60699 1.43015 1.04014 1.00161 1.00162 1.04054 1.43525 
2.69406 1.28154 1.0213 1.00073 1.00074 1.02169 1.28154 2.69406 5.41843 2.46442 1.22135 1.019 1.01955 1.22641 2.45235 5.4271 10.2109 9.28628 9.26464 9.22264 9.09645 9.13942 9.16728 10.1202 15.3231 11.3334 10.4162 10.018 10.0202 10.4187 11.3348 15.3247 18.882 20.5507 22.2543 23.1511 23.1511 22.2543 20.5507 18.882 15.8951 13.4577 8.80835 4.70504 4.71054 8.84682 13.3892 15.9669 9.93121 3.26917 1.34101 1.02473 1.02448 1.33881 3.25566 
1.37991 1.04394 1.00246 0.999887 0.999885 1.00245 1.04394 1.37991 2.36368 1.29754 1.02801 1.00124 1.00124 1.02812 1.29834 2.39997 5.82198 3.67894 3.25967 3.32338 3.32268 3.26212 3.68185 5.86175 15.0771 8.28534 6.12592 5.32191 5.32163 6.12543 8.28513 15.078 22.8154 24.9899 27.3355 28.1846 28.1846 27.3355 24.9899 22.8154 18.7242 15.5049 10.5924 5.97878 5.9804 10.6753 15.4575 18.781 11.2503 3.647 1.40927 1.02961 1.02946 1.40822 3.64341 
1.04437 1.00341 1.00006 0.99996 0.99996 1.00006 1.00341 1.04437 1.30738 1.0352 1.0016 0.999878 0.999878 1.00161 1.03636 1.32548 3.24041 1.61001 1.36613 1.49624 1.4971 1.36771 1.60887 3.26197 11.1665 4.96955 3.14207 2.5751 2.57503 3.1419 4.96873 11.1668 18.2214 20.0553 21.8008 22.3737 22.3737 21.8008 20.0553 18.2214 15.2941 12.8133 8.46855 4.49698 4.5051 8.55448 12.7989 15.3683 8.98664 2.87967 1.26045 1.0167 1.01662 1.2598 2.87703 
0.983227 0.998147 1 1.00002 1.00002 1 0.998147 0.983227 1.03132 0.998983 0.999631 0.999989 0.999992 0.99968 1.00023 1.04178 1.95757 1.0818 1.03355 1.08154 1.08171 1.03322 1.07932 1.96743 7.69688 3.14063 2.01418 1.68273 1.68272 2.01412 3.14049 7.6972 13.3971 15.0559 15.7941 15.9008 15.9008 15.7941 15.0559 13.3971 11.6799 9.79462 5.52205 2.50459 2.49835 5.54033 9.73448 11.6555 7.13415 2.22281 1.1267 1.00554 1.00553 1.12652 2.22233 
0.983315 0.998158 1 1.00002 1.00002 1 0.998147 0.983227 1.04178 1.00023 0.99968 0.999992 0.999992 0.99968 1.00023 1.04178 1.95757 1.0818 1.03355 1.08154 1.08154 1.03355 1.0818 1.95757 7.6972 3.14049 2.01412 1.68272 1.68272 2.01412 3.14049 7.6972 13.3713 15.0752 15.8313 15.907 15.9008 15.7941 15.0559 13.3971 11.6901 9.84558 5.54033 2.49835 2.50459 5.52205 9.79462 11.6799 7.12701 2.22233 1.12652 1.00553 1.00554 1.1267 2.22281 
1.04481 1.00342 1.00006 0.99996 0.99996 1.00006 1.00341 1.04437 1.32548 1.03636 1.00161 0.999878 0.999878 1.00161 1.03636 1.32548 3.24041 1.61001 1.36613 1.49624 1.49624 1.36613 1.61001 3.24041 11.1668 4.96873 3.1419 2.57503 2.57503 3.1419 4.96873 11.1668 18.2333 20.2147 21.8444 22.3371 22.3737 21.8008 20.0553 18.2214 15.3181 12.9059 8.55448 4.5051 4.49698 8.46855 12.8133 15.2941 8.96682 2.87703 1.2598 1.01662 1.0167 1.26045 2.87967 
1.38059 1.0439 1.00245 0.999885 0.999887 1.00246 1.04394 1.37991 2.39997 1.29834 1.02812 1.00124 1.00124 1.02812 1.29834 2.39997 5.82198 3.67894 3.25967 3.32338 3.32338 3.25967 3.67894 5.82198 15.078 8.28513 6.12543 5.32163 5.32163 6.12543 8.28513 15.078 22.7979 25.1248 27.4412 28.1978 28.1846 27.3355 24.9899 22.8154 18.7452 15.622 10.6753 5.9804 5.97878 10.5924 15.5049 18.7242 11.2199 3.64341 1.40822 1.02946 1.02961 1.40927 3.647 
2.71552 1.28545 1.02169 1.00074 1.00073 1.0213 1.28154 2.69406 5.4271 2.45235 1.22641 1.01955 1.01955 1.22641 2.45235 5.4271 10.2109 9.28628 9.26464 9.22264 9.22264 9.26464 9.28628 10.2109 15.3247 11.3348 10.4187 10.0202 10.0202 10.4187 11.3348 15.3247 19.178 20.9889 22.5577 23.1331 23.1511 22.2543 20.5507 18.882 16.1163 13.6543 8.84682 4.71054 4.70504 8.80835 13.4577 15.8951 9.86328 3.25566 1.33881 1.02448 1.02473 1.34101 3.26917 
7.74985 2.64567 1.22676 1.01566 1.01566 1.22676 2.64567 7.74985 15.9338 7.33306 2.60035 1.26596 1.26596 2.60035 7.33306 15.9338 25.4393 27.3766 28.3719 28.5148 28.5148 28.3719 27.3766 25.4393 25.5762 24.2808 24.1964 24.2557 24.2557 24.1964 24.2808 25.5762 27.4482 29.8144 31.067 31.2379 31.3119 31.1399 29.8786 27.4897 21.1551 18.4888 10.8115 4.72949 4.72949 10.8383 18.4888 21.1551 13.641 4.57986 1.63412 1.06411 1.06411 1.63412 4.57986 
10.2243 3.38991 1.35756 1.02664 1.02664 1.35756 3.38991 10.2243 19.7284 9.66047 3.3311 1.43246 1.43246 3.3311 9.66047 19.7284 29.6815 31.8737 32.5361 32.6315 32.6315 32.5361 31.8737 29.6815 29.267 28.4194 28.3723 28.865 28.865 28.3723 28.4194 29.267 30.9481 33.329 33.9351 34.067 34.063 33.9299 33.3173 30.9044 22.7045 19.6678 11.616 4.9947 4.9947 11.5916 19.6678 22.7045 14.3495 4.84784 1.71024 1.07818 1.07818 1.71024 4.84784 
10.9704 3.59989 1.39239 1.02938 1.02938 1.39239 3.59989 10.9704 21.1392 10.3167 3.51746 1.47209 1.47209 3.51746 10.3167 21.1392 31.6672 33.7165 34.2972 34.3991 34.3991 34.2972 33.7165 31.6672 31.6621 31.3518 31.4343 31.9822 31.9822 31.4343 31.3518 31.6621 31.9026 34.0918 34.6962 34.8102 34.8099 34.6947 34.085 31.8635 23.1595 20.0524 11.8183 5.06569 5.06569 11.789 20.0524 23.1595 14.6354 4.92319 1.72212 1.07939 1.07939 1.72212 4.92319 
11.0642 3.61517 1.39251 1.02867 1.02867 1.39251 3.61517 11.0642 21.4522 10.3995 3.54669 1.48073 1.48073 3.54669 10.3995 21.4522 32.2029 34.1355 34.7334 34.8324 34.8324 34.7334 34.1355 32.2029 33.0061 33.1543 33.3351 33.7216 33.7216 33.3351 33.1543 33.0061 32.093 34.1555 34.8246 34.9413 34.9414 34.8247 34.1541 32.0694 23.3718 20.246 11.7758 5.01336 5.01336 11.7533 20.246 23.3718 14.6327 4.80255 1.67548 1.06777 1.06777 1.67548 4.80255 
11.0358 3.60727 1.39106 1.02848 1.02867 1.39251 3.61517 11.0642 21.4453 10.3952 3.5558 1.48299 1.48073 3.54669 10.3995 21.4522 32.2029 34.1355 34.7334 34.8324 34.8282 34.7255 34.132 32.1425 33.0092 33.1568 33.3351 33.7228 33.7216 33.3351 33.1543 33.0061 32.0694 34.1541 34.8247 34.9414 34.9414 34.8247 34.1541 32.0694 23.4058 20.274 11.7443 5.00551 5.0039 11.7443 20.3037 23.4058 14.6327 4.80255 1.67548 1.06777 1.06688 1.67083 4.78231 
10.932 3.59005 1.39056 1.02913 1.02938 1.39239 3.59989 10.9704 21.1335 10.3129 3.52835 1.47441 1.47209 3.51746 10.3167 21.1392 31.6672 33.7165 34.2972 34.3991 34.3893 34.2806 33.7008 31.6028 31.6705 31.3521 31.4335 31.9848 31.9822 31.4343 31.3518 31.6621 31.8635 34.085 34.6947 34.8099 34.8099 34.6947 34.085 31.8635 23.2127 20.1017 11.7801 5.05049 5.04905 11.7801 20.1481 23.2127 14.6354 4.92319 1.72212 1.07939 1.07801 1.71492 4.89187 
10.1887 3.38087 1.35588 1.02641 1.02664 1.35756 3.38991 10.2243 19.717 9.65699 3.34036 1.4344 1.43246 3.3311 9.66047 19.7284 29.6815 31.8737 32.5361 32.6315 32.6136 32.5129 31.8502 29.612 29.2731 28.417 28.3684 28.8668 28.865 28.3723 28.4194 29.267 30.9044 33.3173 33.9299 34.063 34.063 33.9299 33.3173 30.9044 22.7505 19.7213 11.5806 4.98209 4.97963 11.5806 19.7558 22.7505 14.3495 4.84784 1.71024 1.07818 1.0768 1.70306 4.81666 
7.73973 2.64188 1.22588 1.01552 1.01566 1.22676 2.64567 7.74985 15.9854 7.33112 2.60666 1.26697 1.26596 2.60035 7.33306 15.9338 25.4393 27.3766 28.3719 28.5148 28.7916 28.6424 27.5101 25.5097 25.7244 24.465 24.3864 24.4248 24.2557 24.1964 24.2808 25.5762 27.4897 29.8786 31.1399 31.3119 31.3119 31.1399 29.8786 27.4897 21.25 18.5293 10.8314 4.74276 4.74221 10.8314 18.5918 21.25 13.641 4.57986 1.63412 1.06411 1.06325 1.62971 4.56116 
5.18968 1.72226 1.06258 1.0024 1.0024 1.06252 1.72231 5.19047 13.7918 4.88406 1.67707 1.06274 1.06274 1.67707 4.88406 13.7918 29.1849 32.1636 33.1831 33.4035 33.3967 33.1834 32.17 28.9989 33.1779 33.86 33.9174 33.6348 33.636 33.9179 33.8906 33.2163 30.5986 33.3184 34.1789 34.382 34.382 34.1789 33.3184 30.5986 23.1822 19.1993 11.6754 5.3277 5.40016 11.7505 19.1993 23.1822 14.2711 4.95649 1.74507 1.0873 1.08855 1.75117 4.97842 
4.56055 1.53799 1.03891 1.001 1.001 1.03897 1.53804 4.56135 13.1331 4.2887 1.49068 1.03547 1.03547 1.49068 4.2887 13.1331 29.4612 32.8227 34.1439 34.4272 34.4214 34.1397 32.8463 29.2439 33.6578 34.3602 34.4338 34.3906 34.3905 34.4336 34.365 33.6803 31.44 33.874 34.5998 34.7522 34.7522 34.5998 33.874 31.44 24.1144 19.7726 11.8023 5.15819 5.24796 11.8963 19.7726 24.1144 14.6066 5.01768 1.75914 1.08909 1.09073 1.76715 5.04645 
4.43937 1.51125 1.03623 1.00097 1.00097 1.03627 1.51131 4.44019 12.9242 4.14522 1.45504 1.03165 1.03165 1.45504 4.14522 12.9242 29.5401 33.1007 34.5245 34.8201 34.8181 34.5266 33.1263 29.3134 33.9098 34.6076 34.7325 34.7657 34.7657 34.7325 34.6121 33.9331 31.7256 34.0888 34.7803 34.9234 34.9234 34.7803 34.0888 31.7256 24.4067 19.9672 11.8112 5.13287 5.21885 11.9045 19.9672 24.4067 14.8043 5.04589 1.75892 1.08826 1.08988 1.76682 5.07455 
4.45838 1.51912 1.03755 1.00104 1.00104 1.03765 1.51917 4.45916 12.9385 4.16183 1.46197 1.03282 1.03282 1.46197 4.16183 12.9385 29.5709 33.171 34.6028 34.8983 34.8982 34.6061 33.193 29.3488 34.0422 34.738 34.8754 34.9141 34.9141 34.8753 34.7406 34.0567 31.8881 34.1867 34.8346 34.9595 34.9595 34.8346 34.1867 31.8881 24.6115 20.1534 11.7141 5.05771 5.11639 11.7711 20.1534 24.6115 15.0061 4.98067 1.72256 1.07658 1.07766 1.72789 4.9999 
4.45916 1.51917 1.03765 1.00104 1.00104 1.03765 1.51917 4.45916 12.9435 4.15782 1.46162 1.03301 1.03282 1.46197 4.16183 12.9385 29.3488 33.193 34.5982 34.8971 34.8983 34.6028 33.1649 29.4778 34.0567 34.7406 34.8753 34.9141 34.9141 34.8753 34.7406 34.0567 31.8647 34.1746 34.8313 34.9585 34.9595 34.8346 34.1867 31.8881 24.6115 20.1534 11.7711 5.11639 5.05771 11.7141 20.5138 24.8803 15.0061 4.98067 1.72256 1.07658 1.07658 1.72256 4.98067 
4.44019 1.51131 1.03627 1.00097 1.00097 1.03627 1.51131 4.44019 12.9292 4.14082 1.45504 1.03202 1.03165 1.45504 4.14522 12.9242 29.3134 33.1263 34.5166 34.8171 34.8201 34.5245 33.0906 29.4508 33.9331 34.6121 34.7325 34.7657 34.7657 34.7325 34.6121 33.9331 31.69 34.0702 34.7747 34.9219 34.9234 34.7803 34.0888 31.7256 24.4067 19.9672 11.9045 5.21885 5.13287 11.8112 20.5232 24.8195 14.8043 5.04589 1.75892 1.08826 1.08826 1.75892 5.04589 
4.56135 1.53804 1.03897 1.001 1.001 1.03897 1.53804 4.56135 13.1381 4.28433 1.49073 1.03586 1.03547 1.49068 4.2887 13.1331 29.2439 32.8463 34.1301 34.4193 34.4272 34.1439 32.8085 29.3756 33.6803 34.365 34.4336 34.3905 34.3905 34.4336 34.365 33.6803 31.4034 33.8535 34.5919 34.7482 34.7522 34.5998 33.874 31.44 24.1144 19.7726 11.8963 5.24796 5.15819 11.8023 20.3481 24.5462 14.6066 5.01768 1.75914 1.08909 1.08909 1.75914 5.01768 
5.19047 1.72231 1.06252 1.0024 1.0024 1.06252 1.72231 5.19047 13.7771 4.86674 1.67383 1.06267 1.06274 1.67707 4.88406 13.7918 28.9989 32.17 33.2242 33.4482 33.4035 33.1831 32.1923 29.1318 33.2163 33.8906 33.9179 33.636 33.636 33.9179 33.8906 33.2163 30.5772 33.3164 34.191 34.4003 34.382 34.1789 33.3184 30.5986 23.1822 19.1993 11.7505 5.40016 5.3277 11.6754 19.6019 23.4859 14.2711 4.95649 1.74507 1.0873 1.0873 1.74507 4.95649 
4.30682 1.45741 1.03085 1.00086 1.00084 1.03049 1.45476 4.29254 12.3859 4.04125 1.44359 1.03322 1.03457 1.45285 4.06336 12.57 28.7634 32.5381 34.1425 34.4942 34.4947 34.1582 32.5344 28.8568 32.5698 33.9146 34.1194 33.8567 33.8327 34.1087 33.8954 32.5403 29.0698 32.5869 34.0046 34.3517 34.3517 34.0046 32.5869 29.0698 18.7557 15.9001 12.5533 8.19747 8.19903 12.5548 15.854 18.9032 12.1801 5.76308 2.14947 1.23077 1.22564 2.12949 5.7061 
4.18634 1.42974 1.02891 1.00069 1.00066 1.0285 1.42692 4.17347 12.2815 3.93038 1.41815 1.0311 1.03291 1.43063 3.97216 12.5136 29.3021 32.9603 34.4741 34.7958 34.8062 34.4879 32.9561 29.4069 33.1736 34.2689 34.4691 34.4369 34.4381 34.4682 34.2634 33.1705 30.0765 33.6518 34.6085 34.7887 34.7887 34.6085 33.6518 30.0765 18.2521 15.8052 13.1091 9.38869 9.38907 13.1082 15.7674 18.4421 11.9817 6.11272 2.29304 1.27768 1.27118 2.26788 6.04772 
4.15871 1.42157 1.02807 1.00074 1.00071 1.02766 1.41873 4.14563 12.2977 3.92483 1.41644 1.03112 1.03295 1.42899 3.96668 12.5319 29.4599 33.0866 34.5617 34.8764 34.8849 34.5744 33.0831 29.5671 33.4779 34.5124 34.7325 34.7829 34.7827 34.7313 34.5075 33.4759 30.4376 33.9039 34.7789 34.9337 34.9337 34.7789 33.9039 30.4376 18.6907 15.9514 13.1615 9.26501 9.26551 13.1612 15.9143 18.8681 12.1622 6.0557 2.26421 1.26803 1.26181 2.24029 5.99216 
4.11848 1.40842 1.026 1.00063 1.00061 1.02572 1.4065 4.10902 12.3334 3.9186 1.40882 1.02943 1.03083 1.41805 3.94655 12.5557 29.5191 33.1199 34.5816 34.8941 34.8993 34.5919 33.1162 29.6252 33.6447 34.6511 34.8671 34.9191 34.9189 34.8664 34.6483 33.6465 30.7359 33.9714 34.8142 34.9609 34.9609 34.8142 33.9714 30.7359 19.9662 16.4123 12.7249 8.26251 8.2621 12.7257 16.3995 20.1401 12.6053 5.5621 2.05604 1.18977 1.18636 2.04331 5.52363 
4.10902 1.4065 1.02572 1.00061 1.00061 1.02572 1.4065 4.10902 12.5557 3.94655 1.41805 1.03083 1.03083 1.41805 3.94655 12.5557 29.5191 33.1199 34.5816 34.8941 34.8941 34.5816 33.1199 29.5191 33.6465 34.6483 34.8664 34.9189 34.9191 34.8671 34.6511 33.6447 30.761 33.9697 34.8111 34.9597 34.9609 34.8142 33.9714 30.7359 19.9365 16.3465 12.7374 8.34003 8.34003 12.7374 16.3465 19.9365 12.6053 5.5621 2.05604 1.18977 1.18977 2.05604 5.5621 
4.14563 1.41873 1.02766 1.00071 1.00071 1.02766 1.41873 4.14563 12.5319 3.96668 1.42899 1.03295 1.03295 1.42899 3.96668 12.5319 29.4599 33.0866 34.5617 34.8764 34.8764 34.5617 33.0866 29.4599 33.4759 34.5075 34.7313 34.7827 34.7829 34.7325 34.5124 33.4779 30.4791 33.905 34.7776 34.9327 34.9337 34.7789 33.9039 30.4376 18.6254 15.8534 13.1739 9.3893 9.3893 13.1739 15.8534 18.6254 12.1622 6.0557 2.26421 1.26803 1.26803 2.26421 6.0557 
4.17347 1.42692 1.0285 1.00066 1.00066 1.0285 1.42692 4.17347 12.5136 3.97216 1.43063 1.03291 1.03291 1.43063 3.97216 12.5136 29.3021 32.9603 34.4741 34.7958 34.7958 34.4741 32.9603 29.3021 33.1705 34.2634 34.4682 34.4381 34.4369 34.4691 34.2689 33.1736 30.1204 33.6539 34.6117 34.7938 34.7887 34.6085 33.6518 30.0765 18.18 15.7092 13.1189 9.51569 9.51569 13.1189 15.7092 18.18 11.9817 6.11272 2.29304 1.27768 1.27768 2.29304 6.11272 
4.29254 1.45476 1.03049 1.00084 1.00084 1.03049 1.45476 4.29254 12.57 4.06336 1.45285 1.03457 1.03457 1.45285 4.06336 12.57 28.7634 32.5381 34.1425 34.4942 34.4942 34.1425 32.5381 28.7634 32.5403 33.8954 34.1087 33.8327 33.8567 34.1194 33.9146 32.5698 29.0916 32.5774 33.9182 34.2928 34.3517 34.0046 32.5869 29.0698 18.6803 15.7884 12.5702 8.30401 8.30401 12.5702 15.7884 18.6803 12.1801 5.76308 2.14947 1.23077 1.23077 2.14947 5.76308 
4.50492 1.56081 1.0434 1.00158 1.00158 1.0434 1.56081 4.50492 12.12 4.29719 1.53334 1.04435 1.04435 1.53334 4.29719 12.12 26.4352 31.4429 33.5041 33.9778 33.9778 33.5041 31.4429 26.4352 27.1966 27.8292 28.048 27.9692 27.8015 27.8587 27.6481 27.0676 23.9448 27.707 30.9863 32.083 32.0347 30.9208 27.876 24.1082 18.8623 16.3898 10.8319 5.1288 5.00558 10.8965 16.3712 18.8394 11.6323 4.19474 1.61646 1.07699 1.07885 1.62515 4.23146 
3.83482 1.3652 1.02028 1.00027 1.00027 1.02028 1.3652 3.83482 11.4108 3.70248 1.35799 1.02104 1.02104 1.35799 3.70248 11.4108 26.8286 32.0105 34.0453 34.5486 34.5486 34.0453 32.0105 26.8286 29.5058 29.691 29.8871 30.3583 30.3588 29.8895 29.696 29.5247 27.6819 30.9595 33.0749 33.8518 33.8385 33.0427 31.0472 27.8155 20.7521 18.032 11.6297 5.35442 5.26956 11.6547 17.9403 20.6251 12.9271 4.52543 1.66932 1.07903 1.0805 1.67581 4.55085 
3.61555 1.31419 1.01574 1.00018 1.00018 1.01574 1.31419 3.61555 11.1969 3.51953 1.31594 1.01718 1.01718 1.31594 3.51953 11.1969 27.12 32.3449 34.2987 34.7859 34.7859 34.2987 32.3449 27.12 31.4058 31.6477 31.9262 32.5067 32.5074 31.9274 31.6536 31.4239 29.699 32.8193 34.2279 34.6278 34.6174 34.2046 32.8858 29.8257 21.9677 19.0347 12.0011 5.43269 5.35229 12.0324 18.9562 21.8419 13.7007 4.71164 1.69718 1.08086 1.08232 1.70363 4.73692 
3.57817 1.30646 1.01528 1.00019 1.00019 1.01528 1.30646 3.57817 11.1705 3.49267 1.31063 1.01707 1.01707 1.31063 3.49267 11.1705 27.2806 32.5094 34.3926 34.833 34.833 34.3926 32.5094 27.2806 32.6694 33.2518 33.5233 33.914 33.9144 33.5247 33.2548 32.6796 30.4156 33.539 34.614 34.8671 34.8632 34.6041 33.5615 30.5327 22.4443 19.5449 11.9119 5.24414 5.19729 11.9367 19.4991 22.34 14.0309 4.66005 1.65691 1.06866 1.06956 1.661 4.67729 
3.5823 1.30611 1.01524 1.00019 1.00019 1.01528 1.30646 3.57817 11.251 3.48354 1.31069 1.01707 1.01707 1.31063 3.49267 11.1705 27.2806 32.5094 34.3926 34.833 34.8366 34.3993 32.5016 27.392 32.6796 33.2548 33.5247 33.9144 33.914 33.5233 33.2518 32.6694 30.5327 33.5615 34.6041 34.8632 34.8632 34.6041 33.5615 30.5327 22.4443 19.5449 11.9119 5.24414 5.24414 11.9119 19.5449 22.4443 14.0309 4.66005 1.65691 1.06866 1.06866 1.65691 4.66005 
3.62131 1.31384 1.01571 1.00018 1.00018 1.01574 1.31419 3.61555 11.2735 3.50883 1.31595 1.01717 1.01718 1.31594 3.51953 11.1969 27.12 32.3449 34.2987 34.7859 34.7912 34.3096 32.335 27.2338 31.4239 31.6536 31.9274 32.5074 32.5067 31.9262 31.6477 31.4058 29.8257 32.8858 34.2046 34.6174 34.6174 34.2046 32.8858 29.8257 21.9677 19.0347 12.0011 5.43269 5.43269 12.0011 19.0347 21.9677 13.7007 4.71164 1.69718 1.08086 1.08086 1.69718 4.71164 
3.84005 1.36473 1.02022 1.00027 1.00027 1.02028 1.3652 3.83482 11.4857 3.69147 1.35764 1.02101 1.02104 1.35799 3.70248 11.4108 26.8286 32.0105 34.0453 34.5486 34.5568 34.0579 31.9916 26.9382 29.5247 29.696 29.8895 30.3588 30.3583 29.8871 29.691 29.5058 27.8155 31.0472 33.0427 33.8385 33.8385 33.0427 31.0472 27.8155 20.7521 18.032 11.6297 5.35442 5.35442 11.6297 18.032 20.7521 12.9271 4.52543 1.66932 1.07903 1.07903 1.66932 4.52543 
4.51965 1.56302 1.04359 1.00158 1.00158 1.0434 1.56081 4.50492 12.1955 4.29287 1.5335 1.04435 1.04435 1.53334 4.29719 12.12 26.4352 31.4429 33.5041 33.9778 33.9559 33.4847 31.4174 26.5219 27.0676 27.6481 27.8587 27.8015 27.9692 28.048 27.8292 27.1966 24.1082 27.876 30.9208 32.0347 32.0347 30.9208 27.876 24.1082 18.8623 16.3898 10.8319 5.1288 5.1288 10.8319 16.3898 18.8623 11.6323 4.19474 1.61646 1.07699 1.07699 1.61646 4.19474 
7.04655 2.4387 1.18966 1.01209 1.01216 1.18976 2.43709 7.04298 14.1055 6.77973 2.45498 1.23104 1.23114 2.45731 6.78409 14.2031 22.7416 28.406 30.1219 30.5283 30.3437 29.9502 28.406 22.6371 10.7966 10.4532 10.7368 10.6518 10.4862 10.5415 10.2639 10.641 11.7775 17.5699 23.5948 26.2695 26.2695 23.5948 17.5699 11.7775 8.29235 7.30231 3.86199 1.75339 1.75339 3.86199 7.30231 8.29235 4.84595 1.77025 1.08675 1.00516 1.00516 1.08675 1.77025 
9.33733 3.1122 1.30166 1.02024 1.02033 1.30173 3.11068 9.34819 17.3577 9.20936 3.17002 1.38346 1.38351 3.1707 9.1929 17.3872 23.458 30.3355 32.6811 33.2061 33.2187 32.7119 30.3355 23.3437 6.15974 6.64577 6.6375 5.95934 5.96074 6.63873 6.64567 6.16106 7.09348 14.888 24.2068 28.5258 28.5258 24.2068 14.888 7.09348 3.17035 2.60344 1.51992 1.07457 1.07457 1.51992 2.60344 3.17035 2.01198 1.15003 1.01179 1.00032 1.00032 1.01179 1.15003 
9.96252 3.29207 1.33183 1.02243 1.02251 1.33179 3.28971 9.97281 18.3536 9.8994 3.32883 1.41364 1.41394 3.33075 9.89045 18.3996 23.5619 31.0889 33.748 34.3308 34.34 33.7821 31.0889 23.4075 3.08147 3.36024 3.32788 2.76629 2.76618 3.3283 3.3607 3.08001 4.90439 13.2972 24.2529 29.4726 29.4726 24.2529 13.2972 4.90439 1.59565 1.23334 1.04179 1.00311 1.00311 1.04179 1.23334 1.59565 1.17646 1.01769 1.00085 0.999908 0.999908 1.00085 1.01769 
10.0427 3.30721 1.33499 1.02246 1.0225 1.33478 3.30482 10.0505 18.4839 9.95962 3.33304 1.41415 1.41474 3.33529 9.95094 18.5256 23.5305 31.3302 34.0152 34.5696 34.5766 34.039 31.3302 23.3773 2.08655 1.91391 1.88867 1.67007 1.66998 1.88898 1.91429 2.08587 4.29008 12.7102 24.1849 29.7126 29.7126 24.1849 12.7102 4.29008 1.40696 1.04925 1.00334 1.00001 1.00001 1.00334 1.04925 1.40696 1.05579 1.00368 1 0.999947 0.999947 1 1.00368 
10.0505 3.30482 1.33478 1.0225 1.0225 1.33478 3.30482 10.0505 18.4839 9.95962 3.33304 1.41415 1.41415 3.33304 9.95962 18.4839 23.3773 31.3838 34.039 34.5766 34.5766 34.039 31.3838 23.3773 2.08587 1.91429 1.88898 1.66998 1.66998 1.88898 1.91429 2.08587 4.28467 12.7039 24.186 29.7124 29.7126 24.1849 12.7102 4.29008 1.40696 1.04925 1.00334 1.00001 1.00002 1.00334 1.04917 1.40706 1.05579 1.00368 1 0.999947 0.999948 1 1.00368 
9.97281 3.28971 1.33179 1.02251 1.02251 1.33179 3.28971 9.97281 18.3536 9.8994 3.32883 1.41364 1.41364 3.32883 9.8994 18.3536 23.4075 31.1574 33.7821 34.34 34.34 33.7821 31.1574 23.4075 3.08001 3.3607 3.3283 2.76618 2.76618 3.3283 3.3607 3.08001 4.89419 13.2775 24.2541 29.4726 29.4726 24.2529 13.2972 4.90439 1.59565 1.23334 1.04179 1.00311 1.00311 1.04177 1.23304 1.59567 1.17646 1.01769 1.00085 0.999908 0.999908 1.00085 1.01769 
9.34819 3.11068 1.30173 1.02033 1.02033 1.30173 3.11068 9.34819 17.3577 9.20936 3.17002 1.38346 1.38346 3.17002 9.20936 17.3577 23.3437 30.4009 32.7119 33.2187 33.2187 32.7119 30.4009 23.3437 6.16106 6.64567 6.63873 5.96074 5.96074 6.63873 6.64567 6.16106 7.08478 14.8706 24.2082 28.5261 28.5258 24.2068 14.888 7.09348 3.17035 2.60344 1.51992 1.07457 1.07496 1.52052 2.601 3.17294 2.01198 1.15003 1.01179 1.00032 1.00033 1.01189 1.15006 
7.04298 2.43709 1.18976 1.01216 1.01216 1.18976 2.43709 7.04298 14.1055 6.77973 2.45498 1.23104 1.23104 2.45498 6.77973 14.1055 22.6371 28.3621 29.9502 30.3437 30.3437 29.9502 28.3621 22.6371 10.641 10.2639 10.5415 10.4862 10.4862 10.5415 10.2639 10.641 11.6598 17.4245 23.5931 26.2668 26.2695 23.5948 17.5699 11.7775 8.29235 7.30231 3.86199 1.75339 1.74875 3.85649 7.1679 8.35137 4.84595 1.77025 1.08675 1.00516 1.00517 1.0864 1.77029 
2.05931 1.15737 1.01299 1.00038 1.00038 1.01276 1.15486 2.04207 4.43023 2.14603 1.17917 1.01522 1.01522 1.17917 2.20194 4.64017 10.1479 13.0667 13.8633 14.0044 14.0044 13.8633 13.174 10.2158 2.90882 2.51426 2.4471 2.54173 2.54173 2.4471 2.51426 2.90882 4.25954 7.61719 11.0878 13.0006 13.0006 11.0878 7.61719 4.25954 2.04899 1.83281 1.2737 1.04451 1.04451 1.2737 1.83281 2.04899 1.23608 1.01026 0.99955 0.999926 0.999924 0.999546 1.01076 
1.24306 1.03081 1.00199 0.999909 0.999909 1.00201 1.03099 1.24313 1.84438 1.2011 1.02 1.00081 1.00081 1.02 1.20356 1.85522 3.91168 5.08966 5.13984 5.0467 5.0467 5.13984 5.04965 3.88528 1.28294 1.17753 1.16535 1.20644 1.20644 1.16535 1.17753 1.28294 1.54037 2.6348 4.2351 4.90439 4.90439 4.2351 2.6348 1.54037 1.12743 1.09741 1.02072 1.00168 1.00168 1.02072 1.09741 1.12743 1.02539 1.00054 0.999823 0.999908 0.999909 0.999825 1.00054 
1.02756 1.00262 1.00003 0.99997 0.99997 1.00003 1.00263 1.02759 1.09412 1.01535 1.00074 0.999857 0.999857 1.00074 1.0154 1.0953 1.56778 1.85687 1.83801 1.77905 1.77905 1.83801 1.84536 1.56094 1.02408 1.01454 1.01433 1.01761 1.01761 1.01433 1.01454 1.02408 1.04015 1.23885 1.69494 1.81555 1.81555 1.69494 1.23885 1.04015 1.00844 1.00495 1.0005 0.999924 0.999924 1.0005 1.00495 1.00844 1.00214 1.00006 0.999982 0.999999 0.999999 0.999982 1.00006 
1.00194 1.00007 0.999953 0.999997 0.999997 0.999953 1.00007 1.00194 1.0057 1.0004 0.999898 0.999986 0.999986 0.999898 1.00039 1.00576 1.07521 1.12588 1.11719 1.09824 1.09824 1.11719 1.12337 1.07382 1.00193 1.0013 1.00141 1.00145 1.00145 1.00141 1.0013 1.00193 1.00124 1.02331 1.10749 1.11643 1.11643 1.10749 1.02331 1.00124 1.00035 0.99992 0.999928 0.999987 0.999987 0.999928 0.99992 1.00035 1.00016 0.999978 0.999998 1 1 0.999998 0.999978 
1.00194 1.00007 0.999953 0.999997 0.999997 0.999953 1.00007 1.00194 1.00576 1.00039 0.999896 0.999986 0.999986 0.999896 1.0004 1.0057 1.07521 1.12588 1.11954 1.09977 1.09824 1.11719 1.12588 1.07521 1.00193 1.0013 1.00141 1.00145 1.00145 1.00141 1.0013 1.00193 1.00124 1.02326 1.10753 1.11645 1.11643 1.10749 1.02331 1.00124 1.00036 0.999919 0.999927 0.999987 0.999987 0.999927 0.999919 1.00036 1.00016 0.999978 0.999998 1 1 0.999998 0.999978 
1.02759 1.00263 1.00003 0.99997 0.99997 1.00003 1.00263 1.02759 1.0953 1.0154 1.00073 0.999857 0.999857 1.00073 1.01535 1.09412 1.56778 1.85687 1.8485 1.7864 1.77905 1.83801 1.85687 1.56778 1.02406 1.01453 1.01433 1.01761 1.01761 1.01433 1.01454 1.02408 1.04016 1.23832 1.69541 1.81577 1.81555 1.69494 1.23885 1.04015 1.00852 1.0049 1.0005 0.999922 0.999922 1.0005 1.0049 1.00852 1.00214 1.00006 0.999982 0.999999 0.999999 0.999982 1.00006 
1.24313 1.03099 1.00201 0.999913 0.999909 1.00199 1.03099 1.24313 1.85522 1.20356 1.02004 1.00082 1.00082 1.02004 1.2011 1.84438 3.91168 5.08966 5.17433 5.07174 5.0467 5.13984 5.08966 3.91168 1.28114 1.17568 1.16349 1.20483 1.20644 1.16535 1.17753 1.28294 1.54034 2.63476 4.25031 4.91928 4.90439 4.2351 2.6348 1.54037 1.12726 1.09672 1.02055 1.00167 1.00167 1.02055 1.09672 1.12726 1.02539 1.00054 0.999823 0.999908 0.999908 0.999823 1.00054 
2.04207 1.15486 1.01276 1.00038 1.00038 1.01299 1.15486 2.04207 4.64017 2.20194 1.17821 1.01511 1.01511 1.17821 2.14603 4.43023 10.1479 13.0667 13.7462 13.8881 14.0044 13.8633 13.0667 10.1479 2.88615 2.49595 2.42717 2.51953 2.54173 2.4471 2.51426 2.90882 4.25807 7.56143 11.005 12.8951 13.0006 11.0878 7.61719 4.25954 2.0247 1.8146 1.26686 1.04335 1.04335 1.26686 1.8146 2.0247 1.23608 1.01026 0.99955 0.999926 0.999926 0.99955 1.01026 
1.14236 1.01072 1.00047 1.00001 1.00001 1.00047 1.01072 1.14236 1.81417 1.19143 1.02192 1.00133 1.00133 1.02192 1.19142 1.81393 3.45621 4.34107 4.54854 4.68545 4.68545 4.54854 4.34107 3.45621 1.23623 1.33226 1.31687 1.2158 1.2158 1.31687 1.33226 1.23623 1.54652 2.44629 3.84559 4.56577 4.56577 3.84559 2.44629 1.54652 1.09754 1.11408 1.02445 1.00234 1.00234 1.02445 1.11408 1.09754 1.00976 1.00037 1.00005 1.00009 1.00009 1.00005 1.00037 
1.01196 1.00069 0.999973 0.999984 0.999984 0.999973 1.00069 1.01196 1.08418 1.01365 1.00099 0.999904 0.999904 1.00099 1.01365 1.08414 1.51131 1.75388 1.81234 1.80659 1.80659 1.81234 1.75388 1.51131 1.01496 1.03215 1.02996 1.01454 1.01454 1.02996 1.03215 1.01496 1.04477 1.15347 1.41242 1.5517 1.5517 1.41242 1.15347 1.04477 1.00222 1.00676 1.00086 0.999969 0.999969 1.00086 1.00676 1.00222 0.999684 0.999894 1.00001 1 1 1.00001 0.999894 
1.00051 0.999982 0.999989 1 1 0.999989 0.999982 1.00051 1.00426 1.00033 0.999933 0.999977 0.999977 0.999933 1.00033 1.00426 1.05929 1.09366 1.10704 1.10401 1.10401 1.10704 1.09366 1.05929 1.0003 1.00121 1.00115 1.00031 1.00031 1.00115 1.00121 1.0003 1.00195 1.00691 1.02778 1.03865 1.03865 1.02778 1.00691 1.00195 0.99981 1.00006 0.999959 0.999976 0.999976 0.999959 1.00006 0.99981 1.00002 0.999999 1 1 1 1 0.999999 
1.00003 0.999984 1 1 1 1 0.999984 1.00003 1.00004 0.999843 0.999986 1 1 0.999986 0.999843 1.00004 1.00395 1.00659 1.0082 1.0077 1.0077 1.0082 1.00659 1.00395 1.00007 0.999938 1.00002 0.999989 0.999989 1.00002 0.999938 1.00007 1.00007 0.999929 1.00057 1.00095 1.00095 1.00057 0.999929 1.00007 1.00005 0.99987 0.999991 1 1 0.999991 0.99987 1.00005 1.00011 0.999998 1 1 1 1 0.999998 
0 0 0 0 1 1 0.999984 1.00003 1.00004 0.999843 0.999986 1 1 0.999986 0.999843 1.00004 1.00395 1.00659 1.0082 1.0077 1.00752 1.008 1.00642 1.00386 1.00007 0.999935 1.00002 0.999989 0.999989 1.00002 0.999938 1.00007 1.00007 0.999929 1.00061 1.00097 1.00095 1.00057 0.999929 1.00007 1.00005 0.99987 0.999991 1 1 0.999991 0.99987 1.00005 1.00011 0.999998 1 1 0 0 0 
0 0 0 0 1 0.999989 0.999982 1.00051 1.00426 1.00033 0.999933 0.999977 0.999977 0.999933 1.00033 1.00426 1.05929 1.09366 1.10704 1.10401 1.10247 1.10525 1.09209 1.05835 1.00035 1.00117 1.0011 1.00029 1.00031 1.00115 1.00121 1.0003 1.00195 1.00691 1.02836 1.03903 1.03865 1.02778 1.00691 1.00195 0.999817 1.00005 0.999956 0.999977 0.999976 0.999959 1.00006 0.99981 1.00002 0.999999 1 1 0 0 0 
0 0 0 0 0.999984 0.999973 1.00069 1.01196 1.08414 1.01365 1.00099 0.999904 0.999904 1.00099 1.01365 1.08418 1.51131 1.75388 1.81234 1.80659 1.79953 1.80469 1.74713 1.50681 1.01534 1.03141 1.02926 1.01422 1.01454 1.02996 1.03215 1.01496 1.04477 1.15349 1.41714 1.55509 1.5517 1.41242 1.15347 1.04477 1.00228 1.00664 1.00085 0.999966 0.999969 1.00086 1.00676 1.00222 0.999684 0.999894 1.00001 1 0 0 0 
