0 0 0 0 1.00008 1.00006 1.0009 1.01113 1.08908 1.01768 1.00216 1.00017 1.00017 1.00217 1.01785 1.0903 1.5938 1.33501 1.26164 1.24843 1.2478 1.26119 1.33455 1.59802 2.82943 1.76797 1.37039 1.42111 1.42144 1.37487 1.76778 2.82419 3.19923 3.5579 3.84282 4.02525 4.01005 3.8125 3.51671 3.16955 2.75262 2.36004 1.48066 1.09496 1.09462 1.4806 2.36007 2.75276 1.67801 1.07461 1.00603 1.00034 0 0 0 
0 0 0 0 0.999996 0.999984 1 1.00057 1.00513 1.00058 0.999945 0.999964 0.999964 0.999946 1.00058 1.00517 1.0615 1.02462 1.01562 1.01477 1.01473 1.01559 1.02452 1.06234 1.36633 1.12468 1.04996 1.05512 1.0547 1.04983 1.12338 1.36232 1.56014 1.75174 1.8158 1.77804 1.78379 1.82259 1.75706 1.56322 1.27751 1.20821 1.05445 1.00611 1.00608 1.05445 1.20821 1.2775 1.10646 1.01143 1.00085 0.999966 0 0 0 
0 0 0 0 1 1 0.999983 1.00006 1.00004 0.999801 0.999963 0.999996 0.999996 0.999963 0.999801 1.00004 1.00361 1.00078 1.00028 1.00028 1.00028 1.00028 1.00077 1.00372 1.05192 1.01591 1.00517 1.00532 1.00526 1.00512 1.01568 1.05115 1.08039 1.12592 1.14575 1.12664 1.12821 1.14798 1.12787 1.08145 1.02253 1.01568 1.00292 1.00005 1.00004 1.00292 1.01568 1.02254 1.00761 1.00066 0.999972 0.999979 0 0 0 
0 0 0 0 1 1 0.999997 1.00009 0.999987 0.999885 0.999998 1 1 0.999998 0.999885 0.999987 1.00011 0.999802 0.999906 0.99991 0.99991 0.999906 0.999801 1.00011 1.00439 1.00137 1.00047 1.00037 1.00036 1.00046 1.00134 1.0043 1.00742 1.01387 1.01671 1.01284 1.01307 1.01704 1.01414 1.00757 1.00072 1.00023 0.999955 0.999947 0.999947 0.999955 1.00023 1.00072 1.00044 0.999958 0.999979 0.999999 0 0 0 
1.00009 0.999997 1 1 1 1 0.999997 1.00009 0.999987 0.999885 0.999998 1 1 0.999998 0.999885 0.999987 1.00011 0.999802 0.999906 0.99991 0.99991 0.999906 0.999802 1.00011 1.00439 1.00137 1.00047 1.00037 1.00037 1.00047 1.00137 1.00439 1.00757 1.01414 1.01704 1.01307 1.01307 1.01704 1.01414 1.00757 1.00072 1.00023 0.999955 0.999947 0.999947 0.999955 1.00023 1.00072 1.00044 0.999958 0.999979 0.999999 0.999999 0.999979 0.999958 
1.00006 0.999983 1 1 1 1 0.999983 1.00006 1.00004 0.999801 0.999963 0.999996 0.999996 0.999963 0.999801 1.00004 1.00361 1.00078 1.00028 1.00028 1.00028 1.00028 1.00078 1.00361 1.05192 1.01591 1.00517 1.00532 1.00532 1.00517 1.01591 1.05192 1.08145 1.12787 1.14798 1.12821 1.12821 1.14798 1.12787 1.08145 1.02254 1.01568 1.00292 1.00004 1.00005 1.00292 1.01568 1.02253 1.00761 1.00066 0.999972 0.999979 0.999979 0.999972 1.00066 
1.00057 1 0.999984 0.999996 0.999996 0.999984 1 1.00057 1.00517 1.00058 0.999946 0.999964 0.999964 0.999945 1.00058 1.00517 1.0615 1.02462 1.01562 1.01477 1.01477 1.01562 1.02462 1.0615 1.36633 1.12468 1.04996 1.05512 1.05512 1.04996 1.12468 1.36633 1.56322 1.75706 1.82259 1.78379 1.78379 1.82259 1.75706 1.56322 1.2775 1.20821 1.05445 1.00608 1.00611 1.05445 1.20821 1.27751 1.10646 1.01143 1.00085 0.999966 0.999966 1.00085 1.01143 
1.01113 1.0009 1.00006 1.00008 1.00008 1.00006 1.0009 1.01113 1.0903 1.01785 1.00217 1.00017 1.00017 1.00216 1.01785 1.0903 1.5938 1.33501 1.26164 1.24843 1.24843 1.26164 1.33501 1.5938 2.82943 1.76797 1.37039 1.42111 1.42111 1.37039 1.76797 2.82943 3.16955 3.51671 3.8125 4.01005 4.01005 3.8125 3.51671 3.16955 2.75276 2.36007 1.48066 1.09462 1.09496 1.48066 2.36004 2.75262 1.67801 1.07461 1.00603 1.00034 1.00034 1.00603 1.07461 
1.16539 1.01566 1.00072 0.999921 0.999917 1.00073 1.01591 1.16903 1.70784 1.16599 1.0226 1.00171 1.00171 1.0226 1.16599 1.70784 3.719 3.09704 2.9681 2.90937 2.93211 2.98965 3.11979 3.79384 7.21315 5.06382 3.62732 3.54777 3.49745 3.55335 4.99668 7.19028 8.97742 10.1812 10.7017 10.8929 10.9573 10.7706 10.1812 8.97742 6.50549 5.22606 3.09872 1.78742 1.78742 3.09872 5.22608 6.50509 4.03389 1.69791 1.09444 1.00677 1.00674 1.0938 1.69195 
1.0264 1.00207 0.9999 0.999862 0.999862 0.999896 1.00206 1.02642 1.11114 1.02151 1.00187 0.999862 0.999864 1.00189 1.02151 1.11114 1.5981 1.33176 1.27373 1.25919 1.26011 1.27438 1.33189 1.60841 2.99623 2.12921 1.56249 1.54043 1.5399 1.55877 2.12967 3.00809 3.94013 4.46958 4.34799 4.25869 4.2538 4.34056 4.46958 3.94013 2.83828 2.40721 1.5091 1.11419 1.11385 1.5091 2.40725 2.8384 2.09221 1.21513 1.02112 1.00088 1.00089 1.02127 1.21629 
1.00242 1.00009 0.999959 0.999994 0.999995 0.999959 1.00009 1.00243 1.0081 1.00097 0.999923 0.99996 0.99996 0.999926 1.00097 1.0081 1.06436 1.02384 1.01686 1.01604 1.01614 1.01694 1.02387 1.06555 1.41143 1.16861 1.06378 1.05971 1.05993 1.06359 1.16943 1.41506 1.73998 1.93503 1.79858 1.71417 1.71422 1.79811 1.93503 1.73998 1.32848 1.24662 1.062 1.0077 1.00765 1.062 1.24664 1.32853 1.21381 1.03327 1.00217 0.999931 0.999932 1.00218 1.03339 
1.00019 0.999956 0.999993 1 1 0.999993 0.999956 1.00019 1.00021 0.999814 0.999968 1 1 0.999967 0.999814 1.00021 1.00408 1.00054 1.00027 1.00028 1.00029 1.00028 1.00054 1.00418 1.05857 1.02088 1.00689 1.00585 1.00592 1.00695 1.02112 1.05928 1.14524 1.20303 1.14405 1.11089 1.11089 1.14399 1.20303 1.14524 1.03577 1.02674 1.00409 0.999974 0.99997 1.00409 1.02675 1.03578 1.02743 1.0032 0.999989 0.999954 0.999954 0.999991 1.00321 
1.00019 0.999956 0.999993 1 1 0.999993 0.999956 1.00019 1.00022 0.999817 0.999967 1 1 0.999968 0.999814 1.00021 1.00418 1.00054 1.00028 1.00029 1.00029 1.00028 1.00054 1.00418 1.05928 1.02112 1.00695 1.00592 1.00592 1.00695 1.02112 1.05928 1.14517 1.20303 1.14399 1.11089 1.11089 1.14405 1.20303 1.14524 1.03592 1.02708 1.00417 0.999979 0.999987 1.00419 1.02743 1.03621 1.02743 1.0032 0.999991 0.999954 0.999954 0.999989 1.0032 
1.00243 1.00009 0.999959 0.999995 0.999994 0.999959 1.00009 1.00243 1.00815 1.00099 0.999926 0.99996 0.99996 0.999923 1.00097 1.0081 1.06555 1.02387 1.01694 1.01614 1.01614 1.01694 1.02387 1.06555 1.41506 1.16943 1.06359 1.05993 1.05993 1.06359 1.16943 1.41506 1.73971 1.93483 1.79811 1.71422 1.71417 1.79858 1.93503 1.73998 1.32929 1.24833 1.06279 1.00776 1.00788 1.06312 1.25 1.33075 1.21381 1.03327 1.00218 0.999931 0.999931 1.00217 1.03327 
1.02642 1.00206 0.999896 0.999862 0.999862 0.9999 1.00206 1.02642 1.11119 1.02167 1.00189 0.999864 0.999862 1.00187 1.02151 1.11114 1.60841 1.33189 1.27438 1.26011 1.26011 1.27438 1.33189 1.60841 3.00809 2.12967 1.55877 1.5399 1.5399 1.55877 2.12967 3.00809 3.93546 4.46216 4.34056 4.2538 4.25869 4.34799 4.46958 3.94013 2.83742 2.40986 1.51302 1.11497 1.11605 1.51441 2.40739 2.83392 2.09221 1.21513 1.02127 1.00088 1.00088 1.02112 1.21513 
1.16903 1.01591 1.00073 0.999917 0.999921 1.00072 1.01591 1.16903 1.72155 1.17106 1.0226 1.00171 1.00171 1.0226 1.16599 1.70784 3.79384 3.11979 2.98965 2.93211 2.93211 2.98965 3.11979 3.79384 7.19028 4.99668 3.55335 3.49745 3.49745 3.55335 4.99668 7.19028 9.04785 10.2514 10.7706 10.9573 10.8929 10.7017 10.1812 8.97742 6.5367 5.25757 3.1299 1.80239 1.81859 3.16316 5.34416 6.64797 4.03389 1.69791 1.0938 1.00677 1.00677 1.09444 1.69791 
3.14277 1.47212 1.0558 1.00338 1.00338 1.0558 1.47212 3.14277 6.11812 2.86014 1.36351 1.04485 1.04399 1.35743 2.86014 6.11812 10.6933 9.66967 9.64689 9.61191 9.61191 9.64689 9.66967 10.6933 15.5466 12.2415 10.5651 10.3087 10.4425 10.7268 12.3826 15.6555 18.1389 20.0408 21.3457 22.2715 22.5032 21.3457 20.3667 18.3701 15.0532 12.8089 8.87024 5.42937 5.47324 8.88221 12.7496 15.0573 10.1642 3.86755 1.55506 1.06284 1.06284 1.5551 3.86752 
1.63464 1.10527 1.00879 1.00017 1.00017 1.00879 1.10527 1.63464 2.93712 1.49984 1.06514 1.00497 1.00487 1.06412 1.49984 2.93712 6.99746 4.39243 3.86917 3.86032 3.86032 3.86917 4.39243 6.99746 15.4107 10.1735 7.75978 6.70255 6.69843 7.74645 10.1307 15.3653 20.7808 22.9425 24.9646 26.2803 26.3092 24.9646 23.0092 20.7776 16.9166 14.2258 10.3896 6.88333 6.95836 10.4174 14.1889 16.966 10.9521 4.04999 1.61057 1.06933 1.06934 1.61062 4.05011 
1.11092 1.01243 1.00071 0.999898 0.999898 1.00071 1.01243 1.11092 1.58281 1.08932 1.00672 1.00004 1.00002 1.00657 1.08932 1.58281 4.25969 1.97818 1.58867 1.64672 1.64672 1.58867 1.97818 4.25969 12.4328 7.25386 4.97616 3.75335 3.75009 4.96424 7.2169 12.4031 17.4688 19.3634 20.9109 21.765 21.8038 20.9109 19.4774 17.488 14.6076 12.2918 8.60148 5.30923 5.37796 8.65341 12.2735 14.6781 9.47388 3.45594 1.44007 1.04324 1.04324 1.4401 3.45611 
0.985912 0.997293 0.999922 1.00005 1.00005 0.999922 0.997293 0.985912 1.13442 1.007 1.00011 0.999926 0.999917 0.999944 1.007 1.13442 2.76963 1.24755 1.08058 1.11925 1.11925 1.08058 1.24755 2.76963 9.42856 4.75467 3.06816 2.25186 2.25015 3.06184 4.73618 9.41674 14.0578 15.71 16.689 17.0592 17.0604 16.689 15.6757 14.0329 12.0249 9.98587 6.20529 3.38947 3.39294 6.17839 9.93346 11.9755 8.4326 3.11643 1.31437 1.023 1.023 1.31439 3.11621 
0.986081 0.997302 0.999922 1.00005 1.00005 0.999922 0.997293 0.985912 1.13442 1.007 0.999944 0.999917 0.999926 1.00011 1.0078 1.14287 2.7569 1.25062 1.0806 1.11926 1.11925 1.08058 1.24755 2.76963 9.41674 4.73618 3.06184 2.25015 2.25015 3.06184 4.73618 9.41674 14.0411 15.6915 16.6919 17.0641 17.0641 16.6919 15.6915 14.0411 11.9755 9.93346 6.17839 3.39294 3.39294 6.17839 9.93346 11.9755 8.4326 3.11643 1.31437 1.023 1.023 1.31437 3.11643 
1.11162 1.01247 1.00071 0.999898 0.999898 1.00071 1.01243 1.11092 1.58281 1.08932 1.00657 1.00002 1.00004 1.00672 1.08948 1.59486 4.2341 1.98107 1.58886 1.64673 1.64672 1.58867 1.97818 4.25969 12.4031 7.2169 4.96424 3.75009 3.75009 4.96424 7.2169 12.4031 17.5006 19.505 21.0325 21.817 21.817 21.0325 19.505 17.5006 14.6781 12.2735 8.65341 5.37796 5.37796 8.65341 12.2735 14.6781 9.47388 3.45594 1.44007 1.04324 1.04324 1.44007 3.45594 
1.63573 1.10532 1.00878 1.00017 1.00017 1.00879 1.10527 1.63464 2.93712 1.49984 1.06412 1.00487 1.00497 1.06514 1.50006 2.96494 6.96159 4.3934 3.86931 3.86033 3.86032 3.86917 4.39243 6.99746 15.3653 10.1307 7.74645 6.69843 6.69843 7.74645 10.1307 15.3653 20.7934 23.0371 25.0686 26.3277 26.3277 25.0686 23.0371 20.7934 16.966 14.1889 10.4174 6.95836 6.95836 10.4174 14.1889 16.966 10.9521 4.04999 1.61057 1.06933 1.06933 1.61057 4.04999 
3.16588 1.47794 1.05581 1.00338 1.00338 1.0558 1.47212 3.14277 6.11812 2.86014 1.35743 1.04399 1.04485 1.36351 2.88235 6.22696 10.7769 9.77749 9.75074 9.72123 9.61191 9.64689 9.66967 10.6933 15.6555 12.3826 10.7268 10.4425 10.4425 10.7268 12.3826 15.6555 18.441 20.4564 21.7488 22.5964 22.5964 21.7488 20.4564 18.441 15.0573 12.7496 8.88221 5.47324 5.47324 8.88221 12.7496 15.0573 10.1642 3.86755 1.55506 1.06284 1.06284 1.55506 3.86755 
8.08216 3.03099 1.37077 1.03779 1.03753 1.36935 3.0266 8.07633 15.1694 7.63874 2.94478 1.44986 1.45001 2.94576 7.63175 15.2514 24.3986 26.3175 27.7511 28.142 28.2716 27.8813 26.718 24.765 25.2346 24.642 24.1298 23.8758 23.8758 24.1298 24.642 25.2346 26.1732 28.857 30.1525 30.4986 30.4986 30.1525 28.857 26.3374 19.8528 17.2349 10.8925 5.87202 5.87202 10.8925 17.2349 19.8528 13.8676 5.56045 2.02431 1.1568 1.1568 2.02431 5.56045 
10.4809 3.888 1.56924 1.06471 1.06421 1.56634 3.87589 10.4472 18.6797 9.94168 3.81211 1.73692 1.73648 3.80909 9.90948 18.7197 28.5966 30.9063 31.8095 32.054 32.0443 31.7919 30.7963 28.5585 27.723 26.8683 26.9278 27.3996 27.3996 26.9278 26.8683 27.723 29.5594 32.3505 33.3219 33.5522 33.5522 33.3219 32.3505 29.4647 21.4247 18.5006 11.5346 6.03135 6.03135 11.5346 18.5006 21.4247 14.5738 5.84939 2.13725 1.1919 1.1919 2.13725 5.84939 
11.4718 4.23906 1.64952 1.07501 1.07445 1.64632 4.22631 11.4382 20.3259 10.7969 4.09738 1.82479 1.82465 4.09639 10.7711 20.3861 30.831 33.026 33.868 34.0826 34.0805 33.8611 32.9448 30.8272 29.7195 28.9365 29.1681 29.9905 29.9905 29.1681 28.9365 29.7195 30.9267 33.4995 34.4425 34.64 34.64 34.4425 33.4995 30.82 22.143 19.0497 11.8125 6.13566 6.13566 11.8125 19.0497 22.143 15.0232 5.99052 2.16662 1.19559 1.19559 2.16662 5.99052 
11.6415 4.27013 1.64715 1.07266 1.07229 1.64503 4.26226 11.6207 20.7984 10.9208 4.11597 1.81932 1.81928 4.11562 10.8983 20.8651 31.5898 33.59 34.465 34.6442 34.6427 34.4608 33.5413 31.5962 31.3406 30.971 31.2408 32.0547 32.0547 31.2408 30.971 31.3406 31.3063 33.638 34.6583 34.8613 34.8613 34.6583 33.638 31.1911 22.3868 19.177 11.8178 6.10863 6.10863 11.8178 19.177 22.3868 15.1833 5.89311 2.09934 1.16767 1.16767 2.09934 5.89311 
11.6207 4.26226 1.64503 1.07229 1.07229 1.64503 4.26226 11.6207 20.8651 10.8983 4.11597 1.81932 1.81932 4.11597 10.9208 20.7984 31.5962 33.5413 34.4608 34.6427 34.6427 34.4608 33.5413 31.5962 31.3422 30.9703 31.2388 32.0578 32.0547 31.2408 30.971 31.3406 31.1911 33.6545 34.6576 34.8601 34.8601 34.6576 33.6545 31.1911 22.4756 19.2131 11.8045 6.11377 6.10863 11.8178 19.177 22.3868 15.1833 5.89311 2.09934 1.16767 1.16769 2.09944 5.89315 
11.4382 4.22631 1.64632 1.07445 1.07445 1.64632 4.22631 11.4382 20.3861 10.7711 4.09738 1.82479 1.82479 4.09738 10.7969 20.3259 30.8272 32.9448 33.8611 34.0805 34.0805 33.8611 32.9448 30.8272 29.7217 28.9342 29.1646 29.9964 29.9905 29.1681 28.9365 29.7195 30.82 33.4983 34.4431 34.6394 34.6394 34.4431 33.4983 30.82 22.2479 19.125 11.7931 6.13648 6.13566 11.8125 19.0497 22.143 15.0232 5.99052 2.16662 1.19559 1.19561 2.1667 5.99062 
10.4472 3.87589 1.56634 1.06421 1.06421 1.56634 3.87589 10.4472 18.7197 9.90948 3.81211 1.73692 1.73692 3.81211 9.94168 18.6797 28.5585 30.7963 31.7919 32.0443 32.0443 31.7919 30.7963 28.5585 27.7232 26.8649 26.924 27.4038 27.3996 26.9278 26.8683 27.723 29.4647 32.3343 33.317 33.5428 33.5428 33.317 32.3343 29.4647 21.5193 18.5663 11.5232 6.0354 6.03135 11.5346 18.5006 21.4247 14.5738 5.84939 2.13725 1.1919 1.19191 2.13731 5.84938 
8.07633 3.0266 1.36935 1.03753 1.03753 1.36935 3.0266 8.07633 15.2514 7.63175 2.94478 1.44986 1.44986 2.94478 7.63874 15.1694 24.765 26.718 27.8813 28.2716 28.2716 27.8813 26.718 24.765 25.3699 24.821 24.3182 24.0413 23.8758 24.1298 24.642 25.2346 26.3374 29.1414 30.4132 30.735 30.735 30.4132 29.1414 26.3374 19.9681 17.3023 10.9338 5.90986 5.87202 10.8925 17.2349 19.8528 13.8676 5.56045 2.02431 1.1568 1.15682 2.0244 5.56046 
6.28666 2.16398 1.14804 1.00937 1.00942 1.14828 2.16549 6.29241 14.307 5.80296 2.05136 1.14701 1.14684 2.04864 5.79204 14.3857 27.8315 31.2393 32.6138 32.9593 32.9593 32.6138 31.2393 27.8315 32.3304 33.4593 33.5739 33.1647 33.2105 33.6074 33.4919 32.3653 29.3981 32.3771 33.5635 33.9037 33.8859 33.5494 32.3771 29.3981 21.6603 17.9044 11.6402 6.7716 6.82754 11.6724 17.752 21.6627 14.3964 5.83612 2.16006 1.20598 1.20595 2.15999 5.85824 
5.79099 1.94153 1.10209 1.00502 1.00506 1.10259 1.94507 5.80122 13.9689 5.34118 1.84901 1.09696 1.09742 1.84927 5.33423 14.0563 28.2439 32.1736 33.7632 34.1648 34.1648 33.7632 32.1736 28.2439 32.9306 34.0152 34.1731 34.1018 34.102 34.1736 34.0228 32.9542 30.5488 33.1333 34.2757 34.5312 34.5347 34.2864 33.1333 30.5488 22.8238 18.614 11.7509 6.59723 6.6695 11.8019 18.4151 22.8258 14.8553 5.86166 2.16494 1.20562 1.20559 2.16487 5.88974 
5.64332 1.89088 1.09356 1.00441 1.00444 1.09399 1.89416 5.6529 13.7891 5.17752 1.79484 1.08665 1.08692 1.79383 5.16857 13.875 28.3937 32.5749 34.2496 34.6641 34.6641 34.2496 32.5749 28.3937 33.2318 34.2408 34.4611 34.5321 34.5325 34.4625 34.2474 33.256 30.9941 33.5154 34.5858 34.8246 34.8266 34.5945 33.5154 30.9941 23.2819 18.911 11.7661 6.53542 6.60338 11.8155 18.7185 23.2873 15.1482 5.90324 2.16263 1.20208 1.20205 2.16256 5.93092 
5.62454 1.88809 1.09371 1.00459 1.00462 1.0941 1.89076 5.6314 13.7747 5.16857 1.79284 1.08694 1.08704 1.79172 5.15915 13.8577 28.4598 32.6745 34.368 34.7824 34.7824 34.368 32.6745 28.4598 33.4389 34.413 34.6591 34.7619 34.7621 34.6599 34.4166 33.4519 31.2066 33.6948 34.6864 34.8958 34.8973 34.6912 33.6948 31.2066 23.595 19.1076 11.6391 6.35759 6.39821 11.6652 18.9929 23.6231 15.4804 5.91039 2.12285 1.17702 1.17698 2.12274 5.92968 
5.6314 1.89076 1.0941 1.00462 1.00462 1.0941 1.89076 5.6314 13.8577 5.15915 1.79172 1.08704 1.08694 1.79284 5.15915 13.8577 28.3794 32.6767 34.3624 34.7795 34.7824 34.368 32.6745 28.4598 33.4519 34.4166 34.6599 34.7621 34.7621 34.6599 34.4166 33.4519 31.1898 33.7292 34.6912 34.8973 34.8958 34.6864 33.6948 31.2066 23.5754 19.039 11.5389 6.31393 6.35759 11.5392 19.1076 23.595 15.4555 5.92968 2.12274 1.17698 1.17702 2.12285 5.91039 
5.6529 1.89416 1.09399 1.00444 1.00444 1.09399 1.89416 5.6529 13.875 5.16857 1.79383 1.08692 1.08665 1.79484 5.16857 13.875 28.3181 32.5739 34.2396 34.659 34.6641 34.2496 32.5749 28.3937 33.256 34.2474 34.4625 34.5325 34.5325 34.4625 34.2474 33.256 30.9652 33.5801 34.5945 34.8266 34.8246 34.5858 33.5154 30.9941 23.2903 18.7976 11.599 6.46543 6.53542 11.5995 18.911 23.2819 15.1173 5.93092 2.16256 1.20205 1.20208 2.16263 5.90324 
5.80122 1.94507 1.10259 1.00506 1.00506 1.10259 1.94507 5.80122 14.0563 5.33423 1.84927 1.09742 1.09696 1.84901 5.33423 14.0563 28.1716 32.1669 33.7495 34.1564 34.1648 33.7632 32.1736 28.2439 32.9542 34.0228 34.1736 34.102 34.102 34.1736 34.0228 32.9542 30.5193 33.2106 34.2864 34.5347 34.5312 34.2757 33.1333 30.5488 22.8397 18.4963 11.5775 6.52356 6.59723 11.5779 18.614 22.8238 14.824 5.88974 2.16487 1.20559 1.20562 2.16494 5.86166 
6.29241 2.16549 1.14828 1.00942 1.00942 1.14828 2.16549 6.29241 14.3857 5.79204 2.04864 1.14684 1.14701 2.05136 5.79204 14.3857 27.7904 31.2813 32.6609 33.0026 32.9593 32.6138 31.2393 27.8315 32.3653 33.4919 33.6074 33.2105 33.2105 33.6074 33.4919 32.3653 29.381 32.3743 33.5494 33.8859 33.9037 33.5635 32.3771 29.3981 21.6438 17.8173 11.5029 6.71508 6.7716 11.5045 17.9044 21.6603 14.3756 5.85824 2.15999 1.20595 1.20598 2.16006 5.83612 
5.45103 1.83093 1.08164 1.00371 1.00371 1.08164 1.83093 5.45103 13.215 5.07776 1.80153 1.09794 1.09807 1.80299 5.07776 13.215 27.9678 31.7964 33.7048 34.2148 34.2089 33.6724 31.7964 27.9678 31.5772 33.4534 33.8155 33.4841 33.4573 33.8038 33.4311 31.5575 27.5464 31.8469 33.3146 33.7968 33.8215 33.369 31.848 27.5431 17.4146 14.8387 12.5648 9.83396 9.65827 12.5519 14.9888 17.3549 12.0591 6.54112 2.67917 1.46045 1.45183 2.65259 6.4958 
5.32894 1.79537 1.07762 1.00345 1.00345 1.07762 1.79537 5.32894 13.154 4.9659 1.77338 1.09495 1.09496 1.77356 4.9659 13.154 28.5102 32.3136 34.1509 34.6339 34.6149 34.1148 32.3136 28.5102 32.2075 33.8045 34.183 34.16 34.1605 34.1805 33.7965 32.2159 28.2452 32.8521 34.2407 34.5758 34.5762 34.2442 32.8519 28.241 16.7929 14.7026 13.2305 11.5596 11.3514 13.2104 14.8252 16.7277 11.7247 6.88302 2.95394 1.55946 1.54784 2.91793 6.8382 
5.30049 1.78133 1.07516 1.00337 1.00337 1.07516 1.78133 5.30049 13.1969 4.96005 1.76937 1.09448 1.09446 1.76946 4.96005 13.1969 28.761 32.5262 34.2979 34.7597 34.7423 34.2658 32.5262 28.761 32.6004 34.049 34.4453 34.5565 34.5556 34.4427 34.0426 32.6103 28.7228 33.1958 34.5108 34.8214 34.8205 34.5095 33.1963 28.7193 17.4013 14.9376 13.3276 11.3196 11.1162 13.3061 15.0605 17.3482 11.9439 6.79651 2.8762 1.53159 1.52075 2.84247 6.75199 
5.25181 1.75667 1.06993 1.00298 1.00298 1.06993 1.75667 5.25181 13.2446 4.95475 1.74863 1.08681 1.08679 1.74866 4.95475 13.2446 28.8336 32.5917 34.33 34.7771 34.7673 34.3159 32.5917 28.8336 32.8633 34.2489 34.6357 34.7702 34.7697 34.6342 34.2452 32.8705 29.1995 33.3404 34.5881 34.8731 34.8726 34.5871 33.3407 29.1966 18.7171 15.5481 12.9531 10.0177 9.89692 12.9406 15.6236 18.6963 12.4274 6.29999 2.54037 1.39723 1.3915 2.52514 6.26961 
5.24639 1.75456 1.06959 1.00294 1.00298 1.06993 1.75667 5.25181 13.1537 4.96318 1.74866 1.08679 1.08681 1.74863 4.95475 13.2446 29.0991 32.5689 34.3159 34.7673 34.7673 34.3159 32.5689 29.0991 32.8705 34.2452 34.6342 34.7697 34.7697 34.6342 34.2452 32.8705 29.1966 33.3407 34.5871 34.8726 34.8731 34.5881 33.3404 29.1995 18.6963 15.6236 12.9406 9.89692 10.0177 12.9617 15.6236 18.7171 12.4813 6.26961 2.52514 1.3915 1.39723 2.54037 6.29999 
5.28982 1.77782 1.07457 1.00331 1.00337 1.07516 1.78133 5.30049 13.1079 4.96885 1.76946 1.09446 1.09448 1.76937 4.96005 13.1969 29.0305 32.4891 34.2658 34.7423 34.7423 34.2658 32.4891 29.0305 32.6103 34.0426 34.4427 34.5556 34.5556 34.4427 34.0426 32.6103 28.7193 33.1963 34.5095 34.8205 34.8214 34.5108 33.1958 28.7228 17.3482 15.0605 13.3061 11.1162 11.3196 13.3386 15.0605 17.4013 12.0222 6.75199 2.84247 1.52075 1.53159 2.8762 6.79651 
5.31784 1.79181 1.07702 1.00338 1.00345 1.07762 1.79537 5.32894 13.0672 4.97493 1.77356 1.09496 1.09495 1.77338 4.9659 13.154 28.7775 32.2727 34.1148 34.6149 34.6149 34.1148 32.2727 28.7775 32.2159 33.7965 34.1805 34.1605 34.1605 34.1805 33.7965 32.2159 28.241 32.8519 34.2442 34.5762 34.5758 34.2407 32.8521 28.2452 16.7277 14.8252 13.2104 11.3514 11.5596 13.2401 14.8252 16.7929 11.7999 6.8382 2.91793 1.54784 1.55946 2.95394 6.88302 
5.43763 1.82744 1.08112 1.00366 1.00371 1.08164 1.83093 5.45103 13.1392 5.09021 1.80299 1.09807 1.09794 1.80153 5.07776 13.215 28.1708 31.7312 33.6724 34.2089 34.2089 33.6724 31.7312 28.1708 31.5575 33.4311 33.8038 33.4573 33.4573 33.8038 33.4311 31.5575 27.5431 31.848 33.369 33.8215 33.7968 33.3146 31.8469 27.5464 17.3549 14.9888 12.5519 9.65827 9.83396 12.5678 14.9888 17.4146 12.1365 6.4958 2.65259 1.45183 1.46045 2.67917 6.54112 
5.38855 1.91416 1.10234 1.00607 1.00607 1.10234 1.91623 5.40622 12.6926 5.16016 1.85966 1.10987 1.1103 1.86455 5.1715 12.7197 26.2158 30.3946 32.8503 33.5689 33.5172 32.8116 30.3869 26.103 26.077 27.0311 27.2094 27.2477 27.0898 27.0309 27.0311 26.077 22.8177 27.0012 29.9235 31.0952 31.1417 29.9879 27.0658 22.9396 17.6419 15.2362 10.4266 6.30507 6.30408 10.3644 15.2326 17.6289 11.4896 4.75428 1.93032 1.17254 1.17584 1.94171 4.78901 
4.91158 1.7106 1.0638 1.00262 1.00262 1.0638 1.70998 4.92398 12.1936 4.67432 1.66465 1.06686 1.06721 1.67054 4.69722 12.2249 26.7633 31.0477 33.5153 34.2591 34.2822 33.5586 31.072 26.7177 28.4239 28.7358 29.0596 29.5491 29.5487 29.0628 28.7358 28.4239 26.3133 29.9503 32.2877 33.2455 33.2626 32.3263 29.9775 26.3835 19.705 16.648 11.2228 6.58069 6.58063 11.1903 16.6506 19.7354 12.7729 5.08843 1.98614 1.1705 1.17279 1.99344 5.10685 
4.67316 1.62542 1.05127 1.0018 1.0018 1.05127 1.62487 4.6858 12.028 4.477 1.59958 1.0557 1.05597 1.60433 4.49793 12.0578 27.1075 31.4678 33.8581 34.571 34.5886 33.8958 31.4809 27.0781 29.8222 30.003 30.4143 31.1059 31.1053 30.4164 30.003 29.8222 28.3394 31.7641 33.6089 34.2552 34.2722 33.6459 31.7985 28.4133 21.0791 17.7363 11.638 6.67397 6.67369 11.6059 17.7384 21.1003 13.7602 5.3998 2.04161 1.17461 1.17681 2.04856 5.41716 
4.60887 1.60074 1.04908 1.00171 1.00171 1.04908 1.60004 4.61724 12.0155 4.4267 1.58292 1.05363 1.05386 1.58636 4.4403 12.0329 27.2915 31.6822 34.0096 34.6434 34.6546 34.0292 31.6839 27.287 30.9813 31.1722 31.6519 32.5118 32.5113 31.6526 31.1722 30.9813 29.2697 32.6507 34.1906 34.6563 34.6646 34.2112 32.663 29.3332 21.6134 18.3091 11.6828 6.46497 6.46492 11.662 18.3114 21.6265 14.3748 5.49302 2.0098 1.15266 1.154 2.01373 5.50356 
4.61724 1.60004 1.04889 1.00169 1.00171 1.04908 1.60004 4.61724 12.0155 4.4267 1.58636 1.05363 1.05363 1.58292 4.4267 12.0155 27.287 31.6839 34.0292 34.6546 34.6546 34.0292 31.6839 27.287 30.9814 31.1722 31.6526 32.5113 32.5118 31.6519 31.1722 30.9813 29.2693 32.6515 34.1911 34.6564 34.6563 34.1906 32.6515 29.2693 21.6265 18.3114 11.662 6.46492 6.46497 11.6828 18.3091 21.6134 14.3689 5.50356 2.01373 1.154 1.15266 2.0098 5.49302 
4.6858 1.62487 1.05106 1.00178 1.0018 1.05127 1.62487 4.6858 12.028 4.477 1.60433 1.0557 1.0557 1.59958 4.477 12.028 27.0781 31.4809 33.8958 34.5886 34.5886 33.8958 31.4809 27.0781 29.8225 30.0028 30.4164 31.1053 31.1059 30.4143 30.003 29.8222 28.3386 31.7648 33.6094 34.2551 34.2552 33.6089 31.7648 28.3386 21.1003 17.7384 11.6059 6.67369 6.67397 11.638 17.7363 21.0791 13.7545 5.41716 2.04856 1.17681 1.17461 2.04161 5.3998 
4.92398 1.70998 1.06354 1.00259 1.00262 1.0638 1.70998 4.92398 12.1936 4.67432 1.67054 1.06686 1.06686 1.66465 4.67432 12.1936 26.7177 31.072 33.5586 34.2822 34.2822 33.5586 31.072 26.7177 28.4245 28.7362 29.0628 29.5487 29.5491 29.0596 28.7358 28.4239 26.3125 29.9509 32.2883 33.2453 33.2455 32.2877 29.9509 26.3125 19.7354 16.6506 11.1903 6.58063 6.58069 11.2228 16.648 19.705 12.7665 5.10685 1.99344 1.17279 1.1705 1.98614 5.08843 
5.40622 1.91623 1.10251 1.00606 1.00607 1.10234 1.91623 5.40622 12.6926 5.16016 1.86455 1.10987 1.10987 1.85966 5.16016 12.6926 26.103 30.3869 32.8116 33.5172 33.5172 32.8116 30.3869 26.103 26.0766 27.0291 27.0309 27.0898 27.2477 27.2094 27.0311 26.077 22.8137 27.0003 29.9219 31.0929 31.0952 29.9235 27.0003 22.8137 17.6289 15.2326 10.3644 6.30408 6.30507 10.4266 15.2362 17.6419 11.509 4.78901 1.94171 1.17584 1.17254 1.93032 4.75428 
7.14638 2.72326 1.29602 1.02731 1.02741 1.2962 2.72231 7.14134 13.1239 6.79084 2.71368 1.37266 1.3714 2.70641 6.78349 13.1451 21.1735 26.8706 29.4298 30.0882 30.0882 29.4298 26.8706 21.1735 11.7818 11.5071 11.8807 11.9623 11.8074 11.6976 11.3225 11.6313 12.4261 18.1838 23.6179 25.8237 25.8881 23.6841 18.1824 12.4225 8.55663 7.51851 4.2888 2.24023 2.23493 4.27095 7.51851 8.55663 5.53875 2.22102 1.19152 1.01834 1.01834 1.19155 2.22102 
9.29005 3.48275 1.45949 1.04574 1.0459 1.45994 3.48452 9.30547 15.9582 9.02307 3.54634 1.62196 1.6194 3.53567 9.00572 15.9541 22.0658 29.2493 31.9305 32.7226 32.7226 31.9305 29.2493 22.0658 7.49499 7.86663 7.9683 7.4078 7.40816 7.96827 7.86496 7.49415 8.26793 15.9545 23.8483 27.2688 27.2428 23.8322 15.9562 8.26842 3.76545 2.99973 1.77129 1.17455 1.1755 1.77282 2.99973 3.76545 2.57717 1.33885 1.03938 1.00249 1.00249 1.03938 1.33885 
10.1072 3.77537 1.52377 1.05278 1.05292 1.5241 3.77616 10.12 17.0663 9.89428 3.7933 1.68643 1.6836 3.78382 9.88637 17.0648 22.0475 29.9745 33.0974 33.9676 33.9676 33.0974 29.9745 22.0475 4.48532 5.19688 5.16133 4.14179 4.14151 5.1618 5.19626 4.48428 5.93221 14.3113 23.8555 28.1215 28.0976 23.8406 14.3129 5.93257 1.91688 1.39237 1.09138 1.01164 1.01169 1.09114 1.39237 1.91688 1.37311 1.05858 1.00457 1.00005 1.00005 1.00457 1.05858 
10.266 3.82026 1.53281 1.0535 1.05358 1.53295 3.82043 10.2727 17.3242 10.0486 3.81106 1.68896 1.68621 3.80397 10.0425 17.3335 22.035 30.1517 33.4609 34.2974 34.2974 33.4609 30.1517 22.035 2.91611 3.09846 3.05004 2.33591 2.33578 3.05032 3.09855 2.91436 5.0881 13.5156 23.7866 28.4561 28.4436 23.7773 13.5175 5.08869 1.56291 1.09361 1.00948 1.00036 1.00038 1.00968 1.09361 1.56291 1.11083 1.01067 1.00041 0.999869 0.999869 1.00041 1.01067 
10.2727 3.82043 1.53295 1.05358 1.05358 1.53295 3.82043 10.2727 17.3335 10.0425 3.80397 1.68621 1.68621 3.80397 10.0425 17.3335 22.1397 30.1452 33.4647 34.2989 34.2989 33.4647 30.1452 22.1397 2.91436 3.09855 3.05032 2.33578 2.33578 3.05032 3.09855 2.91436 5.08869 13.5175 23.7773 28.4436 28.4561 23.7866 13.492 5.0823 1.57017 1.09368 1.00943 1.00036 1.00036 1.00943 1.09368 1.57027 1.11083 1.01067 1.00041 0.999869 0.999869 1.00041 1.01066 
10.12 3.77616 1.5241 1.05292 1.05292 1.5241 3.77616 10.12 17.0648 9.88637 3.78382 1.6836 1.6836 3.78382 9.88637 17.0648 22.1175 29.9969 33.1022 33.9656 33.9656 33.1022 29.9969 22.1175 4.48428 5.19626 5.1618 4.14151 4.14151 5.1618 5.19626 4.48428 5.93257 14.3129 23.8406 28.0976 28.1215 23.8555 14.2638 5.91371 1.92644 1.38905 1.09153 1.01176 1.01176 1.09154 1.38902 1.92652 1.37311 1.05858 1.00457 1.00005 1.00005 1.00457 1.05863 
9.30547 3.48452 1.45994 1.0459 1.0459 1.45994 3.48452 9.30547 15.9541 9.00572 3.53567 1.6194 1.6194 3.53567 9.00572 15.9541 22.1102 29.2661 31.9239 32.7147 32.7147 31.9239 29.2661 22.1102 7.49415 7.86496 7.96827 7.40816 7.40816 7.96827 7.86496 7.49415 8.26842 15.9562 23.8322 27.2428 27.2688 23.8483 15.9 8.24278 3.77587 2.98532 1.77706 1.17661 1.17661 1.77705 2.98522 3.7759 2.57717 1.33885 1.03938 1.00249 1.00249 1.03938 1.33993 
7.14134 2.72231 1.2962 1.02741 1.02741 1.2962 2.72231 7.14134 13.1451 6.78349 2.70641 1.3714 1.3714 2.70641 6.78349 13.1451 21.0645 26.7306 29.3341 29.9953 29.9953 29.3341 26.7306 21.0645 11.6313 11.3225 11.6976 11.8074 11.8074 11.6976 11.3225 11.6313 12.4225 18.1824 23.6841 25.8881 25.8237 23.6179 18.0784 12.348 8.49768 7.326 4.2629 2.23178 2.23178 4.26287 7.32604 8.49797 5.53875 2.22102 1.19155 1.01834 1.01834 1.19152 2.21215 
2.37027 1.26984 1.03196 1.00189 1.00189 1.03196 1.26664 2.35308 4.98057 2.46372 1.28558 1.03434 1.03434 1.28558 2.46372 4.98057 10.5354 13.9059 14.9126 15.1692 15.1692 14.9126 13.9059 10.5354 3.53875 2.95039 2.91121 3.10821 3.10821 2.91121 2.95039 3.53875 5.03806 8.59021 11.8375 13.6267 13.6157 11.8553 8.6357 5.0833 2.55864 2.1693 1.45537 1.1379 1.1379 1.45537 2.16941 2.55859 1.44122 1.03851 1.00002 0.999719 0.999725 1.00005 1.03974 
1.37968 1.06552 1.00638 1.00015 1.00015 1.00638 1.06582 1.37979 2.15295 1.32656 1.04339 1.00328 1.00328 1.04339 1.32656 2.15295 4.64539 6.22007 6.40833 6.24923 6.24923 6.40833 6.22007 4.64539 1.51603 1.30776 1.28464 1.37012 1.37012 1.28464 1.30776 1.51603 1.94943 3.57639 5.36981 6.0262 5.99844 5.33391 3.55779 1.9495 1.23552 1.16423 1.04751 1.00804 1.00804 1.04751 1.16429 1.23559 1.06264 1.00307 0.99972 0.999856 0.999857 0.999722 1.00309 
1.05825 1.00827 1.00056 0.999926 0.999926 1.00056 1.0083 1.05831 1.17642 1.03412 1.00275 0.999887 0.999887 1.00275 1.03412 1.17642 1.95854 2.47809 2.45486 2.33181 2.33181 2.45486 2.47809 1.95854 1.05754 1.02666 1.02448 1.03772 1.03772 1.02448 1.02666 1.05754 1.11701 1.5507 2.20772 2.35747 2.3452 2.19163 1.5432 1.11626 1.01993 1.0116 1.00213 1.00003 1.00003 1.00213 1.01161 1.01994 1.00573 1.00023 0.999958 0.999995 0.999995 0.999958 1.00023 
1.0061 1.00065 0.999899 0.99998 0.99998 0.999899 1.00066 1.0061 1.01608 1.00167 0.999876 0.999942 0.999942 0.999876 1.00167 1.01608 1.20176 1.35011 1.32405 1.26234 1.26234 1.32405 1.35011 1.20176 1.00553 1.00257 1.00258 1.00349 1.00349 1.00258 1.00257 1.00553 1.00931 1.09274 1.28416 1.29704 1.2933 1.27931 1.09099 1.00916 1.00099 1.00008 0.999929 0.999937 0.999937 0.999929 1.00008 1.00099 1.00052 0.999967 0.999993 1 1 0.999993 0.999967 
1.0061 1.00066 0.9999 0.99998 0.99998 0.999899 1.00065 1.0061 1.0157 1.00168 0.999879 0.999942 0.999942 0.999876 1.00167 1.01608 1.20176 1.35011 1.32405 1.26234 1.2623 1.31869 1.34427 1.19864 1.00553 1.00257 1.00258 1.00349 1.00349 1.00258 1.00257 1.00553 1.00926 1.09256 1.27931 1.2933 1.29704 1.28416 1.09274 1.00931 1.001 1.00008 0.999929 0.999937 0.999937 0.999929 1.00008 1.00097 1.00052 0.999967 0.999993 1 1 0.999993 0.999967 
1.05831 1.0083 1.00057 0.999927 0.999926 1.00056 1.00827 1.05825 1.17338 1.03411 1.00276 0.99989 0.999887 1.00275 1.03412 1.17642 1.95854 2.47809 2.45486 2.33181 2.33162 2.43704 2.45907 1.94731 1.05754 1.02666 1.02448 1.03772 1.03772 1.02448 1.02666 1.05754 1.11659 1.54935 2.19163 2.3452 2.35747 2.20772 1.5507 1.11701 1.01997 1.01155 1.00213 1.00003 1.00004 1.00214 1.01166 1.01984 1.00573 1.00023 0.999958 0.999995 0.999995 0.999958 1.00023 
1.37979 1.06582 1.00643 1.00016 1.00015 1.00638 1.06552 1.37968 2.14026 1.32616 1.04347 1.00331 1.00328 1.04339 1.32656 2.15295 4.64539 6.22007 6.40833 6.24923 6.2574 6.36252 6.17063 4.61173 1.51609 1.30786 1.28474 1.37019 1.37012 1.28464 1.30776 1.51603 1.94604 3.5745 5.33391 5.99844 6.0262 5.36981 3.57639 1.94943 1.23514 1.16348 1.04751 1.00804 1.00807 1.04761 1.16531 1.2358 1.06264 1.00307 0.999722 0.999856 0.999856 0.99972 1.00307 
2.35308 1.26664 1.03159 1.00187 1.00189 1.03196 1.26984 2.37027 4.8633 2.43239 1.2794 1.03352 1.03434 1.28558 2.46372 4.98057 10.5354 13.9059 14.9126 15.1692 15.0536 15.0258 14.0023 10.596 3.53917 2.9512 2.91179 3.10875 3.10821 2.91121 2.95039 3.53875 5.00962 8.53395 11.8553 13.6157 13.6267 11.8375 8.59021 5.03806 2.53412 2.15138 1.45537 1.1379 1.13567 1.44803 2.15609 2.54361 1.44122 1.03851 1.00005 0.999719 0.999719 1.00002 1.03851 
1.25337 1.02979 1.00232 1.0001 1.0001 1.00232 1.02979 1.25337 2.10343 1.32924 1.05016 1.00494 1.00494 1.05016 1.32924 2.10343 3.85998 5.00226 5.4845 5.76269 5.76269 5.4845 5.00226 3.85998 1.47114 1.58749 1.56906 1.41223 1.41223 1.56906 1.58749 1.47114 1.92325 3.22852 4.89392 5.6833 5.71947 4.93826 3.2485 1.92401 1.20297 1.19487 1.05398 1.00931 1.00931 1.05397 1.19489 1.20296 1.03695 1.0031 1.00016 1.00009 1.00009 1.00016 1.0031 
1.03053 1.00297 1.00018 0.999954 0.999954 1.00018 1.00297 1.03053 1.16139 1.03499 1.00387 1.00014 1.00014 1.00387 1.03499 1.16139 1.85342 2.30935 2.42816 2.40486 2.40486 2.42816 2.30935 1.85342 1.05499 1.09631 1.09239 1.05153 1.05153 1.09239 1.09631 1.05499 1.1078 1.33648 1.72767 1.93437 1.93887 1.73461 1.33877 1.10738 1.01239 1.01677 1.00316 1.00019 1.00019 1.00316 1.01677 1.01239 1.00131 0.999992 0.999983 1 1 0.999983 0.999992 
1.00196 1.00017 0.999969 0.999993 0.999993 0.999969 1.00017 1.00196 1.01293 1.00185 1.00004 0.99992 0.99992 1.00004 1.00185 1.01293 1.15305 1.25583 1.28699 1.26843 1.26843 1.28699 1.25583 1.15305 1.00355 1.00834 1.008 1.00336 1.00336 1.008 1.00834 1.00355 1.00707 1.02577 1.07377 1.09866 1.09924 1.07478 1.02601 1.007 1.00009 1.00061 1.00004 0.999929 0.999929 1.00004 1.00061 1.00009 1.00005 0.999964 1 1 1 1 0.999964 
1.00013 0.999962 0.999993 1 1 0.999993 0.999962 1.00013 1.00039 0.999831 0.999949 0.999995 0.999995 0.999949 0.999831 1.00039 1.01791 1.03346 1.0387 1.03384 1.03384 1.0387 1.03346 1.01791 1.0002 1.00031 1.00038 1.00012 1.00012 1.00038 1.00031 1.0002 1.00022 1.00054 1.00311 1.00455 1.0046 1.00321 1.00055 1.00022 0.999989 0.999845 0.999966 0.999995 0.999995 0.999966 0.999845 0.999989 1.00011 1 1 1 1 1 1 
0 0 0 0 1 0.999993 0.999962 1.00013 1.00039 0.999831 0.999949 0.999995 0.999995 0.999949 0.999828 1.0004 1.01791 1.03346 1.0387 1.03384 1.03328 1.03797 1.0328 1.01757 1.00021 1.00029 1.00037 1.00011 1.00012 1.00038 1.00031 1.0002 1.00022 1.00055 1.00321 1.0046 1.00455 1.00311 1.00054 1.00022 0.999989 0.999845 0.999966 0.999995 0.999995 0.999966 0.999845 0.999989 1.00011 1 1 1 0 0 0 
0 0 0 0 0.999993 0.999969 1.00017 1.00196 1.01293 1.00185 1.00004 0.99992 0.99992 1.00004 1.00183 1.01309 1.15305 1.25583 1.28699 1.26843 1.26509 1.28253 1.25166 1.15073 1.00366 1.00817 1.00783 1.00329 1.00336 1.008 1.00834 1.00355 1.007 1.02601 1.07478 1.09924 1.09866 1.07377 1.02577 1.00707 1.00009 1.00061 1.00004 0.999929 0.999929 1.00004 1.00061 1.00009 1.00005 0.999964 1 1 0 0 0 
0 0 0 0 0.999954 1.00018 1.00297 1.03053 1.16139 1.03499 1.00387 1.00014 1.00013 1.00385 1.03481 1.16208 1.85342 2.30935 2.42816 2.40486 2.39398 2.41479 2.29751 1.84628 1.05561 1.09487 1.09096 1.05085 1.05153 1.09239 1.09631 1.05499 1.10738 1.33877 1.73461 1.93887 1.93437 1.72767 1.33648 1.1078 1.01239 1.01677 1.00316 1.00019 1.00019 1.00316 1.01677 1.01239 1.00131 0.999992 0.999983 1 0 0 0 
