0 0 0 0 1.00008 1.00008 1.00113 1.01293 1.09821 1.02008 1.00254 1.00021 1.00021 1.00257 1.0201 1.09826 1.66371 1.37655 1.29803 1.28345 1.28216 1.29689 1.37622 1.66308 2.93812 1.84484 1.41313 1.46493 1.46503 1.4174 1.84428 2.93287 3.26122 3.62927 3.94128 4.15299 4.13733 3.90953 3.58686 3.23057 2.8123 2.39723 1.51554 1.10837 1.10795 1.51301 2.39111 2.80688 1.72639 1.0859 1.0073 1.00046 0 0 0 
0 0 0 0 0.999995 0.999982 1.00001 1.00071 1.00603 1.00077 0.999957 0.999958 0.999958 0.999958 1.00077 1.00603 1.07332 1.02949 1.01909 1.01797 1.01793 1.01906 1.02948 1.0733 1.40797 1.1414 1.05698 1.06266 1.06217 1.0568 1.13992 1.40367 1.60749 1.81376 1.88764 1.8494 1.85552 1.89489 1.81947 1.61078 1.29911 1.22229 1.06126 1.00744 1.00741 1.06093 1.22161 1.29799 1.12028 1.01378 1.00106 0.999983 0 0 0 
0 0 0 0 1 1 0.999981 1.00006 1.00006 0.999797 0.999956 0.999994 0.999994 0.999956 0.999797 1.00006 1.00473 1.00107 1.00041 1.0004 1.0004 1.00041 1.00107 1.00473 1.06149 1.01879 1.006 1.00624 1.00617 1.00594 1.01852 1.06061 1.0937 1.14583 1.16913 1.14735 1.14912 1.17163 1.148 1.09489 1.02588 1.0178 1.00356 1.0001 1.00009 1.00354 1.01776 1.02573 1.0093 1.00087 0.999988 0.999974 0 0 0 
0 0 0 0 1 1 0.999996 1.00009 0.999977 0.999878 0.999997 1 1 0.999997 0.999878 0.999977 1.00016 0.999798 0.999898 0.999903 0.999902 0.999897 0.999798 1.00016 1.00558 1.00171 1.00058 1.00046 1.00045 1.00057 1.00167 1.00547 1.0095 1.01766 1.02125 1.0163 1.01658 1.02165 1.01799 1.00968 1.00094 1.00034 0.999968 0.999936 0.999936 0.999966 1.00035 1.00093 1.00056 0.99997 0.999975 0.999998 0 0 0 
1.00009 0.999996 1 1 1 1 0.999996 1.00009 0.999977 0.999878 0.999997 1 1 0.999997 0.999878 0.999977 1.00016 0.999798 0.999897 0.999902 0.999903 0.999898 0.999798 1.00016 1.00558 1.00171 1.00058 1.00046 1.00046 1.00058 1.00171 1.00558 1.00968 1.01799 1.02165 1.01658 1.01658 1.02165 1.01799 1.00968 1.00093 1.00035 0.999966 0.999936 0.999936 0.999968 1.00035 1.00093 1.00056 0.99997 0.999975 0.999998 0.999998 0.999975 0.99997 
1.00006 0.999981 1 1 1 1 0.999981 1.00006 1.00006 0.999797 0.999956 0.999994 0.999994 0.999956 0.999797 1.00006 1.00473 1.00107 1.00041 1.0004 1.0004 1.00041 1.00107 1.00473 1.06149 1.01879 1.006 1.00624 1.00624 1.006 1.01879 1.06149 1.09489 1.148 1.17163 1.14912 1.14912 1.17163 1.148 1.09489 1.02573 1.01776 1.00354 1.00009 1.0001 1.00356 1.01776 1.02573 1.0093 1.00087 0.999988 0.999974 0.999974 0.999988 1.00087 
1.00071 1.00001 0.999982 0.999995 0.999995 0.999982 1.00001 1.00071 1.00603 1.00077 0.999958 0.999958 0.999958 0.999958 1.00077 1.00603 1.07332 1.02949 1.01906 1.01793 1.01797 1.01909 1.02949 1.07332 1.40797 1.1414 1.05698 1.06266 1.06266 1.05698 1.1414 1.40797 1.61078 1.81947 1.89489 1.85552 1.85552 1.89489 1.81947 1.61078 1.29799 1.22161 1.06093 1.00741 1.00744 1.06126 1.22161 1.29799 1.12028 1.01378 1.00106 0.999983 0.999983 1.00106 1.01378 
1.01293 1.00113 1.00008 1.00008 1.00008 1.00008 1.00113 1.01293 1.09826 1.0201 1.00257 1.00021 1.00021 1.00257 1.0201 1.09826 1.66371 1.37655 1.29689 1.28216 1.28345 1.29803 1.37655 1.66371 2.93812 1.84484 1.41313 1.46493 1.46493 1.41313 1.84484 2.93812 3.23057 3.58686 3.90953 4.13733 4.13733 3.90953 3.58686 3.23057 2.80688 2.39111 1.51301 1.10795 1.10837 1.51554 2.39111 2.80688 1.72639 1.0859 1.0073 1.00046 1.00046 1.0073 1.0859 
1.18238 1.01815 1.00089 0.999915 0.999911 1.00089 1.01842 1.18611 1.75831 1.19211 1.02665 1.00225 1.00225 1.02665 1.19211 1.75831 4.03607 3.22977 3.08383 3.07789 3.05393 3.10407 3.24977 4.08085 7.31903 5.23862 3.75996 3.67134 3.61704 3.67982 5.16793 7.28739 8.79746 9.98512 10.7077 10.9806 11.043 10.7732 10.0559 8.86563 6.60384 5.24654 3.29326 1.90034 1.88372 3.23526 5.22512 6.55039 4.16933 1.75859 1.10787 1.00843 1.00843 1.10787 1.75859 
1.03002 1.00249 0.999925 0.999852 0.999852 0.999921 1.00248 1.03003 1.12209 1.02522 1.00233 0.999887 0.999887 1.00233 1.02522 1.12209 1.67467 1.37022 1.31102 1.29482 1.29607 1.31066 1.37021 1.67688 3.10249 2.23777 1.61999 1.58831 1.58789 1.61633 2.23848 3.11483 4.0951 4.68826 4.50542 4.38046 4.37552 4.49792 4.68216 4.09103 2.89045 2.42966 1.55662 1.13362 1.13181 1.54584 2.44214 2.89102 2.15564 1.24324 1.02557 1.0012 1.0012 1.02557 1.24324 
1.00287 1.00014 0.999954 0.999993 0.999993 0.999953 1.00014 1.00287 1.00961 1.0013 0.999947 0.999952 0.999952 0.999947 1.0013 1.00961 1.07691 1.02862 1.02082 1.01979 1.0199 1.02082 1.02866 1.0771 1.45538 1.19407 1.07329 1.06766 1.06793 1.07313 1.19503 1.45933 1.81537 2.04064 1.87223 1.77022 1.77024 1.87169 2.04049 1.81507 1.35283 1.25951 1.07252 1.00972 1.00951 1.07026 1.26294 1.35294 1.23984 1.04081 1.00287 0.999951 0.999951 1.00287 1.04081 
1.00024 0.999951 0.999991 1 1 0.999991 0.999951 1.00024 1.0003 0.999827 0.999959 1 1 0.999959 0.999827 1.0003 1.00532 1.0008 1.00045 1.00044 1.00045 1.00045 1.0008 1.00534 1.0698 1.02515 1.00808 1.00693 1.00701 1.00815 1.02542 1.07061 1.17269 1.24374 1.16963 1.12757 1.12757 1.16956 1.24376 1.17262 1.04096 1.02973 1.00533 1.00005 1.00004 1.00506 1.03043 1.04103 1.03335 1.00434 1.00005 0.99994 0.99994 1.00005 1.00434 
1.00024 0.999951 0.999991 1 1 0.999991 0.999951 1.00024 1.00028 0.99981 0.999958 1 1 0.999959 0.999827 1.0003 1.00534 1.0008 1.00045 1.00045 1.00045 1.00045 1.0008 1.00534 1.07061 1.02542 1.00815 1.00701 1.00701 1.00815 1.02542 1.07061 1.17262 1.24376 1.16956 1.12757 1.12614 1.16702 1.23961 1.17001 1.04096 1.02973 1.00508 1.00004 1.00004 1.00508 1.02973 1.04096 1.03335 1.00434 1.00005 0.99994 0.99994 1.00005 1.00434 
1.00287 1.00014 0.999953 0.999993 0.999993 0.999953 1.00014 1.00287 1.00955 1.00122 0.999954 0.999952 0.999952 0.999947 1.0013 1.00961 1.0771 1.02866 1.02082 1.0199 1.0199 1.02082 1.02866 1.0771 1.45933 1.19503 1.07313 1.06793 1.06793 1.07313 1.19503 1.45933 1.81507 2.04049 1.87169 1.77024 1.76469 1.86235 2.02671 1.80581 1.35283 1.25951 1.0706 1.0096 1.0096 1.0706 1.25951 1.35283 1.23984 1.04081 1.00287 0.999951 0.999951 1.00286 1.04081 
1.03003 1.00248 0.999921 0.999852 0.999852 0.999921 1.00248 1.03003 1.12336 1.02435 1.00235 0.999887 0.999887 1.00233 1.02522 1.12209 1.67688 1.37021 1.31066 1.29607 1.29607 1.31066 1.37021 1.67688 3.11483 2.23848 1.61633 1.58789 1.58789 1.61633 2.23848 3.11483 4.09103 4.68216 4.49792 4.37552 4.36335 4.47572 4.65263 4.06901 2.89045 2.42966 1.54776 1.13279 1.13279 1.54776 2.42966 2.89045 2.15564 1.24324 1.02557 1.0012 1.0012 1.0254 1.24321 
1.18611 1.01842 1.00089 0.999911 0.999911 1.00089 1.01842 1.18611 1.76124 1.18334 1.02797 1.00238 1.00225 1.02665 1.19211 1.75831 4.08085 3.24977 3.10407 3.05393 3.05393 3.10407 3.24977 4.08085 7.28739 5.16793 3.67982 3.61704 3.61704 3.67982 5.16793 7.28739 8.86563 10.0559 10.7732 11.043 11.0382 10.7595 10.0379 8.84629 6.60384 5.24654 3.26227 1.89931 1.89931 3.26227 5.24654 6.60384 4.16933 1.75859 1.10787 1.00843 1.00843 1.10855 1.75861 
3.17289 1.49875 1.06188 1.00406 1.00413 1.06276 1.50476 3.19657 5.95212 2.90891 1.38115 1.0499 1.05033 1.38412 2.88873 5.92858 10.4031 9.32817 9.46261 9.44458 9.44458 9.46261 9.32817 10.4031 15.7224 12.5601 11.0333 10.6976 10.8308 11.1946 12.7025 15.8301 17.976 19.7775 20.882 21.8198 21.8458 20.9357 19.8462 18.0246 14.7699 12.371 8.90436 5.76751 5.76751 8.90436 12.371 14.7699 10.1418 3.95041 1.59846 1.07221 1.07154 1.594 3.92605 
1.6796 1.11962 1.01073 1.0003 1.0003 1.01073 1.11968 1.68086 2.93157 1.53583 1.07175 1.00583 1.00585 1.07197 1.53862 2.96996 7.15411 4.50876 3.98507 3.95933 3.95933 3.98507 4.50876 7.15411 15.386 10.3581 7.9462 6.90352 6.89932 7.93347 10.3185 15.3362 20.5061 22.615 24.4901 25.8814 25.8767 24.4817 22.619 20.4907 16.7081 13.853 10.4656 7.45014 7.45014 10.4656 13.853 16.7081 10.8713 4.09852 1.64656 1.07847 1.07809 1.6442 4.08748 
1.12463 1.01505 1.00093 0.999891 0.999891 1.00093 1.01509 1.12536 1.58522 1.10001 1.00787 1.00008 1.00008 1.00791 1.10177 1.60734 4.42224 2.04324 1.63878 1.68191 1.68191 1.63878 2.04324 4.42224 12.6098 7.63334 5.29937 4.00116 3.9977 5.28751 7.59824 12.5769 17.3905 19.2208 20.6746 21.595 21.6021 20.6919 19.2495 17.3897 14.5918 12.0778 8.76308 5.77668 5.77668 8.76308 12.0778 14.5918 9.53345 3.55998 1.47867 1.05014 1.04991 1.477 3.55192 
0.987351 0.997212 0.99991 1.00005 1.00005 0.999911 0.997223 0.987525 1.12893 1.00602 0.999883 0.999894 0.999897 0.999929 1.00718 1.14093 2.92143 1.27932 1.09247 1.12889 1.12889 1.09247 1.27932 2.92143 9.72346 5.11129 3.33256 2.39907 2.39711 3.32591 5.09337 9.71047 14.1332 15.7492 16.7767 17.2069 17.2026 16.7621 15.7189 14.1163 12.0168 9.86966 6.32793 3.64094 3.64094 6.32793 9.86966 12.0168 8.6246 3.29786 1.36143 1.02866 1.02857 1.36065 3.29301 
0.987525 0.997223 0.999911 1.00005 1.00005 0.999911 0.997223 0.987525 1.12893 1.00602 0.999929 0.999897 0.999894 0.999883 1.00602 1.12893 2.92832 1.28301 1.09248 1.1289 1.12889 1.09247 1.27932 2.92143 9.71047 5.09337 3.32591 2.39711 2.39711 3.32591 5.11129 9.71047 14.126 15.856 16.7621 17.2026 17.2069 16.7767 15.856 14.126 12.0592 9.9514 6.37153 3.62789 3.62789 6.37153 9.9514 12.0592 8.6246 3.29786 1.36143 1.02866 1.02866 1.36143 3.29786 
1.12536 1.01509 1.00093 0.999891 0.999891 1.00093 1.01509 1.12536 1.58522 1.10001 1.00791 1.00008 1.00008 1.00787 1.10001 1.58522 4.43605 2.04839 1.63877 1.68191 1.68191 1.63878 2.04324 4.42224 12.5769 7.59824 5.28751 3.9977 3.9977 5.28751 7.63334 12.5769 17.3933 19.4823 20.6919 21.6021 21.595 20.6746 19.4823 17.3933 14.5026 12.0841 8.77175 5.70877 5.70877 8.77175 12.0841 14.5026 9.53345 3.55998 1.47867 1.05014 1.05014 1.47867 3.55998 
1.68086 1.11968 1.01073 1.0003 1.0003 1.01073 1.11968 1.68086 2.93157 1.53583 1.07197 1.00585 1.00583 1.07175 1.53583 2.93157 7.16499 4.51073 3.9855 3.95981 3.95933 3.98507 4.50876 7.15411 15.3362 10.3185 7.93347 6.89932 6.89932 7.93347 10.3581 15.3362 20.5104 22.8564 24.4817 25.8767 25.8814 24.4901 22.8564 20.5104 16.6385 13.8867 10.4939 7.36879 7.36879 10.4939 13.8867 16.6385 10.8713 4.09852 1.64656 1.07847 1.07847 1.64656 4.09852 
3.19657 1.50476 1.06276 1.00413 1.00413 1.06276 1.50476 3.19657 5.95212 2.90891 1.38412 1.05033 1.0499 1.38115 2.90891 5.95212 10.6036 9.54448 9.46281 9.44475 9.44458 9.46261 9.32817 10.4031 15.8301 12.7025 11.1946 10.8308 10.8308 11.1946 12.5601 15.8301 18.5201 20.7621 20.9357 21.8458 21.8198 20.882 20.7621 18.5201 14.7341 12.4055 8.89471 5.72199 5.72199 8.89471 12.4055 14.7341 10.1418 3.95041 1.59846 1.07221 1.07221 1.59846 3.95041 
8.11319 3.09077 1.39795 1.04319 1.04319 1.39795 3.09077 8.11319 14.6849 7.65715 2.97998 1.48203 1.48432 2.98805 7.65715 14.6849 24.8132 26.7458 27.7015 28.0905 28.0946 27.7131 26.7458 24.8132 25.1451 24.5622 24.063 23.7581 23.7581 24.063 24.5622 25.1451 26.1346 28.6907 29.8041 30.0464 30.0464 29.8041 28.6907 26.1346 19.7217 16.9818 10.8272 5.99263 5.99263 10.8272 16.9818 19.7217 13.8621 5.75256 2.09905 1.17963 1.17963 2.09905 5.75256 
10.4682 3.94788 1.60421 1.0734 1.0734 1.60421 3.94788 10.4682 18.3011 10.0372 3.8723 1.79055 1.79527 3.88654 10.0372 18.3011 28.4074 30.5852 31.7261 31.9954 31.9964 31.7223 30.5852 28.4074 27.5162 26.6642 26.7028 27.169 27.169 26.7028 26.6642 27.5162 29.2774 32.1681 33.2171 33.4736 33.4736 33.2171 32.1681 29.2774 21.2941 18.2621 11.53 6.20431 6.20431 11.53 18.2621 21.2941 14.6117 6.06853 2.2183 1.21959 1.21959 2.2183 6.06853 
11.4936 4.32381 1.69393 1.08582 1.08582 1.69393 4.32381 11.4936 19.9067 10.8966 4.16546 1.88559 1.89084 4.1798 10.8966 19.9067 30.7027 32.7738 33.8308 34.05 34.0488 33.825 32.7738 30.7027 29.3601 28.5288 28.7884 29.6226 29.6226 28.7884 28.5288 29.3601 30.6642 33.3805 34.3843 34.6008 34.6008 34.3843 33.3805 30.6642 22.0556 18.828 11.8291 6.31969 6.31969 11.8291 18.828 22.0556 15.0849 6.22064 2.25154 1.22398 1.22398 2.25154 6.22064 
11.6907 4.36596 1.69253 1.08305 1.08305 1.69253 4.36596 11.6907 20.371 11.0496 4.19372 1.88008 1.88374 4.20263 11.0496 20.371 31.5119 33.4142 34.4318 34.6226 34.6205 34.4269 33.4142 31.5119 30.9528 30.4754 30.7686 31.6607 31.6607 30.7686 30.4754 30.9528 31.0712 33.5393 34.6179 34.8405 34.8405 34.6179 33.5393 31.0712 22.3077 18.979 11.8335 6.288 6.288 11.8335 18.979 22.3077 15.2574 6.11261 2.18108 1.19236 1.19236 2.18108 6.11261 
11.6733 4.35869 1.69047 1.08266 1.08305 1.69253 4.36596 11.6907 20.371 11.0496 4.20263 1.88374 1.88008 4.19372 11.0126 20.4364 31.5119 33.4142 34.4269 34.6205 34.6226 34.4318 33.4188 31.5429 30.9552 30.4746 30.7687 31.6607 31.6607 30.7686 30.4754 30.9528 31.0712 33.5393 34.6179 34.8405 34.8408 34.6197 33.5433 31.0125 22.376 18.981 11.8344 6.28817 6.288 11.8335 18.979 22.3077 15.2574 6.11261 2.18108 1.19236 1.19072 2.17511 6.09291 
11.4629 4.31146 1.69068 1.08519 1.08582 1.69393 4.32381 11.4936 19.9067 10.8966 4.1798 1.89084 1.88559 4.16546 10.8444 19.9657 30.7027 32.7738 33.825 34.0488 34.05 33.8308 32.7788 30.723 29.3615 28.5291 28.7886 29.6228 29.6226 28.7884 28.5288 29.3601 30.6642 33.3805 34.3843 34.6008 34.6007 34.3849 33.3831 30.6366 22.1264 18.8328 11.8308 6.31994 6.31969 11.8291 18.828 22.0556 15.0849 6.22064 2.25154 1.22398 1.22121 2.24138 6.1898 
10.4363 3.93599 1.60124 1.07285 1.0734 1.60421 3.94788 10.4682 18.3011 10.0372 3.88654 1.79527 1.79055 3.8723 9.98628 18.3548 28.4074 30.5852 31.7223 31.9964 31.9954 31.7261 30.588 28.4225 27.5172 26.6636 26.7022 27.1688 27.169 26.7028 26.6642 27.5162 29.2774 32.1681 33.2171 33.4736 33.4546 33.2031 32.1841 29.274 21.3654 18.2716 11.5345 6.20535 6.20431 11.53 18.2621 21.2941 14.6117 6.06853 2.2183 1.21959 1.21683 2.20815 6.0373 
8.11009 3.08669 1.39652 1.04291 1.04319 1.39795 3.09077 8.11319 14.6849 7.65715 2.98805 1.48432 1.48203 2.97998 7.62015 14.7095 24.8132 26.7458 27.7131 28.0946 28.0905 27.7015 26.7372 24.8308 25.146 24.5634 24.0641 23.7597 23.7581 24.063 24.5622 25.1451 26.1346 28.6907 29.8041 30.0464 30.359 29.9789 28.6438 26.0733 19.7634 16.9766 10.827 5.99224 5.99263 10.8272 16.9818 19.7217 13.8621 5.75256 2.09905 1.17963 1.1781 2.09319 5.7346 
6.44884 2.24531 1.16901 1.01163 1.01169 1.1694 2.24743 6.44893 14.3106 5.91529 2.10355 1.16437 1.16399 2.10152 5.86988 14.4644 27.8698 31.223 32.5618 32.9368 32.83 32.4619 31.1497 27.8641 32.2233 33.41 33.494 33.0625 33.0625 33.494 33.41 32.2233 29.2351 32.2004 33.4508 33.7987 33.8181 33.4672 32.2155 29.1691 21.3767 17.462 11.7847 6.93463 7.00386 11.8724 17.478 21.2883 14.3593 6.00892 2.23608 1.23362 1.23581 2.24364 6.03348 
5.98903 2.02363 1.11914 1.00644 1.0065 1.1198 2.02777 5.99312 14.0361 5.50048 1.912 1.11292 1.11362 1.91216 5.47181 14.2095 28.2145 31.9881 33.6698 34.1037 34.1202 33.7029 32.0328 28.2647 32.8266 33.9519 34.121 34.045 34.045 34.121 33.9519 32.8266 30.4329 33.0323 34.2085 34.4921 34.4826 34.1918 33.0099 30.3643 22.4831 18.1006 11.9499 6.75286 6.84096 12.0591 18.1242 22.3807 14.8238 6.035 2.23661 1.23171 1.23479 2.24697 6.06636 
5.83958 1.96845 1.10904 1.00563 1.00568 1.10962 1.97229 5.84298 13.871 5.34046 1.85552 1.10109 1.10161 1.85513 5.31006 14.0421 28.3927 32.4217 34.1791 34.6254 34.636 34.206 32.4559 28.4421 33.1347 34.1703 34.4054 34.4811 34.4811 34.4054 34.1703 33.1347 30.9059 33.4337 34.5428 34.8044 34.8001 34.5325 33.4188 30.842 22.9981 18.429 11.955 6.68768 6.77128 12.0631 18.4513 22.8959 15.1296 6.07688 2.23394 1.22738 1.23037 2.24403 6.10799 
5.8121 1.96222 1.10844 1.00578 1.00583 1.10895 1.96525 5.81299 13.8532 5.33182 1.85315 1.10037 1.10064 1.85311 5.30677 14.0195 28.4512 32.5414 34.3087 34.752 34.7588 34.3271 32.5665 28.5108 33.3413 34.3364 34.6029 34.722 34.722 34.6029 34.3364 33.3413 31.1279 33.6151 34.6533 34.8814 34.8792 34.6492 33.6123 31.0735 23.4139 18.7361 11.7483 6.52455 6.57732 11.8249 18.7505 23.331 15.4788 6.08456 2.19639 1.20041 1.20222 2.20263 6.10675 
5.81299 1.96525 1.10895 1.00583 1.00583 1.10895 1.96525 5.81299 14.0195 5.30677 1.85311 1.10064 1.10064 1.85311 5.33182 13.8532 28.4512 32.5414 34.3087 34.752 34.752 34.3087 32.5414 28.4512 33.3527 34.3395 34.6035 34.7223 34.722 34.6029 34.3364 33.3413 31.0735 33.6123 34.6492 34.8792 34.8792 34.6492 33.6123 31.0735 23.4139 18.7361 11.7483 6.52455 6.52455 11.7483 18.7361 23.4139 15.4788 6.08456 2.19639 1.20041 1.20041 2.19639 6.08456 
5.84298 1.97229 1.10962 1.00568 1.00568 1.10962 1.97229 5.84298 14.0421 5.31006 1.85513 1.10161 1.10161 1.85513 5.34046 13.871 28.3927 32.4217 34.1791 34.6254 34.6254 34.1791 32.4217 28.3927 33.1576 34.1766 34.4067 34.4816 34.4811 34.4054 34.1703 33.1347 30.842 33.4188 34.5325 34.8001 34.8001 34.5325 33.4188 30.842 22.9981 18.429 11.955 6.68768 6.68768 11.955 18.429 22.9981 15.1296 6.07688 2.23394 1.22738 1.22738 2.23394 6.07688 
5.99312 2.02777 1.1198 1.0065 1.0065 1.1198 2.02777 5.99312 14.2095 5.47181 1.91216 1.11362 1.11362 1.91216 5.50048 14.0361 28.2145 31.9881 33.6698 34.1037 34.1037 33.6698 31.9881 28.2145 32.8489 33.9593 34.1215 34.0453 34.045 34.121 33.9519 32.8266 30.3643 33.0099 34.1918 34.4826 34.4826 34.1918 33.0099 30.3643 22.4831 18.1006 11.9499 6.75286 6.75286 11.9499 18.1006 22.4831 14.8238 6.035 2.23661 1.23171 1.23171 2.23661 6.035 
6.44893 2.24743 1.1694 1.01169 1.01169 1.1694 2.24743 6.44893 14.4644 5.86988 2.10152 1.16399 1.16399 2.10152 5.91529 14.3106 27.8698 31.223 32.5618 32.9368 32.9368 32.5618 31.223 27.8698 32.2564 33.4439 33.5305 33.1101 33.0625 33.494 33.41 32.2233 29.1691 32.2155 33.4672 33.8181 33.8181 33.4672 32.2155 29.1691 21.3767 17.462 11.7847 6.93463 6.93463 11.7847 17.462 21.3767 14.3593 6.00892 2.23608 1.23362 1.23362 2.23608 6.00892 
5.68617 1.91988 1.09784 1.00494 1.00487 1.09712 1.91538 5.67546 13.6362 5.19385 1.86058 1.11153 1.11327 1.86479 5.18665 13.7219 27.9653 31.629 33.6073 34.1529 34.1529 33.6073 31.5993 28.0198 31.4434 33.4031 33.7723 33.4578 33.4295 33.7596 33.3803 31.4296 27.3062 31.6947 33.2774 33.7488 33.7395 33.2728 31.6947 27.3062 17.1212 14.7857 12.5645 10.1346 9.9583 12.5627 14.7857 17.1212 11.8815 6.70523 2.84754 1.53249 1.52283 2.81854 6.66256 
5.55555 1.88307 1.09362 1.00471 1.00463 1.09285 1.8786 5.54737 13.6124 5.08839 1.83116 1.10802 1.11024 1.83776 5.08817 13.7172 28.5532 32.1828 34.0765 34.5929 34.5929 34.0765 32.1691 28.6476 32.0064 33.7281 34.132 34.1088 34.1091 34.1294 33.7205 32.0214 27.9654 32.6817 34.1729 34.5274 34.5271 34.1671 32.6817 27.9654 16.468 14.6217 13.2531 11.9528 11.7398 13.2346 14.6217 16.468 11.5271 7.03708 3.16835 1.65227 1.63908 3.12994 6.99684 
5.52466 1.86757 1.09074 1.0046 1.00451 1.08997 1.86316 5.51708 13.671 5.08531 1.82682 1.10739 1.10961 1.83332 5.08449 13.7756 28.8199 32.4143 34.2364 34.7272 34.7272 34.2364 32.3995 28.911 32.4015 33.9628 34.3905 34.5085 34.5077 34.3879 33.9566 32.4182 28.4473 33.0334 34.453 34.7945 34.791 34.4457 33.0334 28.4473 17.1082 14.8876 13.3502 11.6896 11.4832 13.3318 14.8876 17.1082 11.7497 6.94284 3.07437 1.61708 1.6048 3.03826 6.90254 
5.4562 1.83481 1.08355 1.00397 1.00392 1.08307 1.83193 5.4538 13.7255 5.08983 1.80752 1.09897 1.10046 1.8108 5.08146 13.8188 28.8981 32.5009 34.2826 34.7491 34.7491 34.2826 32.4907 28.9862 32.6814 34.1583 34.5789 34.7318 34.7313 34.5774 34.1548 32.6942 28.9382 33.1981 34.5424 34.8526 34.8502 34.5379 33.1981 28.9382 18.4442 15.4551 13.0085 10.3298 10.2097 12.9935 15.4551 18.4442 12.2699 6.4488 2.67106 1.46025 1.4539 2.65474 6.41806 
5.4538 1.83193 1.08307 1.00392 1.00392 1.08307 1.83481 5.4562 13.8188 5.08146 1.8108 1.10046 1.09897 1.80752 5.08146 13.8188 28.9862 32.4907 34.2745 34.7436 34.7436 34.2745 32.4907 28.9862 32.6942 34.1548 34.5774 34.7313 34.7313 34.5774 34.1548 32.6942 28.9511 33.1896 34.5379 34.8502 34.8526 34.5424 33.1981 28.9382 18.4442 15.4551 12.9935 10.2097 10.3298 13.0085 15.39 18.4545 12.3245 6.41806 2.65474 1.4539 1.46025 2.67106 6.4488 
5.51708 1.86316 1.08997 1.00451 1.00451 1.08997 1.86757 5.52466 13.7756 5.08449 1.83332 1.10961 1.10739 1.82682 5.08449 13.7756 28.911 32.3995 34.2194 34.7177 34.7177 34.2194 32.3995 28.911 32.4182 33.9566 34.3879 34.5077 34.5077 34.3879 33.9566 32.4182 28.4703 33.0231 34.4457 34.791 34.7945 34.453 33.0334 28.4473 17.1082 14.8876 13.3318 11.4832 11.6896 13.3502 14.7719 17.0486 11.8261 6.90254 3.03826 1.6048 1.61708 3.07437 6.94284 
5.54737 1.8786 1.09285 1.00463 1.00463 1.09285 1.88307 5.55555 13.7172 5.08817 1.83776 1.11024 1.10802 1.83116 5.08817 13.7172 28.6476 32.1691 34.0571 34.5821 34.5821 34.0571 32.1691 28.6476 32.0214 33.7205 34.1294 34.1091 34.1091 34.1294 33.7205 32.0214 27.9911 32.6724 34.1671 34.5271 34.5274 34.1729 32.6817 27.9654 16.468 14.6217 13.2346 11.7398 11.9528 13.2531 14.5085 16.399 11.5999 6.99684 3.12994 1.63908 1.65227 3.16835 7.03708 
5.67546 1.91538 1.09712 1.00487 1.00487 1.09712 1.91988 5.68617 13.7219 5.18665 1.86479 1.11327 1.11153 1.86058 5.18665 13.7219 28.0198 31.5993 33.5916 34.1507 34.1507 33.5916 31.5993 28.0198 31.4296 33.3803 33.7596 33.4295 33.4295 33.7596 33.3803 31.4296 27.3156 31.6876 33.2728 33.7395 33.7488 33.2774 31.6947 27.3062 17.1212 14.7857 12.5627 9.9583 10.1346 12.5645 14.6238 17.0042 11.9584 6.66256 2.81854 1.52283 1.53249 2.84754 6.70523 
5.565 1.98674 1.11674 1.00739 1.00739 1.11674 1.98674 5.565 13.1105 5.28659 1.93182 1.12747 1.12726 1.9313 5.28891 13.0194 26.0256 30.2051 32.7117 33.4723 33.4723 32.7117 30.2051 26.0256 25.9752 27.0193 27.2596 27.236 27.2327 27.2561 27.016 25.9736 23.1382 27.1104 29.9607 31.1252 31.0746 29.8943 27.0197 23.0347 17.4402 15.0041 10.4136 6.45603 6.51462 10.5262 14.9332 17.4146 11.5131 4.95462 2.01954 1.20791 1.20792 2.01958 4.95498 
5.11686 1.78304 1.0739 1.00333 1.00333 1.0739 1.78304 5.11686 12.6747 4.83545 1.74134 1.08104 1.08055 1.73817 4.83078 12.578 26.7335 30.9351 33.4184 34.2009 34.2009 33.4184 30.9351 26.7335 28.2105 28.5431 28.8966 29.3962 29.3964 28.8971 28.5436 28.2115 26.1389 29.7455 32.1358 33.118 33.1098 32.1253 29.7397 26.1165 19.3981 16.3561 11.1958 6.75317 6.79372 11.2615 16.2351 19.3392 12.7149 5.23208 2.06093 1.20002 1.20001 2.06089 5.23226 
4.87905 1.69249 1.05966 1.00232 1.00232 1.05966 1.69249 4.87905 12.5222 4.63076 1.66843 1.06761 1.06725 1.66582 4.62875 12.4244 27.1308 31.3543 33.78 34.5285 34.5285 33.78 31.3543 27.1308 29.5516 29.7265 30.1603 30.8702 30.8701 30.1601 29.7263 29.5523 28.1645 31.5623 33.4825 34.1663 34.1599 33.4736 31.5546 28.1402 20.8181 17.4518 11.6064 6.85086 6.88634 11.6701 17.3396 20.7779 13.7242 5.55499 2.11925 1.20405 1.20404 2.11918 5.55524 
4.80345 1.66298 1.05693 1.00219 1.00219 1.05693 1.66298 4.80345 12.5003 4.5708 1.64618 1.0645 1.06421 1.64435 4.57264 12.4106 27.3393 31.5508 33.9435 34.6051 34.6051 33.9435 31.5508 27.3393 30.6324 30.734 31.2487 32.1927 32.1927 31.2487 30.734 30.633 29.0971 32.4787 34.0956 34.5998 34.5968 34.0917 32.4762 29.0841 21.4206 18.0691 11.659 6.65391 6.67399 11.7039 18.0074 21.4225 14.3827 5.65747 2.08498 1.17748 1.17747 2.08492 5.65773 
4.81187 1.66276 1.05677 1.00217 1.00219 1.05693 1.66298 4.80345 12.4106 4.57264 1.64435 1.06421 1.06421 1.64435 4.5708 12.4106 27.2414 31.5696 33.9621 34.6163 34.6163 33.9621 31.5508 27.3393 30.633 30.734 31.2487 32.1927 32.1927 31.2487 30.734 30.6324 29.0841 32.4762 34.0917 34.5968 34.5998 34.0956 32.4762 29.0841 21.3861 18.0074 11.6185 6.61968 6.65391 11.659 18.0691 21.4206 14.3827 5.65747 2.08498 1.17748 1.17748 2.08498 5.65747 
4.8926 1.69252 1.05948 1.0023 1.00232 1.05966 1.69249 4.87905 12.4244 4.62875 1.66582 1.06725 1.06725 1.66582 4.63076 12.4244 27.0208 31.3832 33.8177 34.5463 34.5463 33.8177 31.3543 27.1308 29.5523 29.7263 30.1601 30.8701 30.8702 30.1603 29.7265 29.5516 28.1402 31.5546 33.4736 34.1599 34.1663 33.4825 31.5546 28.1402 20.7541 17.3396 11.5475 6.78797 6.85086 11.6064 17.4518 20.8181 13.7242 5.55499 2.11925 1.20405 1.20405 2.11925 5.55499 
5.13028 1.78302 1.07367 1.0033 1.00333 1.0739 1.78304 5.11686 12.578 4.83078 1.73817 1.08055 1.08055 1.73817 4.83545 12.578 26.6286 30.9722 33.4633 34.2239 34.2239 33.4633 30.9351 26.7335 28.2115 28.5436 28.8971 29.3964 29.3962 28.8966 28.5431 28.2105 26.1165 29.7397 32.1253 33.1098 33.118 32.1358 29.7397 26.1165 19.3292 16.2351 11.14 6.68781 6.75317 11.1958 16.3561 19.3981 12.7149 5.23208 2.06093 1.20002 1.20002 2.06093 5.23208 
5.58264 1.98937 1.11699 1.00739 1.00739 1.11674 1.98674 5.565 13.0194 5.28891 1.9313 1.12726 1.12726 1.9313 5.28659 13.0194 25.9038 30.2252 32.6975 33.4404 33.4404 32.6975 30.2051 26.0256 25.9736 27.016 27.2561 27.2327 27.236 27.2596 27.0193 25.9752 23.0347 27.0197 29.8943 31.0746 31.1252 29.9607 27.0197 23.0347 17.4074 14.9332 10.2882 6.34409 6.45603 10.4136 15.0041 17.4402 11.5131 4.95462 2.01954 1.20791 1.20791 2.01954 4.95462 
7.14606 2.76609 1.31645 1.03101 1.03101 1.31645 2.76609 7.14606 13.0776 6.82246 2.74688 1.39745 1.3969 2.74688 6.82246 13.0776 21.2189 27 29.4555 30.161 30.1603 29.5462 27 21.2189 11.8271 11.5181 11.7868 11.9567 11.7992 11.6003 11.3324 11.6767 12.6859 18.4862 23.6586 25.8831 25.8831 23.6586 18.4862 12.6859 8.68714 7.61518 4.37044 2.33535 2.33934 4.38244 7.77195 8.85109 5.6536 2.30751 1.21531 1.02221 1.02221 1.21619 2.30751 
9.27635 3.53453 1.48775 1.05172 1.05172 1.48775 3.53453 9.27635 15.7326 8.99219 3.58633 1.66175 1.66097 3.58633 8.99219 15.7326 21.8293 28.9831 31.7549 32.6106 32.6108 31.74 28.9831 21.8293 7.71218 8.05365 8.15029 7.63834 7.63884 8.15037 8.05203 7.71131 8.48219 16.1545 23.7928 27.0339 27.0339 23.7928 16.1545 8.48219 3.87491 3.06766 1.8101 1.19656 1.19564 1.80812 3.07795 3.88681 2.67748 1.38143 1.04698 1.0032 1.0032 1.04674 1.38143 
10.1224 3.84758 1.55948 1.06014 1.06014 1.55948 3.84758 10.1224 16.8915 9.88241 3.85429 1.73315 1.7322 3.85429 9.88241 16.8915 21.7877 29.6956 32.9344 33.874 33.8741 32.9128 29.6956 21.7877 4.76582 5.52056 5.49704 4.43302 4.43282 5.49729 5.5195 4.76559 6.13506 14.5234 23.7986 27.8534 27.8534 23.7986 14.5234 6.13506 1.98711 1.42419 1.10214 1.01405 1.014 1.10207 1.42615 1.99398 1.41515 1.06995 1.00585 1.00013 1.00013 1.00585 1.06995 
10.2918 3.89928 1.57002 1.06106 1.06106 1.57002 3.89928 10.2918 17.1528 10.0423 3.87996 1.73659 1.73575 3.87996 10.0423 17.1528 21.7078 29.9309 33.3304 34.2205 34.2201 33.3163 29.9309 21.7078 3.11567 3.42795 3.37918 2.51623 2.51612 3.37941 3.42801 3.11393 5.2377 13.6838 23.7234 28.2144 28.2144 23.7234 13.6838 5.2377 1.60111 1.10486 1.0114 1.00051 1.00051 1.01144 1.10565 1.60398 1.1247 1.01287 1.00057 0.999854 0.999854 1.00058 1.01287 
10.2967 3.90073 1.57033 1.06116 1.06106 1.57002 3.89928 10.2918 17.1307 10.0432 3.87772 1.73575 1.73659 3.87996 10.0423 17.1528 21.7078 29.9309 33.3935 34.2294 34.2205 33.3304 29.9594 21.5827 3.11393 3.42801 3.37941 2.51612 2.51623 3.37918 3.42795 3.11567 5.2188 13.6332 23.7433 28.2367 28.2144 23.7234 13.6838 5.2377 1.60398 1.10565 1.01144 1.00051 1.00053 1.01154 1.10486 1.60111 1.1247 1.01287 1.00058 0.999854 0.999854 1.00057 1.01286 
10.1332 3.84979 1.56 1.0603 1.06014 1.55948 3.84758 10.1224 16.8464 9.87296 3.85092 1.7322 1.73315 3.85429 9.88241 16.8915 21.7877 29.6956 33.0458 33.8886 33.874 32.9344 29.7405 21.6615 4.76559 5.5195 5.49729 4.43282 4.43302 5.49704 5.52056 4.76582 6.09281 14.4363 23.8312 27.8939 27.8534 23.7986 14.5234 6.13506 1.99398 1.42615 1.10207 1.014 1.01412 1.10204 1.42419 1.98711 1.41515 1.06995 1.00585 1.00013 1.00013 1.00585 1.07002 
9.29049 3.53756 1.48838 1.05189 1.05172 1.48775 3.53453 9.27635 15.7062 8.96969 3.58315 1.66097 1.66175 3.58633 8.99219 15.7326 21.8293 28.9831 31.8872 32.6301 32.6106 31.7549 29.0271 21.7406 7.71131 8.05203 8.15037 7.63884 7.63834 8.15029 8.05365 7.71218 8.43392 16.0721 23.825 27.0743 27.0339 23.7928 16.1545 8.48219 3.88681 3.07795 1.80812 1.19564 1.19769 1.81752 3.06766 3.87491 2.67748 1.38143 1.04674 1.0032 1.00323 1.04698 1.38253 
7.13973 2.7655 1.31671 1.03112 1.03101 1.31645 2.76609 7.14606 13.011 6.78847 2.74299 1.3969 1.39745 2.74688 6.82246 13.0776 21.2189 27 29.2773 30.0999 30.161 29.4555 26.9561 21.1429 11.6767 11.3324 11.6003 11.7992 11.9567 11.7868 11.5181 11.8271 12.3911 18.1209 23.476 25.7222 25.8831 23.6586 18.4862 12.6859 8.85109 7.77195 4.38244 2.33934 2.33054 4.32906 7.61518 8.68714 5.6536 2.30751 1.21619 1.02221 1.0222 1.21531 2.29769 
2.39931 1.28661 1.03626 1.00235 1.00233 1.03586 1.28338 2.38242 5.011 2.50621 1.30385 1.03877 1.03877 1.30385 2.47494 4.88145 10.7113 14.1914 15.4265 15.6953 15.6943 15.4279 14.2881 10.7766 3.70794 3.08839 3.06666 3.2879 3.2879 3.06666 3.08839 3.70794 5.16243 8.74729 12.1726 13.8736 13.8736 12.2006 8.94921 5.30895 2.6683 2.25463 1.46475 1.14885 1.15377 1.49881 2.25836 2.60631 1.46801 1.0437 1.00026 0.99967 0.99967 1.00026 1.04505 
1.4053 1.0739 1.00763 1.00025 1.00026 1.00769 1.07423 1.40541 2.20204 1.35062 1.04877 1.00402 1.00402 1.04877 1.34876 2.18063 4.69334 6.29761 6.48882 6.36148 6.3619 6.48944 6.25062 4.66094 1.5712 1.34346 1.31936 1.41347 1.41347 1.31936 1.34346 1.5712 2.02871 3.75075 5.46958 6.16922 6.16922 5.43435 3.71969 2.03642 1.26166 1.18097 1.0532 1.0099 1.00996 1.05394 1.18162 1.26151 1.07125 1.00385 0.999692 0.999839 0.999839 0.999691 1.00387 
1.06526 1.00988 1.00073 0.999922 0.999923 1.00074 1.00991 1.06533 1.19368 1.03882 1.00336 0.999915 0.999915 1.00336 1.03879 1.18913 2.00842 2.55335 2.52522 2.40966 2.40975 2.52539 2.53475 1.99716 1.06667 1.0302 1.02752 1.04312 1.04312 1.02752 1.0302 1.06667 1.13711 1.62579 2.28489 2.4553 2.4553 2.26818 1.61269 1.13641 1.02314 1.01338 1.00259 1.00008 1.00009 1.00261 1.01344 1.02309 1.00683 1.00031 0.999952 0.999994 0.999994 0.999952 1.00031 
1.0073 1.00085 0.999897 0.999974 0.999973 0.999898 1.00085 1.00731 1.01896 1.0021 0.999888 0.999928 0.999928 0.999888 1.00213 1.01832 1.22605 1.39149 1.35995 1.29451 1.29449 1.35982 1.38514 1.22261 1.00672 1.00293 1.00288 1.00413 1.00413 1.00288 1.00293 1.00672 1.01239 1.115 1.32077 1.33919 1.33919 1.31544 1.11141 1.01213 1.00121 1.00015 0.999933 0.999925 0.999925 0.999934 1.00015 1.00121 1.00063 0.999966 0.999991 1 1 0.999991 0.999965 
1.00731 1.00085 0.999898 0.999973 0.999973 0.999898 1.00085 1.00731 1.01832 1.00213 0.999885 0.999928 0.999928 0.999888 1.00213 1.01832 1.22605 1.39149 1.35982 1.29449 1.29451 1.35995 1.39149 1.22605 1.00671 1.00293 1.00288 1.00413 1.00413 1.00288 1.00293 1.00672 1.01216 1.11276 1.32094 1.33931 1.33919 1.32077 1.115 1.01239 1.00121 1.00015 0.999934 0.999925 0.999925 0.999933 1.00015 1.00121 1.00063 0.999966 0.999991 1 1 0.999991 0.999966 
1.06533 1.00991 1.00074 0.999923 0.999923 1.00074 1.00991 1.06533 1.18913 1.03879 1.00334 0.999912 0.999915 1.00336 1.03879 1.18913 2.00842 2.55335 2.52539 2.40975 2.40966 2.52522 2.55335 2.00842 1.06658 1.03019 1.02751 1.04312 1.04312 1.02752 1.0302 1.06667 1.13582 1.61628 2.28643 2.45608 2.4553 2.28489 1.62579 1.13711 1.02309 1.01338 1.0026 1.00008 1.00008 1.00259 1.01338 1.02314 1.00683 1.00031 0.999952 0.999994 0.999994 0.999952 1.00031 
1.40541 1.07423 1.00769 1.00026 1.00026 1.00769 1.07423 1.40541 2.18063 1.34876 1.0488 1.00399 1.00402 1.04877 1.34876 2.18063 4.69334 6.29761 6.48944 6.3619 6.36148 6.48882 6.29761 4.69334 1.56911 1.34139 1.3173 1.41159 1.41347 1.31936 1.34346 1.5712 2.0272 3.73328 5.48512 6.18476 6.16922 5.46958 3.75075 2.02871 1.26151 1.18094 1.0536 1.00994 1.0099 1.0532 1.18097 1.26166 1.07125 1.00385 0.999692 0.999839 0.999839 0.999692 1.00385 
2.38242 1.28338 1.03586 1.00233 1.00233 1.03586 1.28338 2.38242 4.88145 2.47494 1.30768 1.03934 1.03877 1.30385 2.47494 4.88145 10.7113 14.1914 15.4279 15.6943 15.6953 15.4265 14.1914 10.7113 3.68242 3.0677 3.04386 3.26256 3.2879 3.06666 3.08839 3.70794 5.13972 8.68818 12.1142 13.7936 13.8736 12.1726 8.74729 5.16243 2.60631 2.24039 1.4898 1.1488 1.14885 1.46475 2.25463 2.6683 1.46801 1.0437 1.00026 0.99967 0.99967 1.00026 1.0437 
1.27603 1.03462 1.00289 1.00013 1.00013 1.00289 1.03462 1.27603 2.16237 1.36066 1.05722 1.00607 1.00607 1.05722 1.36066 2.16237 3.91454 5.09879 5.61053 5.92712 5.92712 5.61053 5.09879 3.91454 1.5211 1.6346 1.61788 1.45346 1.45346 1.61788 1.6346 1.5211 1.99226 3.34999 4.96624 5.8202 5.8202 4.96624 3.34999 1.99226 1.2291 1.21174 1.06132 1.01146 1.01146 1.06132 1.21174 1.2291 1.04369 1.00402 1.00023 1.00009 1.00009 1.00023 1.00402 
1.03511 1.00372 1.00026 0.999948 0.999948 1.00026 1.00372 1.03511 1.17799 1.04099 1.00477 1.00023 1.00023 1.00477 1.04099 1.17799 1.92092 2.42077 2.55976 2.52883 2.52883 2.55976 2.42077 1.92092 1.06592 1.11142 1.1074 1.06127 1.06127 1.1074 1.11142 1.06592 1.12301 1.375 1.77373 2.00257 2.00257 1.77373 1.375 1.12301 1.01523 1.01896 1.00389 1.00029 1.00029 1.00389 1.01896 1.01523 1.00194 1.00006 0.999976 1 1 0.999976 1.00006 
1.00245 1.00025 0.999965 0.999991 0.999991 0.999965 1.00025 1.00245 1.01512 1.0024 1.0001 0.999906 0.999906 1.0001 1.0024 1.01512 1.17684 1.29756 1.33466 1.31006 1.31006 1.33466 1.29756 1.17684 1.00479 1.0107 1.01031 1.00447 1.00447 1.01031 1.0107 1.00479 1.00867 1.031 1.08249 1.11221 1.11221 1.08249 1.031 1.00867 1.00021 1.00076 1.00007 0.999921 0.999921 1.00007 1.00076 1.00021 1.00008 0.999955 0.999999 1 1 0.999999 0.999955 
1.00016 0.999957 0.999991 1 1 0.999991 0.999957 1.00016 1.00052 0.999851 0.999939 0.999992 0.999992 0.999939 0.999851 1.00052 1.02273 1.04305 1.04961 1.04262 1.04262 1.04961 1.04305 1.02273 1.00027 1.00048 1.00055 1.00018 1.00018 1.00055 1.00048 1.00027 1.00029 1.0008 1.00371 1.00563 1.00563 1.00371 1.0008 1.00029 0.99998 0.999842 0.999958 0.999993 0.999993 0.999958 0.999842 0.99998 1.00011 1 1 1 1 1 1 
0 0 0 0 1 0.999991 0.999957 1.00016 1.0005 0.999854 0.999939 0.999992 0.999992 0.999939 0.999851 1.00052 1.02273 1.04305 1.04961 1.04262 1.04194 1.0487 1.04224 1.02232 1.00028 1.00046 1.00053 1.00017 1.00018 1.00055 1.00048 1.00027 1.00029 1.0008 1.00382 1.00563 1.00563 1.00371 1.0008 1.00029 0.99998 0.99984 0.999959 0.999993 0.999993 0.999958 0.999842 0.99998 1.00011 1 1 1 0 0 0 
0 0 0 0 0.999991 0.999965 1.00025 1.00245 1.01494 1.00242 1.0001 0.999906 0.999906 1.0001 1.0024 1.01512 1.17684 1.29756 1.33466 1.31006 1.30627 1.32945 1.29281 1.17422 1.00492 1.01049 1.0101 1.00439 1.00447 1.01031 1.0107 1.00479 1.00867 1.031 1.08351 1.11216 1.11221 1.08249 1.031 1.00867 1.00021 1.00074 1.00007 0.999921 0.999921 1.00007 1.00076 1.00021 1.00008 0.999955 0.999999 1 0 0 0 
0 0 0 0 0.999948 1.00026 1.00372 1.03511 1.1774 1.04122 1.0048 1.00023 1.00023 1.00477 1.04099 1.17799 1.92092 2.42077 2.55976 2.52883 2.51724 2.54509 2.40795 1.91323 1.0666 1.10986 1.10583 1.06051 1.06127 1.1074 1.11142 1.06592 1.12293 1.37482 1.78061 2.00263 2.00257 1.77373 1.375 1.12301 1.01524 1.01873 1.00385 1.00029 1.00029 1.00389 1.01896 1.01523 1.00194 1.00006 0.999976 1 0 0 0 
