0 0 0 0 1.00007 1.00015 1.00194 1.0188 1.14049 1.0299 1.00395 1.00038 1.00038 1.00399 1.02988 1.14036 1.82086 1.49857 1.40231 1.38405 1.38386 1.40211 1.49701 1.82527 3.19485 2.04791 1.53631 1.58768 1.58718 1.53995 2.04663 3.19029 3.41381 3.80611 4.18009 4.46785 4.45121 4.14588 3.76015 3.38005 2.93731 2.46954 1.58708 1.14492 1.14452 1.58475 2.46386 2.93357 1.84561 1.12005 1.01157 1.00093 0 0 0 
0 0 0 0 0.999993 0.999978 1.00007 1.0012 1.0096 1.00144 1.00002 0.999937 0.999937 1.00002 1.00144 1.0096 1.10128 1.04645 1.03068 1.02871 1.02871 1.03068 1.04623 1.10242 1.51903 1.19113 1.07914 1.08558 1.0849 1.07878 1.18916 1.51403 1.73039 1.97328 2.07656 2.03842 2.04561 2.08509 1.97978 1.7342 1.34939 1.25517 1.07741 1.01143 1.01139 1.07705 1.25449 1.34826 1.15737 1.02178 1.00186 1.00006 0 0 0 
0 0 0 0 1 0.999998 0.999974 1.0001 1.00014 0.999802 0.999936 0.999989 0.999989 0.999936 0.999802 1.00014 1.00721 1.00223 1.00094 1.00087 1.00087 1.00094 1.00221 1.00739 1.09047 1.02816 1.00883 1.00928 1.00917 1.00874 1.02778 1.08929 1.13244 1.20353 1.2375 1.20831 1.21062 1.24077 1.20629 1.13398 1.03475 1.02343 1.00537 1.00029 1.00029 1.00534 1.02339 1.03455 1.0146 1.00164 1.00007 0.999961 0 0 0 
0 0 0 0 1 1 0.999994 1.00009 0.999948 0.99986 0.999994 1 1 0.999994 0.99986 0.999948 1.00024 0.999817 0.999889 0.999894 0.999894 0.999889 0.999815 1.00026 1.00981 1.0029 1.00094 1.00077 1.00076 1.00092 1.00285 1.00964 1.01671 1.03052 1.03684 1.02824 1.02866 1.03745 1.03103 1.01697 1.00165 1.00073 1.00001 0.999909 0.999908 1 1.00073 1.00164 1.00098 1.00003 0.999963 0.999994 0 0 0 
1.00009 0.999994 1 1 1 1 0.999994 1.00009 0.999948 0.99986 0.999994 1 1 0.999994 0.99986 0.999948 1.00024 0.999817 0.999889 0.999894 0.999894 0.999889 0.999817 1.00024 1.00981 1.0029 1.00094 1.00077 1.00077 1.00094 1.0029 1.00981 1.01697 1.03103 1.03745 1.02866 1.02866 1.03745 1.03103 1.01697 1.00164 1.00073 1 0.999908 0.999908 1 1.00073 1.00164 1.00098 1.00003 0.999963 0.999994 0.999994 0.999963 1.00003 
1.0001 0.999974 0.999998 1 1 0.999998 0.999974 1.0001 1.00014 0.999802 0.999936 0.999989 0.999989 0.999936 0.999802 1.00014 1.00721 1.00223 1.00094 1.00087 1.00087 1.00094 1.00223 1.00721 1.09047 1.02816 1.00883 1.00928 1.00928 1.00883 1.02816 1.09047 1.13398 1.20629 1.24077 1.21062 1.21062 1.24077 1.20629 1.13398 1.03455 1.02339 1.00534 1.00029 1.00029 1.00534 1.02339 1.03455 1.0146 1.00164 1.00007 0.999961 0.999961 1.00007 1.00164 
1.0012 1.00007 0.999978 0.999993 0.999993 0.999978 1.00007 1.0012 1.0096 1.00144 1.00002 0.999937 0.999937 1.00002 1.00144 1.0096 1.10128 1.04645 1.03068 1.02871 1.02871 1.03068 1.04645 1.10128 1.51903 1.19113 1.07914 1.08558 1.08558 1.07914 1.19113 1.51903 1.7342 1.97978 2.08509 2.04561 2.04561 2.08509 1.97978 1.7342 1.34826 1.25449 1.07705 1.01139 1.01139 1.07705 1.25449 1.34826 1.15737 1.02178 1.00186 1.00006 1.00006 1.00186 1.02178 
1.0188 1.00194 1.00015 1.00007 1.00007 1.00015 1.00194 1.0188 1.14036 1.02988 1.00399 1.00038 1.00038 1.00399 1.02988 1.14036 1.82086 1.49857 1.40211 1.38386 1.38405 1.40231 1.49857 1.82086 3.19485 2.04791 1.53631 1.58768 1.58768 1.53631 2.04791 3.19485 3.38005 3.76015 4.14588 4.45121 4.45121 4.14588 3.76015 3.38005 2.93357 2.46386 1.58475 1.14452 1.14452 1.58475 2.46386 2.93357 1.84561 1.12005 1.01157 1.00093 1.00093 1.01157 1.12005 
1.23767 1.02647 1.00148 0.999898 0.999894 1.00149 1.02678 1.24123 1.93195 1.24688 1.03534 1.00355 1.00355 1.03534 1.24162 1.92354 4.3249 3.44024 3.35336 3.3151 3.33731 3.37455 3.48581 4.39593 7.58377 5.6135 4.10082 3.97484 3.92583 4.02821 5.54217 7.55395 9.23161 10.3962 10.9911 11.3018 11.3501 11.0366 10.4404 9.2769 6.72735 5.24239 3.4355 2.07644 2.07644 3.4355 5.24239 6.72735 4.33816 1.88021 1.14407 1.01345 1.01345 1.14407 1.88021 
1.04161 1.00389 1.00001 0.999826 0.999826 1 1.00387 1.0416 1.16054 1.03349 1.00358 0.999967 0.999967 1.00358 1.03324 1.16073 1.81548 1.46947 1.40615 1.38965 1.39038 1.4068 1.46867 1.81691 3.35602 2.52298 1.7859 1.72083 1.721 1.78273 2.52518 3.36935 4.23991 4.81351 4.74008 4.63555 4.61982 4.7117 4.77664 4.21282 3.0243 2.51264 1.62998 1.17821 1.17821 1.62998 2.51264 3.0243 2.32784 1.32665 1.0397 1.00248 1.00248 1.0397 1.32665 
1.00432 1.0003 0.999939 0.999987 0.999987 0.999939 1.0003 1.00432 1.01411 1.00203 0.999981 0.999926 0.999926 0.999981 1.002 1.01407 1.10729 1.0429 1.03275 1.03119 1.03136 1.03291 1.04286 1.1075 1.57045 1.27132 1.10397 1.09209 1.09256 1.10392 1.27276 1.57507 1.92937 2.16693 2.01455 1.90426 1.89922 2.00424 2.15178 1.91884 1.41339 1.29988 1.09087 1.01485 1.01485 1.09087 1.29988 1.41339 1.31149 1.0654 1.00544 1.00007 1.00007 1.00544 1.0654 
1.0004 0.999941 0.999982 1 1 0.999982 0.999941 1.0004 1.00054 0.999809 0.999939 0.999999 0.999999 0.999939 0.999804 1.00053 1.00883 1.00173 1.00108 1.00105 1.00107 1.0011 1.00173 1.00886 1.10429 1.03968 1.01216 1.01053 1.01065 1.01226 1.04008 1.10538 1.22605 1.31118 1.22918 1.17203 1.17048 1.22583 1.30609 1.22267 1.05541 1.03997 1.00793 1.00029 1.00029 1.00793 1.03997 1.05541 1.05211 1.00859 1.00032 0.999897 0.999897 1.00032 1.00859 
1.0004 0.999941 0.999982 1 1 0.999982 0.999941 1.0004 1.00054 0.999809 0.999938 0.999999 0.999999 0.999939 0.999809 1.00054 1.00886 1.00173 1.0011 1.00107 1.00107 1.0011 1.00173 1.00886 1.10538 1.04008 1.01226 1.01065 1.01065 1.01226 1.04008 1.10538 1.22267 1.30609 1.22583 1.17048 1.17048 1.22578 1.30625 1.22267 1.05542 1.03875 1.00785 1.00029 1.00029 1.00786 1.03997 1.05549 1.05211 1.00859 1.00032 0.999897 0.999897 1.00032 1.00858 
1.00432 1.0003 0.999939 0.999987 0.999987 0.999939 1.0003 1.00432 1.01411 1.00203 0.999985 0.999926 0.999926 0.999981 1.00203 1.01411 1.1075 1.04286 1.03291 1.03136 1.03136 1.03291 1.04286 1.1075 1.57507 1.27276 1.10392 1.09256 1.09256 1.10392 1.27276 1.57507 1.91884 2.15178 2.00424 1.89922 1.89927 2.00428 2.15178 1.91884 1.4138 1.29444 1.09066 1.01494 1.01485 1.09068 1.29988 1.41395 1.31149 1.0654 1.00544 1.00007 1.00007 1.00542 1.0652 
1.0416 1.00387 1 0.999826 0.999826 1 1.00387 1.0416 1.16054 1.03349 1.00359 0.999967 0.999967 1.00358 1.03349 1.16054 1.81691 1.46867 1.4068 1.39038 1.39038 1.4068 1.46867 1.81691 3.36935 2.52518 1.78273 1.721 1.721 1.78273 2.52518 3.36935 4.21282 4.77664 4.7117 4.61982 4.61981 4.71172 4.77637 4.21282 3.02441 2.49224 1.62967 1.17995 1.17821 1.62968 2.51264 3.02441 2.32784 1.32665 1.0397 1.00248 1.00246 1.03946 1.32512 
1.24123 1.02678 1.00149 0.999894 0.999894 1.00149 1.02678 1.24123 1.93195 1.24688 1.0362 1.00364 1.00355 1.03534 1.24688 1.93195 4.39593 3.48581 3.37455 3.33731 3.33731 3.37455 3.48581 4.39593 7.55395 5.54217 4.02821 3.92583 3.92583 4.02821 5.54217 7.55395 9.2769 10.4404 11.0366 11.3501 11.3492 11.0353 10.4397 9.2769 6.7813 5.31168 3.46303 2.11243 2.07644 3.46099 5.24239 6.77295 4.33816 1.88021 1.14407 1.01345 1.0135 1.1448 1.88607 
3.256 1.57051 1.08234 1.00634 1.00634 1.08234 1.57051 3.256 5.82209 2.97451 1.44722 1.06896 1.0689 1.44702 2.97451 5.82209 10.8787 9.73673 9.81489 9.83779 9.83779 9.81489 9.73673 10.8787 15.654 12.653 11.043 10.6448 10.7728 11.2004 12.7951 15.7563 17.3686 18.7989 20.0385 21.0273 21.0276 20.0396 18.8437 17.3686 14.1601 11.6794 8.89711 6.30219 6.30214 8.8995 11.6794 14.2091 10.0627 4.13583 1.6984 1.09958 1.09958 1.6984 4.13583 
1.79183 1.15896 1.01677 1.00077 1.00077 1.01677 1.15896 1.79183 3.12847 1.63587 1.09549 1.00914 1.00919 1.09577 1.63587 3.12847 7.68452 4.82807 4.26446 4.21716 4.21716 4.26446 4.82807 7.68452 15.56 10.9334 8.44332 7.38864 7.38391 8.43022 10.8953 15.5088 19.7883 21.655 23.3829 24.854 24.8557 23.3849 21.6741 19.7883 16.0902 13.2152 10.5796 8.25201 8.25251 10.5997 13.2159 16.1286 10.6873 4.19808 1.72713 1.10396 1.10396 1.72713 4.19808 
1.16348 1.02324 1.00174 0.999898 0.999898 1.00174 1.02324 1.16348 1.71907 1.13796 1.01239 1.00031 1.00031 1.01248 1.13796 1.71907 5.00915 2.2585 1.75986 1.77073 1.77073 1.75986 2.2585 5.00915 13.1707 8.66627 6.15191 4.68076 4.67594 6.13878 8.63111 13.1382 17.1218 18.7414 20.1228 21.1331 21.1328 20.123 18.7452 17.1218 14.3533 11.745 9.03066 6.47988 6.48029 9.04689 11.7457 14.3991 9.67849 3.81825 1.57787 1.07096 1.07096 1.57787 3.81825 
0.993394 0.997239 0.999893 1.00006 1.00006 0.999893 0.997239 0.993394 1.19619 1.01371 1.00022 0.999861 0.999862 1.00024 1.01371 1.19619 3.42629 1.40205 1.12956 1.15484 1.15484 1.12956 1.40205 3.42629 10.5459 6.24274 4.18556 2.86879 2.86579 4.17744 6.22378 10.5336 14.3281 15.8204 16.952 17.5043 17.5035 16.9508 15.8578 14.3281 12.1475 9.77928 6.69646 4.16299 4.16304 6.71148 9.77965 12.1293 9.05594 3.75729 1.4934 1.04766 1.04766 1.4934 3.75729 
0.993658 0.997257 0.999893 1.00006 1.00006 0.999893 0.997239 0.993394 1.19619 1.01371 1.00031 0.999867 0.999861 1.00022 1.01366 1.20197 3.44958 1.40581 1.12952 1.15443 1.15484 1.12956 1.40205 3.42629 10.5336 6.22378 4.17744 2.86579 2.86879 4.18556 6.24274 10.5459 14.3284 15.8578 16.9508 17.5035 17.5043 16.952 15.8204 14.3281 12.1442 9.82648 6.71148 4.16304 4.16299 6.69646 9.77928 12.1475 9.05594 3.75729 1.4934 1.04766 1.04766 1.49338 3.75731 
1.16446 1.0233 1.00175 0.999897 0.999898 1.00174 1.02324 1.16348 1.71907 1.13796 1.01242 1.00031 1.00031 1.01239 1.13647 1.7272 5.05316 2.26851 1.75772 1.769 1.77073 1.75986 2.2585 5.00915 13.1382 8.63111 6.13878 4.67594 4.68076 6.15191 8.66627 13.1707 17.1226 18.7452 20.123 21.1328 21.1331 20.1228 18.7414 17.1218 14.3573 11.7601 9.04689 6.48029 6.47988 9.03066 11.745 14.3533 9.67849 3.81825 1.57787 1.07096 1.07096 1.57784 3.81815 
1.79372 1.1591 1.01676 1.00076 1.00077 1.01677 1.15896 1.79183 3.12847 1.63587 1.0958 1.00917 1.00914 1.09549 1.6322 3.14364 7.73559 4.83574 4.25929 4.21336 4.21716 4.26446 4.82807 7.68452 15.5088 10.8953 8.43022 7.38391 7.38864 8.44332 10.9334 15.56 19.7893 21.6741 23.3849 24.8557 24.854 23.3829 21.655 19.7883 16.0967 13.2429 10.5997 8.25251 8.25201 10.5796 13.2152 16.0902 10.6873 4.19808 1.72713 1.10396 1.10396 1.7271 4.19799 
3.28181 1.57721 1.08345 1.00644 1.00634 1.08234 1.57051 3.256 5.82209 2.97451 1.45323 1.06992 1.06896 1.44722 2.99115 5.92295 11.0941 9.94686 9.92554 9.94633 9.83779 9.81489 9.73673 10.8787 15.7563 12.7951 11.2004 10.7728 10.6448 11.043 12.653 15.654 17.3695 18.8437 20.0396 21.0276 21.0273 20.0385 18.7989 17.3686 14.2199 11.7308 8.8995 6.30214 6.30219 8.89711 11.6794 14.1601 10.0627 4.13583 1.6984 1.09958 1.09957 1.69837 4.13567 
8.18666 3.24771 1.47386 1.05977 1.05977 1.47386 3.24771 8.18666 14.6037 7.71186 3.07851 1.56691 1.55938 3.05318 7.71186 14.6037 24.2098 26.3289 27.1022 27.4504 27.6925 27.3319 26.3515 24.2098 24.8845 24.4094 24.3949 23.9716 24.1351 24.5775 24.4136 24.8859 25.4462 28.1579 29.0501 29.3466 29.2711 28.975 28.0952 25.3689 18.8494 16.1977 10.7022 6.33593 6.31982 10.7006 16.1948 18.8923 13.8354 6.1481 2.29071 1.24634 1.24822 2.29756 6.17063 
10.4983 4.12499 1.70187 1.09919 1.09919 1.70187 4.12499 10.4983 17.9788 10.0534 4.03156 1.93298 1.91991 3.99835 10.0534 17.9788 27.7427 30.2641 31.5298 31.85 31.8324 31.4968 30.2593 27.7427 27.0326 26.2017 26.265 26.7001 26.7054 26.2603 26.201 27.032 28.8517 31.7418 32.8863 33.1851 33.1996 32.905 31.7598 28.8531 20.5018 17.4482 11.5022 6.62542 6.62881 11.4957 17.4591 20.5754 14.5768 6.4736 2.42347 1.29896 1.30243 2.43523 6.5098 
11.6087 4.56344 1.81761 1.1183 1.1183 1.81761 4.56344 11.6087 19.7079 10.9694 4.3506 2.04737 2.03208 4.31332 10.9694 19.7079 29.9604 32.4513 33.6613 33.9328 33.9288 33.6459 32.4426 29.9604 28.5615 27.5622 27.8396 28.7346 28.7424 27.8338 27.5625 28.561 30.3072 33.1124 34.2158 34.4863 34.4879 34.2167 33.1143 30.2957 21.3114 18.0599 11.8511 6.7748 6.78117 11.846 18.0676 21.3858 15.1013 6.65724 2.46737 1.30568 1.30916 2.47914 6.6933 
11.8347 4.61735 1.81606 1.11393 1.11393 1.81606 4.61735 11.8347 20.2142 11.1505 4.39664 2.04054 2.03124 4.37434 11.1505 20.2142 30.8631 33.1631 34.2925 34.5295 34.5282 34.2859 33.1569 30.8631 29.9098 29.1147 29.4882 30.5918 30.596 29.4851 29.1148 29.9089 30.741 33.3308 34.496 34.7741 34.7739 34.4946 33.3343 30.7139 21.6521 18.3615 11.875 6.73859 6.74297 11.8708 18.3653 21.722 15.3421 6.57251 2.3923 1.26468 1.2667 2.39916 6.59705 
11.8146 4.60891 1.81352 1.11339 1.11393 1.81606 4.61735 11.8347 20.2659 11.1685 4.37434 2.03124 2.04054 4.39664 11.1505 20.2142 30.8359 33.1569 34.2859 34.5282 34.5282 34.2859 33.1631 30.8631 29.9089 29.1148 29.4851 30.596 30.5918 29.4882 29.1147 29.9089 30.7139 33.3343 34.4946 34.7739 34.7741 34.496 33.3308 30.741 21.722 18.3653 11.8708 6.74297 6.73859 11.875 18.3894 21.7277 15.3421 6.57251 2.39916 1.2667 1.26468 2.3923 6.57251 
11.5758 4.54939 1.81361 1.11742 1.1183 1.81761 4.56344 11.6087 19.7542 10.9994 4.31332 2.03208 2.04737 4.3506 10.9694 19.7079 29.9442 32.4426 33.6459 33.9288 33.9288 33.6459 32.4513 29.9604 28.561 27.5625 27.8338 28.7424 28.7346 27.8396 27.5622 28.561 30.2957 33.1143 34.2167 34.4879 34.4863 34.2158 33.1124 30.3072 21.3858 18.0676 11.846 6.78117 6.7748 11.8511 18.1092 21.3926 15.1013 6.65724 2.47914 1.30916 1.30568 2.46737 6.65724 
10.4633 4.11136 1.69821 1.09842 1.09919 1.70187 4.12499 10.4983 18.0286 10.0783 3.99835 1.91991 1.93298 4.03156 10.0534 17.9788 27.7321 30.2593 31.4968 31.8324 31.8324 31.4968 30.2641 27.7427 27.032 26.201 26.2603 26.7054 26.7001 26.265 26.2017 27.032 28.8531 31.7598 32.905 33.1996 33.1851 32.8863 31.7418 28.8517 20.5754 17.4591 11.4957 6.62881 6.62542 11.5022 17.4959 20.5744 14.5768 6.4736 2.43523 1.30243 1.29896 2.42347 6.4736 
8.18438 3.24304 1.47209 1.05937 1.05977 1.47386 3.24771 8.18666 14.6117 7.74169 3.05318 1.55938 1.56691 3.07851 7.71186 14.6037 24.2057 26.3515 27.3319 27.6925 27.6925 27.3319 26.3289 24.2098 24.8859 24.4136 24.5775 24.1351 23.9716 24.3949 24.4094 24.8859 25.3689 28.0952 28.975 29.2711 29.3466 29.0501 28.1579 25.4462 18.8923 16.1948 10.7006 6.31982 6.33593 10.7022 16.2316 18.9194 13.8354 6.1481 2.29756 1.24822 1.24634 2.29071 6.1481 
6.79891 2.43707 1.22552 1.01899 1.0191 1.22608 2.4392 6.79221 14.7063 6.18549 2.25038 1.2135 1.21379 2.25342 6.18153 14.7804 27.4623 30.8291 32.474 32.9194 32.9194 32.474 30.7893 27.502 31.9917 33.3229 33.3276 32.847 32.847 33.3276 33.3229 31.9917 28.7002 31.8346 33.2066 33.5819 33.5153 33.1471 31.8282 28.6529 20.7884 16.9698 11.7907 7.46084 7.39325 11.708 17.0623 20.8523 14.3281 6.35339 2.43633 1.31774 1.32028 2.44388 6.37567 
6.41116 2.2185 1.1667 1.01135 1.01146 1.16765 2.22278 6.40689 14.5471 5.88737 2.08767 1.16085 1.15979 2.08603 5.87651 14.6216 27.9261 31.7227 33.4113 33.9438 33.9438 33.4113 31.7327 28.0002 32.5789 33.8005 33.973 33.8855 33.8855 33.973 33.8005 32.5789 29.9362 32.5411 33.9416 34.352 34.373 34.0119 32.6648 29.9119 21.921 17.5944 11.9263 7.32672 7.23196 11.8216 17.7465 22.0523 14.8215 6.36171 2.42431 1.31173 1.31542 2.43513 6.39013 
6.26604 2.15546 1.15221 1.00984 1.00993 1.15305 2.15934 6.26103 14.4065 5.73608 2.02716 1.14458 1.14353 2.02517 5.72245 14.4805 28.1337 32.1817 33.9519 34.5022 34.5022 33.9519 32.1865 28.2106 32.8997 33.9964 34.2587 34.3426 34.3426 34.2587 33.9964 32.8997 30.4966 33.0446 34.365 34.7327 34.744 34.4158 33.1515 30.473 22.5177 17.9651 11.918 7.25623 7.16699 11.8141 18.111 22.6423 15.1551 6.40057 2.42043 1.30457 1.30813 2.43089 6.42841 
6.23658 2.14657 1.1492 1.00978 1.00986 1.14986 2.1494 6.23108 14.3681 5.72313 2.02531 1.1423 1.14148 2.02291 5.70792 14.4439 28.2103 32.3174 34.1263 34.648 34.648 34.1263 32.317 28.2911 33.0902 34.1253 34.442 34.6048 34.6048 34.442 34.1253 33.0902 30.7918 33.3353 34.5303 34.8299 34.8376 34.5585 33.3926 30.7582 22.9892 18.2819 11.6811 7.06405 7.00748 11.6165 18.371 23.0756 15.5331 6.4274 2.383 1.26992 1.27207 2.38914 6.44599 
6.23108 2.1494 1.14986 1.00986 1.00986 1.14986 2.1494 6.23108 14.4439 5.70792 2.02531 1.1423 1.1423 2.02531 5.70792 14.4439 28.2103 32.3174 34.117 34.643 34.648 34.1263 32.3174 28.2103 33.0928 34.1251 34.4427 34.6052 34.6048 34.442 34.1253 33.0902 30.7858 33.3234 34.5251 34.8274 34.8299 34.5303 33.3353 30.7918 23.045 18.4243 11.6165 7.00748 6.97949 11.5811 18.2819 23.1249 15.5331 6.4274 2.383 1.26992 1.26992 2.383 6.4274 
6.26103 2.15934 1.15305 1.00993 1.00993 1.15305 2.15934 6.26103 14.4805 5.72245 2.02716 1.14458 1.14458 2.02716 5.72245 14.4805 28.1337 32.1817 33.9378 34.4954 34.5022 33.9519 32.1817 28.1337 32.9023 33.9963 34.2602 34.3433 34.3426 34.2587 33.9964 32.8997 30.482 33.0239 34.3554 34.7283 34.7327 34.365 33.0446 30.4966 22.6292 18.1976 11.8141 7.16699 7.12501 11.7565 17.9651 22.7268 15.1551 6.40057 2.42043 1.30457 1.30457 2.42043 6.40057 
6.40689 2.22278 1.16765 1.01146 1.01146 1.16765 2.22278 6.40689 14.6216 5.87651 2.08767 1.16085 1.16085 2.08767 5.87651 14.6216 27.9261 31.7227 33.3962 33.9356 33.9438 33.4113 31.7227 27.9261 32.5814 33.8 33.9734 33.886 33.8855 33.973 33.8005 32.5789 29.9208 32.5168 33.9273 34.3429 34.352 33.9416 32.5411 29.9362 22.0435 17.835 11.8216 7.23196 7.18732 11.7639 17.5944 22.1408 14.8215 6.36171 2.42431 1.31173 1.31173 2.42431 6.36171 
6.79221 2.4392 1.22608 1.0191 1.0191 1.22608 2.4392 6.79221 14.7804 6.18153 2.25038 1.2135 1.2135 2.25038 6.18153 14.7804 27.4623 30.8291 32.513 32.9589 32.9194 32.474 30.8291 27.4623 31.9963 33.3241 33.3635 32.8939 32.847 33.3276 33.3229 31.9917 28.7023 31.8397 33.2292 33.6111 33.5819 33.2066 31.8346 28.7002 20.8433 17.137 11.708 7.39325 7.3628 11.6709 16.9698 20.9263 14.3281 6.35339 2.43633 1.31774 1.31774 2.43633 6.35339 
6.12383 2.10142 1.13588 1.00826 1.00817 1.13501 2.09684 6.10504 14.1454 5.65228 2.03585 1.15789 1.15781 2.03515 5.6367 14.2353 27.5885 31.1879 33.4157 34.0132 34.0164 33.4298 31.2303 27.5268 31.0829 33.2404 33.6278 33.2866 33.2867 33.6289 33.2406 31.085 26.7195 31.1319 33.1359 33.5959 33.5859 33.1301 31.2194 26.7071 16.7051 14.6301 12.5803 11.0121 11.0133 12.5905 14.4172 16.4992 11.7275 7.01063 3.20359 1.7031 1.69083 3.17002 6.97764 
6.03026 2.0657 1.13069 1.00796 1.00785 1.12976 2.06115 6.01352 14.2499 5.58619 2.01122 1.15439 1.15437 2.01113 5.57152 14.3472 28.2768 31.8587 33.9687 34.5225 34.5268 33.9789 31.8912 28.1997 31.5533 33.5312 33.9894 33.976 33.9762 33.9894 33.5314 31.5567 27.4716 32.2071 33.991 34.3991 34.3981 33.9826 32.2219 27.4001 16.0177 14.4123 13.3281 13.0734 13.0732 13.3304 14.2611 15.8202 11.3225 7.31658 3.59668 1.8779 1.86078 3.55452 7.28788 
6.0047 2.04756 1.12663 1.00768 1.00756 1.12572 2.04315 5.98862 14.3256 5.58417 2.00585 1.15315 1.15314 2.00581 5.56985 14.4241 28.5506 32.1213 34.1457 34.6741 34.6779 34.1553 32.1539 28.4751 31.9345 33.7336 34.237 34.377 34.377 34.237 33.7335 31.9376 27.9816 32.5837 34.2848 34.7116 34.707 34.2756 32.5885 27.9004 16.6896 14.7467 13.436 12.7467 12.7466 13.4372 14.5887 16.5193 11.5556 7.20797 3.46373 1.82291 1.80696 3.42421 7.17844 
5.95774 2.01523 1.11749 1.00672 1.00666 1.11696 2.01267 5.94728 14.3538 5.55542 1.97987 1.1403 1.14031 1.97989 5.54242 14.4475 28.6407 32.2407 34.1881 34.6973 34.6989 34.1937 32.2665 28.5665 32.2376 33.898 34.4083 34.6166 34.6166 34.4083 33.8981 32.2401 28.4719 32.7954 34.4061 34.7871 34.7841 34.4004 32.8028 28.3979 17.957 15.2805 13.1522 11.2317 11.2318 13.1501 15.1779 17.8854 12.0583 6.74178 2.96614 1.62047 1.61267 2.94754 6.71589 
5.94728 2.01267 1.11696 1.00666 1.00666 1.11696 2.01267 5.94728 14.3538 5.55542 1.97987 1.1403 1.1403 1.97987 5.55542 14.3538 28.6407 32.2407 34.1881 34.6973 34.6973 34.1881 32.2407 28.6407 32.2401 33.8981 34.4083 34.6166 34.6166 34.4083 33.8981 32.2401 28.3979 32.8028 34.4004 34.7841 34.7849 34.4021 32.7954 28.4719 17.8854 15.1779 13.1501 11.2318 11.2317 13.1522 15.1779 17.8854 12.0583 6.71589 2.96614 1.62047 1.62047 2.96614 6.74178 
5.98862 2.04315 1.12572 1.00756 1.00756 1.12572 2.04315 5.98862 14.3256 5.58417 2.00585 1.15315 1.15315 2.00585 5.58417 14.3256 28.5506 32.1213 34.1457 34.6741 34.6741 34.1457 32.1213 28.5506 31.9376 33.7335 34.237 34.377 34.377 34.237 33.7335 31.9376 27.9004 32.5885 34.2756 34.707 34.7084 34.2778 32.5837 27.9816 16.5193 14.5887 13.4372 12.7466 12.7467 13.436 14.5887 16.5193 11.5556 7.17844 3.46373 1.82291 1.82291 3.46373 7.20797 
6.01352 2.06115 1.12976 1.00785 1.00785 1.12976 2.06115 6.01352 14.2499 5.58619 2.01122 1.15439 1.15439 2.01122 5.58619 14.2499 28.2768 31.8587 33.9687 34.5225 34.5225 33.9687 31.8587 28.2768 31.5567 33.5314 33.9894 33.9762 33.9762 33.9894 33.5314 31.5567 27.4001 32.2219 33.9826 34.3981 34.3981 33.9781 32.2071 27.4716 15.8202 14.2611 13.3304 13.0732 13.0734 13.3281 14.2611 15.8202 11.3225 7.28788 3.59668 1.8779 1.8779 3.59668 7.31658 
6.10504 2.09684 1.13501 1.00817 1.00817 1.13501 2.09684 6.10504 14.1454 5.65228 2.03585 1.15789 1.15789 2.03585 5.65228 14.1454 27.5885 31.1879 33.4157 34.0132 34.0132 33.4157 31.1879 27.5885 31.085 33.2406 33.6289 33.2867 33.2867 33.6289 33.2406 31.085 26.7071 31.2194 33.1301 33.5859 33.5561 33.0713 31.1319 26.7195 16.4992 14.4172 12.5905 11.0133 11.0121 12.5803 14.4172 16.4992 11.7275 6.97764 3.20359 1.7031 1.7031 3.20359 7.01063 
5.92015 2.16177 1.15598 1.01161 1.01161 1.15598 2.16177 5.92015 13.334 5.73606 2.12375 1.18169 1.18169 2.12375 5.73606 13.334 26.077 29.8549 32.4063 33.2376 33.2505 32.4013 29.8549 26.077 25.4839 26.7898 27.2647 27.185 27.185 27.2647 26.7898 25.4839 22.8942 27.0159 29.6462 30.7779 30.7255 29.5734 26.9825 22.9171 17.0153 14.5159 10.416 6.89074 6.88848 10.416 14.5245 17.0153 11.4645 5.15185 2.15877 1.2708 1.27558 2.17307 5.15228 
5.56162 1.97465 1.10823 1.00604 1.00604 1.10823 1.97465 5.56162 12.9997 5.38712 1.95493 1.12871 1.12871 1.95493 5.38712 12.9997 26.5802 30.4862 33.1703 34.0497 34.0364 33.1418 30.4862 26.5802 27.7631 28.1133 28.6101 29.1103 29.1103 28.6101 28.1133 27.7631 25.7547 29.3486 31.738 32.7878 32.7799 31.727 29.3637 25.802 19.0695 15.8261 11.1371 7.18227 7.18415 11.1371 16.0336 19.0695 12.6539 5.4162 2.19183 1.25637 1.2593 2.20002 5.41635 
5.3313 1.87226 1.08859 1.00432 1.00432 1.08859 1.87226 5.3313 12.8654 5.18278 1.86728 1.10855 1.10855 1.86728 5.18278 12.8654 26.9201 30.9425 33.5702 34.4146 34.4035 33.5449 30.9425 26.9201 28.9437 29.0338 29.5108 30.279 30.279 29.5108 29.0338 28.9437 27.7186 31.1272 33.1036 33.9033 33.8966 33.0943 31.1543 27.771 20.5392 16.9207 11.5318 7.29071 7.29116 11.5318 17.1228 20.5392 13.6892 5.757 2.25586 1.26089 1.26363 2.26352 5.75724 
5.25363 1.83141 1.08305 1.004 1.004 1.08305 1.83141 5.25363 12.7999 5.0772 1.82585 1.10075 1.10075 1.82585 5.0772 12.7999 27.0671 31.1932 33.757 34.4999 34.4933 33.7431 31.1932 27.0671 29.7749 29.6279 30.1777 31.3303 31.3303 30.1777 29.6279 29.7749 28.6881 32.0604 33.8098 34.4251 34.4223 33.8059 32.0741 28.7379 21.2084 17.5863 11.5894 7.11088 7.11186 11.5894 17.6948 21.2084 14.4406 5.93782 2.2423 1.23232 1.23401 2.2466 5.93811 
5.27028 1.83149 1.08287 1.00398 1.004 1.08305 1.83141 5.25363 12.7999 5.0772 1.82585 1.10075 1.10075 1.82584 5.06674 12.8979 27.0671 31.1932 33.7431 34.4933 34.4999 33.757 31.2266 26.9675 29.7746 29.631 30.1786 31.3303 31.3303 30.1777 29.6279 29.7749 28.6719 32.061 33.8059 34.4223 34.4223 33.8059 32.061 28.6719 21.4145 17.6948 11.5244 7.09698 7.09622 11.5771 17.6948 21.2802 14.4387 5.93811 2.2466 1.23401 1.23232 2.2423 5.93782 
5.35513 1.87295 1.08841 1.00429 1.00432 1.08859 1.87226 5.3313 12.8654 5.18278 1.86728 1.10855 1.10856 1.86742 5.17149 12.9728 26.9201 30.9425 33.5449 34.4035 34.4146 33.5702 30.9849 26.8121 28.9437 29.0411 29.5131 30.2792 30.279 29.5108 29.0338 28.9437 27.692 31.1245 33.0943 33.8966 33.8966 33.0943 31.1245 27.692 20.8104 17.1228 11.4216 7.26274 7.2619 11.5092 17.1228 20.6302 13.6869 5.75724 2.26352 1.26363 1.26089 2.25586 5.757 
5.58552 1.97535 1.10801 1.006 1.00604 1.10823 1.97465 5.56162 12.9997 5.38712 1.95493 1.12871 1.12884 1.95594 5.3782 13.1073 26.5802 30.4862 33.1418 34.0364 34.0497 33.1703 30.5344 26.4792 27.7643 28.1222 28.6113 29.1104 29.1103 28.6101 28.1133 27.7631 25.7299 29.3466 31.727 32.7799 32.7799 31.727 29.3466 25.7299 19.3492 16.0336 11.0231 7.15551 7.15268 11.1156 16.0336 19.1634 12.6515 5.41635 2.20002 1.2593 1.25637 2.19183 5.4162 
5.94608 2.16491 1.15631 1.01161 1.01161 1.15598 2.16177 5.92015 13.334 5.73606 2.12375 1.18169 1.18163 2.12342 5.72323 13.4325 26.077 29.8549 32.4013 33.2505 33.2376 32.4063 29.8881 25.9576 25.4773 26.6162 27.0916 27.0344 27.185 27.2647 26.7898 25.4839 22.7926 26.9306 29.5734 30.7255 30.7255 29.5734 26.9306 22.7926 17.0902 14.5245 10.1916 6.82906 6.82966 10.3539 14.5245 17.0392 11.4634 5.15228 2.17307 1.27558 1.2708 2.15877 5.15185 
7.20715 2.87951 1.36741 1.04128 1.04128 1.36741 2.87901 7.20429 12.9917 6.93669 2.85296 1.47282 1.47282 2.85296 6.9137 12.9365 20.8678 26.6195 28.671 29.4251 29.5977 28.8495 26.6616 20.8695 11.8267 11.3866 12.0772 12.3656 12.2126 11.8944 11.3846 11.8244 12.7122 18.3746 23.2863 25.406 25.3406 23.2138 18.2694 12.6453 8.71303 7.53949 4.5236 2.57552 2.58747 4.56946 7.53949 8.71339 5.86429 2.52229 1.28056 1.03442 1.03442 1.28056 2.52229 
9.22257 3.65396 1.55451 1.0678 1.0678 1.55451 3.65799 9.24527 15.2405 8.96812 3.71135 1.78391 1.78391 3.71135 8.95828 15.2259 21.2967 28.5879 31.6698 32.487 32.4702 31.6353 28.5993 21.2331 8.14473 8.35966 8.48454 8.11547 8.11562 8.48442 8.3601 8.145 8.9091 16.5622 23.757 26.6721 26.6943 23.7667 16.5095 8.89493 4.08944 3.23094 1.92355 1.26008 1.25629 1.91234 3.23094 4.08997 2.92561 1.50215 1.07003 1.00577 1.00577 1.07003 1.50215 
10.1421 4.02012 1.64613 1.08044 1.08044 1.64613 4.02326 10.1617 16.4757 9.8906 4.01805 1.8764 1.8764 4.01805 9.88169 16.4482 21.205 29.2867 32.8771 33.7793 33.7655 32.84 29.2962 21.1184 5.47129 6.2654 6.25953 5.17882 5.17857 6.25947 6.26537 5.47139 6.55439 14.9486 23.7572 27.4112 27.4341 23.7664 14.8949 6.54273 2.12256 1.50909 1.13303 1.02156 1.02133 1.13308 1.50909 2.1228 1.52787 1.10519 1.01027 1.00042 1.00042 1.01027 1.10519 
10.3425 4.09233 1.66209 1.08228 1.08228 1.66209 4.0946 10.3551 16.727 10.0657 4.05354 1.88085 1.88085 4.05354 10.0613 16.7095 21.0743 29.5085 33.2066 34.114 34.1058 33.1855 29.5198 20.9723 3.69685 4.43531 4.39066 3.08253 3.08232 4.39089 4.43532 3.69697 5.56736 14.0372 23.6399 27.7404 27.7523 23.6426 14.0092 5.56566 1.67159 1.13276 1.01624 1.00101 1.00101 1.01614 1.13276 1.67169 1.16546 1.02033 1.00119 0.999833 0.999833 1.00119 1.02033 
10.3551 4.0946 1.66215 1.08228 1.08228 1.66209 4.0946 10.3551 16.7095 10.0613 4.04843 1.87943 1.88085 4.05354 10.0613 16.7095 20.9723 29.5198 33.2066 34.114 34.114 33.2066 29.5085 21.0743 3.69697 4.43532 4.39089 3.08232 3.08232 4.39089 4.43532 3.69697 5.56566 14.0092 23.6426 27.7523 27.7404 23.6399 14.0372 5.56736 1.67169 1.13273 1.01614 1.00101 1.00104 1.01646 1.13276 1.67683 1.16546 1.02033 1.00119 0.999833 0.999831 1.00119 1.02032 
10.1617 4.02326 1.64619 1.08045 1.08044 1.64613 4.02326 10.1617 16.4482 9.88169 4.01126 1.87465 1.8764 4.01805 9.88169 16.4482 21.1184 29.2962 32.8771 33.7793 33.7793 32.8771 29.2867 21.205 5.47139 6.26537 6.25947 5.17857 5.17857 6.25947 6.26537 5.47139 6.54273 14.8949 23.7664 27.4341 27.4112 23.7572 14.9486 6.55439 2.1228 1.50903 1.13308 1.02133 1.02163 1.1327 1.50909 2.12566 1.52787 1.10519 1.01027 1.00042 1.00042 1.01028 1.10523 
9.24527 3.65799 1.55456 1.0678 1.0678 1.55451 3.65799 9.24527 15.2259 8.95828 3.70562 1.78246 1.78391 3.71135 8.95828 15.2259 21.2331 28.5993 31.6698 32.487 32.487 31.6698 28.5879 21.2967 8.145 8.3601 8.48442 8.11562 8.11562 8.48442 8.3601 8.145 8.89493 16.5095 23.7667 26.6943 26.6721 23.757 16.5622 8.9091 4.08997 3.2308 1.91234 1.25629 1.26129 1.92521 3.23094 4.08878 2.92561 1.50215 1.07003 1.00577 1.00582 1.07032 1.50303 
7.20429 2.87901 1.36744 1.04128 1.04128 1.36741 2.87901 7.20429 12.9365 6.9137 2.84712 1.47182 1.47282 2.85296 6.9137 12.9365 20.8695 26.6616 28.671 29.4251 29.4251 28.671 26.6195 20.8678 11.8244 11.3846 11.8944 12.2126 12.2126 11.8944 11.3846 11.8244 12.6453 18.2694 23.2138 25.3406 25.406 23.2863 18.3746 12.7122 8.71339 7.54054 4.56946 2.58747 2.56976 4.50757 7.53949 8.49627 5.86429 2.52229 1.28056 1.03442 1.03443 1.27954 2.51155 
2.54339 1.34367 1.04857 1.00386 1.00383 1.04809 1.34011 2.52649 5.01915 2.614 1.35945 1.05297 1.05461 1.37032 2.66305 5.1995 10.929 14.5132 15.3748 15.7406 15.7406 15.3748 14.5073 10.9353 3.97499 3.30416 3.24903 3.4993 3.4993 3.24903 3.30416 3.97499 5.89154 9.64571 12.7491 14.4454 14.3762 12.7022 9.60046 5.86196 2.84311 2.51813 1.60984 1.20068 1.21381 1.63976 2.55145 2.83585 1.61507 1.07112 1.00147 0.99958 0.999593 1.00155 1.07287 
1.46732 1.09534 1.01148 1.00059 1.0006 1.01156 1.09573 1.46755 2.26957 1.4087 1.0631 1.00614 1.00614 1.06366 1.41067 2.29603 4.8699 6.55814 7.00238 6.86339 6.86339 7.00238 6.59486 4.89729 1.7052 1.42674 1.39444 1.51232 1.51232 1.39444 1.42674 1.7052 2.28725 4.14674 5.76427 6.46827 6.48448 5.77964 4.14201 2.28188 1.33244 1.22826 1.074 1.01623 1.01641 1.07492 1.22845 1.33203 1.09976 1.00678 0.999628 0.999789 0.99979 0.999631 1.00682 
1.0837 1.01459 1.00131 0.999928 0.99993 1.00132 1.01464 1.08382 1.22787 1.05263 1.0052 1 1 1.00521 1.05289 1.23514 2.1505 2.7671 2.83766 2.68899 2.68899 2.83766 2.78759 2.16339 1.09395 1.04169 1.03745 1.05981 1.05981 1.03745 1.04169 1.09395 1.19971 1.79852 2.48245 2.67536 2.67639 2.48438 1.79658 1.1988 1.0326 1.01865 1.0042 1.00032 1.00033 1.00425 1.01874 1.03266 1.01043 1.00058 0.999939 0.999988 0.999988 0.999938 1.00057 
1.01097 1.00149 0.999921 0.999954 0.999954 0.999922 1.00149 1.01098 1.0259 1.00372 0.999945 0.999884 0.999884 0.99994 1.0037 1.02711 1.29955 1.51477 1.50911 1.41515 1.41515 1.50911 1.52229 1.30381 1.01067 1.00412 1.00387 1.00629 1.00629 1.00387 1.00412 1.01067 1.0226 1.17427 1.42223 1.44979 1.44996 1.42256 1.17389 1.02249 1.00195 1.00042 0.999958 0.9999 0.9999 0.99996 1.00043 1.00197 1.001 0.999969 0.999984 1 1 0.999983 0.999969 
1.01098 1.00149 0.999922 0.999954 0.999954 0.999922 1.00149 1.01098 1.0259 1.00372 0.999945 0.999884 0.999884 0.999945 1.00372 1.0259 1.30381 1.52229 1.50911 1.41515 1.41037 1.50155 1.51477 1.29955 1.01065 1.00412 1.00387 1.00629 1.00629 1.00387 1.00412 1.01067 1.02249 1.17389 1.42256 1.44996 1.44979 1.42223 1.17427 1.0226 1.00197 1.00042 0.999958 0.9999 0.9999 0.999958 1.00042 1.00195 1.001 0.999969 0.999984 1 1 0.999984 0.999969 
1.08382 1.01464 1.00132 0.99993 0.99993 1.00132 1.01464 1.08382 1.22787 1.05263 1.0052 1 1 1.0052 1.05263 1.22787 2.16339 2.78759 2.83766 2.68899 2.67474 2.81629 2.7671 2.1505 1.09379 1.04167 1.03746 1.05981 1.05981 1.03745 1.04169 1.09395 1.1988 1.79658 2.48438 2.67639 2.67536 2.48245 1.79852 1.19971 1.03266 1.01857 1.0042 1.00033 1.00032 1.0042 1.01865 1.0326 1.01043 1.00058 0.999939 0.999988 0.999988 0.999939 1.00058 
1.46755 1.09573 1.01156 1.0006 1.0006 1.01156 1.09573 1.46755 2.26957 1.4087 1.0631 1.00614 1.00614 1.0631 1.4087 2.26957 4.89729 6.59486 7.00238 6.86339 6.8383 6.96386 6.55814 4.8699 1.70308 1.42468 1.39449 1.51234 1.51232 1.39444 1.42674 1.7052 2.28188 4.14201 5.77964 6.48448 6.46827 5.76427 4.14674 2.28725 1.33203 1.22692 1.07399 1.01641 1.01623 1.074 1.22826 1.33244 1.09976 1.00678 0.999628 0.999789 0.999789 0.999628 1.00678 
2.52649 1.34011 1.04809 1.00383 1.00383 1.04809 1.34011 2.52649 5.01915 2.614 1.35945 1.05297 1.05297 1.35945 2.614 5.01915 10.9353 14.5073 15.3748 15.7406 15.75 15.3848 14.5132 10.929 3.94865 3.28294 3.24858 3.49862 3.4993 3.24903 3.30416 3.97499 5.86196 9.60046 12.7022 14.3762 14.4454 12.7491 9.64571 5.89154 2.83585 2.51811 1.60982 1.21381 1.20068 1.60984 2.51813 2.84311 1.61507 1.07112 1.00147 0.99958 0.99958 1.00147 1.07112 
1.33642 1.04876 1.00477 1.00028 1.00028 1.00477 1.04876 1.33642 2.29409 1.43709 1.07864 1.00987 1.00987 1.07864 1.43709 2.29409 4.04369 5.32928 5.89872 6.32631 6.32631 5.89872 5.32928 4.04369 1.65441 1.75556 1.74031 1.56104 1.56104 1.74031 1.75556 1.65441 2.20512 3.69456 5.44085 6.29074 6.29074 5.44085 3.69456 2.20512 1.29992 1.26684 1.08207 1.01814 1.01812 1.08206 1.26559 1.30239 1.06458 1.00713 1.00047 1.00007 1.00007 1.00047 1.00713 
1.04846 1.00622 1.00055 0.999941 0.999941 1.00055 1.00622 1.04846 1.22572 1.05772 1.00787 1.00059 1.00059 1.00787 1.05772 1.22572 2.0913 2.70027 2.89708 2.8461 2.8461 2.89708 2.70027 2.0913 1.09907 1.15384 1.1496 1.09018 1.09018 1.1496 1.15384 1.09907 1.16767 1.4782 1.9326 2.18937 2.18937 1.9326 1.4782 1.16767 1.02395 1.02622 1.00603 1.00065 1.00065 1.00603 1.02595 1.02406 1.00419 1.00035 0.999958 1 1 0.999958 1.00035 
1.00411 1.00054 0.99996 0.999982 0.999982 0.99996 1.00054 1.00411 1.02299 1.00414 1.00033 0.999874 0.999874 1.00033 1.00414 1.02299 1.24563 1.41923 1.47586 1.43089 1.43089 1.47586 1.41923 1.24563 1.00921 1.0184 1.01792 1.0084 1.0084 1.01792 1.0184 1.00921 1.01366 1.04707 1.11447 1.15259 1.15259 1.11447 1.04707 1.01366 1.0007 1.00131 1.00017 0.999912 0.999912 1.00017 1.00128 1.0007 1.00021 0.999945 0.999996 1 1 0.999996 0.999945 
1.00028 0.999953 0.999982 1 1 0.999982 0.999953 1.00028 1.00115 0.999927 0.999914 0.999982 0.999982 0.999914 0.999927 1.00115 1.03935 1.07654 1.08832 1.0727 1.0727 1.08832 1.07654 1.03935 1.00056 1.00115 1.0012 1.00046 1.00046 1.0012 1.00115 1.00056 1.00054 1.00177 1.00653 1.00934 1.00934 1.00653 1.00177 1.00054 0.99997 0.99985 0.99994 0.999986 0.999986 0.99994 0.999846 0.99997 1.00009 0.999998 1 1 1 1 0.999998 
0 0 0 0 1 0.999982 0.999953 1.00028 1.00115 0.999927 0.999914 0.999982 0.999982 0.999913 0.999923 1.00119 1.03935 1.07654 1.08832 1.0727 1.07165 1.08681 1.07519 1.03871 1.00058 1.00112 1.00117 1.00045 1.00046 1.0012 1.00115 1.00056 1.00053 1.00179 1.00668 1.0094 1.00934 1.00653 1.00177 1.00054 0.99997 0.999846 0.99994 0.999986 0.999986 0.99994 0.99985 0.99997 1.00009 0.999998 1 1 0 0 0 
0 0 0 0 0.999982 0.99996 1.00054 1.00411 1.02299 1.00414 1.00033 0.999874 0.999873 1.00032 1.0041 1.02329 1.24563 1.41923 1.47586 1.43089 1.42597 1.46873 1.41281 1.24222 1.00941 1.01809 1.01761 1.00827 1.0084 1.01792 1.0184 1.00921 1.01355 1.04739 1.11578 1.15326 1.15259 1.11447 1.04707 1.01366 1.0007 1.00128 1.00017 0.999912 0.999912 1.00017 1.00131 1.0007 1.00021 0.999945 0.999996 1 0 0 0 
0 0 0 0 0.999941 1.00055 1.00622 1.04846 1.22572 1.05772 1.00787 1.00059 1.00059 1.00783 1.05742 1.22654 2.0913 2.70027 2.89708 2.8461 2.83284 2.87996 2.68612 2.08275 1.09985 1.15193 1.14766 1.0892 1.09018 1.1496 1.15384 1.09907 1.16721 1.48075 1.94072 2.19433 2.18937 1.9326 1.4782 1.16767 1.02406 1.02595 1.00603 1.00065 1.00065 1.00603 1.02622 1.02395 1.00419 1.00035 0.999958 1 0 0 0 
