0 0 0 0 1.00006 1.00031 1.00339 1.02846 1.18901 1.04327 1.00611 1.00066 1.00067 1.00616 1.0436 1.19118 2.05321 1.64217 1.5222 1.4977 1.49627 1.52059 1.64049 2.05916 3.4824 2.30702 1.71571 1.75729 1.75592 1.7181 2.30451 3.47831 3.58593 3.99944 4.42439 4.79354 4.77294 4.38432 3.95083 3.55009 3.08615 2.56048 1.68917 1.19835 1.19789 1.6868 2.555 3.08243 1.98484 1.17412 1.01981 1.00195 0 0 0 
0 0 0 0 0.999988 0.999976 1.00021 1.0022 1.01496 1.00266 1.00016 0.999911 0.99991 1.00016 1.00267 1.01509 1.1549 1.07168 1.0489 1.0453 1.04516 1.04874 1.07146 1.15671 1.66525 1.26672 1.11692 1.12233 1.12137 1.11621 1.26404 1.65935 1.88339 2.17003 2.31984 2.28324 2.2915 2.32969 2.1771 1.88758 1.41354 1.29459 1.10078 1.01802 1.01796 1.10035 1.29387 1.4123 1.2056 1.03656 1.00364 1.00025 0 0 0 
0 0 0 0 1 0.999994 0.999969 1.00019 1.00037 0.999832 0.99991 0.999977 0.999977 0.99991 0.999832 1.00038 1.01388 1.00436 1.0021 1.00187 1.00186 1.00209 1.00434 1.0142 1.13593 1.04492 1.01445 1.01489 1.01473 1.01429 1.04433 1.1343 1.19002 1.29003 1.34138 1.30078 1.30384 1.34583 1.29365 1.19199 1.04773 1.03115 1.00835 1.00072 1.00071 1.00831 1.0311 1.04745 1.02315 1.0034 1.00027 0.999944 0 0 0 
0 0 0 0 1 1 0.999989 1.00008 0.999917 0.999833 0.999989 1 1 0.999989 0.999833 0.999916 1.00072 0.999872 0.999892 0.999898 0.999897 0.999892 0.999869 1.00075 1.01817 1.00533 1.00164 1.00136 1.00134 1.00161 1.00524 1.01789 1.03024 1.054 1.06621 1.05097 1.05164 1.0672 1.0548 1.03064 1.003 1.00142 1.00011 0.999887 0.999886 1.00011 1.00143 1.00296 1.00184 1.0002 0.999949 0.999983 0 0 0 
1.00008 0.999989 1 1 1 1 0.999989 1.00008 0.999916 0.999833 0.999989 1 1 0.999989 0.999833 0.999917 1.00072 0.999872 0.999892 0.999897 0.999898 0.999892 0.999872 1.00072 1.01817 1.00533 1.00164 1.00136 1.00136 1.00164 1.00533 1.01817 1.03064 1.0548 1.0672 1.05164 1.05164 1.0672 1.0548 1.03064 1.00296 1.00143 1.00011 0.999886 0.999887 1.00011 1.00142 1.003 1.00184 1.0002 0.999949 0.999983 0.999983 0.999949 1.0002 
1.00019 0.999969 0.999994 1 1 0.999994 0.999969 1.00019 1.00038 0.999832 0.99991 0.999977 0.999977 0.99991 0.999832 1.00037 1.01388 1.00436 1.00209 1.00186 1.00187 1.0021 1.00436 1.01388 1.13593 1.04492 1.01445 1.01489 1.01489 1.01445 1.04492 1.13593 1.19199 1.29365 1.34583 1.30384 1.30384 1.34583 1.29365 1.19199 1.04745 1.0311 1.00831 1.00071 1.00072 1.00835 1.03115 1.04773 1.02315 1.0034 1.00027 0.999944 0.999944 1.00027 1.0034 
1.0022 1.00021 0.999976 0.999988 0.999988 0.999976 1.00021 1.0022 1.01509 1.00267 1.00016 0.99991 0.999911 1.00016 1.00266 1.01496 1.1549 1.07168 1.04874 1.04516 1.0453 1.0489 1.07168 1.1549 1.66525 1.26672 1.11692 1.12233 1.12233 1.11692 1.26672 1.66525 1.88758 2.1771 2.32969 2.2915 2.2915 2.32969 2.1771 1.88758 1.4123 1.29387 1.10035 1.01796 1.01802 1.10078 1.29459 1.41354 1.2056 1.03656 1.00364 1.00025 1.00025 1.00364 1.03656 
1.02846 1.00339 1.00031 1.00006 1.00006 1.00031 1.00339 1.02846 1.19118 1.0436 1.00616 1.00067 1.00066 1.00611 1.04327 1.18901 2.05321 1.64217 1.52059 1.49627 1.4977 1.5222 1.64217 2.05321 3.4824 2.30702 1.71571 1.75729 1.75729 1.71571 2.30702 3.4824 3.55009 3.95083 4.38432 4.77294 4.77294 4.38432 3.95083 3.55009 3.08243 2.555 1.6868 1.19789 1.19835 1.68917 2.56048 3.08615 1.98484 1.17412 1.01981 1.00195 1.00195 1.01981 1.17412 
1.30735 1.03884 1.00257 0.999942 0.999942 1.00257 1.03884 1.30735 2.14626 1.31578 1.04672 1.00537 1.00531 1.04623 1.31767 2.12497 4.70034 3.68705 3.40829 3.36816 3.34599 3.38668 3.68705 4.70034 7.82728 5.97922 4.47175 4.29361 4.26074 4.41889 5.97171 7.87276 9.21695 10.2336 10.907 11.2904 11.2904 10.907 10.2336 9.21695 6.97923 5.3824 3.6312 2.27523 2.29668 3.6579 5.40348 7.00783 4.51441 2.03313 1.19431 1.02208 1.02202 1.19362 2.02787 
1.0595 1.0064 1.00023 0.999793 0.999793 1.00023 1.0064 1.0595 1.22369 1.0471 1.00582 1.00017 1.00019 1.00593 1.04802 1.22146 2.04233 1.60447 1.52337 1.5038 1.50288 1.52249 1.60447 2.04233 3.62449 2.84108 2.02577 1.90188 1.90618 2.02694 2.86783 3.65868 4.5 5.16932 5.10212 4.98084 4.98084 5.10212 5.16932 4.5 3.17572 2.59116 1.73084 1.24203 1.24351 1.73265 2.58883 3.17309 2.51642 1.435 1.06184 1.00497 1.005 1.06217 1.43681 
1.00694 1.00062 0.999928 0.999975 0.999975 0.999928 1.00062 1.00694 1.02233 1.00337 1.00011 0.999887 0.999888 1.00013 1.0035 1.02227 1.16231 1.06596 1.05163 1.04893 1.04866 1.05134 1.06596 1.16231 1.70616 1.38433 1.1573 1.13255 1.13439 1.15854 1.39482 1.72112 2.09997 2.40914 2.23307 2.09227 2.09227 2.23307 2.40914 2.09997 1.49153 1.34809 1.11764 1.02355 1.02372 1.1181 1.34822 1.4915 1.40596 1.10461 1.01043 1.00039 1.00039 1.01047 1.1049 
1.00071 0.999944 0.999968 0.999999 0.999999 0.999968 0.999944 1.00071 1.00115 0.999813 0.999907 0.999994 0.999993 0.999907 0.999832 1.00115 1.01664 1.00369 1.00248 1.00236 1.00233 1.00245 1.00369 1.01664 1.15592 1.06577 1.02015 1.01727 1.01766 1.02056 1.06818 1.16022 1.30979 1.43007 1.33013 1.2454 1.2454 1.33013 1.43007 1.30979 1.0773 1.05418 1.01243 1.0009 1.00091 1.01247 1.05422 1.07727 1.08306 1.01694 1.001 0.999854 0.999854 1.001 1.01696 
1.00071 0.999943 0.999968 0.999999 0.999999 0.999968 0.999944 1.00071 1.00115 0.999832 0.999907 0.999993 0.999994 0.999907 0.999813 1.00115 1.01664 1.00369 1.00245 1.00233 1.00236 1.00248 1.0037 1.01667 1.16022 1.06818 1.02056 1.01766 1.01766 1.02056 1.06818 1.16022 1.30964 1.43008 1.32993 1.24545 1.2454 1.33013 1.43007 1.30979 1.07727 1.05422 1.01247 1.00091 1.00091 1.01247 1.05422 1.07727 1.08306 1.01694 1.001 0.999854 0.999854 1.001 1.01694 
1.00694 1.00062 0.999927 0.999975 0.999975 0.999928 1.00062 1.00694 1.02227 1.0035 1.00013 0.999888 0.999887 1.00011 1.00337 1.02233 1.16231 1.06596 1.05134 1.04866 1.04893 1.05163 1.06603 1.16252 1.72112 1.39482 1.15854 1.13439 1.13439 1.15854 1.39482 1.72112 2.09957 2.40873 2.23195 2.09239 2.09227 2.23307 2.40914 2.09997 1.4915 1.34822 1.1181 1.02372 1.02372 1.1181 1.34822 1.4915 1.40596 1.10461 1.01043 1.00039 1.00039 1.01043 1.10461 
1.05946 1.00637 1.00022 0.999793 0.999793 1.00023 1.0064 1.0595 1.22146 1.04802 1.00593 1.00019 1.00017 1.00582 1.0471 1.22369 2.04233 1.60447 1.52249 1.50288 1.5038 1.52337 1.60449 2.04475 3.65868 2.86783 2.02694 1.90618 1.90618 2.02694 2.86783 3.65868 4.49612 5.16279 5.09491 4.97534 4.98084 5.10212 5.16932 4.5 3.17309 2.58883 1.73265 1.24351 1.24351 1.73265 2.58883 3.17309 2.51642 1.435 1.06184 1.00497 1.00497 1.06184 1.435 
1.31108 1.03923 1.00257 0.999938 0.999942 1.00257 1.03884 1.30735 2.12497 1.31767 1.04623 1.00531 1.00537 1.04672 1.31578 2.14626 4.70034 3.68705 3.38668 3.34599 3.36816 3.40829 3.71298 4.74895 7.87276 5.97171 4.41889 4.26074 4.26074 4.41889 5.97171 7.87276 9.27758 10.2903 10.9613 11.3426 11.2904 10.907 10.2336 9.21695 7.00783 5.40348 3.6579 2.29668 2.29668 3.6579 5.40348 7.00783 4.51441 2.03313 1.19431 1.02208 1.02208 1.19431 2.03313 
3.43524 1.67845 1.11399 1.01081 1.01097 1.11541 1.67851 3.43553 5.85982 3.09784 1.52403 1.09515 1.09635 1.53083 3.10749 5.98695 11.3741 10.4669 9.95398 9.9482 10.0563 10.0611 10.564 11.483 15.9906 13.2881 11.7301 11.162 11.164 11.7323 13.4229 16.0893 16.8147 17.8987 19.589 20.8525 20.9468 19.7031 18.0969 16.9408 13.5971 11.0955 8.84616 6.84831 6.84831 8.84616 11.0955 13.5971 9.79254 4.31086 1.80364 1.1368 1.1368 1.80364 4.31086 
1.93696 1.21394 1.02678 1.00174 1.00173 1.02679 1.21393 1.93687 3.3649 1.76534 1.12882 1.01477 1.01502 1.13049 1.76107 3.41561 7.79081 5.19831 4.56329 4.49706 4.49783 4.56328 5.20179 7.83847 15.4038 11.2541 8.789 7.79798 7.79781 8.78849 11.2162 15.353 18.9838 20.5832 22.3045 23.8342 23.8687 22.3487 20.6269 18.979 15.4107 12.6631 10.5758 9.04592 9.04592 10.5758 12.6631 15.4107 10.3978 4.29483 1.80668 1.13713 1.13713 1.80668 4.29483 
1.22282 1.03698 1.00337 0.999975 0.999974 1.00337 1.03698 1.22276 1.89097 1.19132 1.02 1.00087 1.0009 1.02034 1.19067 1.92264 5.27254 2.52633 1.90919 1.88261 1.88449 1.90953 2.53022 5.31704 13.6117 9.60272 6.9842 5.47266 5.47261 6.98386 9.56565 13.5808 16.8164 18.2316 19.6509 20.7502 20.7767 19.6852 18.2769 16.8125 14.0597 11.459 9.15722 7.1704 7.1704 9.15722 11.459 14.0597 9.76058 4.11866 1.70171 1.10225 1.10225 1.70171 4.11866 
1.00802 0.998099 0.999927 1.00005 1.00005 0.999929 0.998098 1.00799 1.30375 1.02805 1.00088 0.99982 0.99984 1.00112 1.02908 1.32617 3.83506 1.59508 1.18789 1.1919 1.19246 1.18802 1.59647 3.8591 11.6069 7.88218 5.50116 3.64424 3.64422 5.50082 7.86168 11.5964 14.5162 15.8949 17.152 17.7931 17.8016 17.1675 15.9208 14.5154 12.2876 9.831 7.08318 4.82841 4.82841 7.08318 9.831 12.2876 9.46068 4.28682 1.67497 1.08106 1.08106 1.67497 4.28682 
1.00799 0.998098 0.999929 1.00005 1.00005 0.999929 0.998098 1.00799 1.32617 1.02908 1.00112 0.99984 0.99984 1.00112 1.02805 1.30375 3.8591 1.59647 1.18802 1.19246 1.19246 1.18802 1.59647 3.8591 11.5964 7.86168 5.50082 3.64422 3.64424 5.50116 7.88218 11.6069 14.5154 15.9208 17.1675 17.8016 17.8016 17.1675 15.9204 14.5169 12.2414 9.80693 7.06865 4.80187 4.82841 7.08318 9.831 12.2876 9.46068 4.28682 1.67497 1.08106 1.08128 1.67634 4.29328 
1.22276 1.03698 1.00337 0.999974 0.999974 1.00337 1.03698 1.22276 1.92264 1.19067 1.02034 1.0009 1.0009 1.02034 1.19132 1.89097 5.31704 2.53022 1.90953 1.88449 1.88449 1.90953 2.53022 5.31704 13.5808 9.56565 6.98386 5.47261 5.47266 6.9842 9.60272 13.6117 16.8125 18.2769 19.6852 20.7767 20.7767 19.6852 18.2752 16.8124 14.1109 11.5151 9.1397 7.10779 7.1704 9.15722 11.459 14.0597 9.76058 4.11866 1.70171 1.10225 1.10275 1.70437 4.12911 
1.93687 1.21393 1.02679 1.00173 1.00173 1.02679 1.21393 1.93687 3.41561 1.76107 1.13049 1.01502 1.01502 1.13049 1.76534 3.3649 7.83847 5.20179 4.56328 4.49783 4.49783 4.56328 5.20179 7.83847 15.353 11.2162 8.78849 7.79781 7.79798 8.789 11.2541 15.4038 18.979 20.6269 22.3487 23.8687 23.8687 22.3487 20.6226 18.9783 15.456 12.6952 10.5508 8.966 9.04592 10.5758 12.6631 15.4107 10.3978 4.29483 1.80668 1.13713 1.13786 1.81014 4.3087 
3.43553 1.67851 1.11541 1.01097 1.01097 1.11541 1.67851 3.43553 5.98695 3.10749 1.53083 1.09635 1.09635 1.53083 3.09784 5.85982 11.483 10.564 10.0611 10.0563 10.0563 10.0611 10.564 11.483 16.0893 13.4229 11.7323 11.164 11.162 11.7301 13.2881 15.9906 16.9408 18.0969 19.7031 20.9468 20.9468 19.7031 18.0916 16.9386 13.7323 11.2136 8.85663 6.8104 6.84831 8.84616 11.0955 13.5971 9.79254 4.31086 1.80364 1.1368 1.13812 1.81019 4.34014 
8.304 3.4316 1.56585 1.08569 1.08512 1.56371 3.42694 8.30336 14.6406 7.71429 3.2853 1.70521 1.70522 3.28538 7.69518 14.5216 23.9675 26.0962 27.5121 27.8432 27.8432 27.5121 26.0962 23.9675 24.9673 24.7696 24.8274 24.3413 24.5038 25.0093 24.9418 25.0976 24.9833 27.6996 28.486 28.7038 28.7038 28.486 27.7919 25.0295 18.0699 15.1424 10.5492 6.72774 6.72723 10.5483 15.1416 18.0688 13.6283 6.58268 2.55933 1.35513 1.35513 2.55933 6.58268 
10.4902 4.31258 1.81223 1.1376 1.13651 1.80778 4.29815 10.4883 17.7973 9.93599 4.27621 2.15178 2.15177 4.27611 9.94157 17.7471 27.1951 29.7668 31.1425 31.6123 31.6123 31.1425 29.7668 27.1951 26.4201 25.747 25.93 26.3356 26.3415 25.9237 25.7435 26.42 27.9922 31.34 32.5784 32.8721 32.8721 32.5784 31.3163 28.0367 19.9063 16.4435 11.4592 7.15294 7.15457 11.4646 16.4435 19.9061 14.3649 6.9241 2.73032 1.43314 1.43314 2.73032 6.9241 
11.7149 4.82578 1.96058 1.16759 1.16634 1.95576 4.81114 11.7127 19.6173 10.9254 4.65664 2.30283 2.30283 4.65662 10.9272 19.5508 29.311 31.9537 33.2765 33.7232 33.7232 33.2765 31.9537 29.311 27.6015 26.4607 26.7459 27.7294 27.7382 26.7382 26.4555 27.6027 29.4236 32.7906 34.0294 34.337 34.337 34.0294 32.7658 29.4865 20.7775 17.0736 11.8614 7.37086 7.3714 11.8644 17.0737 20.7771 14.9267 7.13917 2.78753 1.44388 1.44388 2.78753 7.13917 
11.9966 4.90082 1.96438 1.16092 1.16016 1.96148 4.89266 11.9945 20.2048 11.1677 4.68423 2.27492 2.27492 4.68422 11.1792 20.1371 30.2398 32.7641 33.9952 34.3599 34.3599 33.9952 32.7641 30.2398 28.482 27.422 27.8136 29.1418 29.1468 27.8093 27.4197 28.4821 29.8993 33.1006 34.3646 34.6808 34.6808 34.3646 33.0826 29.9665 21.2334 17.557 11.9212 7.3146 7.31491 11.9227 17.5561 21.2323 15.2685 7.07632 2.68584 1.38274 1.38274 2.68584 7.07632 
11.9945 4.89266 1.96148 1.16016 1.16092 1.96438 4.90082 11.9966 20.1371 11.1792 4.68423 2.27492 2.27492 4.68423 11.1677 20.2048 30.2619 32.713 33.981 34.3517 34.3599 33.9952 32.7641 30.2398 28.4821 27.4197 27.8093 29.1468 29.1418 27.8136 27.422 28.482 29.9665 33.0826 34.3663 34.6816 34.6822 34.367 33.0959 29.8744 21.2323 17.5561 11.9227 7.31491 7.29311 11.8804 17.557 21.2334 15.2685 7.07632 2.68584 1.38274 1.37991 2.67754 7.05016 
11.7127 4.81114 1.95576 1.16634 1.16759 1.96058 4.82578 11.7149 19.5508 10.9272 4.65664 2.30283 2.30283 4.65664 10.9254 19.6173 29.3401 31.8733 33.254 33.7095 33.7232 33.2765 31.9537 29.311 27.6027 26.4555 26.7382 27.7382 27.7294 26.7459 26.4607 27.6015 29.4865 32.7658 34.0318 34.3375 34.3386 34.0328 32.7774 29.3874 20.7771 17.0737 11.8644 7.3714 7.34059 11.8222 17.0736 20.7775 14.9267 7.13917 2.78753 1.44388 1.43909 2.77329 7.10136 
10.4883 4.29815 1.80778 1.13651 1.1376 1.81223 4.31258 10.4902 17.7471 9.94157 4.27621 2.15178 2.15178 4.27621 9.93599 17.7973 27.2226 29.6818 31.1366 31.6063 31.6123 31.1425 29.7668 27.1951 26.42 25.7435 25.9237 26.3415 26.3356 25.93 25.747 26.4201 28.0367 31.3163 32.5807 32.8682 32.8613 32.565 31.3104 27.9479 19.9061 16.4435 11.4646 7.15457 7.13327 11.4293 16.4435 19.9063 14.3649 6.9241 2.73032 1.43314 1.42835 2.71602 6.88634 
8.30336 3.42694 1.56371 1.08512 1.08569 1.56585 3.4316 8.304 14.5216 7.69518 3.2853 1.70521 1.70521 3.2853 7.71429 14.6406 24.145 26.2486 27.5368 27.8616 27.8432 27.5121 26.0962 23.9675 25.0976 24.9418 25.0093 24.5038 24.3413 24.8274 24.7696 24.9673 25.0295 27.7919 28.5818 28.7896 28.7773 28.5584 27.8617 25.0999 18.0688 15.1416 10.5483 6.72723 6.75346 10.5591 15.1424 18.0699 13.6283 6.58268 2.55933 1.35513 1.3525 2.55083 6.5581 
7.20727 2.67283 1.30053 1.03164 1.03165 1.30051 2.67433 7.20002 14.8996 6.60818 2.45891 1.28545 1.28545 2.45891 6.59037 14.9565 27.4928 30.3798 32.084 32.5811 32.5938 32.1033 30.3993 27.4503 31.5813 33.1024 33.2319 32.7327 32.7327 33.2319 33.1346 31.618 28.0473 31.4082 32.874 33.3307 33.3517 32.8859 31.3992 28.1097 20.3322 16.4302 11.5873 7.73401 7.79213 11.6416 16.3607 20.205 14.3428 6.65809 2.66214 1.42941 1.42941 2.66214 6.65809 
6.90644 2.46917 1.23219 1.02031 1.02031 1.23217 2.47275 6.89857 14.8608 6.38609 2.30947 1.22639 1.22639 2.30947 6.3422 14.8735 28.2088 31.403 33.1957 33.801 33.7996 33.1937 31.4082 28.1367 32.216 33.5854 33.7826 33.6852 33.6852 33.7826 33.5926 32.2442 29.3735 32.2034 33.6114 34.1217 34.1176 33.6036 32.1872 29.4314 21.7513 17.1812 11.6284 7.4931 7.57954 11.7091 17.086 21.5732 14.9168 6.60589 2.61682 1.40973 1.40973 2.61682 6.60589 
6.77297 2.39923 1.21188 1.01755 1.01755 1.21187 2.4023 6.76428 14.7612 6.25589 2.24484 1.20571 1.20571 2.24484 6.20399 14.7708 28.5062 31.9016 33.7621 34.3838 34.3824 33.7598 31.9067 28.4284 32.5399 33.7551 34.0598 34.1558 34.1558 34.0598 33.7612 32.5669 30.044 32.7893 34.145 34.6099 34.6066 34.1372 32.7704 30.096 22.42 17.5769 11.6009 7.45355 7.53333 11.6782 17.4869 22.2489 15.2759 6.64997 2.61031 1.3977 1.3977 2.61031 6.64997 
6.73101 2.38274 1.20567 1.01687 1.01687 1.20566 2.38475 6.72484 14.71 6.22605 2.23621 1.20265 1.20265 2.23621 6.1784 14.7475 28.6009 32.0561 33.9529 34.5339 34.5332 33.9517 32.0611 28.522 32.7318 33.8271 34.2131 34.4298 34.4298 34.2131 33.83 32.7473 30.3917 33.1052 34.3752 34.7452 34.7429 34.3691 33.0898 30.4409 22.8671 17.8298 11.4542 7.39929 7.44782 11.4864 17.7851 22.7586 15.6606 6.7244 2.58286 1.35815 1.35815 2.58286 6.7244 
6.72484 2.38475 1.20566 1.01687 1.01687 1.20566 2.38475 6.72484 14.71 6.22605 2.23621 1.20265 1.20321 2.23793 6.22605 14.71 28.522 32.0611 33.931 34.5202 34.5202 33.931 32.0396 28.6009 32.7473 33.83 34.2137 34.43 34.4298 34.2131 33.8271 32.7318 30.4409 33.0898 34.3691 34.7429 34.7429 34.3691 33.0898 30.4409 22.8671 17.8298 11.4542 7.39929 7.39929 11.4542 17.8298 22.8671 15.6606 6.7244 2.58286 1.35815 1.3559 2.57817 6.714 
6.76428 2.4023 1.21187 1.01755 1.01755 1.21187 2.4023 6.76428 14.7612 6.25589 2.24484 1.20571 1.20639 2.24655 6.25589 14.7612 28.4284 31.9067 33.723 34.3641 34.3641 33.723 31.8741 28.5062 32.5669 33.7612 34.0615 34.1566 34.1558 34.0598 33.7551 32.5399 30.096 32.7704 34.1372 34.6066 34.6066 34.1372 32.7704 30.096 22.42 17.5769 11.6009 7.45355 7.45355 11.6009 17.5769 22.42 15.2759 6.64997 2.61031 1.3977 1.39389 2.60102 6.62998 
6.89857 2.47275 1.23217 1.02031 1.02031 1.23217 2.47275 6.89857 14.8608 6.38609 2.30947 1.22639 1.22692 2.3102 6.38609 14.8608 28.1367 31.4082 33.1522 33.7758 33.7758 33.1522 31.3659 28.2088 32.2442 33.5926 33.7831 33.6864 33.6852 33.7826 33.5854 32.216 29.4314 32.1872 33.6036 34.1176 34.1176 33.6036 32.1872 29.4314 21.7513 17.1812 11.6284 7.4931 7.4931 11.6284 17.1812 21.7513 14.9168 6.60589 2.61682 1.40973 1.40568 2.60701 6.5845 
7.20002 2.67433 1.30051 1.03165 1.03165 1.30051 2.67433 7.20002 14.8996 6.60818 2.45891 1.28545 1.28503 2.45666 6.60818 14.8996 27.4503 30.3993 32.157 32.6711 32.6711 32.157 30.4263 27.4928 31.618 33.1346 33.2664 32.78 32.7327 33.2319 33.1024 31.5813 28.1097 31.3992 32.8859 33.3517 33.3517 32.8859 31.3992 28.1097 20.3322 16.4302 11.5873 7.73401 7.73401 11.5873 16.4302 20.3322 14.3428 6.65809 2.66214 1.42941 1.42652 2.65527 6.64072 
6.6625 2.35225 1.19085 1.01417 1.01405 1.18986 2.34684 6.6338 14.3312 6.25121 2.28441 1.23581 1.23209 2.26903 6.18089 14.5525 27.4218 30.8607 33.16 33.82 33.8177 33.1577 30.8789 27.5039 30.6188 32.9992 33.476 33.1466 33.115 33.4601 32.9986 30.6209 26.1561 30.947 32.9425 33.4498 33.4498 32.9425 30.947 26.1561 15.6825 13.7839 12.6032 11.8325 11.8325 12.6032 13.7839 15.6825 11.7811 7.25915 3.52598 1.89595 1.88096 3.49154 7.23228 
6.62385 2.32479 1.18516 1.01372 1.01358 1.18414 2.31939 6.5958 14.4715 6.2298 2.26581 1.23214 1.22815 2.25007 6.1605 14.7072 28.087 31.5611 33.7966 34.3761 34.3766 33.7964 31.5675 28.1601 31.0275 33.2715 33.8149 33.8062 33.8054 33.8118 33.2716 31.0293 26.6602 31.7993 33.7837 34.2614 34.2614 33.7837 31.7993 26.6602 15.0417 13.8201 13.3797 14.1286 14.1286 13.3797 13.8201 15.0417 11.3097 7.54417 3.97732 2.13431 2.11354 3.93477 7.5232 
6.60876 2.3054 1.17958 1.01314 1.013 1.17859 2.30021 6.5815 14.5554 6.22791 2.25872 1.22954 1.22565 2.24347 6.15989 14.7981 28.3915 31.8553 34.0054 34.5591 34.5593 34.0052 31.8636 28.4701 31.3763 33.4397 34.0422 34.2066 34.2052 34.0392 33.4397 31.3782 27.1857 32.1774 34.1416 34.6449 34.6449 34.1416 32.1774 27.1857 15.786 14.1789 13.5421 13.7645 13.7645 13.5421 14.1789 15.786 11.5453 7.42382 3.79574 2.0524 2.03315 3.75616 7.40158 
6.55423 2.2681 1.16748 1.01162 1.01155 1.16697 2.26517 6.53599 14.5752 6.16717 2.22144 1.20992 1.2074 2.21143 6.1103 14.8157 28.4914 31.98 34.0594 34.6049 34.6049 34.0591 31.9823 28.568 31.6815 33.5346 34.1673 34.4457 34.4449 34.1658 33.5347 31.6833 27.743 32.4145 34.2714 34.7266 34.7266 34.2714 32.4145 27.743 17.1703 14.7437 13.3541 12.2346 12.2346 13.3541 14.7437 17.1703 11.964 6.97885 3.28443 1.81926 1.81021 3.26482 6.95875 
6.53599 2.26517 1.16697 1.01155 1.01155 1.16697 2.26517 6.53599 14.5752 6.16717 2.21143 1.2074 1.2074 2.21143 6.16717 14.5752 28.4914 31.98 34.0594 34.6049 34.6049 34.0594 31.98 28.4914 31.6833 33.5347 34.1658 34.4449 34.4449 34.1658 33.5347 31.6833 27.7399 32.4104 34.2677 34.723 34.7239 34.2698 32.4004 27.8194 17.1703 14.7437 13.3541 12.2346 12.234 13.3466 14.75 17.1805 11.964 6.97885 3.28443 1.81926 1.81926 3.28443 6.97885 
6.5815 2.30021 1.17859 1.013 1.013 1.17859 2.30021 6.5815 14.5554 6.22791 2.24347 1.22565 1.22565 2.24347 6.22791 14.5554 28.3915 31.8553 34.0054 34.5591 34.5591 34.0054 31.8553 28.3915 31.3782 33.4397 34.0392 34.2052 34.2052 34.0392 33.4397 31.3782 27.1906 32.1668 34.1327 34.6393 34.6407 34.1353 32.1591 27.2768 15.786 14.1789 13.5421 13.7645 13.7648 13.5392 14.1772 15.8322 11.5453 7.42382 3.79574 2.0524 2.0524 3.79574 7.42382 
6.5958 2.31939 1.18414 1.01358 1.01358 1.18414 2.31939 6.5958 14.4715 6.2298 2.25007 1.22815 1.22815 2.25007 6.2298 14.4715 28.087 31.5611 33.7966 34.3761 34.3761 33.7966 31.5611 28.087 31.0293 33.2716 33.8118 33.8054 33.8054 33.8118 33.2716 31.0293 26.6675 31.7895 33.7759 34.2593 34.2588 33.7699 31.7671 26.7409 15.0417 13.8201 13.3797 14.1286 14.1291 13.3821 13.8171 15.0942 11.3097 7.54417 3.97732 2.13431 2.13431 3.97732 7.54417 
6.6338 2.34684 1.18986 1.01405 1.01405 1.18986 2.34684 6.6338 14.3312 6.25121 2.26903 1.23209 1.23209 2.26903 6.25121 14.3312 27.4218 30.8607 33.16 33.82 33.82 33.16 30.8607 27.4218 30.6209 32.9986 33.4601 33.115 33.115 33.4601 32.9986 30.6209 26.1447 30.9398 32.9338 33.436 33.4052 32.8742 30.8468 26.1608 15.6825 13.7839 12.6032 11.8325 11.8335 12.5962 13.7737 15.7292 11.7811 7.25915 3.52598 1.89595 1.89595 3.52598 7.25915 
6.43574 2.39072 1.21356 1.01882 1.01882 1.21356 2.39072 6.43574 13.9882 6.12141 2.34133 1.26083 1.26083 2.34133 6.12141 13.9882 25.7858 29.5014 32.0385 33.0244 32.9999 32.025 29.5014 25.7858 25.2853 26.6378 26.906 26.7739 26.7739 26.906 26.6378 25.2853 21.8806 26.2384 28.8976 30.2219 30.2156 28.884 26.2039 21.9095 16.568 14.1637 10.3183 7.11514 7.17225 10.2819 14.1809 16.5494 11.4282 5.4343 2.35671 1.37019 1.37632 2.37348 5.47074 
6.16877 2.22933 1.16154 1.01114 1.01114 1.16154 2.22933 6.16877 13.8026 5.83029 2.17395 1.19962 1.19962 2.17395 5.83029 13.8026 26.198 30.07 32.655 33.7421 33.761 32.6904 30.07 26.198 27.0438 27.5786 28.1025 28.647 28.647 28.1025 27.5786 27.0438 24.8156 28.6233 31.1799 32.3307 32.3399 31.1986 28.6375 24.8644 18.8232 15.7047 11.072 7.47794 7.50347 11.0345 15.7004 18.7396 12.608 5.64562 2.35862 1.33908 1.34256 2.36753 5.66346 
5.95717 2.11794 1.13507 1.00822 1.00822 1.13507 2.11794 5.95717 13.6653 5.62199 2.07551 1.17108 1.17108 2.07551 5.62199 13.6653 26.4599 30.5262 33.1136 34.162 34.1789 33.148 30.5262 26.4599 28.1548 28.1536 28.7559 29.6161 29.6161 28.7559 28.1536 28.1548 26.7263 30.3449 32.5828 33.5294 33.5459 32.6152 30.3731 26.7767 20.2923 16.7744 11.4597 7.6149 7.6389 11.4267 16.7666 20.223 13.6493 5.97394 2.41877 1.34354 1.34675 2.42699 5.99073 
5.84288 2.05864 1.12422 1.0075 1.0075 1.12422 2.05864 5.84288 13.5809 5.51049 2.02545 1.15608 1.15608 2.02545 5.51049 13.5809 26.5224 30.8086 33.3958 34.3009 34.3108 33.416 30.8086 26.5224 28.6966 28.3314 28.9206 30.2298 30.2298 28.9206 28.3314 28.6966 27.8165 31.3734 33.3972 34.1542 34.164 33.4207 31.3925 27.8614 20.9502 17.2938 11.5304 7.518 7.52963 11.5093 17.2886 20.9151 14.4757 6.2373 2.42902 1.31203 1.31403 2.43356 6.24793 
5.85991 2.05953 1.12406 1.00746 1.0075 1.12422 2.05864 5.84288 13.5809 5.51049 2.03793 1.15902 1.15608 2.02545 5.50884 13.6663 26.5224 30.8086 33.416 34.3108 34.3108 33.416 30.8356 26.5458 28.701 28.3336 28.9241 30.2291 30.2298 28.9206 28.3314 28.6966 27.8098 31.3654 33.3903 34.1503 34.1542 33.3972 31.3654 27.8098 20.8829 17.3107 11.4909 7.51609 7.518 11.5304 17.2938 20.9502 14.4757 6.2373 2.42902 1.31203 1.31203 2.42902 6.2373 
5.98532 2.12012 1.13498 1.00817 1.00822 1.13507 2.11794 5.95717 13.6653 5.62199 2.09435 1.17524 1.17108 2.07551 5.62805 13.7653 26.4599 30.5262 33.148 34.1789 34.1789 33.148 30.5924 26.4326 28.1687 28.1617 28.7598 29.6151 29.6161 28.7559 28.1536 28.1548 26.7133 30.3321 32.5696 33.521 33.5294 32.5828 30.3321 26.7133 20.2055 16.8068 11.3968 7.61388 7.6149 11.4597 16.7744 20.2923 13.6493 5.97394 2.41877 1.34354 1.34354 2.41877 5.97394 
6.1976 2.23158 1.16141 1.01108 1.01114 1.16154 2.22933 6.16877 13.8026 5.83029 2.19177 1.20399 1.19962 2.17395 5.8394 13.9053 26.198 30.07 32.6904 33.761 33.761 32.6904 30.147 26.1309 27.0646 27.5889 28.1053 28.6464 28.647 28.1025 27.5786 27.0438 24.8069 28.6103 31.1648 32.3212 32.3307 31.1799 28.6103 24.8069 18.7351 15.7472 11.0013 7.47567 7.47794 11.072 15.7047 18.8232 12.608 5.64562 2.35862 1.33908 1.33908 2.35862 5.64562 
6.46371 2.39492 1.21404 1.01882 1.01882 1.21356 2.39072 6.43574 13.9882 6.12141 2.35271 1.26431 1.26083 2.34133 6.1248 14.0923 25.7858 29.5014 32.025 32.9999 32.9999 32.025 29.5001 25.5991 25.1755 26.467 26.7277 26.6205 26.7739 26.906 26.6378 25.2853 21.8057 26.1469 28.8256 30.1695 30.2219 28.8976 26.1469 21.8057 16.5491 14.2321 10.2349 7.12015 7.11514 10.3183 14.1637 16.568 11.4282 5.4343 2.35671 1.37019 1.37019 2.35671 5.4343 
7.27872 3.01219 1.43364 1.05711 1.05725 1.43397 3.01169 7.27275 12.6843 6.94043 2.99792 1.5764 1.57839 3.00613 6.94043 12.6843 20.7737 26.3057 28.5069 29.3263 29.3263 28.5069 26.3057 20.7737 12.3916 11.9678 12.3158 12.7173 12.7173 12.3158 11.9648 12.3894 12.984 18.7227 23.2523 25.2032 25.1215 23.1539 18.5983 12.889 9.1921 7.69715 4.69336 2.83935 2.84421 4.70002 7.80445 9.19241 6.25432 2.81454 1.3731 1.05456 1.05456 1.3731 2.81454 
9.10194 3.77222 1.63692 1.09159 1.09183 1.63811 3.77782 9.12407 14.7278 8.81665 3.83538 1.93646 1.93818 3.83767 8.81665 14.7278 21.0192 27.9949 31.2361 32.171 32.171 31.2361 27.9949 21.0192 8.63995 8.7334 8.86951 8.64948 8.64948 8.86951 8.73383 8.63993 9.43485 17.1168 23.6024 26.1867 26.2036 23.6236 17.1023 9.42117 4.39883 3.40342 2.04528 1.34477 1.34277 2.04012 3.41141 4.41868 3.20374 1.67079 1.10554 1.01048 1.01048 1.10554 1.67079 
10.0948 4.20192 1.7548 1.11125 1.11148 1.75587 4.20655 10.1132 15.9335 9.79268 4.20533 2.06192 2.06451 4.21069 9.79268 15.9335 20.9604 28.6419 32.5056 33.5465 33.5465 32.5056 28.6419 20.9604 6.2805 7.04388 7.05727 6.04256 6.04256 7.05727 7.04391 6.28088 7.12152 15.6079 23.6141 26.831 26.8499 23.6377 15.585 7.10746 2.36282 1.61134 1.17266 1.03395 1.03383 1.1723 1.61422 2.38022 1.67236 1.1624 1.01861 1.00113 1.00113 1.01861 1.1624 
10.3432 4.30199 1.7779 1.11437 1.11451 1.77859 4.3049 10.3533 16.2298 10.018 4.2568 2.06713 2.06914 4.26061 10.018 16.2298 20.8159 28.859 32.8767 33.9133 33.9133 32.8767 28.859 20.8159 4.56666 5.9215 5.88407 4.03331 4.03331 5.88407 5.92166 4.56644 6.00784 14.5778 23.4937 27.1533 27.1647 23.5099 14.5604 6.00029 1.8187 1.18276 1.02541 1.00238 1.00242 1.02576 1.1841 1.8306 1.2259 1.03448 1.00263 0.999873 0.999873 1.00263 1.03448 
10.3533 4.3049 1.77859 1.11451 1.11451 1.77859 4.3049 10.3533 16.2195 9.99247 4.25054 2.06468 2.06713 4.2568 10.018 16.2298 20.7961 28.8821 32.8942 33.9192 33.9133 32.8767 28.859 20.8159 4.56644 5.92166 5.88414 4.03326 4.03331 5.88407 5.9215 4.56666 6.00029 14.5604 23.5099 27.1647 27.1533 23.503 14.5778 6.00784 1.8306 1.1841 1.02576 1.00242 1.00238 1.02541 1.18283 1.83536 1.2259 1.03448 1.00263 0.999873 0.999871 1.00262 1.03447 
10.1132 4.20655 1.75587 1.11148 1.11148 1.75587 4.20655 10.1132 15.9045 9.74433 4.19466 2.05843 2.06192 4.20533 9.79268 15.9335 20.9263 28.6804 32.5332 33.5531 33.5465 32.5056 28.6419 20.9604 6.28088 7.04391 7.05732 6.04252 6.04256 7.05727 7.04388 6.2805 7.10746 15.585 23.6377 26.8499 26.831 23.6318 15.6079 7.12152 2.38022 1.61422 1.1723 1.03383 1.03395 1.17266 1.60895 2.38216 1.67236 1.1624 1.01861 1.00113 1.00113 1.01861 1.16235 
9.12407 3.77782 1.63811 1.09183 1.09183 1.63811 3.77782 9.12407 14.7154 8.76129 3.82119 1.9326 1.93646 3.83538 8.81665 14.7278 20.9933 28.0301 31.2553 32.1744 32.171 31.2361 27.9949 21.0192 8.63993 8.73383 8.86987 8.64972 8.64948 8.86951 8.7334 8.63995 9.42117 17.1023 23.6236 26.2036 26.1867 23.6189 17.1168 9.43485 4.41868 3.41141 2.04012 1.34277 1.34477 2.04528 3.39441 4.42202 3.20374 1.67079 1.10554 1.01048 1.01055 1.10587 1.67108 
7.27275 3.01169 1.43397 1.05725 1.05725 1.43397 3.01169 7.27275 12.603 6.88671 2.99582 1.57556 1.5764 2.99792 6.94043 12.6843 20.7264 26.2765 28.3566 29.1783 29.3263 28.5069 26.3057 20.7737 12.3894 11.9648 12.3127 12.7143 12.7173 12.3158 11.9678 12.3916 12.889 18.5983 23.1539 25.1215 25.2032 23.1953 18.7227 12.984 9.19241 7.80445 4.70002 2.84421 2.83935 4.69336 7.63258 8.94032 6.25432 2.81454 1.3731 1.05456 1.05457 1.3718 2.80129 
2.70933 1.41746 1.06696 1.00653 1.00649 1.06635 1.4135 2.69338 5.48122 2.81163 1.43511 1.07441 1.07454 1.43579 2.83017 5.51895 11.3785 15.0215 16.1706 16.6057 16.6057 16.1706 15.0215 11.3785 4.17401 3.45986 3.43447 3.72163 3.72163 3.43447 3.45986 4.17401 6.11018 9.82143 12.8939 14.6033 14.6088 12.9379 9.82143 6.11018 3.11702 2.65308 1.8141 1.32652 1.32652 1.8141 2.6532 3.11753 1.72941 1.09871 1.00379 0.999432 0.99945 1.00393 1.10098 
1.54563 1.12561 1.01764 1.00124 1.00126 1.01776 1.12609 1.5462 2.4562 1.48631 1.08319 1.00964 1.00961 1.08318 1.48619 2.44532 5.05984 6.78339 7.27275 7.21891 7.21891 7.27275 6.78339 5.05984 1.85879 1.52204 1.48634 1.6309 1.6309 1.48634 1.52204 1.85879 2.5993 4.7082 6.27834 6.94041 6.91549 6.24168 4.7082 2.5993 1.43506 1.29702 1.10878 1.02907 1.02907 1.10878 1.29697 1.43499 1.14123 1.01193 0.999625 0.999707 0.999709 0.999628 1.01197 
1.10872 1.022 1.00236 0.999975 0.999978 1.00238 1.02208 1.10892 1.29688 1.07173 1.00824 1.0002 1.0002 1.00824 1.07216 1.29533 2.30446 2.98648 3.07428 2.93561 2.93561 3.07428 2.98648 2.30446 1.13452 1.06073 1.05421 1.08574 1.08574 1.05421 1.06073 1.13452 1.30401 2.09313 2.80053 2.97563 2.96094 2.77753 2.09313 1.30401 1.04835 1.0274 1.00735 1.00104 1.00104 1.00735 1.02738 1.04834 1.01689 1.00118 0.999937 0.999975 0.999975 0.999936 1.00118 
1.01678 1.00267 1.00003 0.999922 0.999922 1.00003 1.00268 1.01681 1.04176 1.00628 1.0001 0.999819 0.999818 1.0001 1.00636 1.04139 1.38969 1.65815 1.65464 1.55359 1.55359 1.65464 1.65815 1.38969 1.01783 1.00637 1.00572 1.01035 1.01035 1.00572 1.00637 1.01783 1.04538 1.29151 1.58472 1.61959 1.61361 1.57628 1.29151 1.04538 1.00346 1.00101 1.00004 0.99989 0.99989 1.00004 1.00101 1.00346 1.00171 1.00002 0.999973 1 1 0.999972 1.00002 
1.01681 1.00268 1.00003 0.999922 0.999922 1.00003 1.00268 1.01681 1.04176 1.00628 1.0001 0.999819 0.999819 1.0001 1.00628 1.04176 1.3947 1.66728 1.66373 1.55923 1.55359 1.65464 1.65815 1.38969 1.0178 1.00637 1.00572 1.01035 1.01035 1.00572 1.00637 1.01783 1.04538 1.29151 1.58523 1.61986 1.61959 1.58472 1.29151 1.04538 1.00345 1.00099 1.00004 0.99989 0.99989 1.00004 1.00099 1.00345 1.00171 1.00002 0.999973 1 1 0.999973 1.00002 
1.10892 1.02208 1.00238 0.999978 0.999978 1.00238 1.02208 1.10892 1.29688 1.07173 1.00824 1.0002 1.0002 1.00824 1.07173 1.29688 2.31756 3.00958 3.09611 2.94977 2.93561 3.07428 2.98648 2.30446 1.13427 1.06074 1.05421 1.08575 1.08574 1.05421 1.06073 1.13452 1.30397 2.09309 2.80306 2.97723 2.97563 2.80053 2.09313 1.30401 1.04798 1.02702 1.00733 1.00104 1.00103 1.00733 1.02702 1.04798 1.01689 1.00118 0.999937 0.999975 0.999975 0.999937 1.00118 
1.5462 1.12609 1.01776 1.00126 1.00126 1.01776 1.12609 1.5462 2.4562 1.48631 1.08319 1.00964 1.00964 1.08319 1.48631 2.4562 5.08777 6.83014 7.30736 7.24223 7.21891 7.27275 6.78339 5.05984 1.85644 1.52207 1.48637 1.62895 1.6309 1.48634 1.52204 1.85879 2.59916 4.70856 6.29356 6.9569 6.94041 6.27834 4.7082 2.5993 1.43124 1.29411 1.10842 1.02907 1.02893 1.10842 1.29411 1.43124 1.14123 1.01193 0.999625 0.999707 0.999707 0.999625 1.01193 
2.69338 1.4135 1.06635 1.00649 1.00649 1.06635 1.4135 2.69338 5.48122 2.81163 1.43511 1.07441 1.07441 1.43511 2.81163 5.48122 11.3099 14.9316 16.1644 16.6045 16.6057 16.1706 15.0215 11.3785 4.14478 3.45882 3.4334 3.69189 3.72163 3.43447 3.45986 4.17401 6.10936 9.82025 12.8536 14.5405 14.6033 12.8939 9.82143 6.11018 3.03703 2.60908 1.79503 1.32652 1.31858 1.79503 2.60908 3.03703 1.72941 1.09871 1.00379 0.999432 0.999432 1.00379 1.09871 
1.41587 1.06977 1.00801 1.00061 1.00061 1.00801 1.06977 1.41587 2.43342 1.5395 1.10973 1.01651 1.01651 1.10973 1.5395 2.43342 4.25778 5.6783 6.28525 6.81372 6.81372 6.28525 5.6783 4.25778 1.82067 1.8931 1.87834 1.69166 1.69166 1.87834 1.8931 1.82067 2.47016 4.17377 5.99276 6.80057 6.80197 5.99421 4.17377 2.47045 1.39653 1.34656 1.11782 1.02998 1.02998 1.11782 1.34656 1.39653 1.09767 1.01273 1.00099 1.00004 1.00004 1.00099 1.01273 
1.06902 1.01081 1.00116 0.999968 0.999968 1.00116 1.01081 1.06902 1.2827 1.08506 1.01369 1.00139 1.00139 1.01369 1.08506 1.2827 2.29541 3.02992 3.30533 3.24601 3.24601 3.30533 3.02992 2.29541 1.15034 1.21304 1.20846 1.1339 1.1339 1.20846 1.21304 1.15034 1.23262 1.62864 2.14331 2.41825 2.41829 2.14335 1.62864 1.23261 1.038 1.03811 1.01019 1.00147 1.00147 1.01019 1.03811 1.038 1.00859 1.00098 0.999955 0.999995 0.999995 0.999955 1.00098 
1.00712 1.00113 0.999989 0.999965 0.999965 0.999989 1.00113 1.00712 1.03426 1.0077 1.00084 0.999874 0.999874 1.00084 1.0077 1.03426 1.34952 1.60467 1.69398 1.61039 1.61039 1.69398 1.60467 1.34952 1.01785 1.03174 1.03114 1.01598 1.01598 1.03114 1.03174 1.01785 1.02195 1.07446 1.16297 1.21078 1.21076 1.16296 1.07446 1.02195 1.00173 1.00236 1.00041 0.999935 0.999935 1.00041 1.00236 1.00173 1.00051 0.999977 0.999986 1 1 0.999986 0.999977 
1.00052 0.999986 0.999967 0.999996 0.999996 0.999967 0.999986 1.00052 1.0023 1.00016 0.9999 0.999961 0.999961 0.9999 1.00016 1.0023 1.07017 1.13823 1.16299 1.1292 1.1292 1.16299 1.13823 1.07017 1.00128 1.00263 1.00266 1.00113 1.00113 1.00266 1.00263 1.00128 1.00107 1.00389 1.01199 1.01595 1.01595 1.01199 1.00389 1.00107 0.999984 0.999879 0.999924 0.999969 0.999969 0.999924 0.999879 0.999984 1.00007 0.999987 1 1 1 1 0.999987 
0 0 0 0 0.999996 0.999967 0.999986 1.00052 1.0023 1.00016 0.9999 0.999961 0.999961 0.999898 1.00015 1.00237 1.07017 1.13823 1.16299 1.1292 1.12754 1.16043 1.13605 1.06916 1.00133 1.00257 1.00261 1.00111 1.00113 1.00266 1.00263 1.00128 1.00107 1.00389 1.01199 1.01595 1.01595 1.01199 1.00389 1.00107 0.999983 0.999873 0.999924 0.999969 0.999969 0.999924 0.999879 0.999984 1.00007 0.999987 1 1 0 0 0 
0 0 0 0 0.999965 0.999989 1.00113 1.00712 1.03426 1.0077 1.00084 0.999874 0.999872 1.00084 1.00764 1.03466 1.34952 1.60467 1.69398 1.61039 1.60395 1.68407 1.59597 1.34512 1.01813 1.03128 1.03067 1.01576 1.01598 1.03114 1.03174 1.01785 1.02195 1.07445 1.16296 1.21076 1.21078 1.16297 1.07446 1.02195 1.00174 1.00232 1.00041 0.999935 0.999935 1.00041 1.00236 1.00173 1.00051 0.999977 0.999986 1 0 0 0 
0 0 0 0 0.999968 1.00116 1.01081 1.06902 1.2827 1.08506 1.01369 1.00139 1.00138 1.01361 1.08459 1.28343 2.29541 3.02992 3.30533 3.24601 3.23087 3.28698 3.01528 2.28639 1.15123 1.21071 1.20609 1.13265 1.1339 1.20846 1.21304 1.15034 1.23261 1.62852 2.14335 2.41829 2.41825 2.14331 1.62864 1.23262 1.03812 1.03775 1.01019 1.00147 1.00147 1.01019 1.03811 1.038 1.00859 1.00098 0.999955 0.999995 0 0 0 
