0 0 0 0 1.00006 1.00091 1.00816 1.05472 1.29556 1.07634 1.01265 1.00168 1.00168 1.01265 1.07634 1.29554 2.46119 1.96486 1.76152 1.71728 1.71659 1.76052 1.96313 2.4692 3.96366 2.85088 2.13398 2.14471 2.14118 2.13349 2.84557 3.96156 3.82194 4.24322 4.71978 5.21232 5.18512 4.67255 4.19218 3.78313 3.37398 2.72454 1.85119 1.31304 1.313 1.84988 2.72064 3.37213 2.24075 1.3057 1.0473 1.00606 0 0 0 
0 0 0 0 0.99997 1.00001 1.00082 1.00575 1.02988 1.00655 1.00074 0.999895 0.999895 1.00074 1.00655 1.02987 1.27108 1.14256 1.09577 1.0866 1.08638 1.09547 1.14214 1.27397 1.96369 1.46217 1.2292 1.22503 1.22327 1.22738 1.45765 1.95621 2.15529 2.51112 2.75729 2.75268 2.76229 2.76632 2.51804 2.15936 1.54031 1.3648 1.14831 1.03548 1.03538 1.14784 1.36416 1.53897 1.3041 1.08136 1.01135 1.00111 0 0 0 
0 0 0 0 0.999997 0.999981 1 1.00053 1.0014 1.00001 0.999874 0.99994 0.99994 0.999874 1.00001 1.0014 1.03231 1.01223 1.00642 1.0054 1.00538 1.00639 1.01218 1.03297 1.25163 1.09845 1.03629 1.03407 1.03372 1.03588 1.09722 1.24894 1.3278 1.50338 1.61511 1.52527 1.52998 1.62287 1.50911 1.33072 1.07845 1.0474 1.01589 1.00238 1.00237 1.01582 1.04734 1.07799 1.04529 1.01066 1.0012 0.999976 0 0 0 
0 0 0 0 1 0.999997 0.999971 1.00006 0.999885 0.999766 0.999969 0.999996 0.999996 0.999969 0.999766 0.999885 1.00269 1.00032 0.999967 0.999951 0.999949 0.999965 1.00031 1.00279 1.04705 1.01497 1.00451 1.00365 1.0036 1.00445 1.01476 1.04647 1.07293 1.12602 1.16197 1.12693 1.1283 1.16414 1.12763 1.0737 1.00755 1.00344 1.00057 0.999904 0.999902 1.00057 1.00344 1.00746 1.005 1.00099 0.999968 0.999944 0 0 0 
1.00006 0.999971 0.999997 1 1 0.999997 0.999971 1.00006 0.999885 0.999766 0.999969 0.999996 0.999996 0.999969 0.999766 0.999885 1.00269 1.00032 0.999965 0.999949 0.999951 0.999967 1.00032 1.00269 1.04705 1.01497 1.00451 1.00365 1.00365 1.00451 1.01497 1.04705 1.0737 1.12763 1.16414 1.1283 1.1283 1.16414 1.12763 1.0737 1.00746 1.00344 1.00057 0.999902 0.999902 1.00057 1.00344 1.00746 1.005 1.00099 0.999968 0.999944 0.999944 0.999968 1.00099 
1.00053 1 0.999981 0.999997 0.999997 0.999981 1 1.00053 1.0014 1.00001 0.999874 0.99994 0.99994 0.999874 1.00001 1.0014 1.03231 1.01223 1.00639 1.00538 1.0054 1.00642 1.01223 1.03231 1.25163 1.09845 1.03629 1.03407 1.03407 1.03629 1.09845 1.25163 1.33072 1.50911 1.62287 1.52998 1.52998 1.62287 1.50911 1.33072 1.07799 1.04734 1.01582 1.00237 1.00237 1.01582 1.04734 1.07799 1.04529 1.01066 1.0012 0.999976 0.999976 1.0012 1.01066 
1.00575 1.00082 1.00001 0.99997 0.99997 1.00001 1.00082 1.00575 1.02987 1.00655 1.00074 0.999895 0.999895 1.00074 1.00655 1.02987 1.27108 1.14256 1.09547 1.08638 1.0866 1.09577 1.14256 1.27108 1.96369 1.46217 1.2292 1.22503 1.22503 1.2292 1.46217 1.96369 2.15936 2.51804 2.76632 2.76229 2.76229 2.76632 2.51804 2.15936 1.53897 1.36416 1.14784 1.03538 1.03538 1.14784 1.36416 1.53897 1.3041 1.08136 1.01135 1.00111 1.00111 1.01135 1.08136 
1.05472 1.00816 1.00091 1.00006 1.00006 1.00091 1.00816 1.05472 1.29554 1.07634 1.01265 1.00168 1.00168 1.01265 1.07634 1.29554 2.46119 1.96486 1.76052 1.71659 1.71728 1.76152 1.96486 2.46119 3.96366 2.85088 2.13398 2.14471 2.14471 2.13398 2.85088 3.96366 3.78313 4.19218 4.67255 5.18512 5.18512 4.67255 4.19218 3.78313 3.37213 2.72064 1.84988 1.313 1.313 1.84988 2.72064 3.37213 2.24075 1.3057 1.0473 1.00606 1.00606 1.0473 1.3057 
1.42632 1.06732 1.00611 1.00019 1.00019 1.0061 1.06776 1.42981 2.44125 1.47059 1.07996 1.01166 1.01166 1.07996 1.46377 2.43516 5.27378 4.20771 3.91499 3.86463 3.84389 3.89599 4.20771 5.27378 8.16701 6.59955 5.13556 4.86526 4.83381 5.08429 6.56067 8.16543 9.33381 10.264 10.8195 11.2765 11.2747 10.8243 10.2154 9.2881 7.05145 5.56657 3.82647 2.72693 2.65732 3.88034 5.5651 7.28206 4.7963 2.27084 1.28905 1.04542 1.0454 1.28866 2.26739 
1.10392 1.01426 1.00101 0.999775 0.999771 1.001 1.0142 1.10379 1.34091 1.08786 1.01193 1.00083 1.00083 1.01193 1.08726 1.34163 2.43331 1.88076 1.74171 1.71342 1.71294 1.74132 1.88076 2.43331 4.14618 3.49285 2.58027 2.31289 2.32182 2.58943 3.51247 4.17378 4.90542 5.61432 5.64023 5.51948 5.53433 5.66421 5.64774 4.92759 3.46527 2.75282 1.89166 1.38354 1.37672 1.89541 2.7562 3.46799 2.79706 1.64553 1.1182 1.01342 1.01351 1.11872 1.64789 
1.01521 1.00179 0.999978 0.999943 0.999943 0.999976 1.00178 1.01519 1.04468 1.00904 1.00058 0.999807 0.999807 1.00058 1.00892 1.04457 1.28362 1.12607 1.09618 1.09016 1.08984 1.0958 1.12607 1.28362 1.99574 1.68356 1.32986 1.25735 1.26143 1.33469 1.69409 2.00842 2.44739 2.86885 2.67367 2.46723 2.4757 2.68927 2.89178 2.46146 1.63846 1.43541 1.16733 1.04682 1.04586 1.168 1.43735 1.64539 1.59626 1.20403 1.02699 1.00198 1.00199 1.02707 1.20454 
1.00183 1.00007 0.999925 0.999989 0.999989 0.999925 1.00007 1.00183 1.00367 1.00016 0.999845 0.999972 0.999972 0.999845 1.00015 1.00366 1.04106 1.0108 1.00732 1.00672 1.00666 1.00726 1.0108 1.04106 1.29414 1.16149 1.05587 1.04305 1.04393 1.05716 1.16483 1.29859 1.50405 1.69844 1.57492 1.43493 1.43827 1.58147 1.7077 1.50976 1.12985 1.08478 1.0232 1.00332 1.00322 1.02315 1.08539 1.1316 1.16481 1.04547 1.00422 0.999955 0.999956 1.00423 1.04554 
1.00183 1.00007 0.999925 0.999989 0.999989 0.999925 1.00007 1.00183 1.00367 1.00016 0.999846 0.999972 0.999972 0.999845 1.00016 1.00367 1.04106 1.0108 1.00726 1.00666 1.00672 1.00732 1.01081 1.04113 1.29859 1.16483 1.05716 1.04393 1.04393 1.05716 1.16483 1.29859 1.50976 1.7077 1.58147 1.43827 1.43827 1.58147 1.7077 1.50976 1.1316 1.08539 1.02315 1.00322 1.00332 1.02308 1.08539 1.13033 1.16481 1.04547 1.00422 0.999955 0.999955 1.00422 1.04547 
1.01519 1.00178 0.999976 0.999943 0.999943 0.999976 1.00178 1.01519 1.04468 1.00904 1.00059 0.999809 0.999807 1.00058 1.00904 1.04468 1.28362 1.12607 1.0958 1.08984 1.09016 1.09618 1.12605 1.28383 2.00842 1.69409 1.33469 1.26143 1.26143 1.33469 1.69409 2.00842 2.46146 2.89178 2.68927 2.4757 2.4757 2.68927 2.89178 2.46146 1.64539 1.43735 1.168 1.04586 1.04682 1.16732 1.43735 1.64018 1.59626 1.20403 1.02699 1.00198 1.00198 1.02699 1.20403 
1.10379 1.0142 1.001 0.999771 0.999771 1.001 1.0142 1.10379 1.34091 1.08786 1.01198 1.00083 1.00083 1.01193 1.08786 1.34091 2.43331 1.88076 1.74132 1.71294 1.71342 1.74171 1.87982 2.43582 4.17378 3.51247 2.58943 2.32182 2.32182 2.58943 3.51247 4.17378 4.92759 5.64774 5.66421 5.53433 5.53433 5.66421 5.64774 4.92759 3.46799 2.7562 1.89541 1.37672 1.38354 1.89284 2.7562 3.46808 2.79706 1.64553 1.1182 1.01342 1.01342 1.1182 1.64553 
1.42981 1.06776 1.0061 1.00019 1.00019 1.0061 1.06776 1.42981 2.44125 1.47059 1.08149 1.01191 1.01166 1.07996 1.47059 2.44125 5.27378 4.20771 3.89599 3.84389 3.86463 3.91499 4.23033 5.32132 8.16543 6.56067 5.08429 4.83381 4.83381 5.08429 6.56067 8.16543 9.2881 10.2154 10.8243 11.2747 11.2747 10.8243 10.2154 9.2881 7.28206 5.5651 3.88034 2.65732 2.72693 3.85461 5.5651 7.09053 4.7963 2.27084 1.28905 1.04542 1.04542 1.28905 2.27084 
3.73918 1.88177 1.19325 1.02587 1.02622 1.19554 1.89198 3.77295 6.41336 3.37185 1.66268 1.15677 1.15675 1.66255 3.36742 6.37253 12.1026 10.9799 10.7945 10.9139 10.691 10.5787 10.7879 11.9025 15.6821 13.4428 11.9721 11.4937 11.4937 11.9721 13.4428 15.6821 16.036 17.0981 18.4776 19.4754 19.4754 18.4776 17.0981 16.036 12.8875 10.553 8.90267 7.83984 7.83534 8.89501 10.553 12.8875 9.8055 4.67859 2.02469 1.23142 1.22913 2.01569 4.64503 
2.22099 1.33646 1.05525 1.00534 1.00534 1.05532 1.33708 2.22565 3.76587 1.99271 1.20165 1.03117 1.03117 1.20163 1.99738 3.76578 8.6589 5.84019 5.17779 5.07877 5.08427 5.18211 5.82901 8.60463 15.2669 11.8485 9.4246 8.42213 8.42213 9.4246 11.8485 15.2669 17.7488 19.108 20.4054 21.6432 21.6432 20.4054 19.108 17.7488 14.3158 12.0512 10.7241 10.3803 10.3585 10.5581 12.0512 14.3158 10.2567 4.60155 1.97373 1.21212 1.21084 1.96882 4.58475 
1.36038 1.0754 1.00927 1.00044 1.00044 1.00929 1.07563 1.36289 2.21579 1.3057 1.04089 1.00324 1.00324 1.04089 1.30811 2.21571 6.40767 3.03951 2.26448 2.16408 2.16391 2.26299 3.02577 6.35982 14.4922 11.106 8.22578 6.76571 6.76571 8.22578 11.106 14.4922 16.3622 17.6812 18.8207 19.7198 19.7198 18.8207 17.6812 16.3622 13.5188 11.1856 9.56363 8.47388 8.45661 9.42625 11.1856 13.5188 10.0362 4.65813 1.95809 1.18529 1.18431 1.95411 4.64469 
1.05861 1.0041 1.00043 1.00002 1.00002 1.00044 1.00416 1.05953 1.55017 1.07494 1.00444 0.999841 0.999841 1.00444 1.07582 1.55016 5.08436 2.00809 1.35132 1.30076 1.30072 1.35089 2.0028 5.05809 13.7941 11.4971 8.42508 5.68721 5.68721 8.42508 11.4971 13.7941 14.869 16.1801 17.2098 17.9378 17.9378 17.2098 16.1801 14.869 12.3809 9.98892 7.73555 6.01525 6.01368 7.65936 9.98892 12.3809 10.1091 5.17998 2.05262 1.18063 1.18016 2.05042 5.17207 
1.05953 1.00416 1.00044 1.00002 1.00002 1.00043 1.0041 1.05861 1.55017 1.07494 1.00444 0.999841 0.999841 1.00444 1.07494 1.55017 5.05809 2.0028 1.35132 1.30076 1.30076 1.35132 2.00809 5.08436 13.7942 11.497 8.4249 5.68717 5.68721 8.42508 11.4971 13.7941 14.8709 16.2091 17.2449 17.9653 17.9378 17.2098 16.1801 14.869 12.377 10.0007 7.66375 5.99763 6.01525 7.73555 9.98892 12.3809 10.0863 5.17207 2.05042 1.18016 1.18063 2.05262 5.17998 
1.36289 1.07563 1.00929 1.00044 1.00044 1.00927 1.0754 1.36038 2.21579 1.3057 1.04089 1.00324 1.00324 1.04089 1.3057 2.21579 6.35982 3.02577 2.26448 2.16408 2.16408 2.26448 3.03951 6.40767 14.4926 11.1058 8.22582 6.76564 6.76571 8.22578 11.106 14.4922 16.3437 17.6857 18.8783 19.793 19.7198 18.8207 17.6812 16.3622 13.518 11.1992 9.39795 8.39378 8.47388 9.56363 11.1856 13.5188 9.98664 4.64469 1.95411 1.18431 1.18529 1.95809 4.65813 
2.22565 1.33708 1.05532 1.00534 1.00534 1.05525 1.33646 2.22099 3.76587 1.99271 1.20165 1.03117 1.03117 1.20165 1.99271 3.76587 8.60463 5.82901 5.17779 5.07877 5.07877 5.17779 5.84019 8.6589 15.267 11.8483 9.42446 8.42202 8.42213 9.4246 11.8485 15.2669 17.7359 19.1161 20.472 21.7345 21.6432 20.4054 19.108 17.7488 14.3183 12.0561 10.5359 10.2865 10.3803 10.7241 12.0512 14.3158 10.1986 4.58475 1.96882 1.21084 1.21212 1.97373 4.60155 
3.77295 1.89198 1.19554 1.02622 1.02587 1.19325 1.88177 3.73918 6.41336 3.37185 1.66268 1.15677 1.15677 1.66268 3.37185 6.41336 11.9025 10.7879 10.7945 10.9139 10.9139 10.7945 10.9799 12.1026 15.6829 13.4432 11.9725 11.495 11.4937 11.9721 13.4428 15.6821 16.045 17.1345 18.6787 19.6716 19.4754 18.4776 17.0981 16.036 12.9331 10.6058 8.8868 7.79749 7.83984 8.90267 10.553 12.8875 9.71886 4.64503 2.01569 1.22913 1.23142 2.02469 4.67859 
8.59066 3.75651 1.75463 1.15467 1.15364 1.75147 3.75029 8.58113 14.9106 8.21668 3.51013 1.93519 1.93519 3.51013 8.21668 14.9106 23.5267 25.6682 27.4047 28.0097 28.0099 27.4047 25.6634 23.5824 24.3092 24.2168 24.2591 23.7532 23.9122 24.4381 24.3857 24.4384 23.4666 26.0161 27.3763 27.9438 28.0183 27.6805 26.0021 23.4852 17.2794 14.6074 10.483 7.6067 7.6067 10.483 14.6074 17.2794 13.3252 7.02318 2.93821 1.58029 1.58029 2.93821 7.02318 
10.5952 4.59158 2.03253 1.23437 1.23251 2.02612 4.57376 10.5419 17.4998 10.3022 4.58607 2.51698 2.51698 4.58607 10.3022 17.4998 26.4263 28.8983 30.4739 31.1793 31.1767 30.4703 28.8842 26.4966 25.6419 25.2038 25.3422 25.4804 25.4845 25.3381 25.1997 25.6389 26.9866 30.4208 31.8093 32.1814 32.1711 31.7791 30.3304 26.9314 18.6594 15.8212 11.2097 7.8394 7.8394 11.2097 15.8212 18.6594 13.9189 7.33764 3.11553 1.68712 1.68712 3.11553 7.33764 
11.9758 5.21979 2.24053 1.29187 1.28973 2.23367 5.20192 11.9234 19.3485 11.427 5.02915 2.72251 2.72251 5.02915 11.427 19.3485 28.3656 31.0819 32.6137 33.2775 33.2797 32.6194 31.0759 28.4401 25.9601 24.6423 25.0515 26.1043 26.1181 25.0376 24.6365 25.9537 28.445 32.1443 33.5758 33.9987 34.0017 33.6076 32.0971 28.3941 19.6255 16.5757 11.6546 8.0904 8.0904 11.6546 16.5757 19.6255 14.5062 7.57596 3.19231 1.70903 1.70903 3.19231 7.57596 
12.3353 5.35365 2.24841 1.27701 1.27569 2.24424 5.34284 12.2972 19.9425 11.6349 5.08713 2.6969 2.6969 5.08713 11.6349 19.9425 29.2805 32.0508 33.4445 33.9888 33.9917 33.4511 32.0533 29.3356 26.0649 24.4938 25.0049 26.4583 26.4679 24.9965 24.4886 26.0595 28.935 32.591 34.0365 34.4496 34.4521 34.059 32.5467 28.9003 20.2353 16.9443 11.7457 8.10236 8.10236 11.7457 16.9443 20.2353 15.0481 7.60249 3.11238 1.62746 1.62746 3.11238 7.60249 
12.2972 5.34284 2.24424 1.27569 1.27569 2.24424 5.35365 12.3353 19.9425 11.6349 5.11317 2.70734 2.70734 5.11317 11.7009 20.0356 29.2805 32.0508 33.4511 33.9888 33.9888 33.4445 32.0508 29.2805 26.0595 24.4886 24.9965 26.4679 26.4679 24.9965 24.4886 26.0595 28.9003 32.5467 34.059 34.4521 34.4496 34.0563 32.5924 28.9084 20.2761 16.9142 11.7533 8.13207 8.10236 11.7457 16.9443 20.2353 15.0481 7.60249 3.11238 1.62746 1.62387 3.10413 7.60198 
11.9234 5.20192 2.23367 1.28973 1.28973 2.23367 5.21979 11.9758 19.3485 11.427 5.0689 2.73926 2.73926 5.0689 11.5316 19.4464 28.3656 31.0819 32.6194 33.2775 33.2775 32.6137 31.0819 28.3656 25.9537 24.6365 25.0376 26.1181 26.1181 25.0376 24.6365 25.9537 28.3941 32.0971 33.6076 34.0017 33.9987 33.6035 32.1439 28.4018 19.6578 16.5109 11.6679 8.15216 8.0904 11.6546 16.5757 19.6255 14.5062 7.57596 3.19231 1.70903 1.70272 3.17691 7.5755 
10.5419 4.57376 2.02612 1.23251 1.23251 2.02612 4.59158 10.5952 17.4998 10.3022 4.61858 2.53109 2.53109 4.61858 10.3848 17.5929 26.4263 28.8983 30.4703 31.1793 31.1793 30.4739 28.8983 26.4263 25.6389 25.1997 25.3381 25.4845 25.4845 25.3381 25.1997 25.6389 26.9314 30.3304 31.7791 32.1711 32.1814 31.7941 30.3959 26.9286 18.6928 15.7645 11.222 7.87485 7.8394 11.2097 15.8212 18.6594 13.9189 7.33764 3.11553 1.68712 1.68074 3.09982 7.33702 
8.58113 3.75029 1.75147 1.15364 1.15364 1.75147 3.75651 8.59066 14.9106 8.21668 3.54028 1.94532 1.94532 3.54028 8.3408 15.1735 23.5267 25.6682 27.4047 28.0097 28.0097 27.4047 25.6682 23.5267 24.4384 24.3857 24.4381 23.9122 23.9122 24.4381 24.3857 24.4384 23.4852 26.0021 27.6805 28.0183 27.9438 27.6178 26.1781 23.5576 17.2366 14.528 10.4587 7.52624 7.6067 10.483 14.6074 17.2794 13.3252 7.02318 2.93821 1.58029 1.57699 2.92934 7.0231 
7.84972 3.11518 1.45611 1.06669 1.06699 1.45729 3.11848 7.83627 15.2141 7.23459 2.83388 1.45529 1.45759 2.83907 7.18494 15.5535 26.9365 29.7912 31.4695 32.0535 32.0535 31.4695 29.8695 27.192 30.9791 32.8224 33.0332 32.5549 32.6066 33.0701 32.8562 31.0285 27.0394 30.456 32.0948 32.6812 32.7599 32.1134 30.4567 27.0392 19.4463 15.9755 11.4441 8.37568 8.46855 11.5991 15.8093 19.3057 14.1943 7.3001 3.13581 1.70202 1.70552 3.14201 7.31557 
7.66517 2.95498 1.37302 1.04654 1.04692 1.37497 2.96033 7.6468 15.3426 7.16832 2.73564 1.39755 1.39399 2.72404 7.09044 15.7092 27.8541 30.9833 32.8068 33.4766 33.4766 32.8068 30.8909 28.0569 31.6341 33.2082 33.4877 33.3778 33.3791 33.4885 33.2155 31.6768 28.492 31.2907 32.992 33.6873 33.6307 32.9525 31.2902 28.4908 21.199 17.104 11.4363 7.95063 8.13428 11.6769 16.8391 20.9323 14.8208 7.19929 3.03914 1.65294 1.65837 3.05034 7.21929 
7.55991 2.8737 1.34114 1.04017 1.04049 1.34285 2.87822 7.54056 15.329 7.07754 2.67149 1.36915 1.36471 2.65579 6.99117 15.7058 28.2548 31.5933 33.4784 34.1509 34.1509 33.4784 31.5273 28.4973 31.9612 33.2991 33.6636 33.7826 33.7834 33.6648 33.306 32.0017 29.3148 31.99 33.6388 34.2967 34.2562 33.6043 31.9896 29.3137 21.9844 17.4654 11.4016 7.95223 8.11921 11.6218 17.2282 21.7412 15.2341 7.23709 3.01203 1.6226 1.62757 3.02233 7.25616 
7.5212 2.83371 1.32969 1.03738 1.0376 1.33093 2.83733 7.50874 15.3136 7.01344 2.64302 1.35768 1.35451 2.63149 6.93548 15.681 28.3933 31.7857 33.6961 34.3134 34.3134 33.6961 31.7411 28.6466 32.1155 33.2448 33.7099 34.0276 34.0275 33.7101 33.2483 32.1381 29.7579 32.4497 33.9769 34.527 34.5072 33.9574 32.4493 29.7584 22.3491 17.4308 11.3438 8.02829 8.12923 11.4199 17.327 22.2141 15.6571 7.29373 2.96832 1.56648 1.56957 2.97379 7.30658 
7.50874 2.83733 1.33093 1.0376 1.0376 1.33093 2.83733 7.50874 15.3136 7.01344 2.64302 1.35768 1.35768 2.64302 7.01344 15.3136 28.6466 31.7411 33.6961 34.3134 34.3137 33.6961 31.7411 28.6466 32.1381 33.2483 33.7101 34.0275 34.0276 33.7099 33.2448 32.1155 29.7584 32.4493 33.9335 34.5072 34.5072 33.9334 32.4497 29.7579 22.3491 17.4308 11.3438 8.02829 8.02829 11.3438 17.4308 22.3491 15.6571 7.29373 2.96832 1.56648 1.56648 2.96832 7.29373 
7.54056 2.87822 1.34285 1.04049 1.04049 1.34285 2.87822 7.54056 15.329 7.07754 2.67149 1.36915 1.36915 2.67149 7.07754 15.329 28.4973 31.5273 33.4784 34.1509 34.151 33.4778 31.5273 28.4973 32.0017 33.306 33.6648 33.7834 33.7826 33.6636 33.2991 31.9612 29.3137 31.9896 33.5613 34.2562 34.2561 33.5614 31.99 29.3148 21.9844 17.4654 11.4016 7.95223 7.95223 11.4016 17.4654 21.9844 15.2341 7.23709 3.01203 1.6226 1.6226 3.01203 7.23709 
7.6468 2.96033 1.37497 1.04692 1.04692 1.37497 2.96033 7.6468 15.3426 7.16832 2.73564 1.39755 1.39755 2.73564 7.16832 15.3426 28.0569 30.8909 32.8068 33.4766 33.4757 32.8041 30.8909 28.0569 31.6768 33.2155 33.4885 33.3791 33.3778 33.4877 33.2082 31.6341 28.4908 31.2902 32.9021 33.6307 33.6314 32.9022 31.2907 28.492 21.199 17.104 11.4363 7.95063 7.95063 11.4363 17.104 21.199 14.8208 7.19929 3.03914 1.65294 1.65294 3.03914 7.19929 
7.83627 3.11848 1.45729 1.06699 1.06699 1.45729 3.11848 7.83627 15.2141 7.23459 2.83388 1.45529 1.45529 2.83388 7.23459 15.2141 27.192 29.8695 31.4695 32.0535 32.0514 31.4617 29.8695 27.192 31.0285 32.8562 33.0701 32.6066 32.5549 33.0332 32.8224 30.9791 27.0392 30.4567 32.1382 32.7599 32.7596 32.138 30.456 27.0394 19.4463 15.9755 11.4441 8.37568 8.37568 11.4441 15.9755 19.4463 14.1943 7.3001 3.13581 1.70202 1.70202 3.13581 7.3001 
7.34403 2.76052 1.31549 1.03305 1.03305 1.31549 2.76052 7.34403 14.6921 6.87594 2.64344 1.39837 1.39837 2.64344 6.87594 14.6921 26.6421 30.3346 32.6236 33.4228 33.4085 32.5833 30.3346 26.6421 29.8376 32.5873 33.1681 32.8019 32.7682 33.147 32.5591 29.8307 25.0489 29.9952 32.1521 32.8578 32.8576 32.1519 29.9945 25.0492 14.9235 13.4423 12.5523 12.8639 12.8639 12.5523 13.4423 14.9235 11.3438 7.6719 4.37325 2.49761 2.47381 4.33917 7.66295 
7.38058 2.75829 1.31398 1.03253 1.03253 1.31398 2.75829 7.38058 14.8631 6.8888 2.62563 1.39336 1.39336 2.62563 6.8888 14.8631 27.2419 31.0809 33.3812 34.1114 34.0937 33.3474 31.0809 27.2419 30.2149 32.7934 33.4749 33.4998 33.4982 33.4719 32.7916 30.2508 25.6421 30.9291 33.226 33.9291 33.929 33.2263 30.9286 25.6425 14.3977 13.5408 13.6355 15.4335 15.4335 13.6355 13.5408 14.3977 10.7778 7.82946 4.9874 2.96833 2.93302 4.95219 7.82767 
7.38724 2.7417 1.3059 1.03107 1.03107 1.3059 2.7417 7.38724 14.9786 6.89956 2.61813 1.38752 1.38752 2.61813 6.89956 14.9786 27.5707 31.4142 33.6652 34.349 34.3337 33.6342 31.4142 27.5707 30.5007 32.8755 33.6343 33.8524 33.8507 33.6313 32.8748 30.5376 26.1616 31.3072 33.6552 34.4074 34.4073 33.6551 31.3071 26.1621 15.1431 13.9941 13.7939 15.1062 15.1062 13.7939 13.9941 15.1431 10.976 7.72307 4.70281 2.78473 2.7533 4.66813 7.7193 
7.3649 2.70565 1.28752 1.02756 1.02756 1.28752 2.70565 7.3649 15.0387 6.86418 2.58912 1.36033 1.36033 2.58912 6.86418 15.0387 27.7275 31.5424 33.7701 34.4078 34.3976 33.7519 31.5424 27.7275 30.73 32.8241 33.6513 34.0526 34.0517 33.6497 32.8236 30.7515 26.701 31.6007 33.8749 34.5247 34.5247 33.8748 31.5998 26.7019 16.3311 14.4928 13.7078 13.763 13.763 13.7078 14.4928 16.3311 11.3815 7.34706 4.10037 2.35853 2.34568 4.07795 7.33879 
7.35225 2.70386 1.28704 1.02747 1.02756 1.28752 2.70565 7.3649 15.0387 6.86418 2.58912 1.36033 1.3636 2.59915 6.87218 15.1099 27.669 31.5419 33.7519 34.3976 34.3976 33.7701 31.5424 27.7275 30.7515 32.8236 33.6497 34.0517 34.0517 33.6497 32.8241 30.73 26.7019 31.5998 33.8681 34.5201 34.5201 33.8681 31.5836 26.7814 16.1258 14.4522 13.7455 13.763 13.9468 13.7455 14.4522 16.1258 11.3815 7.34706 4.10037 2.35853 2.35853 4.10037 7.34706 
7.36375 2.73691 1.30472 1.03084 1.03107 1.3059 2.7417 7.38724 14.9786 6.89956 2.61813 1.38752 1.39292 2.63584 6.92595 15.0564 27.5086 31.3998 33.6342 34.3337 34.3337 33.6652 31.4142 27.5707 30.5376 32.8748 33.6313 33.8507 33.8507 33.6313 32.8755 30.5007 26.1621 31.3071 33.6422 34.4 34.4 33.6422 31.2803 26.2519 14.8744 13.9267 13.8196 15.1062 15.4687 13.8196 13.9267 14.8744 10.976 7.72307 4.70281 2.78473 2.78473 4.70281 7.72307 
7.35559 2.75308 1.31272 1.0323 1.03253 1.31398 2.75829 7.38058 14.8631 6.8888 2.62563 1.39336 1.39887 2.64403 6.91758 14.9406 27.1834 31.07 33.3474 34.0937 34.0937 33.3812 31.0809 27.2419 30.2508 32.7916 33.4719 33.4982 33.4982 33.4719 32.7934 30.2149 25.6425 30.9286 33.2041 33.9228 33.9228 33.2041 30.8888 25.7205 14.0997 13.4615 13.6619 15.4335 15.8195 13.6619 13.4615 14.0997 10.7778 7.82946 4.9874 2.96833 2.96833 4.9874 7.82946 
7.31855 2.75519 1.31426 1.03284 1.03305 1.31549 2.76052 7.34403 14.6921 6.87594 2.64344 1.39837 1.40302 2.65697 6.89476 14.7532 26.5657 30.3023 32.5833 33.4085 33.4085 32.6236 30.3346 26.6421 29.8307 32.5591 33.147 32.7682 32.7682 33.147 32.5873 29.8376 25.0492 29.9945 32.0799 32.8086 32.8086 32.0799 29.902 25.0602 14.5834 13.325 12.5569 12.8639 13.1799 12.5569 13.325 14.5834 11.3438 7.6719 4.37325 2.49761 2.49761 4.37325 7.6719 
7.02391 2.78095 1.34044 1.03954 1.03953 1.34106 2.78554 7.05107 13.9017 6.77765 2.7546 1.45449 1.45249 2.74975 6.77119 13.9589 25.1844 28.8836 31.4407 32.4521 32.4521 31.4407 28.8836 25.1844 25.1245 26.8762 27.3927 27.2415 27.2415 27.3927 26.7135 25.0215 21.5959 25.8724 28.1462 29.4966 29.4966 28.3229 25.8724 21.5959 15.7099 13.4199 10.5329 7.90396 7.83993 10.4911 13.4484 15.7038 11.3459 5.85705 2.71999 1.58251 1.59149 2.74107 5.88982 
6.85646 2.67137 1.29169 1.02827 1.02816 1.29167 2.67467 6.88788 13.8739 6.58676 2.6247 1.38679 1.38385 2.615 6.57657 13.9222 25.7 29.4926 32.3129 33.4053 33.4053 32.3129 29.4926 25.7 26.0721 27.1451 27.7098 27.935 27.935 27.7098 27.1547 26.0956 23.8624 27.702 30.3749 31.6113 31.6113 30.3957 27.702 23.8624 17.6202 14.6566 11.0906 8.10297 8.07639 11.0687 14.707 17.6336 12.3817 5.98633 2.63193 1.5079 1.51223 2.64105 6.00029 
6.69813 2.56324 1.25354 1.02205 1.02196 1.25353 2.5663 6.72805 13.7684 6.40354 2.51374 1.34023 1.33756 2.50474 6.39106 13.8167 26.0306 29.919 32.8126 33.893 33.893 32.8126 29.919 26.0306 26.6868 26.4922 27.1611 28.3254 28.3254 27.1611 26.4989 26.6972 25.6075 29.2837 31.77 32.8635 32.8635 31.7765 29.2837 25.6075 19.1216 15.6975 11.4383 8.28813 8.26447 11.4176 15.7415 19.128 13.3626 6.23494 2.66225 1.50632 1.51014 2.67022 6.24695 
6.60454 2.47765 1.22839 1.01966 1.01957 1.22813 2.47827 6.61998 13.7011 6.28408 2.42574 1.30128 1.29961 2.42106 6.27175 13.7554 26.1084 30.1291 33.0553 34.032 34.032 33.0553 30.1291 26.1084 26.8553 26.1781 26.875 28.3261 28.3261 26.875 26.1768 26.8628 26.6989 30.3229 32.6721 33.6013 33.6013 32.666 30.3229 26.6989 19.9818 16.3551 11.4938 8.26101 8.24856 11.4823 16.3795 19.9823 14.2512 6.58815 2.71314 1.47505 1.47745 2.71709 6.5947 
6.61998 2.47827 1.22813 1.01957 1.01957 1.22813 2.47765 6.60454 13.7554 6.27175 2.42106 1.29961 1.29961 2.42106 6.27175 13.7554 26.0097 30.1678 33.0906 34.0493 34.032 33.0553 30.1291 26.1084 26.8628 26.1768 26.8779 28.3278 28.3261 26.875 26.1781 26.8553 26.6989 30.3229 32.666 33.6013 33.6001 32.6721 30.3081 26.7309 19.9823 16.3795 11.4823 8.24856 8.26101 11.4938 16.3551 19.9818 14.2393 6.5947 2.71709 1.47745 1.47505 2.71314 6.58815 
6.72805 2.5663 1.25353 1.02196 1.02196 1.25353 2.56324 6.69813 13.8167 6.39106 2.50474 1.33756 1.33756 2.50474 6.39106 13.8167 25.9232 29.9623 32.8833 33.9241 33.893 32.8126 29.919 26.0306 26.6972 26.4989 27.1666 28.3268 28.3254 27.1611 26.4922 26.6868 25.6075 29.2837 31.7765 32.8635 32.8595 31.77 29.2503 25.6465 19.128 15.7415 11.4176 8.26447 8.28813 11.4383 15.6975 19.1216 13.3455 6.24695 2.67022 1.51014 1.50632 2.66225 6.23494 
6.88788 2.67467 1.29167 1.02816 1.02816 1.29167 2.67137 6.85646 13.9222 6.57657 2.615 1.38385 1.38385 2.615 6.57657 13.9222 25.6024 29.5404 32.3904 33.4439 33.4053 32.3129 29.4926 25.7 26.0956 27.1547 27.7135 27.9365 27.935 27.7098 27.1451 26.0721 23.8624 27.702 30.3957 31.6113 31.6009 30.3749 27.6863 23.8902 17.6336 14.707 11.0687 8.07639 8.10297 11.0906 14.6566 17.6202 12.3612 6.00029 2.64105 1.51223 1.5079 2.63193 5.98633 
7.05107 2.78554 1.34106 1.03953 1.03953 1.34106 2.78095 7.02391 13.9589 6.77119 2.74975 1.45249 1.45249 2.74975 6.77119 13.9589 25.0754 28.9125 31.4454 32.4264 32.4521 31.4407 28.8836 25.1844 25.0215 26.7135 27.2213 27.0925 27.2415 27.3927 26.8762 25.1245 21.5959 25.8724 28.3229 29.4966 29.3527 28.1462 25.6606 21.4366 15.7038 13.4484 10.4911 7.83993 7.90396 10.5329 13.4199 15.7099 11.3404 5.88982 2.74107 1.59149 1.58251 2.71999 5.85705 
7.4585 3.25641 1.55512 1.09399 1.09399 1.55512 3.25641 7.4585 12.8067 7.14084 3.25061 1.78978 1.78978 3.25061 7.14084 12.8067 20.5112 25.835 28.3266 29.2124 29.0709 28.2218 25.8154 20.4361 12.4429 11.8716 12.4976 12.9637 12.9637 12.4976 11.8716 12.4429 13.6689 19.117 23.257 25.0588 25.0588 23.257 19.117 13.6689 9.51547 7.94819 4.99171 3.29738 3.27739 4.97568 7.89044 9.46655 6.45558 3.13267 1.53341 1.10719 1.10714 1.53509 3.14816 
8.8664 3.92934 1.76369 1.14216 1.14216 1.76369 3.92934 8.8664 14.3224 8.6146 4.06276 2.24461 2.24461 4.06276 8.6146 14.3224 20.313 26.7704 30.3753 31.6542 31.7086 30.5006 26.8419 20.2197 9.23078 9.27573 9.45334 9.27265 9.27265 9.45334 9.27573 9.23078 10.1787 17.512 23.2383 25.4042 25.4042 23.2383 17.512 10.1787 4.95161 3.7127 2.25828 1.52195 1.52938 2.26221 3.70791 4.95544 3.71805 2.01649 1.20159 1.02745 1.02731 1.20109 2.01638 
9.90232 4.45323 1.92867 1.17893 1.17893 1.92867 4.45323 9.90232 15.3513 9.65168 4.51999 2.43559 2.43559 4.51999 9.65168 15.3513 20.2404 27.3053 31.5511 33.015 33.0651 31.685 27.3855 20.1141 7.53386 8.05355 8.1106 7.45118 7.45118 8.1106 8.05355 7.53386 8.07932 16.3353 23.2779 25.9135 25.9135 23.2779 16.3353 8.07932 2.81395 1.81885 1.256 1.0673 1.06804 1.25602 1.81657 2.81381 1.98167 1.30861 1.0464 1.00432 1.00432 1.04639 1.30864 
10.2426 4.61523 1.97256 1.1862 1.1862 1.97256 4.61523 10.2426 15.6296 9.91368 4.58875 2.43779 2.43779 4.58875 9.91368 15.6296 20.028 27.5973 32.0525 33.4156 33.4494 32.1273 27.6537 19.9075 6.58822 8.82288 8.95225 6.48414 6.48414 8.95225 8.82288 6.58822 6.90346 15.3613 23.2059 26.2111 26.2111 23.2059 15.3613 6.90346 2.1237 1.29225 1.04919 1.00724 1.00729 1.04908 1.29136 2.12377 1.38322 1.08083 1.00852 1.00025 1.00025 1.00853 1.08082 
10.2638 4.61624 1.97251 1.1862 1.1862 1.97256 4.61523 10.2426 15.6039 9.94202 4.58969 2.43801 2.43779 4.58875 9.91368 15.6296 19.9075 27.6537 32.1273 33.4494 33.4494 32.1273 27.6537 19.9075 6.58643 8.82295 8.95234 6.48331 6.48414 8.95225 8.82288 6.58822 6.89196 15.3324 23.2559 26.2388 26.2457 23.2799 15.3324 6.89196 2.12377 1.29136 1.04908 1.00729 1.0073 1.04919 1.29225 2.1237 1.38228 1.08082 1.00853 1.00025 1.00025 1.00852 1.08083 
9.93716 4.45669 1.92864 1.17893 1.17893 1.92867 4.45323 9.90232 15.3284 9.69939 4.52207 2.43607 2.43559 4.51999 9.65168 15.3513 20.1141 27.3855 31.685 33.0651 33.0651 31.685 27.3855 20.1141 7.5342 8.05087 8.1098 7.45074 7.45118 8.1106 8.05355 7.53386 8.06226 16.3019 23.342 25.956 25.9659 23.3689 16.3019 8.06226 2.81381 1.81657 1.25602 1.06804 1.06764 1.256 1.81885 2.81395 1.97944 1.30864 1.04639 1.00432 1.00432 1.0464 1.30861 
8.90217 3.93481 1.76367 1.14216 1.14216 1.76369 3.92934 8.8664 14.2901 8.67772 4.0683 2.24585 2.24461 4.06276 8.6146 14.3224 20.2197 26.8419 30.5006 31.7086 31.7086 30.5006 26.8419 20.2197 9.22618 9.27332 9.45395 9.27136 9.27265 9.45334 9.27573 9.23078 10.1652 17.4823 23.293 25.444 25.4543 23.3155 17.4823 10.1652 4.95544 3.70791 2.26221 1.52938 1.52471 2.25828 3.7127 4.95161 3.71392 2.01638 1.20109 1.02731 1.02745 1.20159 2.01649 
7.45975 3.25488 1.55509 1.09399 1.09399 1.55512 3.25641 7.4585 12.7703 7.16169 3.24544 1.78875 1.78978 3.25061 7.14084 12.8067 20.4361 25.8154 28.2218 29.0709 29.0709 28.2218 25.8154 20.4361 12.3153 11.7073 12.3268 12.8189 12.9637 12.4976 11.8716 12.4429 13.4696 18.8608 23.0853 24.9064 24.8596 23.0323 18.8608 13.4696 9.46655 7.89044 4.97568 3.27739 3.28984 4.99171 7.94819 9.51547 6.5015 3.14816 1.53509 1.10714 1.10719 1.53341 3.13267 
2.95321 1.55052 1.10593 1.01391 1.01385 1.10511 1.54607 2.93619 5.4418 2.96097 1.56178 1.12048 1.12064 1.5623 2.98886 5.53485 11.4539 14.8842 16.0746 16.6573 16.6573 16.0746 14.8842 11.4539 4.8424 3.99784 3.95249 4.31519 4.31519 3.95249 3.99784 4.8424 6.83761 10.6307 13.1743 14.7895 14.6833 13.1056 10.5694 6.77049 3.45407 2.96123 2.02363 1.51111 1.49565 1.97296 2.89697 3.32937 1.94957 1.16625 1.01142 0.999265 0.999307 1.0117 1.16906 
1.70888 1.19722 1.03579 1.00378 1.00382 1.03599 1.19789 1.70952 2.67041 1.62437 1.13604 1.0205 1.02024 1.13491 1.62802 2.68487 5.52466 7.41581 8.19388 8.16956 8.16956 8.19388 7.41581 5.52466 2.22456 1.77498 1.72052 1.91659 1.91659 1.72052 1.77498 2.22456 3.24715 5.48061 7.00547 7.63579 7.64907 7.01232 5.46355 3.22381 1.61376 1.40829 1.17481 1.06238 1.06209 1.17304 1.41066 1.60842 1.23401 1.02754 1.00041 0.999535 0.999536 1.00041 1.02757 
1.16564 1.04207 1.006 1.00032 1.00033 1.00603 1.04221 1.16596 1.3985 1.11218 1.01687 1.00112 1.0011 1.01679 1.11311 1.40389 2.67298 3.54951 3.86473 3.63337 3.63337 3.86473 3.54951 2.67298 1.24417 1.11777 1.10381 1.15507 1.15507 1.10381 1.11777 1.24417 1.58216 2.61896 3.41458 3.50248 3.49231 3.39329 2.59548 1.57002 1.08924 1.04726 1.01553 1.0037 1.00367 1.01528 1.04709 1.0873 1.03563 1.0037 1.00004 0.999931 0.999931 1.00004 1.00369 
1.03262 1.00662 1.00058 0.999851 0.999851 1.00058 1.00663 1.03267 1.07394 1.01378 1.00078 0.99972 0.999719 1.00077 1.01388 1.07533 1.60205 2.00743 2.13148 1.98125 1.98125 2.13148 2.00743 1.60205 1.04184 1.01511 1.01272 1.02393 1.02393 1.01272 1.01511 1.04184 1.12812 1.54119 1.9328 1.98491 1.97802 1.92178 1.53223 1.12527 1.00898 1.00294 1.0004 0.999911 0.99991 1.00039 1.00292 1.00867 1.00433 1.00037 0.999944 0.999992 0.999992 0.999944 1.00037 
1.03267 1.00663 1.00058 0.999851 0.999851 1.00058 1.00663 1.03267 1.07394 1.01378 1.00078 0.99972 0.99972 1.00078 1.01378 1.07394 1.60887 2.01937 2.14511 1.99 1.98125 2.13148 2.00743 1.60205 1.04174 1.0151 1.01271 1.02393 1.02393 1.01272 1.01511 1.04184 1.12527 1.53223 1.92178 1.97802 1.98491 1.9328 1.54119 1.12812 1.00867 1.00292 1.00039 0.999907 0.999907 1.00039 1.00292 1.00867 1.00432 1.00037 0.999944 0.999992 0.999992 0.999944 1.00037 
1.16596 1.04221 1.00603 1.00033 1.00033 1.00603 1.04221 1.16596 1.3985 1.11218 1.01687 1.00112 1.00112 1.01687 1.11218 1.3985 2.68921 3.57597 3.89579 3.65252 3.63337 3.86473 3.54951 2.67298 1.24341 1.11768 1.10378 1.15509 1.15507 1.10381 1.11777 1.24417 1.57002 2.59548 3.39329 3.49231 3.50248 3.41458 2.61896 1.58216 1.0873 1.04709 1.01528 1.00364 1.00364 1.01528 1.04709 1.0873 1.03558 1.00369 1.00004 0.999931 0.999931 1.00004 1.0037 
1.70952 1.19789 1.03599 1.00382 1.00382 1.03599 1.19789 1.70952 2.67041 1.62437 1.13604 1.0205 1.0205 1.13604 1.62437 2.67041 5.54802 7.44792 8.22931 8.19425 8.16956 8.19388 7.41581 5.52466 2.22166 1.77274 1.71835 1.91518 1.91659 1.72052 1.77498 2.22456 3.22381 5.46355 7.01232 7.64907 7.63579 7.00547 5.48061 3.24715 1.60842 1.41066 1.17304 1.06178 1.06178 1.17305 1.41066 1.60842 1.23412 1.02757 1.00041 0.999536 0.999535 1.00041 1.02754 
2.93619 1.54607 1.10511 1.01385 1.01385 1.10511 1.54607 2.93619 5.4418 2.96097 1.56178 1.12048 1.12048 1.56178 2.96097 5.4418 11.446 14.866 16.0517 16.6397 16.6573 16.0746 14.8842 11.4539 4.81311 3.97794 3.92965 4.2877 4.31519 3.95249 3.99784 4.8424 6.77049 10.5694 13.1056 14.6833 14.7895 13.1743 10.6307 6.83761 3.32937 2.89697 1.97296 1.49081 1.49081 1.97296 2.89697 3.32937 1.9613 1.16906 1.0117 0.999307 0.999265 1.01142 1.16625 
1.57993 1.11916 1.01695 1.00199 1.00199 1.01695 1.11916 1.57993 2.67922 1.72046 1.17947 1.03588 1.03588 1.17947 1.72046 2.67922 4.60624 6.14967 6.7472 7.39259 7.39259 6.7472 6.14967 4.60624 2.15656 2.14876 2.13542 1.95611 1.95611 2.13542 2.14876 2.15656 2.94156 4.80249 6.46111 7.35994 7.35994 6.46111 4.80249 2.94156 1.56521 1.48186 1.19285 1.06356 1.06356 1.19285 1.48186 1.56521 1.17288 1.02831 1.00283 1.0001 1.0001 1.00283 1.02831 
1.12077 1.02601 1.00373 1.00023 1.00023 1.00373 1.02601 1.12077 1.40326 1.14865 1.03042 1.00456 1.00456 1.03042 1.14865 1.40326 2.66907 3.60236 3.98416 3.98998 3.98998 3.98416 3.60236 2.66907 1.28258 1.34565 1.33977 1.24254 1.24254 1.33977 1.34565 1.28258 1.38872 1.89854 2.4336 2.78566 2.78566 2.4336 1.89854 1.38872 1.07414 1.06708 1.02194 1.00464 1.00464 1.02194 1.06708 1.07414 1.02273 1.00341 1.00018 0.999967 0.999967 1.00018 1.00341 
1.01642 1.0036 1.00031 0.99993 0.99993 1.00031 1.0036 1.01642 1.06663 1.01914 1.0028 1.00009 1.00009 1.0028 1.01914 1.06663 1.60818 2.06775 2.26785 2.04462 2.04462 2.26785 2.06775 1.60818 1.04747 1.07055 1.06936 1.04126 1.04126 1.06936 1.07055 1.04747 1.04808 1.13883 1.24814 1.32672 1.32672 1.24814 1.13883 1.04808 1.00567 1.00599 1.00138 1.0001 1.0001 1.00138 1.00599 1.00567 1.00178 1.00024 0.99996 0.999996 0.999996 0.99996 1.00024 
1.00148 1.00026 0.999936 0.999977 0.999977 0.999936 1.00026 1.00148 1.00708 1.00126 0.999961 0.999893 0.999893 0.999961 1.00126 1.00708 1.16637 1.33349 1.40563 1.3132 1.3132 1.40563 1.33349 1.16637 1.00478 1.00864 1.00863 1.0042 1.0042 1.00863 1.00864 1.00478 1.00358 1.01121 1.02521 1.03421 1.03421 1.02521 1.01121 1.00358 1.00015 1.00008 0.999939 0.99992 0.99992 0.999939 1.00008 1.00015 1.00015 0.999952 0.999992 1 1 0.999992 0.999952 
0 0 0 0 0.999977 0.999936 1.00026 1.00148 1.00708 1.00126 0.999961 0.999893 0.999893 0.999957 1.00124 1.00725 1.16637 1.33349 1.40563 1.3132 1.30977 1.39959 1.32856 1.16434 1.00489 1.00851 1.0085 1.00414 1.0042 1.00863 1.00864 1.00478 1.00358 1.01121 1.02521 1.03421 1.03421 1.02521 1.01121 1.00358 1.00015 1.00008 0.999939 0.99992 0.99992 0.999939 1.00008 1.00015 1.00015 0.999952 0.999992 1 0 0 0 
0 0 0 0 0.99993 1.00031 1.0036 1.01642 1.06663 1.01914 1.0028 1.00009 1.00009 1.00278 1.019 1.06739 1.60818 2.06775 2.26785 2.04462 2.03451 2.25035 2.05334 1.60134 1.04792 1.06967 1.06848 1.04082 1.04126 1.06936 1.07055 1.04747 1.04808 1.13882 1.24812 1.32669 1.32672 1.24814 1.13883 1.04808 1.00567 1.00599 1.00138 1.0001 1.0001 1.00138 1.00599 1.00567 1.00178 1.00024 0.99996 0.999996 0 0 0 
0 0 0 0 1.00023 1.00373 1.02601 1.12077 1.40326 1.14865 1.03042 1.00456 1.00454 1.03027 1.14785 1.40422 2.66907 3.60236 3.98416 3.98998 3.97399 3.97029 3.58955 2.66013 1.28341 1.34239 1.33646 1.24071 1.24254 1.33977 1.34565 1.28258 1.38875 1.89858 2.43369 2.78576 2.78566 2.4336 1.89854 1.38872 1.07414 1.06707 1.02194 1.00464 1.00464 1.02194 1.06708 1.07414 1.02273 1.00341 1.00018 0.999967 0 0 0 
