0 0 0 0 1.00008 1.00123 1.01046 1.06606 1.33818 1.09022 1.01548 1.00219 1.0022 1.01559 1.09087 1.34153 2.58989 2.06689 1.83874 1.78763 1.78703 1.83779 2.0645 2.59876 4.08694 3.02523 2.28635 2.28362 2.27966 2.285 3.01951 4.08628 3.87896 4.30449 4.79555 5.30539 5.27805 4.74882 4.25425 3.84024 3.4474 2.76727 1.88927 1.34772 1.34734 1.88695 2.76269 3.4455 2.31712 1.35421 1.05991 1.00825 0 0 0 
0 0 0 0 0.999962 1.00004 1.00115 1.00746 1.03644 1.00837 1.00105 0.999914 0.999915 1.00105 1.0084 1.0367 1.31619 1.17035 1.11335 1.10178 1.10158 1.11305 1.16994 1.31954 2.06137 1.5389 1.27849 1.26862 1.26656 1.2762 1.5337 2.05347 2.23345 2.60706 2.87406 2.89568 2.90526 2.88211 2.61358 2.23715 1.57678 1.38612 1.16246 1.04211 1.04201 1.16196 1.38553 1.57555 1.33773 1.10097 1.01545 1.00165 0 0 0 
0 0 0 0 0.999996 0.999977 1.00003 1.0007 1.00192 1.00011 0.999874 0.999924 0.999923 0.999875 1.00011 1.00192 1.04115 1.01603 1.00847 1.00704 1.00702 1.00843 1.01598 1.04196 1.29646 1.12313 1.04803 1.04352 1.04308 1.04749 1.12162 1.29338 1.38028 1.58499 1.72262 1.61053 1.61583 1.73133 1.59149 1.38353 1.08876 1.05308 1.01859 1.00319 1.00317 1.01851 1.05302 1.08824 1.05417 1.01446 1.00174 1.00003 0 0 0 
0 0 0 0 1 0.999996 0.999963 1.00006 0.999875 0.999743 0.99996 0.999994 0.999994 0.99996 0.999743 0.99987 1.00392 1.00062 1.00003 0.999988 0.999986 1.00003 1.00061 1.00405 1.06085 1.02023 1.00621 1.00496 1.0049 1.00613 1.01996 1.06014 1.09175 1.1588 1.20699 1.16231 1.16397 1.20973 1.16079 1.09267 1.00944 1.00431 1.00082 0.999928 0.999926 1.00082 1.00432 1.00932 1.00659 1.00146 1.00002 0.999927 0 0 0 
1.00006 0.999963 0.999996 1 1 0.999996 0.999963 1.00006 0.999875 0.999743 0.99996 0.999994 0.999994 0.99996 0.999743 0.999875 1.00405 1.00061 1.00003 0.999986 0.999986 1.00003 1.00061 1.00405 1.06085 1.02023 1.00621 1.00496 1.00496 1.00621 1.02023 1.06085 1.09267 1.16079 1.20973 1.16397 1.16397 1.20973 1.16079 1.09267 1.00932 1.00432 1.00082 0.999926 0.999928 1.00082 1.00431 1.00944 1.00659 1.00146 1.00002 0.999927 0.999927 1.00002 1.00146 
1.0007 1.00003 0.999977 0.999996 0.999996 0.999977 1.00003 1.0007 1.00192 1.00011 0.999875 0.999923 0.999924 0.999874 1.00011 1.00192 1.04196 1.01598 1.00843 1.00702 1.00702 1.00843 1.01598 1.04196 1.29646 1.12313 1.04803 1.04352 1.04352 1.04803 1.12313 1.29646 1.38353 1.59149 1.73133 1.61583 1.61583 1.73133 1.59149 1.38353 1.08824 1.05302 1.01851 1.00317 1.00319 1.01859 1.05308 1.08876 1.05417 1.01446 1.00174 1.00003 1.00003 1.00174 1.01446 
1.00746 1.00115 1.00004 0.999962 0.999962 1.00004 1.00115 1.00746 1.03644 1.00837 1.00105 0.999915 0.999914 1.00105 1.00837 1.03644 1.31954 1.16994 1.11305 1.10158 1.10158 1.11305 1.16994 1.31954 2.06137 1.5389 1.27849 1.26862 1.26862 1.27849 1.5389 2.06137 2.23715 2.61358 2.88211 2.90526 2.90526 2.88211 2.61358 2.23715 1.57555 1.38553 1.16196 1.04201 1.04211 1.16246 1.38612 1.57678 1.33773 1.10097 1.01545 1.00165 1.00165 1.01545 1.10097 
1.06606 1.01046 1.00123 1.00008 1.00008 1.00123 1.01046 1.06606 1.33818 1.09022 1.01559 1.0022 1.00219 1.01548 1.09022 1.33818 2.59876 2.0645 1.83779 1.78703 1.78703 1.83779 2.0645 2.59876 4.08694 3.02523 2.28635 2.28362 2.28362 2.28635 3.02523 4.08694 3.84024 4.25425 4.74882 5.27805 5.27805 4.74882 4.25425 3.84024 3.4455 2.76269 1.88695 1.34734 1.34772 1.88927 2.76727 3.4474 2.31712 1.35421 1.05991 1.00825 1.00825 1.05991 1.35421 
1.47791 1.07983 1.00779 1.00035 1.00035 1.00777 1.07983 1.47791 2.47006 1.49245 1.09213 1.01435 1.01393 1.08974 1.49245 2.47006 5.46035 4.37268 4.00584 3.94883 3.94883 4.00584 4.37268 5.46035 8.17965 6.70219 5.28754 5.01107 5.01341 5.27854 6.72003 8.23781 9.22772 10.0941 10.8752 11.3251 11.3251 10.8752 10.0941 9.22772 7.17522 5.45372 3.74517 2.596 2.64581 3.80036 5.49587 7.23555 4.84752 2.3353 1.31768 1.05458 1.0546 1.31746 2.33215 
1.1214 1.01762 1.00142 0.999797 0.999792 1.00141 1.01762 1.1214 1.38089 1.10229 1.01462 1.0012 1.00119 1.01447 1.10229 1.38089 2.5396 1.96785 1.81627 1.78287 1.78287 1.81627 1.96785 2.5396 4.26934 3.65202 2.75681 2.45021 2.47334 2.7892 3.69933 4.31974 5.0351 5.79121 5.75319 5.63452 5.63452 5.75319 5.79121 5.0351 3.53765 2.83222 1.92629 1.40297 1.40687 1.93031 2.82686 3.53824 2.87496 1.70831 1.13938 1.01744 1.01754 1.13997 1.71084 
1.0189 1.00237 1.00004 0.99993 0.99993 1.00003 1.00237 1.0189 1.05277 1.01135 1.00084 0.999795 0.99979 1.00082 1.01135 1.05277 1.32393 1.14879 1.11342 1.10586 1.10586 1.11342 1.14879 1.32393 2.07734 1.77683 1.40252 1.30755 1.31839 1.41799 1.80279 2.10231 2.57392 3.05826 2.80175 2.58064 2.58064 2.80175 3.05826 2.57392 1.68872 1.47214 1.18147 1.05247 1.05295 1.18221 1.47138 1.69027 1.66052 1.24226 1.03458 1.00292 1.00293 1.03468 1.24284 
1.00241 1.00016 0.999908 0.999983 0.999983 0.999908 1.00016 1.00241 1.00485 1.00035 0.999831 0.99996 0.99996 0.999827 1.00035 1.00485 1.05177 1.01418 1.00975 1.00883 1.00883 1.00975 1.01418 1.05177 1.34238 1.20182 1.07506 1.05563 1.05794 1.07889 1.21049 1.35203 1.57974 1.81359 1.65763 1.50643 1.50643 1.65763 1.81359 1.57974 1.15053 1.09949 1.02739 1.00425 1.00427 1.02733 1.09902 1.15107 1.19649 1.05877 1.00604 1.00007 1.00007 1.00605 1.05886 
1.00241 1.00016 0.999908 0.999983 0.999983 0.999908 1.00016 1.00241 1.00485 1.00035 0.999831 0.99996 0.99996 0.999831 1.00033 1.00483 1.05105 1.01414 1.00966 1.00877 1.00883 1.00975 1.01418 1.05177 1.35203 1.21049 1.07889 1.05794 1.05794 1.07889 1.21049 1.35203 1.57348 1.80321 1.64947 1.50326 1.50643 1.65763 1.81359 1.57974 1.15107 1.09902 1.02733 1.00427 1.00427 1.02733 1.09902 1.15107 1.19659 1.05886 1.00605 1.00007 1.00007 1.00604 1.05877 
1.01888 1.00237 1.00003 0.99993 0.99993 1.00003 1.00237 1.0189 1.05277 1.01135 1.00084 0.999795 0.999795 1.00084 1.01124 1.05262 1.32026 1.14843 1.11296 1.10552 1.10586 1.11342 1.14879 1.32393 2.10231 1.80279 1.41799 1.31839 1.31839 1.41799 1.80279 2.10231 2.55926 3.03443 2.78278 2.57267 2.58064 2.80175 3.05826 2.57392 1.69027 1.47138 1.18221 1.05295 1.05295 1.18221 1.47138 1.69027 1.66126 1.24284 1.03468 1.00293 1.00292 1.03458 1.24226 
1.12124 1.01755 1.00141 0.999792 0.999792 1.00141 1.01762 1.1214 1.38089 1.10229 1.01462 1.0012 1.0012 1.01462 1.10174 1.38109 2.52401 1.96546 1.81551 1.78243 1.78287 1.81627 1.96785 2.5396 4.31974 3.69933 2.7892 2.47334 2.47334 2.7892 3.69933 4.31974 5.01324 5.76005 5.72337 5.61653 5.63452 5.75319 5.79121 5.0351 3.53824 2.82686 1.93031 1.40687 1.40687 1.93031 2.82686 3.53824 2.87975 1.71084 1.13997 1.01754 1.01744 1.13938 1.70831 
1.48177 1.08031 1.00777 1.00035 1.00035 1.00777 1.07983 1.47791 2.47006 1.49245 1.09213 1.01435 1.01435 1.09213 1.4923 2.47764 5.43063 4.37254 4.00587 3.94886 3.94883 4.00584 4.37268 5.46035 8.23781 6.72003 5.27854 5.01341 5.01341 5.27854 6.72003 8.23781 9.27108 10.1454 10.9239 11.3691 11.3251 10.8752 10.0941 9.22772 7.23555 5.49587 3.80036 2.64581 2.64581 3.80036 5.49587 7.23555 4.84174 2.33215 1.31746 1.0546 1.05458 1.31768 2.3353 
3.94294 1.97714 1.22562 1.03303 1.03303 1.22562 1.97714 3.94294 6.78291 3.52879 1.71742 1.18091 1.18091 1.71742 3.53857 6.7862 12.6734 11.4874 11.229 11.3199 11.3199 11.229 11.4874 12.3396 15.3153 13.1168 11.5978 11.2511 11.3704 11.736 13.2386 15.4109 15.8986 16.852 18.2559 19.2696 19.0359 18.109 16.7319 15.7108 12.6967 10.5001 8.95195 8.06043 8.06043 8.95195 10.5001 12.6967 9.82563 4.79259 2.06493 1.25792 1.25792 2.06493 4.79259 
2.32913 1.38262 1.06761 1.0072 1.0072 1.06761 1.38262 2.32913 3.91443 2.04347 1.22258 1.0374 1.0374 1.22258 2.04062 3.88718 8.83131 6.07058 5.33385 5.22278 5.22278 5.33385 6.07058 8.79644 15.3829 12.1667 9.69675 8.63607 8.63019 9.68313 12.1243 15.3465 17.4182 18.6807 19.9273 21.0908 21.002 19.8919 18.6552 17.3987 13.9451 11.9693 10.7059 10.622 10.622 10.7059 11.9693 13.9451 10.2528 4.71795 2.01617 1.235 1.235 2.01617 4.71795 
1.41854 1.09231 1.01227 1.00073 1.00073 1.01227 1.09231 1.41854 2.3348 1.33479 1.04781 1.00433 1.00433 1.04781 1.33273 2.31248 6.64352 3.24546 2.36296 2.23827 2.23827 2.36296 3.24546 6.61898 14.7064 11.6175 8.61636 7.18101 7.17238 8.59937 11.5754 14.6889 16.2739 17.5109 18.6008 19.4591 19.3667 18.562 17.4809 16.2455 13.2844 11.1572 9.65335 8.75759 8.75759 9.65335 11.1572 13.2844 10.0866 4.82373 2.02631 1.21384 1.21384 2.02631 4.82373 
1.08475 1.00799 1.00082 1.00001 1.00001 1.00082 1.00799 1.08475 1.65599 1.09221 1.00624 0.999884 0.999884 1.00624 1.09089 1.63978 5.36774 2.18159 1.41374 1.33701 1.33701 1.41374 2.18159 5.37044 14.4342 12.6268 9.43607 6.43903 6.43324 9.42067 12.6088 14.4309 14.9678 16.1623 17.1689 17.9279 17.9061 17.1646 16.1712 14.9695 12.405 10.1246 7.92706 6.37507 6.37507 7.92706 10.1246 12.405 10.2709 5.4283 2.16937 1.22052 1.22052 2.16937 5.4283 
1.08559 1.00807 1.00083 1.00001 1.00001 1.00082 1.00799 1.08475 1.65092 1.09078 1.00624 0.999884 0.999913 1.00653 1.09221 1.65599 5.37044 2.18159 1.41374 1.33701 1.33457 1.41393 2.20393 5.36774 14.4309 12.6088 9.42067 6.43324 6.43324 9.42067 12.6268 14.4342 14.9669 16.1999 17.1937 17.9257 17.9279 17.1689 16.1623 14.9678 12.4079 10.1584 7.92865 6.35845 6.37507 7.92706 10.1246 12.405 10.2709 5.4283 2.16937 1.22052 1.22106 2.17148 5.43602 
1.42096 1.09263 1.0123 1.00074 1.00073 1.01227 1.09231 1.41854 2.32465 1.33057 1.04781 1.00433 1.00444 1.04875 1.33479 2.3348 6.61898 3.24546 2.36296 2.23827 2.23127 2.35891 3.28488 6.64352 14.6889 11.5754 8.59937 7.17238 7.17238 8.59937 11.6175 14.7064 16.2234 17.4854 18.5771 19.4017 19.4591 18.6008 17.5109 16.2739 13.2578 11.167 9.65174 8.69293 8.75759 9.65335 11.1572 13.2844 10.0866 4.82373 2.02631 1.21384 1.21497 2.03038 4.83686 
2.33332 1.38346 1.06772 1.00721 1.0072 1.06761 1.38262 2.32913 3.90268 2.03515 1.22258 1.0374 1.03801 1.22549 2.04347 3.91443 8.79644 6.07058 5.33385 5.22278 5.19808 5.30997 6.10099 8.83131 15.3465 12.1243 9.68313 8.63019 8.63019 9.68313 12.1667 15.3829 17.3834 18.6643 19.9218 21.0551 21.0908 19.9273 18.6807 17.4182 13.9159 11.972 10.7051 10.5469 10.622 10.7059 11.9693 13.9451 10.2528 4.71795 2.01617 1.235 1.23645 2.02121 4.73406 
3.97654 1.98868 1.22833 1.03349 1.03303 1.22562 1.97714 3.94294 6.85163 3.54499 1.71742 1.18091 1.18052 1.71539 3.52879 6.78291 12.3396 11.4874 11.229 11.3199 11.7303 11.6358 11.8455 12.6734 15.4109 13.2386 11.736 11.3704 11.3704 11.736 13.1168 15.3153 15.7156 16.7637 18.169 19.1212 19.2696 18.2559 16.852 15.8986 12.7127 10.5369 8.95142 8.0237 8.06043 8.95195 10.5001 12.6967 9.82563 4.79259 2.06493 1.25792 1.26051 2.07428 4.82507 
8.72011 3.87426 1.82141 1.18266 1.18143 1.81766 3.86648 8.71395 14.8347 8.23503 3.59452 2.01275 2.02304 3.62278 8.31692 14.9782 23.1403 25.2741 26.9409 27.549 27.639 27.0149 25.2528 23.247 24.3419 24.3633 24.5219 24.0859 24.0859 24.5219 24.3633 24.3419 23.1458 25.5645 27.3934 27.8589 27.5903 27.3406 25.5243 23.1528 16.9346 14.2843 10.4798 7.76081 7.74443 10.4489 14.235 16.9291 13.2467 7.13543 3.03683 1.6552 1.6552 3.03683 7.13543 
10.7274 4.7191 2.10883 1.27238 1.27018 2.10143 4.69811 10.6789 17.4643 10.2927 4.68066 2.63463 2.65002 4.71704 10.353 17.5022 26.1954 28.7804 30.3717 31.0694 31.0541 30.3453 28.7525 26.3292 25.3968 24.9253 25.1028 25.1753 25.1753 25.1028 24.9253 25.3968 26.6835 30.0728 31.5951 32.0121 31.9819 31.5328 30.0579 26.7015 18.3875 15.4791 11.1885 8.06639 8.07659 11.2076 15.4509 18.4527 13.8106 7.44325 3.21068 1.76799 1.76799 3.21068 7.44325 
12.1302 5.37733 2.33457 1.34032 1.33779 2.32658 5.35569 12.0849 19.2604 11.4213 5.14641 2.85862 2.87633 5.18772 11.4955 19.3034 28.0966 30.9952 32.5472 33.1941 33.1844 32.5303 30.9922 28.2371 25.4802 24.1093 24.4811 25.6327 25.6327 24.4811 24.1093 25.4802 28.1676 31.9191 33.4551 33.8918 33.876 33.4529 31.9124 28.1834 19.345 16.216 11.6448 8.33885 8.3561 11.6653 16.1848 19.4176 14.3854 7.6774 3.29064 1.79377 1.79377 3.29064 7.6774 
12.4891 5.51629 2.34384 1.32249 1.3209 2.33904 5.5024 12.4608 19.8969 11.6628 5.21482 2.83555 2.84654 5.23954 11.7069 19.9355 28.9848 31.9469 33.3609 33.8978 33.8941 33.3556 31.9632 29.0841 25.4479 23.8011 24.2996 25.7717 25.7717 24.2996 23.8011 25.4479 28.6723 32.4063 33.9439 34.3708 34.3607 33.9437 32.4 28.6935 19.989 16.6623 11.7331 8.33764 8.34657 11.7485 16.6471 20.0585 14.969 7.72438 3.22363 1.70906 1.70906 3.22363 7.72438 
12.4608 5.5024 2.33904 1.3209 1.32249 2.34384 5.51629 12.4891 19.9355 11.7069 5.23954 2.84654 2.84654 5.23954 11.7069 19.9355 28.9848 31.9469 33.3609 33.8978 33.8978 33.3609 31.9469 28.9848 25.4466 23.8014 24.2999 25.7714 25.7717 24.2996 23.8011 25.4479 28.7287 32.4185 33.9488 34.3629 34.3629 33.9488 32.4185 28.7287 20.0454 16.6868 11.7331 8.33082 8.33082 11.7331 16.6868 20.0454 14.969 7.72438 3.22363 1.70906 1.70908 3.22363 7.72446 
12.0849 5.35569 2.32658 1.33779 1.34032 2.33457 5.37733 12.1302 19.3034 11.4955 5.18772 2.87633 2.87633 5.18772 11.4955 19.3034 28.0966 30.9952 32.5472 33.1941 33.1941 32.5472 30.9952 28.0966 25.4799 24.1096 24.4813 25.6329 25.6327 24.4811 24.1093 25.4802 28.2311 31.9362 33.4606 33.8787 33.8787 33.4606 31.9362 28.2311 19.4127 16.2605 11.6448 8.32577 8.32577 11.6448 16.2605 19.4127 14.3854 7.6774 3.29064 1.79377 1.7938 3.2907 7.67742 
10.6789 4.69811 2.10143 1.27018 1.27238 2.10883 4.7191 10.7274 17.5022 10.353 4.71704 2.65002 2.65002 4.71704 10.353 17.5022 26.1954 28.7804 30.3717 31.0694 31.0694 30.3717 28.7804 26.1954 25.3963 24.9259 25.1032 25.1749 25.1753 25.1028 24.9253 25.3968 26.7297 30.0588 31.5402 31.9806 31.9806 31.5402 30.0588 26.7297 18.4459 15.5186 11.1885 8.05832 8.05832 11.1885 15.5186 18.4459 13.8106 7.44325 3.21068 1.76799 1.76801 3.21071 7.44312 
8.71395 3.86648 1.81766 1.18143 1.18266 1.82141 3.87426 8.72011 14.9782 8.31692 3.62278 2.02304 2.02304 3.62278 8.31692 14.9782 23.1403 25.2741 26.9409 27.549 27.549 26.9409 25.2741 23.1403 24.3444 24.3658 24.5246 24.0894 24.0859 24.5219 24.3633 24.3419 23.213 25.6419 27.4424 27.6802 27.6802 27.4424 25.6419 23.213 16.9918 14.3135 10.4798 7.77589 7.77589 10.4798 14.3135 16.9918 13.2467 7.13543 3.03683 1.6552 1.65524 3.03684 7.1353 
8.06805 3.24405 1.5107 1.08191 1.08228 1.51184 3.24593 8.05191 15.5908 7.35481 2.95074 1.51613 1.51613 2.95074 7.35481 15.5908 26.8073 29.6047 31.1669 31.794 31.794 31.1669 29.6047 26.8073 30.6313 32.5942 32.8444 32.3873 32.3897 32.8459 32.5953 30.6347 26.7736 30.2048 31.8767 32.5354 32.5354 31.8767 30.2048 26.7736 19.3 15.8673 11.5205 8.59929 8.59929 11.5205 15.8673 19.3 14.2137 7.43334 3.26927 1.79404 1.7976 3.26921 7.43348 
7.93283 3.08872 1.42407 1.05856 1.05903 1.42604 3.09244 7.91038 15.8092 7.31047 2.8662 1.45997 1.45997 2.8662 7.31047 15.8092 27.8121 30.8379 32.7236 33.3825 33.3825 32.7236 30.8379 27.8121 31.3101 33.0469 33.3744 33.2741 33.274 33.3743 33.0463 31.3118 28.2392 30.9336 32.7426 33.478 33.478 32.7426 30.9336 28.2392 21.1631 16.9792 11.5294 8.17799 8.17799 11.5294 16.9792 21.1631 14.9027 7.31789 3.14484 1.72757 1.73309 3.14483 7.31775 
7.8419 3.00826 1.38828 1.05053 1.05092 1.38998 3.01111 7.81842 15.8314 7.22601 2.80265 1.42959 1.42959 2.80265 7.22601 15.8314 28.2689 31.4884 33.4422 34.0945 34.0945 33.4422 31.4884 28.2689 31.6573 33.1265 33.5327 33.6615 33.6615 33.5326 33.126 31.6595 29.0966 31.6725 33.4411 34.1438 34.1438 33.4411 31.6725 29.0966 21.938 17.3283 11.487 8.18146 8.18146 11.487 17.3283 21.938 15.3265 7.35415 3.10866 1.69049 1.69546 3.10863 7.35394 
7.78137 2.96443 1.37489 1.04667 1.04693 1.37608 2.96652 7.76566 15.8065 7.1586 2.76926 1.41442 1.41442 2.76926 7.1586 15.8065 28.4291 31.6915 33.642 34.2598 34.2598 33.642 31.6915 28.4291 31.856 33.0547 33.5461 33.8874 33.8874 33.546 33.0546 31.8577 29.5533 32.2071 33.825 34.4277 34.4277 33.825 32.2071 29.5533 22.2234 17.2873 11.389 8.24902 8.24902 11.389 17.2873 22.2234 15.7047 7.41652 3.0709 1.63344 1.6365 3.07086 7.41629 
7.76566 2.96652 1.37608 1.04693 1.04667 1.37489 2.96652 7.76566 15.8123 7.16644 2.77571 1.41664 1.41442 2.76926 7.1586 15.8065 28.4291 31.6915 33.642 34.2598 34.2567 33.6401 31.6848 28.4869 31.8577 33.0546 33.546 33.8874 33.8874 33.5461 33.0547 31.856 29.5959 32.2161 33.8103 34.42 34.4277 33.825 32.2071 29.5533 22.2234 17.2873 11.389 8.24902 8.21566 11.37 17.2784 22.2384 15.7047 7.41652 3.0709 1.63344 1.63344 3.0709 7.41652 
7.81842 3.01111 1.38998 1.05092 1.05053 1.38828 3.01111 7.81842 15.8442 7.23871 2.81306 1.43301 1.42959 2.80265 7.22601 15.8314 28.2689 31.4884 33.4422 34.0945 34.0876 33.4348 31.4755 28.3209 31.6595 33.126 33.5326 33.6615 33.6615 33.5327 33.1265 31.6573 29.1435 31.6988 33.4162 34.129 34.1438 33.4411 31.6725 29.0966 21.938 17.3283 11.487 8.18146 8.12381 11.4256 17.298 21.9552 15.3265 7.35415 3.10866 1.69049 1.69049 3.10866 7.35415 
7.91038 3.09244 1.42604 1.05903 1.05856 1.42407 3.09244 7.91038 15.8218 7.32204 2.87721 1.46344 1.45997 2.8662 7.31047 15.8092 27.8121 30.8379 32.7236 33.3825 33.371 32.7105 30.8179 27.8526 31.3118 33.0463 33.3743 33.274 33.2741 33.3744 33.0469 31.3101 28.2911 30.9573 32.7138 33.4592 33.478 32.7426 30.9336 28.2392 21.1631 16.9792 11.5294 8.17799 8.11412 11.4612 16.9422 21.1729 14.9027 7.31789 3.14484 1.72757 1.72757 3.14484 7.31789 
8.05191 3.24593 1.51184 1.08228 1.08191 1.5107 3.24593 8.05191 15.5902 7.35257 2.95094 1.51596 1.51613 2.95074 7.35481 15.5908 26.8073 29.6047 31.1669 31.794 31.8256 31.1962 29.6314 26.8687 30.6347 32.5953 32.8459 32.3897 32.3873 32.8444 32.5942 30.6313 26.8125 30.1794 31.8818 32.5551 32.5354 31.8767 30.2048 26.7736 19.3 15.8673 11.5205 8.59929 8.56601 11.4766 15.8567 19.3116 14.2137 7.43334 3.26927 1.79404 1.79404 3.26927 7.43334 
7.55446 2.8919 1.35922 1.04156 1.04156 1.35922 2.8919 7.55446 15.0131 6.97527 2.71803 1.44368 1.44595 2.72416 6.98907 15.0259 26.551 30.1296 32.4548 33.2988 33.3038 32.4715 30.1427 26.613 29.6227 32.4551 33.0518 32.7038 32.7032 33.0515 32.4565 29.6239 24.7997 29.9383 32.0678 32.7646 32.799 32.1291 29.9325 24.7774 14.7529 13.4175 12.5885 13.0265 13.018 12.5863 13.4654 14.712 11.5314 7.71528 4.51991 2.65705 2.63101 4.48876 7.71449 
7.60827 2.89764 1.36008 1.04116 1.04116 1.36008 2.89764 7.60827 15.197 6.9866 2.69474 1.43735 1.43995 2.70253 7.0042 15.2164 27.1839 30.8832 33.2326 34.0232 34.032 33.2503 30.8853 27.236 29.9414 32.6343 33.3521 33.3918 33.3919 33.3523 32.6353 29.9431 25.1707 30.799 33.1375 33.8298 33.8288 33.1437 30.7882 25.1677 14.1982 13.5536 13.7712 15.6117 15.6093 13.7724 13.5844 14.1215 10.9282 7.85747 5.16523 3.19368 3.15479 5.13451 7.85677 
7.62015 2.88241 1.35149 1.03933 1.03933 1.35149 2.88241 7.62015 15.3369 7.00784 2.69062 1.43079 1.43331 2.6979 7.02403 15.3536 27.5265 31.2336 33.5404 34.2788 34.2865 33.5568 31.2384 27.5808 30.2049 32.681 33.4957 33.7351 33.7351 33.4958 32.6816 30.2063 25.6565 31.1389 33.5588 34.3296 34.3268 33.5554 31.127 25.6523 14.9338 14.0039 13.9294 15.3208 15.3202 13.9327 14.0272 14.8665 11.1097 7.74902 4.86731 2.97419 2.93978 4.83647 7.74826 
7.59875 2.84162 1.33116 1.03488 1.03488 1.33116 2.84162 7.59875 15.4273 7.01079 2.6847 1.40735 1.4087 2.68799 7.01799 15.434 27.6851 31.3739 33.661 34.3345 34.3395 33.6699 31.3713 27.7387 30.4193 32.603 33.4863 33.9161 33.9161 33.4864 32.6036 30.4205 26.1831 31.3952 33.7725 34.4606 34.4589 33.7687 31.3898 26.1767 16.0395 14.4712 13.8075 14.1 14.1055 13.8135 14.4754 15.9677 11.4589 7.38352 4.30143 2.52555 2.5117 4.28033 7.38288 
7.59445 2.83953 1.3306 1.03478 1.03488 1.33116 2.84162 7.59875 15.434 7.01799 2.68799 1.4087 1.4087 2.68799 7.01799 15.434 27.6851 31.3739 33.661 34.3345 34.3345 33.661 31.3739 27.6851 30.4205 32.6036 33.4864 33.9161 33.9161 33.4864 32.603 30.4193 26.1767 31.3898 33.7687 34.4589 34.4606 33.7725 31.3796 26.2578 15.9677 14.4754 13.8135 14.1055 14.1 13.8075 14.4712 16.0395 11.4589 7.38352 4.30143 2.52555 2.52555 4.30143 7.38352 
7.60517 2.87713 1.35016 1.03907 1.03933 1.35149 2.88241 7.62015 15.3536 7.02403 2.6979 1.43331 1.43331 2.6979 7.02403 15.3536 27.5265 31.2336 33.5404 34.2788 34.2788 33.5404 31.2336 27.5265 30.2063 32.6816 33.4958 33.7351 33.7351 33.4958 32.681 30.2049 25.6523 31.127 33.5554 34.3268 34.3296 33.5588 31.1125 25.7346 14.8665 14.0272 13.9327 15.3202 15.3208 13.9294 14.0039 14.9338 11.1097 7.74902 4.86731 2.97419 2.97419 4.86731 7.74902 
7.59149 2.89185 1.35864 1.04089 1.04116 1.36008 2.89764 7.60827 15.2164 7.0042 2.70253 1.43995 1.43995 2.70253 7.0042 15.2164 27.1839 30.8832 33.2326 34.0232 34.0232 33.2326 30.8832 27.1839 29.9431 32.6353 33.3523 33.3919 33.3919 33.3523 32.6343 29.9414 25.1677 30.7882 33.1437 33.8288 33.8298 33.1375 30.7612 25.2402 14.1215 13.5844 13.7724 15.6093 15.6117 13.7712 13.5536 14.1982 10.9282 7.85747 5.16523 3.19368 3.19368 5.16523 7.85747 
7.53736 2.886 1.35779 1.04131 1.04156 1.35922 2.8919 7.55446 15.0259 6.98907 2.72416 1.44595 1.44595 2.72416 6.98907 15.0259 26.551 30.1296 32.4548 33.2988 33.2988 32.4548 30.1296 26.551 29.6239 32.4565 33.0515 32.7032 32.7032 33.0515 32.4551 29.6227 24.7774 29.9325 32.1291 32.799 32.7646 32.0678 29.8476 24.8 14.712 13.4654 12.5863 13.018 13.0265 12.5885 13.4175 14.7529 11.5314 7.71528 4.51991 2.65705 2.65705 4.51991 7.71528 
7.25056 2.90128 1.38675 1.04844 1.04844 1.38675 2.90128 7.25056 14.2279 6.9258 2.8617 1.51557 1.51557 2.8617 6.9258 14.2279 24.6703 28.7601 31.3104 32.2484 32.2484 31.3104 28.7601 24.6703 24.7919 26.5136 26.8446 26.7939 26.6464 26.6757 26.3566 24.6895 21.3431 25.825 28.2366 29.4594 29.2828 28.0615 25.6464 21.2802 15.4715 13.3789 10.7493 8.15956 8.39698 10.7428 13.3575 15.4637 11.3249 5.9938 2.8431 1.65958 1.66933 2.86476 6.02554 
7.10928 2.80214 1.33861 1.03598 1.03598 1.33861 2.80214 7.10928 14.1971 6.74935 2.73522 1.446 1.446 2.73522 6.74935 14.1971 25.3046 29.5392 32.3528 33.3682 33.3682 32.3528 29.5392 25.3046 25.8296 26.978 27.5683 27.735 27.7366 27.5724 26.9876 25.852 23.508 27.4282 30.0519 31.4087 31.3706 30.0227 27.4169 23.5792 17.1766 14.5321 11.1737 8.28465 8.39268 11.1768 14.4976 17.1983 12.3213 6.08548 2.71325 1.56598 1.57046 2.72219 6.099 
6.96811 2.69865 1.29786 1.02851 1.02851 1.29786 2.69865 6.96811 14.1098 6.56642 2.62363 1.39451 1.39451 2.62363 6.56642 14.1098 25.6296 29.9474 32.8346 33.8548 33.8548 32.8346 29.9474 25.6296 26.2994 26.0803 26.7539 27.9156 27.9172 26.7597 26.0868 26.3088 25.181 28.8999 31.3603 32.6624 32.6249 31.3545 28.9066 25.2636 18.6303 15.5028 11.4875 8.46686 8.56116 11.4929 15.4702 18.661 13.2652 6.29498 2.73481 1.55987 1.56374 2.74245 6.30626 
6.85732 2.60261 1.26695 1.0251 1.0251 1.26695 2.60261 6.85732 14.0515 6.43955 2.53373 1.34938 1.34938 2.53373 6.43955 14.0515 25.7453 30.0883 33.0015 33.9689 33.9689 33.0015 30.0883 25.7453 26.3765 25.6455 26.3709 27.8177 27.8191 26.3739 25.6433 26.3849 26.2733 29.9297 32.2807 33.4015 33.3784 32.294 29.9531 26.3379 19.5453 16.1423 11.5053 8.46087 8.51244 11.5111 16.1243 19.5814 14.1437 6.64913 2.78836 1.52947 1.53188 2.79191 6.65499 
6.87053 2.60364 1.26677 1.02501 1.0251 1.26695 2.60261 6.85732 14.0343 6.42891 2.52046 1.34449 1.34938 2.53373 6.43955 14.0515 25.7453 30.0883 33.0015 33.9689 33.9762 33.0168 30.1073 25.7799 26.3849 25.6433 26.3739 27.8191 27.8177 26.3709 25.6455 26.3765 26.3379 29.9531 32.294 33.3784 33.3784 32.294 29.9531 26.3379 19.5457 16.1401 11.4926 8.49765 8.44968 11.4522 16.1702 19.6618 14.1419 6.65499 2.79191 1.53188 1.52947 2.78836 6.64913 
6.99573 2.70247 1.29802 1.02843 1.02851 1.29786 2.69865 6.96811 14.0713 6.54534 2.59765 1.3865 1.39451 2.62363 6.56642 14.1098 25.6296 29.9474 32.8346 33.8548 33.8688 32.8709 29.9902 25.6365 26.3088 26.0868 26.7597 27.9172 27.9156 26.7539 26.0803 26.2994 25.2636 28.9066 31.3545 32.6249 32.6249 31.3545 28.9066 25.2636 18.6363 15.4987 11.467 8.5353 8.44615 11.3957 15.551 18.7845 13.2642 6.30626 2.74245 1.56374 1.55987 2.73481 6.29498 
7.13848 2.8063 1.33878 1.03588 1.03598 1.33861 2.80214 7.10928 14.1555 6.72641 2.70937 1.43752 1.446 2.73522 6.74935 14.1971 25.3046 29.5392 32.3528 33.3682 33.386 32.3899 29.5817 25.2966 25.852 26.9876 27.5724 27.7366 27.735 27.5683 26.978 25.8296 23.5792 27.4169 30.0227 31.3706 31.3706 30.0227 27.4169 23.5792 17.1901 14.5373 11.1532 8.36476 8.25975 11.0748 14.576 17.3251 12.3207 6.099 2.72219 1.57046 1.56598 2.71325 6.08548 
7.27445 2.90645 1.38758 1.04846 1.04844 1.38675 2.90128 7.25056 14.1912 6.91199 2.84847 1.50976 1.51557 2.8617 6.9258 14.2279 24.6703 28.7601 31.3104 32.2484 32.2261 31.2984 28.7544 24.6151 24.6895 26.3566 26.6757 26.6464 26.7939 26.8446 26.5136 24.7919 21.2802 25.6464 28.0615 29.2828 29.2828 28.0615 25.6464 21.2802 15.4617 13.3984 10.7106 8.33671 8.09502 10.5311 13.3847 15.5182 11.324 6.02554 2.86476 1.66933 1.65958 2.8431 5.9938 
7.50673 3.33155 1.59396 1.10742 1.10752 1.59387 3.32966 7.51021 12.6934 7.18213 3.3181 1.86752 1.86752 3.3181 7.18213 12.6934 20.3034 25.6571 28.1659 29.0864 29.0864 28.1659 25.6571 20.3034 12.668 12.3015 12.742 13.2266 13.2266 12.742 12.1417 12.5443 13.6908 19.0099 22.9756 24.7584 24.6331 22.8172 19.0099 13.6908 9.29883 7.78371 5.0693 3.43755 3.43676 5.07786 7.91538 9.4284 6.68812 3.26952 1.58853 1.12754 1.12754 1.58853 3.26952 
8.799 3.97517 1.79878 1.15907 1.15935 1.80015 3.98049 8.83831 14.1192 8.58426 4.11933 2.35672 2.35672 4.11933 8.58426 14.1192 20.0768 26.5888 30.1585 31.4908 31.4908 30.1585 26.5888 20.0768 9.41561 9.48617 9.66859 9.4789 9.4789 9.66859 9.48353 9.41073 10.3986 17.6525 23.2028 25.2523 25.2812 23.2465 17.6525 10.3986 5.07759 3.79449 2.33578 1.58747 1.58742 2.33296 3.80907 5.08727 3.8498 2.12475 1.23639 1.03501 1.03501 1.23639 2.12475 
9.81912 4.51564 1.97647 1.20197 1.2022 1.9775 4.51866 9.85816 15.1238 9.60232 4.59494 2.56967 2.56967 4.59494 9.60232 15.1238 19.9949 27.1115 31.3308 32.8487 32.8487 31.3308 27.1115 19.9949 7.8951 8.32714 8.39193 7.8738 7.8738 8.39193 8.32455 7.8948 8.36463 16.5836 23.255 25.6917 25.7227 23.3053 16.5836 8.36463 2.906 1.88119 1.28436 1.08082 1.08082 1.28438 1.88702 2.91477 2.07642 1.36504 1.05924 1.0061 1.0061 1.05924 1.36504 
10.1889 4.696 2.02899 1.21149 1.21155 2.02929 4.69628 10.2133 15.4195 9.87497 4.6729 2.56557 2.56557 4.6729 9.87497 15.4195 19.7694 27.4137 31.8432 33.2487 33.2487 31.8432 27.4137 19.7694 7.31501 9.73866 9.91989 7.3698 7.3698 9.91989 9.739 7.31255 7.16589 15.6346 23.2017 25.9616 25.9828 23.2415 15.6346 7.16589 2.19572 1.32879 1.05821 1.00925 1.00925 1.05834 1.33106 2.19909 1.44008 1.10216 1.01174 1.00052 1.00052 1.01174 1.10216 
10.2133 4.69628 2.02929 1.21155 1.21155 2.02929 4.69628 10.2133 15.3775 9.84137 4.6581 2.55735 2.56557 4.6729 9.87497 15.4195 19.5768 27.5393 31.8396 33.2466 33.2487 31.8432 27.4137 19.7694 7.31255 9.739 9.92008 7.36889 7.3698 9.91989 9.73866 7.31501 7.14001 15.6363 23.2415 25.9828 25.9616 23.2017 15.6346 7.16589 2.19909 1.33106 1.05787 1.00925 1.00925 1.05821 1.32879 2.19572 1.44008 1.10216 1.01174 1.00052 1.00052 1.01173 1.10217 
9.85816 4.51866 1.9775 1.2022 1.2022 1.9775 4.51866 9.85816 15.0533 9.52666 4.5719 2.55732 2.56967 4.59494 9.60232 15.1238 19.7333 27.3243 31.3249 32.8448 32.8487 31.3308 27.1115 19.9949 7.8948 8.32455 8.39114 7.87326 7.8738 8.39193 8.32714 7.8951 8.33603 16.5807 23.3053 25.7227 25.6917 23.255 16.5836 8.36463 2.91477 1.88702 1.28436 1.08082 1.08082 1.28436 1.88119 2.906 2.07642 1.36504 1.05924 1.0061 1.0061 1.05925 1.36493 
8.83831 3.98049 1.80015 1.15935 1.15935 1.80015 3.98049 8.83831 14.0635 8.5096 4.10246 2.34726 2.35672 4.11933 8.58426 14.1192 19.8784 26.7824 30.1498 31.4866 31.4908 30.1585 26.5888 20.0768 9.41073 9.48353 9.66929 9.47753 9.4789 9.66859 9.48617 9.41561 10.3687 17.6489 23.2465 25.2812 25.2523 23.2028 17.6525 10.3986 5.08727 3.80907 2.33738 1.58747 1.58747 2.33578 3.79449 5.07759 3.8498 2.12475 1.23639 1.03501 1.03517 1.23691 2.12466 
7.51021 3.32966 1.59387 1.10752 1.10752 1.59387 3.32966 7.51021 12.5369 7.08944 3.29336 1.8594 1.86752 3.3181 7.18213 12.6934 20.0718 25.5357 28.1697 29.0883 29.0864 28.1659 25.6571 20.3034 12.5443 12.1417 12.5763 13.0851 13.2266 12.742 12.3015 12.668 13.5197 18.8082 22.8172 24.6331 24.7584 22.9756 19.0099 13.6908 9.4284 7.91538 5.06935 3.43755 3.43755 5.0693 7.78371 9.29883 6.68812 3.26952 1.58853 1.12754 1.1276 1.58668 3.25273 
2.99015 1.58249 1.11771 1.01692 1.01686 1.11687 1.57821 2.97396 5.6757 3.0956 1.59672 1.13763 1.13865 1.60161 3.08412 5.66819 11.6384 15.1994 16.3908 17.194 17.194 16.3908 15.1994 11.6384 4.97199 4.11916 4.04198 4.41073 4.41073 4.04198 4.11916 4.97199 6.86649 10.5164 13.1625 14.8031 14.8031 13.1625 10.5164 6.86649 3.2897 2.99579 1.98236 1.56036 1.56036 2.00499 2.97404 3.30797 1.99541 1.18656 1.01476 0.999254 0.999306 1.01508 1.18953 
1.76042 1.22381 1.04397 1.0052 1.00525 1.04422 1.22461 1.76129 2.7607 1.67426 1.14839 1.02406 1.02448 1.151 1.67954 2.77991 5.58896 7.41406 8.3569 8.29876 8.29876 8.3569 7.41406 5.58896 2.33666 1.85728 1.7933 2.00316 2.00316 1.7933 1.85728 2.33666 3.40777 5.72297 7.27408 7.86172 7.86172 7.27408 5.72297 3.40777 1.65619 1.44872 1.18997 1.07548 1.07548 1.19111 1.45049 1.66058 1.2677 1.03452 1.001 0.999475 0.999477 1.001 1.03453 
1.18701 1.05064 1.00789 1.00057 1.00058 1.00793 1.05081 1.18743 1.44304 1.1292 1.01989 1.00158 1.00159 1.02008 1.12939 1.44762 2.73956 3.60958 4.05593 3.77534 3.77534 4.05593 3.60958 2.73956 1.28623 1.14222 1.12486 1.18327 1.18327 1.12486 1.14222 1.28623 1.6872 2.84549 3.69984 3.7089 3.7089 3.69984 2.84549 1.6872 1.0999 1.05485 1.01797 1.00504 1.00504 1.01813 1.05484 1.10089 1.04371 1.0051 1.00013 0.999911 0.999911 1.00012 1.00508 
1.0394 1.00856 1.0009 0.99984 0.999841 1.00091 1.00858 1.03947 1.08926 1.01742 1.00117 0.999702 0.999704 1.00117 1.01737 1.0909 1.65001 2.07491 2.26694 2.09822 2.09822 2.26694 2.07491 1.65001 1.05305 1.01993 1.01653 1.03046 1.03046 1.01653 1.01993 1.05305 1.16919 1.65845 2.10483 2.13517 2.13517 2.10483 1.65845 1.16919 1.01063 1.00384 1.00058 0.999937 0.999937 1.00058 1.00382 1.01083 1.00568 1.00059 0.999933 0.999987 0.999987 0.999932 1.00059 
1.03947 1.00858 1.00091 0.999841 0.999841 1.00091 1.00858 1.03947 1.0909 1.01737 1.00117 0.999702 0.999702 1.00117 1.01737 1.0909 1.66956 2.11888 2.28194 2.12637 2.09822 2.26694 2.07491 1.65001 1.05291 1.01991 1.01652 1.03046 1.03046 1.01653 1.01993 1.05305 1.16561 1.64791 2.07689 2.11849 2.13517 2.10483 1.65845 1.16919 1.01083 1.00382 1.00058 0.999937 0.999924 1.00058 1.00384 1.01067 1.00568 1.00059 0.999933 0.999987 0.999987 0.999933 1.00059 
1.18743 1.05081 1.00793 1.00058 1.00058 1.00793 1.05081 1.18743 1.44762 1.12939 1.01989 1.00158 1.00158 1.01989 1.12939 1.44762 2.77953 3.71355 4.08667 3.83026 3.77534 4.05593 3.60958 2.73956 1.28527 1.14209 1.12483 1.18329 1.18327 1.12486 1.14222 1.28623 1.67283 2.81942 3.6449 3.68216 3.7089 3.69984 2.84549 1.6872 1.10089 1.05484 1.01813 1.00504 1.00486 1.018 1.05485 1.10004 1.04371 1.0051 1.00013 0.999911 0.999911 1.00013 1.0051 
1.76129 1.22461 1.04422 1.00525 1.00525 1.04422 1.22461 1.76129 2.77991 1.67954 1.14839 1.02406 1.02406 1.14839 1.67954 2.77991 5.6432 7.57503 8.39793 8.38559 8.29876 8.3569 7.41406 5.58896 2.33358 1.85503 1.79106 2.00181 2.00316 1.7933 1.85728 2.33666 3.38476 5.70993 7.25272 7.85403 7.86172 7.27408 5.72297 3.40777 1.66058 1.45049 1.19111 1.07548 1.07399 1.1903 1.44872 1.65805 1.2677 1.03452 1.001 0.999475 0.999475 1.001 1.03452 
2.97396 1.57821 1.11687 1.01686 1.01686 1.11687 1.57821 2.97396 5.66819 3.08412 1.59672 1.13763 1.13763 1.59672 3.08412 5.66819 11.3493 14.7826 16.2758 16.8967 17.194 16.3908 15.1994 11.6384 4.94168 4.09665 4.01865 4.3817 4.41073 4.04198 4.11916 4.97199 6.8048 10.4568 13.1386 14.7136 14.8031 13.1625 10.5164 6.86649 3.30797 2.97404 2.00499 1.56036 1.52818 1.97164 2.99579 3.2751 1.99541 1.18656 1.01476 0.999254 0.999254 1.01476 1.18656 
1.6329 1.13785 1.02071 1.00273 1.00273 1.02071 1.13785 1.6329 2.76211 1.7772 1.20855 1.04491 1.04491 1.20855 1.7772 2.76211 4.70918 6.2739 6.91549 7.58885 7.58885 6.91549 6.2739 4.70918 2.25988 2.22099 2.20571 2.03835 2.03835 2.20571 2.22099 2.25988 3.10053 5.04845 6.67372 7.56158 7.56158 6.67372 5.04845 3.10053 1.61088 1.52726 1.21503 1.07615 1.07613 1.21437 1.52663 1.61473 1.20046 1.03496 1.00377 1.00015 1.00015 1.00377 1.03496 
1.14013 1.03317 1.0051 1.00039 1.00039 1.0051 1.03317 1.14013 1.44611 1.17145 1.03843 1.00631 1.00631 1.03843 1.17145 1.44611 2.78051 3.75238 4.15193 4.19818 4.19818 4.15193 3.75238 2.78051 1.3341 1.39465 1.38735 1.2842 1.2842 1.38735 1.39465 1.3341 1.44773 1.99469 2.5361 2.90097 2.90097 2.5361 1.99469 1.44773 1.08779 1.07828 1.02633 1.0061 1.0061 1.0261 1.07773 1.08798 1.029 1.00472 1.00036 0.999958 0.999958 1.00036 1.00472 
1.02049 1.00502 1.00052 0.999924 0.999924 1.00052 1.00502 1.02049 1.08132 1.02423 1.00393 1.00028 1.00028 1.00393 1.02423 1.08132 1.70908 2.24131 2.48382 2.21155 2.21155 2.48382 2.24131 1.70908 1.06147 1.08748 1.08589 1.05299 1.05299 1.08589 1.08748 1.06147 1.05962 1.16398 1.27898 1.36596 1.36596 1.27898 1.16398 1.05962 1.00758 1.00768 1.00184 1.00018 1.00018 1.00181 1.00758 1.00758 1.00248 1.00041 0.999956 0.999992 0.999992 0.999956 1.00041 
1.00202 1.00043 0.999934 0.999966 0.999966 0.999934 1.00043 1.00202 1.00985 1.00188 1.00005 0.999866 0.999866 1.00005 1.00188 1.00985 1.21176 1.42738 1.5242 1.39623 1.39623 1.5242 1.42738 1.21176 1.00693 1.01188 1.01182 1.00599 1.00599 1.01182 1.01188 1.00693 1.00484 1.0149 1.03102 1.04176 1.04176 1.03102 1.0149 1.00484 1.00027 1.0002 0.999954 0.999902 0.999902 0.999949 1.00019 1.00027 1.00022 0.999944 0.999987 1 1 0.999987 0.999944 
0 0 0 0 0.999966 0.999934 1.00043 1.00202 1.00962 1.0019 1.00005 0.999866 0.999866 1.00004 1.00188 1.00985 1.21176 1.42738 1.5242 1.39623 1.39212 1.51642 1.42111 1.20922 1.00707 1.01172 1.01166 1.0059 1.00599 1.01182 1.01188 1.00693 1.00484 1.0149 1.03102 1.04176 1.04176 1.03102 1.0149 1.00484 1.00027 1.00019 0.999949 0.999902 0.999902 0.999954 1.0002 1.00027 1.00022 0.999944 0.999987 1 0 0 0 
0 0 0 0 0.999924 1.00052 1.00502 1.02049 1.08039 1.02441 1.00393 1.00028 1.00027 1.0039 1.02423 1.08132 1.70908 2.24131 2.48382 2.21155 2.20015 2.46444 2.22518 1.70135 1.062 1.08641 1.08483 1.05246 1.05299 1.08589 1.08748 1.06147 1.05962 1.16397 1.27896 1.36593 1.36596 1.27898 1.16398 1.05962 1.00758 1.00758 1.00181 1.00018 1.00018 1.00184 1.00768 1.00758 1.00248 1.00041 0.999956 0.999992 0 0 0 
0 0 0 0 1.00039 1.0051 1.03317 1.14013 1.44509 1.17237 1.03843 1.00631 1.00629 1.03824 1.17145 1.44611 2.78051 3.75238 4.15193 4.19818 4.18297 4.14011 3.74108 2.77206 1.33488 1.39102 1.38367 1.28217 1.2842 1.38735 1.39465 1.3341 1.44776 1.9947 2.53616 2.90115 2.90097 2.5361 1.99469 1.44773 1.08798 1.07773 1.0261 1.0061 1.0061 1.02633 1.07828 1.08779 1.029 1.00472 1.00036 0.999958 0 0 0 
