0 0 0 0 1.00009 1.00131 1.01108 1.06903 1.34942 1.09377 1.01636 1.00234 1.00236 1.01648 1.09441 1.35276 2.61393 2.09391 1.85861 1.80532 1.80466 1.85759 2.09146 2.62269 4.1153 3.06712 2.32413 2.31756 2.31341 2.32244 3.06104 4.11469 3.89243 4.31855 4.81507 5.32859 5.30046 4.76773 4.26731 3.85268 3.46515 2.77788 1.89775 1.3561 1.35564 1.89574 2.77332 3.46312 2.33472 1.36621 1.06322 1.00886 0 0 0 
0 0 0 0 0.99996 1.00005 1.00124 1.00792 1.03821 1.00886 1.00114 0.999923 0.999925 1.00115 1.0089 1.03848 1.3249 1.17775 1.11818 1.10586 1.10564 1.11786 1.17732 1.32832 2.08492 1.55829 1.29138 1.27987 1.27772 1.28895 1.55291 2.07692 2.25134 2.629 2.90053 2.92883 2.93838 2.90835 2.6354 2.25493 1.58658 1.39143 1.16601 1.04381 1.04369 1.16552 1.39082 1.5853 1.34593 1.10611 1.0166 1.0018 0 0 0 
0 0 0 0 0.999995 0.999976 1.00005 1.00074 1.00206 1.00014 0.999876 0.999919 0.999919 0.999877 1.00014 1.00207 1.0429 1.01708 1.00905 1.00751 1.00748 1.00901 1.01703 1.04375 1.30776 1.12967 1.05129 1.04608 1.04561 1.05072 1.12808 1.30459 1.39347 1.60538 1.74926 1.63195 1.63739 1.7582 1.61206 1.39679 1.09176 1.0545 1.01929 1.0034 1.00338 1.01921 1.05443 1.09122 1.05643 1.0155 1.00189 1.00005 0 0 0 
0 0 0 0 1 0.999995 0.999961 1.00006 0.999871 0.999737 0.999957 0.999993 0.999993 0.999957 0.999737 0.999866 1.00417 1.00071 1.00005 1 0.999999 1.00005 1.00071 1.00431 1.06453 1.02171 1.00671 1.00534 1.00527 1.00662 1.02142 1.06379 1.09668 1.16753 1.2191 1.17166 1.1734 1.22199 1.16963 1.09763 1.01003 1.00453 1.00089 0.999935 0.999933 1.00089 1.00454 1.00991 1.00701 1.00159 1.00003 0.999922 0 0 0 
1.00006 0.999961 0.999995 1 1 0.999995 0.999961 1.00006 0.999871 0.999737 0.999957 0.999993 0.999993 0.999957 0.999737 0.999871 1.00417 1.00071 1.00005 1 1 1.00005 1.00071 1.00417 1.06453 1.02171 1.00671 1.00534 1.00534 1.00671 1.02171 1.06453 1.09763 1.16963 1.22199 1.1734 1.1734 1.22199 1.16963 1.09763 1.00991 1.00454 1.00089 0.999933 0.999935 1.00089 1.00453 1.01003 1.00701 1.00159 1.00003 0.999922 0.999922 1.00003 1.00159 
1.00074 1.00005 0.999976 0.999995 0.999995 0.999976 1.00005 1.00074 1.00206 1.00014 0.999876 0.999919 0.999919 0.999876 1.00014 1.00206 1.0429 1.01708 1.00905 1.00751 1.00751 1.00905 1.01708 1.0429 1.30776 1.12967 1.05129 1.04608 1.04608 1.05129 1.12967 1.30776 1.39679 1.61206 1.7582 1.63739 1.63739 1.7582 1.61206 1.39679 1.09122 1.05443 1.01921 1.00338 1.0034 1.01929 1.0545 1.09176 1.05643 1.0155 1.00189 1.00005 1.00005 1.00189 1.0155 
1.00792 1.00124 1.00005 0.99996 0.99996 1.00005 1.00124 1.00792 1.03821 1.00886 1.00114 0.999923 0.999923 1.00114 1.00886 1.03821 1.3249 1.17775 1.11818 1.10586 1.10586 1.11818 1.17775 1.3249 2.08492 1.55829 1.29138 1.27987 1.27987 1.29138 1.55829 2.08492 2.25493 2.6354 2.90835 2.93838 2.93838 2.90835 2.6354 2.25493 1.5853 1.39082 1.16552 1.04369 1.04381 1.16601 1.39143 1.58658 1.34593 1.10611 1.0166 1.0018 1.0018 1.0166 1.10611 
1.06903 1.01108 1.00131 1.00009 1.00009 1.00131 1.01108 1.06903 1.34942 1.09377 1.01636 1.00234 1.00234 1.01636 1.09377 1.34942 2.61393 2.09391 1.85861 1.80532 1.80532 1.85861 2.09391 2.61393 4.1153 3.06712 2.32413 2.31756 2.31756 2.32413 3.06712 4.1153 3.85268 4.26731 4.76773 5.30046 5.30046 4.76773 4.26731 3.85268 3.46312 2.77332 1.89574 1.35564 1.3561 1.89775 2.77788 3.46515 2.33472 1.36621 1.06322 1.00886 1.00886 1.06322 1.36621 
1.49317 1.08338 1.00818 1.00037 1.00037 1.00818 1.08338 1.49317 2.50116 1.50014 1.09753 1.01549 1.01549 1.09753 1.50014 2.50116 5.4209 4.39053 3.99325 3.93428 3.93428 3.99325 4.39053 5.4209 8.2516 6.79062 5.35063 5.0673 5.05446 5.32357 6.75623 8.24914 9.11726 9.95986 10.7944 11.2535 11.3328 10.8818 9.95986 9.11726 7.19324 5.47672 3.79037 2.64906 2.64907 3.79039 5.47501 7.20035 4.85489 2.34711 1.3242 1.0569 1.0569 1.3242 2.34711 
1.12568 1.01844 1.00148 0.999787 0.999787 1.00148 1.01844 1.12568 1.39214 1.10486 1.01526 1.00128 1.00128 1.01526 1.10486 1.39214 2.54093 1.98685 1.8333 1.79881 1.79881 1.8333 1.98685 2.54093 4.32482 3.723 2.81529 2.49328 2.51055 2.83816 3.74407 4.3532 5.09092 5.8687 5.82912 5.69315 5.65556 5.77118 5.8687 5.09092 3.5535 2.8409 1.93994 1.41492 1.41451 1.93833 2.83717 3.55509 2.89692 1.72536 1.14517 1.0186 1.0186 1.14517 1.72536 
1.01985 1.00253 1.00004 0.999927 0.999927 1.00004 1.00253 1.01985 1.05485 1.01175 1.00091 0.99979 0.99979 1.00091 1.01175 1.05485 1.32822 1.15414 1.11696 1.10916 1.10916 1.11696 1.15414 1.32822 2.11137 1.81745 1.42833 1.32504 1.3334 1.44021 1.82968 2.12481 2.62297 3.13419 2.86357 2.62168 2.60446 2.82707 3.13419 2.62297 1.70046 1.47811 1.18619 1.05484 1.05468 1.18544 1.47612 1.70042 1.67682 1.25242 1.03667 1.00319 1.00319 1.03667 1.25242 
1.00256 1.00018 0.999904 0.999982 0.999982 0.999904 1.00018 1.00256 1.00517 1.00037 0.999826 0.999957 0.999957 0.999826 1.00037 1.00517 1.05344 1.01504 1.01024 1.00927 1.00927 1.01024 1.01504 1.05344 1.36035 1.21828 1.08209 1.06001 1.06184 1.08513 1.22258 1.36544 1.6063 1.85566 1.69135 1.53029 1.52301 1.67533 1.85566 1.6063 1.15569 1.10204 1.02852 1.00456 1.00453 1.02828 1.10133 1.15581 1.20451 1.06237 1.00656 1.00011 1.00011 1.00656 1.06237 
1.00256 1.00018 0.999904 0.999982 0.999982 0.999904 1.00018 1.00256 1.00517 1.00037 0.999826 0.999957 0.999957 0.999824 1.00039 1.00519 1.05344 1.01504 1.01024 1.00927 1.00934 1.01033 1.01509 1.0542 1.36544 1.22258 1.08513 1.06184 1.06184 1.08513 1.22258 1.36544 1.59317 1.83402 1.67533 1.52301 1.52664 1.68331 1.84475 1.5998 1.15581 1.10133 1.02828 1.00453 1.00456 1.02838 1.10204 1.15636 1.20451 1.06237 1.00656 1.00011 1.0001 1.00654 1.06227 
1.01982 1.00252 1.00004 0.999927 0.999927 1.00004 1.00253 1.01985 1.05485 1.01175 1.00091 0.99979 0.999787 1.0009 1.0119 1.055 1.32822 1.15414 1.11696 1.10916 1.10951 1.11742 1.15451 1.33203 2.12481 1.82968 1.44021 1.3334 1.3334 1.44021 1.82968 2.12481 2.5925 3.08432 2.82707 2.60446 2.61318 2.84525 3.1095 2.60784 1.70042 1.47612 1.18544 1.05468 1.05484 1.18625 1.47811 1.7022 1.67682 1.25242 1.03667 1.00319 1.00318 1.03657 1.25182 
1.1255 1.01837 1.00147 0.999783 0.999787 1.00148 1.01844 1.12568 1.39214 1.10486 1.01526 1.00128 1.00126 1.01515 1.10559 1.39152 2.54093 1.98685 1.8333 1.79881 1.79932 1.83414 1.98933 2.55699 4.3532 3.74407 2.83816 2.51055 2.51055 2.83816 3.74407 4.3532 5.04668 5.80306 5.77118 5.65556 5.674 5.80008 5.83828 5.06945 3.55509 2.83717 1.93833 1.41451 1.41492 1.94089 2.8409 3.55818 2.89692 1.72536 1.14517 1.0186 1.01849 1.14456 1.72278 
1.49682 1.08383 1.00817 1.00037 1.00037 1.00818 1.08338 1.49317 2.50116 1.50014 1.09753 1.01549 1.01549 1.09753 1.50764 2.5088 5.4209 4.39053 3.99325 3.93428 3.93426 3.99324 4.39067 5.45093 8.24914 6.75623 5.32357 5.05446 5.05446 5.32357 6.75623 8.24914 9.2517 10.1117 10.8818 11.3328 11.2925 10.8376 10.0118 9.16007 7.20035 5.47501 3.79039 2.64907 2.64906 3.82255 5.47672 7.21981 4.85489 2.34711 1.3242 1.0569 1.05687 1.3244 2.35028 
3.90404 1.97034 1.22672 1.03383 1.03383 1.22672 1.97034 3.90404 6.72574 3.55992 1.72553 1.18592 1.18592 1.72551 3.55992 6.72574 12.373 11.2877 11.0174 11.0981 11.2024 11.1158 11.3775 12.4996 15.3363 13.1794 11.9269 11.4365 11.4365 11.9269 13.1794 15.3363 15.5913 16.5873 17.8885 18.8196 18.8198 17.8908 16.6299 15.5921 12.6388 10.4721 8.95671 8.12286 8.15928 8.96359 10.4382 12.6238 9.88091 4.85081 2.08085 1.26592 1.26328 2.07134 4.81731 
2.3442 1.39196 1.07054 1.00769 1.00769 1.07054 1.39196 2.3442 3.90819 2.06763 1.22984 1.0394 1.03928 1.22928 2.06763 3.90819 8.77922 6.09474 5.3743 5.26372 5.26776 5.38144 6.10538 8.86108 15.363 12.1861 9.71516 8.67207 8.67207 9.71516 12.1861 15.363 17.317 18.5357 19.742 20.8064 20.8064 19.7417 18.5428 17.3175 13.8751 11.9511 10.721 10.7073 10.7832 10.7403 11.9496 13.9061 10.2848 4.76241 2.02988 1.24151 1.24004 2.02478 4.74633 
1.42654 1.09586 1.01302 1.00082 1.00082 1.01302 1.09586 1.42654 2.32965 1.34695 1.0504 1.00472 1.0047 1.05027 1.34695 2.32965 6.61507 3.26169 2.38253 2.25555 2.25929 2.38842 3.27137 6.6921 14.7445 11.6918 8.66101 7.26343 7.26343 8.66101 11.6918 14.7445 16.2123 17.4174 18.4624 19.2374 19.2373 18.4631 17.4282 16.2141 13.2434 11.1486 9.69197 8.84794 8.91304 9.71923 11.1394 13.2698 10.1264 4.87585 2.04525 1.22153 1.22038 2.04114 4.86273 
1.08938 1.00888 1.00092 1.00001 1.00001 1.00092 1.00888 1.08938 1.65518 1.09728 1.00682 0.999909 0.9999 1.00674 1.09728 1.65518 5.39489 2.20764 1.42783 1.34579 1.34715 1.42934 2.20903 5.45274 14.5769 12.8689 9.63651 6.61166 6.61166 9.63651 12.8689 14.5769 14.9911 16.1714 17.1468 17.8803 17.8803 17.1464 16.1518 14.9917 12.4103 10.1441 7.99722 6.47763 6.49408 7.99071 10.1106 12.4081 10.3195 5.49201 2.19888 1.23094 1.2304 2.1968 5.4845 
1.09022 1.00896 1.00092 1.00001 1.00001 1.00092 1.00888 1.08938 1.65518 1.09728 1.00674 0.9999 0.999909 1.00682 1.09646 1.65519 5.45274 2.20903 1.42934 1.34715 1.34715 1.42934 2.20903 5.45274 14.5731 12.8506 9.63606 6.60642 6.61166 9.63651 12.8689 14.5769 14.9917 16.1518 17.1464 17.8803 17.8803 17.1468 16.1714 14.9911 12.4081 10.1106 7.99071 6.49408 6.43735 7.96485 10.1285 12.3997 10.2964 5.4845 2.1968 1.2304 1.23094 2.19888 5.49201 
1.42897 1.09618 1.01304 1.00082 1.00082 1.01302 1.09586 1.42654 2.32965 1.34695 1.05027 1.0047 1.00472 1.0504 1.3446 2.32969 6.6921 3.27137 2.38842 2.25929 2.25929 2.38842 3.27137 6.6921 14.7256 11.6506 8.66077 7.25509 7.26343 8.66101 11.6918 14.7445 16.2141 17.4282 18.4631 19.2373 19.2374 18.4624 17.4174 16.2123 13.2698 11.1394 9.71923 8.91304 8.79487 9.67823 11.1585 13.2635 10.0767 4.86273 2.04114 1.22038 1.22153 2.04525 4.87585 
2.34844 1.39279 1.07065 1.0077 1.00769 1.07054 1.39196 2.3442 3.90819 2.06763 1.22928 1.03928 1.0394 1.22984 2.06328 3.90817 8.86108 6.10538 5.38144 5.26776 5.26776 5.38144 6.10538 8.86108 15.3252 12.145 9.7145 8.66644 8.67207 9.71516 12.1861 15.363 17.3175 18.5428 19.7417 20.8064 20.8064 19.742 18.5357 17.317 13.9061 11.9496 10.7403 10.7832 10.6295 10.7029 11.9523 13.9001 10.2274 4.74633 2.02478 1.24004 1.24151 2.02988 4.76241 
3.93759 1.98175 1.22944 1.0343 1.03383 1.22672 1.97034 3.90404 6.72574 3.55992 1.72551 1.18592 1.18592 1.72553 3.56507 6.76464 12.4996 11.3775 11.1158 11.2024 11.2024 11.1158 11.3775 12.4996 15.4319 13.2979 11.9299 11.5528 11.4365 11.9269 13.1794 15.3363 15.5921 16.6299 17.8908 18.8198 18.8196 17.8885 16.5873 15.5913 12.6238 10.4382 8.96359 8.15928 8.09676 8.96437 10.5114 12.6915 9.79526 4.81731 2.07134 1.26328 1.26592 2.08085 4.85081 
8.73839 3.88845 1.83428 1.18871 1.18745 1.83056 3.8815 8.72967 14.9139 8.34222 3.68516 2.05857 2.05918 3.68794 8.43689 15.0198 23.2286 25.3268 26.9718 27.6011 27.6011 26.9718 25.3268 23.2286 24.145 24.1492 24.2518 23.8612 24.018 24.4251 24.1507 24.1454 23.1384 25.5417 27.0488 27.3644 27.921 27.6542 25.8842 23.2682 16.9198 14.2555 10.5195 7.81458 7.79804 10.4925 14.2037 16.9104 13.2572 7.14824 3.05642 1.67204 1.67552 3.06535 7.16374 
10.672 4.71165 2.12039 1.28003 1.27778 2.11304 4.69193 10.619 17.3988 10.3518 4.80473 2.70556 2.70477 4.8009 10.4796 17.4458 26.1923 28.674 30.3045 31.0204 31.0204 30.3045 28.674 26.1923 25.345 24.8634 25.0459 25.0978 25.1013 25.0426 24.8638 25.3444 26.6736 29.9833 31.4839 31.9457 31.9323 31.5092 29.9986 26.5156 18.3731 15.4439 11.1531 8.11184 8.12193 11.1681 15.4122 18.4289 13.812 7.44055 3.22701 1.78487 1.79179 3.24311 7.46993 
12.0843 5.37487 2.34951 1.35025 1.34767 2.34161 5.35504 12.033 19.2032 11.4956 5.28588 2.93964 2.93933 5.28416 11.6355 19.2513 28.0842 30.9017 32.4906 33.1521 33.1521 32.4906 30.9017 28.0842 25.3786 23.9927 24.3758 25.4921 25.5061 24.3621 23.9928 25.3776 28.1775 31.8831 33.3911 33.8389 33.8648 33.4559 31.927 28.0435 19.3393 16.1836 11.6039 8.3848 8.40123 11.6221 16.149 19.4004 14.3852 7.67319 3.30766 1.81163 1.81843 3.3233 7.70167 
12.4724 5.52912 2.362 1.3325 1.33088 2.35739 5.51722 12.4386 19.8335 11.7067 5.31254 2.89925 2.89912 5.31136 11.8101 19.8816 28.9497 31.883 33.3175 33.8661 33.8661 33.3175 31.883 28.9497 25.3246 23.6607 24.1592 25.6019 25.6109 24.1514 23.6605 25.3231 28.6707 32.3803 33.9005 34.3334 34.3508 33.9406 32.4158 28.5847 19.9835 16.6229 11.7024 8.3856 8.39429 11.7169 16.6047 20.0392 14.968 7.73456 3.24617 1.72741 1.73128 3.25438 7.75093 
12.4386 5.51722 2.35739 1.33088 1.33088 2.35739 5.51722 12.4386 19.8816 11.8101 5.31254 2.89925 2.89925 5.31254 11.8101 19.8816 28.9276 31.8581 33.3047 33.8598 33.8661 33.3175 31.883 28.9497 25.3231 23.6605 24.1514 25.6109 25.6019 24.1592 23.6607 25.3246 28.5847 32.4158 33.9406 34.3508 34.3508 33.9406 32.4153 28.5867 19.9799 16.6215 11.7064 8.38585 8.3856 11.7024 16.6229 19.9835 14.968 7.73456 3.25438 1.73128 1.72741 3.24617 7.73456 
12.033 5.35504 2.34161 1.34767 1.34767 2.34161 5.35504 12.033 19.2513 11.6355 5.28588 2.93964 2.93964 5.28588 11.6355 19.2513 28.062 30.8657 32.4682 33.1405 33.1521 32.4906 30.9017 28.0842 25.3776 23.9928 24.3621 25.5061 25.4921 24.3758 23.9927 25.3786 28.0435 31.927 33.4559 33.8648 33.8648 33.4559 31.9264 28.0468 19.3364 16.1816 11.6091 8.38499 8.3848 11.6039 16.1836 19.3393 14.3852 7.67319 3.3233 1.81843 1.81163 3.30766 7.67319 
10.619 4.69193 2.11304 1.27778 1.27778 2.11304 4.69193 10.619 17.4458 10.4796 4.80473 2.70556 2.70556 4.80473 10.4796 17.4458 26.1714 28.6444 30.2774 31.0046 31.0204 30.3045 28.674 26.1923 25.3444 24.8638 25.0426 25.1013 25.0978 25.0459 24.8634 25.345 26.5156 29.9986 31.5092 31.9323 31.9322 31.5089 29.9976 26.518 18.3709 15.4419 11.156 8.11215 8.11184 11.1531 15.4439 18.3731 13.812 7.44055 3.24311 1.79179 1.78487 3.22701 7.44055 
8.72967 3.8815 1.83056 1.18745 1.18745 1.83056 3.8815 8.72967 15.0198 8.43689 3.68516 2.05857 2.05857 3.68516 8.43689 15.0198 23.2745 25.4081 27.0647 27.7019 27.6011 26.9718 25.3268 23.2286 24.1454 24.1507 24.4251 24.018 23.8612 24.2518 24.1492 24.145 23.2682 25.8842 27.6542 27.921 27.9217 27.655 25.8854 23.2698 16.9184 14.2547 10.5095 7.81452 7.81458 10.5195 14.2555 16.9198 13.2572 7.14824 3.06535 1.67552 1.67204 3.05642 7.14824 
8.09067 3.27951 1.5234 1.0857 1.08608 1.52462 3.28214 8.07671 15.6038 7.40644 2.9787 1.53152 1.53152 2.9787 7.39253 15.6713 26.6879 29.4999 31.1133 31.7348 31.7317 31.1054 29.4851 26.7774 30.5567 32.5446 32.8159 32.354 32.4062 32.8534 32.5833 30.6119 26.7064 30.0993 31.821 32.4726 32.4838 31.8187 30.1148 26.75 19.2218 15.821 11.473 8.60905 8.64395 11.539 15.7434 19.1947 14.2226 7.46236 3.29998 1.81631 1.8199 3.30559 7.47338 
7.95577 3.12964 1.4356 1.06151 1.062 1.43767 3.13405 7.93539 15.8294 7.36391 2.88743 1.47224 1.47224 2.88743 7.33623 15.8976 27.7389 30.8366 32.7063 33.3629 33.3607 32.7026 30.8164 27.843 31.2395 33.006 33.3454 33.2483 33.2494 33.3469 33.0153 31.2863 28.2308 30.9573 32.734 33.4542 33.4353 32.6851 30.8786 28.2436 21.0141 16.9064 11.4553 8.15453 8.21867 11.5462 16.8045 21.0263 14.9247 7.34397 3.16869 1.7451 1.75075 3.17965 7.35839 
7.86643 3.04762 1.39898 1.05308 1.05349 1.40077 3.05114 7.8451 15.8566 7.28191 2.82387 1.44129 1.44129 2.82387 7.25174 15.9266 28.1894 31.4843 33.4301 34.0811 34.0803 33.4298 31.4689 28.3116 31.5914 33.0841 33.5007 33.6326 33.6335 33.5025 33.0923 31.6362 29.0887 31.6976 33.4321 34.1262 34.1103 33.3908 31.6288 29.1021 21.8106 17.2598 11.4226 8.16501 8.22303 11.4986 17.1694 21.8227 15.3505 7.37978 3.13003 1.70629 1.71136 3.13987 7.3934 
7.81737 3.00127 1.38534 1.04899 1.04926 1.38661 3.00408 7.80403 15.8371 7.21539 2.7931 1.42636 1.42636 2.7931 7.18976 15.9076 28.3474 31.6774 33.6258 34.2461 34.2463 33.6268 31.6648 28.4744 31.7987 33.0104 33.5081 33.8536 33.8537 33.5089 33.0148 31.8233 29.5454 32.2003 33.8123 34.4105 34.4063 33.7877 32.1596 29.5539 22.1248 17.2434 11.3724 8.25978 8.29368 11.3912 17.2019 22.1498 15.7176 7.44352 3.09393 1.64922 1.65236 3.0988 7.45141 
7.80403 3.00408 1.38661 1.04926 1.04926 1.38661 3.00408 7.80403 15.9076 7.18976 2.7931 1.42636 1.42729 2.79576 7.18976 15.9076 28.4744 31.6648 33.6258 34.2463 34.2461 33.6258 31.6648 28.4744 31.8233 33.0148 33.5089 33.8537 33.8536 33.5081 33.0104 31.7987 29.5539 32.1596 33.7602 34.3904 34.4105 33.8123 32.2003 29.5454 22.1498 17.2278 11.3912 8.29368 8.25978 11.3724 17.2434 22.187 15.6986 7.45141 3.09393 1.64922 1.64922 3.09393 7.44352 
7.8451 3.05114 1.40077 1.05349 1.05349 1.40077 3.05114 7.8451 15.9266 7.25174 2.82387 1.44129 1.44274 2.82819 7.25174 15.9266 28.3116 31.4689 33.4301 34.0803 34.0811 33.4301 31.4689 28.3116 31.6362 33.0923 33.5025 33.6335 33.6326 33.5007 33.0841 31.5914 29.1021 31.6288 33.3421 34.0826 34.1262 33.4321 31.6976 29.0887 21.8227 17.2213 11.4986 8.22303 8.16501 11.4226 17.2598 21.8983 15.3192 7.3934 3.13003 1.70629 1.70629 3.13003 7.37978 
7.93539 3.13405 1.43767 1.062 1.062 1.43767 3.13405 7.93539 15.8976 7.33623 2.88743 1.47224 1.47353 2.89117 7.33623 15.8976 27.843 30.8164 32.7063 33.3607 33.3629 32.7063 30.8164 27.843 31.2863 33.0153 33.3469 33.2494 33.2483 33.3454 33.006 31.2395 28.2436 30.8786 32.6305 33.4 33.4542 32.734 30.9573 28.2308 21.0263 16.8603 11.5462 8.21867 8.15453 11.4553 16.9064 21.1127 14.8905 7.35839 3.16869 1.7451 1.7451 3.16869 7.34397 
8.07671 3.28214 1.52462 1.08608 1.08608 1.52462 3.28214 8.07671 15.6713 7.39253 2.9787 1.53152 1.53119 2.97842 7.39253 15.6713 26.7774 29.4851 31.1133 31.7317 31.7348 31.1133 29.4851 26.7774 30.6119 32.5833 32.8534 32.4062 32.354 32.8159 32.5446 30.5567 26.75 30.1148 31.8324 32.5248 32.4726 31.821 30.0993 26.7064 19.1947 15.8025 11.539 8.64395 8.60905 11.473 15.821 19.2465 14.2044 7.47338 3.29998 1.81631 1.81631 3.29998 7.46236 
7.60647 2.92069 1.37006 1.04383 1.04356 1.3686 2.92069 7.60647 14.9793 7.07308 2.75908 1.46277 1.46051 2.75352 7.01505 15.1009 26.606 30.0532 32.4027 33.253 33.243 32.3589 30.0309 26.5934 29.5477 32.394 33.0168 32.673 32.6363 32.9907 32.3911 29.5485 24.7361 29.8623 31.9671 32.6811 32.7605 31.9043 29.7736 24.7359 14.7157 13.4325 12.5901 13.0847 12.9668 12.5913 13.539 14.8907 11.5315 7.73436 4.57235 2.71253 2.68624 4.54168 7.72812 
7.66386 2.9283 1.37152 1.04347 1.04318 1.37005 2.9283 7.66386 15.1834 7.09836 2.73981 1.45704 1.45441 2.73212 7.03302 15.299 27.2553 30.8035 33.1897 33.9883 33.9783 33.1513 30.793 27.2633 29.9089 32.5988 33.3232 33.3674 33.3658 33.3209 32.5985 29.9119 25.1034 30.7323 33.091 33.801 33.8096 33.0768 30.6968 25.1719 14.1741 13.5752 13.8014 15.6784 15.5412 13.7834 13.6367 14.282 10.9258 7.8685 5.22414 3.27417 3.23484 5.19413 7.86905 
7.67704 2.91359 1.36284 1.04154 1.04127 1.36148 2.91359 7.67704 15.3202 7.1156 2.7349 1.45006 1.44751 2.72771 7.05454 15.441 27.6031 31.1596 33.5039 34.2491 34.2401 33.4691 31.1466 27.6088 30.1688 32.6371 33.4622 33.7073 33.7055 33.4603 32.6366 30.1714 25.5865 31.074 33.5251 34.3041 34.3164 33.5184 31.0501 25.6628 14.904 14.0219 13.9649 15.3968 15.2678 13.9502 14.0703 14.9989 11.0988 7.75925 4.92432 3.04262 3.00788 4.89411 7.75852 
7.65563 2.87238 1.34194 1.03683 1.03672 1.34136 2.87238 7.65563 15.3983 7.09064 2.71974 1.42344 1.4221 2.7165 7.05031 15.5262 27.7654 31.3059 33.6325 34.3091 34.3035 33.6129 31.3005 27.7688 30.3606 32.5527 33.4479 33.8831 33.8823 33.4472 32.5525 30.363 26.1026 31.3319 33.7453 34.4398 34.4469 33.744 31.3184 26.1765 15.9971 14.4763 13.8351 14.1917 14.1217 13.8219 14.498 16.0421 11.4494 7.3989 4.36149 2.57594 2.56193 4.34076 7.39429 
7.64881 2.87006 1.34136 1.03672 1.03683 1.34194 2.87238 7.65563 15.3983 7.09064 2.71974 1.42344 1.42344 2.71974 7.09064 15.3983 27.7688 31.3005 33.6129 34.3035 34.3035 33.6129 31.3059 27.7654 30.363 32.5525 33.4472 33.8823 33.8823 33.4472 32.5525 30.363 26.1765 31.3184 33.744 34.4469 34.4469 33.744 31.3184 26.1765 15.9971 14.4763 13.8351 14.1917 14.1917 13.8351 14.4763 15.9971 11.4986 7.39429 4.36149 2.57594 2.57594 4.36149 7.3989 
7.6597 2.90805 1.36148 1.04127 1.04154 1.36284 2.91359 7.67704 15.3202 7.1156 2.7349 1.45006 1.45006 2.7349 7.1156 15.3202 27.6088 31.1466 33.4691 34.2401 34.2401 33.4691 31.1596 27.6031 30.1714 32.6366 33.4603 33.7055 33.7055 33.4603 32.6366 30.1714 25.6628 31.0501 33.5184 34.3164 34.3164 33.5184 31.0501 25.6628 14.904 14.0219 13.9649 15.3968 15.3968 13.9649 14.0219 14.904 11.1716 7.75852 4.92432 3.04262 3.04262 4.92432 7.75925 
7.64467 2.92225 1.37005 1.04318 1.04347 1.37152 2.9283 7.66386 15.1834 7.09836 2.73981 1.45704 1.45704 2.73981 7.09836 15.1834 27.2633 30.793 33.1513 33.9783 33.9783 33.1513 30.8035 27.2553 29.9119 32.5985 33.3209 33.3658 33.3658 33.3209 32.5985 29.9119 25.1719 30.6968 33.0768 33.8096 33.8096 33.0768 30.6968 25.1719 14.1741 13.5752 13.8014 15.6784 15.6784 13.8014 13.5752 14.1741 10.9968 7.86905 5.22414 3.27417 3.27417 5.22414 7.8685 
7.58691 2.91448 1.3686 1.04356 1.04383 1.37006 2.92069 7.60647 14.9793 7.07308 2.75908 1.46277 1.46277 2.75908 7.07308 14.9793 26.5934 30.0309 32.3589 33.243 33.243 32.3589 30.0532 26.606 29.5485 32.3911 32.9907 32.6363 32.6363 32.9907 32.3911 29.5485 24.7359 29.7736 31.9043 32.7605 32.7605 31.9043 29.7736 24.7359 14.7157 13.4325 12.5901 13.0847 13.0847 12.5901 13.4325 14.7157 11.6066 7.72812 4.57235 2.71253 2.71253 4.57235 7.73436 
7.25768 2.92117 1.39715 1.05073 1.05074 1.39793 2.92593 7.28366 14.1811 6.9671 2.89707 1.53564 1.53847 2.90493 6.98606 14.196 24.5777 28.7067 31.2621 32.2505 32.2505 31.2621 28.6495 24.9002 24.6414 26.2926 26.6285 26.6091 26.6059 26.6278 26.2926 24.6414 21.2033 25.4897 28.1463 29.3447 29.2996 28.0942 25.4897 21.2033 15.3949 13.3344 10.7313 8.42364 8.42364 10.7313 13.3344 15.3949 11.3223 6.04498 2.88648 1.68511 1.69509 2.90827 6.0773 
7.11352 2.82593 1.34973 1.0381 1.03799 1.34984 2.8297 7.14503 14.1741 6.80091 2.77942 1.46746 1.47078 2.7893 6.82367 14.1737 25.2879 29.563 32.2067 33.2934 33.2934 32.2067 29.3759 25.4941 25.7846 26.9254 27.5086 27.6748 27.6758 27.5081 26.9254 25.7846 23.556 27.3516 30.0201 31.352 31.3319 29.9846 27.3516 23.556 17.0851 14.477 11.1742 8.42595 8.42595 11.1742 14.477 17.0851 12.3096 6.11896 2.73825 1.58305 1.58755 2.74713 6.1333 
6.97844 2.72432 1.30849 1.0303 1.03021 1.30858 2.72776 7.00832 14.0894 6.62199 2.66771 1.4144 1.41746 2.67717 6.64335 14.0888 25.6347 29.9691 32.7168 33.8025 33.8025 32.7168 29.7872 25.8309 26.2184 25.9981 26.6717 27.8216 27.8217 26.6717 25.9981 26.2184 25.2365 28.8254 31.3713 32.6194 32.5882 31.3152 28.8254 25.2365 18.5356 15.4384 11.4817 8.59129 8.59129 11.4817 15.4384 18.5356 13.2403 6.3166 2.75659 1.57522 1.57909 2.76414 6.32902 
6.88953 2.63136 1.27649 1.02665 1.02656 1.27624 2.632 6.90479 14.0282 6.49538 2.5691 1.36544 1.36729 2.57394 6.50489 14.0276 25.7737 30.0729 32.9428 33.9293 33.9293 32.9428 29.9499 25.9036 26.2769 25.5378 26.267 27.7057 27.7058 26.2669 25.5378 26.2769 26.2904 29.883 32.2958 33.3589 33.3373 32.2512 29.883 26.2904 19.4746 16.0812 11.5022 8.55534 8.55534 11.5022 16.0812 19.4746 14.1139 6.66475 2.8076 1.54407 1.54646 2.81105 6.67227 
6.90479 2.632 1.27624 1.02656 1.02665 1.27624 2.632 6.90479 14.0282 6.49538 2.5691 1.36544 1.36544 2.5691 6.49538 14.0282 25.7737 30.0729 32.9714 33.9427 33.9427 32.9714 30.0729 25.7737 26.277 25.5378 26.2669 27.7058 27.7057 26.267 25.5378 26.2769 26.2796 29.8839 32.2512 33.3373 33.3589 32.2958 29.883 26.2904 19.4391 16.0812 11.5022 8.55534 8.58359 11.5327 16.0445 19.5657 14.1139 6.66475 2.8076 1.54407 1.54407 2.8076 6.66475 
7.00832 2.72776 1.30858 1.03021 1.0303 1.30858 2.72776 7.00832 14.0894 6.62199 2.66771 1.4144 1.4144 2.66771 6.62199 14.0894 25.6347 29.9691 32.7803 33.8251 33.8251 32.7803 29.9691 25.6347 26.2184 25.9982 26.6717 27.8217 27.8216 26.6717 25.9981 26.2184 25.2148 28.8207 31.3152 32.5882 32.6194 31.3713 28.8254 25.2365 18.5104 15.4384 11.4817 8.59129 8.64055 11.5258 15.3715 18.6344 13.2403 6.3166 2.75659 1.57522 1.57522 2.75659 6.3166 
7.14503 2.8297 1.34984 1.03799 1.0381 1.34984 2.8297 7.14503 14.1741 6.80091 2.77942 1.46746 1.46746 2.77942 6.80091 14.1741 25.2879 29.563 32.2829 33.326 33.326 32.2829 29.563 25.2879 25.7852 26.9247 27.5081 27.6758 27.6748 27.5086 26.9254 25.7846 23.5399 27.3461 29.9846 31.3319 31.352 30.0201 27.3516 23.556 17.0766 14.477 11.1742 8.42595 8.47977 11.2167 14.3953 17.1547 12.3096 6.11896 2.73825 1.58305 1.58305 2.73825 6.11896 
7.28366 2.92593 1.39793 1.05074 1.05073 1.39793 2.92593 7.28366 14.1811 6.9671 2.89707 1.53564 1.53564 2.89707 6.9671 14.1811 24.5777 28.7067 31.2655 32.2255 32.2255 31.2655 28.7067 24.5777 24.639 26.2919 26.6278 26.6059 26.6091 26.6285 26.2926 24.6414 21.2994 25.4196 28.0942 29.2996 29.3447 28.1463 25.4897 21.2033 15.3933 13.3344 10.7313 8.42364 8.54126 10.8021 13.2735 15.4303 11.3223 6.04498 2.88648 1.68511 1.68511 2.88648 6.04498 
7.51668 3.34699 1.60325 1.11085 1.11085 1.60325 3.34699 7.51668 12.6074 7.1729 3.32553 1.8818 1.8818 3.32553 7.1729 12.6074 20.2776 25.6654 28.2235 29.1512 29.1512 28.2235 25.6654 20.2776 12.7945 12.4472 12.8525 13.3308 13.189 12.686 12.2871 12.6701 13.886 18.9068 23.1093 24.8444 24.8444 23.1093 18.9068 13.886 9.30152 7.76622 5.11847 3.48777 3.48787 5.11026 7.74354 9.2602 6.7174 3.29891 1.60179 1.13273 1.13273 1.60179 3.29891 
8.79761 3.9916 1.80791 1.1634 1.1634 1.80791 3.9916 8.79761 14.03 8.58804 4.13467 2.3785 2.3785 4.13467 8.58804 14.03 19.9801 26.5226 30.065 31.4337 31.4337 30.065 26.5226 19.9801 9.46476 9.5405 9.72543 9.5383 9.53694 9.72617 9.53783 9.46001 10.488 17.6612 23.1231 25.1725 25.1725 23.1231 17.6612 10.488 5.09464 3.82554 2.34868 1.59954 1.59966 2.34782 3.8135 5.10301 3.88382 2.151 1.24519 1.03703 1.03703 1.24519 2.151 
9.81222 4.53227 1.98817 1.20775 1.20775 1.98817 4.53227 9.81222 15.0294 9.59534 4.61072 2.59504 2.59504 4.61072 9.59534 15.0294 19.8838 27.0397 31.222 32.7856 32.7856 31.222 27.0397 19.8838 7.98093 8.39496 8.46181 7.96974 7.96907 8.46112 8.39233 7.98092 8.46855 16.6111 23.165 25.5964 25.5964 23.165 16.6111 8.46855 2.90995 1.89853 1.2914 1.08379 1.08389 1.29138 1.8962 2.9242 2.10047 1.37911 1.06263 1.00659 1.00659 1.06263 1.37911 
10.1845 4.71407 2.04238 1.21777 1.21777 2.04238 4.71407 10.1845 15.3379 9.87146 4.69087 2.59154 2.59154 4.69087 9.87146 15.3379 19.6358 27.3533 31.7597 33.1914 33.1914 31.7597 27.3533 19.6358 7.49205 9.95627 10.1478 7.58634 7.58486 10.1486 9.95685 7.48976 7.27168 15.6785 23.1335 25.875 25.875 23.1335 15.6785 7.27168 2.19626 1.33653 1.06044 1.00973 1.0098 1.06077 1.3375 2.20943 1.45465 1.10778 1.01263 1.0006 1.0006 1.01263 1.10778 
10.2073 4.71449 2.04236 1.21776 1.21777 2.04238 4.71407 10.1845 15.3379 9.87146 4.69087 2.59154 2.5913 4.68945 9.86043 15.36 19.6358 27.3533 31.7597 33.1914 33.2155 31.8068 27.4121 19.573 7.48976 9.95685 10.1486 7.58486 7.58634 10.1478 9.95685 7.48976 7.26736 15.6041 23.1885 25.9166 25.875 23.1335 15.6785 7.26806 2.20943 1.3375 1.06077 1.0098 1.0098 1.06044 1.33653 2.19626 1.45465 1.10778 1.01263 1.0006 1.0006 1.01262 1.10778 
9.85015 4.53281 1.98815 1.20774 1.20775 1.98817 4.53227 9.81222 15.0294 9.59534 4.61072 2.59504 2.59452 4.60816 9.57892 15.0564 19.8838 27.0397 31.222 32.7856 32.8218 31.3057 27.1412 19.7823 7.98092 8.39233 8.46112 7.96907 7.96974 8.46181 8.39233 7.98092 8.45079 16.5274 23.2451 25.6644 25.5964 23.165 16.6111 8.43527 2.9242 1.8962 1.29138 1.08389 1.08413 1.2914 1.89853 2.90995 2.10047 1.37911 1.06263 1.00659 1.00659 1.06264 1.37903 
8.83597 3.99205 1.8079 1.1634 1.1634 1.80791 3.9916 8.79761 14.03 8.58804 4.13467 2.3785 2.37714 4.12874 8.56543 14.06 19.9801 26.5226 30.065 31.4337 31.4696 30.1382 26.6144 19.9044 9.46001 9.53783 9.72617 9.53694 9.5383 9.72543 9.53783 9.46001 10.4758 17.6054 23.1908 25.2313 25.1725 23.1231 17.6612 10.4655 5.10301 3.8135 2.34782 1.59966 1.6021 2.34868 3.82554 5.09464 3.88382 2.151 1.24519 1.03703 1.03719 1.24571 2.15096 
7.52 3.34708 1.60323 1.11085 1.11085 1.60325 3.34699 7.51668 12.6074 7.1729 3.32553 1.8818 1.88304 3.33138 7.17681 12.6451 20.2776 25.6654 28.2235 29.1512 29.0422 28.1202 25.5858 20.1629 12.6701 12.2871 12.686 13.189 13.3308 12.8525 12.2871 12.6701 13.7574 18.7071 22.8415 24.6279 24.8444 23.1093 18.9068 13.7165 9.2602 7.74354 5.11026 3.48787 3.47885 5.11847 7.76622 9.30152 6.7174 3.29891 1.60179 1.13273 1.13278 1.59985 3.28188 
3.02076 1.59505 1.12119 1.01775 1.01769 1.12033 1.59067 3.00431 5.59833 3.08481 1.59892 1.14054 1.14283 1.6041 3.09145 5.64882 11.5794 15.1196 16.4312 17.2187 17.2187 16.4312 15.1196 11.5794 4.99218 4.14223 4.067 4.43855 4.43855 4.067 4.14223 4.99218 6.95305 10.5827 13.2181 14.8105 14.9298 13.3411 10.7118 7.06273 3.36693 2.99758 2.00051 1.56614 1.56058 1.98894 2.98265 3.33479 2.00484 1.19119 1.01585 0.999307 0.999307 1.01585 1.1942 
1.77122 1.22937 1.04594 1.00556 1.00561 1.0462 1.23018 1.77204 2.76253 1.68431 1.15174 1.02514 1.02511 1.15229 1.68879 2.78908 5.6122 7.46281 8.42448 8.37114 8.37114 8.42448 7.46281 5.6122 2.36231 1.87696 1.81159 2.02423 2.02423 1.81159 1.87696 2.36231 3.4423 5.74052 7.28654 7.87492 7.83921 7.2501 5.73177 3.46051 1.67253 1.45857 1.19467 1.07838 1.078 1.19368 1.45853 1.66981 1.27569 1.03632 1.00117 0.999462 0.999462 1.00117 1.03632 
1.19166 1.05265 1.00838 1.00063 1.00064 1.00842 1.05282 1.19208 1.4456 1.13236 1.02066 1.00171 1.00171 1.02071 1.13283 1.45382 2.76127 3.64884 4.12734 3.83586 3.83586 4.12734 3.64884 2.76127 1.29641 1.1485 1.13031 1.19043 1.19043 1.13031 1.1485 1.29641 1.70383 2.85623 3.70267 3.72337 3.71609 3.69475 2.8608 1.71313 1.10486 1.05681 1.01873 1.00536 1.00531 1.0186 1.05676 1.10396 1.04579 1.00549 1.00015 0.999905 0.999905 1.00015 1.00547 
1.04105 1.00906 1.00099 0.999839 0.99984 1.001 1.00908 1.04112 1.0911 1.01823 1.00128 0.999701 0.9997 1.00128 1.01823 1.09359 1.66503 2.10101 2.31322 2.1398 2.1398 2.31322 2.10101 1.66503 1.05599 1.02127 1.0176 1.03221 1.03221 1.0176 1.02127 1.05599 1.17631 1.67038 2.11695 2.15394 2.15236 2.11485 1.67218 1.17805 1.0115 1.00407 1.00063 0.999942 0.999937 1.00062 1.00407 1.01133 1.00605 1.00066 0.99993 0.999986 0.999986 0.99993 1.00066 
1.04112 1.00908 1.001 0.99984 0.99984 1.001 1.00908 1.04112 1.09359 1.01823 1.00128 0.9997 0.9997 1.00128 1.01823 1.0911 1.67162 2.11485 2.328 2.14938 2.1398 2.31322 2.11485 1.67162 1.05584 1.02126 1.0176 1.03222 1.03221 1.0176 1.02127 1.05599 1.17648 1.67785 2.13152 2.15236 2.15394 2.11695 1.67038 1.17631 1.01133 1.00407 1.00062 0.999937 0.99994 1.00062 1.00407 1.01133 1.00605 1.00066 0.99993 0.999986 0.999986 0.99993 1.00066 
1.19208 1.05282 1.00842 1.00064 1.00064 1.00842 1.05282 1.19208 1.45382 1.13283 1.02071 1.00171 1.00171 1.02071 1.13236 1.4456 2.77503 3.68023 4.15882 3.8547 3.83586 4.12734 3.68023 2.77503 1.29539 1.14836 1.13028 1.19045 1.19043 1.13031 1.1485 1.29641 1.69923 2.87385 3.73112 3.71609 3.72337 3.70267 2.85623 1.70383 1.10396 1.05676 1.0186 1.00531 1.00531 1.0186 1.05676 1.10396 1.04579 1.00549 1.00015 0.999905 0.999905 1.00015 1.00549 
1.77204 1.23018 1.0462 1.00561 1.00561 1.0462 1.23018 1.77204 2.78908 1.68879 1.15229 1.02511 1.02511 1.15229 1.68431 2.76253 5.62963 7.50638 8.46565 8.40197 8.37114 8.42448 7.50638 5.62963 2.35914 1.87469 1.80935 2.02287 2.02423 1.81159 1.87696 2.36231 3.42234 5.76003 7.29353 7.83921 7.87492 7.28654 5.74052 3.4423 1.66981 1.45853 1.19368 1.078 1.07808 1.19368 1.45853 1.66981 1.27569 1.03632 1.00117 0.999462 0.999462 1.00117 1.03632 
3.00431 1.59067 1.12033 1.01769 1.01769 1.12033 1.59067 3.00431 5.64882 3.09145 1.6041 1.14283 1.14283 1.6041 3.08481 5.59833 11.5032 15.0258 16.3169 17.1148 17.2187 16.4312 15.0258 11.5032 4.96122 4.11942 4.04326 4.40899 4.43855 4.067 4.14223 4.99218 6.82779 10.4624 13.2536 14.9298 14.8105 13.2181 10.5827 6.95305 3.33479 2.98265 1.98894 1.56058 1.54955 1.98894 2.98265 3.33479 2.00484 1.19119 1.01585 0.999307 0.999307 1.01585 1.19119 
1.64579 1.14259 1.02171 1.00293 1.00293 1.02171 1.14259 1.64579 2.77542 1.78749 1.21501 1.04716 1.04716 1.21501 1.79056 2.78054 4.73415 6.30669 6.95327 7.63808 7.63808 6.95327 6.30669 4.73415 2.28462 2.23749 2.22152 2.05771 2.05771 2.22152 2.23749 2.28462 3.13012 5.08206 6.69896 7.59031 7.59031 6.69896 5.08206 3.13012 1.62511 1.53695 1.22051 1.0795 1.07927 1.22051 1.53695 1.62511 1.207 1.03664 1.00402 1.00017 1.00017 1.00402 1.03664 
1.14492 1.03509 1.00548 1.00044 1.00044 1.00548 1.03509 1.14492 1.45752 1.17618 1.04041 1.00679 1.00679 1.04041 1.17711 1.45639 2.80632 3.78606 4.19013 4.24648 4.24648 4.19013 3.78606 2.80632 1.3471 1.40695 1.39921 1.29465 1.29465 1.39921 1.40695 1.3471 1.46192 2.01496 2.55664 2.92655 2.92655 2.55664 2.01496 1.46192 1.09136 1.08073 1.02752 1.00652 1.00647 1.02752 1.08073 1.09136 1.03062 1.00508 1.00041 0.999956 0.999956 1.00041 1.00508 
1.02154 1.00543 1.00058 0.999924 0.999924 1.00058 1.00543 1.02154 1.08608 1.02541 1.00423 1.00033 1.00033 1.00423 1.02559 1.08507 1.73453 2.28404 2.53655 2.25367 2.25367 2.53655 2.28404 1.73453 1.06519 1.09191 1.09021 1.05609 1.05609 1.09021 1.09191 1.06519 1.06275 1.16987 1.28578 1.37532 1.37532 1.28578 1.16987 1.06275 1.00809 1.00806 1.00198 1.00021 1.00021 1.00198 1.00806 1.00809 1.00268 1.00046 0.999957 0.999991 0.999991 0.999957 1.00046 
1.00217 1.00048 0.999935 0.999963 0.999963 0.999935 1.00048 1.00217 1.01086 1.00204 1.00007 0.99986 0.99986 1.00007 1.00206 1.0106 1.22403 1.45265 1.55624 1.41785 1.41785 1.55624 1.45265 1.22403 1.00755 1.01279 1.01271 1.0065 1.0065 1.01271 1.01279 1.00755 1.0052 1.01583 1.03236 1.04367 1.04367 1.03236 1.01583 1.0052 1.00031 1.00023 0.999961 0.999897 0.999897 0.999961 1.00023 1.00031 1.00024 0.999943 0.999986 1 1 0.999986 0.999943 
0 0 0 0 0.999963 0.999935 1.00048 1.00217 1.0106 1.00206 1.00008 0.99986 0.99986 1.00007 1.00204 1.01086 1.22403 1.45265 1.55624 1.41785 1.41357 1.54799 1.44601 1.22136 1.00769 1.01262 1.01254 1.00641 1.0065 1.01271 1.01279 1.00755 1.00517 1.01591 1.03274 1.04377 1.04367 1.03236 1.01583 1.0052 1.0003 1.00022 0.999956 0.999897 0.999897 0.999961 1.00023 1.00031 1.00024 0.999943 0.999986 1 0 0 0 
0 0 0 0 0.999924 1.00058 1.00543 1.02154 1.08507 1.02559 1.00426 1.00033 1.00033 1.00423 1.02541 1.08608 1.73453 2.28404 2.53655 2.25367 2.24195 2.51679 2.26754 1.72658 1.06575 1.09079 1.0891 1.05554 1.05609 1.09021 1.09191 1.06519 1.06268 1.17058 1.28794 1.37605 1.37532 1.28578 1.16987 1.06275 1.00809 1.00796 1.00195 1.00021 1.00021 1.00198 1.00806 1.00809 1.00268 1.00046 0.999957 0.999991 0 0 0 
0 0 0 0 1.00044 1.00548 1.03509 1.14492 1.45639 1.17711 1.04062 1.00681 1.00679 1.04041 1.17618 1.45752 2.80632 3.78606 4.19013 4.24648 4.23149 4.17879 3.77508 2.79799 1.34786 1.40322 1.39543 1.29257 1.29465 1.39921 1.40695 1.3471 1.46259 2.01904 2.5663 2.9309 2.92655 2.55664 2.01496 1.46192 1.09155 1.08017 1.0273 1.00647 1.00652 1.02752 1.08073 1.09136 1.03062 1.00508 1.00041 0.999956 0 0 0 
