0 0 0 0 1.00002 1.00002 1.00001 1.00006 1.00224 1.00008 1.00002 1.00002 1.00002 1.00002 1.00008 1.00225 1.00405 1.00215 1.00137 1.00208 1.00203 1.00137 1.00203 1.00418 1.10427 1.08516 1.04958 1.0479 1.04713 1.04874 1.08291 1.102 1.2015 1.32809 1.26499 1.22447 1.21938 1.26193 1.31761 1.19085 1.20412 1.15759 1.00833 1.00013 1.00013 1.00826 1.15594 1.20218 1.00756 1.00008 1.00001 1.00002 0 0 0 
0 0 0 0 0.999997 0.999997 0.999994 1.00002 1.00003 0.999963 0.999999 0.999997 0.999997 0.999999 0.999963 1.00003 1.00007 0.99997 0.999997 1.00001 1.00001 0.999998 0.99997 1.00008 1.00546 1.00534 1.00229 1.00203 1.00196 1.0022 1.00512 1.00523 1.00357 1.00878 1.00676 1.00429 1.00439 1.00701 1.00888 1.00349 1.00394 1.00288 1.00006 0.999976 0.999975 1.00006 1.0029 1.00396 1.00011 0.999985 0.999997 0.999997 0 0 0 
0 0 0 0 1 1 0.999997 1.00002 1 0.999976 1 1 1 1 0.999976 1 1.00001 0.999966 0.999996 0.99999 0.99999 0.999995 0.999965 1.00001 1.00018 1.00013 1.00006 1.00005 1.00005 1.00006 1.00012 1.00017 1 1.00002 1.00008 1 1 1.00009 1.00002 0.999996 1.00003 0.99999 0.999988 1 1 0.999988 0.99999 1.00003 1.00001 0.999997 1 1 0 0 0 
0 0 0 0 1 1 0.999997 1.00002 1.00001 0.999976 1 1 1 1 0.999976 1.00001 1.00002 0.999975 1 1 1 1 0.999975 1.00002 1 0.999951 0.999988 0.999988 0.999988 0.999989 0.999952 1 1.00003 0.999964 0.999988 0.999998 0.999998 0.999988 0.999964 1.00003 1 0.99997 1 1 1 1 0.99997 1 1.00002 0.999997 1 1 0 0 0 
1.00002 0.999997 1 1 1 1 0.999997 1.00002 1.00001 0.999976 1 1 1 1 0.999976 1.00001 1.00002 0.999975 1 1 1 1 0.999975 1.00002 1 0.999951 0.999988 0.999988 0.999988 0.999988 0.999951 1 1.00003 0.999964 0.999988 0.999998 0.999998 0.999988 0.999964 1.00003 1 0.99997 1 1 1 1 0.99997 1 1.00002 0.999997 1 1 1 1 0.999997 
1.00002 0.999997 1 1 1 1 0.999997 1.00002 1 0.999976 1 1 1 1 0.999976 1 1.00001 0.999965 0.999995 0.99999 0.99999 0.999995 0.999965 1.00001 1.00018 1.00013 1.00006 1.00005 1.00005 1.00006 1.00013 1.00018 0.999996 1.00002 1.00009 1 1 1.00009 1.00002 0.999996 1.00003 0.99999 0.999988 1 1 0.999988 0.99999 1.00003 1.00001 0.999997 1 1 1 1 0.999997 
1.00002 0.999994 0.999997 0.999997 0.999997 0.999997 0.999994 1.00002 1.00003 0.999963 0.999999 0.999997 0.999997 0.999999 0.999963 1.00003 1.00008 0.99997 0.999998 1.00001 1.00001 0.999998 0.99997 1.00008 1.00546 1.00534 1.00229 1.00203 1.00203 1.00229 1.00534 1.00546 1.00349 1.00888 1.00701 1.00439 1.00439 1.00701 1.00888 1.00349 1.00396 1.0029 1.00006 0.999975 0.999976 1.00006 1.0029 1.00396 1.00011 0.999985 0.999997 0.999997 0.999997 0.999997 0.999985 
1.00006 1.00001 1.00002 1.00002 1.00002 1.00002 1.00001 1.00006 1.00224 1.00008 1.00002 1.00002 1.00002 1.00002 1.00008 1.00224 1.00418 1.00203 1.00137 1.00203 1.00203 1.00137 1.00203 1.00418 1.10427 1.08516 1.04958 1.0479 1.0479 1.04958 1.08516 1.10427 1.19085 1.31761 1.26193 1.21938 1.21938 1.26193 1.31761 1.19085 1.20218 1.15594 1.00826 1.00013 1.00013 1.00833 1.15594 1.20218 1.00756 1.00008 1.00001 1.00002 1.00002 1.00001 1.00008 
1.00426 1.00003 0.999999 1.00001 1.00001 1 1.00003 1.00427 1.12014 1.007 1.00011 0.999998 0.999998 1.0001 1.00644 1.11204 1.14304 1.12084 1.06775 1.09409 1.08987 1.06249 1.10619 1.13353 2.12731 1.3822 1.31271 1.37649 1.35635 1.29099 1.36336 2.11418 5.38188 6.54816 6.2041 5.91503 6.15261 6.44971 6.79854 5.60205 4.70765 4.09896 1.39209 1.01413 1.0149 1.37706 4.09896 4.70765 1.40314 1.01123 1.0001 0.999994 0.999994 1.00009 1.01121 
1.00007 0.99997 0.999976 0.999976 0.999976 0.999976 0.99997 1.00007 1.00165 0.999996 0.999972 0.999976 0.999976 0.999972 0.999999 1.00164 1.00234 1.00113 1.00031 1.00096 1.00101 1.0003 1.00124 1.00263 1.09077 1.08767 1.05638 1.04485 1.0454 1.057 1.08931 1.09292 1.39536 1.5636 1.38214 1.36898 1.36683 1.38359 1.55412 1.38563 1.25345 1.19434 1.01008 1.00012 1.00013 1.00977 1.19434 1.25345 1.01643 1.00023 0.999953 0.999975 0.999976 0.999954 1.00023 
1.00001 0.999999 1 1 1 1 0.999999 1.00001 0.999997 0.999964 1 1 1 1 0.999964 0.999997 1.00003 0.999943 0.999975 0.999971 0.99997 0.999976 0.999947 1.00002 1.00465 1.00595 1.00275 1.00235 1.00244 1.00286 1.00618 1.00484 1.01542 1.02343 1.00955 1.01109 1.01066 1.00939 1.02257 1.0147 1.00561 1.00381 1.00007 0.999976 0.999977 1.00006 1.00381 1.00561 1.00023 0.999975 1 1 1 1 0.999975 
1.00002 0.999997 1 1 1 1 0.999997 1.00002 1.00001 0.999976 1 1 1 1 0.999976 1.00001 1.00003 0.999977 1 1 1 1 0.999976 1.00003 1.00014 1.00013 1.00006 1.00005 1.00005 1.00007 1.00015 1.00015 1.00027 1.00035 1.00005 1.00013 1.00011 1.00005 1.00032 1.00025 1.00003 0.999989 0.999987 1 1 0.999987 0.999989 1.00003 1.00001 0.999996 1 1 1 1 0.999996 
1.00002 0.999997 1 1 1 1 0.999997 1.00002 1.00001 0.999976 1 1 1 1 0.999976 1.00001 1.00003 0.999977 1 1 1 1 0.999977 1.00003 1.00015 1.00015 1.00007 1.00005 1.00005 1.00007 1.00015 1.00015 1.00025 1.00032 1.00005 1.00011 1.00011 1.00005 1.00029 1.00022 1.00003 0.999989 0.999987 1 1 0.999987 0.999989 1.00003 1.00001 0.999996 1 1 1 1 0.999996 
1.00001 0.999999 1 1 1 1 0.999999 1.00001 0.999997 0.999964 1 1 1 1 0.999964 0.999997 1.00003 0.999943 0.999975 0.999971 0.999971 0.999975 0.999943 1.00003 1.00484 1.00618 1.00286 1.00244 1.00244 1.00286 1.00618 1.00484 1.0147 1.02257 1.00939 1.01066 1.01066 1.00939 1.02161 1.01394 1.00561 1.00381 1.00007 0.999976 0.999976 1.00006 1.00381 1.00548 1.00023 0.999975 1 1 1 1 0.999975 
1.00007 0.99997 0.999976 0.999976 0.999976 0.999976 0.99997 1.00007 1.00165 0.999996 0.999972 0.999976 0.999976 0.999972 0.999996 1.00165 1.00234 1.00113 1.00031 1.00096 1.00096 1.00031 1.00113 1.00234 1.09292 1.08931 1.057 1.0454 1.0454 1.057 1.08931 1.09292 1.38563 1.55412 1.38359 1.36683 1.36683 1.38359 1.54586 1.37799 1.25397 1.19551 1.01023 1.00012 1.00011 1.01013 1.19434 1.25196 1.01647 1.00023 0.999954 0.999976 0.999975 0.999953 1.00023 
1.00427 1.00003 1 1.00001 1.00001 1 1.00003 1.00427 1.12014 1.007 1.00011 0.999998 0.999998 1.00011 1.007 1.12014 1.14304 1.12084 1.06775 1.09409 1.09409 1.06775 1.12084 1.14304 2.11418 1.36336 1.29099 1.35635 1.35635 1.29099 1.36336 2.11418 5.60205 6.79854 6.44971 6.15261 6.15261 6.44971 6.77948 5.57392 4.82005 4.20394 1.40977 1.0142 1.01298 1.40806 4.09896 4.81487 1.40158 1.01121 1.00009 0.999994 0.999994 1.0001 1.01123 
1.32262 1.01023 1.0001 1.00001 1.00001 1.0001 1.01023 1.32262 4.05449 1.36456 1.01178 1.00011 1.00011 1.01178 1.36456 4.05449 6.08617 5.81204 4.06295 4.28575 4.28575 4.06295 5.81204 6.08617 10.0406 4.96728 4.79813 5.23454 5.42745 5.00259 5.1634 10.2021 25.3302 27.7888 27.6828 27.0129 27.0129 27.6828 28.3287 25.8442 23.912 22.4644 6.5353 1.52056 1.52067 6.53808 22.4861 24.038 6.92004 1.42985 1.01044 1.00006 1.00006 1.01038 1.42854 
1.01334 1.00022 0.99995 0.999974 0.999974 0.99995 1.00022 1.01334 1.23406 1.01297 1.00014 0.99995 0.99995 1.00014 1.01297 1.23406 1.6929 1.30099 1.20753 1.56282 1.56282 1.20753 1.30099 1.6929 8.66488 1.81524 1.3394 1.73422 1.73043 1.33479 1.8029 8.62251 30.1437 33.3193 33.7445 32.9678 32.9678 33.7445 33.3739 30.1498 27.8391 25.7514 7.3971 1.60923 1.6092 7.39644 25.746 27.9664 7.78756 1.49622 1.01208 1.00002 1.00002 1.01205 1.49619 
1.00064 0.999998 0.999998 1 1 0.999998 0.999998 1.00064 1.00666 1.00018 0.999987 1 1 0.999987 1.00018 1.00666 1.32213 1.00973 1.04975 1.39295 1.39295 1.04975 1.00973 1.32213 6.83763 1.46363 1.0213 1.36659 1.36613 1.02171 1.45545 6.8066 24.492 26.9078 27.1289 26.5239 26.5239 27.1289 26.9635 24.5105 22.7252 21.0813 6.08226 1.4716 1.47197 6.09176 21.1567 22.8854 6.35412 1.38068 1.00891 1.00003 1.00003 1.0089 1.38066 
0.998633 0.99993 1 1 1 1 0.99993 0.998633 1.00297 1 0.999955 0.999997 0.999997 0.999955 1 1.00297 1.02974 0.999404 1.00207 1.02776 1.02776 1.00207 0.999404 1.02974 2.2399 1.24744 1.15801 1.15703 1.15703 1.15792 1.24642 2.23571 8.37793 9.18214 9.18693 8.86663 8.86663 9.18693 9.19019 8.37884 7.98591 7.62752 1.8573 1.03557 1.03519 1.84748 7.55096 7.95216 1.9269 1.03105 1.00029 0.999982 0.999982 1.00028 1.03105 
0.998638 0.99993 1 1 1 1 0.99993 0.998633 1.00297 1 0.999955 0.999997 0.999997 0.999958 1.00015 1.00579 1.02974 0.999404 1.00207 1.02776 1.02761 1.00203 0.996638 1.02604 2.23571 1.24642 1.15792 1.15703 1.15703 1.15792 1.24642 2.23571 8.37884 9.19019 9.17795 8.87823 8.87823 9.17795 9.15419 8.34187 7.98918 7.63038 1.8525 1.03519 1.03557 1.8573 7.55576 7.95518 1.92716 1.03105 1.00028 0.999982 0.999982 1.00029 1.03105 
1.00064 0.999998 0.999998 1 1 0.999998 0.999998 1.00064 1.00666 1.00018 0.999987 1 1 0.999986 1.00016 1.00686 1.32213 1.00973 1.04975 1.39295 1.39268 1.05343 1.01032 1.32098 6.8066 1.45545 1.02171 1.36613 1.36613 1.02171 1.45545 6.8066 24.5105 26.9635 27.1416 26.5141 26.5141 27.1416 26.9659 24.4391 22.7457 21.108 6.04877 1.47197 1.4716 6.08226 21.2072 22.8966 6.35632 1.38066 1.0089 1.00003 1.00003 1.00891 1.38068 
1.01341 1.00022 0.999949 0.999974 0.999974 0.99995 1.00022 1.01334 1.23406 1.01297 1.00014 0.99995 0.99995 1.00015 1.01305 1.23491 1.6929 1.30099 1.20753 1.56282 1.55782 1.20876 1.29905 1.68834 8.62251 1.8029 1.33479 1.73043 1.73043 1.33479 1.8029 8.62251 30.1498 33.3739 33.7284 32.9634 32.9634 33.7284 33.3321 30.0314 27.858 25.781 7.35168 1.6092 1.60923 7.3971 25.804 27.9649 7.79098 1.49619 1.01205 1.00002 1.00002 1.01208 1.49622 
1.3352 1.01076 1.00011 1.00001 1.00001 1.0001 1.01023 1.32262 4.05449 1.36456 1.01178 1.00011 1.00011 1.01178 1.36359 4.06555 6.08617 5.81204 4.06295 4.28575 3.93908 3.71597 5.48991 5.77337 10.2021 5.1634 5.00259 5.42745 5.42745 5.00259 5.1634 10.2021 25.8442 28.3287 27.8501 27.1731 27.1731 27.8501 27.9867 25.443 24.0643 22.6163 6.52233 1.52067 1.52056 6.5353 22.7727 24.2987 6.89738 1.42854 1.01038 1.00006 1.00006 1.01044 1.42985 
5.92686 1.40284 1.01228 1.00009 1.00009 1.01205 1.40089 5.93277 21.3205 6.20191 1.44104 1.01398 1.01407 1.44291 6.18564 21.4552 30.5431 30.8738 31.268 31.2125 31.4112 31.4686 31.5725 31.1434 30.4841 29.566 29.3813 29.2715 29.2715 29.3813 29.566 30.4841 33.2626 34.2444 34.1533 34.0095 34.0095 34.1533 34.1651 33.1928 27.8531 26.1432 8.17208 1.68832 1.68303 8.10971 26.1786 27.9173 8.52506 1.63324 1.02183 1.00019 1.00019 1.02183 1.63324 
6.98542 1.49585 1.01559 1.00008 1.00007 1.01527 1.49322 6.98929 25.5799 7.36993 1.54244 1.01763 1.01776 1.54485 7.37263 25.7814 34.1945 34.4926 34.5766 34.5754 34.569 34.5705 34.4762 34.0897 34.2261 34.1462 34.1128 34.1599 34.1599 34.1128 34.1462 34.2261 34.0861 34.7926 34.9106 34.909 34.909 34.9106 34.8101 34.178 28.3458 26.6698 8.46142 1.72529 1.71746 8.35839 26.6929 28.3865 8.74894 1.65971 1.02322 1.00016 1.00016 1.02322 1.65971 
7.04969 1.50072 1.01575 1.00011 1.0001 1.01542 1.49808 7.05352 25.93 7.43958 1.54823 1.01784 1.01797 1.55062 7.44445 26.1468 34.7115 34.9344 34.9724 34.9743 34.9743 34.9724 34.9358 34.6559 34.8489 34.8889 34.8958 34.9064 34.9064 34.8958 34.8889 34.8489 34.224 34.9199 34.9905 34.9932 34.9932 34.9905 34.9295 34.3198 28.4247 26.749 8.48768 1.72791 1.72002 8.38493 26.7723 28.4651 8.7755 1.66207 1.02335 1.00019 1.00019 1.02335 1.66207 
7.0508 1.50102 1.01558 1.0001 1.0001 1.01528 1.49884 7.05392 25.9584 7.44582 1.54985 1.0178 1.01791 1.55188 7.4508 26.1706 34.743 34.9637 34.9967 34.9987 34.9987 34.9967 34.9633 34.6872 34.9231 34.9779 34.9893 34.9917 34.9917 34.9893 34.9779 34.9231 34.2525 34.9345 34.9971 34.9996 34.9996 34.9971 34.9419 34.3403 28.4434 26.7913 8.46344 1.72571 1.7198 8.38833 26.8069 28.4757 8.75904 1.65815 1.02285 1.00018 1.00018 1.02285 1.65815 
7.05392 1.49884 1.01528 1.0001 1.0001 1.01528 1.49884 7.05392 25.9584 7.44582 1.54985 1.0178 1.0178 1.54985 7.44582 25.9584 34.6872 34.9633 34.9967 34.9987 34.9987 34.9967 34.9633 34.6872 34.9261 34.9781 34.9893 34.9917 34.9917 34.9893 34.9779 34.9231 34.3403 34.9419 34.9971 34.9996 34.9995 34.9962 34.9345 34.2525 28.4757 26.8069 8.37281 1.71717 1.72571 8.46344 26.7913 28.4434 8.75904 1.65815 1.02285 1.00018 1.00018 1.02289 1.6581 
7.05352 1.49808 1.01542 1.0001 1.0001 1.01542 1.49808 7.05352 25.93 7.43958 1.54823 1.01784 1.01784 1.54823 7.43958 25.93 34.6559 34.9358 34.9724 34.9743 34.9743 34.9724 34.9358 34.6559 34.8525 34.889 34.8958 34.9064 34.9064 34.8958 34.8889 34.8489 34.3198 34.9295 34.9905 34.9932 34.9924 34.9884 34.9199 34.224 28.4651 26.7723 8.36178 1.71644 1.72791 8.48768 26.749 28.4247 8.7755 1.66207 1.02335 1.00019 1.00019 1.02339 1.66201 
6.98929 1.49322 1.01527 1.00007 1.00007 1.01527 1.49322 6.98929 25.5799 7.36993 1.54244 1.01763 1.01763 1.54244 7.36993 25.5799 34.0897 34.4762 34.5705 34.569 34.569 34.5705 34.4762 34.0897 34.2205 34.1364 34.1026 34.1496 34.1599 34.1128 34.1462 34.2261 34.178 34.8101 34.9106 34.909 34.9036 34.9023 34.7926 34.0861 28.3865 26.6929 8.33436 1.71387 1.72529 8.46142 26.6698 28.3458 8.74894 1.65971 1.02322 1.00016 1.00016 1.02326 1.65964 
5.93277 1.40089 1.01205 1.00009 1.00009 1.01205 1.40089 5.93277 21.3205 6.20191 1.44104 1.01398 1.01398 1.44104 6.20191 21.3205 31.1434 31.5725 31.4686 31.4112 31.4112 31.4686 31.5725 31.1434 30.6775 29.7827 29.6002 29.4819 29.2715 29.3813 29.566 30.4841 33.1928 34.1651 34.1533 34.0095 34.1512 34.2796 34.2444 33.2626 27.9173 26.1786 8.09866 1.68066 1.68832 8.17208 26.1432 27.8531 8.52506 1.63324 1.02183 1.00019 1.00019 1.02187 1.63321 
2.0199 1.05625 1.00111 1 1 1.00111 1.05625 2.0199 9.14451 1.83981 1.04239 1.00124 1.00124 1.04239 1.83981 9.14451 32.2615 34.4866 34.7195 34.7317 34.7888 34.7724 34.5074 32.2394 34.843 34.8555 34.8265 34.7978 34.8141 34.8396 34.8682 34.854 34.4774 34.9042 34.9769 34.9763 34.9762 34.9766 34.9043 34.4739 29.5642 26.93 8.04623 1.64659 1.64665 8.04789 26.9313 29.2858 9.03048 1.68486 1.02498 1.00032 1.00035 1.02579 1.69477 
1.8184 1.04912 1.001 0.999957 0.999957 1.001 1.04912 1.8184 7.34842 1.49575 1.02829 1.00102 1.00102 1.02829 1.49575 7.34842 32.2558 34.6337 34.9571 34.9755 34.9749 34.953 34.616 32.2346 34.9388 34.963 34.9687 34.967 34.9665 34.9683 34.9628 34.9393 34.5868 34.9431 34.9857 34.9884 34.9884 34.9856 34.9431 34.5842 29.8854 27.0552 8.0243 1.64452 1.64453 8.0254 27.0538 29.6025 9.10515 1.6895 1.02511 1.00027 1.0003 1.02596 1.70014 
1.813 1.04896 1.00103 0.999986 0.999986 1.00103 1.04896 1.813 7.25061 1.48314 1.02782 1.00104 1.00104 1.02782 1.48314 7.25061 32.2659 34.6569 34.9792 34.9977 34.9976 34.9753 34.6394 32.2447 34.9612 34.9852 34.9961 34.997 34.997 34.9961 34.9853 34.9621 34.608 34.9587 34.9964 34.9989 34.9989 34.9964 34.9588 34.6054 29.9121 27.0678 8.02442 1.64474 1.64473 8.02548 27.0665 29.6297 9.11003 1.68975 1.02514 1.0003 1.00033 1.02599 1.70037 
1.83906 1.04799 1.00095 0.999979 0.999979 1.00095 1.04799 1.83906 7.46266 1.52648 1.02821 1.00097 1.00097 1.02821 1.52648 7.46266 32.2987 34.6647 34.9805 34.999 34.9989 34.9772 34.6497 32.2805 34.9635 34.9872 34.9987 34.9997 34.9997 34.9987 34.9873 34.964 34.6124 34.9609 34.9975 34.9998 34.9998 34.9975 34.961 34.6095 29.9123 27.0692 8.03835 1.64467 1.64467 8.03944 27.068 29.6308 9.09565 1.68605 1.02449 1.00028 1.0003 1.02525 1.69561 
1.82689 1.04729 1.0009 0.999977 0.999979 1.00095 1.04799 1.83906 7.46266 1.52648 1.02821 1.00097 1.00124 1.03198 1.54073 7.63126 32.2805 34.6497 34.9772 34.9989 34.9989 34.9772 34.6497 32.2805 34.964 34.9873 34.9987 34.9997 34.9997 34.9987 34.9873 34.964 34.6095 34.961 34.9975 34.9998 34.9998 34.9975 34.9609 34.6124 29.6308 27.068 8.03835 1.64467 1.64467 8.03835 27.0692 29.9123 9.09565 1.68605 1.02449 1.00028 1.00028 1.02449 1.68605 
1.79897 1.04809 1.00098 0.999983 0.999986 1.00103 1.04896 1.813 7.25061 1.48314 1.02782 1.00104 1.00135 1.03205 1.49864 7.42311 32.2447 34.6394 34.9753 34.9976 34.9976 34.9753 34.6394 32.2447 34.9621 34.9853 34.9961 34.997 34.997 34.9961 34.9853 34.9621 34.6054 34.9588 34.9964 34.9989 34.9989 34.9964 34.9587 34.608 29.6297 27.0665 8.02442 1.64474 1.64474 8.02442 27.0678 29.9121 9.11003 1.68975 1.02514 1.0003 1.0003 1.02514 1.68975 
1.80416 1.04824 1.00095 0.999955 0.999957 1.001 1.04912 1.8184 7.34842 1.49575 1.02829 1.00102 1.00133 1.03251 1.51175 7.52248 32.2346 34.616 34.953 34.9749 34.9749 34.953 34.616 32.2346 34.9393 34.9628 34.9683 34.9665 34.9665 34.9683 34.9628 34.9393 34.5842 34.9431 34.9856 34.9884 34.9884 34.9857 34.9431 34.5868 29.6025 27.0538 8.0243 1.64452 1.64452 8.0243 27.0552 29.8854 9.10515 1.6895 1.02511 1.00027 1.00027 1.02511 1.6895 
1.9939 1.05513 1.00106 1 1 1.00111 1.05625 2.0199 9.14451 1.83981 1.04239 1.00124 1.00152 1.04548 1.84295 9.24644 32.2394 34.5074 34.7724 34.7888 34.7888 34.7724 34.5074 32.2394 34.854 34.8682 34.8396 34.8141 34.8141 34.8396 34.8682 34.854 34.4739 34.9043 34.9766 34.9762 34.9763 34.9769 34.9042 34.4774 29.2858 26.9313 8.04623 1.64659 1.64659 8.04623 26.93 29.5642 9.03048 1.68486 1.02498 1.00032 1.00032 1.02498 1.68486 
1.3251 1.00925 1.00015 1.00003 1.00003 1.0001 1.00842 1.32322 6.13996 1.36419 1.00448 0.999987 0.999987 1.00447 1.36203 6.11979 31.2842 34.5967 34.9615 34.9853 34.9853 34.9615 34.5967 31.2842 34.7691 34.8414 34.8599 34.8314 34.8314 34.8599 34.8414 34.7691 34.0713 34.7309 34.9381 34.9757 34.9811 34.9539 34.7085 34.1364 27.6075 25.6279 8.42111 1.94301 1.9748 8.52572 25.4967 27.4699 9.29697 1.82978 1.0464 1.00105 1.00095 1.04415 1.80684 
1.30184 1.00799 1.00009 0.999982 0.999981 1.00004 1.00719 1.30003 6.01388 1.3524 1.00374 0.999923 0.999923 1.00373 1.35118 6.00676 31.2217 34.603 34.9636 34.9872 34.9872 34.9636 34.603 31.2217 34.908 34.9591 34.9716 34.9696 34.9696 34.9716 34.9591 34.908 34.354 34.9324 34.9847 34.989 34.9892 34.9848 34.9308 34.4433 27.6495 25.6985 8.51125 1.97108 2.00522 8.62629 25.5677 27.5182 9.38102 1.8406 1.04732 1.00102 1.00092 1.045 1.81683 
1.3 1.00791 1.00011 1.00001 1.00001 1.00007 1.0071 1.29819 6.0147 1.35273 1.00379 0.999953 0.999953 1.00379 1.35151 6.00761 31.2282 34.6132 34.974 34.9979 34.9979 34.974 34.6132 31.2282 34.9331 34.9836 34.9963 34.9972 34.9972 34.9963 34.9836 34.9331 34.3806 34.9542 34.9966 34.999 34.999 34.9957 34.9523 34.4693 27.6734 25.7266 8.51359 1.97084 2.005 8.6284 25.5964 27.5426 9.37996 1.84027 1.04728 1.00105 1.00095 1.04497 1.81654 
1.29789 1.00773 1.0001 1.00001 1.00001 1.00006 1.007 1.29608 6.02223 1.35311 1.00382 0.999953 0.999953 1.00382 1.35174 6.01416 31.2244 34.6111 34.9745 34.9987 34.9987 34.9745 34.6111 31.2244 34.9366 34.986 34.9987 34.9997 34.9997 34.9987 34.986 34.9366 34.3821 34.9533 34.9975 34.9999 34.9998 34.9967 34.9513 34.4654 27.8127 25.8815 8.45296 1.93823 1.96783 8.54576 25.7752 27.7017 9.2753 1.81729 1.04431 1.00097 1.00088 1.04228 1.79643 
1.29608 1.007 1.00006 1.00001 1.00001 1.00006 1.007 1.29608 6.01416 1.35174 1.00382 0.999953 0.999953 1.00382 1.35174 6.01416 31.047 34.6281 34.9767 34.9988 34.9987 34.9745 34.6111 31.2244 34.9362 34.9859 34.9987 34.9997 34.9997 34.9987 34.986 34.9366 34.4447 34.9524 34.9967 34.9998 34.9999 34.9975 34.9533 34.3821 27.7017 25.7752 8.54576 1.96783 1.96783 8.54573 25.7752 27.7017 9.2753 1.81729 1.04431 1.00097 1.00097 1.04431 1.81729 
1.29819 1.0071 1.00007 1.00001 1.00001 1.00007 1.0071 1.29819 6.00761 1.35151 1.00379 0.999953 0.999953 1.00379 1.35151 6.00761 31.0494 34.6301 34.9762 34.998 34.9979 34.974 34.6132 31.2282 34.9319 34.9833 34.9963 34.9973 34.9972 34.9963 34.9836 34.9331 34.4505 34.954 34.9956 34.999 34.999 34.9966 34.9542 34.3806 27.5426 25.5964 8.6284 2.005 2.005 8.62844 25.5964 27.5426 9.37996 1.84027 1.04728 1.00105 1.00105 1.04728 1.84027 
1.30003 1.00719 1.00004 0.999981 0.999981 1.00004 1.00719 1.30003 6.00676 1.35118 1.00374 0.999923 0.999923 1.00374 1.35118 6.00676 31.0427 34.6199 34.9658 34.9871 34.9872 34.9636 34.603 31.2217 34.9071 34.9592 34.9719 34.9701 34.9696 34.9716 34.9591 34.908 34.4247 34.9327 34.9849 34.9892 34.989 34.9847 34.9324 34.354 27.5182 25.5677 8.62629 2.00522 2.00522 8.62637 25.5677 27.5182 9.38102 1.8406 1.04732 1.00102 1.00102 1.04732 1.8406 
1.32322 1.00842 1.0001 1.00003 1.00003 1.0001 1.00842 1.32322 6.11979 1.36203 1.00448 0.999987 0.999987 1.00448 1.36203 6.11979 31.0915 34.6132 34.9636 34.9859 34.9853 34.9615 34.5967 31.2842 34.755 34.8297 34.8507 34.8191 34.8314 34.8599 34.8414 34.7691 34.1059 34.702 34.9506 34.979 34.9757 34.9381 34.7309 34.0713 27.4699 25.4967 8.52572 1.9748 1.9748 8.52473 25.4967 27.4699 9.29697 1.82978 1.0464 1.00105 1.00105 1.0464 1.82978 
1.44823 1.01231 1.0001 1.00004 1.00004 1.0001 1.01231 1.44823 6.34841 1.5539 1.01559 1.00015 1.00015 1.01559 1.5539 6.34841 30.7234 34.4413 34.7748 34.7951 34.7951 34.7748 34.4413 30.7234 30.4335 30.351 30.7614 30.828 30.6193 30.5481 30.3473 30.4328 30.7723 31.9777 33.862 34.4989 34.403 33.6736 31.4273 30.0337 26.3806 24.4988 7.71547 1.61779 1.61779 7.71547 24.4988 26.3806 8.28203 1.63717 1.02651 1.00041 1.00041 1.02651 1.63717 
1.19683 1.00145 0.999853 0.999981 0.999981 0.999853 1.00145 1.19683 4.35195 1.22631 1.00344 0.999896 0.999896 1.00344 1.22631 4.35195 30.8103 34.5735 34.9549 34.9766 34.9766 34.9549 34.5735 30.8103 34.1807 34.14 34.1419 34.2029 34.2091 34.1485 34.1405 34.1819 33.8687 34.531 34.8575 34.9403 34.9416 34.8614 34.5329 33.7781 28.296 26.4521 8.23871 1.66696 1.66696 8.23871 26.4521 28.296 8.85753 1.68764 1.02827 1.00038 1.00038 1.02827 1.68764 
1.18646 1.00112 0.999884 1.00001 1.00001 0.999884 1.00112 1.18646 4.24407 1.21651 1.0032 0.999941 0.999941 1.0032 1.21651 4.24407 30.8447 34.6121 34.9759 34.9977 34.9977 34.9759 34.6121 30.8447 34.8527 34.8841 34.8924 34.9042 34.9042 34.8924 34.8841 34.8538 34.319 34.9195 34.9875 34.9961 34.9961 34.9873 34.9128 34.2169 28.6142 26.7626 8.29328 1.67119 1.67119 8.29328 26.7626 28.6142 8.91205 1.69137 1.02838 1.0004 1.0004 1.02838 1.69137 
1.18661 1.00125 0.999886 1.00001 1.00001 0.999886 1.00125 1.18661 4.24986 1.21827 1.0032 0.999932 0.999932 1.0032 1.21827 4.24986 30.8408 34.6155 34.9771 34.9989 34.9989 34.9771 34.6155 30.8408 34.9292 34.9782 34.9885 34.991 34.991 34.9885 34.9782 34.9304 34.3278 34.9463 34.9967 34.9998 34.9997 34.9966 34.9431 34.2432 28.553 26.703 8.21562 1.66085 1.66085 8.21562 26.703 28.553 8.83158 1.67828 1.0269 1.00037 1.00037 1.0269 1.67828 
1.18518 1.00181 0.999925 1.00001 1.00001 0.999886 1.00125 1.18661 4.59176 1.2285 1.0032 0.999932 0.999929 1.00319 1.21827 4.24986 30.8408 34.6155 34.9784 34.9989 34.999 34.9784 34.6164 31.0386 34.9304 34.9782 34.9885 34.991 34.991 34.9885 34.9782 34.9304 34.2432 34.9431 34.9966 34.9997 34.9997 34.9966 34.9431 34.3278 28.5984 26.7384 8.18315 1.65455 1.64255 8.21562 26.703 28.553 8.83158 1.67828 1.0269 1.00037 1.00037 1.02693 1.6789 
1.18505 1.00176 0.999927 1.00001 1.00001 0.999884 1.00112 1.18646 4.59485 1.22782 1.0032 0.999941 0.999925 1.00319 1.21651 4.24407 30.8447 34.6121 34.9774 34.9977 34.9978 34.9774 34.6139 31.0427 34.8538 34.8841 34.8924 34.9042 34.9042 34.8924 34.8841 34.8538 34.2169 34.9128 34.9873 34.9961 34.9961 34.9873 34.9128 34.319 28.6677 26.8055 8.25601 1.6642 1.65094 8.29328 26.7626 28.6142 8.91205 1.69137 1.02838 1.0004 1.0004 1.02841 1.69196 
1.19535 1.00208 0.999895 0.999982 0.999981 0.999853 1.00145 1.19683 4.70159 1.23788 1.00344 0.999896 0.999887 1.00344 1.22631 4.35195 30.8103 34.5735 34.9569 34.9766 34.9776 34.9569 34.572 31.0044 34.1819 34.1405 34.1485 34.2091 34.2091 34.1485 34.1405 34.1819 33.7781 34.5329 34.8614 34.9416 34.9416 34.8614 34.5329 33.8687 28.357 26.5028 8.20169 1.66001 1.64682 8.23871 26.4521 28.296 8.85753 1.68764 1.02827 1.00038 1.00038 1.02829 1.68822 
1.46054 1.01323 1.00014 1.00004 1.00004 1.0001 1.01231 1.44823 6.30268 1.50473 1.01559 1.00015 1.00015 1.01567 1.5539 6.34841 30.7234 34.4413 34.7378 34.7951 34.7555 34.7378 34.4118 30.8431 30.4328 30.3473 30.5481 30.6193 30.6193 30.5481 30.3473 30.4328 30.0337 31.4273 33.6736 34.403 34.403 33.6736 31.4273 30.7723 26.3009 24.4253 7.65489 1.60912 1.5927 7.71547 24.4988 26.3806 8.28203 1.63717 1.02651 1.00041 1.0004 1.02653 1.63762 
5.62237 1.375 1.01072 1.0001 1.00011 1.01112 1.37836 5.61909 20.2721 6.028 1.42713 1.01489 1.01441 1.42379 6.00173 20.3408 28.7964 32.367 31.8652 31.8044 31.8044 31.8652 32.367 28.7964 6.19024 6.03192 6.04392 5.97383 5.97383 6.04392 6.03192 6.19024 7.28048 12.7597 26.5518 30.6345 30.6345 26.5518 12.7597 7.28048 5.17871 5.31585 1.61182 1.02274 1.02267 1.61001 5.30598 5.18218 1.56079 1.01992 1.00032 1.00002 1.00002 1.00033 1.0204 
6.69712 1.46896 1.01355 1.00008 1.00009 1.01404 1.47298 6.69386 24.5321 7.2404 1.53326 1.01897 1.01834 1.52917 7.18967 24.5406 29.9716 34.1628 34.5596 34.5868 34.5868 34.5596 34.1628 29.9716 1.744 1.76752 1.77095 1.73412 1.73412 1.77095 1.76752 1.744 2.12662 8.70746 27.6412 33.1657 33.1657 27.6412 8.70746 2.12662 1.27904 1.27621 1.01837 1.00021 1.00021 1.01813 1.2731 1.27773 1.02582 1.00052 0.999954 0.999973 0.999973 0.999952 1.0005 
6.75695 1.47301 1.01366 1.0001 1.00012 1.01414 1.47704 6.75361 24.8266 7.30286 1.5378 1.01911 1.01848 1.53373 7.2523 24.8406 30.0648 34.3654 34.8905 34.9281 34.9281 34.8905 34.3654 30.0648 1.04806 1.03309 1.03987 1.03737 1.03737 1.03987 1.03309 1.04806 1.66745 8.38177 27.7404 33.3595 33.3595 27.7404 8.38177 1.66745 1.02177 1.00616 1.0002 0.999971 0.999969 1.00012 1.00484 1.02274 1.00121 0.999987 0.999995 1 1 0.999995 0.999989 
6.69048 1.46413 1.01323 1.00009 1.00011 1.01365 1.46763 6.68927 24.6851 7.22001 1.52817 1.01829 1.01774 1.52501 7.18238 24.6868 29.9804 34.283 34.7791 34.8143 34.8143 34.7791 34.283 29.9804 1.26175 1.2454 1.25188 1.25217 1.25217 1.25188 1.2454 1.26175 1.81759 8.39005 27.5702 33.0074 33.0074 27.5702 8.39005 1.81759 1.19821 1.00584 0.999981 0.999965 0.999966 1.00003 1.00675 1.19869 1.01073 1.00013 0.999967 0.999999 0.999999 0.999968 1.00014 
6.68927 1.46763 1.01365 1.00011 1.00011 1.01365 1.46763 6.68927 24.6851 7.22001 1.52817 1.01829 1.01829 1.52817 7.22001 24.6851 29.8092 34.2974 34.778 34.8131 34.8143 34.7791 34.283 29.9804 1.26388 1.24615 1.25193 1.25219 1.25217 1.25188 1.2454 1.26175 1.81816 8.27423 27.6058 33.0287 33.0074 27.5702 8.39005 1.81759 1.19821 1.00587 0.999974 0.999966 0.999969 1.00008 1.00587 1.19821 1.01073 1.00013 0.999967 0.999999 0.999999 0.999967 1.00013 
6.75361 1.47704 1.01414 1.00012 1.00012 1.01414 1.47704 6.75361 24.8266 7.30286 1.5378 1.01911 1.01911 1.5378 7.30286 24.8266 29.8881 34.3863 34.8909 34.9286 34.9281 34.8905 34.3654 30.0648 1.05071 1.03406 1.03993 1.03738 1.03737 1.03987 1.03309 1.04806 1.66785 8.23233 27.7859 33.3899 33.3595 27.7404 8.38177 1.66745 1.02177 1.00619 1.0002 0.999969 0.999967 1.00004 1.00619 1.02177 1.00121 0.999987 0.999995 1 1 0.999995 0.999987 
6.69386 1.47298 1.01404 1.00009 1.00009 1.01404 1.47298 6.69386 24.5321 7.2404 1.53326 1.01897 1.01897 1.53326 7.2404 24.5321 29.805 34.1889 34.5573 34.5856 34.5868 34.5596 34.1628 29.9716 1.75205 1.77548 1.77737 1.73931 1.73412 1.77095 1.76752 1.744 2.1284 8.53383 27.6877 33.202 33.1657 27.6412 8.70746 2.12662 1.27728 1.27558 1.0183 1.00021 1.00021 1.0175 1.27558 1.27728 1.02582 1.00052 0.999954 0.999973 0.999973 0.999954 1.00052 
5.61909 1.37836 1.01112 1.00011 1.00011 1.01112 1.37836 5.61909 20.2721 6.028 1.42713 1.01489 1.01489 1.42713 6.028 20.2721 28.5711 32.2331 31.8656 31.8048 31.8044 31.8652 32.367 28.7964 5.98737 5.8161 5.82885 5.76992 5.97383 6.04392 6.03192 6.19024 7.27535 11.8676 26.237 30.3286 30.6345 26.5518 12.7597 7.28048 5.04594 5.19859 1.59326 1.02267 1.02101 1.57498 5.19859 5.04594 1.56079 1.01992 1.00032 1.00002 1.00002 1.00032 1.01992 
1.21929 1.0068 1.00001 0.999997 0.999997 1.00001 1.0068 1.21929 3.29813 1.24042 1.01131 1.00018 1.00018 1.01131 1.24042 3.29813 7.45597 8.38865 8.668 8.66792 8.66792 8.668 8.38865 7.45597 1.12871 1.12834 1.11869 1.1118 1.1023 1.10938 1.11928 1.11846 1.36674 2.23363 5.8473 6.83225 6.81863 5.84233 2.14553 1.32487 1.08557 1.14808 1.00733 1.0002 1.00024 1.00673 1.14808 1.07682 1.00138 0.999956 1 1.00001 1.00001 1 0.999956 
1.01053 1.0002 0.999957 0.999976 0.999976 0.999957 1.0002 1.01053 1.15355 1.00756 1.00012 0.999948 0.999948 1.00012 1.00756 1.15355 1.58684 1.67932 1.6724 1.67064 1.67064 1.6724 1.67932 1.58684 1.02583 1.02625 1.0271 1.02613 1.0261 1.02705 1.02615 1.02575 0.996316 1.03919 1.46006 1.51758 1.50296 1.44277 1.03701 0.996091 1.00978 1.00214 0.999978 0.999963 0.999963 0.999977 1.00214 1.0099 1.00086 0.999965 0.999973 0.999976 0.999976 0.999973 0.999965 
1.00025 0.999976 0.999999 1 1 0.999999 0.999976 1.00025 1.00383 1.00006 0.999975 1 1 0.999975 1.00006 1.00383 1.0227 1.02664 1.02198 1.02183 1.02183 1.02198 1.02664 1.0227 1.00176 1.00174 1.0018 1.0017 1.0017 1.0018 1.00174 1.00176 0.999311 1.00012 1.01953 1.01918 1.01772 1.01782 1.0001 0.999315 1.00051 0.999978 0.999993 1 1 0.999993 0.999978 1.00051 1.00004 0.999997 1 1 1 1 0.999997 
1.00001 0.999996 1 1 1 1 0.999996 1.00001 1.00005 0.999962 1 1 1 1 0.999962 1.00005 1.00034 1.00035 1.0002 1.00018 1.00018 1.0002 1.00035 1.00034 1.00006 1.00001 1.00004 1.00003 1.00003 1.00004 1.00001 1.00006 1.00002 0.999982 1.00029 1.00023 1.00019 1.00025 0.999982 1.00002 1.00001 0.999977 1 1 1 1 0.999977 1.00001 1.00002 0.999997 1 1 1 1 0.999997 
1.00001 0.999996 1 1 1 1 0.999996 1.00001 1.00005 0.999962 1 1 1 1 0.999962 1.00005 1.00037 1.00039 1.00022 1.0002 1.00018 1.0002 1.00035 1.00034 1.00006 1.00001 1.00004 1.00003 1.00003 1.00004 1.00001 1.00006 1.00002 0.999982 1.00025 1.00019 1.00019 1.00025 0.999982 1.00002 1.00001 0.999977 1 1 1 1 0.999977 1.00001 1.00002 0.999997 1 1 1 1 0.999997 
1.00025 0.999976 0.999999 1 1 0.999999 0.999976 1.00025 1.00383 1.00006 0.999975 1 1 0.999975 1.00006 1.00383 1.02359 1.0277 1.02264 1.02244 1.02183 1.02198 1.02664 1.0227 1.00176 1.00174 1.0018 1.0017 1.0017 1.0018 1.00174 1.00176 0.999315 1.0001 1.01782 1.01772 1.01772 1.01782 1.0001 0.999315 1.00051 0.999978 0.999993 1 1 0.999993 0.999978 1.00051 1.00004 0.999997 1 1 1 1 0.999997 
1.01058 1.0002 0.999958 0.999976 0.999976 0.999957 1.0002 1.01053 1.15355 1.00756 1.00012 0.999948 0.999949 1.00011 1.0075 1.15275 1.60024 1.69516 1.68007 1.67807 1.67064 1.6724 1.67932 1.58684 1.02575 1.02615 1.02705 1.0261 1.0261 1.02705 1.02615 1.02575 0.996091 1.03701 1.44277 1.50296 1.50296 1.44277 1.03701 0.996091 1.0099 1.00203 0.999977 0.999963 0.999964 0.999989 1.00214 1.00978 1.00086 0.999965 0.999973 0.999976 0.999976 0.999973 0.999965 
1.20679 1.00625 0.999999 0.999996 0.999997 1.00001 1.0068 1.21929 3.29813 1.24042 1.01131 1.00018 1.00016 1.01084 1.22612 3.20252 7.19436 8.06523 8.53358 8.5342 8.66792 8.668 8.38865 7.45597 1.11846 1.11928 1.10938 1.1023 1.1023 1.10938 1.11928 1.11846 1.32487 2.14553 5.84233 6.81863 6.81863 5.84233 2.14553 1.32487 1.07682 1.13957 1.00673 1.00018 1.00018 1.00673 1.14808 1.08557 1.00138 0.999956 1 1.00001 1.00001 1 0.999956 
1.00246 0.999983 1.00001 1.00002 1.00002 1.00001 0.999983 1.00246 1.1196 1.00571 1.00014 1.00001 1.00001 1.00014 1.00571 1.1196 1.38131 1.44429 1.50374 1.5077 1.5077 1.50374 1.44429 1.38131 0.977148 0.97709 0.976129 0.976816 0.976816 0.976129 0.97709 0.977148 1.01297 1.03665 1.35176 1.40568 1.40568 1.35176 1.03665 1.01297 0.993518 1.00368 1.00018 1.00002 1.00002 1.00017 1.00343 0.993518 0.999221 1.00002 1.00003 1.00002 1.00002 1.00003 1.00002 
1.00002 0.999992 0.999997 0.999997 0.999997 0.999997 0.999992 1.00002 1.00227 1 0.999977 0.999997 0.999997 0.999977 1 1.00227 1.01201 1.01429 1.01778 1.01855 1.01855 1.01778 1.01429 1.01201 0.999064 0.999005 0.999023 0.999069 0.999069 0.999023 0.999005 0.999064 1.00043 1.00068 1.01057 1.01153 1.01153 1.01057 1.00068 1.00043 0.999591 1.00002 0.999991 0.999997 0.999997 0.999991 1.00001 0.999591 1.00002 0.999997 0.999997 0.999997 0.999997 0.999997 0.999997 
1.00003 0.999997 1 1 1 1 0.999997 1.00003 1.00002 0.999966 1 1 1 1 0.999966 1.00002 1.00011 1.00008 1.00022 1.00025 1.00025 1.00022 1.00008 1.00011 1.00001 0.999961 0.999987 0.999988 0.999988 0.999987 0.999961 1.00001 1.00003 0.999985 1.00004 1.00006 1.00006 1.00004 0.999985 1.00003 1 0.999962 1 1 1 1 0.999963 1 1.00003 0.999997 1 1 1 1 0.999997 
1.00002 0.999997 1 1 1 1 0.999997 1.00002 1.00001 0.999976 1 1 1 1 0.999976 1.00001 1.00001 0.999959 0.999987 0.999984 0.999984 0.999987 0.999959 1.00001 1.00003 0.999981 1.00001 1.00001 1.00001 1.00001 0.999981 1.00003 1.00002 0.999972 0.999995 0.999987 0.999987 0.999995 0.999972 1.00002 1.00001 0.999976 1 1 1 1 0.999976 1.00001 1.00002 0.999997 1 1 1 1 0.999997 
0 0 0 0 1 1 0.999997 1.00002 1.00001 0.999976 1 1 1 1 0.999976 1 1.00001 0.999959 0.999987 0.999984 0.999983 0.999987 0.999959 1.00001 1.00003 0.999981 1.00001 1.00001 1.00001 1.00001 0.999981 1.00003 1.00002 0.999972 0.999995 0.999987 0.999987 0.999995 0.999972 1.00002 1.00001 0.999976 1 1 1 1 0.999976 1.00001 1.00002 0.999997 1 1 0 0 0 
0 0 0 0 1 1 0.999997 1.00003 1.00002 0.999966 1 1 1 1 0.999966 1.00002 1.00011 1.00008 1.00022 1.00025 1.00023 1.0002 1.00007 1.0001 1.00001 0.999963 0.999989 0.99999 0.999988 0.999987 0.999961 1.00001 1.00003 0.999984 1.00004 1.00006 1.00006 1.00004 0.999985 1.00003 1 0.999963 1 1 1 1 0.999962 1 1.00003 0.999997 1 1 0 0 0 
0 0 0 0 0.999997 0.999997 0.999992 1.00002 1.00227 1 0.999977 0.999997 0.999997 0.999977 1.00001 1.00238 1.01201 1.01429 1.01778 1.01855 1.01796 1.01719 1.01404 1.0118 0.999104 0.999046 0.999052 0.999096 0.999069 0.999023 0.999005 0.999064 1.00043 1.00069 1.0106 1.01156 1.01153 1.01057 1.00068 1.00043 0.999634 1.00001 0.999991 0.999997 0.999997 0.999991 1.00002 0.999591 1.00002 0.999997 0.999997 0.999997 0 0 0 
