0 0 0 0 1.00003 1.00003 1.00001 1.00006 1.00229 1.00009 1.00002 1.00003 1.00003 1.00002 1.00009 1.00242 1.00433 1.00219 1.00142 1.00213 1.0021 1.00144 1.00211 1.0045 1.1071 1.08654 1.0503 1.04863 1.04787 1.04949 1.0843 1.10468 1.20905 1.33965 1.27675 1.2352 1.23028 1.27381 1.32932 1.19955 1.21272 1.16372 1.00896 1.00014 1.00015 1.00885 1.16111 1.20853 1.0081 1.00009 1.00001 1.00003 0 0 0 
0 0 0 0 0.999997 0.999997 0.999994 1.00002 1.00003 0.999962 0.999999 0.999997 0.999997 0.999999 0.999962 1.00003 1.00008 0.99997 0.999998 1.00001 1.00001 1 0.99997 1.00009 1.00567 1.00553 1.00237 1.0021 1.00203 1.00228 1.0053 1.00545 1.00387 1.00941 1.00728 1.0047 1.00482 1.00756 1.00952 1.00383 1.00426 1.00309 1.00006 0.999974 0.999975 1.00006 1.00312 1.00425 1.00012 0.999984 0.999996 0.999997 0 0 0 
0 0 0 0 1 1 0.999997 1.00003 1 0.999975 1 1 1 1 0.999975 1 1.00001 0.999965 0.999995 0.99999 0.99999 0.999995 0.999964 1.00001 1.00019 1.00014 1.00007 1.00005 1.00005 1.00006 1.00013 1.00017 1 1.00002 1.00009 1 1.00001 1.0001 1.00003 0.999997 1.00003 0.99999 0.999987 1 1 0.999987 0.999992 1.00003 1.00001 0.999997 1 1 0 0 0 
0 0 0 0 1 1 0.999997 1.00003 1.00001 0.999976 1 1 1 1 0.999975 1.00001 1.00002 0.999974 1 1 1 1 0.999974 1.00002 1 0.99995 0.999988 0.999987 0.999988 0.999988 0.99995 1 1.00003 0.999963 0.999987 0.999997 0.999997 0.999987 0.999963 1.00003 1 0.999969 1 1 1 1 0.999969 1 1.00003 0.999997 1 1 0 0 0 
1.00003 0.999997 1 1 1 1 0.999997 1.00003 1.00001 0.999975 1 1 1 1 0.999976 1.00001 1.00002 0.999974 1 1 1 1 0.999974 1.00002 1 0.99995 0.999988 0.999987 0.999987 0.999988 0.99995 1 1.00003 0.999963 0.999987 0.999997 0.999997 0.999987 0.999963 1.00003 1 0.999969 1 1 1 1 0.999969 1 1.00003 0.999997 1 1 1 1 0.999997 
1.00003 0.999997 1 1 1 1 0.999997 1.00003 1 0.999975 1 1 1 1 0.999975 1 1.00001 0.999965 0.999995 0.99999 0.99999 0.999995 0.999965 1.00001 1.00019 1.00014 1.00007 1.00005 1.00005 1.00007 1.00014 1.00019 0.999997 1.00003 1.0001 1.00001 1.00001 1.0001 1.00003 0.999997 1.00003 0.999992 0.999987 1 1 0.999987 0.99999 1.00003 1.00001 0.999997 1 1 1 1 0.999997 
1.00002 0.999994 0.999997 0.999997 0.999997 0.999997 0.999994 1.00002 1.00003 0.999962 0.999999 0.999997 0.999997 0.999999 0.999962 1.00003 1.00008 0.99997 0.999998 1.00001 1.00001 0.999998 0.99997 1.00008 1.00567 1.00553 1.00237 1.0021 1.0021 1.00237 1.00553 1.00567 1.00383 1.00952 1.00756 1.00482 1.00482 1.00756 1.00952 1.00383 1.00425 1.00312 1.00006 0.999975 0.999974 1.00006 1.00309 1.00426 1.00012 0.999984 0.999996 0.999997 0.999997 0.999996 0.999984 
1.00006 1.00001 1.00003 1.00003 1.00003 1.00003 1.00001 1.00006 1.00242 1.00009 1.00002 1.00003 1.00003 1.00002 1.00009 1.00229 1.00433 1.00219 1.00142 1.00213 1.00213 1.00142 1.00219 1.00433 1.1071 1.08654 1.0503 1.04863 1.04863 1.0503 1.08654 1.1071 1.19955 1.32932 1.27381 1.23028 1.23028 1.27381 1.32932 1.19955 1.20853 1.16111 1.00885 1.00015 1.00014 1.00896 1.16372 1.21272 1.0081 1.00009 1.00001 1.00003 1.00003 1.00001 1.00009 
1.00438 1.00003 0.999999 1.00001 1.00001 0.999999 1.00003 1.00438 1.11166 1.00655 1.0001 0.999997 0.999997 1.0001 1.0071 1.11966 1.14274 1.12059 1.06767 1.09387 1.10086 1.07273 1.12059 1.14274 2.12054 1.38157 1.3123 1.37558 1.36217 1.29481 1.37046 2.14666 5.67297 6.87638 6.53777 6.24115 6.24536 6.54595 6.88143 5.6784 4.89801 4.27161 1.42922 1.01565 1.01451 1.42913 4.18294 4.89962 1.42728 1.01226 1.00011 0.999994 0.999994 1.0001 1.01171 
1.00008 0.99997 0.999976 0.999976 0.999976 0.999976 0.99997 1.00008 1.00169 1 0.999971 0.999975 0.999975 0.999971 1.00001 1.00185 1.00248 1.00122 1.00039 1.00104 1.00111 1.00042 1.00122 1.00248 1.09112 1.08685 1.05625 1.04486 1.0463 1.05774 1.09051 1.09628 1.39284 1.56355 1.39639 1.37758 1.38186 1.39916 1.56369 1.39283 1.26227 1.20231 1.011 1.00014 1.00013 1.01099 1.20251 1.2624 1.01758 1.00026 0.999953 0.999975 0.999975 0.999953 1.00026 
1.00001 0.999999 1 1 1 1 0.999999 1.00001 0.999996 0.999963 1 1 1 1 0.999963 0.999999 1.00003 0.999942 0.999975 0.999971 0.999971 0.999976 0.999942 1.00003 1.00465 1.0059 1.00274 1.00234 1.00252 1.00295 1.00638 1.00504 1.01499 1.02304 1.00989 1.011 1.01148 1.01011 1.02305 1.015 1.00593 1.00403 1.00007 0.999975 0.999975 1.00007 1.00411 1.00592 1.00025 0.999974 0.999999 1 1 0.999999 0.999974 
1.00003 0.999997 1 1 1 1 0.999997 1.00003 1.00001 0.999975 1 1 1 1 0.999975 1.00001 1.00002 0.999976 1 1 1 1 0.999976 1.00002 1.00014 1.00013 1.00006 1.00005 1.00006 1.00007 1.00016 1.00016 1.00025 1.00032 1.00005 1.00011 1.00013 1.00005 1.00032 1.00025 1.00003 0.999989 0.999986 1 1 0.999986 0.999991 1.00003 1.00001 0.999996 1 1 1 1 0.999996 
1.00003 0.999997 1 1 1 1 0.999997 1.00003 1.00001 0.999975 1 1 1 1 0.999975 1.00001 1.00002 0.999976 1 1 1 1 0.999976 1.00003 1.00016 1.00016 1.00007 1.00006 1.00006 1.00007 1.00016 1.00016 1.00025 1.00032 1.00005 1.00013 1.00011 1.00005 1.00032 1.00025 1.00003 0.999991 0.999986 1 1 0.999986 0.999989 1.00003 1.00001 0.999996 1 1 1 1 0.999996 
1.00001 0.999999 1 1 1 1 0.999999 1.00001 0.999999 0.999963 1 1 1 1 0.999963 0.999996 1.00003 0.999942 0.999976 0.999971 0.999971 0.999976 0.999944 1.00003 1.00504 1.00638 1.00295 1.00252 1.00252 1.00295 1.00638 1.00504 1.015 1.02305 1.01011 1.01148 1.011 1.00989 1.02304 1.01499 1.00592 1.00411 1.00007 0.999975 0.999975 1.00007 1.00403 1.00593 1.00025 0.999974 0.999999 1 1 0.999999 0.999974 
1.00008 0.999969 0.999976 0.999976 0.999976 0.999976 0.99997 1.00008 1.00185 1.00001 0.999972 0.999975 0.999975 0.999971 1 1.00169 1.00248 1.00122 1.00042 1.00111 1.00111 1.00042 1.00135 1.00262 1.09628 1.09051 1.05774 1.0463 1.0463 1.05774 1.09051 1.09628 1.39283 1.56369 1.39916 1.38186 1.37758 1.39639 1.56355 1.39284 1.2624 1.20251 1.01099 1.00014 1.00014 1.011 1.20231 1.26227 1.01758 1.00026 0.999953 0.999975 0.999975 0.999953 1.00026 
1.00471 1.00003 0.999999 1.00001 1.00001 0.999999 1.00003 1.00438 1.11966 1.0071 1.00011 0.999997 0.999997 1.0001 1.00655 1.11166 1.14274 1.12059 1.07273 1.10086 1.10086 1.07273 1.13152 1.15705 2.14666 1.37046 1.29481 1.36217 1.36217 1.29481 1.37046 2.14666 5.6784 6.88143 6.54595 6.24536 6.24115 6.53777 6.87638 5.67297 4.89962 4.18294 1.42913 1.01565 1.01565 1.42922 4.27161 4.89801 1.42728 1.01226 1.00011 0.999994 0.999994 1.00011 1.01226 
1.32669 1.01055 1.00011 1.00001 1.00001 1.00012 1.01107 1.33902 4.11271 1.38013 1.01263 1.00012 1.00011 1.01214 1.38135 4.14516 6.06843 5.78175 4.05527 4.27145 4.27145 4.05527 5.78175 6.06843 10.237 5.15553 4.97448 5.39665 5.39665 4.97448 5.15553 10.237 25.7399 28.1851 27.5786 26.9194 26.927 27.5879 27.6956 25.1766 23.8395 22.3018 6.59967 1.54134 1.54134 6.59995 22.3063 23.8431 6.97648 1.44299 1.01106 1.00007 1.00007 1.01106 1.44299 
1.01403 1.00024 0.999949 0.999973 0.999973 0.999949 1.00024 1.01409 1.24106 1.0137 1.00015 0.999948 0.999949 1.00015 1.01374 1.24126 1.72061 1.31531 1.2184 1.56923 1.56923 1.2184 1.31531 1.72061 8.7453 1.84452 1.35766 1.74981 1.74981 1.35766 1.84452 8.7453 30.1426 33.3167 33.7109 32.9419 32.9456 33.7083 33.2656 29.9969 27.8215 25.6197 7.48856 1.63555 1.63555 7.48868 25.6176 27.8199 7.88137 1.51328 1.01285 1.00003 1.00003 1.01285 1.51328 
1.00067 0.999997 0.999998 1 1 0.999998 0.999997 1.00067 1.00709 1.00021 0.999986 1 1 0.999986 1.00016 1.00713 1.33355 1.01128 1.0515 1.39216 1.39216 1.0515 1.01128 1.33355 6.87649 1.47366 1.0241 1.36633 1.36633 1.0241 1.47366 6.87649 24.4429 26.8473 27.0383 26.4538 26.4381 27.0453 26.8357 24.3452 22.699 20.9861 6.14894 1.49068 1.49068 6.1492 20.9877 22.7026 6.41251 1.39251 1.00944 1.00003 1.00003 1.00944 1.39251 
0.998568 0.999927 1 1 1 1 0.999927 0.998568 1.0016 0.999928 0.999954 0.999997 0.999997 0.999953 1.00023 1.00718 1.02972 0.99806 1.00205 1.02809 1.02809 1.00205 0.99806 1.02972 2.27477 1.25281 1.16097 1.15953 1.15953 1.16097 1.25281 2.27477 8.47421 9.29886 9.28827 8.95782 8.97114 9.2823 9.26044 8.43369 8.03578 7.63501 1.88249 1.0379 1.0379 1.8822 7.63416 8.0323 1.9617 1.03308 1.00032 0.999981 0.999981 1.00032 1.03308 
0.998568 0.999927 1 1 1 1 0.999927 0.998568 1.0016 0.999928 0.999954 0.999997 0.999997 0.999954 0.999928 1.0016 1.03169 1.00086 1.00219 1.02823 1.02809 1.00205 0.99806 1.02972 2.27035 1.25176 1.16087 1.15953 1.15953 1.16097 1.25281 2.27477 8.43369 9.26044 9.2823 8.97114 8.95782 9.28827 9.29886 8.47421 8.0323 7.63416 1.8822 1.0379 1.03792 1.88249 7.63501 8.03578 1.9617 1.03308 1.00032 0.999981 0.999981 1.00032 1.03308 
1.00067 0.999997 0.999998 1 1 0.999998 0.999997 1.00067 1.00709 1.00021 0.999986 1 1 0.999986 1.00021 1.00709 1.32094 1.01102 1.04953 1.3921 1.39216 1.0515 1.01128 1.33355 6.84446 1.46529 1.02451 1.36586 1.36633 1.0241 1.47366 6.87649 24.3452 26.8357 27.0453 26.4381 26.4538 27.0383 26.8473 24.4429 22.7026 20.9877 6.1492 1.49068 1.49069 6.14894 20.9861 22.699 6.41251 1.39251 1.00944 1.00003 1.00003 1.00945 1.39254 
1.01409 1.00024 0.999949 0.999973 0.999973 0.999949 1.00024 1.01409 1.24106 1.0137 1.00015 0.999948 0.999948 1.00015 1.0137 1.24106 1.70303 1.313 1.21494 1.56998 1.56923 1.2184 1.31531 1.72061 8.701 1.83144 1.3526 1.7456 1.74981 1.35766 1.84452 8.7453 29.9969 33.2656 33.7083 32.9456 32.9419 33.7109 33.3167 30.1426 27.8199 25.6176 7.48868 1.63555 1.63555 7.48856 25.6197 27.8215 7.88137 1.51328 1.01285 1.00003 1.00003 1.01285 1.51331 
1.33902 1.01107 1.00012 1.00001 1.00001 1.00012 1.01107 1.33902 4.11271 1.38013 1.01263 1.00012 1.00012 1.01263 1.38013 4.11271 6.21183 5.93651 4.22029 4.43775 4.27145 4.05527 5.78175 6.06843 10.4007 5.35122 5.17849 5.58905 5.39665 4.97448 5.15553 10.237 25.1766 27.6956 27.5879 26.927 26.9194 27.5786 28.1851 25.7399 23.8431 22.3063 6.59995 1.54134 1.54134 6.59967 22.3018 23.8395 6.97648 1.44299 1.01106 1.00007 1.00007 1.01104 1.44311 
5.96756 1.4121 1.01273 1.0001 1.0001 1.01273 1.4121 5.96756 21.1408 6.23484 1.45295 1.01472 1.01472 1.45295 6.23484 21.1408 31.1394 31.6013 31.5028 31.4467 31.0609 31.1129 30.744 30.3852 30.3549 29.4108 29.2234 29.1233 29.3332 29.4417 29.6269 30.5458 33.1952 34.1674 34.1607 34.0217 34.1602 34.2864 34.2467 33.2364 27.7762 26.0568 8.1556 1.7048 1.70669 8.23278 26.0751 27.775 8.59768 1.64849 1.02276 1.00021 1.00022 1.02334 1.65559 
7.04829 1.50851 1.01619 1.00009 1.00009 1.01619 1.50851 7.04829 25.4216 7.42458 1.55878 1.01864 1.01864 1.55878 7.42458 25.4216 34.0451 34.4635 34.5584 34.5573 34.5687 34.5699 34.4839 34.1581 34.2003 34.1168 34.0831 34.1318 34.1212 34.0725 34.1067 34.1949 34.1836 34.8016 34.9081 34.9051 34.8996 34.8974 34.7858 34.0365 28.2504 26.5761 8.38952 1.74089 1.74421 8.51817 26.5932 28.2551 8.81713 1.67496 1.02419 1.00018 1.00019 1.02487 1.68363 
7.11534 1.51367 1.01635 1.00011 1.00011 1.01635 1.51367 7.11534 25.7761 7.49669 1.5649 1.01886 1.01886 1.5649 7.49669 25.7761 34.6262 34.9337 34.9716 34.9737 34.9737 34.9717 34.933 34.6818 34.8396 34.8828 34.8898 34.9011 34.9011 34.8898 34.8829 34.8438 34.3266 34.9238 34.9902 34.9931 34.992 34.9876 34.9159 34.177 28.3302 26.6571 8.41732 1.74361 1.74697 8.54585 26.6744 28.3355 8.84457 1.67743 1.02432 1.0002 1.00022 1.025 1.68612 
7.11627 1.51419 1.01618 1.00011 1.00011 1.01618 1.51419 7.11627 25.8053 7.50281 1.56633 1.0188 1.0188 1.56633 7.50281 25.8053 34.6591 34.9619 34.9966 34.9987 34.9987 34.9966 34.9633 34.7147 34.9178 34.9767 34.9885 34.9911 34.9911 34.9885 34.977 34.9215 34.3466 34.9367 34.9968 34.9995 34.9994 34.9959 34.9314 34.2099 28.3466 26.697 8.43184 1.74277 1.74502 8.52516 26.7126 28.3509 8.8321 1.674 1.02382 1.0002 1.00021 1.02442 1.68139 
7.12011 1.51249 1.0159 1.0001 1.00011 1.01618 1.51419 7.11627 25.8053 7.50281 1.56633 1.0188 1.01865 1.56422 7.50002 25.9201 34.6591 34.9619 34.9966 34.9987 34.9987 34.9966 34.9619 34.6591 34.9215 34.977 34.9885 34.9911 34.9911 34.9885 34.9767 34.9215 34.2099 34.9314 34.9959 34.9994 34.9995 34.9968 34.9367 34.3466 28.3509 26.7126 8.52516 1.74502 1.73527 8.43184 26.7319 28.52 8.8656 1.68139 1.02442 1.00021 1.0002 1.02382 1.674 
7.11992 1.5115 1.01603 1.00011 1.00011 1.01635 1.51367 7.11534 25.7761 7.49669 1.5649 1.01886 1.01868 1.56241 7.49264 25.8901 34.6262 34.9337 34.9716 34.9737 34.9737 34.9716 34.9337 34.6262 34.8438 34.8829 34.8898 34.9011 34.9011 34.8898 34.8828 34.8438 34.177 34.9159 34.9876 34.992 34.9931 34.9902 34.9238 34.3266 28.3355 26.6744 8.54585 1.74697 1.73419 8.41732 26.7016 28.5129 8.88684 1.68612 1.025 1.00022 1.0002 1.02432 1.67743 
7.05283 1.50633 1.01587 1.00008 1.00009 1.01619 1.50851 7.04829 25.4216 7.42458 1.55878 1.01864 1.01846 1.55625 7.4197 25.5278 34.0451 34.4635 34.5584 34.5573 34.5573 34.5584 34.4635 34.0451 34.1949 34.1067 34.0725 34.1212 34.1318 34.0831 34.1168 34.1949 34.0365 34.7858 34.8974 34.8996 34.9051 34.9081 34.8016 34.1836 28.2551 26.5932 8.51817 1.74421 1.73151 8.38952 26.6215 28.4335 8.85945 1.68363 1.02487 1.00019 1.00018 1.02419 1.67496 
5.97402 1.41048 1.01251 1.00009 1.0001 1.01273 1.4121 5.96756 21.1408 6.23484 1.45295 1.01472 1.01459 1.45087 6.22087 21.2583 31.1394 31.6013 31.5028 31.4467 31.4467 31.5028 31.6013 31.1394 30.5458 29.6269 29.4417 29.3332 29.1233 29.2234 29.4108 30.5458 33.2364 34.2467 34.2864 34.1602 34.0217 34.1607 34.1674 33.1952 27.775 26.0751 8.23278 1.70669 1.69791 8.1556 26.1133 27.9706 8.62672 1.65559 1.02334 1.00022 1.00021 1.02276 1.64849 
2.05285 1.05883 1.0012 1.00001 1 1.00114 1.05746 2.03262 9.30162 1.86921 1.04338 1.00123 1.00164 1.04797 1.86656 9.33967 32.1094 34.4982 34.7732 34.7912 34.7103 34.6979 34.4655 32.1441 34.842 34.8559 34.8278 34.7994 34.7994 34.8278 34.8559 34.842 34.4494 34.9015 34.974 34.9719 34.97 34.97 34.8958 34.4717 29.1527 26.8309 8.12254 1.6666 1.66649 8.11994 26.8277 29.5742 9.11707 1.70036 1.02599 1.00033 1.00036 1.02678 1.7094 
1.83707 1.05099 1.00108 0.999958 0.999955 1.00102 1.04985 1.82679 7.47386 1.50967 1.02802 1.00098 1.00145 1.03446 1.53498 7.6605 32.0918 34.6048 34.9506 34.9742 34.9747 34.9562 34.6319 32.1266 34.936 34.9617 34.9672 34.9653 34.9653 34.9672 34.9617 34.936 34.5677 34.9422 34.9854 34.9882 34.9882 34.9855 34.9416 34.5905 29.4743 26.9569 8.09813 1.66406 1.66406 8.09654 26.9583 29.9059 9.19271 1.70487 1.02611 1.00028 1.00031 1.02695 1.71459 
1.83116 1.05082 1.00111 0.999987 0.999984 1.00105 1.04967 1.821 7.37099 1.49608 1.02751 1.001 1.00147 1.03394 1.52084 7.55684 32.1009 34.6284 34.9734 34.9974 34.9977 34.9789 34.6552 32.1358 34.9594 34.9849 34.9959 34.9968 34.9968 34.9959 34.9849 34.9594 34.5894 34.958 34.9963 34.9989 34.9989 34.9964 34.9576 34.612 29.5025 26.9701 8.09809 1.66426 1.66426 8.09655 26.9714 29.9335 9.19803 1.70516 1.02613 1.00031 1.00034 1.02697 1.71486 
1.85644 1.04979 1.00102 0.99998 0.999978 1.00097 1.04883 1.84812 7.58136 1.54027 1.02807 1.00094 1.00135 1.03382 1.56238 7.75983 32.1398 34.6394 34.9755 34.9988 34.999 34.9801 34.6624 32.1685 34.9617 34.987 34.9986 34.9997 34.9997 34.9986 34.987 34.9617 34.5931 34.9601 34.9974 34.9998 34.9999 34.9974 34.9596 34.6164 29.5053 26.9716 8.114 1.66433 1.66432 8.11239 26.9728 29.9303 9.18474 1.70197 1.0255 1.00028 1.00031 1.02624 1.71056 
1.84812 1.04883 1.00097 0.999978 0.999978 1.00097 1.04883 1.84812 7.75983 1.56238 1.03382 1.00135 1.00135 1.03382 1.54027 7.58136 32.1398 34.6394 34.9755 34.9988 34.9988 34.9755 34.6394 32.1398 34.9627 34.9871 34.9986 34.9997 34.9997 34.9986 34.987 34.9617 34.6164 34.9596 34.9974 34.9999 34.9998 34.9974 34.9601 34.5931 29.8022 26.979 8.11147 1.66407 1.66433 8.11204 26.9716 29.5053 9.19891 1.70197 1.02624 1.00031 1.00028 1.0255 1.70197 
1.821 1.04967 1.00105 0.999984 0.999984 1.00105 1.04967 1.821 7.55684 1.52084 1.03394 1.00147 1.00147 1.03394 1.49608 7.37099 32.1009 34.6284 34.9734 34.9974 34.9974 34.9734 34.6284 32.1009 34.9607 34.985 34.9959 34.9968 34.9968 34.9959 34.9849 34.9594 34.612 34.9576 34.9964 34.9989 34.9989 34.9963 34.958 34.5894 29.8029 26.9767 8.10026 1.66453 1.66426 8.10091 26.9701 29.5025 9.21435 1.70516 1.02697 1.00034 1.00031 1.02613 1.70516 
1.82679 1.04985 1.00102 0.999955 0.999955 1.00102 1.04985 1.82679 7.6605 1.53498 1.03446 1.00145 1.00145 1.03446 1.50967 7.47386 32.0918 34.6048 34.9506 34.9742 34.9742 34.9506 34.6048 32.0918 34.9369 34.9615 34.9668 34.9649 34.9653 34.9672 34.9617 34.936 34.5905 34.9416 34.9855 34.9882 34.9882 34.9854 34.9422 34.5677 29.7753 26.9638 8.09993 1.66429 1.66406 8.10055 26.9569 29.4743 9.2093 1.70487 1.02695 1.00031 1.00028 1.02611 1.70487 
2.03262 1.05746 1.00114 1 1 1.00114 1.05746 2.03262 9.33967 1.86656 1.04797 1.00164 1.00164 1.04797 1.86921 9.30162 32.1094 34.4982 34.7732 34.7912 34.7912 34.7732 34.4982 32.1094 34.8538 34.8691 34.8412 34.8162 34.7994 34.8278 34.8559 34.842 34.4717 34.8958 34.97 34.97 34.9719 34.974 34.9015 34.4494 29.4476 26.8336 8.12003 1.66624 1.6666 8.12006 26.8309 29.1527 9.13124 1.70036 1.02678 1.00036 1.00033 1.02599 1.70036 
1.33651 1.00931 1.00014 1.00003 1.00003 1.00008 1.00853 1.3341 6.26696 1.37734 1.00527 1.00001 1.00001 1.00527 1.37734 6.26696 31.1513 34.5827 34.958 34.9836 34.9836 34.958 34.5827 31.1513 34.7678 34.8428 34.8611 34.8333 34.8333 34.8611 34.8428 34.7678 34.0779 34.7107 34.9538 34.9812 34.9734 34.9344 34.7204 34.0452 27.4447 25.4812 8.53518 2.01211 2.01213 8.63777 25.3502 27.3044 9.33481 1.83705 1.0496 1.00116 1.00106 1.04725 1.83705 
1.31162 1.008 1.00007 0.999981 0.99998 1.00002 1.00724 1.31062 6.14448 1.36559 1.00447 0.999941 0.999941 1.00447 1.36559 6.14448 31.0838 34.5894 34.9616 34.9869 34.9869 34.9616 34.5894 31.0838 34.9044 34.9577 34.9703 34.968 34.968 34.9703 34.9577 34.9044 34.3754 34.9272 34.9844 34.9889 34.9887 34.9841 34.9298 34.34 27.4828 25.5476 8.63169 2.04479 2.04478 8.74641 25.4169 27.3506 9.41671 1.84795 1.05063 1.00114 1.00103 1.0482 1.84795 
1.30972 1.00791 1.0001 1.00001 1.00001 1.00005 1.00714 1.30866 6.14548 1.36598 1.00454 0.999972 0.999972 1.00454 1.36598 6.14548 31.0903 34.6 34.9721 34.9977 34.9977 34.9721 34.6 31.0903 34.9307 34.9833 34.9961 34.9971 34.9971 34.9961 34.9833 34.9307 34.4033 34.9501 34.9955 34.9989 34.999 34.9964 34.9523 34.3676 27.5079 25.5771 8.63414 2.04454 2.04451 8.74835 25.4471 27.3761 9.41591 1.84761 1.05059 1.00117 1.00106 1.04816 1.84761 
1.30759 1.00776 1.00009 1.00001 1.00001 1.00004 1.00707 1.30663 6.15229 1.36632 1.00453 0.999971 0.999971 1.00453 1.36632 6.15229 31.0849 34.598 34.9726 34.9985 34.9985 34.9726 34.598 31.0849 34.9339 34.9858 34.9986 34.9997 34.9997 34.9986 34.9858 34.9339 34.4062 34.9496 34.9966 34.9998 34.9999 34.9973 34.9512 34.3678 27.6541 25.7408 8.5642 2.00457 2.00461 8.65677 25.6353 27.5425 9.32116 1.82586 1.04733 1.00107 1.00097 1.0452 1.82586 
1.30663 1.00707 1.00004 1.00001 1.00001 1.00004 1.00707 1.30663 5.99176 1.36324 1.00415 0.999942 0.999971 1.00453 1.36632 6.15229 31.0849 34.598 34.9726 34.9985 34.9986 34.9737 34.5967 31.2643 34.9338 34.9856 34.9986 34.9997 34.9997 34.9986 34.9858 34.9339 34.3678 34.9512 34.9973 34.9999 34.9999 34.9973 34.9512 34.3678 27.5425 25.6353 8.65677 2.00461 2.00457 8.65642 25.6359 27.7099 9.32116 1.82586 1.0452 1.00097 1.00107 1.04733 1.84728 
1.30866 1.00714 1.00005 1.00001 1.00001 1.00005 1.00714 1.30866 5.98498 1.36337 1.00411 0.999941 0.999972 1.00454 1.36598 6.14548 31.0903 34.6 34.9721 34.9977 34.9978 34.9733 34.5988 31.2681 34.9297 34.983 34.9961 34.9971 34.9971 34.9961 34.9833 34.9307 34.3676 34.9523 34.9964 34.999 34.999 34.9964 34.9523 34.3676 27.3761 25.4471 8.74835 2.04451 2.04454 8.74849 25.4464 27.5486 9.41591 1.84761 1.04816 1.00106 1.00117 1.05059 1.872 
1.31062 1.00724 1.00002 0.99998 0.99998 1.00002 1.00724 1.31062 5.9847 1.36311 1.00406 0.999911 0.999941 1.00447 1.36559 6.14448 31.0838 34.5894 34.9616 34.9869 34.987 34.9628 34.5883 31.2616 34.9037 34.9577 34.9706 34.9685 34.968 34.9703 34.9577 34.9044 34.34 34.9298 34.9841 34.9887 34.9887 34.9841 34.9298 34.34 27.3506 25.4169 8.74641 2.04478 2.04479 8.74642 25.4168 27.5234 9.41671 1.84795 1.0482 1.00103 1.00114 1.05063 1.87238 
1.3341 1.00853 1.00008 1.00003 1.00003 1.00008 1.00853 1.3341 6.09776 1.37399 1.0048 0.999976 1.00001 1.00527 1.37734 6.26696 31.1513 34.5827 34.958 34.9836 34.984 34.9598 34.5819 31.3172 34.7541 34.8319 34.8515 34.8206 34.8333 34.8611 34.8428 34.7678 34.0452 34.7204 34.9344 34.9734 34.9734 34.9344 34.7204 34.0452 27.3044 25.3502 8.63777 2.01213 2.01211 8.63774 25.3463 27.47 9.33481 1.83705 1.04725 1.00106 1.00116 1.0496 1.86062 
1.45875 1.01268 1.0001 1.00004 1.00004 1.0001 1.01268 1.45875 6.31878 1.56338 1.01615 1.00015 1.00015 1.01615 1.56338 6.31878 30.7566 34.414 34.7756 34.7973 34.7973 34.7756 34.414 30.7566 30.4796 30.3976 30.5939 30.6659 30.4577 30.3801 30.1823 30.2745 30.0734 31.47 33.6828 34.4082 34.3783 33.6199 31.3256 30.5949 26.2307 24.2771 7.68025 1.62333 1.64114 7.80086 24.4083 26.3979 8.3193 1.64818 1.02725 1.00041 1.00045 1.02835 1.66046 
1.20369 1.00138 0.999834 0.99998 0.99998 0.999834 1.00138 1.20369 4.34531 1.23278 1.00344 0.999879 0.999879 1.00344 1.23278 4.34531 30.8514 34.548 34.952 34.9756 34.9756 34.952 34.548 30.8514 34.1498 34.1078 34.1176 34.1813 34.1878 34.1246 34.1153 34.1584 33.7411 34.5087 34.8513 34.9378 34.9387 34.8538 34.5145 33.8096 28.4018 26.4309 8.25398 1.67738 1.69161 8.32764 26.331 28.3011 8.92325 1.7013 1.02915 1.00038 1.00043 1.03023 1.71272 
1.19263 1.00101 0.999864 1.00001 1.00001 0.999864 1.00101 1.19263 4.23235 1.22236 1.00317 0.999925 0.999925 1.00317 1.22236 4.23235 30.8886 34.5903 34.9741 34.9975 34.9975 34.9741 34.5903 30.8886 34.8448 34.8781 34.8868 34.8993 34.8993 34.8868 34.8781 34.8472 34.2019 34.9083 34.9862 34.9957 34.9957 34.9861 34.9074 34.2723 28.7146 26.7318 8.30996 1.68183 1.69614 8.38406 26.6461 28.6277 8.98097 1.70532 1.02927 1.00041 1.00046 1.03036 1.71676 
1.19294 1.00118 0.999869 1.00001 1.00001 0.999869 1.00118 1.19294 4.23867 1.22404 1.00321 0.999918 0.999918 1.00321 1.22404 4.23867 30.8867 34.5944 34.9755 34.9988 34.9988 34.9755 34.5944 30.8867 34.9255 34.977 34.9877 34.9903 34.9903 34.9877 34.977 34.9275 34.2278 34.9406 34.9963 34.9997 34.9997 34.9962 34.94 34.2864 28.6445 26.663 8.23995 1.67228 1.68515 8.30438 26.5921 28.5706 8.9048 1.69287 1.02779 1.00037 1.00041 1.02872 1.70247 
1.19432 1.00182 0.999907 1.00001 1.00001 0.999869 1.00118 1.19294 4.23867 1.22404 1.00321 0.999918 0.999953 1.00321 1.22667 4.40704 30.6903 34.602 34.9776 34.9989 34.9988 34.9755 34.5944 30.8867 34.9275 34.977 34.9877 34.9903 34.9903 34.9877 34.977 34.9275 34.2864 34.94 34.9962 34.9997 34.9997 34.9962 34.9406 34.2278 28.6445 26.663 8.30438 1.67228 1.67228 8.23995 26.663 28.6445 8.93744 1.70247 1.02872 1.00041 1.00037 1.02779 1.69287 
1.19439 1.00171 0.999907 1.00001 1.00001 0.999864 1.00101 1.19263 4.23235 1.22236 1.00317 0.999925 0.999964 1.00317 1.22495 4.40236 30.6936 34.5982 34.9766 34.9976 34.9975 34.9741 34.5903 30.8886 34.8472 34.8781 34.8868 34.8993 34.8993 34.8868 34.8781 34.8472 34.2723 34.9074 34.9861 34.9957 34.9957 34.9861 34.9083 34.2019 28.7146 26.7318 8.38406 1.68183 1.68183 8.30996 26.7318 28.7146 9.02212 1.71676 1.03036 1.00046 1.00041 1.02927 1.70532 
1.2054 1.00209 0.999876 0.999981 0.99998 0.999834 1.00138 1.20369 4.34531 1.23278 1.00344 0.999879 0.999918 1.00345 1.23557 4.5134 30.6601 34.5595 34.9553 34.9768 34.9756 34.952 34.548 30.8514 34.1584 34.1153 34.1246 34.1878 34.1878 34.1246 34.1153 34.1584 33.8096 34.5145 34.8538 34.9387 34.9387 34.8538 34.5087 33.7411 28.4018 26.4309 8.32764 1.67738 1.67738 8.25398 26.4309 28.4018 8.96436 1.71272 1.03023 1.00043 1.00038 1.02915 1.7013 
1.47212 1.01376 1.00014 1.00004 1.00004 1.0001 1.01268 1.45875 6.31878 1.56338 1.01615 1.00015 1.00019 1.01616 1.56625 6.47405 30.5979 34.4296 34.7208 34.7393 34.7973 34.7756 34.414 30.7566 30.2745 30.1823 30.3801 30.4577 30.4577 30.3801 30.1823 30.2745 30.5949 31.3256 33.6199 34.3783 34.3783 33.6199 31.47 30.0734 26.2307 24.2771 7.80086 1.62333 1.62333 7.68025 24.2771 26.2307 8.38744 1.66046 1.02835 1.00045 1.00041 1.02725 1.64818 
5.65503 1.38608 1.01147 1.00011 1.00011 1.01147 1.38608 5.65503 20.1111 6.05806 1.4359 1.01541 1.01541 1.4359 6.06525 20.1434 28.4641 32.0841 31.7408 31.6805 31.8359 31.8965 32.3669 28.6837 6.35095 6.20279 6.21532 6.13714 6.13714 6.21532 5.98878 6.15072 7.42447 12.9352 26.5573 30.654 30.654 26.5573 12.8889 7.38453 5.28427 5.3891 1.63704 1.02436 1.02436 1.63704 5.3891 5.28427 1.56868 1.02085 1.00035 1.00003 1.00002 1.00035 1.02134 
6.75318 1.48412 1.01455 1.00009 1.00009 1.01455 1.48412 6.75318 24.3782 7.29061 1.54599 1.01971 1.01971 1.54599 7.31602 24.4217 29.8129 34.1771 34.5503 34.5782 34.5736 34.5449 34.1368 29.7966 1.76527 1.78959 1.79333 1.75503 1.75503 1.79333 1.79792 1.77356 2.16542 8.80977 27.5572 33.1257 33.1257 27.5572 8.79774 2.1566 1.28978 1.28513 1.01949 1.00024 1.00024 1.01949 1.28513 1.28978 1.02762 1.00059 0.999955 0.999973 0.999973 0.999953 1.00056 
6.8159 1.48847 1.01467 1.00012 1.00012 1.01467 1.48847 6.8159 24.6828 7.35591 1.55084 1.01987 1.01987 1.55084 7.38158 24.7192 29.8994 34.3817 34.8894 34.9269 34.9256 34.8851 34.3439 29.8873 1.05063 1.03587 1.04302 1.04018 1.04018 1.04302 1.03684 1.05311 1.68829 8.47028 27.6589 33.3294 33.3294 27.6589 8.46793 1.68876 1.02339 1.00587 1.00017 0.999969 0.999969 1.00017 1.00587 1.02339 1.00126 0.999987 0.999994 1 1 0.999994 0.999989 
6.75042 1.47914 1.01418 1.00011 1.00011 1.01418 1.47914 6.75042 24.5456 7.27422 1.54144 1.01904 1.01904 1.54144 7.29502 24.5844 29.8232 34.2934 34.7776 34.8128 34.815 34.7772 34.2635 29.8064 1.26246 1.24581 1.25262 1.25284 1.25284 1.25262 1.24655 1.26442 1.83541 8.47286 27.4932 32.9858 32.9858 27.4932 8.47232 1.83785 1.19825 1.00631 1.00001 0.999964 0.999964 1.00001 1.00631 1.19825 1.0109 1.00014 0.999966 0.999999 0.999999 0.999967 1.00014 
6.74637 1.4828 1.01463 1.00012 1.00011 1.01418 1.47914 6.75042 24.5844 7.29502 1.54497 1.01948 1.01948 1.54497 7.29502 24.5844 29.8232 34.2934 34.7776 34.8128 34.8128 34.7776 34.2934 29.8232 1.26442 1.24655 1.25266 1.25285 1.25284 1.25262 1.24581 1.26246 1.83785 8.45473 27.5025 32.9942 32.9858 27.4932 8.47286 1.83541 1.19825 1.00631 1.00001 0.999964 0.999968 1.00004 1.00544 1.19769 1.0109 1.00014 0.999966 0.999999 0.999999 0.999966 1.00014 
6.80951 1.49262 1.01518 1.00014 1.00012 1.01467 1.48847 6.8159 24.7192 7.38158 1.55536 1.0204 1.0204 1.55536 7.38158 24.7192 29.8994 34.3817 34.8894 34.9269 34.9269 34.8894 34.3817 29.8994 1.05311 1.03684 1.04308 1.04019 1.04018 1.04302 1.03587 1.05063 1.68876 8.44531 27.6721 33.3408 33.3294 27.6589 8.47028 1.68829 1.02339 1.00587 1.00017 0.999969 0.999967 1.0001 1.00726 1.02231 1.00126 0.999987 0.999994 1 1 0.999994 0.999987 
6.7468 1.48825 1.01506 1.00011 1.00009 1.01455 1.48412 6.75318 24.4217 7.31602 1.55049 1.02023 1.02023 1.55049 7.31602 24.4217 29.8129 34.1771 34.5503 34.5782 34.5782 34.5503 34.1771 29.8129 1.77356 1.79792 1.80017 1.76058 1.75503 1.79333 1.78959 1.76527 2.1566 8.78255 27.5707 33.1392 33.1257 27.5572 8.80977 2.16542 1.28978 1.28513 1.01949 1.00024 1.00024 1.01872 1.28634 1.28666 1.02762 1.00059 0.999955 0.999973 0.999973 0.999955 1.00059 
5.64941 1.38946 1.01189 1.00013 1.00011 1.01147 1.38608 5.65503 20.1434 6.06525 1.43946 1.01582 1.01582 1.43946 6.06525 20.1434 28.4641 32.0841 31.7408 31.6805 31.6805 31.7408 32.0841 28.4641 6.15072 5.98878 6.00061 5.93321 6.13714 6.21532 6.20279 6.35095 7.38453 12.7396 26.39 30.4839 30.654 26.5573 12.9352 7.42447 5.28427 5.3891 1.63704 1.02436 1.02173 1.58301 5.16792 5.01626 1.56868 1.02085 1.00035 1.00003 1.00003 1.00035 1.02085 
1.23517 1.00758 1.00003 0.999996 0.999996 1.00001 1.00699 1.22233 3.3694 1.25499 1.01211 1.0002 1.00016 1.01098 1.22791 3.20004 7.14999 8.02115 8.4876 8.48972 8.77706 8.77801 8.51076 7.55008 1.12916 1.12864 1.11902 1.11212 1.10203 1.10908 1.11895 1.11827 1.32428 2.19643 5.94445 6.94748 6.93576 5.92682 2.29774 1.4 1.08569 1.15604 1.00752 1.00026 1.00026 1.00752 1.15604 1.08569 1.00142 0.999954 1 1.00001 1.00001 1 0.999955 
1.01109 1.00021 0.999955 0.999975 0.999975 0.999956 1.00022 1.01114 1.1583 1.00792 1.00013 0.999946 0.999948 1.00012 1.00772 1.15555 1.62096 1.7207 1.70422 1.70193 1.69368 1.69563 1.70321 1.60609 1.02617 1.02657 1.02746 1.02648 1.02646 1.02741 1.02647 1.0261 0.997552 1.04018 1.45862 1.52252 1.52772 1.46576 1.04245 0.997784 1.01028 1.00229 0.999978 0.999961 0.999961 0.999978 1.00229 1.01028 1.00089 0.999965 0.999972 0.999976 0.999976 0.999972 0.999965 
1.00026 0.999975 0.999999 1 1 0.999999 0.999975 1.00027 1.00395 1.00006 0.999973 1 1 0.999973 1.00006 1.00394 1.02512 1.02958 1.02426 1.02403 1.02342 1.02361 1.02854 1.02425 1.00181 1.0018 1.00186 1.00175 1.00175 1.00186 1.0018 1.00181 0.999349 1.00015 1.01911 1.01909 1.01979 1.01995 1.00017 0.999346 1.00054 0.999977 0.999992 1 1 0.999992 0.999977 1.00054 1.00004 0.999997 1 1 1 1 0.999997 
1.00001 0.999996 1 1 1 1 0.999996 1.00001 1.00004 0.999961 1 1 1 1 0.999961 1.00004 1.00041 1.00044 1.00025 1.00023 1.00021 1.00023 1.0004 1.00037 1.00006 1.00001 1.00004 1.00003 1.00003 1.00004 1.00001 1.00006 1.00002 0.999981 1.00028 1.00022 1.00023 1.0003 0.999982 1.00002 1.00001 0.999976 1 1 1 1 0.999976 1.00001 1.00002 0.999997 1 1 1 1 0.999997 
1.00001 0.999996 1 1 1 1 0.999996 1.00001 1.00004 0.999961 1 1 1 1 0.999961 1.00004 1.00041 1.00044 1.00025 1.00023 1.00023 1.00025 1.00044 1.00041 1.00006 1.00001 1.00004 1.00003 1.00003 1.00004 1.00001 1.00006 1.00002 0.999981 1.00028 1.00022 1.00019 1.00025 0.999981 1.00002 1.00001 0.999976 1 1 1 1 0.999976 1.00001 1.00002 0.999997 1 1 1 1 0.999997 
1.00027 0.999975 0.999999 1 1 0.999999 0.999975 1.00027 1.00394 1.00006 0.999973 1 1 0.999973 1.00006 1.00394 1.02512 1.02958 1.02426 1.02403 1.02403 1.02426 1.02958 1.02512 1.00181 1.0018 1.00186 1.00175 1.00175 1.00186 1.0018 1.00181 0.999279 1.00015 1.01911 1.01909 1.01821 1.01814 1.00015 0.999349 1.00055 0.999977 0.999992 1 1 0.999992 0.999977 1.00054 1.00004 0.999997 1 1 1 1 0.999997 
1.01114 1.00022 0.999956 0.999975 0.999975 0.999956 1.00022 1.01114 1.15555 1.00772 1.00012 0.999948 0.999948 1.00012 1.00772 1.15555 1.62096 1.7207 1.70422 1.70193 1.70193 1.70422 1.7207 1.62096 1.0261 1.02647 1.02741 1.02646 1.02646 1.02741 1.02657 1.02617 0.995856 1.03906 1.46277 1.52566 1.51124 1.44757 1.03881 0.997552 1.01029 1.00218 0.999988 0.999963 0.999961 0.999978 1.00229 1.01028 1.00088 0.999965 0.999972 0.999976 0.999976 0.999972 0.999965 
1.22233 1.00699 1.00001 0.999996 0.999996 1.00001 1.00699 1.22233 3.20004 1.22791 1.01098 1.00016 1.00016 1.01098 1.22791 3.20004 7.14999 8.02115 8.4876 8.48972 8.48972 8.4876 8.02115 7.14999 1.11827 1.11895 1.10908 1.10203 1.10203 1.10908 1.12864 1.12916 1.32401 2.15028 5.80592 6.78186 6.78201 5.80606 2.15039 1.32428 1.08529 1.14757 1.00691 1.00018 1.00026 1.00752 1.15604 1.08569 1.00175 0.999955 1 1.00001 1.00001 1 0.999954 
1.00265 0.999983 1.00001 1.00003 1.00003 1.00001 0.999983 1.00265 1.12547 1.00615 1.00015 1.00001 1.00001 1.00015 1.00615 1.12547 1.39405 1.45999 1.52189 1.5259 1.5259 1.52189 1.45999 1.39405 0.977086 0.977061 0.976034 0.976712 0.976712 0.976034 0.977061 0.977086 1.0143 1.03871 1.35857 1.41618 1.43087 1.37401 1.03878 1.01263 0.993233 1.0037 1.00019 1.00002 1.00002 1.00019 1.00371 0.993233 0.999197 1.00002 1.00003 1.00003 1.00003 1.00003 1.00002 
1.00002 0.999992 0.999997 0.999997 0.999997 0.999997 0.999992 1.00002 1.00247 1.00001 0.999977 0.999997 0.999997 0.999977 1.00001 1.00247 1.01284 1.01532 1.01904 1.01982 1.01982 1.01904 1.01532 1.01284 0.999036 0.998962 0.998993 0.999041 0.999041 0.998993 0.998962 0.999036 1.00048 1.00074 1.01095 1.01208 1.01256 1.01156 1.00071 1.00041 0.999565 1.00002 0.99999 0.999997 0.999997 0.99999 1.00002 0.999565 1.00002 0.999997 0.999997 0.999997 0.999997 0.999997 0.999997 
1.00003 0.999997 1 1 1 1 0.999997 1.00003 1.00002 0.999965 1 1 1 1 0.999965 1.00002 1.00012 1.00009 1.00024 1.00027 1.00027 1.00024 1.00009 1.00012 1.00001 0.999959 0.999985 0.999987 0.999987 0.999985 0.999959 1.00001 1.00003 0.999985 1.00004 1.00006 1.00007 1.00006 0.999983 1.00003 1 0.999961 1 1 1 1 0.999961 1 1.00003 0.999997 1 1 1 1 0.999997 
1.00003 0.999997 1 1 1 1 0.999997 1.00003 1 0.999976 1 1 1 1 0.999976 1 1.00001 0.999959 0.999988 0.999984 0.999984 0.999988 0.999959 1.00001 1.00003 0.999981 1.00001 1.00001 1.00001 1.00001 0.999981 1.00003 1.00002 0.999971 0.999996 0.999986 0.999986 0.999995 0.999971 1.00002 1.00001 0.999976 1 1 1 1 0.999976 1.00001 1.00003 0.999997 1 1 1 1 0.999997 
0 0 0 0 1 1 0.999997 1.00003 1.00001 0.999976 1 1 1 1 0.999976 1 1.00001 0.999959 0.999988 0.999984 0.999983 0.999987 0.999958 1.00001 1.00003 0.999981 1.00001 1.00001 1.00001 1.00001 0.999981 1.00003 1.00002 0.999971 0.999995 0.999986 0.999986 0.999996 0.999971 1.00002 1.00001 0.999976 1 1 1 1 0.999976 1.00001 1.00003 0.999997 1 1 0 0 0 
0 0 0 0 1 1 0.999997 1.00003 1.00002 0.999965 1 1 1 1 0.999965 1.00002 1.00012 1.00009 1.00024 1.00027 1.00025 1.00022 1.00008 1.00012 1.00001 0.999961 0.999987 0.999989 0.999987 0.999985 0.999959 1.00001 1.00003 0.999983 1.00006 1.00007 1.00006 1.00004 0.999985 1.00003 1 0.999961 1 1 1 1 0.999961 1 1.00003 0.999997 1 1 0 0 0 
0 0 0 0 0.999997 0.999997 0.999992 1.00002 1.00238 1 0.999976 0.999997 0.999997 0.999977 1.00001 1.00247 1.01284 1.01532 1.01904 1.01982 1.01919 1.01841 1.01505 1.01262 0.999077 0.999004 0.999023 0.999068 0.999041 0.998993 0.998962 0.999036 1.00041 1.00071 1.01156 1.01256 1.01208 1.01095 1.00074 1.00048 0.999609 1.00002 0.99999 0.999997 0.999997 0.99999 1.00002 0.999565 1.00002 0.999997 0.999997 0.999997 0 0 0 
