0 0 0 0 1.00005 1.00004 1.00001 1.00033 1.01001 1.00084 1.00004 1.00004 1.00004 1.00004 1.00087 1.01035 1.02689 1.01349 1.00776 1.00971 1.00979 1.00793 1.01352 1.02745 1.28981 1.13818 1.07213 1.07631 1.07676 1.07314 1.13759 1.28729 1.69622 1.93117 1.88504 1.8124 1.80654 1.87755 1.91591 1.68454 1.60996 1.47882 1.06369 1.00254 1.00253 1.06417 1.47811 1.60924 1.06194 1.00181 1.00004 1.00003 0 0 0 
0 0 0 0 0.999996 0.999996 0.99999 1.00003 1.00015 0.999925 0.999994 0.999996 0.999996 0.999994 0.999927 1.00016 1.00077 1.00011 1.00006 1.00011 1.00011 1.00007 1.00011 1.00082 1.022 1.01493 1.00682 1.00602 1.00592 1.00671 1.01461 1.02149 1.04182 1.06852 1.06417 1.05259 1.05349 1.06533 1.06927 1.04216 1.03005 1.02199 1.00147 0.999956 0.999956 1.00147 1.02197 1.03003 1.00223 0.999995 0.999982 0.999996 0 0 0 
0 0 0 0 1 1 0.999996 1.00004 0.999982 0.999951 1 1 1 1 0.999951 0.999983 1.00002 0.999909 0.999971 0.999959 0.999959 0.99997 0.999908 1.00002 1.00104 1.00081 1.00039 1.00031 1.0003 1.00038 1.00078 1.00101 1.00075 1.0018 1.00209 1.00137 1.00143 1.00218 1.00186 1.00078 1.00048 1.00026 0.999986 0.99999 0.99999 0.999986 1.00026 1.00048 1.00005 0.999987 1 1 0 0 0 
0 0 0 0 1 1 0.999996 1.00005 1.00002 0.999956 1 1 1 1 0.999956 1.00002 1.00004 0.999953 1 0.999999 0.999999 1 0.999953 1.00004 1.00003 0.999934 0.999959 0.999955 0.999956 0.999959 0.999934 1.00003 1.00003 0.999969 1.00002 1.00001 1.00001 1.00003 0.999973 1.00004 0.999985 0.999918 0.999995 1 1 0.999995 0.999918 0.999985 1.00003 0.999996 1 1 0 0 0 
1.00005 0.999996 1 1 1 1 0.999996 1.00005 1.00002 0.999956 1 1 1 1 0.999956 1.00002 1.00004 0.999953 1 0.999999 0.999999 1 0.999953 1.00004 1.00003 0.999934 0.999959 0.999955 0.999955 0.999959 0.999934 1.00003 1.00004 0.999973 1.00003 1.00001 1.00001 1.00003 0.999973 1.00004 0.999985 0.999918 0.999995 1 1 0.999995 0.999918 0.999985 1.00003 0.999996 1 1 1 1 0.999996 
1.00004 0.999996 1 1 1 1 0.999996 1.00004 0.999982 0.999951 1 1 1 1 0.999951 0.999982 1.00002 0.999908 0.99997 0.999959 0.999959 0.99997 0.999909 1.00002 1.00104 1.00081 1.00039 1.00031 1.00031 1.00039 1.00081 1.00104 1.00078 1.00186 1.00218 1.00143 1.00143 1.00218 1.00186 1.00078 1.00048 1.00026 0.999986 0.99999 0.99999 0.999986 1.00026 1.00048 1.00005 0.999987 1 1 1 1 0.999987 
1.00003 0.99999 0.999996 0.999996 0.999996 0.999996 0.99999 1.00003 1.00015 0.999925 0.999994 0.999996 0.999996 0.999994 0.999925 1.00015 1.00082 1.00011 1.00007 1.00011 1.00011 1.00007 1.00011 1.00077 1.022 1.01493 1.00682 1.00602 1.00602 1.00682 1.01493 1.022 1.04216 1.06927 1.06533 1.05349 1.05349 1.06533 1.06927 1.04216 1.03003 1.02197 1.00147 0.999956 0.999956 1.00147 1.02199 1.03005 1.00223 0.999995 0.999982 0.999996 0.999996 0.999982 0.999995 
1.00033 1.00001 1.00004 1.00005 1.00005 1.00004 1.00001 1.00033 1.01001 1.00084 1.00004 1.00004 1.00004 1.00004 1.00084 1.01001 1.02745 1.01352 1.00793 1.00979 1.00979 1.00793 1.01349 1.02689 1.28981 1.13818 1.07213 1.07631 1.07631 1.07213 1.13818 1.28981 1.68454 1.91591 1.87755 1.80654 1.80654 1.87755 1.91591 1.68454 1.60924 1.47811 1.06417 1.00253 1.00254 1.06369 1.47882 1.60996 1.06194 1.00181 1.00004 1.00003 1.00003 1.00004 1.00181 
1.01933 1.00048 0.999976 1.00001 1.00001 0.999975 1.00048 1.01933 1.23289 1.02683 1.00103 0.999993 0.999993 1.00103 1.02551 1.22309 1.5481 1.39581 1.26438 1.28902 1.28902 1.26438 1.37251 1.5328 3.73304 1.95666 1.63472 1.74151 1.71702 1.59968 1.91558 3.71675 7.37232 8.40097 8.28447 8.02882 8.02882 8.28447 8.40097 7.37232 5.84166 5.08992 2.15176 1.09781 1.10565 2.17969 5.15296 5.91481 2.15868 1.07342 1.00216 1.00001 1.00001 1.00216 1.07342 
1.001 0.999941 0.999951 0.999956 0.999956 0.999951 0.999941 1.001 1.01191 1.00083 0.999949 0.99995 0.99995 0.999949 1.00084 1.01193 1.02675 1.01446 1.00806 1.00968 1.00968 1.00806 1.01416 1.02725 1.33725 1.16093 1.0953 1.09448 1.09433 1.0942 1.16147 1.34108 2.00955 2.27759 2.08996 2.0307 2.0307 2.08996 2.27759 2.00955 1.6866 1.54078 1.07957 1.00327 1.00338 1.08016 1.53974 1.68591 1.11971 1.00478 1.00003 0.999939 0.999939 1.00003 1.00478 
1.00004 0.999994 1 1 1 1 0.999994 1.00004 1.00021 0.999933 0.999995 1 1 0.999995 0.999933 1.00021 1.0006 1.00006 1.00004 1.00006 1.00006 1.00004 1.00006 1.00063 1.02227 1.01626 1.00811 1.0066 1.00679 1.0084 1.01658 1.02274 1.08 1.10846 1.07262 1.07027 1.07027 1.07262 1.10846 1.08 1.03837 1.02786 1.002 0.999967 0.999971 1.00201 1.02788 1.03843 1.00526 1.00011 0.999975 1 1 0.999975 1.00011 
1.00004 0.999996 1 1 1 1 0.999996 1.00004 0.999996 0.999951 1 1 1 1 0.999951 0.999996 1.00002 0.999923 0.999981 0.999974 0.999974 0.999981 0.999923 1.00002 1.00089 1.00088 1.0004 1.00029 1.00032 1.00043 1.0009 1.00092 1.0031 1.00429 1.00194 1.00216 1.00216 1.00194 1.00429 1.0031 1.00078 1.00043 0.999989 0.999988 0.999988 0.999989 1.00043 1.00078 1.00014 0.99997 0.999999 1 1 0.999999 0.99997 
1.00004 0.999996 1 1 1 1 0.999996 1.00004 0.999996 0.999952 1 1 1 1 0.999951 0.999996 1.00002 0.999923 0.999981 0.999974 0.999974 0.999981 0.999923 1.00002 1.00092 1.0009 1.00043 1.00032 1.00032 1.00043 1.0009 1.00092 1.0031 1.00447 1.00194 1.00216 1.00216 1.00194 1.00429 1.0031 1.00078 1.00043 0.999989 0.999988 0.999988 0.999989 1.00043 1.00078 1.00014 0.99997 0.999999 1 1 0.999999 0.99997 
1.00004 0.999994 1 1 1 1 0.999994 1.00004 1.0002 0.99993 0.999995 1 1 0.999995 0.999933 1.00021 1.00063 1.00006 1.00004 1.00006 1.00006 1.00004 1.00006 1.0006 1.02274 1.01658 1.0084 1.00679 1.00679 1.0084 1.01658 1.02274 1.08001 1.11073 1.07262 1.07027 1.07027 1.07262 1.10846 1.08 1.03845 1.02788 1.00201 0.999971 0.999967 1.002 1.02786 1.03837 1.00526 1.00011 0.999975 1 1 0.999975 1.0001 
1.00099 0.99994 0.999951 0.999956 0.999956 0.999951 0.999941 1.001 1.01171 1.0008 0.999949 0.99995 0.999949 0.999948 1.00083 1.01191 1.02725 1.01416 1.00826 1.00987 1.00968 1.00806 1.01446 1.02675 1.34108 1.16147 1.0942 1.09433 1.09433 1.0942 1.16147 1.34108 2.00871 2.28906 2.08794 2.02945 2.0307 2.08996 2.27759 2.00955 1.68495 1.53974 1.08016 1.00338 1.00327 1.07957 1.54078 1.6866 1.11971 1.00478 1.00003 0.999939 0.999939 1.00003 1.00472 
1.02022 1.0005 0.999975 1.00001 1.00001 0.999975 1.00048 1.01933 1.24154 1.02765 1.00103 0.999993 0.999994 1.00109 1.02683 1.23289 1.5328 1.37251 1.28154 1.30717 1.28902 1.26438 1.39581 1.5481 3.71675 1.91558 1.59968 1.71702 1.71702 1.59968 1.91558 3.71675 7.37605 8.43534 8.37918 8.11872 8.02882 8.28447 8.40097 7.37232 6.0448 5.15296 2.17969 1.10565 1.09781 2.15176 5.08992 5.84166 2.15868 1.07342 1.00216 1.00001 1.00001 1.00217 1.07489 
1.74711 1.04988 1.00128 1.00002 1.00002 1.00128 1.05118 1.76244 4.7897 1.7836 1.05248 1.00151 1.00164 1.05404 1.78522 4.77063 9.06898 8.5262 7.50624 7.55197 7.55197 7.50624 8.2701 8.79754 13.1617 7.60378 7.0252 7.1673 7.34225 7.21765 7.78572 13.2879 22.7749 24.7546 25.5953 25.2433 24.8709 25.2195 24.2995 22.3727 19.6913 17.6593 8.17281 2.38283 2.35659 8.14242 17.7745 19.7179 8.95632 2.07064 1.06525 1.00134 1.00134 1.06529 2.07068 
1.06792 1.00288 0.999985 0.999941 0.999941 0.999985 1.00286 1.06803 1.53705 1.0625 1.00228 0.999943 0.999943 1.00228 1.06239 1.53265 3.1233 2.03037 1.80306 2.07517 2.07517 1.80306 2.01636 3.05442 12.3314 3.74513 2.59078 2.71806 2.71356 2.58206 3.72283 12.2508 27.3775 30.6948 31.8917 31.611 31.6396 31.8884 30.5371 27.3388 23.8709 21.1086 9.76165 2.75376 2.7135 9.66778 21.187 23.8115 10.6089 2.31314 1.08098 1.00156 1.00156 1.08103 2.31316 
1.00349 1.00011 0.99998 1 1 0.99998 1.00011 1.00351 1.04243 1.0022 0.999996 0.999987 0.999986 0.999992 1.00218 1.04022 1.88925 1.10833 1.09025 1.37103 1.37103 1.09025 1.10462 1.85146 8.64448 2.26337 1.30471 1.4714 1.47116 1.30281 2.24939 8.59054 21.2175 23.7221 24.4709 24.166 24.1633 24.4507 23.6056 21.174 18.3547 16.3661 7.47412 2.23205 2.2033 7.43272 16.3513 18.2421 7.88467 1.90045 1.05168 1.00096 1.00096 1.05171 1.90049 
0.994927 0.999695 1.00002 1 1 1.00002 0.999695 0.99493 1.00209 0.999576 0.999882 0.999994 0.999994 0.999891 0.999332 0.999497 1.1551 0.99732 1.00251 1.0415 1.0415 1.00251 0.999272 1.14868 4.03494 1.56944 1.30235 1.26747 1.26745 1.30197 1.56634 4.02083 10.8845 12.3023 12.4564 12.1852 12.1858 12.4525 12.2731 10.8769 10.1991 9.39296 3.3719 1.23886 1.23606 3.33044 9.48351 10.2539 3.74862 1.21599 1.00684 1.00002 1.00002 1.00684 1.21598 
0.99493 0.999695 1.00002 1 1 1.00002 0.999695 0.99493 0.999497 0.999332 0.999891 0.999994 0.999994 0.999891 0.999576 1.00209 1.14868 0.999272 1.00249 1.04152 1.0415 1.00251 0.99732 1.1551 4.02083 1.56634 1.30197 1.26745 1.26747 1.30235 1.56944 4.03494 10.9296 12.3356 12.4748 12.1855 12.1852 12.4564 12.3023 10.8845 10.2539 9.48351 3.33044 1.23606 1.23145 3.33843 9.48351 10.2539 3.74862 1.21599 1.00684 1.00002 1.00002 1.00684 1.21599 
1.00351 1.00011 0.99998 1 1 0.99998 1.00011 1.00351 1.04022 1.00218 0.999992 0.999986 0.999986 0.999992 1.0022 1.04243 1.85146 1.10462 1.0875 1.3707 1.37103 1.09025 1.10833 1.88925 8.59054 2.24939 1.30281 1.47116 1.4714 1.30471 2.26337 8.64448 21.1811 23.5788 24.4311 24.1628 24.166 24.4709 23.7221 21.2175 18.2421 16.3513 7.43272 2.2033 2.20691 7.35588 16.3513 18.2421 7.88467 1.90045 1.05168 1.00096 1.00096 1.05168 1.90045 
1.06803 1.00286 0.999984 0.99994 0.999941 0.999985 1.00286 1.06803 1.53265 1.06239 1.00228 0.999943 0.999943 1.00228 1.0625 1.53705 3.05442 2.01636 1.79996 2.07477 2.07517 1.80306 2.03037 3.1233 12.2508 3.72283 2.58206 2.71356 2.71806 2.59078 3.74513 12.3314 27.4003 30.5989 31.8963 31.6315 31.611 31.8917 30.6948 27.3775 23.8115 21.187 9.66778 2.7135 2.7124 9.5887 21.187 23.8115 10.6089 2.31314 1.08098 1.00156 1.00156 1.08098 2.31314 
1.76244 1.05118 1.00134 1.00002 1.00002 1.00128 1.05118 1.76244 4.77063 1.78522 1.05404 1.00164 1.00164 1.05404 1.7836 4.7897 8.79754 8.2701 7.76585 7.80836 7.55197 7.50624 8.5262 9.06898 13.2879 7.78572 7.21765 7.34225 7.1673 7.0252 7.60378 13.1617 22.5077 24.425 25.3341 24.9963 25.2433 25.5953 24.7546 22.7749 19.7179 17.7745 8.14242 2.35659 2.35733 8.10559 17.7745 19.7179 8.95632 2.07064 1.06525 1.00134 1.00134 1.06525 2.07064 
6.84805 1.8606 1.05312 1.00126 1.00126 1.05312 1.8606 6.84805 17.9487 6.74883 1.89754 1.0657 1.06421 1.88405 6.74883 17.9487 28.5794 29.2486 29.4382 29.1564 28.8592 29.1378 29.2458 28.5813 28.7613 27.3029 26.7213 26.9238 26.9238 26.7213 27.3029 28.7613 31.4129 33.0247 33.3482 33.3774 33.1809 33.1562 32.703 31.155 25.4162 22.9574 10.0887 2.63974 2.64475 10.0976 22.9574 25.4162 11.4578 2.55595 1.12628 1.004 1.004 1.12628 2.55595 
8.75595 2.17004 1.07596 1.00181 1.00181 1.07596 2.17004 8.75595 22.6415 8.7452 2.22655 1.09472 1.09243 2.2058 8.7452 22.6415 32.9123 33.7007 33.8592 33.8599 33.8394 33.833 33.7022 32.9182 32.8314 32.4336 32.3534 32.5549 32.5549 32.3534 32.4336 32.8314 33.2173 34.5156 34.7201 34.7442 34.7518 34.7345 34.5829 33.3699 26.0354 23.6184 10.4411 2.72961 2.7393 10.4761 23.6184 26.0354 11.8418 2.6349 1.13837 1.00451 1.00451 1.13837 2.6349 
8.99208 2.20327 1.07808 1.00191 1.00191 1.07808 2.20327 8.99208 23.3759 8.97325 2.26056 1.09746 1.09509 2.23882 8.97325 23.3759 34.0793 34.7172 34.867 34.8759 34.8632 34.8527 34.7164 34.0817 34.3167 34.3732 34.3884 34.4702 34.4702 34.3884 34.3732 34.3167 33.5524 34.7717 34.9517 34.9699 34.9706 34.9558 34.8073 33.7166 26.1747 23.7726 10.5163 2.74341 2.7529 10.5491 23.7726 26.1747 11.9136 2.64612 1.13942 1.0046 1.0046 1.13942 2.64612 
9.0205 2.19956 1.07725 1.00184 1.00184 1.07725 2.19956 9.0205 23.4682 8.99485 2.25731 1.09564 1.09373 2.2395 8.99485 23.4682 34.2052 34.8383 34.9756 34.9867 34.9846 34.9734 34.8377 34.2085 34.6629 34.8451 34.8792 34.9062 34.9062 34.8792 34.8451 34.6629 33.5777 34.8064 34.9787 34.9952 34.9952 34.9799 34.8244 33.7183 26.1598 23.7954 10.5009 2.73069 2.73729 10.5221 23.7954 26.1598 11.8365 2.62189 1.13209 1.00414 1.00414 1.13209 2.62189 
9.03564 2.19534 1.07721 1.00184 1.00184 1.07725 2.19956 9.0205 23.1602 9.05724 2.2395 1.09373 1.09564 2.25731 8.99485 23.4682 34.2052 34.8383 34.9734 34.9846 34.9846 34.9734 34.8383 34.2052 34.668 34.8459 34.8793 34.9063 34.9062 34.8792 34.8451 34.6629 33.6581 34.8206 34.9799 34.9952 34.9952 34.9787 34.8064 33.5777 26.1968 23.8293 10.5221 2.72394 2.73069 10.5009 23.7954 26.1598 11.8365 2.62189 1.13209 1.00414 1.004 1.13027 2.6114 
9.01183 2.1986 1.07804 1.0019 1.00191 1.07808 2.20327 8.99208 23.0639 9.04288 2.23882 1.09509 1.09746 2.26056 8.97325 23.3759 34.0793 34.7172 34.8527 34.8632 34.8632 34.8527 34.7172 34.0793 34.3239 34.3742 34.3886 34.4703 34.4702 34.3884 34.3732 34.3167 33.652 34.7989 34.9558 34.9706 34.9699 34.9517 34.7717 33.5524 26.2281 23.8244 10.5491 2.73373 2.74341 10.5163 23.7726 26.1747 11.9136 2.64612 1.13942 1.0046 1.00442 1.13706 2.63158 
8.77504 2.16552 1.07592 1.00181 1.00181 1.07596 2.17004 8.75595 22.3627 8.8162 2.2058 1.09243 1.09472 2.22655 8.7452 22.6415 32.9123 33.7007 33.833 33.8394 33.8394 33.833 33.7007 32.9123 32.8369 32.4272 32.3467 32.5486 32.5549 32.3534 32.4336 32.8314 33.3082 34.5658 34.7345 34.7518 34.7442 34.7201 34.5156 33.2173 26.0884 23.6691 10.4761 2.72009 2.72961 10.4411 23.6184 26.0354 11.8418 2.6349 1.13837 1.00451 1.00433 1.13602 2.62037 
6.86649 1.85786 1.0531 1.00126 1.00126 1.05312 1.8606 6.84805 17.7003 6.81359 1.88405 1.06421 1.0657 1.89754 6.74883 17.9487 28.5794 29.2486 29.1378 28.8592 28.8592 29.1378 29.2486 28.5794 28.9395 27.5039 26.9248 27.1146 26.9238 26.7213 27.3029 28.7613 31.2017 32.7694 33.1562 33.1809 33.3774 33.3482 33.0247 31.4129 25.4937 23.0244 10.0976 2.63431 2.63974 10.0887 22.9574 25.4162 11.4578 2.55595 1.12628 1.004 1.00386 1.1245 2.54605 
2.90414 1.16362 1.00564 1.00005 1.00005 1.00557 1.16241 2.88927 11.5068 2.95651 1.16015 1.00701 1.00701 1.16015 2.95651 11.5068 30.6746 33.5704 34.0665 34.0978 34.0806 34.0665 33.5704 30.6746 34.4464 34.5233 34.5222 34.4276 34.4273 34.5221 34.5234 34.4476 33.5224 34.6248 34.8265 34.8506 34.86 34.8335 34.6277 33.5082 26.7802 23.5223 10.3141 2.65713 2.66494 10.2659 23.5179 26.8867 12.2512 2.70451 1.14299 1.00497 1.00517 1.1455 2.71996 
2.44151 1.11795 1.00409 0.999935 0.99993 1.00401 1.1173 2.43837 9.94438 2.31133 1.09457 1.00416 1.00416 1.09457 2.31133 9.94438 30.6683 34.1333 34.8185 34.8895 34.8905 34.8185 34.1333 30.6683 34.7263 34.8592 34.874 34.8621 34.862 34.874 34.8591 34.7275 33.934 34.8261 34.9534 34.9668 34.9661 34.9523 34.8229 33.9141 27.3636 23.8026 10.2849 2.62209 2.62991 10.2396 23.803 27.4786 12.4603 2.72971 1.1453 1.00498 1.0052 1.14818 2.7479 
2.40927 1.11542 1.00407 0.999986 0.999981 1.00398 1.11473 2.40638 9.74753 2.25397 1.09025 1.00406 1.00406 1.09025 2.25397 9.74753 30.6705 34.2006 34.9091 34.9838 34.9841 34.9091 34.2006 30.6705 34.805 34.9475 34.9729 34.9758 34.9758 34.973 34.9476 34.8063 33.9948 34.8621 34.9829 34.9951 34.995 34.9824 34.859 33.9753 27.4375 23.8402 10.2856 2.622 2.62968 10.241 23.8398 27.5518 12.4907 2.73172 1.14527 1.00502 1.00524 1.14814 2.7498 
2.44981 1.11836 1.00398 0.999986 0.999982 1.00393 1.11807 2.4495 9.88437 2.30274 1.0927 1.00379 1.00379 1.0927 2.30274 9.88437 30.7141 34.1985 34.9133 34.9913 34.9913 34.9133 34.1985 30.7141 34.822 34.9652 34.9923 34.996 34.996 34.9924 34.9653 34.8232 33.9972 34.8652 34.9864 34.9985 34.9984 34.9861 34.8629 33.9827 27.4624 23.862 10.2847 2.62659 2.63412 10.244 23.8616 27.5741 12.4591 2.71599 1.13979 1.0046 1.00477 1.14211 2.73015 
2.4495 1.11807 1.00393 0.999982 0.999982 1.00393 1.11807 2.4495 9.14652 2.30312 1.09715 1.00453 1.00379 1.0927 2.30312 9.14652 30.7141 34.1985 34.9139 34.9913 34.9913 34.9133 34.1722 31.1168 34.8232 34.9653 34.9924 34.996 34.996 34.9924 34.9653 34.8232 33.9827 34.8629 34.9861 34.9984 34.9984 34.9861 34.8602 34.0233 27.504 23.9184 10.1957 2.62659 2.62659 10.1952 23.9177 27.7252 12.4591 2.71599 1.13979 1.0046 1.0046 1.13979 2.71599 
2.40638 1.11473 1.00398 0.999981 0.999981 1.00398 1.11473 2.40638 9.00432 2.27114 1.0967 1.00503 1.00406 1.09025 2.27114 9.00432 30.6705 34.2006 34.91 34.9841 34.9838 34.9091 34.1629 31.0775 34.8063 34.9476 34.973 34.9758 34.9758 34.973 34.9476 34.8063 33.9753 34.859 34.9824 34.995 34.9951 34.9825 34.8561 34.0191 27.4882 23.9072 10.1873 2.622 2.622 10.1869 23.9065 27.7152 12.4907 2.73172 1.14527 1.00502 1.00502 1.14527 2.73172 
2.43837 1.1173 1.00401 0.99993 0.99993 1.00401 1.1173 2.43837 9.16994 2.31994 1.10082 1.00511 1.00416 1.09457 2.31994 9.16994 30.6683 34.1333 34.8203 34.8905 34.8895 34.8185 34.0865 31.0657 34.7275 34.8591 34.874 34.862 34.862 34.874 34.8591 34.7275 33.9141 34.8229 34.9523 34.9661 34.9664 34.9527 34.8202 33.9596 27.4146 23.8716 10.185 2.62209 2.62209 10.1845 23.8708 27.644 12.4603 2.72971 1.1453 1.00498 1.00498 1.1453 2.72971 
2.88927 1.16241 1.00557 1.00005 1.00005 1.00557 1.16241 2.88927 10.5248 2.88146 1.16198 1.00783 1.00701 1.16015 2.88146 10.5248 30.6746 33.5704 34.0474 34.0806 34.0978 34.0665 33.636 31.0499 34.4476 34.5234 34.5221 34.4273 34.4273 34.5221 34.5234 34.4476 33.5082 34.6277 34.8335 34.86 34.86 34.8341 34.6243 33.5559 26.8217 23.5644 10.2096 2.65713 2.65713 10.2086 23.5643 27.0404 12.2512 2.70451 1.14299 1.00497 1.00497 1.14299 2.70451 
2.00997 1.05544 1.00118 1.00006 1.00006 1.00118 1.05544 2.00997 7.93405 2.06785 1.05935 1.00137 1.00137 1.05935 2.06785 7.93405 30.5978 33.9844 34.8194 34.909 34.9086 34.819 33.9778 30.745 34.2225 34.5679 34.6232 34.5391 34.5196 34.6098 34.5541 34.2 32.5511 34.2452 34.6727 34.8357 34.8463 34.6931 34.2425 32.5847 23.9185 20.519 11.3935 3.91255 3.71741 11.1076 20.9824 23.8297 12.0997 3.06947 1.24987 1.01585 1.01512 1.24298 3.03357 
1.93828 1.04902 1.00094 0.999968 0.999968 1.00094 1.04902 1.93828 7.70593 2.01865 1.05254 1.00097 1.00097 1.05254 2.01865 7.70593 30.8033 34.0777 34.8807 34.9668 34.9664 34.8804 34.0732 30.9627 34.587 34.8498 34.8867 34.8759 34.8774 34.8876 34.8495 34.5818 33.0234 34.7001 34.9352 34.9667 34.9662 34.9354 34.7053 33.0815 23.9593 20.4296 11.8038 4.15684 3.9312 11.4842 20.8842 23.8671 12.2445 3.14752 1.26398 1.017 1.01619 1.25643 3.10751 
1.93038 1.04818 1.00096 1.00001 1.00001 1.00096 1.04818 1.93038 7.69533 2.01672 1.05233 1.00103 1.00103 1.05233 2.01672 7.69533 30.8282 34.101 34.9005 34.9876 34.9876 34.9004 34.0971 30.9889 34.6847 34.9376 34.9746 34.9781 34.9781 34.9745 34.9365 34.6789 33.1156 34.7708 34.975 34.9945 34.9945 34.9751 34.7763 33.174 24.0371 20.5271 11.8006 4.14555 3.92116 11.4808 20.9793 23.9436 12.2675 3.1428 1.2629 1.01693 1.01612 1.25541 3.10318 
1.92617 1.04774 1.00093 1.00002 1.00002 1.00093 1.04774 1.92617 7.70785 2.01345 1.05189 1.00098 1.00098 1.05189 2.01345 7.70785 30.8273 34.0915 34.8993 34.9898 34.9898 34.8993 34.0876 30.9899 34.7137 34.956 34.992 34.9963 34.9963 34.9919 34.9553 34.71 33.2236 34.7834 34.9792 34.9977 34.9978 34.9793 34.7876 33.2632 24.3531 21.0859 11.4801 3.87257 3.70304 11.2326 21.4294 24.2526 12.2756 3.03645 1.23597 1.01399 1.01339 1.23033 3.00715 
1.92018 1.04708 1.00086 1.00001 1.00002 1.00093 1.04774 1.92617 7.70785 2.01345 1.05256 1.00091 1.00091 1.05256 2.02476 8.00083 30.8273 34.0915 34.8993 34.9898 34.9898 34.8993 34.0915 30.8273 34.71 34.9553 34.9919 34.9963 34.9963 34.9919 34.9553 34.71 33.2632 34.7876 34.9793 34.9978 34.9977 34.9792 34.7834 33.2236 24.2526 21.0847 11.4804 3.87248 3.87257 11.4801 21.0859 24.3531 12.2461 3.00715 1.23033 1.01339 1.01399 1.23597 3.03645 
1.92387 1.04736 1.00088 1.00001 1.00001 1.00096 1.04818 1.93038 7.69533 2.01672 1.05298 1.00095 1.00095 1.05298 2.02856 7.98842 30.8282 34.101 34.9004 34.9876 34.9876 34.9005 34.101 30.8282 34.6789 34.9365 34.9745 34.9781 34.9781 34.9745 34.9365 34.6789 33.174 34.7763 34.9751 34.9945 34.9945 34.975 34.7708 33.1156 23.9436 20.5259 11.801 4.14562 4.14555 11.8006 20.5271 24.0371 12.2363 3.10318 1.25541 1.01612 1.01693 1.2629 3.1428 
1.93191 1.04821 1.00086 0.999963 0.999968 1.00094 1.04902 1.93828 7.70593 2.01865 1.05315 1.00089 1.00089 1.05315 2.02997 7.9967 30.8033 34.0777 34.8804 34.9664 34.9668 34.8807 34.0777 30.8033 34.5818 34.8495 34.8876 34.8774 34.8774 34.8876 34.8495 34.5818 33.0815 34.7053 34.9354 34.9662 34.9667 34.9352 34.7001 33.0234 23.8671 20.4285 11.8041 4.15684 4.15684 11.8038 20.4296 23.9593 12.2129 3.10751 1.25643 1.01619 1.017 1.26398 3.14752 
2.00215 1.0546 1.0011 1.00006 1.00006 1.00118 1.05544 2.00997 7.93405 2.06785 1.05933 1.00125 1.00125 1.05933 2.07208 8.18927 30.5978 33.9844 34.819 34.9086 34.909 34.8194 33.9844 30.5978 34.2 34.5541 34.6098 34.5196 34.5196 34.6098 34.5541 34.2 32.5847 34.2425 34.6931 34.8463 34.8357 34.6727 34.2452 32.5511 23.8297 20.5177 11.3939 3.91254 3.91255 11.3935 20.519 23.9185 12.0716 3.03357 1.24298 1.01512 1.01585 1.24987 3.06947 
2.33581 1.08511 1.00217 1.00007 1.00007 1.00224 1.08643 2.34901 9.43349 2.43315 1.1001 1.0031 1.00292 1.09713 2.44504 9.47159 28.4546 33.4809 34.5125 34.6291 34.6713 34.5455 33.4805 28.6499 28.79 28.7264 28.5231 28.6607 28.6607 28.5231 28.7264 28.79 27.7558 29.6846 32.3822 33.6051 33.6572 32.3181 29.8978 27.7563 22.9254 20.8186 9.45082 2.57724 2.57724 9.45024 20.7739 22.9987 10.6168 2.47107 1.1269 1.00464 1.00487 1.12992 2.49236 
1.75253 1.02929 1.00012 0.999955 0.999959 1.00017 1.02957 1.7501 7.7943 1.81656 1.03825 1.00079 1.00064 1.03686 1.81746 7.79225 28.4998 33.8043 34.7999 34.9207 34.9177 34.7903 33.7808 28.6695 32.7302 32.6417 32.7033 32.9344 32.9344 32.7033 32.6417 32.7302 31.955 33.5901 34.4658 34.7543 34.7522 34.4684 33.5976 31.9571 24.8571 22.6563 10.2925 2.70668 2.70679 10.2947 22.7798 24.9658 11.6005 2.6238 1.13918 1.00492 1.00515 1.14196 2.64115 
1.68409 1.02441 1.00003 1 1 1.00009 1.02474 1.68206 7.55528 1.75653 1.0341 1.00076 1.00061 1.03271 1.7581 7.55603 28.5786 33.931 34.8625 34.978 34.976 34.8544 33.9149 28.7521 34.2487 34.3956 34.4403 34.5265 34.5265 34.4403 34.3956 34.2487 33.0334 34.5467 34.8983 34.967 34.9664 34.8975 34.5639 33.0359 25.5109 23.2624 10.4665 2.73418 2.73423 10.4682 23.3624 25.6205 11.835 2.65418 1.14115 1.00502 1.00525 1.14393 2.67154 
1.68349 1.02504 1.00007 1.00001 1.00001 1.00012 1.02527 1.68154 7.54822 1.75621 1.03411 1.00072 1.00059 1.03289 1.75764 7.54994 28.6281 33.9525 34.8735 34.9848 34.9832 34.8676 33.9401 28.7937 34.6053 34.8447 34.8839 34.9116 34.9116 34.8839 34.8447 34.6053 33.2061 34.7135 34.9639 34.9942 34.9941 34.9633 34.7251 33.2079 25.6667 23.3779 10.3862 2.69854 2.69872 10.3877 23.445 25.7755 11.7643 2.62027 1.13247 1.00441 1.00458 1.13461 2.63328 
1.68154 1.02527 1.00012 1.00001 1.00001 1.00007 1.02527 1.68154 7.54994 1.75764 1.03289 1.00059 1.00059 1.03289 1.75764 7.54994 28.6281 33.9525 34.8735 34.9848 34.9848 34.8735 33.9525 28.6281 34.6121 34.8456 34.8839 34.9116 34.9116 34.8839 34.8447 34.6053 33.2079 34.7251 34.9633 34.9941 34.9942 34.9639 34.7135 33.2061 26.0806 23.5108 10.2401 2.65413 2.69854 10.3862 23.5108 25.6667 11.7643 2.62027 1.13247 1.00441 1.00441 1.13247 2.62027 
1.68206 1.02474 1.00009 1 1 1.00003 1.02474 1.68206 7.55603 1.7581 1.03271 1.00061 1.00061 1.03271 1.7581 7.55603 28.5786 33.931 34.8625 34.978 34.978 34.8625 33.931 28.5786 34.2585 34.3967 34.4406 34.5264 34.5265 34.4403 34.3956 34.2487 33.0359 34.5639 34.8975 34.9664 34.967 34.8983 34.5467 33.0334 26.0102 23.4607 10.2573 2.67493 2.73418 10.4665 23.4607 25.5109 11.835 2.65418 1.14115 1.00502 1.00502 1.14115 2.65418 
1.7501 1.02957 1.00017 0.999959 0.999955 1.00012 1.02957 1.7501 7.79225 1.81746 1.03686 1.00064 1.00064 1.03686 1.81746 7.79225 28.4998 33.8043 34.7999 34.9207 34.9207 34.7999 33.8043 28.4998 32.7403 32.646 32.7076 32.9385 32.9344 32.7033 32.6417 32.7302 31.9571 33.5976 34.4684 34.7522 34.7543 34.4658 33.5901 31.955 25.3909 22.8904 10.0804 2.64708 2.70668 10.2925 22.8904 24.8571 11.6005 2.6238 1.13918 1.00492 1.00492 1.13918 2.6238 
2.34901 1.08643 1.00224 1.00007 1.00007 1.00217 1.08643 2.34901 9.47159 2.44504 1.09713 1.00292 1.00292 1.09713 2.44504 9.47159 28.4546 33.4809 34.5125 34.6291 34.6291 34.5125 33.4809 28.4546 28.6146 28.527 28.3198 28.4723 28.6607 28.5231 28.7264 28.79 27.7563 29.8978 32.3181 33.6572 33.6051 32.3822 29.6846 27.7558 22.9178 20.7433 9.06729 2.4812 2.57724 9.45082 20.7433 22.9254 10.6168 2.47107 1.1269 1.00464 1.00464 1.1269 2.47107 
6.53658 1.77035 1.04654 1.00109 1.00109 1.04654 1.77035 6.53658 17.1606 6.58481 1.81685 1.05762 1.05762 1.81685 6.58481 17.1606 26.1603 30.6865 30.8376 30.8448 30.8448 30.8376 30.6865 26.1603 8.54418 8.39645 8.01182 7.90683 7.72308 7.808 8.39645 8.54418 9.40459 15.1585 24.5264 28.5288 28.6202 24.7284 15.4519 9.64328 6.89793 6.43239 2.42076 1.12999 1.12999 2.42076 6.43239 6.89793 2.64106 1.12644 1.00519 1.00007 1.00007 1.00519 1.12644 
8.43375 2.06384 1.06723 1.00154 1.00154 1.06723 2.06384 8.43375 21.4098 8.74441 2.13561 1.08521 1.08521 2.13561 8.74441 21.4098 27.5811 32.9241 33.928 34.0479 34.0479 33.928 32.9241 27.5811 3.04822 3.16086 3.20483 3.01148 3.01545 3.21035 3.16086 3.04822 3.89615 11.5482 25.5105 31.6158 31.5978 25.4775 11.6137 3.91139 1.80835 1.72778 1.10658 1.00453 1.00453 1.10658 1.72778 1.80835 1.17045 1.00848 1.00017 0.999927 0.999927 1.00017 1.00848 
8.66387 2.09496 1.06911 1.00163 1.00163 1.06911 2.09496 8.66387 21.9321 8.97836 2.16488 1.08734 1.08734 2.16488 8.97836 21.9321 27.8107 33.4592 34.6529 34.7975 34.7975 34.6529 33.4592 27.8107 1.36952 1.33629 1.34479 1.29243 1.29244 1.34494 1.33629 1.36952 2.67965 10.6792 25.6434 32.2067 32.1883 25.6085 10.7374 2.69377 1.11415 1.04567 1.00255 0.99997 0.99997 1.00255 1.04567 1.11415 1.01241 1.00033 0.999945 0.999998 0.999998 0.999945 1.00033 
8.61078 2.08425 1.06767 1.00155 1.00155 1.06767 2.08425 8.61078 21.8048 8.91795 2.15558 1.08389 1.08389 2.15558 8.91795 21.8048 27.7841 33.5331 34.6645 34.7996 34.7996 34.6645 33.5331 27.7841 1.38056 1.29837 1.30233 1.29266 1.29268 1.30239 1.29837 1.38056 2.63529 10.5651 25.5427 32.0837 32.0722 25.5204 10.6003 2.64419 1.21412 1.0089 1.00013 0.999932 0.999932 1.00013 1.0089 1.21412 1.01879 1.00046 0.999944 0.999995 0.999995 0.999944 1.00046 
8.61004 2.08466 1.06811 1.00159 1.00155 1.06767 2.08425 8.61078 21.7656 8.92474 2.15715 1.0844 1.08389 2.15558 8.91795 21.8048 27.7841 33.5331 34.6645 34.7996 34.8024 34.6749 33.577 27.4664 1.38029 1.29838 1.30239 1.29268 1.29266 1.30233 1.29837 1.38056 2.64419 10.6003 25.5204 32.0722 32.091 25.5558 10.6003 2.64419 1.21881 1.00986 1.00031 0.999937 0.999941 1.00022 1.00986 1.21699 1.01879 1.00046 0.999944 0.999995 0.999995 0.999943 1.00046 
8.66015 2.09581 1.0697 1.00169 1.00163 1.06911 2.09496 8.66387 21.8768 8.99203 2.16809 1.08813 1.08734 2.16488 8.97836 21.9321 27.8107 33.4592 34.6529 34.7975 34.8043 34.671 33.5281 27.4834 1.36925 1.33633 1.34494 1.29244 1.29243 1.34479 1.33629 1.36952 2.69377 10.7374 25.6085 32.1883 32.224 25.6657 10.7374 2.69377 1.11931 1.04396 1.00224 0.999964 0.99996 1.00239 1.04409 1.11757 1.01241 1.00033 0.999945 0.999998 0.999998 0.999944 1.00033 
8.4303 2.06477 1.06782 1.0016 1.00154 1.06723 2.06384 8.43375 21.3523 8.75743 2.13882 1.086 1.08521 2.13561 8.74441 21.4098 27.5811 32.9241 33.928 34.0479 34.0755 33.9677 33.0077 27.2936 3.04838 3.16141 3.21035 3.01545 3.01148 3.20483 3.16086 3.04822 3.91139 11.6137 25.4775 31.5978 31.6516 25.5391 11.6137 3.91139 1.80169 1.72077 1.10583 1.0046 1.00459 1.10613 1.72225 1.80723 1.17045 1.00848 1.00017 0.999927 0.999927 1.00018 1.00865 
6.53322 1.77136 1.04702 1.00113 1.00109 1.04654 1.77035 6.53658 17.0889 6.58529 1.81888 1.05815 1.05762 1.81685 6.58481 17.1606 26.1603 30.6865 30.8376 30.8448 30.6221 30.6289 30.5133 25.8492 8.53917 8.39208 7.808 7.72308 7.90683 8.01182 8.39645 8.54418 9.64328 15.4519 24.7284 28.6202 28.4295 24.4232 15.4519 9.64328 6.4517 6.08926 2.3606 1.12263 1.12267 2.36348 6.17661 6.62893 2.64106 1.12644 1.00519 1.00007 1.00007 1.00515 1.12473 
1.47717 1.02926 1.00083 0.999978 0.999977 1.00077 1.02801 1.4608 4.00174 1.57858 1.04508 1.0016 1.00153 1.04378 1.57798 4.01795 9.26732 11.0974 11.1366 11.1336 11.3743 11.3767 11.3403 9.44132 1.55806 1.49392 1.47338 1.48753 1.48753 1.47338 1.49392 1.55806 2.18705 4.20675 8.02575 9.74034 9.80796 8.09302 4.20675 2.18705 1.32811 1.46662 1.05759 1.00309 1.0031 1.0506 1.46934 1.38104 1.02097 0.999818 0.999955 1.00001 1.00001 0.999954 0.999787 
1.05105 1.00238 0.999982 0.999945 0.999945 0.999985 1.00242 1.05107 1.37311 1.03992 1.00165 0.999928 0.999927 1.00166 1.03963 1.37408 2.3878 2.75427 2.7502 2.72745 2.69554 2.70904 2.70763 2.35175 1.05307 1.04581 1.04677 1.04842 1.04842 1.04677 1.04581 1.05307 1.05551 1.30771 2.24804 2.49757 2.45868 2.20661 1.30771 1.05551 1.02588 1.01785 1.00097 0.99994 0.999942 1.00092 1.01801 1.02514 1.00295 0.999996 0.99994 0.999957 0.999957 0.99994 0.999996 
1.00231 1.00003 0.999986 1 1 0.999986 1.00003 1.00231 1.01814 1.00102 0.999944 0.999989 0.999989 0.999945 1.00099 1.01803 1.11908 1.15755 1.1478 1.14197 1.13736 1.14223 1.1509 1.11423 1.00463 1.00563 1.00557 1.00435 1.00435 1.00557 1.00563 1.00463 0.999077 1.01292 1.11626 1.12969 1.12386 1.10997 1.01292 0.999077 1.0018 1.00018 0.99997 0.99999 0.99999 0.999969 1.00018 1.00157 1.00027 0.999991 0.999999 1 1 0.999999 0.999991 
1.00008 0.999976 1 1 1 1 0.999976 1.00008 1.00034 0.999928 0.999992 1 1 0.999992 0.999925 1.00033 1.00477 1.00659 1.00547 1.00503 1.00466 1.00503 1.00603 1.00437 1.00027 1.0002 1.00025 1.00021 1.00021 1.00025 1.0002 1.00027 0.999943 1.0002 1.00545 1.00537 1.00493 1.00494 1.0002 0.999943 1.00007 0.999929 0.999997 1 1 0.999997 0.999929 1.00006 1.00001 0.999993 1 1 1 1 0.999993 
1.00008 0.999976 1 1 1 1 0.999976 1.00008 1.00033 0.999925 0.999992 1 1 0.999992 0.999925 1.00033 1.00477 1.00659 1.00547 1.00503 1.00503 1.00547 1.00659 1.00477 1.00027 1.0002 1.00025 1.00021 1.00021 1.00025 1.0002 1.00027 0.999942 1.0002 1.0052 1.00516 1.00537 1.00545 1.0002 0.999943 1.00006 0.999929 0.999997 1 1 0.999997 0.999929 1.00006 1.00001 0.999993 1 1 1 1 0.999993 
1.00231 1.00003 0.999986 1 1 0.999986 1.00003 1.00231 1.01803 1.00099 0.999945 0.999989 0.999989 0.999945 1.00099 1.01803 1.11908 1.15755 1.1478 1.14197 1.14197 1.1478 1.15755 1.11908 1.00463 1.0056 1.00557 1.00435 1.00435 1.00557 1.00563 1.00463 0.999073 1.0129 1.11317 1.12688 1.12969 1.11626 1.01292 0.999077 1.00165 1.00018 0.999968 0.999991 0.99999 0.99997 1.00018 1.00165 1.00027 0.999991 0.999999 1 1 0.999999 0.999991 
1.05107 1.00242 0.999985 0.999945 0.999945 0.999985 1.00242 1.05107 1.37408 1.03963 1.00166 0.999927 0.999927 1.00166 1.03963 1.37408 2.3878 2.75427 2.7502 2.72745 2.72745 2.7502 2.75427 2.3878 1.05309 1.04589 1.04594 1.0477 1.04842 1.04677 1.04581 1.05307 1.05435 1.30712 2.23231 2.48352 2.49757 2.24804 1.30771 1.05551 1.02552 1.01719 1.00091 0.99994 0.999943 1.00098 1.01719 1.02552 1.00295 0.999996 0.99994 0.999957 0.999957 0.99994 0.999996 
1.4608 1.02801 1.00077 0.999977 0.999977 1.00077 1.02801 1.4608 4.01795 1.57798 1.04378 1.00153 1.00153 1.04378 1.57798 4.01795 9.26732 11.0974 11.1366 11.1336 11.1336 11.1366 11.0974 9.26732 1.5568 1.49256 1.45881 1.47262 1.48753 1.47338 1.49392 1.55806 2.16257 4.15338 7.99961 9.70516 9.74034 8.02575 4.20675 2.18705 1.36495 1.42606 1.04582 1.00242 1.00296 1.05099 1.42606 1.36495 1.02097 0.999818 0.999955 1.00001 1.00001 0.999955 0.999818 
1.01987 1.00035 0.999995 1.00004 1.00004 0.999995 1.00035 1.01987 1.32289 1.03354 1.00164 1.00003 1.00003 1.00164 1.03354 1.32289 2.07089 2.34431 2.42296 2.44131 2.44131 2.42296 2.34431 2.07089 0.996161 1.0043 0.99834 0.993093 0.993093 0.99834 1.0043 0.996161 1.0757 1.24229 2.05057 2.30594 2.30594 2.05057 1.24229 1.0757 0.995599 1.0181 1.00143 1.00006 1.00005 1.00141 1.0181 0.995599 0.998203 0.999982 1.00006 1.00005 1.00005 1.00006 0.999982 
1.00048 0.999972 0.999994 0.999997 0.999997 0.999994 0.999972 1.00048 1.01335 1.00069 0.999952 0.999985 0.999985 0.999952 1.00069 1.01335 1.08661 1.11383 1.13033 1.12994 1.12994 1.13033 1.11383 1.08661 0.997755 0.997933 0.997786 0.997871 0.997871 0.997786 0.997933 0.997755 1.00307 1.00886 1.06718 1.08334 1.08334 1.06718 1.00886 1.00307 0.998643 1.00032 1 0.999987 0.999987 0.999998 1.00032 0.998643 0.999887 1 0.999998 0.999996 0.999996 0.999998 1 
1.00002 0.999994 1 1 1 1 0.999994 1.00002 1.00017 0.999925 0.999993 1 1 0.999993 0.999925 1.00017 1.00275 1.0036 1.00515 1.0052 1.0052 1.00515 1.0036 1.00275 0.999915 0.999823 0.99987 0.999884 0.999884 0.99987 0.999823 0.999915 1.00013 1.00006 1.0014 1.0018 1.0018 1.0014 1.00006 1.00013 0.999947 0.999924 0.999994 1 1 0.999994 0.999924 0.999947 1.00007 0.999998 1 1 1 1 0.999998 
1.00004 0.999996 1 1 1 1 0.999996 1.00004 0.999985 0.999953 1 1 1 1 0.999953 0.999985 1.00008 1.00001 1.0001 1.00009 1.00009 1.0001 1.00001 1.00008 1.00007 0.999984 1.00003 1.00003 1.00003 1.00003 0.999984 1.00007 1.00003 0.999927 1.00002 0.999969 0.999969 1.00002 0.999927 1.00003 1.00003 0.999954 1 1 1 1 0.999954 1.00003 1.00005 0.999996 1 1 1 1 0.999996 
0 0 0 0 1 1 0.999996 1.00004 0.999984 0.999953 1 1 1 1 0.999953 0.999985 1.00008 1.00001 1.0001 1.00009 1.00009 1.00009 1 1.00007 1.00007 0.999983 1.00003 1.00003 1.00003 1.00003 0.999984 1.00007 1.00003 0.999927 1.00002 0.999972 0.999969 1.00002 0.999927 1.00003 1.00003 0.999954 1 1 1 1 0.999954 1.00003 1.00005 0.999996 1 1 0 0 0 
0 0 0 0 1 1 0.999994 1.00002 1.00016 0.999925 0.999993 1 1 0.999993 0.999925 1.00017 1.00275 1.0036 1.00515 1.0052 1.00503 1.00497 1.00348 1.00266 0.99992 0.999829 0.999877 0.999888 0.999884 0.99987 0.999823 0.999915 1.00012 1.00006 1.00151 1.00188 1.0018 1.0014 1.00006 1.00013 0.999952 0.999924 0.999994 1 1 0.999994 0.999924 0.999947 1.00007 0.999998 1 1 0 0 0 
0 0 0 0 0.999997 0.999994 0.999972 1.00048 1.01318 1.00068 0.999952 0.999985 0.999985 0.999952 1.00069 1.01335 1.08661 1.11383 1.13033 1.12994 1.1281 1.12853 1.11256 1.08557 0.997879 0.997928 0.997791 0.997885 0.997871 0.997786 0.997933 0.997755 1.00291 1.00893 1.06901 1.08486 1.08334 1.06718 1.00886 1.00307 0.998701 1.00032 0.999998 0.999987 0.999987 1 1.00032 0.998643 0.999887 1 0.999998 0.999996 0 0 0 
