0 0 0 0 1.00004 1.00002 1.00028 1.0046 1.03849 1.00248 1.00007 1.00003 1.00003 1.00007 1.00242 1.03899 1.56609 1.61107 1.13174 1.02466 1.02464 1.13179 1.61128 1.56621 1.13008 1.89468 4.69129 5.43596 5.36435 4.62298 1.87697 1.12906 0.966958 0.952018 0.922418 0.92972 0.927466 0.919488 0.949967 0.964752 1.01032 1.00887 1.00099 1.00006 1.00006 1.00103 1.00886 1.01034 1.0019 1.00006 1.00004 1.00005 0 0 0 
0 0 0 0 0.999996 0.99999 0.999987 1.00038 1.0021 1.00007 0.999986 0.999994 0.999994 0.999986 1.00006 1.00208 1.03505 1.03686 1.0046 1.00044 1.00044 1.0046 1.03686 1.03505 1.00863 1.10148 1.69243 1.79934 1.7797 1.67313 1.09831 1.00845 0.995103 0.994664 0.990439 0.991182 0.990984 0.990279 0.994567 0.994923 1.00026 1.00009 0.999978 0.999988 0.999988 0.999981 1.00009 1.00026 1.00008 0.999986 0.999996 0.999996 0 0 0 
0 0 0 0 1 1 0.99999 1.00001 1.00009 0.999939 0.999999 1 1 0.999999 0.99994 1.00008 1.00078 1.00073 1.00002 0.999953 0.999953 1.00002 1.00073 1.00078 1.00041 1.00661 1.07712 1.0855 1.08268 1.07435 1.00635 1.0004 0.999772 0.999656 0.999496 0.999544 0.999532 0.999481 0.999646 0.999763 1.00002 0.999932 0.999995 1 1 0.999995 0.999932 1.00002 1.00003 0.999996 1 1 0 0 0 
0 0 0 0 1 1 0.999996 1.00004 1 0.99995 1 1 1 1 0.99995 1 1.00003 0.999934 0.999986 0.999998 0.999998 0.999986 0.999934 1.00003 0.999998 1.00013 1.00375 1.00408 1.00388 1.00355 1.00012 0.999998 1.00009 0.999995 1.00004 1.00005 1.00005 1.00004 0.999996 1.00009 1.00002 0.999951 1 1 1 1 0.999951 1.00002 1.00005 0.999996 1 1 0 0 0 
1.00004 0.999996 1 1 1 1 0.999996 1.00004 1 0.99995 1 1 1 1 0.99995 1 1.00003 0.999934 0.999986 0.999998 0.999998 0.999986 0.999934 1.00003 0.999998 1.00013 1.00375 1.00408 1.00408 1.00375 1.00013 0.999998 1.00009 0.999996 1.00004 1.00005 1.00005 1.00004 0.999996 1.00009 1.00002 0.999951 1 1 1 1 0.999951 1.00002 1.00005 0.999996 1 1 1 1 0.999996 
1.00001 0.99999 1 1 1 1 0.99999 1.00001 1.00009 0.999939 0.999999 1 1 0.999999 0.999939 1.00009 1.00078 1.00073 1.00002 0.999953 0.999953 1.00002 1.00073 1.00078 1.00041 1.00661 1.07712 1.0855 1.0855 1.07712 1.00661 1.00041 0.999763 0.999646 0.999481 0.999532 0.999532 0.999481 0.999646 0.999763 1.00002 0.999932 0.999995 1 1 0.999995 0.999932 1.00002 1.00003 0.999996 1 1 1 1 0.999996 
1.00038 0.999987 0.99999 0.999996 0.999996 0.99999 0.999987 1.00038 1.0021 1.00007 0.999986 0.999994 0.999994 0.999986 1.00007 1.0021 1.03505 1.03686 1.0046 1.00044 1.00044 1.0046 1.03686 1.03505 1.00863 1.10148 1.69243 1.79934 1.79934 1.69243 1.10148 1.00863 0.994923 0.994567 0.990279 0.990984 0.990984 0.990279 0.994567 0.994923 1.00026 1.00009 0.999981 0.999988 0.999988 0.999978 1.00009 1.00026 1.00008 0.999986 0.999996 0.999996 0.999996 0.999996 0.999986 
1.0046 1.00028 1.00002 1.00004 1.00004 1.00002 1.00028 1.0046 1.03849 1.00248 1.00007 1.00003 1.00003 1.00007 1.00248 1.03849 1.56621 1.61128 1.13179 1.02464 1.02464 1.13179 1.61128 1.56621 1.13008 1.89468 4.69129 5.43596 5.43596 4.69129 1.89468 1.13008 0.964752 0.949967 0.919488 0.927466 0.927466 0.919488 0.949967 0.964752 1.01034 1.00886 1.00103 1.00006 1.00006 1.00099 1.00886 1.01034 1.0019 1.00006 1.00004 1.00005 1.00005 1.00004 1.00006 
1.03157 1.00102 1.00005 1.00001 1.00001 1.00005 1.00102 1.03157 1.39781 1.03485 1.00071 1.00002 1.00002 1.00071 1.03485 1.39781 4.40137 4.81215 2.53196 1.48168 1.48168 2.53196 4.81215 4.40137 2.27097 5.11223 10.7683 13.2571 13.3981 10.8441 5.13976 2.22955 1.45781 1.30335 1.34658 1.35557 1.35557 1.34658 1.30335 1.45781 1.17289 1.18896 1.03124 1.00172 1.00162 1.03186 1.20823 1.19209 1.01614 0.9998 0.999954 1.00002 1.00002 0.999954 0.9998 
0.999087 0.999847 0.999963 0.999953 0.999953 0.999963 0.999847 0.999087 1.02032 1.00035 0.999907 0.999954 0.999954 0.999907 1.00035 1.02032 1.62487 1.67365 1.15127 1.0259 1.0259 1.15127 1.67365 1.62487 1.15137 1.79747 3.67945 4.21562 4.31634 3.78078 1.8337 1.1512 1.05471 1.03701 1.0448 1.04063 1.04063 1.0448 1.03701 1.05471 1.00458 1.00709 1.00069 0.999936 0.999935 1.00071 1.00752 1.00511 0.999513 0.999921 0.999955 0.999952 0.999952 0.999955 0.999921 
0.999847 1 1 1 1 1 1 0.999847 1 0.999865 1.00001 1 1 1.00001 0.999865 1 1.04711 1.04935 1.0063 1.00039 1.00039 1.0063 1.04935 1.04711 1.00928 1.09622 1.50295 1.56631 1.59705 1.53745 1.10451 1.00958 1.0039 1.0028 1.00386 1.00326 1.00326 1.00386 1.0028 1.0039 0.999892 0.999891 0.99996 0.999995 0.999995 0.99996 0.999892 0.999894 1.00005 1.00001 1 1 1 1 1.00001 
1.00008 0.999999 1 1 1 1 0.999999 1.00008 1 0.999961 1 1 1 1 0.999961 1 1.00166 1.00163 1.00008 0.999955 0.999955 1.00008 1.00163 1.00166 1.00043 1.00627 1.06023 1.06206 1.06655 1.06527 1.0069 1.00046 1.00022 1.00011 1.00027 1.00022 1.00022 1.00027 1.00011 1.00022 1.00003 0.999949 0.999998 1 1 0.999998 0.999948 1.00003 1.00006 0.999996 1 1 1 1 0.999996 
1.00008 0.999999 1 1 1 1 0.999999 1.00008 1 0.999961 1 1 1 1 0.99996 1.00001 1.00166 1.00163 1.00008 0.999955 0.999955 1.00008 1.00163 1.00166 1.00046 1.0069 1.06527 1.06655 1.06655 1.06527 1.0069 1.00046 1.0002 1.00009 1.00027 1.00022 1.0002 1.00024 1.00011 1.00022 1.00003 0.999948 0.999998 1 1 0.999998 0.999949 1.00003 1.00006 0.999996 1 1 1 1 0.999996 
0.999846 1 1 1 1 1 1 0.999847 1 0.999865 1.00001 1 1 1.00001 0.999876 1.00009 1.04713 1.04934 1.00631 1.00039 1.00039 1.0063 1.04935 1.04711 1.00958 1.10451 1.53745 1.59705 1.59705 1.53745 1.10451 1.00958 1.00372 1.0026 1.00387 1.00326 1.00302 1.00356 1.0028 1.0039 0.999894 0.999892 0.99996 0.999995 0.999995 0.99996 0.999891 0.999892 1.00005 1.00001 1 1 1 1 1.00001 
0.999056 0.999841 0.999964 0.999953 0.999953 0.999963 0.999847 0.999087 1.02032 1.00035 0.999907 0.999954 0.999953 0.999912 1.00045 1.0216 1.62392 1.67206 1.15136 1.02596 1.0259 1.15127 1.67365 1.62487 1.1512 1.8337 3.78078 4.31634 4.31634 3.78078 1.8337 1.1512 1.053 1.03525 1.04474 1.04058 1.03874 1.04238 1.03701 1.05471 1.00511 1.00752 1.00072 0.999935 0.999936 1.00069 1.00709 1.00458 0.999506 0.999921 0.999955 0.999952 0.999952 0.999955 0.999922 
1.03155 1.00098 1.00004 1.00001 1.00001 1.00005 1.00102 1.03157 1.39781 1.03485 1.00071 1.00002 1.00002 1.00082 1.03814 1.42299 4.47042 4.89091 2.58483 1.50571 1.48168 2.53196 4.81215 4.40137 2.22955 5.13976 10.8441 13.3981 13.3981 10.8441 5.13976 2.22955 1.46566 1.3065 1.35007 1.35811 1.3624 1.3524 1.30335 1.45781 1.19209 1.20823 1.03465 1.00182 1.00172 1.03124 1.18896 1.17289 1.01559 0.9998 0.999954 1.00002 1.00002 0.99995 0.999776 
1.54284 1.02131 0.998937 0.999975 0.999984 0.999065 1.02269 1.55499 4.79025 1.69785 1.04956 1.00161 1.00172 1.05102 1.68939 4.90722 16.8139 19.6308 13.0068 8.04366 8.16814 13.1366 19.6308 16.8139 9.00512 14.5519 22.5567 26.3722 26.3722 22.5567 14.5519 9.00512 5.00042 3.60357 4.28457 4.31166 4.23164 4.19109 3.6 5.00188 3.53507 3.77787 1.77357 1.07426 1.07677 1.79972 3.87769 3.66005 2.08176 1.08874 1.00398 1.00006 1.00006 1.00383 1.08874 
1.6394 1.02707 0.998717 0.999865 0.999875 0.998884 1.02877 1.65285 5.22198 1.82434 1.06151 1.00198 1.00213 1.06347 1.81005 5.3148 17.9958 21.2709 11.0205 3.64672 3.63425 10.9861 21.2709 17.9958 4.11117 10.7207 22.3747 28.3134 28.3134 22.3747 10.7207 4.11117 1.58583 1.24039 1.45806 1.5203 1.52375 1.45968 1.24101 1.58722 1.50913 1.43489 1.06744 1.00363 1.00356 1.06716 1.4319 1.50722 1.15772 1.00957 1.0002 0.999921 0.999922 1.0002 1.00957 
1.45355 1.01561 0.998644 0.999933 0.999941 0.998823 1.01689 1.46345 4.22103 1.60236 1.0425 1.00134 1.00144 1.04388 1.59255 4.29319 14.5202 16.9431 8.1561 2.37145 2.3613 8.12692 16.9431 14.5202 2.30004 7.45253 17.4315 21.729 21.729 17.4315 7.45253 2.30004 1.00195 0.870201 1.05675 1.11456 1.11876 1.05843 0.870202 1.00211 1.07422 1.04868 1.00477 1.00014 1.00013 1.00464 1.04746 1.07423 1.00988 1.00009 0.999982 1 1 0.999974 1.00009 
1.07749 1.00107 0.999875 1.00002 1.00001 0.999891 1.00122 1.07938 2.0325 1.10696 1.00397 1.00004 1.00005 1.00412 1.10501 2.0601 8.13533 9.06514 3.57846 1.2257 1.2235 3.56821 9.06514 8.13533 1.48976 4.70086 12.9612 16.0569 16.0569 12.9612 4.70086 1.48976 1.0005 0.981927 0.999452 1.0033 1.00197 0.997535 0.981921 1.00056 0.953665 0.994788 0.999799 0.999981 0.999982 0.999788 0.994652 0.953668 0.989657 0.999479 1.00003 1 1 1.00003 0.999479 
1.07938 1.00122 0.999891 1.00001 1.00001 0.999891 1.00122 1.07938 2.0325 1.10696 1.00397 1.00004 1.00004 1.00397 1.10696 2.0325 8.14214 9.07764 3.56821 1.2235 1.2235 3.56821 9.06514 8.13533 1.48881 4.69424 12.9642 16.0571 16.0569 12.9612 4.70086 1.48976 1.00172 0.983238 0.997535 1.00197 1.0033 0.999452 0.981927 1.0005 0.953668 0.994652 0.999788 0.999982 0.999981 0.999799 0.994788 0.953665 0.989657 0.999479 1.00003 1 1 1.00003 0.999488 
1.46345 1.01689 0.998823 0.999941 0.999941 0.998823 1.01689 1.46345 4.22103 1.60236 1.0425 1.00134 1.00134 1.0425 1.60236 4.22103 14.547 16.9818 8.12692 2.3613 2.3613 8.12692 16.9431 14.5202 2.29438 7.43409 17.4424 21.729 21.729 17.4315 7.45253 2.30004 1.01026 0.878709 1.05843 1.11876 1.11456 1.05675 0.870201 1.00195 1.07423 1.04746 1.00464 1.00013 1.00014 1.00477 1.04868 1.07422 1.00988 1.00009 0.999974 1 1 0.999982 1.00019 
1.65285 1.02877 0.998884 0.999875 0.999875 0.998884 1.02877 1.65285 5.22198 1.82434 1.06151 1.00198 1.00198 1.06151 1.82434 5.22198 18.0308 21.3194 10.9861 3.63425 3.63425 10.9861 21.2709 17.9958 4.10006 10.6955 22.3849 28.3145 28.3134 22.3747 10.7207 4.11117 1.59672 1.25197 1.45968 1.52375 1.5203 1.45806 1.24039 1.58583 1.50722 1.4319 1.06716 1.00356 1.00363 1.06744 1.43489 1.50913 1.15772 1.00957 1.0002 0.999922 0.999921 1.0002 1.00958 
1.55499 1.02269 0.999065 0.999984 0.999984 0.999065 1.02269 1.55499 4.79025 1.69785 1.04956 1.00161 1.00161 1.04956 1.69785 4.79025 16.9478 19.7967 13.1366 8.16814 8.16814 13.1366 19.6308 16.8139 9.18326 14.7157 22.7235 26.3751 26.3722 22.5567 14.5519 9.00512 5.23373 3.84298 4.19109 4.23164 4.31166 4.28457 3.60357 5.00042 3.66005 3.87769 1.79972 1.07677 1.07426 1.77357 3.77787 3.53507 2.08176 1.08874 1.00383 1.00006 1.00006 1.00398 1.09198 
2.16967 1.07016 1.00111 1.00004 1.00004 1.00111 1.07016 2.16967 8.67053 2.19591 1.07357 1.00197 1.00197 1.07357 2.19591 8.67053 26.6208 30.5962 29.728 28.8995 29.2039 29.9921 30.5839 26.72 26.1492 27.8072 31.3563 33.1213 33.1747 31.4492 27.9438 26.329 25.3742 25.3854 25.8045 25.7114 25.6983 25.7867 25.3637 25.9459 21.5456 19.4943 8.88813 2.57186 2.57219 8.94577 19.5734 21.5456 10.1622 2.44748 1.10979 1.00287 1.00287 1.10978 2.44748 
2.23686 1.07457 1.00108 0.999945 0.999945 1.00108 1.07457 2.23686 9.09541 2.25834 1.07764 1.00198 1.00198 1.07764 2.25834 9.09541 28.3368 33.0726 33.7965 33.7459 33.732 33.7892 33.0569 28.478 31.9322 32.3107 33.5861 34.3685 34.3702 33.5892 32.2964 31.9223 32.4178 33.1806 33.3371 33.3516 33.3396 33.3207 33.1653 32.3318 25.2583 22.5793 10.2924 2.85657 2.85711 10.3138 22.5567 25.2583 11.8218 2.71884 1.13398 1.00353 1.00357 1.13472 2.71884 
2.25012 1.07555 1.00115 0.999996 0.999996 1.00115 1.07555 2.25012 9.19211 2.27374 1.07885 1.00207 1.00207 1.07885 2.27374 9.19211 28.751 33.6857 34.7238 34.847 34.8475 34.7279 33.6766 28.8978 34.1296 34.2555 34.6292 34.8469 34.8477 34.6309 34.254 34.1258 33.7556 34.57 34.783 34.813 34.8101 34.779 34.5644 33.6621 26.0207 23.3291 10.5786 2.90391 2.904 10.6001 23.3138 26.0207 12.1609 2.76804 1.13806 1.00371 1.00375 1.13887 2.76804 
2.25659 1.07605 1.00124 0.999999 0.999999 1.00124 1.07605 2.25659 9.2865 2.29709 1.08233 1.00227 1.00227 1.08233 2.29709 9.2865 28.8647 33.7725 34.8265 34.9684 34.9686 34.8291 33.7647 29.0115 34.6686 34.8059 34.9148 34.9679 34.9681 34.9151 34.8057 34.666 33.9214 34.7607 34.9522 34.978 34.9775 34.9515 34.7585 33.8254 26.1408 23.4553 10.6278 2.89487 2.8949 10.6406 23.4454 26.1408 12.208 2.77106 1.13812 1.00371 1.00375 1.13889 2.77106 
2.24644 1.07567 1.00126 1 0.999999 1.00124 1.07605 2.25659 9.2865 2.29709 1.08233 1.00227 1.00277 1.0882 2.30406 9.40368 29.0115 33.7647 34.8291 34.9686 34.9686 34.8291 33.7647 29.0115 34.666 34.8057 34.9151 34.9681 34.9679 34.9148 34.8059 34.6686 33.8254 34.7763 34.9577 34.9788 34.9784 34.9569 34.7728 33.9214 26.1513 23.4454 10.6406 2.90079 2.89487 10.6278 23.4553 26.1408 12.208 2.77106 1.13889 1.00375 1.00371 1.13812 2.7644 
2.23818 1.07512 1.00118 1 0.999996 1.00115 1.07555 2.25012 9.19211 2.27374 1.07885 1.00207 1.00269 1.08582 2.2814 9.30878 28.8978 33.6766 34.7279 34.8475 34.8475 34.7279 33.6766 28.8978 34.1258 34.254 34.6309 34.8477 34.8469 34.6292 34.2555 34.1296 33.6621 34.603 34.7949 34.8168 34.8131 34.7897 34.5939 33.7556 26.0269 23.3138 10.6001 2.91237 2.90391 10.5786 23.3291 26.0207 12.1609 2.76804 1.13887 1.00375 1.00371 1.13806 2.76084 
2.22504 1.07414 1.00111 0.999948 0.999945 1.00108 1.07457 2.23686 9.09541 2.25834 1.07764 1.00198 1.0026 1.08458 2.26583 9.20859 28.478 33.0569 33.7892 33.732 33.732 33.7892 33.0569 28.478 31.9223 32.2964 33.5892 34.3702 34.3685 33.5861 32.3107 31.9322 32.3318 33.2004 33.3113 33.3289 33.2928 33.2849 33.1748 32.4178 25.2556 22.5567 10.3138 2.8651 2.85657 10.2924 22.5793 25.2583 11.8218 2.71884 1.13472 1.00357 1.00353 1.13398 2.71217 
2.16015 1.0698 1.00113 1.00005 1.00004 1.00111 1.07016 2.16967 8.67053 2.19591 1.07357 1.00197 1.00256 1.08029 2.20391 8.79123 26.72 30.5839 29.9921 29.2039 29.2039 29.9921 30.5839 26.72 26.329 27.9438 31.4492 33.1747 33.1213 31.3563 27.8072 26.1492 25.9459 26.0867 26.6733 26.2471 26.5786 26.6745 26.0864 25.3742 21.6686 19.5734 8.94577 2.58506 2.57186 8.88813 19.4943 21.5456 10.1622 2.44748 1.10978 1.00287 1.00287 1.10979 2.4484 
2.31373 1.07913 1.00169 1.00005 1.00005 1.00169 1.07941 2.31977 9.17481 2.37152 1.09202 1.00227 1.00227 1.09206 2.36973 9.30838 30.0989 33.5165 34.3076 34.3546 34.3546 34.3076 33.5165 30.0989 34.051 34.5804 34.851 34.8933 34.8956 34.8532 34.5804 34.051 32.2875 33.7236 34.0608 34.0497 33.9331 33.9526 33.6945 32.3405 25.6889 22.4203 10.5652 3.09707 2.95108 10.2177 22.9855 26.1779 12.6273 3.01195 1.21473 1.01155 1.01203 1.21923 3.03411 
2.24754 1.07306 1.00149 0.999952 0.999952 1.00149 1.07303 2.2492 9.05401 2.31644 1.08464 1.0018 1.0018 1.08475 2.31514 9.18412 30.2767 33.7846 34.7402 34.8789 34.8789 34.7402 33.7846 30.2767 34.5482 34.8406 34.9343 34.9531 34.9523 34.9338 34.8406 34.5482 33.3156 34.5232 34.7288 34.7614 34.786 34.7617 34.547 33.3821 26.8262 23.002 10.7126 3.13454 2.97102 10.2982 23.6236 27.4461 13.0646 3.0877 1.22558 1.01232 1.01288 1.23081 3.11355 
2.24518 1.07315 1.00155 1 1 1.00155 1.07312 2.24675 9.04084 2.31149 1.08417 1.00185 1.00185 1.08426 2.31016 9.17073 30.2984 33.8245 34.8065 34.9648 34.9648 34.8065 33.8245 30.2984 34.6982 34.9298 34.9809 34.9901 34.9901 34.981 34.9298 34.6982 33.5095 34.7441 34.9408 34.9694 34.9738 34.9499 34.7561 33.5711 26.9903 23.0815 10.7152 3.13073 2.96958 10.3144 23.6874 27.6004 13.1316 3.09316 1.22554 1.01233 1.01288 1.23074 3.11871 
2.24445 1.07349 1.00154 1 1 1.00154 1.07358 2.24635 9.03476 2.30775 1.08417 1.00188 1.00188 1.08426 2.30578 9.16294 30.2978 33.8355 34.8208 34.9744 34.9744 34.8208 33.8355 30.2978 34.7462 34.9547 34.9921 34.9976 34.9976 34.9922 34.9547 34.7462 33.636 34.7896 34.9715 34.9943 34.9953 34.975 34.7959 33.6865 27.1677 23.1937 10.6297 3.06311 2.9454 10.3908 23.5696 27.6194 13.1436 3.05695 1.21088 1.01061 1.01102 1.21485 3.07573 
2.24635 1.07358 1.0015 0.999997 1 1.00154 1.07358 2.24635 9.16294 2.30578 1.08426 1.00188 1.00188 1.08426 2.30578 9.16294 30.1497 33.8404 34.8186 34.9736 34.9744 34.8208 33.8355 30.2978 34.7556 34.9556 34.9922 34.9976 34.9976 34.9921 34.9547 34.7462 33.6048 34.7839 34.975 34.9953 34.9943 34.9715 34.7896 33.636 27.6194 23.5696 10.3908 2.9454 3.06311 10.6297 23.1937 27.1677 13.1693 3.07573 1.21485 1.01102 1.01061 1.21088 3.05695 
2.24675 1.07312 1.0015 0.999997 1 1.00155 1.07312 2.24675 9.17073 2.31016 1.08426 1.00185 1.00185 1.08426 2.31016 9.17073 30.1493 33.8298 34.8027 34.9638 34.9648 34.8065 33.8245 30.2984 34.7121 34.9315 34.981 34.9901 34.9901 34.9809 34.9298 34.6982 33.4643 34.7353 34.9499 34.9738 34.9694 34.9408 34.7441 33.5095 27.6004 23.6874 10.3144 2.96958 3.13073 10.7152 23.0815 26.9903 13.1672 3.11871 1.23074 1.01288 1.01233 1.22554 3.09316 
2.2492 1.07303 1.00143 0.999947 0.999952 1.00149 1.07303 2.2492 9.18412 2.31514 1.08475 1.0018 1.0018 1.08475 2.31514 9.18412 30.129 33.7903 34.7355 34.8776 34.8789 34.7402 33.7846 30.2767 34.5604 34.8419 34.9338 34.9523 34.9531 34.9343 34.8406 34.5482 33.2679 34.5085 34.7617 34.786 34.7614 34.7288 34.5232 33.3156 27.4461 23.6236 10.2982 2.97102 3.13454 10.7126 23.002 26.8262 13.1015 3.11355 1.23081 1.01288 1.01232 1.22558 3.0877 
2.31977 1.07941 1.00164 1.00004 1.00005 1.00169 1.07941 2.31977 9.30838 2.36973 1.09206 1.00227 1.00227 1.09206 2.36973 9.30838 29.968 33.5252 34.3336 34.3874 34.3546 34.3076 33.5165 30.0989 34.0859 34.5961 34.8532 34.8956 34.8933 34.851 34.5804 34.051 32.2812 33.7744 33.9526 33.9331 34.0497 34.0608 33.7236 32.2875 26.1779 22.9855 10.2177 2.95108 3.09707 10.5652 22.4203 25.6889 12.6605 3.03411 1.21923 1.01203 1.01155 1.21473 3.01195 
3.41393 1.23288 1.00879 1.00015 1.00016 1.00895 1.23288 3.41393 11.1019 3.38036 1.26872 1.01631 1.01564 1.26322 3.38036 11.1019 31.2671 34.0294 34.7757 34.871 34.871 34.7757 34.0294 31.2671 33.726 34.5015 34.6113 34.5389 34.515 34.5937 34.4817 33.6854 30.4991 33.4481 33.7805 33.7354 33.8001 33.8603 33.5319 30.476 20.7858 20.6712 11.0387 3.63373 3.68347 11.0996 20.5321 20.4239 10.4477 2.98733 1.26654 1.01867 1.01784 1.25945 2.95689 
2.51592 1.11958 1.00407 1 1.00001 1.00417 1.11958 2.51592 9.00109 2.48716 1.14028 1.00776 1.00735 1.13692 2.48716 9.00109 31.1994 34.1136 34.8597 34.9599 34.9599 34.8597 34.1136 31.1994 34.401 34.8144 34.8812 34.879 34.8795 34.8815 34.8138 34.3903 32.5533 34.509 34.7693 34.7779 34.7716 34.7635 34.4983 32.4519 24.4723 21.7473 11.6238 3.91002 3.97507 11.7239 21.5867 24.2677 12.7885 3.61679 1.36089 1.02672 1.02549 1.3504 3.5654 
2.38608 1.10656 1.00362 1.00005 1.00006 1.00372 1.10656 2.38608 8.64721 2.38201 1.12957 1.00733 1.00694 1.12626 2.38201 8.64721 31.1854 34.1392 34.8832 34.9829 34.9829 34.8832 34.1392 31.1854 34.6189 34.9243 34.9705 34.9764 34.9764 34.9704 34.9231 34.6065 32.9767 34.7091 34.9504 34.9725 34.9714 34.9485 34.7016 32.883 25.3793 22.043 11.639 3.90572 3.97086 11.7426 21.8799 25.1805 13.2906 3.72301 1.37329 1.02757 1.02632 1.36265 3.67132 
2.38206 1.10336 1.00338 1.00004 1.00005 1.00347 1.10336 2.38206 8.75923 2.40567 1.12705 1.00665 1.00633 1.12448 2.40567 8.75923 31.1986 34.1424 34.8856 34.986 34.986 34.8856 34.1424 31.1986 34.6762 34.9495 34.9902 34.9955 34.9955 34.9902 34.9488 34.6679 33.1763 34.7451 34.9742 34.9953 34.9951 34.9738 34.7418 33.0984 25.6716 22.2768 11.3863 3.69501 3.74012 11.4642 22.1628 25.5143 13.3526 3.57379 1.33291 1.02221 1.02132 1.32512 3.53455 
2.36686 1.10284 1.00347 1.00005 1.00005 1.00347 1.10336 2.38206 8.91864 2.42189 1.12705 1.00665 1.00665 1.12705 2.40567 8.75923 31.1986 34.1424 34.8856 34.986 34.986 34.8846 34.1251 31.4679 34.6679 34.9488 34.9902 34.9955 34.9955 34.9902 34.9488 34.6679 33.0984 34.7418 34.9738 34.9951 34.9951 34.9738 34.7418 33.0984 25.5143 22.1628 11.4642 3.74012 3.69501 11.3863 22.2768 25.6831 13.3193 3.53455 1.33291 1.02221 1.02221 1.33291 3.57379 
2.36686 1.10587 1.00372 1.00006 1.00006 1.00372 1.10656 2.38608 8.81671 2.40235 1.12957 1.00733 1.00733 1.12957 2.38201 8.64721 31.1854 34.1392 34.8832 34.9829 34.9829 34.882 34.1194 31.4525 34.6065 34.9231 34.9704 34.9764 34.9764 34.9704 34.9231 34.6065 32.883 34.7016 34.9485 34.9714 34.9714 34.9485 34.7016 32.883 25.1805 21.8799 11.7426 3.97086 3.90572 11.639 22.043 25.3748 13.252 3.67132 1.37329 1.02757 1.02757 1.37329 3.72301 
2.49619 1.11881 1.00417 1.00001 1.00001 1.00417 1.11958 2.51592 9.16176 2.50799 1.14028 1.00776 1.00776 1.14028 2.48716 9.00109 31.1994 34.1136 34.8597 34.9599 34.9595 34.858 34.0916 31.4551 34.3903 34.8138 34.8815 34.8795 34.8795 34.8815 34.8138 34.3903 32.4519 34.4983 34.7635 34.7716 34.7716 34.7635 34.4983 32.4519 24.2677 21.5867 11.7239 3.97507 3.91002 11.6238 21.7473 24.4819 12.7412 3.5654 1.36089 1.02672 1.02672 1.36089 3.61679 
3.41121 1.23363 1.00895 1.00016 1.00016 1.00895 1.23288 3.41393 11.4122 3.41843 1.26872 1.01631 1.01631 1.26872 3.38036 11.1019 31.2671 34.0294 34.7757 34.871 34.8732 34.7777 34.0125 31.4838 33.6854 34.4817 34.5937 34.515 34.515 34.5937 34.4817 33.6854 30.476 33.5319 33.8603 33.8001 33.8001 33.8603 33.5319 30.476 20.4239 20.5321 11.0996 3.68347 3.63373 11.0387 20.6712 20.7137 10.4336 2.95689 1.26654 1.01867 1.01867 1.26654 2.98733 
7.80937 2.0597 1.07239 1.00175 1.00175 1.07239 2.0597 7.80937 19.3934 7.59822 2.10866 1.10061 1.09649 2.09401 7.56997 19.6662 31.1402 33.7277 34.1447 34.2111 34.1939 34.1184 33.7035 31.1285 26.469 27.3776 27.939 28.1336 28.1328 27.9371 27.3752 26.4637 21.7639 25.6309 26.062 25.7461 25.7461 26.062 25.6309 21.7639 11.4037 16.8858 8.03103 2.24473 2.25078 8.05977 16.8709 11.5074 3.38861 1.2554 1.01346 1.00033 1.00037 1.01426 1.26334 
8.84513 2.24691 1.08841 1.00209 1.00209 1.08841 2.24691 8.84513 21.6154 8.6724 2.3211 1.12535 1.11984 2.29921 8.61042 21.8003 33.121 34.6227 34.8647 34.8928 34.8919 34.8631 34.6227 33.1467 30.8925 32.0144 32.3269 32.6326 32.6328 32.3271 32.0145 30.8952 25.6187 31.8854 32.9441 33.2359 33.2359 32.9441 31.8854 25.6187 10.552 18.9438 8.47149 2.33056 2.33015 8.47822 18.942 10.7676 2.55472 1.12503 1.00348 0.99994 0.99994 1.00347 1.12492 
9.10193 2.28668 1.09127 1.00221 1.00221 1.09127 2.28668 9.10193 22.1889 8.91394 2.35731 1.12867 1.12314 2.33604 8.85657 22.3923 33.6566 34.8062 34.9702 34.9882 34.9881 34.9701 34.8059 33.6924 32.505 34.0353 34.289 34.4236 34.4236 34.2889 34.035 32.5077 26.3026 33.2072 34.5355 34.7387 34.7387 34.5355 33.2072 26.3026 10.4429 19.2761 8.54505 2.34633 2.34565 8.5515 19.2722 10.6868 2.43792 1.11052 1.00282 0.999991 0.99999 1.0028 1.1102 
9.11349 2.27784 1.0895 1.00215 1.00215 1.0895 2.27784 9.11349 22.2812 8.94479 2.35027 1.12276 1.11878 2.33704 8.90214 22.477 33.726 34.8156 34.9798 34.9974 34.9974 34.9798 34.8141 33.763 32.9236 34.5885 34.8228 34.881 34.8809 34.8227 34.5881 32.9262 26.4497 33.4228 34.7748 34.9449 34.9449 34.7748 33.4228 26.4497 10.5862 19.3825 8.61308 2.35985 2.35892 8.61658 19.3743 10.8288 2.49844 1.11838 1.00317 0.999993 0.999992 1.00315 1.11815 
9.11598 2.27862 1.08962 1.00215 1.00215 1.0895 2.27784 9.11349 22.477 8.90214 2.33704 1.11878 1.11878 2.33704 8.90214 22.477 33.726 34.8156 34.9798 34.9974 34.9974 34.9798 34.8156 33.726 32.9262 34.5881 34.8227 34.8809 34.8809 34.8227 34.5881 32.9262 26.6026 33.3946 34.7732 34.9455 34.9455 34.7732 33.3946 26.6026 10.8288 19.3743 8.61476 2.35966 2.35985 8.61308 19.3743 10.8288 2.49844 1.11838 1.00317 0.999992 0.999993 1.00317 1.11838 
9.11121 2.28863 1.09148 1.00222 1.00221 1.09127 2.28668 9.10193 22.3923 8.85657 2.33604 1.12314 1.12314 2.33604 8.85657 22.3923 33.6566 34.8062 34.9701 34.9881 34.9881 34.9701 34.8062 33.6566 32.5077 34.035 34.2889 34.4236 34.4236 34.2889 34.035 32.5077 26.4593 33.1878 34.5424 34.7446 34.7446 34.5424 33.1878 26.4593 10.6868 19.2722 8.54776 2.34623 2.34633 8.54505 19.2722 10.6868 2.43792 1.11052 1.00282 0.99999 0.999991 1.00282 1.11052 
8.85234 2.24875 1.08863 1.00209 1.00209 1.08841 2.24691 8.84513 21.8003 8.61042 2.29921 1.11984 1.11984 2.29921 8.61042 21.8003 33.121 34.6227 34.8631 34.8919 34.8919 34.8631 34.6227 33.121 30.8952 32.0145 32.3271 32.6328 32.6328 32.3271 32.0145 30.8952 25.7786 31.9011 32.9881 33.272 33.272 32.9881 31.9011 25.7786 10.7676 18.942 8.47428 2.3305 2.33056 8.47149 18.942 10.7676 2.55472 1.12503 1.00348 0.99994 0.99994 1.00348 1.12503 
7.8369 2.06362 1.07271 1.00176 1.00175 1.07239 2.0597 7.80937 19.6662 7.56997 2.09401 1.09649 1.09649 2.09401 7.56997 19.6662 31.1402 33.7277 34.1184 34.1939 34.1939 34.1184 33.7277 31.1402 26.4637 27.3752 27.9371 28.1328 28.1328 27.9371 27.3752 26.4637 21.7147 25.4667 25.9125 25.5906 25.5906 25.9125 25.4667 21.7147 11.5074 16.8709 8.02732 2.24369 2.24473 8.03103 16.8709 11.5074 3.38861 1.2554 1.01346 1.00037 1.00033 1.01346 1.2554 
8.03649 2.14324 1.08958 1.00276 1.00268 1.08828 2.13318 7.99826 18.7768 7.93263 2.14658 1.10177 1.10177 2.14658 7.93263 18.7768 24.5982 28.8809 29.9217 30.0657 30.0657 29.9217 28.8809 24.5982 7.17542 8.08409 7.62624 7.49421 7.49421 7.62624 8.08409 7.17542 4.36719 4.81594 5.22393 5.15103 5.15103 5.22393 4.81594 4.36719 3.15447 5.41374 2.26011 1.10406 1.09997 2.22362 5.41374 3.15447 1.21654 1.00828 1.00006 1.00001 1.00001 1.00006 1.00828 
9.14795 2.34511 1.1098 1.00342 1.00331 1.10824 2.33518 9.13198 21.0502 9.03941 2.36534 1.12547 1.12547 2.36534 9.03941 21.0502 26.9998 32.7371 33.6073 33.7178 33.7178 33.6073 32.7371 26.9998 2.85657 3.12902 3.05986 2.89093 2.89093 3.05986 3.12902 2.85657 1.70279 1.92245 1.87193 1.77244 1.77244 1.87193 1.92245 1.70279 1.24434 1.65916 1.10577 1.0045 1.0045 1.10562 1.65916 1.24434 1.02071 1.00067 0.999909 0.999944 0.999944 0.999909 1.00067 
9.34633 2.37251 1.11167 1.00352 1.00341 1.11007 2.36218 9.32818 21.7182 9.28064 2.39644 1.12766 1.12766 2.39644 9.28064 21.7182 27.5107 33.7317 34.6507 34.7493 34.7493 34.6507 33.7317 27.5107 1.30848 1.36252 1.33789 1.29013 1.29013 1.33789 1.36252 1.30848 1.10369 1.14971 1.1505 1.12716 1.12716 1.1505 1.14971 1.10369 1.01843 1.0439 1.00407 0.999981 0.999979 1.00407 1.0439 1.01843 1.00432 1.00009 0.999976 0.999999 0.999999 0.999976 1.00009 
9.21858 2.32871 1.10459 1.00316 1.00308 1.10336 2.32118 9.20994 21.6412 9.22957 2.36786 1.11946 1.11946 2.36786 9.22957 21.6412 27.5036 33.7494 34.6801 34.786 34.786 34.6801 33.7494 27.5036 1.31806 1.30931 1.30541 1.29392 1.29392 1.30541 1.30931 1.31806 1.3611 1.39875 1.40155 1.40252 1.40252 1.40155 1.39875 1.3611 1.01327 1.00227 1.00081 0.999999 0.999997 1.00081 1.00227 1.01327 0.998535 0.999841 0.999996 1 1 0.999996 0.999841 
9.20994 2.32118 1.10336 1.00308 1.00308 1.10336 2.32118 9.20994 21.5951 9.25452 2.37126 1.12035 1.11946 2.36786 9.22957 21.6412 27.5036 33.7494 34.6803 34.7858 34.786 34.6801 33.7483 27.6455 1.31806 1.3093 1.30541 1.29393 1.29392 1.30541 1.30931 1.31806 1.3611 1.39914 1.40186 1.40286 1.40286 1.40186 1.39914 1.3611 1.01332 1.00227 1.00081 0.999997 0.999999 1.00081 1.00227 1.01327 0.998535 0.999841 0.999996 1 1 0.999996 0.999841 
9.32818 2.36218 1.11007 1.00341 1.00341 1.11007 2.36218 9.32818 21.6663 9.32868 2.4028 1.12902 1.12766 2.39644 9.28064 21.7182 27.5107 33.7317 34.6525 34.7493 34.7493 34.6507 33.7245 27.6548 1.30857 1.36261 1.33783 1.29008 1.29013 1.33789 1.36252 1.30848 1.10364 1.15163 1.153 1.12825 1.12825 1.153 1.15163 1.10364 1.01844 1.04391 1.00407 0.999979 0.999981 1.00407 1.0439 1.01843 1.00432 1.00009 0.999976 0.999999 0.999999 0.999976 1.00009 
9.13198 2.33518 1.10824 1.00331 1.00331 1.10824 2.33518 9.13198 21.0281 9.09846 2.37146 1.12682 1.12547 2.36534 9.03941 21.0502 26.9998 32.7371 33.601 33.7094 33.7178 33.6073 32.721 27.1232 2.85747 3.13484 3.06405 2.89412 2.89093 3.05986 3.12902 2.85657 1.71181 1.94767 1.90056 1.79281 1.79281 1.90056 1.94767 1.71181 1.24241 1.66034 1.10562 1.0045 1.0045 1.10577 1.65916 1.24434 1.02071 1.00067 0.999909 0.999944 0.999944 0.999909 1.00067 
7.99826 2.13318 1.08828 1.00268 1.00268 1.08828 2.13318 7.99826 18.5751 7.93052 2.15012 1.10273 1.10177 2.14658 7.93263 18.7768 24.5982 28.8809 30.164 30.3058 30.0657 29.9217 28.7411 24.5613 7.16596 7.88051 7.427 7.31423 7.49421 7.62624 8.08409 7.17542 4.27875 4.72039 5.1284 5.0527 5.0527 5.1284 4.72039 4.27875 3.07703 5.30421 2.22362 1.09997 1.10406 2.26011 5.41374 3.15447 1.21654 1.00828 1.00006 1.00001 1.00001 1.00006 1.00823 
1.67658 1.05253 1.00221 1.00002 1.00002 1.00221 1.05152 1.65874 4.65729 1.83713 1.07893 1.00348 1.00348 1.07893 1.83713 4.65729 8.88071 10.5007 10.9213 10.9099 10.9099 10.9213 10.5007 8.88071 1.45143 1.49736 1.50641 1.51799 1.50498 1.49375 1.4961 1.45039 1.43637 1.53552 1.50348 1.46474 1.46474 1.50348 1.53552 1.43637 1.14679 1.51589 1.07741 1.00335 1.00335 1.07741 1.51589 1.14672 1.00403 0.99997 0.999998 1.00002 1.00002 0.999998 0.999968 
1.05719 1.00306 1.00004 0.999933 0.999933 1.00004 1.00312 1.05714 1.55664 1.06817 1.0032 0.999967 0.999967 1.0032 1.06817 1.55664 2.50323 2.87831 2.92966 2.8609 2.8609 2.92966 2.87831 2.50323 1.04459 1.04665 1.05045 1.05254 1.05182 1.04961 1.04665 1.04464 1.02438 1.03112 1.01667 1.01321 1.01321 1.01667 1.03112 1.02438 1.00473 1.02406 1.00206 0.999948 0.999948 1.00205 1.02406 1.00473 0.999856 0.999929 0.999953 0.999952 0.999952 0.999953 0.999928 
1.00233 1.00005 0.99998 1 1 0.99998 1.00005 1.00234 1.0344 1.00223 0.999968 0.999979 0.999979 0.999968 1.00223 1.0344 1.14213 1.1904 1.20512 1.187 1.187 1.20512 1.1904 1.14213 1.00597 1.00709 1.00658 1.00476 1.00476 1.00658 1.00712 1.00595 1.00037 1.00026 0.998788 0.998885 0.998885 0.998788 1.00026 1.00037 1.00004 1.0003 0.999992 0.999988 0.999988 0.999992 1.0003 1.00004 1.00005 1 1 1 1 1 1 
1.00006 0.999975 0.999999 1 1 0.999999 0.999975 1.00006 1.00068 0.999925 0.999984 1 1 0.999984 0.999925 1.00068 1.00611 1.00915 1.01119 1.0095 1.0095 1.01119 1.00915 1.00611 1.00034 1.00027 1.00033 1.00027 1.00027 1.00033 1.00027 1.00034 1.00005 0.999956 0.999918 0.999933 0.999933 0.999918 0.999956 1.00005 1.00001 0.999916 0.999993 1 1 0.999993 0.999916 1.00001 1.00005 0.999996 1 1 1 1 0.999996 
1.00006 0.999975 0.999999 1 1 0.999999 0.999975 1.00006 1.00068 0.999925 0.999983 1 1 0.999984 0.999925 1.00068 1.00611 1.00915 1.01119 1.0095 1.00986 1.01167 1.00953 1.00635 1.00034 1.00027 1.00033 1.00027 1.00027 1.00033 1.00027 1.00034 1.00005 0.999956 0.999918 0.999933 0.999933 0.999918 0.999956 1.00005 1.00001 0.999916 0.999993 1 1 0.999993 0.999916 1.00001 1.00005 0.999996 1 1 1 1 0.999996 
1.00234 1.00005 0.999979 0.999999 1 0.99998 1.00005 1.00234 1.03434 1.00222 0.999972 0.999978 0.999979 0.999968 1.00223 1.0344 1.14213 1.1904 1.20512 1.187 1.19085 1.21019 1.19473 1.14512 1.00595 1.00712 1.00658 1.00476 1.00476 1.00658 1.00712 1.00595 1.00037 1.00026 0.998788 0.998885 0.998885 0.998788 1.00026 1.00037 1.00004 1.0003 0.999992 0.999988 0.999988 0.999992 1.0003 1.00004 1.00005 1 1 1 1 1 1 
1.05714 1.00312 1.00005 0.999933 0.999933 1.00004 1.00312 1.05714 1.55685 1.0676 1.00331 0.999972 0.999967 1.0032 1.06817 1.55664 2.50323 2.87831 2.92966 2.8609 2.8917 2.9695 2.91427 2.53141 1.04464 1.04665 1.04961 1.05182 1.05182 1.04961 1.04665 1.04464 1.02406 1.03041 1.01595 1.01268 1.01321 1.01667 1.03112 1.02438 1.00482 1.02376 1.00204 0.999946 0.999948 1.00206 1.02406 1.00473 0.999856 0.999929 0.999953 0.999952 0.999952 0.999953 0.999929 
1.65874 1.05152 1.00217 1.00002 1.00002 1.00221 1.05152 1.65874 4.50798 1.79399 1.07719 1.00335 1.00348 1.07893 1.83713 4.65729 8.88071 10.5007 10.9213 10.9099 10.6504 10.6549 10.2592 8.70929 1.45039 1.4961 1.49375 1.50498 1.50498 1.49375 1.4961 1.45039 1.43304 1.53329 1.50042 1.46024 1.46474 1.50348 1.53552 1.43637 1.15303 1.50399 1.07538 1.00323 1.00335 1.07741 1.51589 1.14679 1.00403 0.99997 0.999998 1.00002 1.00002 0.999998 0.99997 
1.05988 1.00311 1.00014 1.00003 1.00003 1.00014 1.00311 1.05988 1.59565 1.07459 1.00397 1.00013 1.00013 1.00397 1.0757 1.6016 2.14091 2.36245 2.32956 2.35702 2.35702 2.32956 2.36245 2.14091 1.0125 1.01784 1.01503 1.00934 1.00934 1.01503 1.01784 1.0125 1.03329 1.04959 1.05952 1.04906 1.04906 1.05952 1.0495 1.03326 1.0074 1.02245 1.00243 1.00008 1.00008 1.00243 1.02245 1.0074 1.00045 1.00002 1.00004 1.00005 1.00005 1.00004 1.00002 
1.00313 1.00008 0.999973 0.999994 0.999994 0.999973 1.00008 1.00313 1.04087 1.00302 1.00005 0.999967 0.999967 1.00005 1.00311 1.0416 1.11207 1.13542 1.11873 1.117 1.117 1.11873 1.13542 1.11207 0.998298 0.998191 0.998145 0.998227 0.998227 0.998145 0.998191 0.998298 1.00097 1.00174 1.00331 1.00272 1.00272 1.00331 1.00173 1.00097 1.00021 1.00038 1 0.999982 0.999982 1 1.00038 1.00021 1.00003 0.999987 0.999996 0.999996 0.999996 0.999996 0.999987 
1.00014 0.999974 0.999997 1 1 0.999997 0.999974 1.00014 1.00123 0.999991 0.999978 0.999999 0.999999 0.999978 0.999999 1.00127 1.0048 1.00538 1.00349 1.00358 1.00358 1.00349 1.00538 1.0048 0.9999 0.99979 0.999838 0.999855 0.999855 0.999838 0.99979 0.9999 1.00005 0.999974 1.00012 1.0001 1.0001 1.00012 0.999974 1.00005 0.999975 0.999915 0.999989 1 1 0.999989 0.999915 0.999975 1.00004 0.999996 1 1 1 1 0.999996 
1.00002 0.999994 1 1 1 1 0.999994 1.00002 0.999996 0.999936 1 1 1 1 0.999936 0.999999 1.00015 1.00007 1.00005 1.00005 1.00005 1.00005 1.00007 1.00015 1.00008 0.999983 1.00003 1.00003 1.00003 1.00003 0.999983 1.00008 1.00004 0.99994 0.999983 0.999981 0.999981 0.999983 0.99994 1.00004 1.00001 0.999949 1 1 1 1 0.999949 1.00001 1.00005 0.999996 1 1 1 1 0.999996 
0 0 0 0 1 1 0.999994 1.00002 0.999999 0.999936 0.999999 1 1 1 0.999936 0.999996 1.00015 1.00007 1.00005 1.00005 1.00005 1.00005 1.00006 1.00014 1.00008 0.999982 1.00003 1.00003 1.00003 1.00003 0.999983 1.00008 1.00004 0.99994 0.999983 0.999981 0.999981 0.999983 0.99994 1.00004 1.00001 0.999949 1 1 1 1 0.999949 1.00001 1.00005 0.999996 1 1 0 0 0 
0 0 0 0 1 0.999997 0.999974 1.00014 1.00127 0.999999 0.999977 0.999999 0.999999 0.999978 0.999991 1.00123 1.0048 1.00538 1.00349 1.00358 1.00348 1.0034 1.00524 1.00467 0.999908 0.999795 0.999843 0.99986 0.999855 0.999838 0.99979 0.9999 1.00005 0.999974 1.00012 1.0001 1.0001 1.00012 0.999974 1.00005 0.999975 0.999913 0.999989 1 1 0.999989 0.999915 0.999975 1.00004 0.999996 1 1 0 0 0 
0 0 0 0 0.999994 0.999973 1.00008 1.00313 1.0416 1.00311 1.00006 0.999967 0.999967 1.00005 1.00302 1.04087 1.11207 1.13542 1.11873 1.117 1.11601 1.11803 1.13426 1.11097 0.998404 0.998168 0.998129 0.998217 0.998227 0.998145 0.998191 0.998298 1.00097 1.00173 1.00331 1.00272 1.00272 1.00331 1.00174 1.00097 1.00021 1.00036 1 0.999982 0.999982 1 1.00038 1.00021 1.00003 0.999987 0.999996 0.999996 0 0 0 
