0 0 0 0 1.00001 1.00001 1 1.00017 1.00526 1.00009 1 1.00001 1.00001 1 1.00006 1.00398 1.02247 1.02248 1.00114 1.00073 1.00075 1.00101 1.0227 1.02246 1.0116 1.01445 1.15926 1.16707 1.14973 1.14264 1.01275 1.01028 0.990735 0.989826 0.983659 0.983912 0.981206 0.980865 0.988338 0.989284 0.999977 1.00001 1.00001 1.00001 1.00001 1.00001 1.00001 1.00002 1.00002 1.00001 1.00001 1.00001 0 0 0 
0 0 0 0 0.999999 0.999999 0.999998 0.999999 1.00012 0.999986 1 0.999999 0.999999 1 0.999988 1.00009 1.00011 1.00009 1.00001 1 1 1.00001 1.00008 1.00009 1.00013 1.00015 1.00259 1.00267 1.00229 1.00221 1.00012 1.00012 0.999824 0.999851 0.999762 0.999767 0.999742 0.999736 0.999836 0.999799 1 0.999988 1 0.999999 0.999999 1 0.999988 1 1.00001 0.999998 0.999999 0.999999 0 0 0 
0 0 0 0 1 1 0.999999 1.00001 0.999998 0.999991 1 1 1 1 0.999991 0.999999 1.00001 0.99999 0.999999 0.999998 0.999997 0.999999 0.99999 1.00001 1 0.999985 1.00002 1.00002 1.00001 1.00001 0.999986 1 1.00001 0.999999 1 1 1 1 0.999999 1.00001 1 0.999991 1 1 1 1 0.999991 1 1.00001 0.999999 1 1 0 0 0 
0 0 0 0 1 1 0.999999 1.00001 1 0.999991 1 1 1 1 0.999991 1 1.00001 0.999991 1 1 1 1 0.999991 1.00001 1.00001 0.999991 0.999997 0.999997 0.999998 0.999998 0.999991 1.00001 1.00001 0.999991 1 1 1 1 0.999991 1.00001 1 0.999991 1 1 1 1 0.999991 1 1.00001 0.999999 1 1 0 0 0 
1.00001 0.999999 1 1 1 1 0.999999 1.00001 1 0.999991 1 1 1 1 0.999991 1 1.00001 0.999991 1 1 1 1 0.999991 1.00001 1.00001 0.999991 0.999997 0.999997 0.999997 0.999997 0.999991 1.00001 1.00001 0.999991 1 1 1 1 0.999991 1.00001 1 0.999991 1 1 1 1 0.999991 1 1.00001 0.999999 1 1 1 1 0.999999 
1.00001 0.999999 1 1 1 1 0.999999 1.00001 0.999999 0.999991 1 1 1 1 0.999991 0.999998 1.00001 0.99999 0.999999 0.999997 0.999998 0.999999 0.99999 1.00001 1 0.999985 1.00002 1.00002 1.00002 1.00002 0.999985 1 1.00001 0.999999 1 1 1 1 0.999999 1.00001 1 0.999991 1 1 1 1 0.999991 1 1.00001 0.999999 1 1 1 1 0.999999 
0.999999 0.999998 0.999999 0.999999 0.999999 0.999999 0.999998 0.999999 1.00009 0.999988 1 0.999999 0.999999 1 0.999986 1.00012 1.00009 1.00008 1.00001 1 1 1.00001 1.00008 1.00009 1.00013 1.00015 1.00259 1.00267 1.00267 1.00259 1.00015 1.00013 0.999799 0.999836 0.999736 0.999742 0.999742 0.999736 0.999836 0.999799 1 0.999988 1 0.999999 0.999999 1 0.999988 1 1.00001 0.999998 0.999999 0.999999 0.999999 0.999999 0.999998 
1.00017 1 1.00001 1.00001 1.00001 1.00001 1 1.00017 1.00398 1.00006 1 1.00001 1.00001 1 1.00009 1.00526 1.02246 1.0227 1.00101 1.00075 1.00073 1.00114 1.0227 1.02246 1.0116 1.01445 1.15926 1.16707 1.16707 1.15926 1.01445 1.0116 0.989284 0.988338 0.980865 0.981206 0.981206 0.980865 0.988338 0.989284 0.999977 1.00001 1.00001 1.00001 1.00001 1.00001 1.00001 0.999977 1.00002 1.00001 1.00001 1.00001 1.00001 1.00001 1.00001 
1.00004 1.00001 0.999997 1 1 0.999998 1.00001 1.00004 1.01775 1.00008 0.999996 1 1 0.999999 1.00009 1.01449 2.37654 2.38663 1.07898 1.01591 1.01445 1.0901 2.38663 2.37654 1.03623 1.1685 4.24873 4.50035 4.539 4.28464 1.16151 1.02705 1.00957 1.01141 1.00932 1.00939 1.01724 1.01718 1.01727 1.01596 0.998892 1.0024 1.00003 1 1 1.00002 1.00116 0.99876 0.999835 1.00001 1 1 1 1 1 
0.999851 0.999995 0.999991 0.999991 0.999991 0.999991 0.999995 0.999851 0.999628 0.999972 0.999997 0.999991 0.999991 0.999997 0.999946 0.998179 1.03434 1.03533 1.00017 0.99938 0.999357 1.00033 1.03533 1.03434 1.01003 1.00922 1.12859 1.13729 1.1484 1.13922 1.01031 1.01081 1.00419 1.00159 1.00015 1.00011 0.996554 0.996435 0.999764 1.00245 0.999907 0.998885 0.999984 0.999994 0.999994 0.999982 0.998887 0.999941 1.00001 0.99999 0.999991 0.999991 0.999991 0.999991 0.99999 
1.00002 1 1 1 1 1 1 1.00002 0.999989 0.999992 1 1 1 1 0.999994 0.999964 1.00028 1.00029 1 0.999993 0.999999 1.00001 1.00029 1.00028 1.00024 1.00024 1.00253 1.00266 1.00306 1.00291 1.00028 1.00028 1.00012 1.00004 1.00003 1.00003 0.999971 0.99997 1.00001 1.00008 1.00001 0.999966 1 1 1 1 0.999968 1.00001 1.00001 1 1 1 1 1 1 
1.00001 0.999999 1 1 1 1 0.999999 1.00001 1.00001 0.999991 1 1 1 1 0.999991 1.00001 1.00001 0.999993 1 1 1 0.999999 0.999993 1.00001 1 0.999985 1.00001 1.00001 1.00002 1.00002 0.999985 1 1.00001 0.99999 1 1 1 1 0.999991 1.00001 1 0.999996 1 1 1 1 0.999995 1 1.00001 0.999999 1 1 1 1 0.999999 
1.00001 0.999999 1 1 1 1 0.999999 1.00001 1.00001 0.999991 1 1 1 1 0.999991 1.00001 1.00001 0.999995 0.999999 1 1 0.999999 0.999993 1.00001 1 0.999985 1.00002 1.00002 1.00002 1.00002 0.999985 1 1.00001 0.999991 1 1 1 1 0.999991 1.00001 1 0.999995 1 1 1 1 0.999996 1 1.00001 0.999999 1 1 1 1 0.999999 
1.00002 1 1 1 1 1 1 1.00002 0.999964 0.999994 1 1 1 1 0.999994 0.999964 1.00016 1.00015 1.00001 0.999999 0.999999 1.00001 1.00029 1.00028 1.00028 1.00028 1.00291 1.00306 1.00306 1.00291 1.00028 1.00028 1.00008 1.00001 0.99997 0.999971 0.99997 0.99997 1.00001 1.00008 1.00001 0.999968 1 1 1 1 0.999966 1.00001 1.00001 1 1 1 1 1 1 
0.999853 0.999995 0.999991 0.999991 0.999991 0.999991 0.999995 0.999851 0.998179 0.999946 0.999997 0.999991 0.999991 0.999997 0.999946 0.998179 1.03292 1.03359 1.00033 0.999357 0.999357 1.00033 1.03533 1.03434 1.01081 1.01031 1.13922 1.1484 1.1484 1.13922 1.01031 1.01081 1.00245 0.999764 0.996435 0.996554 0.997218 0.997136 1.00008 1.00275 0.999941 0.998887 0.999982 0.999994 0.999994 0.999984 0.998885 0.999907 1.00001 0.99999 0.999991 0.999991 0.999991 0.999991 0.99999 
1.00004 1 0.999998 1 1 0.999998 1.00001 1.00004 1.01449 1.00009 0.999999 1 1 0.999999 1.00009 1.01449 2.72187 2.73825 1.0901 1.01445 1.01445 1.0901 2.38663 2.37654 1.02705 1.16151 4.28464 4.539 4.539 4.28464 1.16151 1.02705 1.01596 1.01727 1.01718 1.01724 1.01296 1.01276 1.01371 1.01267 0.99876 1.00116 1.00002 1 1 1.00003 1.0024 0.998892 0.999835 1.00001 1 1 1 1 1.00001 
1.00409 0.997384 0.99998 1.00001 1.00001 1 0.998124 1.00442 1.8029 1.01975 1.00015 1.00001 1.00001 1.0002 1.01732 1.98296 29.3125 29.6217 5.62244 2.84564 2.84564 5.62244 29.6217 29.3125 2.80111 5.5937 29.7285 32.3833 32.6083 29.9465 5.59514 2.80474 1.62903 1.62142 1.66234 1.66824 2.07281 2.07035 2.04733 2.05562 1.01242 1.20801 1.00658 1.00007 1.00007 1.00658 1.20795 1.01556 1.01206 1.00017 1.00001 1.00001 1.00001 1.00001 1.00006 
1.00446 0.997291 0.999961 0.999991 0.99999 0.999984 0.998043 1.00482 1.85283 1.02086 1.00013 0.999989 0.999988 1.00018 1.01823 2.04314 31.0951 31.5148 4.27136 1.18232 1.18232 4.27136 31.5148 31.0951 1.33765 4.4079 31.4439 34.4634 34.4661 31.455 4.40431 1.33672 0.999626 0.982505 1.03974 1.04489 1.04792 1.04509 1.00354 1.01597 1.01677 1.00434 1.00011 0.999986 0.999986 1.00011 1.00342 1.01361 0.995262 0.999921 0.999994 0.999991 0.999991 0.999996 0.999903 
1.00365 0.997289 0.999971 1 1 0.999994 0.998047 1.00397 1.76406 1.01869 1.00012 0.999999 0.999998 1.00016 1.01631 1.92987 28.1982 28.5643 3.94255 1.11545 1.11545 3.94255 28.5643 28.1982 1.28812 4.04882 28.2352 30.8377 30.8446 28.2454 4.04547 1.2876 0.983224 0.966543 1.01145 1.01592 1.00974 1.00708 0.979829 0.992133 1.01139 1.00724 1.00015 0.999994 0.999994 1.00015 1.00697 1.01251 0.995169 0.999931 1 1 1 1.00001 0.999914 
1.00002 0.999955 1 1 1 0.999999 0.999979 1.00003 1.02844 1.00025 0.999997 1 1 0.999997 1.00021 1.03569 4.36978 4.40271 1.10167 0.982705 0.982705 1.10167 4.40271 4.36978 1.0298 1.17378 4.68591 4.95691 4.95748 4.68617 1.17368 1.02979 1.00002 0.999756 0.993396 0.993577 0.990391 0.990133 0.999853 1.00018 0.992356 1.00054 0.999994 0.999997 0.999997 0.999994 1.00066 0.99549 0.999619 1 1 1 1 1 1.00001 
1.00003 0.999979 0.999999 1 1 0.999999 0.999979 1.00003 1.03569 1.00021 0.999997 1 1 0.999997 1.00018 1.02026 4.37676 4.40978 1.11126 0.994609 0.982705 1.10167 4.40271 4.36978 1.02979 1.17368 4.68617 4.95748 4.95691 4.68591 1.17378 1.0298 1.00018 0.999853 0.990133 0.990391 0.993577 0.993396 0.999959 1.00037 0.992357 1.00051 0.999994 0.999997 0.999997 0.99999 1.00051 0.992357 0.999619 1 1 1 1 1 1 
1.00397 0.998047 0.999994 1 1 0.999994 0.998047 1.00397 1.92987 1.01631 1.00012 0.999999 0.999999 1.00012 1.01442 1.58303 28.205 28.5589 3.91848 1.11398 1.11545 3.94255 28.5643 28.1982 1.2876 4.04547 28.2454 30.8446 30.8377 28.2352 4.04882 1.28812 0.992133 0.979829 1.00708 1.00974 1.01592 1.01145 0.986064 0.997718 1.01139 1.00593 1.00015 0.999994 0.999995 1.00012 1.00593 1.01139 0.995169 0.999931 1 1 1 1 0.999931 
1.00482 0.998043 0.999984 0.99999 0.99999 0.999984 0.998043 1.00482 2.04314 1.01823 1.00013 0.999989 0.999989 1.00013 1.01592 1.64375 31.1087 31.5152 4.25166 1.17113 1.18232 4.27136 31.5148 31.0951 1.33672 4.40431 31.455 34.4661 34.4634 31.4439 4.4079 1.33765 1.01597 1.00354 1.04509 1.04792 1.04489 1.03974 1.00978 1.02153 1.01651 1.0034 1.00011 0.999986 0.999987 1.00011 1.0034 1.01651 0.995262 0.999921 0.999994 0.999991 0.999991 0.999994 0.999921 
1.00442 0.998124 1 1.00001 1.00001 1 0.998124 1.00442 1.98296 1.01732 1.00015 1.00001 1.00001 1.00015 1.01519 1.61364 29.3197 29.6263 5.80661 3.06095 2.84564 5.62244 29.6217 29.3125 2.80474 5.59514 29.9465 32.6083 32.3833 29.7285 5.5937 2.80111 2.05562 2.04733 2.07035 2.07281 1.66824 1.66234 2.25915 2.2686 1.22116 1.39992 1.00658 1.00007 1.00018 1.01455 1.39992 1.22116 1.01206 1.00017 1.00001 1.00001 1.00001 1.00001 1.00017 
1.01884 0.998649 0.99998 1.00001 1.00001 0.99998 0.998649 1.01884 2.88075 1.02886 0.997017 0.99996 1 0.998446 1.03143 2.8729 32.6269 34.7432 34.4201 34.3599 33.511 33.6293 34.6957 33.005 32.5158 32.6659 34.4828 34.7238 34.7341 34.514 32.6711 32.5182 32.4155 32.4432 32.72 32.922 32.2583 32.2691 32.4432 32.4155 31.5239 30.242 4.40249 1.09722 1.09504 4.39532 30.4375 31.5167 4.4206 1.09512 1.00062 1.00001 1.00001 1.0006 1.09403 
1.01908 0.99861 0.999962 0.999993 0.999993 0.999962 0.99861 1.01908 2.8862 1.02887 0.996956 0.999942 0.999984 0.998396 1.03148 2.87489 32.715 34.9056 34.975 34.9743 34.9735 34.9737 34.902 33.1441 34.8493 34.8461 34.9668 34.9788 34.9783 34.9657 34.8455 34.848 34.8736 34.9207 34.9158 34.9099 34.9219 34.9226 34.9207 34.8736 32.4449 31.2951 4.50911 1.10044 1.09807 4.51067 31.2906 32.4345 4.50517 1.09755 1.00062 0.999988 0.999988 1.0006 1.09662 
1.01923 0.998626 0.999972 1 1 0.999972 0.998626 1.01923 2.89334 1.02912 0.996982 0.999952 0.999995 0.998422 1.03173 2.88246 32.7271 34.9168 34.9977 34.9995 34.9995 34.9973 34.9117 33.1537 34.9963 34.9905 34.9985 34.999 34.999 34.9985 34.9904 34.9957 34.9459 34.9927 34.9983 34.9982 34.9984 34.9983 34.9927 34.9459 32.4777 31.3401 4.51243 1.10053 1.09817 4.51379 31.3376 32.4726 4.50736 1.09762 1.00063 0.999999 0.999998 1.00061 1.09668 
1.02515 0.999197 0.999977 1 1 0.999977 0.999197 1.02515 3.08344 1.03543 0.998226 0.999963 1 0.999608 1.03797 3.07314 32.7485 34.9175 34.9981 35 35 34.9978 34.9127 33.1651 35.0017 34.9959 34.9999 35 35 34.9999 34.9957 35.0012 34.9487 34.9943 34.9998 35 35 34.9998 34.9943 34.9487 32.4778 31.3414 4.50887 1.10038 1.09807 4.51104 31.3395 32.4737 4.50577 1.09755 1.00062 0.999998 0.999997 1.00061 1.09665 
1.02378 0.99985 0.999995 1 1 0.999977 0.999197 1.02515 3.07314 1.03797 0.999608 1 1 0.999608 1.03543 3.08344 32.7485 34.9175 34.9981 35 35 34.9981 34.9175 32.7485 35.0012 34.9957 34.9999 35 35 34.9999 34.9959 35.0017 34.9487 34.9943 34.9999 35 35 34.9998 34.9943 34.9406 32.4737 31.3395 4.51104 1.09807 1.09616 4.51362 31.3414 32.4778 4.49728 1.09665 1.00062 0.999998 0.999998 1.00062 1.09755 
1.01784 0.999308 0.999992 1 1 0.999972 0.998626 1.01923 2.88246 1.03173 0.998422 0.999995 0.999995 0.998422 1.02912 2.89334 32.7271 34.9168 34.9977 34.9995 34.9995 34.9977 34.9168 32.7271 34.9957 34.9904 34.9985 34.999 34.999 34.9985 34.9905 34.9963 34.9459 34.9927 34.9983 34.9984 34.9982 34.9983 34.9928 34.938 32.4726 31.3376 4.51379 1.09817 1.09626 4.51854 31.3401 32.4777 4.49815 1.09668 1.00063 0.999999 0.999999 1.00063 1.09762 
1.01768 0.999291 0.999982 0.999992 0.999993 0.999962 0.99861 1.01908 2.87489 1.03148 0.998396 0.999984 0.999984 0.998396 1.02887 2.8862 32.715 34.9056 34.975 34.9743 34.9743 34.975 34.9056 32.715 34.848 34.8455 34.9657 34.9783 34.9788 34.9668 34.8461 34.8493 34.8736 34.9207 34.9184 34.9219 34.9099 34.9158 34.9152 34.8614 32.4345 31.2906 4.51067 1.09807 1.09617 4.51529 31.2951 32.4449 4.49601 1.09662 1.00062 0.999988 0.999988 1.00062 1.09755 
1.01748 0.999317 1 1.00001 1.00001 0.99998 0.998649 1.01884 2.8729 1.03143 0.998446 1 1 0.998446 1.02886 2.88075 32.6269 34.7432 34.4201 34.3599 34.3599 34.4201 34.7432 32.6269 32.5182 32.6711 34.514 34.7341 34.7238 34.4828 32.6659 32.5158 32.4155 32.4432 33.5634 32.2583 32.922 32.72 32.8929 32.859 31.5167 30.4375 4.39532 1.09504 1.09328 4.41696 30.242 31.5239 4.40553 1.09403 1.00062 1.00001 1.00001 1.00062 1.09512 
1.02932 1.00116 1.00005 1.00001 1.00001 1.00003 1.00047 1.02742 2.89788 1.03824 1.0031 1.00004 1.00004 1.0031 1.03574 2.90822 32.5875 34.9157 34.9849 34.9866 34.9866 34.9849 34.9104 32.8061 34.9572 34.9563 34.987 34.9886 34.9886 34.987 34.9563 34.9584 34.8892 34.9326 34.9403 34.9391 34.9442 34.939 34.9421 34.8977 32.5439 31.3185 4.37738 1.11984 1.11485 4.44015 31.2423 32.626 4.58871 1.1079 1.00138 1.00001 1.00001 1.00167 1.11553 
1.02906 1.00113 1.00003 0.999987 0.999989 1.00001 1.00045 1.0271 2.88232 1.03777 1.00313 1.00002 1.00002 1.00313 1.03515 2.88761 32.5379 34.9087 34.9939 34.9961 34.9961 34.9939 34.9022 32.7532 34.9955 34.9907 34.9957 34.9956 34.9957 34.9957 34.9907 34.9954 34.949 34.9903 34.9956 34.9957 34.9952 34.995 34.9899 34.9472 32.6161 31.3411 4.37975 1.12008 1.11502 4.44225 31.2722 32.7136 4.59949 1.10817 1.00137 0.999991 0.999997 1.00167 1.11593 
1.02922 1.00114 1.00004 0.999997 0.999999 1.00002 1.00046 1.02726 2.88186 1.03776 1.00313 1.00003 1.00003 1.00313 1.03517 2.88754 32.5395 34.9123 34.9976 34.9999 34.9999 34.9976 34.9056 32.7549 35.0008 34.9959 34.9998 34.9999 34.9999 34.9998 34.9959 35.0008 34.9549 34.9952 34.9998 34.9999 34.9999 34.9998 34.9948 34.9529 32.6212 31.3452 4.38009 1.12009 1.11503 4.4425 31.2759 32.7188 4.5999 1.10818 1.00138 1 1.00001 1.00168 1.11594 
1.02907 1.00112 1.00004 0.999996 0.999998 1.00002 1.00046 1.02713 2.884 1.0377 1.00311 1.00003 1.00003 1.00311 1.03516 2.88864 32.5447 34.9119 34.9976 35 35 34.9976 34.9058 32.7603 35.001 34.996 34.9999 35 35 34.9999 34.996 35.001 34.9556 34.9953 34.9999 35 35 34.9999 34.995 34.9537 32.6357 31.3441 4.37843 1.11933 1.11446 4.43441 31.2809 32.7251 4.59638 1.10806 1.00136 1 1.00001 1.00165 1.11548 
1.02713 1.00046 1.00002 0.999998 0.999998 1.00002 1.00046 1.02713 2.88864 1.03516 1.00243 1.00002 1.00003 1.00311 1.03516 2.88864 32.7603 34.9058 34.9976 35 35 34.9975 34.9058 32.7603 35.001 34.9959 34.9999 35 35 34.9999 34.996 35.001 34.9349 34.9949 34.9999 35 35 34.9999 34.9949 34.9349 32.7251 31.2809 4.43441 1.11446 1.10503 4.38882 31.3441 32.8702 4.61812 1.11548 1.00165 1.00001 1 1.00136 1.10806 
1.02726 1.00046 1.00002 0.999999 0.999999 1.00002 1.00046 1.02726 2.88754 1.03517 1.00244 1.00002 1.00003 1.00313 1.03517 2.88754 32.7549 34.9056 34.9976 34.9999 34.9999 34.9974 34.9056 32.7549 35.0008 34.9958 34.9998 34.9999 34.9999 34.9998 34.9959 35.0008 34.9332 34.9948 34.9998 34.9999 34.9999 34.9998 34.9948 34.9332 32.7188 31.2759 4.4425 1.11503 1.10521 4.39157 31.3452 32.8564 4.62306 1.11594 1.00168 1.00001 1 1.00138 1.10818 
1.0271 1.00045 1.00001 0.999989 0.999989 1.00001 1.00045 1.0271 2.88761 1.03515 1.00243 1.00001 1.00002 1.00313 1.03515 2.88761 32.7532 34.9022 34.9939 34.9961 34.9961 34.9937 34.9022 32.7532 34.9954 34.9906 34.9957 34.9957 34.9956 34.9957 34.9907 34.9955 34.9268 34.9895 34.9948 34.995 34.995 34.9948 34.9895 34.9268 32.7136 31.2722 4.44225 1.11502 1.10519 4.39125 31.3411 32.8513 4.62266 1.11593 1.00167 0.999997 0.999991 1.00137 1.10817 
1.02742 1.00047 1.00003 1.00001 1.00001 1.00003 1.00047 1.02742 2.90822 1.03574 1.00241 1.00003 1.00004 1.0031 1.03574 2.90822 32.8061 34.9104 34.9849 34.9866 34.9902 34.9883 34.9104 32.8061 34.9584 34.9573 34.987 34.9886 34.9886 34.987 34.9563 34.9572 34.8867 34.9526 34.9511 34.9548 34.9548 34.9511 34.9526 34.8867 32.626 31.2423 4.44015 1.11485 1.10516 4.38965 31.3185 32.7701 4.61215 1.11553 1.00167 1.00001 1.00001 1.00138 1.1079 
1.10323 1.00511 1.00012 1.00001 1.00001 1.00017 1.00655 1.10228 4.91717 1.12551 1.00576 1.00011 1.00011 1.00576 1.12551 4.91717 33.4402 34.952 35.0016 35.0024 35.0023 35.0015 34.952 33.4402 34.972 34.9779 34.9854 34.9854 34.9847 34.9848 34.9779 34.972 34.7079 34.9564 34.963 34.9653 34.9288 34.9276 34.9433 34.6797 30.4988 31.0526 4.26975 1.10984 1.10984 4.26842 31.0525 30.9056 4.20102 1.10209 1.00142 1.00001 1.00001 1.00142 1.10209 
1.03813 1.00969 1.00014 0.99999 0.99999 1.00019 1.01167 1.03287 3.15349 1.04307 1.00491 1.0001 1.0001 1.00491 1.04307 3.15349 33.3317 34.9438 34.9953 34.9961 34.9961 34.9952 34.9438 33.3317 34.9961 34.9914 34.9955 34.9956 34.9956 34.9956 34.9914 34.9961 34.9116 34.9888 34.995 34.9953 34.9946 34.9944 34.989 34.9018 32.6913 31.1978 4.24687 1.10982 1.10982 4.24555 31.2087 33.1062 4.46257 1.10995 1.0015 0.999994 0.999994 1.0015 1.10995 
1.03733 1.00981 1.00015 1 1 1.00019 1.01185 1.03207 3.1227 1.0424 1.00491 1.00011 1.00011 1.00491 1.0424 3.1227 33.3335 34.9474 34.9991 34.9999 34.9999 34.999 34.9474 33.3335 35.0006 34.9957 34.9998 34.9999 34.9999 34.9998 34.9957 35.0006 34.9223 34.9938 34.9997 34.9999 34.9999 34.9997 34.9938 34.9125 32.7837 31.204 4.24662 1.10982 1.10982 4.24533 31.215 33.1867 4.46972 1.11011 1.00151 1 1 1.00151 1.11011 
1.05024 1.00667 1.00012 0.999999 0.999999 1.00017 1.00801 1.04531 3.4951 1.0607 1.00491 1.0001 1.0001 1.00491 1.0607 3.4951 33.3631 34.9483 34.9992 35 35 34.9991 34.9483 33.3631 35.0008 34.9958 34.9999 35 35 34.9999 34.9958 35.0008 34.925 34.994 34.9998 35 35 34.9998 34.994 34.9154 32.7828 31.2075 4.24129 1.1094 1.1094 4.24004 31.2174 33.1802 4.46375 1.10961 1.00149 1 1 1.00149 1.10961 
1.04531 1.00801 1.00017 0.999999 0.999999 1.00017 1.00801 1.04531 2.88757 1.0741 1.00917 1.00023 1.0001 1.00491 1.0607 3.4951 33.1604 34.9514 34.9991 35 35 34.9991 34.9483 33.3631 35.0008 34.9958 34.9999 35 35 34.9999 34.9958 35.0008 34.9154 34.994 34.9998 35 35 34.9998 34.994 34.925 33.1802 31.2174 4.24004 1.1094 1.12016 4.28638 31.1588 32.9543 4.46375 1.10961 1.00149 1 1.00001 1.00177 1.11748 
1.03207 1.01185 1.00019 1 1 1.00019 1.01185 1.03207 2.50429 1.05713 1.00942 1.00025 1.00011 1.00491 1.0424 3.1227 33.1271 34.9504 34.999 34.9999 34.9999 34.999 34.9474 33.3335 35.0006 34.9956 34.9998 34.9999 34.9999 34.9998 34.9957 35.0006 34.9125 34.9938 34.9997 34.9999 34.9999 34.9997 34.9938 34.9223 33.1867 31.215 4.24533 1.10982 1.12096 4.29511 31.1519 32.9523 4.46972 1.11011 1.00151 1 1.00001 1.00181 1.1183 
1.03287 1.01167 1.00019 0.99999 0.99999 1.00019 1.01167 1.03287 2.54565 1.05798 1.00941 1.00024 1.0001 1.00491 1.04307 3.15349 33.1257 34.9468 34.9952 34.9961 34.9961 34.9952 34.9438 33.3317 34.9961 34.9914 34.9956 34.9956 34.9956 34.9955 34.9914 34.9961 34.9018 34.989 34.9944 34.9946 34.9953 34.995 34.9888 34.9116 33.1062 31.2087 4.24555 1.10982 1.12096 4.29531 31.146 32.8712 4.46257 1.10995 1.0015 0.999994 1 1.0018 1.11813 
1.10228 1.00655 1.00017 1.00001 1.00001 1.00017 1.00655 1.10228 4.79554 1.15581 1.01047 1.00023 1.00011 1.00576 1.12551 4.91717 33.2521 34.9549 35.0015 35.0023 35.0023 35.0015 34.952 33.4402 34.9726 34.9786 34.9848 34.9847 34.9854 34.9854 34.9779 34.972 34.6797 34.9433 34.9276 34.9288 34.9653 34.963 34.9564 34.7079 30.9056 31.0525 4.26842 1.10984 1.12103 4.31281 30.9793 30.488 4.20102 1.10209 1.00142 1.00001 1.00002 1.00169 1.1095 
3.55706 1.07069 1.00041 1.00001 1.00001 1.00041 1.0701 3.5666 28.4612 3.9017 1.0918 1.00079 1.0009 1.09387 3.89753 28.3079 34.7582 34.9753 34.9602 34.9592 34.9592 34.9602 34.961 34.7112 33.1682 33.2866 33.2892 33.2944 33.062 33.0573 33.0556 32.9364 30.6847 32.6652 32.3063 32.3287 32.5373 32.3061 32.4462 30.4644 5.20763 28.1754 3.48412 1.07047 1.06979 3.49828 28.5305 5.55225 1.14052 1.00004 1.00001 1.00001 1.00001 1.00001 1.00006 
3.72059 1.07574 1.00043 0.999989 0.999989 1.00043 1.07491 3.72469 30.1171 4.08106 1.09812 1.00083 1.00096 1.1004 4.08342 30.1239 34.9258 34.9907 34.996 34.9962 34.9962 34.996 34.9903 34.8961 34.7997 34.8825 34.8885 34.8917 34.8965 34.8935 34.8874 34.7991 32.5338 34.8326 34.8865 34.8865 34.8901 34.8881 34.84 32.5346 4.53342 29.6451 3.55128 1.07273 1.07153 3.54992 29.6492 4.53783 1.09026 0.999285 0.999987 0.999993 0.999994 0.999984 0.999286 
3.72505 1.07586 1.00044 0.999998 0.999999 1.00044 1.07503 3.72932 30.206 4.08593 1.09827 1.00084 1.00097 1.10054 4.08818 30.2047 34.9339 34.9952 34.9999 34.9999 34.9999 34.9999 34.9948 34.9041 34.905 34.9904 34.9957 34.996 34.996 34.9957 34.9903 34.9006 32.6069 34.9329 34.9958 34.9973 34.9974 34.9958 34.9349 32.6066 4.53974 29.6692 3.55215 1.07276 1.07156 3.55078 29.6731 4.54056 1.08959 0.999281 0.999997 1 1 0.999995 0.999281 
3.72527 1.07587 1.00044 0.999998 0.999998 1.00044 1.07504 3.72915 30.2113 4.08632 1.09835 1.00084 1.00097 1.10054 4.08823 30.2102 34.934 34.995 34.9999 35 35 34.9999 34.9949 34.9046 34.9098 34.9945 34.9998 34.9999 34.9999 34.9998 34.9945 34.9055 32.6374 34.936 34.9986 34.9999 34.9999 34.9986 34.9379 32.6372 5.0891 29.569 3.57149 1.07323 1.07203 3.57035 29.5728 5.08993 1.11848 0.999622 0.999993 1 1 0.999991 0.999623 
3.72915 1.07504 1.00044 0.999998 0.999998 1.00044 1.07504 3.72915 30.2113 4.08632 1.09835 1.00084 1.00084 1.09835 4.08632 30.2113 34.9046 34.9949 34.9999 35 35 34.9999 34.995 34.934 34.9055 34.9945 34.9998 34.9999 34.9999 34.9998 34.9945 34.9055 32.6372 34.9379 34.9986 34.9999 34.9999 34.9986 34.9379 32.6372 4.9317 29.5486 3.57149 1.0732 1.07323 3.57149 29.569 5.0891 1.11848 0.999622 0.999993 1 1 0.999993 0.999622 
3.72932 1.07503 1.00044 0.999999 0.999999 1.00044 1.07503 3.72932 30.206 4.08593 1.09827 1.00084 1.00084 1.09827 4.08593 30.206 34.9041 34.9948 34.9999 34.9999 34.9999 34.9999 34.9952 34.9339 34.9006 34.9903 34.9957 34.996 34.996 34.9957 34.9903 34.9006 32.6066 34.9349 34.9958 34.9974 34.9974 34.9958 34.9349 32.6066 4.3796 29.6456 3.55215 1.07273 1.07276 3.55215 29.6692 4.53974 1.08959 0.999281 0.999997 1 1 0.999997 0.999281 
3.72469 1.07491 1.00043 0.999989 0.999989 1.00043 1.07491 3.72469 30.1171 4.08106 1.09812 1.00083 1.00083 1.09812 4.08106 30.1171 34.8961 34.9903 34.9963 34.9964 34.9962 34.996 34.9907 34.9258 34.7991 34.8874 34.8935 34.8965 34.8965 34.8935 34.8874 34.7991 32.5346 34.84 34.8881 34.8901 34.8901 34.8881 34.84 32.5346 4.38007 29.6214 3.55128 1.07271 1.07273 3.55128 29.6451 4.53342 1.09026 0.999285 0.999987 0.999993 0.999993 0.999987 0.999285 
3.5666 1.0701 1.00041 1.00001 1.00001 1.00041 1.0701 3.5666 28.4612 3.9017 1.0918 1.00079 1.00079 1.0918 3.9017 28.4612 34.7112 34.961 34.9667 34.9663 34.9592 34.9602 34.9753 34.7582 32.9364 33.0556 33.0573 33.062 33.062 33.0573 33.0556 32.9364 30.4644 32.4462 32.3061 32.5373 32.5373 32.3061 32.4462 30.4644 5.24579 28.3415 3.48412 1.07046 1.07047 3.48412 28.1754 5.20763 1.14052 1.00004 1.00001 1.00001 1.00001 1.00001 1.00004 
3.70627 1.07697 1.00059 1.00001 1.00001 1.00059 1.07697 3.70627 29.5826 4.16424 1.09797 1.00074 1.00074 1.09797 4.16424 29.5826 31.0342 32.4839 32.9048 32.8975 33.3503 33.3609 32.5025 30.8584 2.73843 2.74851 2.54444 2.53796 2.53796 2.54444 2.74851 2.73843 2.43336 2.48595 1.6535 1.66482 1.44835 1.44053 2.27796 2.24475 1.74602 3.86577 1.05106 1.00032 1.00053 1.08618 3.04939 1.71044 1.01194 1.00007 0.999997 1.00001 1.00001 0.999997 1.00007 
3.79034 1.07935 1.00058 0.999994 0.999994 1.00058 1.07935 3.79034 30.6318 4.25683 1.10098 1.00075 1.00075 1.10098 4.25683 30.6318 33.1935 34.8582 34.9121 34.9133 34.9249 34.9241 34.862 32.9829 1.07306 1.07288 1.05644 1.05671 1.05671 1.05644 1.07288 1.07306 1.02642 1.02751 1.00487 1.00668 1.00713 1.00533 1.0262 1.02514 1.01729 1.0803 1.00062 0.999986 0.999987 1.00089 1.04881 1.01969 1.00042 0.999984 0.99999 0.999991 0.999991 0.99999 0.999984 
3.78748 1.07928 1.00059 1 1 1.00059 1.07928 3.78748 30.6131 4.25396 1.10089 1.00075 1.00075 1.10089 4.25396 30.6131 33.2328 34.9061 34.9817 34.9829 34.9799 34.9786 34.9044 33.0179 0.9994 0.998332 0.997823 0.998943 0.998943 0.997823 0.998332 0.9994 1.01096 1.0111 1.01171 1.01329 1.01329 1.01171 1.0111 1.01097 1.00132 1.003 0.999997 0.999996 0.999997 1.00003 1.00189 1.00184 1.00013 0.999999 1 1 1 1 0.999999 
3.70965 1.07647 1.00057 1 1 1.00057 1.07647 3.70965 29.9933 4.16062 1.09733 1.00072 1.00072 1.09733 4.16062 29.9933 33.0407 34.7116 34.7752 34.7709 34.7753 34.7802 34.7131 32.829 1.24199 1.23673 1.23689 1.23779 1.23779 1.23689 1.23673 1.24199 1.44284 1.45083 1.45128 1.4517 1.4517 1.45128 1.45082 1.44284 1.00737 1.00223 1.00151 1.00001 1.00001 1.0009 1.00183 1.0072 1.00053 0.999999 0.999998 1 1 0.999998 0.999999 
3.70226 1.07494 1.0005 1 1 1.00057 1.07647 3.70965 29.9933 4.16062 1.09733 1.00072 1.00069 1.10014 4.20184 30.1055 32.829 34.7131 34.7802 34.7753 34.7709 34.7752 34.7116 33.0407 1.242 1.23673 1.23688 1.2378 1.23779 1.23689 1.23673 1.24199 1.44284 1.45082 1.45128 1.4517 1.4517 1.45128 1.45083 1.44284 1.0072 1.00183 1.0009 1.00001 1.00001 1.00151 1.00223 1.00739 1.00053 0.999999 0.999998 1 1 0.999998 0.999999 
3.77996 1.07767 1.00052 1 1 1.00059 1.07928 3.78748 30.6131 4.25396 1.10089 1.00075 1.00072 1.10386 4.2938 30.7348 33.0179 34.9044 34.9786 34.9799 34.9829 34.9817 34.9061 33.2328 0.9994 0.998327 0.997817 0.99895 0.998943 0.997823 0.998332 0.9994 1.01097 1.0111 1.01171 1.01329 1.01329 1.01171 1.0111 1.01096 1.00184 1.00189 1.00003 0.999997 0.999996 0.999997 1.00299 1.0013 1.00013 0.999999 1 1 1 1 0.999999 
3.7828 1.07774 1.00051 0.999992 0.999994 1.00058 1.07935 3.79034 30.6318 4.25683 1.10098 1.00075 1.00071 1.10394 4.29616 30.7474 32.9829 34.862 34.9241 34.9249 34.9133 34.9121 34.8582 33.1935 1.07329 1.07313 1.05638 1.0566 1.05671 1.05644 1.07288 1.07306 1.02514 1.0262 1.00533 1.00713 1.00668 1.00487 1.02751 1.02642 1.01969 1.04881 1.00089 0.999987 0.999986 1.00062 1.07322 1.01806 1.00041 0.999984 0.99999 0.999991 0.999991 0.99999 0.999984 
3.68863 1.07524 1.00051 1.00001 1.00001 1.00059 1.07697 3.70627 29.5826 4.16424 1.09797 1.00074 1.00071 1.10037 4.15907 28.8594 30.8584 32.5025 33.3609 33.3503 32.8975 32.9048 32.4839 31.0342 2.51596 2.52423 2.31968 2.31451 2.53796 2.54444 2.74851 2.73843 2.24475 2.27796 1.44053 1.44835 1.66482 1.6535 2.48595 2.43336 1.71044 3.04939 1.08618 1.00053 1.00032 1.05106 3.56465 1.72572 1.01225 1.00007 0.999997 1.00001 1.00001 0.999997 1.00007 
1.02906 1.00028 0.999996 1 1 0.999996 1.00021 1.02234 2.17753 1.03316 1.00048 1 1 1.0006 1.0593 2.85976 3.92281 4.08209 3.73911 3.72703 3.74294 3.75573 4.09917 3.94147 1.01256 1.01193 1.00997 1.00997 1.00973 1.00975 1.01264 1.01325 1.01128 1.01091 1.00332 1.00348 1.00434 1.00419 1.01091 1.01128 1.00313 1.01092 1.0002 0.999994 0.999996 1.0002 1.02366 1.00864 0.999988 0.999996 1 1 1 1 0.999997 
1.00015 0.999989 0.999991 0.999991 0.999991 0.999991 0.999989 1.00013 1.01777 1.0002 0.999986 0.999991 0.999991 0.999986 1.0003 1.03139 1.07089 1.07681 1.0651 1.06476 1.07164 1.07203 1.07961 1.07248 1.01262 1.01254 1.0132 1.01296 1.01307 1.01327 1.01232 1.01242 0.998697 0.998617 0.996484 0.996482 0.996733 0.996739 0.998617 0.998697 0.999299 0.999341 0.999983 0.999993 0.999993 0.999983 0.999365 0.99933 0.999996 0.999992 0.999991 0.999991 0.999991 0.999991 0.999992 
1.00001 1 1 1 1 1 1 1.00001 1.00004 0.999984 1 1 1 1 0.999987 1.00011 1.00029 1.00038 1.0007 1.0007 1.0009 1.0009 1.00037 1.00023 1.00027 1.00026 1.00026 1.00026 1.00026 1.00026 1.00026 1.00027 0.999999 0.999985 0.999949 0.999949 0.999949 0.999949 0.999985 0.999999 1 0.999984 1 1 1 1 0.999982 0.999995 1.00001 1 1 1 1 1 1 
1.00001 0.999999 1 1 1 1 0.999999 1.00001 1.00001 0.999991 1 1 1 1 0.999991 1.00001 1.00001 0.999989 1 1 1.00001 1.00001 0.999988 1.00001 1 0.999985 0.999995 0.999994 0.999994 0.999995 0.999985 1 1.00001 0.999994 1 1 1 1 0.999994 1.00001 1 0.999992 1 1 1 1 0.999993 1 1.00001 0.999999 1 1 1 1 0.999999 
1.00001 0.999999 1 1 1 1 0.999999 1.00001 1.00001 0.999991 1 1 1 1 0.999991 1.00001 1.00001 0.999988 1.00001 1.00001 1 1 0.999989 1.00001 1 0.999985 0.999995 0.999994 0.999994 0.999995 0.999985 1 1.00001 0.999994 1 1 1 1 0.999994 1.00001 1 0.999992 1 1 1 1 0.999993 1 1.00001 0.999999 1 1 1 1 0.999999 
1.00001 1 1 1 1 1 1 1.00001 1.00004 0.999984 1 1 1 1 0.999984 1.00004 1.00023 1.00037 1.0009 1.0009 1.0007 1.0007 1.00038 1.00029 1.00027 1.00026 1.00026 1.00026 1.00026 1.00026 1.00026 1.00027 0.999999 0.999985 0.999949 0.999949 0.999949 0.999949 0.999985 0.999999 0.999995 0.999984 1 1 1 1 0.999983 0.999998 1.00001 1 1 1 1 1 1 
1.00013 0.999989 0.999991 0.999991 0.999991 0.999991 0.999989 1.00013 1.01777 1.0002 0.999986 0.999991 0.999991 0.999986 1.0002 1.01777 1.07248 1.07961 1.07203 1.07164 1.06476 1.0651 1.07681 1.07089 1.01242 1.01232 1.01327 1.01307 1.01296 1.0132 1.01254 1.01262 0.99869 0.998605 0.996739 0.996733 0.996482 0.996484 0.998617 0.998697 0.999334 0.999343 0.999983 0.999993 0.999993 0.999982 0.999338 0.999311 0.999996 0.999992 0.999991 0.999991 0.999991 0.999991 0.999992 
1.02234 1.00021 0.999996 1 1 0.999996 1.00021 1.02234 2.17753 1.03316 1.00048 1 1 1.00048 1.03316 2.17753 3.94147 4.09917 3.75573 3.74294 3.72703 3.73911 4.08209 3.92281 1.01325 1.01264 1.00975 1.00973 1.00997 1.00997 1.01193 1.01256 1.00992 1.00955 1.00419 1.00434 1.00348 1.00332 1.01091 1.01128 1.00572 1.00742 1.0002 0.999994 0.999994 1.0002 1.00742 1.00293 0.999988 0.999996 1 1 1 1 0.999996 
1.00022 1 1.00001 1.00001 1.00001 1.00001 1 1.00022 1.0268 1.0004 1.00001 1.00001 1.00001 1.00001 1.0004 1.0268 1.0604 1.0542 1.01846 1.01798 1.01798 1.01846 1.0542 1.0604 0.989261 0.989074 0.989023 0.989208 0.989208 0.989023 0.989074 0.989261 1.00076 1.00079 1.00274 1.00273 1.00273 1.00274 1.00079 1.00076 1.00073 1.00073 1.00002 1.00001 1.00001 1.00002 1.00074 1.00073 1.00002 1.00001 1.00001 1.00001 1.00001 1.00001 1.00001 
1 0.999998 0.999999 0.999999 0.999999 0.999999 0.999998 1 1.00025 0.999989 0.999999 0.999999 0.999999 0.999999 0.999989 1.00025 1.00091 1.00077 1.00012 1.00011 1.00011 1.00012 1.00077 1.00091 0.999881 0.999862 0.999872 0.999873 0.999873 0.999872 0.999862 0.999881 1.00002 1 1.00004 1.00004 1.00004 1.00004 1 1.00002 1.00001 0.999994 1 0.999999 0.999999 1 0.999993 1.00001 1.00001 0.999998 0.999999 0.999999 0.999999 0.999999 0.999998 
1.00001 0.999999 1 1 1 1 0.999999 1.00001 0.999998 0.999991 1 1 1 1 0.999991 0.999998 1.00001 0.999995 0.999999 0.999999 0.999999 0.999999 0.999995 1.00001 1.00002 1 1.00001 1.00001 1.00001 1.00001 1 1.00002 1.00001 0.999988 0.999997 0.999996 0.999996 0.999997 0.999988 1.00001 1 0.999989 1 1 1 1 0.999989 1 1.00001 0.999999 1 1 1 1 0.999999 
1.00001 0.999999 1 1 1 1 0.999999 1.00001 1 0.999991 1 1 1 1 0.999991 1 1.00001 0.999989 1 1 1 1 0.999989 1.00001 1.00001 0.999991 1 1 1 1 0.999991 1.00001 1.00001 0.999991 1 1 1 1 0.999991 1.00001 1 0.999991 1 1 1 1 0.999991 1 1.00001 0.999999 1 1 1 1 0.999999 
0 0 0 0 1 1 0.999999 1.00001 1 0.999991 1 1 1 1 0.999991 1 1.00001 0.999989 1 1 1 1 0.99999 1.00001 1.00001 0.999991 1 1 1 1 0.999991 1.00001 1.00001 0.999991 1 1 1 1 0.999991 1.00001 1 0.999991 1 1 1 1 0.999991 1 1.00001 0.999999 1 1 0 0 0 
0 0 0 0 1 1 0.999999 1.00001 0.999998 0.999991 1 1 1 1 0.999991 0.999999 1.00001 0.999995 0.999999 0.999999 0.999999 0.999999 0.999994 1.00001 1.00002 1 1.00001 1.00001 1.00001 1.00001 1 1.00002 1.00001 0.999988 0.999999 0.999998 0.999996 0.999997 0.999988 1.00001 1 0.999989 1 1 1 1 0.999989 1 1.00001 0.999999 1 1 0 0 0 
0 0 0 0 0.999999 0.999999 0.999998 1 1.00025 0.999989 0.999999 0.999999 0.999999 0.999999 0.999988 1.00021 1.00091 1.00077 1.00012 1.00011 1.00014 1.00015 1.00069 1.0008 0.999894 0.999874 0.999884 0.999885 0.999873 0.999872 0.999862 0.999881 1.00001 0.999999 1.00002 1.00002 1.00004 1.00004 1 1.00002 1.00001 0.999993 1 0.999999 0.999999 1 0.999994 1.00001 1.00001 0.999998 0.999999 0.999999 0 0 0 
