0 0 0 0 1.00005 1.00012 1.00149 1.0143 1.10317 1.01063 1.00048 1.00002 1.00002 1.00047 1.01061 1.1052 1.98255 2.1137 1.49284 1.1508 1.14959 1.488 2.10698 1.97645 1.60021 3.68212 7.12772 8.57223 8.53104 7.09551 3.65192 1.59505 1.00913 0.969163 0.949604 0.966926 0.964745 0.9464 0.966277 1.00449 1.05867 1.04576 1.0084 1.00054 1.00055 1.00861 1.04674 1.06061 1.01634 1.00099 1.00005 1.00007 0 0 0 
0 0 0 0 0.999994 0.999973 1.00007 1.00142 1.00833 1.0007 0.999958 0.99998 0.99998 0.999956 1.00069 1.00846 1.11488 1.12626 1.03991 1.00724 1.00717 1.03938 1.12499 1.11381 1.08289 1.69631 3.36752 3.61205 3.57341 3.32002 1.68218 1.08157 0.989643 0.983612 0.974085 0.979611 0.979447 0.973838 0.983436 0.989417 1.00279 1.00172 1.00016 0.999945 0.999946 1.00017 1.00178 1.00293 1.00107 0.999982 0.999986 0.999996 0 0 0 
0 0 0 0 1 0.999996 0.999971 1.0001 1.00034 0.9999 0.999989 1 1 0.999989 0.999898 1.00034 1.00651 1.00683 1.0013 1.00005 1.00005 1.00127 1.0067 1.00639 1.00794 1.12189 1.56961 1.58504 1.57384 1.55509 1.11873 1.00778 0.998932 0.998518 0.997816 0.99816 0.998135 0.997786 0.998497 0.998907 1.0001 0.99993 0.999962 0.999994 0.999994 0.999962 0.999935 1.00011 1.00007 0.999983 1 1 0 0 0 
0 0 0 0 1 1 0.999994 1.00005 0.999965 0.999908 1 1 1 1 0.999909 0.999965 1.00011 0.999989 0.999956 0.999955 0.999955 0.999953 0.99998 1.00011 1.0005 1.01168 1.09076 1.08544 1.08341 1.08813 1.01132 1.00049 1.0001 0.999922 0.999932 0.99996 0.999955 0.999926 0.999919 1.0001 1.00002 0.999907 0.999998 1 1 0.999998 0.999907 1.00002 1.00007 0.999996 1 1 0 0 0 
1.00005 0.999994 1 1 1 1 0.999994 1.00005 0.999965 0.999909 1 1 1 1 0.999909 0.999965 1.00011 0.99998 0.999956 0.999955 0.999955 0.999956 0.999989 1.00011 1.0005 1.01168 1.09076 1.08544 1.08544 1.09076 1.01168 1.0005 1.0001 0.999919 0.999926 0.999955 0.999955 0.999926 0.999919 1.0001 1.00002 0.999907 0.999998 1 1 0.999998 0.999907 1.00002 1.00007 0.999996 1 1 1 1 0.999996 
1.0001 0.999971 0.999996 1 1 0.999996 0.999971 1.0001 1.00034 0.999898 0.999989 1 1 0.999989 0.999898 1.00034 1.00639 1.0067 1.0013 1.00005 1.00005 1.0013 1.00683 1.00651 1.00794 1.12189 1.56961 1.58504 1.58504 1.56961 1.12189 1.00794 0.998907 0.998497 0.997786 0.998135 0.998135 0.997786 0.998497 0.998907 1.00011 0.999935 0.999962 0.999994 0.999994 0.999962 0.999935 1.00011 1.00007 0.999983 1 1 1 1 0.999983 
1.00142 1.00007 0.999973 0.999994 0.999994 0.999973 1.00007 1.00142 1.00846 1.00069 0.999956 0.99998 0.99998 0.999956 1.00069 1.00846 1.11381 1.12499 1.03991 1.00724 1.00724 1.03991 1.12626 1.11488 1.08289 1.69631 3.36752 3.61205 3.61205 3.36752 1.69631 1.08289 0.989417 0.983436 0.973838 0.979447 0.979447 0.973838 0.983436 0.989417 1.00293 1.00178 1.00017 0.999946 0.999945 1.00016 1.00178 1.00293 1.00107 0.999982 0.999986 0.999996 0.999996 0.999986 0.999982 
1.0143 1.00149 1.00012 1.00005 1.00005 1.00012 1.00149 1.0143 1.1052 1.01061 1.00047 1.00002 1.00002 1.00047 1.01061 1.1052 1.97645 2.10698 1.49284 1.1508 1.1508 1.49284 2.1137 1.98255 1.60021 3.68212 7.12772 8.57223 8.57223 7.12772 3.68212 1.60021 1.00449 0.966277 0.9464 0.964745 0.964745 0.9464 0.966277 1.00449 1.06061 1.04674 1.00861 1.00055 1.00054 1.0084 1.04674 1.06061 1.01634 1.00099 1.00005 1.00007 1.00007 1.00005 1.00099 
1.11407 1.00884 1.00044 0.999997 0.999997 1.00042 1.00883 1.11422 1.66573 1.09222 1.00494 0.999986 0.999986 1.00494 1.09222 1.66573 4.54033 5.18854 3.56893 2.30877 2.30877 3.56893 5.35124 4.6868 3.63086 7.18678 11.1611 14.0363 14.0106 11.0923 7.10095 3.56075 2.06585 1.73998 1.84172 1.86317 1.87491 1.85404 1.75176 2.08466 1.517 1.47889 1.12517 1.01461 1.01488 1.12645 1.4803 1.5182 1.09756 1.00232 0.99984 1 1 0.99984 1.00231 
1.00848 1.00023 0.999916 0.99992 0.999921 0.999914 1.00021 1.00848 1.09308 1.00709 0.99991 0.999882 0.999882 0.99991 1.00709 1.09308 1.94791 2.09068 1.49526 1.15442 1.15442 1.49526 2.08425 1.94461 1.74869 3.85058 6.00339 7.21073 7.26534 6.04216 3.87807 1.74872 1.17921 1.12088 1.13201 1.11948 1.11941 1.1317 1.12049 1.17858 1.03982 1.04022 1.0071 1.00029 1.0003 1.00718 1.04051 1.04021 1.00068 0.999462 0.999909 0.999927 0.999927 0.999909 0.999464 
0.999975 0.99992 1 1 1 1 0.999919 0.999975 1.00581 0.999939 0.999938 1 1 0.999938 0.999939 1.00581 1.12083 1.13465 1.04402 1.00748 1.00748 1.04402 1.13464 1.12098 1.11218 1.87223 2.95376 2.97166 3.00219 2.99954 1.89202 1.11357 1.01808 1.01307 1.01398 1.01106 1.01107 1.01399 1.01306 1.01807 1.00088 1.00106 1.00004 0.999941 0.999941 1.00004 1.00106 1.00088 0.999684 1.00001 1.00001 1 1 1.00001 1.00001 
1.00007 0.999998 1 1 1 1 0.999998 1.00007 1.00013 0.99988 1.00001 1 1 1.00001 0.99988 1.00013 1.00842 1.00903 1.00178 1 1 1.00178 1.00903 1.00844 1.01241 1.17832 1.57955 1.53269 1.54276 1.59618 1.18327 1.01267 1.00127 1.00099 1.00122 1.0009 1.0009 1.00122 1.00099 1.00127 1.00001 0.999857 0.999962 0.999999 0.999999 0.999962 0.999857 1.00001 1.00014 1.00001 1 1 1 1 1.00001 
1.00007 0.999998 1 1 1 1 0.999998 1.00007 1.00013 0.999879 1 1 1 1.00001 0.99988 1.00013 1.00844 1.00903 1.00178 1 1.00001 1.00184 1.00903 1.00844 1.01267 1.18327 1.59618 1.54276 1.54276 1.59618 1.18327 1.01267 1.00127 1.00099 1.00122 1.0009 1.00085 1.00116 1.00104 1.0013 1.00001 0.999857 0.999962 0.999999 0.999999 0.999961 0.999859 1.00002 1.00014 1.00001 1 1 1 1 1.00001 
0.999975 0.999919 1 1 1 1 0.999919 0.999975 1.00583 0.999942 0.999939 1 1 0.999938 0.999939 1.00581 1.12098 1.13464 1.04402 1.00748 1.00759 1.04476 1.13464 1.12098 1.11357 1.89202 2.99954 3.00219 3.00219 2.99954 1.89202 1.11357 1.01807 1.01306 1.01399 1.01107 1.01072 1.01348 1.01348 1.01842 1.00088 1.00106 1.00004 0.999941 0.999942 1.00005 1.0011 1.00101 0.999684 1.00001 1.00001 1 1 1.00001 1.00001 
1.00848 1.00021 0.999914 0.999921 0.999921 0.999914 1.00021 1.00848 1.0933 1.00722 0.999935 0.999881 0.999882 0.99991 1.00709 1.09308 1.94461 2.08425 1.49526 1.15442 1.15652 1.49896 2.08425 1.94461 1.74872 3.87807 6.04216 7.26534 7.26534 6.04216 3.87807 1.74872 1.17858 1.12049 1.1317 1.11941 1.11767 1.12888 1.12286 1.18065 1.04021 1.04051 1.00718 1.0003 1.00031 1.00743 1.04143 1.04211 1.00068 0.999464 0.999909 0.999927 0.999927 0.99991 0.999462 
1.11422 1.00883 1.00042 0.999997 0.999997 1.00042 1.00883 1.11422 1.6985 1.09991 1.00581 1.00005 0.999986 1.00494 1.09222 1.66573 4.6868 5.35124 3.56893 2.30877 2.41846 3.72451 5.35124 4.6868 3.56075 7.10095 11.0923 14.0106 14.0106 11.0923 7.10095 3.56075 2.08466 1.75176 1.85404 1.87491 1.88425 1.85984 1.74545 2.0765 1.5182 1.4803 1.12645 1.01488 1.01553 1.1283 1.4933 1.53706 1.09756 1.00231 0.99984 1 1 0.999832 1.00232 
2.14088 1.12264 1.00451 1.00001 1.00001 1.00451 1.12264 2.14088 5.32986 2.19924 1.168 1.01343 1.01343 1.168 2.19924 5.32986 13.6865 16.5043 13.5623 10.3304 10.3304 13.5623 16.5043 13.6865 9.90614 15.3691 20.2799 22.8513 22.8513 20.2799 15.3691 9.90614 5.51951 4.99488 4.62934 4.90752 5.13931 4.54586 4.91299 5.46032 3.8941 3.64736 2.13736 1.24109 1.26425 2.27928 3.72472 3.9872 3.01483 1.35547 1.03034 1.00109 1.00109 1.03034 1.35556 
2.24225 1.14332 1.00554 0.999853 0.999853 1.00554 1.14332 2.24225 5.37979 2.32021 1.20368 1.01764 1.01764 1.20368 2.32021 5.37979 13.0849 17.1589 11.3997 5.97944 5.97944 11.3997 17.1589 13.0849 6.1155 11.9078 18.8617 23.267 23.267 18.8617 11.9078 6.1155 2.14596 1.72203 1.89959 2.06591 2.06933 1.90763 1.72486 2.16447 1.98946 1.83901 1.24954 1.03098 1.02897 1.24399 1.8478 2.00377 1.58927 1.07412 1.00425 0.999951 0.999951 1.00425 1.07414 
1.86156 1.08978 1.00247 0.999885 0.999885 1.00247 1.08978 1.86156 4.30071 1.94169 1.13705 1.01062 1.01062 1.13705 1.94169 4.30071 10.4701 13.755 8.29404 3.55592 3.55592 8.29404 13.755 10.4701 3.62257 9.32803 17.1195 20.8486 20.8486 17.1195 9.32803 3.62257 1.12835 0.937741 1.12767 1.24774 1.23848 1.129 0.935397 1.13362 1.18225 1.15371 1.02773 1.00207 1.00184 1.02612 1.15462 1.18579 1.08371 1.00603 1.00019 0.999983 0.999983 1.00019 1.00603 
1.32113 1.02243 1.00033 1.00002 1.00002 1.00033 1.02243 1.32113 2.71611 1.32422 1.02928 1.00116 1.00116 1.02928 1.32422 2.71611 7.75722 9.65921 5.20764 1.86693 1.86693 5.20764 9.65921 7.75722 2.54872 7.94433 16.1943 19.1607 19.1607 16.1943 7.94433 2.54872 1.03585 0.972677 1.01161 1.02404 1.02275 1.01027 0.971488 1.03896 0.953204 1.00008 1.00062 0.999954 0.999947 1.00043 0.999608 0.951753 0.98066 0.998202 0.999952 1.00002 1.00002 0.999952 0.998202 
1.32483 1.02288 1.00037 1.00003 1.00002 1.00033 1.02243 1.32113 2.71611 1.32422 1.02928 1.00116 1.0011 1.02868 1.32056 2.71613 7.75012 9.63884 5.19038 1.86115 1.86693 5.20764 9.65921 7.75722 2.54437 7.92967 16.1939 19.1687 19.1607 16.1943 7.94433 2.54872 1.03896 0.971488 1.01027 1.02275 1.02404 1.01161 0.972677 1.03585 0.951753 0.999608 1.00043 0.999947 0.999954 1.00062 1.00008 0.953204 0.98066 0.998202 0.999952 1.00002 1.00002 0.999952 0.998202 
1.8732 1.09199 1.00278 0.999912 0.999885 1.00247 1.08978 1.86156 4.30071 1.94169 1.13705 1.01062 1.01026 1.13458 1.93029 4.30083 10.5256 13.7799 8.28633 3.53225 3.55592 8.29404 13.755 10.4701 3.61358 9.30206 17.1189 20.8642 20.8486 17.1195 9.32803 3.62257 1.13362 0.935397 1.129 1.23848 1.24774 1.12767 0.937741 1.12835 1.18579 1.15462 1.02612 1.00184 1.00207 1.02773 1.15371 1.18225 1.08371 1.00603 1.00019 0.999983 0.999983 1.00019 1.00603 
2.2581 1.14638 1.00597 0.99989 0.999853 1.00554 1.14332 2.24225 5.37979 2.32021 1.20368 1.01764 1.01706 1.20008 2.30485 5.37996 13.1641 17.1801 11.4037 5.94579 5.97944 11.3997 17.1589 13.0849 6.10404 11.8805 18.8612 23.2875 23.267 18.8617 11.9078 6.1155 2.16447 1.72486 1.90763 2.06933 2.06591 1.89959 1.72203 2.14596 2.00377 1.8478 1.24399 1.02897 1.03098 1.24954 1.83901 1.98946 1.58927 1.07412 1.00425 0.999951 0.999951 1.00425 1.07412 
2.15745 1.12516 1.00481 1.00004 1.00001 1.00451 1.12264 2.14088 5.32986 2.19924 1.168 1.01343 1.01304 1.16574 2.19116 5.35291 13.818 16.6334 13.6921 10.4235 10.3304 13.5623 16.5043 13.6865 10.0506 15.51 20.2834 22.9924 22.8513 20.2799 15.3691 9.90614 5.46032 4.91299 4.54586 5.13931 4.90752 4.62934 4.99488 5.51951 3.9872 3.72472 2.27928 1.26425 1.24109 2.13736 3.64736 3.8941 3.01483 1.35547 1.03034 1.00109 1.00109 1.03034 1.35547 
3.40122 1.30029 1.01694 1.00032 1.00032 1.01694 1.30029 3.40122 9.48287 3.35825 1.29871 1.01975 1.01975 1.29871 3.37975 9.42084 24.4571 28.0583 28.2539 27.7505 27.6165 28.1458 28.0583 24.4571 24.32 27.1364 30.0585 31.5009 31.5009 30.0585 27.1364 24.32 22.2097 22.8503 23.1917 23.5995 24.3588 24.1019 23.7369 22.9281 17.7083 15.3749 8.70656 3.56015 3.56015 8.70656 15.3749 17.7083 10.8182 3.43169 1.36153 1.02533 1.02533 1.36153 3.43169 
3.63107 1.33474 1.01906 1.00021 1.00021 1.01906 1.33474 3.63107 10.1195 3.55864 1.32764 1.02173 1.02173 1.32764 3.57957 10.0284 26.7792 31.1629 32.7385 32.8576 32.8647 32.7469 31.1629 26.7792 29.1864 30.007 31.7553 33.0926 33.0926 31.7553 30.007 29.1864 29.9471 31.349 31.81 31.8703 31.8029 31.7454 31.3191 29.7597 21.9733 18.9963 10.7092 4.35447 4.35447 10.7092 18.9963 21.9733 13.1641 4.06672 1.47998 1.03663 1.03663 1.47998 4.06672 
3.68483 1.34212 1.01957 1.00031 1.00031 1.01957 1.34212 3.68483 10.3457 3.61855 1.33594 1.02237 1.02237 1.33594 3.63935 10.2477 27.7037 32.3881 34.206 34.5134 34.5132 34.2078 32.3881 27.7037 32.1957 32.4482 33.333 34.1259 34.1259 33.333 32.4482 32.1957 32.174 33.7202 34.2907 34.392 34.3909 34.3105 33.7781 32.0626 23.5174 20.2552 11.3629 4.58412 4.58412 11.3629 20.2552 23.5174 14.1295 4.31341 1.52003 1.04018 1.04018 1.52003 4.31341 
3.68138 1.3353 1.0185 1.00028 1.00028 1.0185 1.3353 3.68138 10.4625 3.62626 1.33525 1.02171 1.02171 1.33525 3.64254 10.3562 28.0555 32.7048 34.4927 34.8324 34.8321 34.4936 32.7048 28.0555 33.5179 33.8261 34.2809 34.6529 34.6529 34.2809 33.8261 33.5179 32.5826 34.2252 34.7686 34.8657 34.867 34.7823 34.2551 32.5157 23.9349 20.6138 11.5137 4.64325 4.64325 11.5137 20.6138 23.9349 14.3665 4.33241 1.51442 1.03865 1.03865 1.51442 4.33241 
3.67055 1.33426 1.01841 1.00028 1.00028 1.0185 1.3353 3.68138 10.4679 3.64669 1.33769 1.02203 1.02171 1.33525 3.62626 10.4625 28.0555 32.7048 34.4929 34.8321 34.8324 34.4927 32.6949 28.0398 33.5118 33.8247 34.2809 34.6529 34.6529 34.2809 33.8261 33.5179 32.5157 34.2551 34.7823 34.867 34.867 34.7823 34.2551 32.5157 24.0339 20.6387 11.4888 4.62934 4.64325 11.4888 20.6138 24.0339 14.3665 4.33241 1.51442 1.03865 1.03864 1.5143 4.32111 
3.66979 1.34042 1.01943 1.0003 1.00031 1.01957 1.34212 3.68483 10.3606 3.64603 1.33929 1.02283 1.02237 1.33594 3.61855 10.3457 27.7037 32.3881 34.2063 34.5132 34.5134 34.206 32.3739 27.6818 32.1875 32.442 33.3333 34.126 34.1259 33.333 32.4482 32.1957 32.0626 33.7781 34.3105 34.3909 34.3909 34.3105 33.7781 32.0626 23.6261 20.2932 11.3337 4.57121 4.58412 11.3337 20.2552 23.6261 14.1295 4.31341 1.52003 1.04018 1.04017 1.51989 4.29656 
3.61619 1.33303 1.01892 1.00021 1.00021 1.01906 1.33474 3.63107 10.1339 3.58569 1.33096 1.02219 1.02173 1.32764 3.55864 10.1195 26.7792 31.1629 32.738 32.8647 32.8576 32.7385 31.1464 26.7566 29.1786 29.9876 31.7549 33.0926 33.0926 31.7553 30.007 29.1864 29.7597 31.3191 31.7454 31.8029 31.8029 31.7454 31.3191 29.7597 22.0807 19.034 10.6863 4.34581 4.35447 10.6863 18.9963 22.0807 13.1641 4.06672 1.47998 1.03663 1.03662 1.47985 4.05168 
3.39189 1.29905 1.01682 1.00031 1.00032 1.01694 1.30029 3.40122 9.53772 3.38927 1.30197 1.02017 1.01975 1.29871 3.35825 9.48287 24.4571 28.0583 28.2548 27.6165 27.7505 28.2539 28.1476 24.5308 24.4655 27.2675 30.0624 31.5019 31.5009 30.0585 27.1364 24.32 22.9281 23.7369 24.1019 24.3588 24.3588 24.1019 23.7369 22.9281 17.8452 15.4501 8.7724 3.57945 3.56015 8.7724 15.3749 17.8452 10.8182 3.43169 1.36153 1.02533 1.02533 1.36151 3.43417 
3.82573 1.34494 1.01872 1.00035 1.00035 1.01876 1.3456 3.82743 11.2606 3.82595 1.36533 1.02272 1.02272 1.36533 3.81366 11.3432 28.8265 32.3719 33.7171 33.9877 33.8988 33.6497 32.3389 28.5531 32.8782 34.23 34.6799 34.6815 34.6863 34.6822 34.2471 32.9196 29.9789 31.9422 32.4304 32.5462 32.5462 32.4304 31.9422 29.9789 23.2167 19.5851 10.8487 4.65283 4.65283 10.9468 19.335 23.2167 14.1932 4.78163 1.70126 1.08426 1.08583 1.70809 4.78129 
3.75196 1.32916 1.01634 1.00015 1.00015 1.0163 1.32864 3.7434 11.1243 3.70843 1.3379 1.01894 1.01894 1.3379 3.6962 11.2252 29.1887 32.7639 34.1989 34.569 34.5852 34.2294 32.8042 28.9445 33.6757 34.547 34.7973 34.8412 34.8401 34.7969 34.552 33.6924 31.9128 33.5461 34.1079 34.2521 34.2521 34.1079 33.5461 31.9128 25.7146 20.888 11.1308 4.67072 4.67072 11.2797 20.6058 25.7146 15.163 4.93926 1.73359 1.08989 1.09193 1.74284 4.93904 
3.74341 1.32812 1.01635 1.00023 1.00022 1.0163 1.32755 3.73448 11.1161 3.69841 1.33601 1.01888 1.01888 1.33601 3.68582 11.2183 29.3454 32.9318 34.3977 34.7964 34.8089 34.426 32.9693 29.0918 34.0823 34.721 34.8988 34.9435 34.9435 34.8995 34.7257 34.0998 32.5212 34.1705 34.7281 34.8407 34.8407 34.7281 34.1705 32.5212 26.1227 21.0739 11.1816 4.67005 4.67005 11.3179 20.8046 26.1227 15.4108 4.97377 1.73405 1.08915 1.09116 1.74313 4.97347 
3.7261 1.32502 1.0164 1.00023 1.00023 1.01638 1.32463 3.71909 11.0998 3.67751 1.33236 1.01879 1.01879 1.33236 3.66688 11.2039 29.3925 33.0091 34.4796 34.8488 34.8561 34.4989 33.0373 29.1399 34.2514 34.8102 34.9454 34.9778 34.9778 34.9458 34.8126 34.2599 32.7537 34.3514 34.8669 34.9552 34.9552 34.8669 34.3514 32.7537 26.1512 21.04 11.1868 4.61877 4.61877 11.2686 20.8829 26.1512 15.5798 4.8981 1.68929 1.07462 1.0759 1.69537 4.89771 
3.71909 1.32463 1.01638 1.00023 1.00023 1.01638 1.32463 3.71909 11.0998 3.67751 1.33333 1.01884 1.01884 1.33333 3.67751 11.0998 29.1399 33.0373 34.4989 34.8561 34.8488 34.4796 33.0091 29.3925 34.2599 34.8126 34.9458 34.9778 34.9778 34.9458 34.8126 34.2599 32.7022 34.3304 34.8612 34.9536 34.9552 34.8669 34.3514 32.7537 26.11 20.9374 11.1882 4.60115 4.56217 11.1882 21.04 26.11 15.5798 4.8981 1.68929 1.07462 1.07462 1.68929 4.8981 
3.73448 1.32755 1.0163 1.00022 1.00022 1.0163 1.32755 3.73448 11.1161 3.69841 1.3371 1.01892 1.01892 1.3371 3.69841 11.1161 29.0918 32.9693 34.426 34.8089 34.7964 34.3977 32.9318 29.3454 34.0998 34.7257 34.8995 34.9435 34.9435 34.8995 34.7257 34.0998 32.437 34.1272 34.7165 34.8378 34.8407 34.7281 34.1705 32.5212 26.0977 20.8974 11.1832 4.63862 4.57127 11.1832 21.0739 26.0977 15.4108 4.97377 1.73405 1.08915 1.08915 1.73405 4.97377 
3.7434 1.32864 1.0163 1.00015 1.00015 1.0163 1.32864 3.7434 11.1243 3.70843 1.33886 1.01896 1.01896 1.33886 3.70843 11.1243 28.9445 32.8042 34.2294 34.5852 34.569 34.1989 32.7639 29.1887 33.6924 34.552 34.7969 34.8401 34.8401 34.7969 34.552 33.6924 31.8199 33.4871 34.0782 34.2326 34.2521 34.1079 33.5461 31.9128 25.6954 20.7049 11.1349 4.63812 4.56798 11.1349 20.888 25.6954 15.163 4.93926 1.73359 1.08989 1.08989 1.73359 4.93926 
3.82743 1.3456 1.01876 1.00035 1.00035 1.01876 1.3456 3.82743 11.2606 3.82595 1.36634 1.02272 1.02272 1.36634 3.82595 11.2606 28.5531 32.3389 33.6497 33.8988 33.9877 33.7171 32.3719 28.8265 32.9196 34.2471 34.6822 34.6863 34.6863 34.6822 34.2471 32.9196 29.9779 32.054 32.5818 32.6976 32.5462 32.4304 31.9422 29.9789 23.2265 19.445 10.8521 4.63166 4.57534 10.8521 19.5851 23.2265 14.1932 4.78163 1.70126 1.08426 1.08426 1.70126 4.78163 
5.31776 1.75897 1.06388 1.00227 1.00227 1.06388 1.75948 5.30305 13.4413 5.36788 1.88504 1.11959 1.1098 1.84004 5.30867 13.2789 29.6003 32.9911 34.3854 34.6283 34.6258 34.3819 32.9905 29.5996 31.8721 33.8622 34.1849 33.9755 33.9745 34.1845 33.8357 31.8283 27.4713 31.1875 32.1241 32.1571 32.4571 32.4654 31.1875 27.4713 15.7234 16.0655 11.632 7.08194 7.16164 11.632 15.9786 15.5603 9.89242 5.01849 2.01103 1.20579 1.20579 2.01103 4.97934 
4.2008 1.47437 1.03358 1.00087 1.00087 1.03358 1.47096 4.16727 11.8055 4.32464 1.59434 1.07126 1.06449 1.56142 4.27941 11.6702 29.6753 33.2182 34.6078 34.8601 34.8592 34.604 33.2178 29.675 33.1044 34.3291 34.5968 34.6038 34.6039 34.5967 34.3235 33.0939 30.0896 33.4263 34.174 34.2538 34.2201 34.1396 33.4263 30.0896 18.2926 16.8344 13.1032 8.65436 8.77279 13.1032 16.7294 18.1913 11.9891 6.47347 2.44707 1.32223 1.32223 2.44707 6.39465 
3.92529 1.41076 1.02778 1.00073 1.00073 1.02778 1.40754 3.89315 11.4408 4.10312 1.54203 1.06395 1.05762 1.5112 4.05882 11.3015 29.7531 33.3277 34.67 34.9202 34.9192 34.666 33.3273 29.753 33.7053 34.6136 34.8212 34.864 34.864 34.8211 34.6085 33.6929 31.1093 34.0621 34.7527 34.8544 34.8492 34.7391 34.0621 31.1093 19.6569 17.3515 13.482 8.70141 8.82171 13.482 17.2363 19.5657 12.9627 6.98684 2.55649 1.34061 1.34061 2.55649 6.90666 
3.87448 1.39317 1.02484 1.00062 1.00062 1.02484 1.39132 3.85201 11.4525 4.00984 1.49697 1.05285 1.04865 1.47545 3.98027 11.3199 29.8249 33.3767 34.6833 34.931 34.9304 34.6807 33.3763 29.8248 33.9447 34.7461 34.9177 34.9546 34.9546 34.9176 34.7432 33.9381 31.5567 34.2058 34.8603 34.9562 34.9548 34.8555 34.2058 31.5567 21.2366 17.8442 13.0712 7.84692 7.92462 13.0712 17.746 21.193 13.5891 6.47542 2.29419 1.24225 1.24225 2.29419 6.41658 
3.85201 1.39132 1.02478 1.00062 1.00062 1.02484 1.39317 3.87448 11.3199 3.98027 1.49697 1.05285 1.05285 1.49697 4.00984 11.4525 29.8248 33.3763 34.6807 34.9304 34.9304 34.6807 33.3763 29.8248 33.9381 34.7432 34.9176 34.9546 34.9546 34.9176 34.7432 33.9381 31.6441 34.2089 34.8603 34.9562 34.9562 34.8603 34.2089 31.6441 21.193 17.746 13.0996 7.92462 7.84692 13.0712 17.8442 21.2366 13.6369 6.41658 2.29419 1.24225 1.24745 2.31494 6.47542 
3.89315 1.40754 1.02762 1.00074 1.00073 1.02778 1.41076 3.92529 11.3015 4.05882 1.54203 1.06395 1.06395 1.54203 4.10312 11.4408 29.753 33.3273 34.666 34.9192 34.9192 34.666 33.3273 29.753 33.6929 34.6085 34.8211 34.864 34.864 34.8211 34.6085 33.6929 31.2215 34.0725 34.7527 34.8544 34.8544 34.7527 34.0725 31.2215 19.5657 17.2363 13.5019 8.82171 8.70141 13.482 17.3515 19.6569 13.021 6.90666 2.55649 1.34061 1.34988 2.59312 6.98684 
4.16727 1.47096 1.0334 1.00088 1.00087 1.03358 1.47437 4.2008 11.6702 4.27941 1.59434 1.07126 1.07126 1.59434 4.32464 11.8055 29.675 33.2178 34.604 34.8592 34.8592 34.604 33.2178 29.675 33.0939 34.3235 34.5967 34.6039 34.6039 34.5967 34.3235 33.0939 30.2046 33.4398 34.174 34.2538 34.2538 34.174 33.4398 30.2046 18.1913 16.7294 13.1222 8.77279 8.65436 13.1032 16.8344 18.2926 12.035 6.39465 2.44707 1.32223 1.33103 2.48281 6.47347 
5.30305 1.75948 1.06407 1.00229 1.00227 1.06388 1.75897 5.31776 13.2789 5.30867 1.88504 1.11959 1.11959 1.88504 5.36788 13.4413 29.5996 32.9905 34.3819 34.6258 34.6258 34.3819 32.9905 29.5996 31.8283 33.8357 34.1845 33.9745 33.9745 34.1845 33.8357 31.8283 27.5038 31.0877 32.1241 32.1571 32.1571 32.1241 31.0877 27.5038 15.5603 15.9786 11.6363 7.16164 7.08194 11.632 16.0655 15.7234 9.95244 4.97934 2.01103 1.20579 1.21089 2.03121 5.01849 
8.56438 2.78841 1.22694 1.01282 1.01282 1.22694 2.78841 8.56438 17.7065 8.35483 2.88733 1.34589 1.34589 2.88733 8.35483 17.7065 29.1734 32.7078 33.6734 33.8512 33.8084 33.6284 32.6795 29.1055 24.3516 26.4753 26.6417 26.7486 26.7486 26.6417 26.4753 24.3516 19.4868 22.8101 22.8041 22.9028 22.9028 22.8041 22.8101 19.4868 11.5639 14.2559 8.66238 3.47052 3.46957 8.66237 14.2559 11.541 5.50282 2.07636 1.14652 1.01281 1.01349 1.14669 2.10243 
9.76317 3.13071 1.27973 1.01618 1.01618 1.27973 3.13071 9.76317 19.8634 9.54705 3.26916 1.43705 1.43705 3.26916 9.54705 19.8634 31.094 33.68 34.5251 34.6657 34.6686 34.533 33.7079 31.0823 27.415 29.161 29.8085 30.4488 30.4488 29.8085 29.161 27.415 22.9727 28.7317 30.6612 31.2324 31.2324 30.6612 28.7317 22.9727 11.3765 15.9833 9.31794 3.54056 3.5402 9.31845 15.9834 11.3835 4.08489 1.48837 1.03596 1.00123 1.00125 1.03597 1.48998 
10.2563 3.26509 1.29907 1.01754 1.01754 1.29907 3.26509 10.2563 20.6597 9.92306 3.36319 1.45515 1.45515 3.36319 9.92306 20.6597 32.2546 34.211 34.8373 34.9321 34.9327 34.8413 34.2297 32.2349 29.4967 31.6456 32.3932 32.9604 32.9604 32.3932 31.6456 29.4967 24.2017 30.9466 33.3532 34.0074 34.0074 33.3532 30.9466 24.2017 11.2724 16.4517 9.46003 3.58509 3.58467 9.46047 16.4516 11.2743 3.65722 1.36819 1.02159 1.00037 1.00037 1.0216 1.3688 
10.3775 3.28258 1.30148 1.01775 1.01775 1.30148 3.28258 10.3775 20.8621 9.96423 3.33229 1.42684 1.42684 3.33229 9.96423 20.8621 32.5756 34.3247 34.8903 34.9757 34.9761 34.8929 34.3383 32.5646 30.5562 33.1293 33.8197 34.1905 34.1905 33.8197 33.1293 30.5562 24.5273 31.5728 34.0621 34.6259 34.6259 34.0621 31.5728 24.5273 11.3255 16.6039 9.53685 3.61096 3.61054 9.53736 16.6039 11.3266 3.66018 1.37186 1.02223 1.00041 1.00042 1.02223 1.3725 
10.3925 3.27883 1.30086 1.01771 1.01775 1.30148 3.28258 10.3775 20.8621 9.96423 3.33229 1.42684 1.42344 3.32461 9.95774 20.855 32.5646 34.3383 34.8929 34.9761 34.9761 34.8929 34.3383 32.5646 30.5817 33.1311 33.8193 34.1902 34.1905 33.8197 33.1293 30.5562 24.5273 31.5728 34.0621 34.6259 34.6213 34.0374 31.534 24.6605 11.3266 16.6039 9.53736 3.61054 3.61096 9.53685 16.6039 11.3255 3.66096 1.3725 1.02223 1.00042 1.00041 1.02223 1.37186 
10.2787 3.26237 1.29864 1.01751 1.01754 1.29907 3.26509 10.2563 20.6597 9.92306 3.36319 1.45515 1.45053 3.35176 9.90296 20.6536 32.2349 34.2297 34.8413 34.9327 34.9327 34.8413 34.2297 32.2349 29.53 31.6483 32.3925 32.9597 32.9604 32.3932 31.6456 29.4967 24.2017 30.9466 33.3532 34.0074 34.0063 33.3175 30.9105 24.3479 11.2743 16.4516 9.46047 3.58467 3.58509 9.46003 16.4517 11.2724 3.65799 1.3688 1.0216 1.00037 1.00037 1.02159 1.36819 
9.78246 3.12826 1.2794 1.01616 1.01618 1.27973 3.13071 9.76317 19.8634 9.54705 3.26916 1.43705 1.43246 3.25693 9.51933 19.8449 31.0823 33.7079 34.533 34.6686 34.6686 34.533 33.7079 31.0823 27.4427 29.1637 29.8086 30.4486 30.4488 29.8085 29.161 27.415 22.9727 28.7317 30.6612 31.2324 31.2812 30.663 28.7397 23.1109 11.3835 15.9834 9.31845 3.5402 3.54056 9.31794 15.9833 11.3765 4.08554 1.48998 1.03597 1.00125 1.00123 1.03596 1.48837 
8.60164 2.79095 1.22721 1.01284 1.01282 1.22694 2.78841 8.56438 17.7065 8.35483 2.88733 1.34589 1.34262 2.88015 8.34179 17.6987 29.1055 32.6795 33.6284 33.8084 33.8084 33.6284 32.6795 29.1055 24.2026 26.2879 26.4529 26.5788 26.7486 26.6417 26.4753 24.3516 19.4868 22.8101 22.8041 22.9028 22.6817 22.5381 22.5779 19.3677 11.541 14.2559 8.66237 3.46957 3.47052 8.66238 14.2559 11.5639 5.50447 2.10243 1.14669 1.01349 1.01281 1.14652 2.07636 
8.38446 2.77732 1.25273 1.01796 1.0177 1.25095 2.769 8.35849 15.8859 8.05577 2.75286 1.28078 1.28078 2.75286 8.0638 15.9292 23.0466 28.0121 29.165 29.4497 29.4497 29.165 28.0121 23.0466 9.40429 10.9195 10.8273 10.4807 10.3155 10.6344 10.9165 9.40155 6.47023 7.56915 7.75279 7.51111 7.50678 7.69883 7.56624 6.45446 4.49869 5.85658 3.30811 1.43548 1.43111 3.27337 5.88972 4.47317 1.77144 1.06157 1.00122 0.999843 0.999843 1.00114 1.06191 
9.6878 3.13296 1.31428 1.02376 1.02342 1.31242 3.12774 9.6903 18.0882 9.45137 3.11508 1.35305 1.35305 3.11508 9.44451 18.0834 24.2141 30.8618 32.5933 32.9481 32.9481 32.5933 30.8618 24.2141 4.80655 5.8375 5.56336 4.95768 4.9611 5.56758 5.83793 4.80687 2.60329 3.18336 3.11751 2.86024 2.86176 3.1584 3.22217 2.61736 1.61092 2.13677 1.35685 1.03708 1.03683 1.35729 2.12991 1.61057 1.1008 1.00646 1.00003 0.999866 0.999866 1.00003 1.0065 
10.1414 3.24 1.32912 1.02475 1.0244 1.32722 3.23478 10.1425 18.8613 9.92915 3.23026 1.37098 1.37098 3.23026 9.92404 18.8617 24.6171 31.982 33.987 34.3675 34.3675 33.987 31.982 24.6171 2.25172 2.66042 2.52934 2.18835 2.1883 2.52939 2.66047 2.25177 1.36529 1.5735 1.56706 1.45626 1.45624 1.57776 1.58304 1.36769 1.06678 1.14285 1.02904 1.00143 1.0014 1.02888 1.14152 1.06677 1.01465 1.00096 0.999941 0.999986 0.999986 0.999942 1.00096 
10.1607 3.22895 1.31457 1.02193 1.02171 1.31347 3.22644 10.164 18.9534 9.9686 3.23386 1.36622 1.36622 3.23386 9.96677 18.9537 24.6774 32.2405 34.2898 34.6576 34.6576 34.2898 32.2405 24.6774 1.54646 1.63791 1.59898 1.48423 1.48423 1.59899 1.63791 1.54646 1.328 1.39774 1.40236 1.38975 1.38975 1.40418 1.39917 1.3279 1.01866 1.00654 1.00131 0.999956 0.999956 1.00133 1.00671 1.01866 0.995856 0.999426 1.00001 1.00001 1.00001 1 0.999428 
10.164 3.22644 1.31347 1.02171 1.02171 1.31347 3.22644 10.164 18.9534 9.9686 3.23254 1.36634 1.36622 3.23386 9.9686 18.9534 24.8166 32.2313 34.2863 34.6552 34.6576 34.2898 32.2405 24.6774 1.54646 1.63791 1.59899 1.48423 1.48423 1.59899 1.63791 1.54646 1.3279 1.39917 1.40418 1.38975 1.38975 1.40418 1.39917 1.3279 1.01866 1.00671 1.00133 0.999956 0.999955 1.00133 1.00673 1.01872 0.995852 0.999426 1.00001 1.00001 1.00001 1.00001 0.999426 
10.1425 3.23478 1.32722 1.0244 1.0244 1.32722 3.23478 10.1425 18.8613 9.92915 3.23307 1.37269 1.37098 3.23026 9.92915 18.8613 24.7511 31.9651 33.9759 34.3604 34.3675 33.987 31.982 24.6171 2.25177 2.66047 2.52939 2.1883 2.1883 2.52939 2.66047 2.25177 1.36769 1.58304 1.57776 1.45624 1.45624 1.57776 1.58304 1.36769 1.06677 1.14152 1.02888 1.0014 1.00141 1.02887 1.14163 1.06685 1.01466 1.00096 0.999941 0.999986 0.999986 0.999941 1.00096 
9.6903 3.12774 1.31242 1.02342 1.02342 1.31242 3.12774 9.6903 18.0882 9.45137 3.12179 1.35533 1.35305 3.11508 9.45137 18.0882 24.3193 30.8349 32.5698 32.9336 32.9481 32.5933 30.8618 24.2141 4.80687 5.83793 5.56758 4.9611 4.9611 5.56758 5.83793 4.80687 2.61736 3.22217 3.1584 2.86176 2.86176 3.1584 3.22217 2.61736 1.61057 2.12991 1.35729 1.03683 1.03692 1.35634 2.13404 1.61027 1.10134 1.00646 1.00003 0.999866 0.999866 1.00003 1.00646 
8.35849 2.769 1.25095 1.0177 1.0177 1.25095 2.769 8.35849 15.8859 8.05577 2.74952 1.28187 1.28078 2.75286 8.05577 15.8859 23.123 28.0179 29.1682 29.4516 29.4497 29.165 28.0121 23.0466 9.40155 10.9165 10.6344 10.3155 10.3155 10.6344 10.9165 9.40155 6.45446 7.56624 7.69883 7.50678 7.50678 7.69883 7.56624 6.45446 4.47317 5.88972 3.27337 1.43111 1.43078 3.28947 5.81514 4.41078 1.78054 1.06157 1.00122 0.999843 0.999843 1.00122 1.06157 
2.31219 1.19152 1.01752 1.00073 1.00073 1.01752 1.19152 2.31219 5.40952 2.55224 1.20466 1.01669 1.01697 1.20731 2.55224 5.40952 10.1078 12.6826 13.517 13.6306 13.7564 13.6539 12.8152 10.2059 2.08141 2.2832 2.24947 2.27298 2.27298 2.24947 2.2832 2.08141 2.02884 2.3176 2.30938 2.24649 2.24649 2.30938 2.3176 2.02884 1.40337 1.8208 1.28687 1.02893 1.02496 1.2512 1.82611 1.37551 1.02792 1.0011 0.999965 1.00002 1.00002 0.999965 1.0011 
1.21356 1.02418 1.00151 0.999919 0.999919 1.00151 1.02418 1.21356 2.0053 1.23593 1.0202 1.0008 1.0008 1.02027 1.23593 2.0053 3.84234 4.81035 4.83084 4.69331 4.68452 4.82003 4.79855 3.83359 1.10903 1.12353 1.13149 1.15262 1.15262 1.13149 1.12353 1.10903 1.09839 1.13167 1.11962 1.10997 1.10997 1.11962 1.13167 1.09839 1.02967 1.08401 1.0186 1.00087 1.00086 1.01812 1.08437 1.02933 1.00149 0.999891 0.999911 0.999922 0.999922 0.999911 0.999891 
1.01756 1.00139 0.999978 0.999978 0.999978 0.999978 1.00139 1.01756 1.11506 1.01674 1.00064 0.999867 0.999866 1.00064 1.01674 1.11506 1.54534 1.78037 1.74148 1.66882 1.66891 1.74129 1.7801 1.54512 1.01061 1.01151 1.01215 1.01254 1.01254 1.01215 1.01151 1.01061 1.00329 1.00431 1.0008 1.00099 1.00099 1.0008 1.00431 1.00329 1.0009 1.00354 1.00044 0.999925 0.999923 1.00043 1.00355 1.0009 1.00008 0.999983 1 1 1 1 0.999983 
1.00079 0.999967 0.99997 0.999999 0.999999 0.99997 0.999967 1.00079 1.00627 1.00027 0.999898 0.999991 0.99999 0.999897 1.00027 1.00627 1.06767 1.10802 1.09965 1.07992 1.07993 1.09964 1.108 1.06766 1.00109 1.00127 1.00122 1.00111 1.00111 1.00122 1.00127 1.00109 1.00006 0.999747 0.999448 0.999625 0.999625 0.999448 0.999747 1.00006 0.999977 0.999911 0.999935 0.999993 0.999994 0.999934 0.99991 0.999978 1.00007 0.999996 1 1 1 1 0.999996 
1.00079 0.999967 0.99997 0.999999 0.999999 0.99997 0.999967 1.00079 1.00627 1.00027 0.999898 0.999991 0.999991 0.999898 1.00027 1.00627 1.06767 1.10802 1.09965 1.07992 1.07992 1.09965 1.10802 1.06767 1.00109 1.00127 1.00122 1.00111 1.00111 1.00122 1.00127 1.00109 1.00006 0.999747 0.999448 0.999625 0.999625 0.999448 0.999747 1.00006 0.999978 0.999911 0.999934 0.999994 0.999993 0.999935 0.999911 0.999977 1.00007 0.999996 1 1 1 1 0.999996 
1.01756 1.00139 0.999981 0.999977 0.999978 0.999978 1.00139 1.01756 1.11506 1.01674 1.00064 0.999867 0.999867 1.00064 1.01665 1.11506 1.54534 1.78037 1.74148 1.66882 1.66882 1.74148 1.78037 1.54534 1.01061 1.01151 1.01215 1.01254 1.01254 1.01215 1.01151 1.01061 1.00329 1.0043 1.0008 1.00099 1.00099 1.0008 1.00431 1.00329 1.00091 1.00354 1.00043 0.999922 0.999925 1.00044 1.00354 1.0009 1.00008 0.999983 1 1 1 1 0.999983 
1.21354 1.02419 1.00154 0.999923 0.999919 1.00151 1.02418 1.21356 2.0053 1.23593 1.0202 1.0008 1.0008 1.0202 1.23483 2.00591 3.84234 4.81035 4.83084 4.69331 4.69331 4.83084 4.81035 3.84234 1.10761 1.12167 1.12967 1.1527 1.15262 1.13149 1.12353 1.10903 1.0979 1.13157 1.11961 1.10997 1.10997 1.11962 1.13167 1.09839 1.02924 1.08376 1.01798 1.00086 1.00087 1.0186 1.08401 1.02967 1.00149 0.999891 0.999911 0.999922 0.999922 0.999911 0.999893 
2.3119 1.19152 1.01745 1.00073 1.00073 1.01752 1.19152 2.31219 5.40952 2.55224 1.20466 1.01669 1.01669 1.20466 2.53436 5.36979 10.1078 12.6826 13.517 13.6306 13.6306 13.517 12.6826 10.1078 2.06345 2.25999 2.22812 2.27277 2.27298 2.24947 2.2832 2.08141 2.02187 2.31729 2.30869 2.24578 2.24649 2.30938 2.3176 2.02884 1.36722 1.81178 1.24604 1.02382 1.02893 1.28687 1.8208 1.40337 1.02792 1.0011 0.999965 1.00002 1.00002 0.999965 1.00105 
1.23825 1.02486 1.00169 1.00009 1.00009 1.00169 1.02486 1.23825 2.12032 1.27344 1.02722 1.0016 1.0016 1.02722 1.27344 2.12032 3.09147 3.68637 3.94221 4.08562 4.08562 3.94221 3.68637 3.09147 1.19106 1.25352 1.23394 1.16416 1.16416 1.23394 1.25352 1.19106 1.14312 1.2452 1.24672 1.19586 1.19586 1.24672 1.2452 1.14312 1.03138 1.08739 1.01893 1.00134 1.00135 1.01886 1.08749 1.03145 1.00208 1.00012 1.00005 1.00008 1.00008 1.00005 1.00012 
1.02573 1.00195 1.00004 0.999967 0.999967 1.00004 1.00195 1.02573 1.15087 1.02522 1.00153 0.999943 0.999943 1.00153 1.02522 1.15087 1.39414 1.52534 1.53493 1.54176 1.54176 1.53493 1.52534 1.39414 1.01295 1.01989 1.01704 1.00886 1.00886 1.01704 1.01989 1.01295 1.00923 1.02123 1.02474 1.01654 1.01654 1.02474 1.02123 1.00923 1.0013 1.00403 1.00051 0.999945 0.999946 1.00051 1.00403 1.0013 1.00013 0.999978 0.999995 0.999996 0.999996 0.999995 0.999978 
1.00172 1.00004 0.999966 0.999997 0.999997 0.999966 1.00004 1.00172 1.01144 1.00121 0.999971 0.999968 0.999968 0.999971 1.00121 1.01144 1.03655 1.05001 1.04575 1.04791 1.04791 1.04575 1.05001 1.03655 1.00033 1.00047 1.00039 1.00008 1.00008 1.00039 1.00047 1.00033 1.00037 1.00081 1.00132 1.00083 1.00083 1.00132 1.00081 1.00037 0.999992 0.999976 0.999946 0.999986 0.999986 0.999944 0.999976 0.999992 1.00005 0.999995 1 1 1 1 0.999995 
1.00009 0.999967 0.999997 1 1 0.999997 0.999967 1.00009 1.0004 0.999918 0.999981 1 1 0.999981 0.999918 1.0004 1.00211 1.00275 1.00223 1.00229 1.00229 1.00223 1.00275 1.00211 1.00007 0.99992 0.999997 0.999989 0.999989 0.999997 0.99992 1.00007 1.00004 0.999916 1.00002 0.999996 0.999996 1.00002 0.999916 1.00004 1.00001 0.999888 0.999995 1 1 0.999995 0.999888 1.00001 1.00008 0.999996 1 1 1 1 0.999996 
0 0 0 0 1 0.999997 0.999967 1.00009 1.0004 0.999918 0.999981 1 1 0.999982 0.999915 1.00039 1.00211 1.00275 1.00223 1.00229 1.00223 1.00217 1.00267 1.00206 1.00007 0.99992 0.999997 0.99999 0.999989 0.999997 0.99992 1.00007 1.00004 0.999915 1.00001 0.999995 0.999996 1.00002 0.999916 1.00004 1.00001 0.999888 0.999995 1 1 0.999995 0.999888 1.00001 1.00008 0.999996 1 1 0 0 0 
0 0 0 0 0.999997 0.999966 1.00004 1.00172 1.01144 1.00121 0.999971 0.999968 0.999968 0.999967 1.00118 1.01123 1.03655 1.05001 1.04575 1.04791 1.04714 1.045 1.04915 1.03598 1.00035 1.00044 1.00036 1.00007 1.00008 1.00039 1.00047 1.00033 1.00036 1.00076 1.00124 1.00079 1.00083 1.00132 1.00081 1.00037 0.999992 0.999976 0.999944 0.999986 0.999986 0.999946 0.999976 0.999992 1.00005 0.999995 1 1 0 0 0 
0 0 0 0 0.999967 1.00004 1.00195 1.02573 1.15087 1.02522 1.00153 0.999943 0.999941 1.0015 1.02481 1.14923 1.39414 1.52534 1.53493 1.54176 1.53754 1.53131 1.52202 1.39168 1.01303 1.01933 1.01654 1.00862 1.00886 1.01704 1.01989 1.01295 1.00898 1.02045 1.02375 1.01602 1.01654 1.02474 1.02123 1.00923 1.0013 1.00403 1.00051 0.999946 0.999945 1.00051 1.00403 1.0013 1.00013 0.999978 0.999995 0.999996 0 0 0 
