0 0 0 0 1.00005 1.00015 1.00166 1.01545 1.11266 1.01184 1.00054 1.00002 1.00002 1.00054 1.01184 1.11486 2.01231 2.15102 1.52677 1.16755 1.16648 1.52223 2.14449 2.00636 1.66127 3.83068 7.24044 8.73057 8.69441 7.21329 3.80134 1.65563 1.01591 0.973304 0.955196 0.97345 0.971294 0.951985 0.970397 1.01112 1.06538 1.0509 1.00954 1.00064 1.00067 1.00979 1.05194 1.06737 1.01899 1.0012 1.00006 1.00007 0 0 0 
0 0 0 0 0.999993 0.999972 1.00009 1.00155 1.0094 1.0008 0.999955 0.999978 0.999978 0.999954 1.00078 1.00956 1.12326 1.1357 1.04512 1.00863 1.00855 1.04457 1.13439 1.12216 1.09752 1.78725 3.5578 3.80746 3.76743 3.50836 1.77164 1.09602 0.989448 0.982992 0.973256 0.979048 0.978889 0.973008 0.982811 0.9892 1.00332 1.00207 1.0002 0.999941 0.999943 1.00021 1.00214 1.00348 1.00129 0.999991 0.999984 0.999996 0 0 0 
0 0 0 0 1 0.999995 0.999969 1.00012 1.00038 0.999897 0.999987 0.999999 0.999999 0.999988 0.999894 1.00039 1.00738 1.00777 1.0016 1.00009 1.00008 1.00156 1.00763 1.00726 1.01011 1.14752 1.64687 1.65809 1.64588 1.63079 1.14376 1.00991 0.99882 0.998361 0.997594 0.99798 0.997954 0.997561 0.998339 0.998792 1.00012 0.999939 0.999959 0.999993 0.999993 0.99996 0.999945 1.00013 1.00008 0.99998 1 1 0 0 0 
0 0 0 0 1 1 0.999993 1.00005 0.999961 0.999904 1 1 1 1 0.999904 0.999961 1.00014 1.00001 0.999956 0.999948 0.999948 0.999953 1 1.00013 1.00069 1.01552 1.11194 1.10368 1.10132 1.10881 1.01507 1.00067 1.00009 0.999905 0.999908 0.999941 0.999936 0.999902 0.999902 1.00009 1.00002 0.999902 0.999998 1 1 0.999998 0.999901 1.00001 1.00007 0.999996 1 1 0 0 0 
1.00005 0.999993 1 1 1 1 0.999993 1.00005 0.999961 0.999904 1 1 1 1 0.999904 0.999961 1.00014 1.00001 0.999956 0.999948 0.999948 0.999956 1.00001 1.00014 1.00069 1.01552 1.11194 1.10368 1.10368 1.11194 1.01552 1.00069 1.00009 0.999902 0.999902 0.999936 0.999936 0.999902 0.999902 1.00009 1.00001 0.999901 0.999998 1 1 0.999998 0.999902 1.00002 1.00007 0.999996 1 1 1 1 0.999996 
1.00012 0.999969 0.999995 1 1 0.999995 0.999969 1.00012 1.00039 0.999894 0.999988 0.999999 0.999999 0.999988 0.999894 1.00039 1.00738 1.00777 1.0016 1.00009 1.00009 1.0016 1.00777 1.00738 1.01011 1.14752 1.64687 1.65809 1.65809 1.64687 1.14752 1.01011 0.998792 0.998339 0.997561 0.997954 0.997954 0.997561 0.998339 0.998792 1.00013 0.999945 0.99996 0.999993 0.999993 0.999959 0.999939 1.00012 1.00008 0.99998 1 1 1 1 0.99998 
1.00155 1.00009 0.999972 0.999993 0.999993 0.999972 1.00009 1.00155 1.00956 1.00078 0.999954 0.999978 0.999978 0.999954 1.00078 1.00956 1.12326 1.1357 1.04512 1.00863 1.00863 1.04512 1.1357 1.12326 1.09752 1.78725 3.5578 3.80746 3.80746 3.5578 1.78725 1.09752 0.9892 0.982811 0.973008 0.978889 0.978889 0.973008 0.982811 0.9892 1.00348 1.00214 1.00021 0.999943 0.999941 1.0002 1.00207 1.00332 1.00129 0.999991 0.999984 0.999996 0.999996 0.999984 0.999991 
1.01545 1.00166 1.00015 1.00005 1.00005 1.00015 1.00166 1.01545 1.11486 1.01184 1.00054 1.00002 1.00002 1.00054 1.01184 1.11486 2.01231 2.15102 1.52677 1.16755 1.16755 1.52677 2.15102 2.01231 1.66127 3.83068 7.24044 8.73057 8.73057 7.24044 3.83068 1.66127 1.01112 0.970397 0.951985 0.971294 0.971294 0.951985 0.970397 1.01112 1.06737 1.05194 1.00979 1.00067 1.00064 1.00954 1.0509 1.06538 1.01899 1.0012 1.00006 1.00007 1.00007 1.00006 1.0012 
1.12343 1.01008 1.00051 0.999999 0.999999 1.00051 1.01008 1.12343 1.69097 1.09833 1.00562 0.999999 0.999999 1.00562 1.09833 1.69097 4.62347 5.27033 3.65709 2.4021 2.51176 3.81652 5.27033 4.62347 3.73347 7.25489 11.1093 13.9988 13.9701 11.037 7.16744 3.6624 2.11814 1.78342 1.89287 1.90407 1.94428 1.90852 1.78342 2.11814 1.52709 1.4894 1.13335 1.01655 1.01655 1.13327 1.48779 1.5277 1.10905 1.00298 0.999824 0.999994 0.999994 0.999824 1.00298 
1.0103 1.00032 0.999915 0.999917 0.999917 0.999915 1.00032 1.0103 1.10275 1.00824 0.999949 0.999872 0.999872 0.999949 1.00824 1.10275 1.98119 2.12911 1.52332 1.17034 1.1734 1.53053 2.12911 1.98119 1.83447 4.01313 6.11011 7.36754 7.41866 6.14392 4.03855 1.83478 1.20075 1.13658 1.14162 1.13125 1.12625 1.13608 1.13658 1.20075 1.04246 1.04339 1.00804 1.00039 1.0004 1.00827 1.04413 1.04432 1.00105 0.999399 0.999901 0.999925 0.999925 0.999901 0.999399 
1.00007 0.99991 1 1 1 1 0.99991 1.00007 1.00688 0.999991 0.999925 1 1 0.999925 0.999991 1.00688 1.13014 1.14504 1.04843 1.00874 1.00896 1.04985 1.14504 1.13014 1.1356 1.99834 3.11535 3.11334 3.14479 3.16272 2.02022 1.13727 1.02145 1.01568 1.0155 1.01264 1.0116 1.01442 1.01568 1.02145 1.00091 1.00124 1.00006 0.999933 0.999934 1.00006 1.00127 1.00104 0.99962 1 1.00001 1 1 1.00001 1 
1.00007 0.999996 1 1 1 1 0.999996 1.00007 1.00017 0.999868 1 1 1 1 0.999868 1.00017 1.00961 1.01031 1.00206 1.00002 1.00004 1.00219 1.01031 1.00961 1.01625 1.21996 1.67077 1.60313 1.61397 1.68971 1.2259 1.01658 1.00158 1.00127 1.00137 1.00106 1.00093 1.00124 1.00127 1.00158 0.999987 0.999848 0.999957 0.999998 0.999998 0.999956 0.999849 0.999996 1.00014 1.00001 1 1 1 1 1.00001 
1.00007 0.999996 1 1 1 1 0.999996 1.00007 1.00017 0.999868 1 1 1 1 0.999868 1.00017 1.00962 1.01031 1.00219 1.00004 1.00004 1.00219 1.01031 1.00962 1.01658 1.2259 1.68971 1.61397 1.61397 1.68971 1.2259 1.01658 1.00151 1.00117 1.00124 1.00093 1.00101 1.00131 1.00122 1.00154 0.999987 0.999848 0.999956 0.999998 0.999998 0.999956 0.999849 0.999996 1.00014 1.00001 1 1 1 1 1.00001 
1.00007 0.999908 1 1 1 1 0.99991 1.00007 1.0068 0.99999 0.999925 1 1 0.999925 0.999991 1.00688 1.13021 1.14503 1.04985 1.00896 1.00896 1.04985 1.14503 1.13021 1.13727 2.02022 3.16272 3.14479 3.14479 3.16272 2.02022 1.13727 1.02078 1.01476 1.01442 1.0116 1.01228 1.01496 1.01522 1.02113 1.00091 1.00124 1.00006 0.999934 0.999934 1.00007 1.00128 1.00105 0.99962 1 1.00001 1 1 1.00001 1 
1.0102 1.0003 0.999912 0.999917 0.999917 0.999915 1.00032 1.0103 1.10199 1.00826 0.999967 0.999871 0.999872 0.999949 1.00824 1.10275 1.97889 2.12502 1.53053 1.1734 1.1734 1.53053 2.12502 1.97889 1.83478 4.03855 6.14392 7.41866 7.41866 6.14392 4.03855 1.83478 1.19666 1.1314 1.13608 1.12625 1.12947 1.13876 1.13391 1.19862 1.04284 1.04369 1.00827 1.0004 1.00041 1.00828 1.04436 1.04441 1.00105 0.999399 0.999901 0.999925 0.999926 0.999903 0.999398 
1.12476 1.01007 1.00049 0.999999 0.999999 1.00051 1.01008 1.12343 1.68447 1.09837 1.00658 1.00007 0.999999 1.00562 1.09833 1.69097 4.71095 5.3736 3.81652 2.51176 2.51176 3.81652 5.3736 4.71095 3.6624 7.16744 11.037 13.9701 13.9701 11.037 7.16744 3.6624 2.13899 1.79682 1.90852 1.94428 1.91271 1.89906 1.79025 2.12672 1.52825 1.49098 1.13327 1.01655 1.01731 1.13821 1.50344 1.54616 1.10905 1.00298 0.999824 0.999994 0.999993 0.999813 1.00296 
2.19216 1.13508 1.00537 1.00002 1.00002 1.00537 1.13769 2.20837 5.31642 2.23541 1.17714 1.01466 1.01426 1.17498 2.23541 5.31642 13.4453 16.2483 13.8762 10.746 10.746 13.8762 16.2483 13.4453 10.0701 15.4662 20.1894 22.6987 22.7001 20.1905 15.4678 10.0772 5.66937 5.08899 4.942 5.47019 5.30641 4.76096 5.17636 5.50932 3.87812 3.76061 2.34255 1.28572 1.28572 2.34265 3.7613 3.88532 3.12363 1.38725 1.03512 1.00138 1.00134 1.03438 1.37939 
2.28516 1.15645 1.00651 0.999855 0.999855 1.00651 1.15961 2.30023 5.30135 2.34029 1.21221 1.01911 1.01851 1.20865 2.34029 5.30135 12.8325 16.873 11.3718 6.08623 6.08623 11.3718 16.873 12.8325 6.23929 11.9598 18.6739 22.9336 22.9339 18.673 11.9603 6.2404 2.29478 1.79904 1.96198 2.12212 2.12068 1.95235 1.79435 2.23018 2.05184 1.90586 1.27194 1.03478 1.03435 1.26899 1.8945 2.03609 1.63706 1.08466 1.00513 0.999979 0.99998 1.00514 1.08487 
1.89246 1.09832 1.003 0.999876 0.999876 1.003 1.1006 1.90358 4.24239 1.95479 1.14259 1.01144 1.01106 1.14012 1.95479 4.24239 10.2806 13.5713 8.25113 3.59964 3.59964 8.25113 13.5713 10.2806 3.74993 9.49981 17.173 20.8115 20.8112 17.1723 9.50043 3.75058 1.18479 0.953001 1.13891 1.24311 1.24855 1.13789 0.954576 1.15819 1.2003 1.17117 1.03036 1.00232 1.00229 1.02993 1.16887 1.19637 1.09671 1.00736 1.00028 0.99998 0.999981 1.00026 1.00721 
1.34945 1.02623 1.00045 1.00002 1.00002 1.00045 1.02672 1.35306 2.73843 1.34504 1.03222 1.00132 1.00127 1.03159 1.34504 2.73843 7.68699 9.64056 5.28885 1.92464 1.92464 5.28885 9.64056 7.68699 2.67321 8.24558 16.4692 19.3627 19.3625 16.4684 8.24627 2.67363 1.06028 0.971087 1.00773 1.01968 1.02251 1.00905 0.972193 1.04878 0.95306 1.00028 1.00057 0.999959 0.999957 1.00058 1.00047 0.954489 0.980793 0.998089 0.999939 1.00003 1.00003 0.999936 0.998063 
1.35306 1.02672 1.0005 1.00003 1.00002 1.00045 1.02672 1.35306 2.7427 1.34013 1.03159 1.00127 1.00127 1.03159 1.34504 2.73843 7.74172 9.67997 5.28018 1.92515 1.92464 5.28885 9.64056 7.68699 2.67363 8.24627 16.4684 19.3625 19.3627 16.4692 8.24558 2.67321 1.04878 0.972193 1.00776 1.01781 1.01781 1.00776 0.971087 1.06028 0.953068 1.00003 1.00054 0.999957 0.999957 1.00054 1.00003 0.953068 0.980793 0.998089 0.999939 1.00003 1.00003 0.999939 0.998089 
1.90358 1.1006 1.00334 0.999906 0.999876 1.003 1.1006 1.90358 4.25612 1.94332 1.14012 1.01106 1.01106 1.14012 1.95479 4.24239 10.4216 13.6098 8.24835 3.59668 3.59964 8.25113 13.5713 10.2806 3.75058 9.50043 17.1723 20.8112 20.8115 17.173 9.49981 3.74993 1.15819 0.954576 1.13872 1.23622 1.23622 1.13872 0.953001 1.18479 1.20031 1.17002 1.03011 1.00228 1.00228 1.03011 1.17002 1.20031 1.09671 1.00736 1.00028 0.99998 0.99998 1.00028 1.00736 
2.30023 1.15961 1.00697 0.999895 0.999855 1.00651 1.15961 2.30023 5.32082 2.32405 1.20865 1.01851 1.01851 1.20865 2.34029 5.30135 13.0252 16.8987 11.3746 6.08212 6.08623 11.3718 16.873 12.8325 6.2404 11.9603 18.673 22.9339 22.9336 18.6739 11.9598 6.23929 2.23018 1.79435 1.96146 2.11486 2.11486 1.96146 1.79904 2.29478 2.05038 1.90397 1.27062 1.03437 1.03437 1.27062 1.90397 2.05038 1.63706 1.08466 1.00513 0.999979 0.999979 1.00513 1.08466 
2.20837 1.13769 1.00569 1.00005 1.00002 1.00537 1.13769 2.20837 5.37105 2.22749 1.17498 1.01426 1.01426 1.17498 2.23541 5.31642 13.9691 16.7109 13.8871 10.7485 10.746 13.8762 16.2483 13.4453 10.0772 15.4678 20.1905 22.7001 22.6987 20.1894 15.4662 10.0701 5.50932 5.17636 5.13656 5.66609 5.66609 5.13656 5.08899 5.66937 3.97729 3.83756 2.36813 1.29001 1.29001 2.36813 3.83756 3.97729 3.12363 1.38725 1.03512 1.00138 1.00138 1.03512 1.38725 
3.51561 1.32981 1.01969 1.00041 1.00041 1.01969 1.32981 3.51561 9.85442 3.50708 1.33657 1.0245 1.0245 1.33657 3.52496 9.90624 24.4644 28.2588 28.6014 28.2192 28.0918 28.4947 28.1796 24.4054 24.2598 27.1139 29.9044 31.3088 31.3088 29.9044 27.1139 24.2598 22.6269 23.4539 23.9473 24.4881 24.4881 23.9473 23.4539 22.6269 17.7956 15.356 8.63272 3.63584 3.63584 8.63272 15.356 17.7956 10.7708 3.51141 1.38855 1.02907 1.02907 1.38855 3.51141 
3.76379 1.36903 1.02227 1.00032 1.00032 1.02227 1.36903 3.76379 10.4467 3.70682 1.36914 1.02707 1.02707 1.36914 3.72267 10.4788 26.3501 30.956 32.5958 32.7507 32.7572 32.6062 30.9784 26.3784 28.9815 29.8473 31.5934 32.9433 32.9433 31.5934 29.8473 28.9815 29.5946 31.1603 31.6106 31.6687 31.6687 31.6106 31.1603 29.5946 21.9389 18.8328 10.7009 4.48335 4.48335 10.7009 18.8328 21.9389 13.1893 4.1949 1.51755 1.04242 1.04242 1.51755 4.1949 
3.82253 1.3774 1.02286 1.00042 1.00042 1.02286 1.3774 3.82253 10.7022 3.77293 1.37868 1.02784 1.02784 1.37868 3.78919 10.736 27.2811 32.2208 34.1299 34.4729 34.4736 34.1351 32.2414 27.3093 31.9854 32.2332 33.1615 34.0116 34.0116 33.1615 32.2332 31.9854 31.9565 33.673 34.2518 34.3442 34.3442 34.2518 33.673 31.9565 23.5459 20.1354 11.3931 4.73921 4.73921 11.3931 20.1354 23.5459 14.206 4.46889 1.56341 1.04675 1.04675 1.56341 4.46889 
3.81298 1.36887 1.02156 1.00039 1.00039 1.02156 1.36887 3.81298 10.807 3.7668 1.37444 1.0265 1.0265 1.37444 3.77957 10.833 27.6716 32.5754 34.4408 34.8115 34.8122 34.4448 32.5908 27.6938 33.3667 33.6741 34.1693 34.5902 34.5902 34.1693 33.6741 33.3667 32.4382 34.1807 34.7571 34.8513 34.8513 34.7571 34.1807 32.4382 23.9702 20.4867 11.553 4.80404 4.80404 11.553 20.4867 23.9702 14.4711 4.48491 1.55706 1.04479 1.04479 1.55706 4.48491 
3.79754 1.36754 1.02144 1.00038 1.00039 1.02156 1.36887 3.81298 10.833 3.77957 1.37751 1.02689 1.0265 1.37444 3.7668 10.807 27.6716 32.5754 34.4408 34.8115 34.8115 34.4408 32.5754 27.6716 33.3636 33.6723 34.1711 34.5922 34.5902 34.1693 33.6741 33.3667 32.3816 34.1907 34.759 34.8516 34.8516 34.759 34.1907 32.3816 24.0577 20.5079 11.5352 4.78142 4.80404 11.5345 20.4867 23.9899 14.4711 4.48491 1.55706 1.04479 1.04479 1.55712 4.47152 
3.80256 1.37536 1.02269 1.00041 1.00042 1.02286 1.3774 3.82253 10.736 3.78919 1.38276 1.02839 1.02784 1.37868 3.77293 10.7022 27.2811 32.2208 34.1299 34.4729 34.4729 34.1299 32.2208 27.2811 31.9794 32.2262 33.1645 34.0188 34.0116 33.1615 32.2332 31.9854 31.9 33.6845 34.2572 34.3459 34.3459 34.2572 33.6845 31.9 23.6478 20.1712 11.3697 4.71748 4.73921 11.3691 20.1354 23.5727 14.206 4.46889 1.56341 1.04675 1.04676 1.56346 4.45015 
3.74422 1.36698 1.0221 1.00031 1.00032 1.02227 1.36903 3.76379 10.4788 3.72267 1.37316 1.02762 1.02707 1.36914 3.70682 10.4467 26.3501 30.956 32.5958 32.7507 32.7507 32.5958 30.956 26.3501 28.978 29.8272 31.6019 32.9548 32.9433 31.5934 29.8473 28.9815 29.546 31.1632 31.6114 31.6637 31.6637 31.6114 31.1632 29.546 22.0364 18.8695 10.6884 4.46912 4.48335 10.6879 18.8328 21.9476 13.1893 4.1949 1.51755 1.04242 1.04243 1.51758 4.17827 
3.50279 1.32831 1.01954 1.00041 1.00041 1.01969 1.32981 3.51561 9.90624 3.52496 1.34045 1.025 1.0245 1.33657 3.50708 9.85442 24.4644 28.2588 28.6014 28.2192 28.2192 28.6014 28.2588 24.4644 24.4064 27.2478 30.0206 31.3911 31.3088 29.9044 27.1139 24.2598 22.7348 23.6126 24.1054 24.6383 24.6383 24.1054 23.6126 22.7348 17.9322 15.4327 8.74181 3.66378 3.63584 8.74174 15.356 17.9716 10.7708 3.51141 1.38855 1.02907 1.02908 1.38861 3.51341 
3.95484 1.37889 1.0218 1.00045 1.00045 1.02186 1.37884 3.95541 11.4878 3.91015 1.39629 1.02673 1.02673 1.39629 3.91015 11.4878 28.0215 32.1084 33.4147 33.6376 33.6376 33.4147 32.1657 28.5135 32.7662 34.1992 34.6601 34.6526 34.6578 34.6621 34.2163 32.8075 29.7405 31.8246 32.3062 32.4321 32.4321 32.3062 31.8246 29.7405 23.0652 19.4775 10.7965 4.67793 4.658 10.7573 19.5497 23.067 14.2313 4.90565 1.74218 1.09462 1.09462 1.74218 4.90565 
3.86249 1.36052 1.01914 1.00023 1.00022 1.01912 1.36055 3.86318 11.4077 3.79084 1.36513 1.02222 1.02222 1.36513 3.79084 11.4077 28.5599 32.7888 34.2359 34.5805 34.5805 34.2359 32.7414 29.035 33.5986 34.5186 34.7832 34.8277 34.8265 34.7829 34.5236 33.6149 31.7145 33.4301 34.0268 34.1845 34.1845 34.0268 33.4301 31.7145 25.6802 20.8901 11.0744 4.65315 4.62574 11.0246 20.9819 25.7144 15.2441 5.06174 1.77087 1.1001 1.1001 1.77087 5.06174 
3.85279 1.35923 1.01913 1.00031 1.0003 1.01911 1.35926 3.85349 11.405 3.77904 1.36266 1.02209 1.02209 1.36266 3.77904 11.405 28.7113 32.9621 34.4426 34.8133 34.8133 34.4426 32.9191 29.2054 34.0208 34.6944 34.8867 34.936 34.9361 34.8876 34.6991 34.0378 32.364 34.1054 34.6942 34.8185 34.8185 34.6942 34.1054 32.364 26.1051 21.0819 11.1348 4.65895 4.63273 11.0884 21.1701 26.1361 15.5142 5.09964 1.77169 1.09919 1.09919 1.77169 5.09964 
3.83748 1.35572 1.01913 1.00031 1.00031 1.01913 1.35573 3.83814 11.4069 3.76479 1.35897 1.02187 1.02187 1.35897 3.76479 11.4069 28.7725 33.0126 34.4999 34.8568 34.8568 34.4999 32.9853 29.2621 34.2021 34.7897 34.937 34.9738 34.9739 34.9375 34.7921 34.2102 32.6222 34.3067 34.8494 34.9473 34.9473 34.8494 34.3067 32.6222 26.0984 20.977 11.1647 4.6711 4.65783 11.1376 21.0297 26.1155 15.7034 5.03285 1.73001 1.08334 1.08334 1.73001 5.03285 
3.83814 1.35573 1.01913 1.00031 1.00031 1.01913 1.35573 3.83814 10.8922 3.7987 1.36306 1.02207 1.02207 1.36306 3.76479 11.4069 29.2621 32.9853 34.4899 34.8509 34.8509 34.4899 32.9853 29.2621 34.2102 34.7921 34.9375 34.9739 34.9739 34.9375 34.7921 34.2102 32.5908 34.3008 34.8478 34.9468 34.9473 34.8494 34.3067 32.6222 26.1155 21.0297 11.1376 4.65783 4.6711 11.1647 20.977 26.0984 15.7034 5.03285 1.73001 1.08334 1.08205 1.72986 5.01248 
3.85349 1.35926 1.01911 1.0003 1.0003 1.01911 1.35926 3.85349 10.8959 3.82331 1.36773 1.02226 1.02226 1.36773 3.77904 11.405 29.2054 32.9191 34.4219 34.8033 34.8033 34.4219 32.9191 29.2054 34.0378 34.6991 34.8876 34.9361 34.9361 34.8876 34.6991 34.0378 32.3175 34.0927 34.6905 34.8175 34.8185 34.6942 34.1054 32.364 26.1361 21.1701 11.0884 4.63273 4.65895 11.1348 21.0819 26.1051 15.5142 5.09964 1.77169 1.09919 1.09703 1.7715 5.06749 
3.86318 1.36055 1.01912 1.00022 1.00022 1.01912 1.36055 3.86318 10.9054 3.8335 1.36967 1.02232 1.02232 1.36967 3.79084 11.4077 29.035 32.7414 34.2121 34.5669 34.5669 34.2121 32.7414 29.035 33.6149 34.5236 34.7829 34.8265 34.8265 34.7829 34.5236 33.6149 31.6646 33.4089 34.0138 34.1751 34.1845 34.0268 33.4301 31.7145 25.7144 20.9819 11.0246 4.62574 4.65315 11.0744 20.8901 25.6802 15.2441 5.06174 1.77087 1.1001 1.09789 1.77067 5.02867 
3.95541 1.37884 1.02186 1.00045 1.00045 1.02186 1.37884 3.95541 11.0709 3.95376 1.39941 1.02654 1.02654 1.39941 3.91015 11.4878 28.5135 32.1657 33.4827 33.7226 33.7226 33.4827 32.1657 28.5135 32.8075 34.2163 34.6621 34.6578 34.6578 34.6621 34.2163 32.8075 29.7271 31.8635 32.3599 32.4839 32.4321 32.3062 31.8246 29.7405 23.067 19.5497 10.7573 4.658 4.67793 10.7965 19.4775 23.0652 14.2313 4.90565 1.74218 1.09462 1.09294 1.74206 4.88075 
5.45113 1.81407 1.07229 1.00273 1.00273 1.07229 1.81407 5.45113 13.0165 5.46752 1.88565 1.12143 1.12143 1.88565 5.51655 13.2901 29.5001 32.8884 34.3461 34.6027 34.6028 34.344 32.8771 29.5179 31.6587 33.7704 34.153 33.9342 33.9033 34.1336 33.7419 31.615 27.2164 30.8795 31.9661 32.0418 32.1347 32.0799 31.0007 27.1826 15.8044 15.9659 11.5781 6.87372 7.47264 11.6294 15.6992 15.3398 9.94897 5.04529 2.06211 1.22766 1.22765 2.06181 5.00717 
4.34103 1.52102 1.03915 1.0011 1.0011 1.03915 1.52102 4.34103 11.4316 4.44713 1.60177 1.07242 1.07242 1.60177 4.48416 11.6916 29.5988 33.124 34.5793 34.8467 34.8458 34.5752 33.1132 29.6052 32.9592 34.2656 34.5652 34.5734 34.5737 34.5638 34.2593 32.9473 30.0138 33.3201 34.0996 34.1886 34.1784 34.0894 33.3005 29.8901 18.1162 16.7198 13.0246 8.36076 9.24977 13.0896 16.4423 17.7853 11.936 6.41592 2.51262 1.35461 1.35464 2.51187 6.3404 
4.05544 1.45105 1.03232 1.0009 1.0009 1.03232 1.45105 4.05544 11.0576 4.21722 1.54763 1.06445 1.06445 1.54763 4.25367 11.3243 29.6908 33.2443 34.6473 34.9119 34.9109 34.6432 33.2334 29.6956 33.5907 34.5621 34.7983 34.8473 34.847 34.797 34.5565 33.5769 31.0673 33.998 34.7245 34.838 34.8356 34.7192 33.9869 30.9517 19.4845 17.2867 13.401 8.40746 9.31218 13.5006 16.986 19.1732 12.9753 6.97 2.63543 1.37696 1.37697 2.63469 6.89248 
4.00071 1.42991 1.02869 1.00076 1.00076 1.02869 1.42991 4.00071 11.0846 4.12806 1.51011 1.05453 1.05453 1.51011 4.15072 11.3359 29.7674 33.3008 34.6618 34.9237 34.9232 34.6591 33.2918 29.7702 33.8597 34.711 34.9041 34.9467 34.9466 34.9034 34.7078 33.8519 31.515 34.1471 34.8432 34.9496 34.9489 34.8412 34.1443 31.4147 21.028 17.7478 13.018 7.74603 8.31905 13.1363 17.4943 20.8659 13.6337 6.50325 2.36325 1.27038 1.27035 2.36298 6.44844 
4.00039 1.42794 1.0286 1.00076 1.00076 1.02869 1.42991 4.00071 11.3359 4.15072 1.52679 1.05792 1.05792 1.52679 4.15072 11.3359 29.7702 33.2918 34.6591 34.9232 34.9233 34.6593 33.3008 29.7674 33.8519 34.7078 34.9034 34.9466 34.9466 34.9034 34.7078 33.8519 31.4147 34.1443 34.8412 34.9489 34.9496 34.8432 34.1471 31.515 20.8659 17.4943 13.1363 8.31905 7.81241 13.018 17.6565 21.0618 13.6337 6.50325 2.36325 1.27038 1.27038 2.36325 6.50325 
4.05483 1.44759 1.03212 1.00091 1.0009 1.03232 1.45105 4.05544 11.3243 4.25367 1.57181 1.06957 1.06957 1.57181 4.25367 11.3243 29.6956 33.2334 34.6432 34.9109 34.9112 34.6436 33.2443 29.6908 33.5769 34.5565 34.797 34.847 34.847 34.797 34.5565 33.5769 30.9517 33.9869 34.7192 34.8356 34.838 34.7245 33.998 31.0673 19.1732 16.986 13.5006 9.31218 8.51997 13.401 17.1817 19.4888 12.9753 6.97 2.63543 1.37696 1.37696 2.63543 6.97 
4.34043 1.51736 1.03893 1.0011 1.0011 1.03915 1.52102 4.34103 11.6916 4.48416 1.62746 1.07795 1.07795 1.62746 4.48416 11.6916 29.6052 33.1132 34.5752 34.8458 34.8466 34.5761 33.124 29.5988 32.9473 34.2593 34.5638 34.5737 34.5737 34.5638 34.2593 32.9473 29.8901 33.3005 34.0894 34.1784 34.1886 34.0996 33.3201 30.0138 17.7853 16.4423 13.0896 9.24977 8.47381 13.0246 16.6273 18.1162 11.936 6.41592 2.51262 1.35461 1.35461 2.51262 6.41592 
5.45087 1.81454 1.07249 1.00274 1.00273 1.07229 1.81407 5.45113 13.2901 5.51655 1.92053 1.12932 1.12932 1.92053 5.51655 13.2901 29.5179 32.8771 34.344 34.6028 34.6012 34.3412 32.8884 29.5001 31.615 33.7419 34.1336 33.9033 33.9033 34.1336 33.7419 31.615 27.1826 31.0007 32.0799 32.1347 32.0418 31.9661 30.8795 27.2164 15.3398 15.6992 11.6294 7.47264 6.94862 11.5781 15.8602 15.7324 9.94897 5.04529 2.06211 1.22766 1.22766 2.06211 5.04529 
8.61485 2.85012 1.24356 1.0146 1.01461 1.24378 2.85279 8.65446 17.5619 8.42158 2.96815 1.38261 1.37078 2.93738 8.4098 17.4767 29.0724 32.5708 33.6027 33.8173 33.8598 33.6464 32.5708 29.0724 24.2067 26.3973 26.623 26.7058 26.7058 26.623 26.3973 24.2067 19.564 22.8954 22.9409 23.0523 22.9161 22.789 22.7348 19.4441 11.5501 14.1509 8.76952 3.65126 3.62338 8.7317 14.1179 11.531 5.55817 2.13956 1.16044 1.01543 1.01622 1.16625 2.16636 
9.81245 3.20292 1.30129 1.01857 1.01854 1.30085 3.20035 9.83511 19.7172 9.62892 3.37094 1.48459 1.46895 3.33004 9.60523 19.6251 30.9557 33.5266 34.4686 34.6364 34.6346 34.4631 33.5266 30.9557 27.1904 28.9693 29.6261 30.277 30.277 29.6261 28.9693 27.1904 22.7636 28.5046 30.4206 31.0166 31.024 30.4166 28.4816 22.7836 11.3621 15.7758 9.35791 3.65087 3.64882 9.35602 15.7768 11.3718 4.22528 1.53575 1.04221 1.00164 1.00166 1.04251 1.53746 
10.3249 3.34737 1.32347 1.02023 1.02018 1.3229 3.34449 10.3508 20.5198 10.0118 3.46924 1.50482 1.48874 3.4283 9.99559 20.4384 32.1728 34.1082 34.8085 34.9225 34.9217 34.8043 34.1082 32.1728 29.2355 31.3668 32.1656 32.7869 32.7869 32.1656 31.3668 29.2355 24.0108 30.7821 33.2352 33.9191 33.9127 33.2174 30.7495 24.0386 11.2529 16.2567 9.50501 3.69399 3.69297 9.50342 16.257 11.2575 3.77472 1.39894 1.02482 1.0005 1.0005 1.02489 1.39952 
10.4514 3.36663 1.327 1.02055 1.02049 1.32626 3.36287 10.4692 20.7307 10.0489 3.42969 1.47166 1.45964 3.40059 10.0463 20.6534 32.5221 34.2491 34.871 34.9708 34.9701 34.8682 34.2491 32.5221 30.3468 32.9263 33.665 34.0818 34.0818 33.665 32.9263 30.3468 24.3624 31.4379 33.9947 34.5822 34.5779 33.982 31.4123 24.3839 11.3044 16.4148 9.58116 3.72108 3.72015 9.58051 16.4151 11.3081 3.76598 1.39995 1.0253 1.00053 1.00054 1.02536 1.40052 
10.4692 3.36287 1.32626 1.02049 1.02049 1.32626 3.36287 10.4692 20.6534 10.0463 3.40059 1.45964 1.45964 3.40059 10.0489 20.7307 32.4759 34.278 34.8682 34.9701 34.9708 34.871 34.2491 32.5221 30.3436 32.9256 33.6646 34.0815 34.0818 33.665 32.9263 30.3468 24.4005 31.3802 33.96 34.5699 34.5699 33.96 31.3802 24.3624 11.3081 16.4151 9.58051 3.72015 3.72015 9.58051 16.4151 11.3081 3.76598 1.39995 1.0253 1.00053 1.00053 1.0253 1.39995 
10.3508 3.34449 1.3229 1.02018 1.02018 1.3229 3.34449 10.3508 20.4384 9.99559 3.4283 1.48874 1.48874 3.4283 10.0118 20.5198 32.1229 34.1496 34.8043 34.9217 34.9225 34.8085 34.1082 32.1728 29.2327 31.366 32.165 32.7862 32.7869 32.1656 31.3668 29.2355 24.0696 30.7052 33.1841 33.9004 33.9004 33.1841 30.7052 24.0108 11.2575 16.257 9.50342 3.69297 3.69297 9.50342 16.257 11.2575 3.77472 1.39894 1.02482 1.0005 1.0005 1.02482 1.39894 
9.83511 3.20035 1.30085 1.01854 1.01854 1.30085 3.20035 9.83511 19.6251 9.60523 3.33004 1.46895 1.46895 3.33004 9.62892 19.7172 30.9281 33.589 34.4631 34.6346 34.6364 34.4686 33.5266 30.9557 27.1884 28.9693 29.6262 30.2765 30.277 29.6261 28.9693 27.1904 22.807 28.4573 30.4169 31.0455 31.0455 30.4169 28.4573 22.7636 11.3718 15.7768 9.35602 3.64882 3.64882 9.35602 15.7768 11.3718 4.22528 1.53575 1.04221 1.00164 1.00164 1.04221 1.53575 
8.65446 2.85279 1.24378 1.01461 1.01461 1.24378 2.85279 8.65446 17.4767 8.4098 2.93738 1.37078 1.37078 2.93738 8.42158 17.5619 28.9626 32.5503 33.6464 33.8598 33.8173 33.6027 32.5708 29.0724 24.204 26.3929 26.4341 26.5375 26.7058 26.623 26.3973 24.2067 19.2262 22.462 22.5242 22.6626 22.6626 22.5242 22.462 19.564 11.531 14.1179 8.7317 3.62338 3.62338 8.7317 14.1179 11.531 5.55817 2.13956 1.16044 1.01543 1.01543 1.16044 2.13956 
8.36129 2.81863 1.26886 1.02013 1.01986 1.2671 2.81075 8.33405 15.7079 8.04923 2.78891 1.30323 1.30323 2.78891 8.04923 15.7079 22.6954 27.6817 29.1614 29.4597 29.4597 29.1614 28.0397 22.9039 9.72871 11.339 10.9362 10.6095 10.6095 10.9362 11.339 9.72871 6.39871 7.51814 7.74618 7.55421 7.55421 7.62347 7.39024 6.30466 4.48137 5.8217 3.35001 1.46822 1.46822 3.35001 5.8217 4.48137 1.83495 1.07074 1.00144 0.99982 0.99982 1.00144 1.07074 
9.70025 3.18845 1.33428 1.02667 1.02631 1.3325 3.18403 9.6999 17.8758 9.45339 3.18524 1.38429 1.38429 3.18524 9.45339 17.8758 23.9954 30.7256 32.5181 32.8916 32.8916 32.5181 30.7198 23.8383 4.98708 6.10001 5.83114 5.1787 5.1787 5.83114 6.10001 4.98708 2.73353 3.41816 3.36505 3.02614 3.02614 3.37066 3.42286 2.73635 1.65058 2.16245 1.38356 1.04244 1.04244 1.38356 2.16245 1.65058 1.11329 1.00764 1.00006 0.999854 0.999854 1.00006 1.00764 
10.1703 3.30369 1.35103 1.02784 1.02747 1.34923 3.29938 10.1683 18.6603 9.94497 3.30053 1.40325 1.40325 3.30053 9.94497 18.6603 24.3806 31.8545 33.9244 34.3333 34.3333 33.9244 31.8173 24.181 2.36919 2.83364 2.69025 2.30424 2.30424 2.69025 2.83364 2.36919 1.40596 1.65406 1.65137 1.50932 1.50932 1.65136 1.65401 1.4059 1.07326 1.15041 1.03261 1.00176 1.00176 1.03261 1.15041 1.07326 1.01626 1.00111 0.999943 0.999983 0.999983 0.999943 1.00111 
10.202 3.29773 1.33667 1.02474 1.02452 1.33568 3.29604 10.202 18.7616 9.99249 3.2975 1.39502 1.39502 3.2975 9.99249 18.7616 24.4543 32.1194 34.2427 34.6381 34.6381 34.2427 32.0869 24.2305 1.5845 1.69899 1.65296 1.51792 1.51792 1.65296 1.69899 1.5845 1.32861 1.40942 1.41584 1.39501 1.39501 1.41583 1.4094 1.32859 1.02014 1.00784 1.0015 0.999955 0.999955 1.0015 1.00784 1.02014 0.995723 0.99938 1 1.00001 1.00001 1 0.99938 
10.202 3.29604 1.33568 1.02452 1.02474 1.33667 3.29773 10.202 18.7327 10.0067 3.2994 1.39551 1.39551 3.2994 10.0067 18.7327 24.2305 32.0869 34.2427 34.6381 34.638 34.2503 32.1194 24.4543 1.58458 1.699 1.65296 1.5179 1.51792 1.65296 1.69899 1.5845 1.32859 1.4094 1.41583 1.39502 1.39501 1.41584 1.40942 1.32861 1.02105 1.00801 1.00148 0.999954 0.999952 1.00148 1.00785 1.0202 0.995723 0.99938 1 1.00001 1.00001 1 0.999378 
10.1683 3.29938 1.34923 1.02747 1.02784 1.35103 3.30369 10.1703 18.6294 9.96539 3.30445 1.40447 1.40447 3.30445 9.96539 18.6294 24.181 31.8173 33.9244 34.3333 34.3299 33.9293 31.8545 24.3806 2.36941 2.83376 2.6903 2.30408 2.30424 2.69025 2.83364 2.36919 1.4059 1.65401 1.65136 1.50934 1.50932 1.65137 1.65406 1.40596 1.07264 1.14914 1.0329 1.00176 1.00174 1.0329 1.15048 1.07328 1.01626 1.00111 0.999943 0.999983 0.999983 0.999942 1.00111 
9.6999 3.18403 1.3325 1.02631 1.02667 1.33428 3.18845 9.70025 17.8564 9.48393 3.19092 1.38578 1.38578 3.19092 9.48393 17.8564 23.8383 30.7198 32.5181 32.8916 32.8909 32.5172 30.7256 23.9954 4.99067 6.10403 5.83158 5.18139 5.1787 5.83114 6.10001 4.98708 2.73635 3.42286 3.37066 3.03024 3.02614 3.36505 3.41816 2.73353 1.65196 2.15818 1.38775 1.04243 1.04239 1.38775 2.16633 1.6501 1.11329 1.00764 1.00006 0.999854 0.999854 1.00006 1.0076 
8.33405 2.81075 1.2671 1.01986 1.02013 1.26886 2.81863 8.36129 15.6291 8.04788 2.78879 1.30401 1.30401 2.78879 8.04788 15.6291 22.9039 28.0397 29.1614 29.4597 29.1773 28.8703 27.6817 22.6954 9.57778 11.1479 10.9321 10.4514 10.6095 10.9362 11.339 9.72871 6.30466 7.39024 7.62347 7.45207 7.55421 7.74618 7.51814 6.39871 4.50556 5.81708 3.28002 1.4633 1.45335 3.28002 5.74465 4.41585 1.83495 1.07074 1.00144 0.99982 0.999835 1.00154 1.07042 
2.37127 1.21017 1.01995 1.00089 1.0009 1.01987 1.20849 2.35526 5.21084 2.52138 1.23483 1.02046 1.0208 1.23756 2.53907 5.24896 10.2363 12.884 13.9642 14.0773 14.0773 13.9642 12.884 10.2363 2.14232 2.35416 2.32025 2.35262 2.35313 2.31893 2.35345 2.14182 2.0311 2.35656 2.36001 2.31054 2.30139 2.35334 2.35656 2.0311 1.41373 1.89057 1.28574 1.03054 1.02937 1.27707 1.89059 1.41373 1.03327 1.00142 0.999972 1.00002 1.00002 0.999972 1.00148 
1.23164 1.02715 1.00183 0.999932 0.999937 1.00187 1.02744 1.2322 2.01686 1.24709 1.02309 1.00098 1.00098 1.02317 1.24827 2.01638 3.96832 4.99177 4.90573 4.78737 4.78737 4.90573 4.99177 3.96832 1.11881 1.1349 1.14265 1.16749 1.16756 1.14271 1.13497 1.11885 1.1023 1.13742 1.12589 1.11936 1.11884 1.12513 1.13742 1.1023 1.03292 1.09192 1.02074 1.00109 1.0011 1.02068 1.09194 1.03292 1.00187 0.999909 0.999905 0.99992 0.99992 0.999905 0.999907 
1.02004 1.00166 1 0.999974 0.999973 1 1.00167 1.02014 1.12074 1.01846 1.00082 0.999862 0.999863 1.00082 1.01856 1.12074 1.59858 1.85976 1.78378 1.71158 1.71158 1.78378 1.85976 1.59858 1.01112 1.01191 1.01274 1.01374 1.01374 1.01275 1.01191 1.01113 1.00331 1.00426 1.00043 1.00094 1.00094 1.00043 1.00426 1.00331 1.00108 1.00408 1.00054 0.999922 0.999921 1.00054 1.00408 1.00108 1.0001 0.999979 0.999999 1 1 0.999999 0.999979 
1.00096 0.999978 0.999964 0.999998 0.999998 0.999964 0.999979 1.00096 1.00685 1.00035 0.999891 0.999987 0.999987 0.999891 1.00036 1.00685 1.08001 1.12821 1.11065 1.08914 1.08914 1.11065 1.12821 1.08001 1.00117 1.00136 1.00135 1.00122 1.00122 1.00134 1.00136 1.00117 1.00002 0.999664 0.99929 0.999536 0.999536 0.99929 0.999664 1.00002 0.99998 0.999914 0.999932 0.999991 0.999992 0.999932 0.999914 0.99998 1.00007 0.999995 1 1 1 1 0.999995 
1.00096 0.999979 0.999964 0.999998 0.999998 0.999964 0.999979 1.00096 1.00685 1.00035 0.999891 0.999987 0.999987 0.999891 1.00035 1.00685 1.08001 1.12821 1.11065 1.08914 1.09082 1.11325 1.13108 1.08176 1.00117 1.00136 1.00134 1.00122 1.00122 1.00135 1.00136 1.00117 1.00002 0.999664 0.99929 0.999536 0.999536 0.99929 0.999664 1.00002 0.99998 0.999914 0.999932 0.999992 0.999992 0.999932 0.999913 0.999979 1.00007 0.999995 1 1 1 1 0.999995 
1.02014 1.00167 1 0.999973 0.999973 1 1.00167 1.02014 1.12074 1.01846 1.00082 0.999862 0.999862 1.00082 1.01846 1.12074 1.59858 1.85976 1.78378 1.71158 1.71975 1.79609 1.87382 1.60805 1.01113 1.01191 1.01275 1.01374 1.01374 1.01274 1.01191 1.01113 1.00331 1.00427 1.00043 1.00094 1.00094 1.00043 1.00426 1.00331 1.00108 1.00408 1.00054 0.999921 0.999922 1.00055 1.00409 1.00108 1.0001 0.999979 0.999999 1 1 0.999999 0.999979 
1.2322 1.02744 1.00187 0.999937 0.999937 1.00187 1.02744 1.2322 2.01686 1.24709 1.02309 1.00098 1.00098 1.02309 1.24709 2.01686 3.96832 4.99177 4.90573 4.78737 4.81961 4.95174 5.0432 4.00709 1.11885 1.13497 1.14271 1.16756 1.16749 1.14265 1.13497 1.11885 1.10184 1.13669 1.12513 1.11884 1.11936 1.12589 1.13742 1.1023 1.03292 1.09194 1.02068 1.0011 1.0011 1.02084 1.09243 1.03303 1.00187 0.999907 0.999905 0.99992 0.99992 0.999905 0.999909 
2.35526 1.20849 1.01987 1.0009 1.0009 1.01987 1.20849 2.35526 5.21084 2.52138 1.23483 1.02046 1.02046 1.23483 2.52138 5.21084 10.2363 12.884 13.9642 14.0773 13.9786 13.8666 12.7859 10.1756 2.14182 2.35345 2.31893 2.35313 2.35262 2.32025 2.35345 2.14182 2.02444 2.35041 2.35334 2.30139 2.31054 2.36001 2.35656 2.0311 1.41373 1.89059 1.27707 1.02937 1.03002 1.28216 1.88215 1.42119 1.03332 1.00148 0.999972 1.00002 1.00002 0.999972 1.00142 
1.25989 1.02849 1.00204 1.00011 1.00011 1.00204 1.02849 1.25989 2.17349 1.2983 1.03079 1.00192 1.00192 1.03079 1.2983 2.17349 3.16294 3.79078 4.07431 4.23285 4.23285 4.07431 3.79078 3.16294 1.21402 1.28477 1.26337 1.18437 1.18437 1.26337 1.28477 1.21402 1.16039 1.2829 1.27852 1.21936 1.21484 1.27029 1.27527 1.16031 1.03491 1.09513 1.02155 1.00165 1.00166 1.02172 1.09519 1.03493 1.00239 1.00014 1.00005 1.00008 1.00008 1.00005 1.00014 
1.02952 1.00236 1.00007 0.999962 0.999962 1.00007 1.00236 1.02952 1.16529 1.02915 1.00186 0.999962 0.999962 1.00186 1.02915 1.16529 1.42673 1.5732 1.58863 1.5969 1.5969 1.58863 1.5732 1.42673 1.01615 1.02472 1.02134 1.0112 1.0112 1.02134 1.02472 1.01615 1.01107 1.02653 1.02954 1.01947 1.01889 1.02843 1.02562 1.01107 1.00152 1.00464 1.00063 0.99995 0.999951 1.00063 1.00464 1.00152 1.00016 0.999978 0.999994 0.999996 0.999996 0.999994 0.999978 
1.00206 1.00007 0.99996 0.999996 0.999996 0.99996 1.00007 1.00206 1.0133 1.00152 0.999986 0.999961 0.999961 0.999986 1.00152 1.0133 1.04183 1.05811 1.05415 1.05662 1.05662 1.05415 1.05811 1.04183 1.0005 1.00074 1.00062 1.00019 1.00019 1.00062 1.00074 1.0005 1.00046 1.00115 1.00167 1.00102 1.00098 1.00158 1.00109 1.00046 1 0.999995 0.999945 0.999983 0.999983 0.999945 0.999995 1 1.00005 0.999995 1 1 1 1 0.999995 
1.00012 0.999963 0.999996 1 1 0.999996 0.999963 1.00012 1.00051 0.99993 0.999978 0.999999 0.999999 0.999978 0.99993 1.00051 1.00257 1.00347 1.00288 1.00295 1.00295 1.00288 1.00347 1.00257 1.00007 0.999924 1 0.999986 0.999986 1 0.999924 1.00007 1.00004 0.999925 1.00003 1 1 1.00002 0.999922 1.00004 1.00001 0.999881 0.999993 1 1 0.999993 0.999881 1.00001 1.00008 0.999996 1 1 1 1 0.999996 
0 0 0 0 1 0.999996 0.999963 1.00012 1.00051 0.99993 0.999978 0.999999 0.999999 0.999978 0.999926 1.0005 1.00257 1.00347 1.00288 1.00295 1.00287 1.0028 1.00338 1.00251 1.00007 0.999923 1 0.999987 0.999986 1 0.999924 1.00007 1.00004 0.999922 1.00002 1 1 1.00003 0.999925 1.00004 1.00001 0.999881 0.999993 1 1 0.999993 0.999881 1.00001 1.00008 0.999996 1 1 0 0 0 
0 0 0 0 0.999996 0.99996 1.00007 1.00206 1.0133 1.00152 0.999986 0.999961 0.999962 0.999982 1.00148 1.01307 1.04183 1.05811 1.05415 1.05662 1.05574 1.05328 1.05711 1.04119 1.00051 1.0007 1.00059 1.00018 1.00019 1.00062 1.00074 1.0005 1.00046 1.00109 1.00158 1.00098 1.00102 1.00167 1.00115 1.00046 1 0.999995 0.999945 0.999983 0.999983 0.999945 0.999995 1 1.00005 0.999995 1 1 0 0 0 
0 0 0 0 0.999962 1.00007 1.00236 1.02952 1.16529 1.02915 1.00186 0.999962 0.999959 1.00184 1.02869 1.1635 1.42673 1.5732 1.58863 1.5969 1.5922 1.58452 1.56947 1.42404 1.01622 1.02407 1.02077 1.01093 1.0112 1.02134 1.02472 1.01615 1.01107 1.02562 1.02843 1.01889 1.01947 1.02954 1.02653 1.01107 1.00152 1.00464 1.00063 0.999951 0.99995 1.00063 1.00464 1.00152 1.00016 0.999978 0.999994 0.999996 0 0 0 
