0 0 0 0 1.00004 1.00047 1.00397 1.02869 1.19496 1.02796 1.00185 1.00006 1.00006 1.00186 1.0281 1.19819 2.27098 2.46905 1.8414 1.37603 1.37337 1.83502 2.46034 2.26374 2.27176 4.6673 7.74523 9.50418 9.49827 7.74364 4.65683 2.26231 1.0955 1.02942 1.02539 1.05395 1.0515 1.02172 1.02567 1.0886 1.14324 1.10998 1.0279 1.00336 1.00337 1.02787 1.10996 1.1433 1.05441 1.00492 1.00036 1.00005 0 0 0 
0 0 0 0 0.999983 0.999978 1.00041 1.00322 1.02063 1.00243 1.00004 0.999948 0.999948 1.00004 1.00242 1.02097 1.20016 1.21976 1.0998 1.0298 1.02964 1.09897 1.21828 1.19922 1.31334 2.76412 4.96931 5.40341 5.36371 4.93076 2.73884 1.30946 0.991306 0.980112 0.969816 0.979125 0.979048 0.969674 0.979958 0.990754 1.01178 1.00753 1.00119 0.999978 0.999978 1.00119 1.00753 1.01177 1.00515 1.00033 0.999965 0.999989 0 0 0 
0 0 0 0 1 0.999984 0.999972 1.00031 1.00109 0.999964 0.999968 0.999993 0.999993 0.999968 0.99996 1.00111 1.01704 1.01757 1.00571 1.00097 1.00096 1.00562 1.01736 1.01693 1.05925 1.55578 2.59817 2.46059 2.43951 2.56284 1.54354 1.05825 0.997634 0.996672 0.995012 0.995564 0.995528 0.994933 0.996632 0.997532 1.00053 1.00015 0.999973 0.999967 0.999967 0.999973 1.00015 1.00053 1.00041 0.999958 0.999992 1 0 0 0 
0 0 0 0 1 1 0.999984 1.00004 0.99994 0.999857 0.999995 1 1 0.999995 0.999857 0.99994 1.00062 1.00037 0.999989 0.999906 0.999905 0.999982 1.00035 1.00061 1.00755 1.11576 1.45683 1.39334 1.38689 1.44631 1.11344 1.00741 0.999969 0.999663 0.99958 0.999673 0.999664 0.99957 0.999657 0.999959 1.00002 0.999859 0.999986 0.999999 0.999999 0.999986 0.999859 1.00002 1.00005 0.999989 1 1 0 0 0 
1.00004 0.999984 1 1 1 1 0.999984 1.00004 0.99994 0.999857 0.999995 1 1 0.999995 0.999857 0.99994 1.00061 1.00035 0.999982 0.999905 0.999905 0.999982 1.00035 1.00061 1.00755 1.11576 1.45683 1.39334 1.39334 1.45683 1.11576 1.00755 0.999959 0.999657 0.99957 0.999664 0.999664 0.99957 0.999657 0.999959 1.00002 0.999859 0.999986 0.999999 0.999999 0.999986 0.999859 1.00002 1.00005 0.999989 1 1 1 1 0.999989 
1.00031 0.999972 0.999984 1 1 0.999984 0.999972 1.00031 1.00111 0.99996 0.999968 0.999993 0.999993 0.999968 0.999964 1.00109 1.01693 1.01736 1.00562 1.00096 1.00096 1.00562 1.01736 1.01693 1.05925 1.55578 2.59817 2.46059 2.46059 2.59817 1.55578 1.05925 0.997532 0.996632 0.994933 0.995528 0.995528 0.994933 0.996632 0.997532 1.00053 1.00015 0.999973 0.999967 0.999967 0.999973 1.00015 1.00053 1.00041 0.999958 0.999992 1 1 0.999992 0.999958 
1.00322 1.00041 0.999978 0.999983 0.999983 0.999978 1.00041 1.00322 1.02097 1.00242 1.00004 0.999948 0.999948 1.00004 1.00243 1.02063 1.19922 1.21828 1.09897 1.02964 1.02964 1.09897 1.21828 1.19922 1.31334 2.76412 4.96931 5.40341 5.40341 4.96931 2.76412 1.31334 0.990754 0.979958 0.969674 0.979048 0.979048 0.969674 0.979958 0.990754 1.01177 1.00753 1.00119 0.999978 0.999978 1.00119 1.00753 1.01178 1.00515 1.00033 0.999965 0.999989 0.999989 0.999965 1.00033 
1.02869 1.00397 1.00047 1.00004 1.00004 1.00047 1.00397 1.02869 1.19819 1.0281 1.00186 1.00006 1.00006 1.00185 1.02796 1.19496 2.26374 2.46034 1.83502 1.37337 1.37337 1.83502 2.46034 2.26374 2.27176 4.6673 7.74523 9.50418 9.50418 7.74523 4.6673 2.27176 1.0886 1.02567 1.02172 1.0515 1.0515 1.02172 1.02567 1.0886 1.1433 1.10996 1.02787 1.00337 1.00336 1.0279 1.10998 1.14324 1.05441 1.00492 1.00036 1.00005 1.00005 1.00036 1.00492 
1.23664 1.02662 1.00173 1.00006 1.00006 1.00173 1.02662 1.23664 2.01221 1.21577 1.02027 1.00103 1.0011 1.0209 1.22655 2.05028 5.22116 5.91923 4.64586 3.40254 3.40254 4.64586 5.91923 5.22116 4.44059 7.43889 10.532 13.3552 13.3074 10.4545 7.37219 4.37342 2.48257 2.12104 2.27617 2.31718 2.31718 2.27617 2.12104 2.48257 1.77857 1.69322 1.25792 1.05345 1.05504 1.28398 1.72677 1.77868 1.22555 1.01373 0.999593 0.999845 0.999848 0.999614 1.01357 
1.03534 1.00263 1.00002 0.999877 0.999877 1.00002 1.00263 1.03534 1.19709 1.026 1.0011 0.999811 0.999814 1.00111 1.0262 1.19713 2.286 2.46068 1.8928 1.39795 1.39795 1.8928 2.46068 2.286 2.66121 4.8819 6.60511 8.03472 8.05285 6.60146 4.90123 2.67438 1.3852 1.25318 1.23834 1.23056 1.23056 1.23834 1.25318 1.3852 1.09153 1.08789 1.02468 1.00304 1.00317 1.02585 1.09005 1.09162 1.0073 0.998745 0.999744 0.99991 0.999909 0.999743 0.998736 
1.00218 1 0.999975 0.999997 0.999997 0.999975 1 1.00218 1.01975 1.00119 0.999842 0.999979 0.999979 0.999844 1.00119 1.01963 1.22393 1.24251 1.1202 1.03322 1.03322 1.1202 1.24251 1.22393 1.57905 3.19079 4.32094 4.23663 4.29331 4.38393 3.25476 1.60074 1.05909 1.0366 1.02992 1.02565 1.02565 1.02992 1.0366 1.05909 1.00441 1.00481 1.00078 0.999938 0.999946 1.00082 1.00494 1.00442 0.998984 0.999845 1.00002 1 1 1.00002 0.999846 
1.00017 0.999959 0.999995 1 1 0.999995 0.999959 1.00017 1.00105 0.999819 0.999982 1 1 0.999982 0.999817 1.00104 1.02438 1.02535 1.00948 1.00114 1.00114 1.00948 1.02535 1.02438 1.11914 1.89387 2.80148 2.32021 2.35245 2.89188 1.93766 1.1246 1.00573 1.00393 1.00306 1.00237 1.00237 1.00306 1.00393 1.00573 0.999936 0.999802 0.999916 0.999975 0.999974 0.999917 0.99981 0.999936 1.00011 1.00004 1 1 1 1 1.00004 
1.00017 0.999959 0.999995 1 1 0.999995 0.999959 1.00017 1.00104 0.999817 0.999982 1 1 0.999982 0.999817 1.00104 1.02406 1.025 1.00915 1.00108 1.00108 1.00915 1.02535 1.02438 1.1246 1.93766 2.89188 2.35245 2.35245 2.89188 1.93766 1.1246 1.00573 1.00394 1.00306 1.00238 1.00237 1.00306 1.00393 1.00573 0.999936 0.99981 0.999917 0.999974 0.999974 0.999917 0.999802 0.999936 1.00011 1.00004 1 1 1 1 1.00004 
1.00217 0.999996 0.999975 0.999998 0.999997 0.999975 1 1.00218 1.01963 1.00119 0.999844 0.999979 0.999979 0.999844 1.00119 1.01963 1.22206 1.24068 1.11785 1.03257 1.03257 1.11785 1.24251 1.22393 1.60074 3.25476 4.38393 4.29331 4.29331 4.38393 3.25476 1.60074 1.05908 1.0366 1.02993 1.02568 1.02565 1.02992 1.0366 1.05909 1.00442 1.00494 1.00082 0.999946 0.999946 1.00082 1.00481 1.00441 0.998984 0.999845 1.00002 1 1 1.00002 0.999845 
1.03509 1.00258 1.00001 0.999877 0.999877 1.00002 1.00263 1.03534 1.19713 1.0262 1.00111 0.999814 0.999814 1.00111 1.0262 1.19713 2.2748 2.45053 1.87971 1.3933 1.3933 1.87971 2.46068 2.286 2.67438 4.90123 6.60146 8.05285 8.05285 6.60146 4.90123 2.67438 1.38436 1.25277 1.23808 1.23058 1.23056 1.23834 1.25318 1.3852 1.09162 1.09005 1.02585 1.00317 1.00317 1.02585 1.08789 1.09153 1.0073 0.998745 0.999743 0.999909 0.99991 0.999744 0.998745 
1.23799 1.02664 1.00171 1.00006 1.00006 1.00173 1.02662 1.23664 2.05028 1.22655 1.0209 1.0011 1.0011 1.0209 1.22655 2.05028 5.2486 5.96341 4.73997 3.48663 3.48663 4.73997 5.91923 5.22116 4.37342 7.37219 10.4545 13.3074 13.3074 10.4545 7.37219 4.37342 2.50225 2.1331 2.29277 2.3316 2.31718 2.27617 2.12104 2.48257 1.77868 1.72677 1.28398 1.05504 1.05504 1.28398 1.69322 1.77857 1.22555 1.01373 0.999614 0.999848 0.999845 0.999593 1.01373 
2.49356 1.23505 1.01653 1.00015 1.00015 1.01653 1.23844 2.51428 5.47153 2.63673 1.3171 1.04239 1.04162 1.31392 2.63073 5.48555 13.3272 15.749 13.9757 11.7851 11.7851 13.9757 15.7331 13.3132 10.3739 15.227 18.8786 21.0628 21.2007 19.0474 15.3808 10.5093 5.28129 4.89538 5.62265 5.73041 5.81428 5.70267 4.98196 5.34864 4.459 4.04314 2.49231 1.47119 1.47119 2.49231 4.11378 4.54374 3.67938 1.71217 1.0893 1.00596 1.00596 1.0893 1.71217 
2.51509 1.24906 1.01778 1 1 1.01778 1.25267 2.53206 5.40571 2.76439 1.36717 1.05432 1.05316 1.36193 2.74983 5.39373 11.8353 14.8794 11.1258 7.33502 7.33502 11.1258 14.8597 11.7983 7.17635 12.7666 18.006 20.8984 20.9171 18.0218 12.7492 7.16237 2.68063 2.15535 2.33819 2.53936 2.53654 2.33765 2.157 2.68141 2.35699 2.1688 1.46985 1.09418 1.09418 1.46985 2.16791 2.35556 2.06379 1.22554 1.0198 1.00075 1.00075 1.0198 1.22554 
2.07963 1.16175 1.00935 0.999868 0.999868 1.00935 1.16443 2.09234 4.35948 2.2785 1.25072 1.03288 1.03214 1.24691 2.26755 4.34772 9.53008 12.2572 8.09279 4.3681 4.3681 8.09279 12.2536 9.51349 4.9815 11.1175 17.4973 20.4742 20.4916 17.5165 11.0958 4.96806 1.39402 1.05915 1.21079 1.37117 1.36797 1.2113 1.0607 1.39629 1.32199 1.27788 1.07549 1.00947 1.00947 1.07549 1.2769 1.32193 1.23934 1.03266 1.00199 0.999958 0.999958 1.00199 1.03266 
1.58356 1.06791 1.00291 0.999969 0.999969 1.00291 1.06868 1.58859 3.1257 1.60154 1.08125 1.00627 1.00611 1.08016 1.59737 3.11781 7.52428 9.55098 5.89339 2.63326 2.63326 5.89339 9.57288 7.5391 4.01284 10.9381 18.4797 20.6778 20.6875 18.4926 10.9246 4.00471 1.16762 0.976911 1.00883 1.04819 1.04714 1.00891 0.977621 1.16807 0.985791 1.02004 1.00495 1.00028 1.00028 1.00495 1.01973 0.985797 0.995727 0.998554 0.999867 1.00004 1.00004 0.999867 0.998554 
1.58859 1.06868 1.003 0.999981 0.999969 1.00291 1.06791 1.58356 3.11781 1.59737 1.08016 1.00611 1.00611 1.08016 1.60154 3.1257 7.5391 9.57288 5.90092 2.62609 2.62609 5.90092 9.57288 7.5391 4.00471 10.9246 18.4926 20.6875 20.6778 18.4797 10.9381 4.01284 1.16807 0.977621 1.00891 1.04714 1.04714 1.00891 0.977621 1.16807 0.985797 1.01973 1.00479 1.00028 1.00028 1.00495 1.02004 0.985791 0.995727 0.998554 0.999867 1.00004 1.00004 0.999873 0.998598 
2.09234 1.16443 1.00984 0.999925 0.999868 1.00935 1.16175 2.07963 4.34772 2.26755 1.24691 1.03214 1.03214 1.24691 2.2785 4.35948 9.51349 12.2536 8.09784 4.35024 4.35024 8.09784 12.2536 9.51349 4.96806 11.0958 17.5165 20.4916 20.4742 17.4973 11.1175 4.9815 1.39629 1.0607 1.2113 1.36797 1.36797 1.2113 1.0607 1.39629 1.32193 1.2769 1.07433 1.00937 1.00947 1.07549 1.27788 1.32199 1.23934 1.03266 1.00199 0.999958 0.99996 1.00201 1.03278 
2.53206 1.25267 1.01846 1.00009 1 1.01778 1.24906 2.51509 5.39373 2.74983 1.36193 1.05316 1.05316 1.36193 2.76439 5.40571 11.7983 14.8597 11.1254 7.3082 7.3082 11.1254 14.8597 11.7983 7.16237 12.7492 18.0218 20.9171 20.8984 18.006 12.7666 7.17635 2.68141 2.157 2.33765 2.53654 2.53654 2.33765 2.157 2.68141 2.35556 2.16791 1.46522 1.0934 1.09418 1.46985 2.1688 2.35699 2.06379 1.22554 1.0198 1.00075 1.00075 1.01976 1.22532 
2.51428 1.23844 1.01704 1.00021 1.00015 1.01653 1.23505 2.49356 5.48555 2.63073 1.31392 1.04162 1.04162 1.31392 2.63673 5.47153 13.3132 15.7331 14.0804 11.8666 11.8666 14.0804 15.7331 13.3132 10.5093 15.3808 19.0474 21.2007 21.0628 18.8786 15.227 10.3739 5.34864 4.98196 5.70267 5.81428 5.81428 5.70267 4.98196 5.34864 4.54374 4.11378 2.5502 1.47684 1.47119 2.49231 4.04314 4.459 3.67938 1.71217 1.0893 1.00596 1.00607 1.09075 1.7238 
4.25286 1.59433 1.05784 1.00253 1.0025 1.05741 1.59169 4.24793 9.69231 4.05411 1.59327 1.07162 1.07162 1.59327 4.05411 9.69231 22.4592 26.3711 27.2452 27.0455 27.0455 27.2452 26.3711 22.4592 23.2911 26.4844 29.1094 30.1621 30.2634 29.2486 26.6279 23.414 21.4219 23.2294 23.4758 23.6269 23.6269 23.4758 23.2294 21.4219 15.7018 13.6969 8.38398 4.2582 4.25775 8.38279 13.7641 15.968 10.8856 4.19167 1.63805 1.07677 1.07687 1.63761 4.18289 
4.63822 1.67743 1.06789 1.00286 1.00282 1.06733 1.67346 4.62485 10.6202 4.39042 1.66364 1.08171 1.08171 1.66364 4.39042 10.6202 25.236 29.9719 31.8642 32.1698 32.1698 31.8642 29.9719 25.236 27.4867 28.6327 30.3575 31.7474 31.7662 30.3691 28.6077 27.4752 27.7611 29.8411 30.5369 30.7224 30.7224 30.5369 29.8411 27.7611 19.3857 16.7116 10.4713 5.49253 5.49179 10.4709 16.741 19.5003 13.0364 4.94515 1.84434 1.11446 1.11562 1.84889 4.95923 
4.74376 1.69624 1.07001 1.00305 1.00301 1.06944 1.69228 4.73076 10.9894 4.50218 1.68375 1.08422 1.08422 1.68375 4.50218 10.9894 26.4662 31.4298 33.641 34.1222 34.1222 33.641 31.4298 26.4662 30.1734 30.4071 31.5141 32.7692 32.7866 31.5147 30.393 30.1623 30.6294 32.9258 33.728 33.9127 33.9127 33.728 32.9258 30.6294 21.3332 18.2677 11.3872 5.97255 5.9717 11.3867 18.3101 21.4674 14.387 5.43639 1.95515 1.13157 1.13296 1.96049 5.45238 
4.72283 1.67422 1.06427 1.00268 1.00265 1.06392 1.67183 4.71696 11.2194 4.53446 1.67101 1.0776 1.0776 1.67101 4.53446 11.2194 26.9741 31.9028 34.0804 34.5959 34.5959 34.0804 31.9028 26.9741 31.8231 31.9237 32.7272 33.6686 33.6773 32.726 31.9182 31.8166 31.4186 33.6231 34.467 34.6533 34.6533 34.467 33.6231 31.4186 22.1142 18.9168 11.6394 6.05754 6.0567 11.6384 18.9448 22.2244 14.962 5.5461 1.95129 1.1237 1.12468 1.95474 5.55619 
4.71696 1.67183 1.06392 1.00265 1.00265 1.06392 1.67183 4.71696 11.0576 4.55598 1.68025 1.08024 1.08024 1.68025 4.55598 11.0576 26.8616 31.8889 34.0812 34.5969 34.5959 34.0804 31.9028 26.9741 31.8166 31.9182 32.726 33.6773 33.6773 32.726 31.9182 31.8166 31.3692 33.6318 34.4671 34.6531 34.6533 34.467 33.6231 31.4186 22.2244 18.9448 11.6299 6.04385 6.03127 11.6299 18.9448 22.2244 14.962 5.5461 1.95129 1.1237 1.1237 1.95129 5.5461 
4.73076 1.69228 1.06944 1.00301 1.00301 1.06944 1.69228 4.73076 10.8449 4.53835 1.70055 1.08837 1.08837 1.70055 4.53835 10.8449 26.3473 31.3952 33.6404 34.1237 34.1222 33.641 31.4298 26.4662 30.1623 30.393 31.5147 32.7866 32.7866 31.5147 30.393 30.1623 30.5813 32.9305 33.7304 33.9136 33.9127 33.728 32.9258 30.6294 21.4674 18.3101 11.3775 5.9535 5.93775 11.3775 18.3101 21.4674 14.387 5.43639 1.95515 1.13157 1.13157 1.95515 5.43639 
4.62485 1.67346 1.06733 1.00282 1.00282 1.06733 1.67346 4.62485 10.4898 4.4276 1.68069 1.08584 1.08584 1.68069 4.4276 10.4898 25.147 29.9157 31.8549 32.1637 32.1698 31.8642 29.9719 25.236 27.4752 28.6077 30.3691 31.7662 31.7662 30.3691 28.6077 27.4752 27.7407 29.8649 30.5608 30.7376 30.7224 30.5369 29.8411 27.7611 19.5003 16.741 10.4685 5.47618 5.4658 10.4685 16.741 19.5003 13.0364 4.94515 1.84434 1.11446 1.11446 1.84434 4.94515 
4.24793 1.59169 1.05741 1.0025 1.0025 1.05741 1.59169 4.24793 9.62738 4.09623 1.61028 1.07535 1.07535 1.61028 4.09623 9.62738 22.6278 26.6069 27.3428 27.1577 27.0455 27.2452 26.3711 22.4592 23.414 26.6279 29.2486 30.2634 30.2634 29.2486 26.6279 23.414 21.3925 23.2381 23.4785 23.6309 23.6269 23.4758 23.2294 21.4219 15.968 13.7641 8.4146 4.26817 4.27777 8.4146 13.7641 15.968 10.8856 4.19167 1.63805 1.07677 1.07677 1.63805 4.19167 
5.08365 1.73607 1.06688 1.00265 1.00265 1.06688 1.73607 5.08365 12.3446 4.8608 1.7388 1.08525 1.08474 1.73566 4.8608 12.3446 27.6396 31.3035 32.9053 33.3139 33.3139 32.9053 31.3035 27.6396 31.8232 33.9127 34.4825 34.3807 34.3804 34.4816 33.9125 31.8231 27.8992 30.551 31.6037 31.8429 31.6279 31.4249 30.5756 27.8876 20.7555 17.1998 10.9095 6.03702 6.08345 10.9095 17.1998 20.7555 14.259 6.14727 2.26943 1.24962 1.24962 2.26943 6.14727 
4.95817 1.68767 1.05794 1.00201 1.00201 1.05794 1.68767 4.95817 12.5449 4.72879 1.66627 1.06526 1.06518 1.66421 4.72879 12.5449 28.448 32.0809 33.7128 34.2395 34.2395 33.7128 32.0809 28.448 32.8051 34.2605 34.6488 34.6738 34.6738 34.6487 34.2608 32.8034 30.2642 32.4269 33.2661 33.5925 33.5493 33.2332 32.398 30.2104 23.3804 18.7158 11.4245 6.14472 6.21638 11.4245 18.7158 23.3804 15.3964 6.37102 2.29527 1.25498 1.25498 2.29527 6.37102 
4.94453 1.68251 1.0572 1.00208 1.00208 1.0572 1.68251 4.94453 12.6007 4.71735 1.66017 1.06394 1.06395 1.65848 4.71735 12.6007 28.7832 32.4064 34.0556 34.6028 34.6028 34.0556 32.4064 28.7832 33.3779 34.4232 34.7592 34.8423 34.8423 34.7593 34.4236 33.3768 31.2776 33.4744 34.2792 34.5579 34.5418 34.2741 33.4548 31.2301 24.1467 19.087 11.5071 6.13848 6.20628 11.5071 19.087 24.1467 15.8646 6.43086 2.29471 1.24949 1.24949 2.29471 6.43086 
4.93649 1.6802 1.05729 1.0021 1.0021 1.05729 1.6802 4.93649 12.6096 4.71387 1.65827 1.06381 1.0638 1.65655 4.71387 12.6096 28.9027 32.5287 34.1879 34.6855 34.6855 34.1879 32.5287 28.9027 33.6736 34.5435 34.8189 34.9139 34.9139 34.819 34.5437 33.6725 31.7038 33.8654 34.6223 34.8294 34.8282 34.6287 33.8542 31.6744 24.5313 19.3145 11.4239 5.99379 6.03196 11.4239 19.3145 24.5313 16.1803 6.35263 2.22934 1.21036 1.21036 2.22934 6.35263 
4.94323 1.68166 1.05742 1.00211 1.0021 1.05729 1.6802 4.93649 12.6126 4.69221 1.65655 1.0638 1.0638 1.65655 4.69221 12.6126 28.8114 32.5301 34.1803 34.6813 34.6855 34.1879 32.5287 28.9027 33.6725 34.5437 34.819 34.9139 34.9139 34.819 34.5437 33.6725 31.6744 33.8542 34.6287 34.8282 34.8294 34.6223 33.8178 31.6739 24.5375 19.3921 11.461 6.01185 5.99379 11.4239 19.3145 24.5313 16.1803 6.35263 2.22934 1.21036 1.20806 2.22086 6.35219 
4.95219 1.68395 1.05731 1.00208 1.00208 1.0572 1.68251 4.94453 12.6048 4.69355 1.65848 1.06395 1.06395 1.65848 4.69355 12.6048 28.6983 32.4054 34.0434 34.5962 34.6028 34.0556 32.4064 28.7832 33.3768 34.4236 34.7593 34.8423 34.8423 34.7593 34.4236 33.3768 31.2301 33.4548 34.2741 34.5418 34.5579 34.2792 33.3992 31.2106 24.1638 19.202 11.5575 6.17156 6.13848 11.5071 19.087 24.1467 15.8646 6.43086 2.29471 1.24949 1.24554 2.2812 6.4304 
4.96654 1.68927 1.05806 1.00202 1.00201 1.05794 1.68767 4.95817 12.5496 4.7034 1.66421 1.06518 1.06518 1.66421 4.7034 12.5496 28.3692 32.0777 33.6978 34.2299 34.2395 33.7128 32.0809 28.448 32.8034 34.2608 34.6487 34.6738 34.6738 34.6487 34.2608 32.8034 30.2104 32.398 33.2332 33.5493 33.5925 33.2661 32.3459 30.1905 23.4035 18.8349 11.4802 6.17968 6.14472 11.4245 18.7158 23.3804 15.3964 6.37102 2.29527 1.25498 1.25085 2.28137 6.37042 
5.10333 1.73976 1.06725 1.00267 1.00265 1.06688 1.73607 5.08365 12.4008 4.84456 1.73566 1.08474 1.08474 1.73566 4.84456 12.4008 27.6233 31.3486 32.938 33.3555 33.3139 32.9053 31.3035 27.6396 31.8231 33.9125 34.4816 34.3804 34.3804 34.4816 33.9125 31.8231 27.8876 30.5756 31.4249 31.6279 31.8429 31.6037 30.6106 27.9206 20.7409 17.284 10.9504 6.06423 6.03702 10.9095 17.1998 20.7555 14.259 6.14727 2.26943 1.24962 1.24666 2.26039 6.14682 
6.523 2.29747 1.17328 1.01082 1.01081 1.17318 2.29551 6.50547 13.6512 6.29825 2.28322 1.26043 1.26043 2.28322 6.29825 13.6512 28.7227 32.1604 33.9422 34.3249 34.3261 33.9442 32.1571 28.7502 30.375 33.1886 33.7686 33.4419 33.4419 33.7675 33.1886 30.375 25.2009 29.4351 30.7902 31.0649 31.132 30.8761 29.5031 25.265 13.6789 13.6879 11.3628 8.8773 8.95049 11.3557 13.6183 13.5567 9.12666 5.75493 2.89325 1.57768 1.5654 2.86179 5.74369 
5.62843 1.96861 1.11409 1.00605 1.00599 1.11319 1.96126 5.59246 12.5546 5.4665 1.9866 1.17798 1.17798 1.9866 5.4665 12.5546 29.175 32.5454 34.2729 34.6829 34.6801 34.2672 32.5391 29.2172 31.6986 33.7048 34.2395 34.267 34.267 34.2394 33.7048 31.6986 27.9682 32.2103 33.4633 33.6641 33.6559 33.4558 32.1769 27.9526 15.0383 14.2738 12.8778 11.3911 11.4984 12.8866 14.2011 14.9462 10.5714 7.10072 3.6161 1.87249 1.85169 3.56404 7.06698 
5.2707 1.84202 1.09382 1.00463 1.00458 1.09298 1.83507 5.23678 12.2064 5.18506 1.89601 1.15592 1.15592 1.89601 5.18506 12.2064 29.3679 32.7537 34.4094 34.8041 34.8029 34.4055 32.7446 29.4076 32.5244 34.0423 34.514 34.6444 34.6444 34.5138 34.0423 32.5244 29.3092 33.2052 34.3998 34.6396 34.6408 34.4023 33.1847 29.3066 16.5188 15.1051 13.4135 11.4931 11.6017 13.4195 15.0335 16.4275 11.7317 7.9281 3.92393 1.94355 1.92232 3.86882 7.89422 
5.11476 1.78328 1.07993 1.00365 1.00363 1.07951 1.77937 5.09492 12.2075 5.06779 1.84164 1.13279 1.13279 1.84164 5.06779 12.2075 29.4617 32.8477 34.4481 34.8339 34.8331 34.4448 32.8374 29.4841 32.998 34.3025 34.6973 34.8261 34.8261 34.6972 34.3025 32.998 29.9788 33.5 34.6335 34.8536 34.8544 34.6357 33.4886 29.9791 18.5177 15.9324 13.4297 10.3096 10.3779 13.4374 15.8739 18.4836 12.73 7.60946 3.29954 1.69561 1.68461 3.26985 7.57617 
5.09492 1.77937 1.07951 1.00363 1.00363 1.07951 1.77937 5.09492 12.3082 5.07529 1.84802 1.1345 1.13279 1.84164 5.06779 12.2075 29.4617 32.8477 34.4448 34.8331 34.8331 34.4448 32.8477 29.4617 32.999 34.3022 34.6972 34.8261 34.8261 34.6973 34.3025 32.998 30.0105 33.5007 34.6313 34.8528 34.8543 34.6337 33.498 30.0727 18.4836 15.8739 13.4374 10.3779 10.3779 13.4374 15.8739 18.4836 12.73 7.60946 3.29954 1.69561 1.69561 3.29954 7.60946 
5.23678 1.83507 1.09298 1.00458 1.00458 1.09298 1.83507 5.23678 12.3127 5.20248 1.90617 1.15897 1.15592 1.89601 5.18506 12.2064 29.3679 32.7537 34.4055 34.8029 34.8029 34.4055 32.7537 29.3679 32.5254 34.0419 34.5138 34.6444 34.6444 34.514 34.0423 32.5244 29.3578 33.21 34.3983 34.6389 34.6418 34.403 33.211 29.4279 16.4275 15.0335 13.4195 11.6017 11.6017 13.4195 15.0335 16.4275 11.7317 7.9281 3.92393 1.94355 1.94355 3.92393 7.9281 
5.59246 1.96126 1.11319 1.00599 1.00599 1.11319 1.96126 5.59246 12.6571 5.48452 1.99753 1.18131 1.17798 1.9866 5.4665 12.5546 29.175 32.5454 34.2672 34.6801 34.6801 34.2672 32.5454 29.175 31.6998 33.7045 34.2394 34.267 34.267 34.2395 33.7048 31.6986 28.0213 32.2187 33.4674 33.6731 33.6735 33.4659 32.2147 28.0872 14.9462 14.2011 12.8866 11.4984 11.4984 12.8866 14.2011 14.9462 10.5714 7.10072 3.6161 1.87249 1.87249 3.6161 7.10072 
6.50547 2.29551 1.17318 1.01081 1.01081 1.17318 2.29551 6.50547 13.7561 6.32109 2.29709 1.26453 1.26043 2.28322 6.29825 13.6512 28.7227 32.1604 33.9442 34.3261 34.3261 33.9442 32.1604 28.7227 30.3744 33.1864 33.7675 33.4404 33.4419 33.7686 33.1886 30.375 25.2115 29.4095 30.7632 31.0263 30.9738 30.6776 29.329 25.2458 13.5567 13.6183 11.3557 8.95049 8.95049 11.3557 13.6183 13.5567 9.12666 5.75493 2.89325 1.57768 1.57768 2.89325 5.75493 
9.22312 3.36505 1.41647 1.03776 1.03786 1.4177 3.3741 9.25444 16.9256 8.69163 3.34696 1.59937 1.59108 3.33053 8.69374 16.8428 27.4317 31.5227 33.0104 33.3682 33.3564 32.9866 31.5573 27.6179 23.1868 25.8775 26.5801 26.5183 26.5135 26.5755 25.8734 23.1809 19.1686 22.1787 23.0563 23.3838 23.3787 23.0552 21.9269 18.8722 11.2891 12.9193 8.79625 4.53671 4.53671 8.79625 12.9193 11.2891 6.06366 2.58701 1.38265 1.06257 1.06257 1.38265 2.58701 
10.3018 3.73201 1.5012 1.04721 1.04718 1.50157 3.73688 10.3207 18.9874 9.80592 3.78094 1.75003 1.7391 3.75889 9.80394 18.9016 29.535 32.9387 34.0747 34.3767 34.3752 34.0674 32.8474 29.5786 25.4937 27.5112 28.439 29.1034 29.1037 28.4398 27.5119 25.4941 21.1895 26.5358 28.9987 29.7727 29.7724 29.0009 26.5368 21.1901 11.3284 14.2818 9.48824 4.54395 4.54395 9.48824 14.2818 11.3284 5.28377 1.9854 1.13228 1.01047 1.01047 1.13228 1.9854 
10.9414 3.9573 1.54805 1.05255 1.05249 1.54829 3.96235 10.9601 19.9563 10.2902 3.92472 1.78865 1.77743 3.90418 10.2967 19.8737 30.8432 33.7395 34.6021 34.8228 34.8211 34.5984 33.6855 30.9116 27.0319 29.0698 30.1677 31.1471 31.1471 30.1677 29.0696 27.0319 22.5182 29.1118 32.2519 33.1795 33.1799 32.2553 29.1092 22.5235 11.229 14.8165 9.68068 4.59463 4.59463 9.68068 14.8165 11.229 4.69962 1.70986 1.0684 1.00314 1.00314 1.0684 1.70986 
11.0759 3.98705 1.55339 1.05371 1.05363 1.55341 3.99012 11.0824 20.2681 10.4017 3.91418 1.75643 1.74895 3.90421 10.4227 20.1886 31.3437 33.9621 34.7342 34.9152 34.9147 34.7333 33.936 31.4185 28.2738 30.6504 31.822 32.7677 32.7678 31.8224 30.6506 28.2742 23.0842 30.0958 33.3085 34.1353 34.1353 33.3115 30.1029 23.0681 11.2626 15.0243 9.76941 4.63098 4.63098 9.76941 15.0243 11.2626 4.58415 1.66813 1.06275 1.00266 1.00266 1.06275 1.66813 
11.0824 3.99012 1.55341 1.05363 1.05363 1.55341 3.98705 11.0759 20.1886 10.4227 3.90421 1.74895 1.74895 3.90421 10.4227 20.1886 31.3437 33.9621 34.7342 34.9152 34.9152 34.7342 33.9621 31.3437 28.2742 30.6506 31.8224 32.7678 32.7677 31.822 30.6504 28.2738 23.0681 30.1029 33.3042 34.1258 34.126 33.3042 30.1029 23.0681 11.2617 15.0238 9.77154 4.63077 4.63098 9.76941 15.0243 11.2626 4.58487 1.66813 1.06275 1.00266 1.00265 1.06271 1.66813 
10.9601 3.96235 1.54829 1.05249 1.05249 1.54829 3.9573 10.9414 19.8737 10.2967 3.90418 1.77743 1.77743 3.90418 10.2967 19.8737 30.8432 33.7395 34.6021 34.8228 34.8228 34.6021 33.7395 30.8432 27.0319 29.0696 30.1677 31.1471 31.1471 30.1677 29.0698 27.0319 22.5235 29.1092 32.2342 33.1635 33.163 32.2342 29.1092 22.5235 11.2277 14.8138 9.68438 4.59606 4.59463 9.68068 14.8165 11.229 4.70094 1.70986 1.0684 1.00314 1.00313 1.06829 1.70986 
10.3207 3.73688 1.50157 1.04718 1.04718 1.50157 3.73201 10.3018 18.9016 9.80394 3.75889 1.7391 1.7391 3.75889 9.80394 18.9016 29.535 32.9387 34.0747 34.3767 34.3767 34.0747 32.9387 29.535 25.4941 27.5119 28.4398 29.1037 29.1034 28.439 27.5112 25.4937 21.1901 26.5368 29.0029 29.7815 29.7808 29.0028 26.5368 21.1901 11.3275 14.2797 9.49508 4.55222 4.54395 9.48824 14.2818 11.3284 5.28738 1.9854 1.13228 1.01047 1.01035 1.13146 1.98544 
9.25444 3.3741 1.4177 1.03786 1.03786 1.4177 3.36505 9.22312 16.8428 8.69374 3.33053 1.59108 1.59108 3.33053 8.69374 16.8428 27.4317 31.5227 33.0104 33.3682 33.3682 33.0104 31.5227 27.4317 23.1809 25.8734 26.5755 26.5135 26.5183 26.5801 25.8775 23.1868 18.8722 21.9269 22.789 23.1227 23.1193 22.7851 21.9269 18.8722 11.2896 12.9097 8.88613 4.63613 4.53671 8.79625 12.9193 11.2891 6.104 2.58701 1.38265 1.06257 1.0602 1.37095 2.58641 
8.41972 3.22234 1.43468 1.04987 1.04987 1.43468 3.21185 8.39974 14.6155 7.92956 3.08404 1.47969 1.47969 3.08404 7.92956 14.6155 21.3864 26.7073 28.3 28.7493 28.7493 28.3 26.7073 21.3864 9.30159 10.8582 11.0646 11.0635 11.0635 11.0646 10.8582 9.30159 6.70981 7.66172 7.56739 7.43528 7.14476 7.24742 7.34718 6.47014 4.70526 5.63862 3.68729 1.80002 1.81162 3.71837 5.6759 4.80192 2.28575 1.1555 1.00488 0.999532 0.999532 1.00488 1.1555 
9.71406 3.64578 1.53107 1.0654 1.0654 1.53107 3.63974 9.72288 16.5317 9.30921 3.55143 1.61346 1.61346 3.55143 9.30921 16.5317 22.438 29.4236 31.8798 32.4406 32.4406 31.8798 29.4236 22.438 6.19488 7.80958 7.62498 6.86483 6.86483 7.62498 7.80958 6.19488 3.38571 4.20112 4.232 3.83402 3.84026 4.23654 4.20549 3.38851 1.97349 2.41184 1.61967 1.10954 1.10908 1.61728 2.415 1.97213 1.25242 1.02392 1.00052 0.999753 0.999753 1.00052 1.02392 
10.2795 3.83182 1.56885 1.06958 1.06958 1.56885 3.82583 10.29 17.3941 9.94155 3.73999 1.66109 1.66109 3.73999 9.94155 17.3941 22.7511 30.5295 33.3836 34.0153 34.0153 33.3836 30.5295 22.7511 3.60742 4.78354 4.49019 3.5385 3.5385 4.49019 4.78354 3.60742 1.72464 2.12037 2.15058 1.90213 1.90262 2.15015 2.11989 1.72379 1.14793 1.23978 1.07629 1.00764 1.00762 1.07617 1.24138 1.14758 1.03778 1.0034 1.00007 0.999947 0.999947 1.00007 1.0034 
10.3826 3.84782 1.55424 1.06242 1.06242 1.55424 3.84432 10.392 17.5598 10.0547 3.76499 1.66455 1.66455 3.76499 10.0547 17.5598 22.8333 30.8621 33.7913 34.42 34.42 33.7913 30.8621 22.8333 2.14965 2.6572 2.50278 2.02139 2.02139 2.50278 2.6572 2.14965 1.36859 1.52075 1.5423 1.46492 1.46502 1.5422 1.5206 1.36838 1.02884 1.02039 1.00452 1.00003 1.00004 1.00453 1.02032 1.02866 0.995872 0.999022 0.999982 1.00002 1.00002 0.999982 0.999022 
10.392 3.84432 1.55276 1.06201 1.06242 1.55424 3.84432 10.392 17.5237 10.0659 3.76136 1.66596 1.66455 3.76499 10.0547 17.5598 22.8333 30.8621 33.7913 34.42 34.4249 33.7992 30.8853 22.601 2.14963 2.65719 2.50278 2.02135 2.02139 2.50278 2.6572 2.14965 1.36838 1.5206 1.5422 1.46502 1.46502 1.5422 1.5206 1.36838 1.02884 1.02039 1.00452 1.00003 1.00003 1.00452 1.02039 1.02884 0.995872 0.999022 0.999982 1.00002 1.00002 0.999983 0.999019 
10.29 3.82583 1.56648 1.06891 1.06958 1.56885 3.82583 10.29 17.3545 9.96031 3.74025 1.66428 1.66109 3.73999 9.94155 17.3941 22.7511 30.5295 33.3836 34.0153 34.0263 33.4042 30.5647 22.5383 3.60725 4.78321 4.48995 3.53844 3.5385 4.49019 4.78354 3.60742 1.72379 2.11989 2.15015 1.90262 1.90262 2.15015 2.11989 1.72379 1.14793 1.23978 1.07629 1.00764 1.00764 1.07629 1.23978 1.14793 1.03778 1.0034 1.00007 0.999947 0.999947 1.00006 1.00339 
9.72288 3.63974 1.52871 1.06476 1.0654 1.53107 3.63974 9.72288 16.5065 9.34332 3.55619 1.61747 1.61346 3.55143 9.30921 16.5317 22.438 29.4236 31.8798 32.4406 32.4648 31.9265 29.4774 22.2815 6.19509 7.81016 7.62553 6.8651 6.86483 7.62498 7.80958 6.19488 3.38851 4.20549 4.23654 3.84026 3.84026 4.23654 4.20549 3.38851 1.97349 2.41184 1.61967 1.10954 1.10954 1.61967 2.41184 1.97349 1.25242 1.02392 1.00052 0.999753 0.999756 1.00053 1.02385 
8.39974 3.21185 1.43215 1.04935 1.04987 1.43468 3.21185 8.39974 14.4963 7.91499 3.07724 1.48166 1.47969 3.08404 7.92956 14.6155 21.3864 26.7073 28.3 28.7493 28.7804 28.3523 26.756 21.307 9.29831 10.8538 11.0596 10.9087 11.0635 11.0646 10.8582 9.30159 6.47014 7.34718 7.24742 7.14476 7.14476 7.24742 7.34718 6.47014 4.70526 5.63862 3.68729 1.80002 1.80002 3.68729 5.63862 4.70526 2.28575 1.1555 1.00488 0.999532 0.999597 1.00519 1.15543 
2.72877 1.36324 1.04871 1.00373 1.00373 1.04853 1.36093 2.71158 5.0287 2.65511 1.36636 1.04729 1.04729 1.36636 2.65511 5.0287 10.7361 13.9504 14.9973 15.1459 15.1459 14.9973 14.0413 10.7947 2.65489 2.95084 2.96367 3.13426 3.11348 2.94464 2.93167 2.6404 2.43227 2.80495 2.88565 2.82196 2.82196 2.88565 2.80495 2.43227 1.6671 2.12632 1.48654 1.08067 1.08067 1.48654 2.12632 1.6671 1.08286 1.00673 1.00016 0.999977 0.999977 1.00016 1.00673 
1.39962 1.06686 1.00721 1.00029 1.0003 1.00731 1.06738 1.40013 2.26227 1.38806 1.05585 1.00448 1.00448 1.05585 1.38806 2.26227 4.69222 6.13371 6.31513 6.10918 6.10918 6.31513 6.07516 4.65152 1.23883 1.2695 1.28336 1.35456 1.35282 1.28141 1.26766 1.23741 1.18938 1.24049 1.24283 1.24235 1.24235 1.24283 1.24049 1.18938 1.07439 1.16115 1.05156 1.00529 1.00529 1.05156 1.16115 1.07439 1.00829 1.00042 0.999845 0.999894 0.999894 0.999845 1.00042 
1.049 1.00634 1.00049 0.99993 0.99993 1.0005 1.00638 1.04913 1.20365 1.04215 1.00366 0.999937 0.999937 1.00366 1.04215 1.20365 2.00833 2.48426 2.46014 2.30847 2.30847 2.46014 2.46178 1.99412 1.01882 1.01833 1.02148 1.03137 1.03137 1.02148 1.01832 1.01881 1.00895 1.00989 1.00625 1.00829 1.00829 1.00625 1.00989 1.00895 1.00394 1.01084 1.00246 0.99998 0.99998 1.00246 1.01084 1.00394 1.00051 0.999937 0.999988 1 1 0.999988 0.999937 
1.00384 1.0003 0.999906 0.999982 0.999982 0.999906 1.00031 1.00385 1.01888 1.0021 0.999895 0.999934 0.999934 0.999895 1.0021 1.01888 1.22165 1.36186 1.33649 1.26409 1.26409 1.33649 1.35514 1.21772 1.00203 1.00217 1.00239 1.00281 1.00281 1.00239 1.00217 1.00203 0.999896 0.998836 0.997965 0.998832 0.998832 0.997965 0.998836 0.999896 1.00004 1.00005 0.999946 0.999952 0.999952 0.999946 1.00005 1.00004 1.00005 0.999985 1 1 1 1 0.999985 
1.00385 1.00031 0.999906 0.999982 0.999982 0.999906 1.00031 1.00385 1.01901 1.00211 0.999895 0.999934 0.999934 0.999895 1.0021 1.01888 1.22165 1.36186 1.33649 1.26409 1.26774 1.34279 1.36186 1.22165 1.00203 1.00217 1.00239 1.00281 1.00281 1.00239 1.00217 1.00203 0.999856 0.99873 0.997823 0.998761 0.998832 0.997965 0.998836 0.999896 1.00004 1.00005 0.999946 0.999952 0.999952 0.999946 1.00005 1.00005 1.00005 0.999985 1 1 1 1 0.999985 
1.04913 1.00638 1.0005 0.99993 0.99993 1.0005 1.00638 1.04913 1.20413 1.04217 1.00366 0.999938 0.999937 1.00366 1.04215 1.20365 2.00833 2.48426 2.46014 2.30847 2.32093 2.48067 2.48426 2.00833 1.01881 1.01832 1.02148 1.03137 1.03137 1.02148 1.01833 1.01882 1.00851 1.00884 1.00505 1.00761 1.00829 1.00625 1.00989 1.00895 1.00394 1.01084 1.00246 0.99998 0.999976 1.00246 1.01081 1.00396 1.00051 0.999937 0.999988 1 1 0.999988 0.999937 
1.40013 1.06738 1.00731 1.0003 1.0003 1.00731 1.06738 1.40013 2.27168 1.39067 1.05599 1.00451 1.00448 1.05585 1.38806 2.26227 4.69222 6.13371 6.31513 6.10918 6.14534 6.36877 6.13371 4.69222 1.23741 1.26766 1.28141 1.35282 1.35456 1.28336 1.2695 1.23883 1.18566 1.23275 1.23406 1.23774 1.24235 1.24283 1.24049 1.18938 1.07439 1.16115 1.05156 1.00529 1.00523 1.05164 1.16038 1.07417 1.00829 1.00042 0.999845 0.999894 0.999894 0.999846 1.00043 
2.71158 1.36093 1.04853 1.00373 1.00373 1.04853 1.36093 2.71158 4.93517 2.61675 1.35947 1.04606 1.04729 1.36636 2.65511 5.0287 10.7361 13.9504 14.9973 15.1459 15.0483 14.8979 13.9504 10.7361 2.6404 2.93167 2.94464 3.11348 3.13426 2.96367 2.95084 2.65489 2.39422 2.751 2.83148 2.78043 2.82196 2.88565 2.80495 2.43227 1.6671 2.12632 1.48654 1.08067 1.07796 1.48023 2.11281 1.65692 1.08286 1.00673 1.00016 0.999977 0.999976 1.00014 1.00653 
1.45483 1.07225 1.00768 1.00057 1.00057 1.00768 1.07225 1.45483 2.41948 1.467 1.07303 1.00735 1.00738 1.07346 1.46967 2.42601 3.68343 4.58096 4.99366 5.32401 5.32401 4.99366 4.58096 3.68343 1.43623 1.59126 1.55717 1.39646 1.39646 1.55717 1.59126 1.43623 1.3071 1.50449 1.51721 1.41804 1.41246 1.50648 1.49476 1.30354 1.07628 1.17471 1.05419 1.00684 1.00684 1.0539 1.17476 1.07631 1.00686 1.00039 1.00003 1.00009 1.00009 1.00003 1.00039 
1.07587 1.00938 1.00076 0.999949 0.999949 1.00076 1.00938 1.07587 1.27063 1.06627 1.00718 1.00039 1.0004 1.00726 1.06703 1.27271 1.73432 2.04877 2.13748 2.1496 2.1496 2.13748 2.04877 1.73432 1.06096 1.09305 1.0832 1.04627 1.04627 1.0832 1.09305 1.06096 1.03355 1.07299 1.0797 1.05254 1.05151 1.07758 1.0712 1.03295 1.00494 1.01306 1.00286 1.00012 1.00012 1.00282 1.01306 1.00494 1.00058 0.999987 0.999986 0.999997 0.999997 0.999986 0.999987 
1.00805 1.00076 0.999929 0.999973 0.999973 0.999929 1.00076 1.00805 1.03189 1.00569 1.00035 0.999891 0.999892 1.00036 1.0058 1.03227 1.11047 1.17075 1.17996 1.17944 1.17944 1.17996 1.17075 1.11047 1.0044 1.00747 1.00644 1.00281 1.00281 1.00644 1.00747 1.0044 1.00201 1.00563 1.00689 1.0039 1.00378 1.00663 1.00543 1.00195 1.00018 1.00039 1.00001 0.999936 0.999936 1.00001 1.00039 1.00018 1.00006 0.999987 1 1 1 1 0.999987 
1.0006 0.999948 0.999974 0.999999 0.999999 0.999974 0.999948 1.0006 1.00201 1.00012 0.999941 0.999985 0.999985 0.999941 1.00014 1.00205 1.01157 1.01911 1.01867 1.01769 1.01769 1.01867 1.01911 1.01157 1.00026 1.00023 1.00027 1.00008 1.00008 1.00027 1.00023 1.00026 1.00012 1.00008 1.00027 1.00012 1.00011 1.00025 1.00007 1.00012 0.999974 0.999839 0.999966 0.999996 0.999996 0.999967 0.999839 0.999974 1.00009 0.999998 1 1 1 1 0.999998 
0 0 0 0 0.999999 0.999974 0.999948 1.0006 1.00205 1.00014 0.999941 0.999985 0.999985 0.999941 1.00012 1.00201 1.01157 1.01911 1.01867 1.01769 1.01736 1.01829 1.01874 1.01137 1.00026 1.00022 1.00026 1.00008 1.00008 1.00027 1.00023 1.00026 1.00012 1.00007 1.00025 1.00011 1.00012 1.00027 1.00008 1.00012 0.999974 0.999839 0.999967 0.999996 0.999996 0.999966 0.999839 0.999974 1.00009 0.999998 1 1 0 0 0 
0 0 0 0 0.999973 0.999929 1.00076 1.00805 1.03227 1.0058 1.00036 0.999892 0.999891 1.00035 1.00569 1.03189 1.11047 1.17075 1.17996 1.17944 1.17719 1.17714 1.16821 1.10904 1.00441 1.0073 1.00628 1.00274 1.00281 1.00644 1.00747 1.0044 1.00195 1.00543 1.00663 1.00378 1.0039 1.00689 1.00563 1.00201 1.00018 1.00039 1.00001 0.999936 0.999936 1.00001 1.00039 1.00018 1.00006 0.999987 1 1 0 0 0 
0 0 0 0 0.999949 1.00076 1.00938 1.07587 1.27271 1.06703 1.00726 1.0004 1.00039 1.00718 1.06627 1.27063 1.73432 2.04877 2.13748 2.1496 2.14166 2.12901 2.04188 1.73012 1.06093 1.09149 1.08179 1.04562 1.04627 1.0832 1.09305 1.06096 1.03295 1.0712 1.07758 1.05151 1.05254 1.0797 1.07299 1.03355 1.00494 1.01306 1.00282 1.00012 1.00012 1.00286 1.01306 1.00494 1.00058 0.999987 0.999986 0.999997 0 0 0 
