0 0 0 0 1.00005 1.00082 1.00646 1.04164 1.26217 1.04269 1.00354 1.00015 1.00015 1.00355 1.04268 1.26215 2.44742 2.6806 2.11206 1.58773 1.58528 2.10593 2.67271 2.44164 2.61945 4.88142 7.78126 9.68287 9.68295 7.78726 4.87934 2.61111 1.15334 1.073 1.08113 1.11522 1.11251 1.07702 1.06871 1.14553 1.19967 1.1546 1.04415 1.00651 1.00652 1.04416 1.15462 1.19972 1.08803 1.0099 1.00082 1.00005 0 0 0 
0 0 0 0 0.999972 1.00001 1.00076 1.00497 1.03116 1.00429 1.00023 0.999918 0.999917 1.00023 1.00429 1.03116 1.2582 1.28133 1.15186 1.05655 1.05624 1.1507 1.27963 1.25747 1.52883 3.30603 5.42091 6.1134 6.08504 5.40072 3.28751 1.52329 0.996513 0.982245 0.973356 0.983325 0.983294 0.973189 0.982095 0.995602 1.02042 1.01314 1.0025 1.00006 1.00006 1.0025 1.01314 1.02042 1.01032 1.00094 0.999977 0.999979 0 0 0 
0 0 0 0 0.999997 0.999976 0.999998 1.00049 1.00206 1.00011 0.999954 0.999984 0.999984 0.999954 1.00011 1.00206 1.02695 1.02681 1.01111 1.00261 1.00259 1.01097 1.02654 1.02693 1.1382 2.01908 3.36862 3.10854 3.08133 3.32559 1.99906 1.13615 0.996451 0.994655 0.991895 0.994523 0.994489 0.991815 0.994583 0.996234 1.0011 1.00049 1.00001 0.999942 0.999942 1.00001 1.00049 1.0011 1.00089 0.999987 0.99998 0.999999 0 0 0 
0 0 0 0 1 0.999997 0.999974 1.00004 0.999955 0.999822 0.999987 1 1 0.999988 0.999822 0.999955 1.00145 1.00097 1.00018 0.999923 0.999922 1.00017 1.00094 1.00146 1.02442 1.28847 1.89373 1.70145 1.69174 1.87308 1.28235 1.02401 0.999831 0.999409 0.999208 0.999408 0.999398 0.999194 0.999399 0.999802 1.00005 0.999861 0.999971 0.999997 0.999997 0.999971 0.999861 1.00005 1.00006 0.999978 0.999999 1 0 0 0 
1.00004 0.999974 0.999997 1 1 0.999997 0.999974 1.00004 0.999955 0.999822 0.999987 1 1 0.999987 0.999822 0.999955 1.00146 1.00094 1.00017 0.999922 0.999922 1.00017 1.00094 1.00146 1.02442 1.28847 1.89373 1.70145 1.70145 1.89373 1.28847 1.02442 0.999802 0.999399 0.999194 0.999398 0.999398 0.999194 0.999399 0.999802 1.00005 0.999861 0.999971 0.999997 0.999997 0.999971 0.999861 1.00005 1.00006 0.999978 0.999999 1 1 0.999999 0.999978 
1.00049 0.999998 0.999976 0.999997 0.999997 0.999976 0.999998 1.00049 1.00206 1.00011 0.999954 0.999984 0.999984 0.999954 1.00011 1.00206 1.02693 1.02654 1.01097 1.00259 1.00259 1.01097 1.02654 1.02693 1.1382 2.01908 3.36862 3.10854 3.10854 3.36862 2.01908 1.1382 0.996234 0.994583 0.991815 0.994489 0.994489 0.991815 0.994583 0.996234 1.0011 1.00049 1.00001 0.999942 0.999942 1.00001 1.00049 1.0011 1.00089 0.999987 0.99998 0.999999 0.999999 0.99998 0.999987 
1.00497 1.00076 1.00001 0.999972 0.999972 1.00001 1.00076 1.00497 1.03116 1.00429 1.00023 0.999918 0.999918 1.00023 1.00429 1.03116 1.25747 1.27963 1.1507 1.05624 1.05624 1.1507 1.27963 1.25747 1.52883 3.30603 5.42091 6.1134 6.1134 5.42091 3.30603 1.52883 0.995602 0.982095 0.973189 0.983294 0.983294 0.973189 0.982095 0.995602 1.02042 1.01314 1.0025 1.00006 1.00006 1.0025 1.01314 1.02042 1.01032 1.00094 0.999977 0.999979 0.999979 0.999977 1.00094 
1.04164 1.00646 1.00082 1.00005 1.00005 1.00082 1.00646 1.04164 1.26217 1.04269 1.00354 1.00015 1.00015 1.00354 1.04269 1.26217 2.44164 2.67271 2.10593 1.58528 1.58528 2.10593 2.67271 2.44164 2.61945 4.88142 7.78126 9.68287 9.68287 7.78126 4.88142 2.61945 1.14553 1.06871 1.07702 1.11251 1.11251 1.07702 1.06871 1.14553 1.19972 1.15462 1.04416 1.00652 1.00651 1.04415 1.1546 1.19967 1.08803 1.0099 1.00082 1.00005 1.00005 1.00082 1.0099 
1.31804 1.04248 1.0034 1.00016 1.00016 1.0034 1.04248 1.31969 2.17932 1.28838 1.03258 1.00234 1.00232 1.03243 1.28638 2.19307 5.52717 6.30302 5.18279 4.04183 4.04183 5.18279 6.30302 5.52717 4.75621 7.48051 10.1956 12.7784 12.7191 10.1114 7.4078 4.6806 2.65997 2.30176 2.4741 2.54131 2.56776 2.5012 2.32257 2.68951 1.90962 1.81619 1.35455 1.09079 1.0878 1.35268 1.81609 1.91045 1.30189 1.02576 0.999594 0.99977 0.99977 0.999594 1.02576 
1.05994 1.006 1.00029 0.999849 0.999849 1.00029 1.00592 1.05961 1.26612 1.04255 1.00277 0.999826 0.999825 1.00276 1.04208 1.26787 2.42669 2.63366 2.11243 1.58793 1.58793 2.11243 2.63366 2.42669 3.12225 5.10712 6.6373 8.05085 8.05058 6.61646 5.10967 3.1305 1.514 1.34411 1.33536 1.31356 1.31136 1.33158 1.34027 1.51309 1.13324 1.1249 1.04051 1.00683 1.00674 1.04103 1.12308 1.1335 1.01325 0.998139 0.9995 0.999893 0.999893 0.9995 0.998139 
1.00541 1.00032 0.999953 0.99999 0.99999 0.999953 1.00032 1.0054 1.03201 1.00292 0.999886 0.999945 0.999945 0.999884 1.00285 1.03225 1.29083 1.30199 1.16891 1.05844 1.05844 1.16891 1.30199 1.29083 2.09374 3.76963 4.84165 4.75282 4.79436 4.88383 3.81134 2.12667 1.1012 1.05907 1.05093 1.04102 1.04048 1.05007 1.05823 1.1031 1.00905 1.00875 1.00183 1.00006 1.00005 1.00187 1.00856 1.00903 0.998353 0.999594 1.00003 1 1 1.00003 0.999594 
1.00042 0.999928 0.999983 1 1 0.999983 0.999927 1.00042 1.00238 0.999865 0.999947 1 1 0.999947 0.999857 1.00241 1.03913 1.0375 1.0165 1.00293 1.00293 1.0165 1.0375 1.03913 1.32509 2.6341 3.82037 2.86404 2.90243 3.93437 2.70455 1.33962 1.01276 1.00746 1.0062 1.00425 1.00416 1.00603 1.00732 1.01325 1.00009 0.99987 0.99989 0.999942 0.999942 0.999894 0.999861 1.00009 0.999986 1.00005 1.00001 1 1 1.00001 1.00005 
1.00042 0.999927 0.999983 1 1 0.999983 0.999928 1.00042 1.00238 0.999865 0.999947 1 1 0.999947 0.999865 1.00238 1.04032 1.03799 1.01626 1.00288 1.00293 1.0165 1.0375 1.03913 1.33962 2.70455 3.93437 2.90243 2.90243 3.93437 2.70455 1.33962 1.01325 1.00732 1.00603 1.00416 1.00416 1.00603 1.00702 1.01415 1.00009 0.99986 0.999894 0.999942 0.999942 0.999894 0.99987 1.00014 0.999986 1.00005 1.00001 1 1 1.00001 1.00005 
1.0054 1.00032 0.999952 0.999991 0.99999 0.999953 1.00032 1.00541 1.03201 1.00292 0.999884 0.999945 0.999945 0.999884 1.00292 1.03201 1.29725 1.30448 1.16754 1.05804 1.05844 1.16891 1.30199 1.29083 2.12667 3.81134 4.88383 4.79436 4.79436 4.88383 3.81134 2.12667 1.1031 1.05823 1.05007 1.04048 1.04047 1.05008 1.05648 1.10655 1.00904 1.00856 1.00187 1.00005 1.00006 1.00189 1.00875 1.00957 0.998353 0.999594 1.00003 1 1 1.00003 0.999592 
1.05961 1.00592 1.00028 0.999849 0.999849 1.00029 1.006 1.05994 1.26612 1.04255 1.00276 0.999825 0.999825 1.00276 1.04255 1.26612 2.43663 2.63294 2.10386 1.58531 1.58793 2.11243 2.63366 2.42669 3.1305 5.10967 6.61646 8.05058 8.05058 6.61646 5.10967 3.1305 1.51309 1.34027 1.33158 1.31136 1.31129 1.33153 1.33337 1.51272 1.13346 1.12285 1.04103 1.00674 1.00683 1.04137 1.12454 1.13712 1.01325 0.998139 0.9995 0.999893 0.999893 0.999501 0.998161 
1.31969 1.04248 1.00337 1.00015 1.00016 1.0034 1.04248 1.31804 2.17932 1.28838 1.03243 1.00232 1.00232 1.03243 1.28838 2.17932 5.63943 6.39225 5.27398 4.12864 4.04183 5.18279 6.30302 5.52717 4.6806 7.4078 10.1114 12.7191 12.7191 10.1114 7.4078 4.6806 2.68951 2.32257 2.5012 2.56776 2.56642 2.49978 2.33959 2.71142 1.91087 1.81638 1.35268 1.0878 1.09079 1.36202 1.83219 1.9335 1.30189 1.02576 0.999594 0.99977 0.999768 0.999561 1.02605 
2.72421 1.31353 1.02831 1.00078 1.00078 1.02831 1.31353 2.72421 5.73876 2.82959 1.4029 1.06613 1.06613 1.4029 2.82959 5.73876 12.4443 14.707 13.9059 12.2687 12.2684 13.9059 14.707 12.4443 10.8122 15.4965 18.6671 20.632 20.7691 18.8337 15.654 10.9477 5.44118 5.393 6.0895 6.37164 6.29415 6.00624 5.39266 5.44135 4.64137 4.07807 2.63171 1.592 1.59205 2.63195 4.07907 4.64215 4.03051 1.92989 1.1413 1.01206 1.01188 1.13933 1.91588 
2.69145 1.31647 1.02929 1.00026 1.00026 1.02929 1.31647 2.69145 5.56392 2.93748 1.45529 1.08228 1.08228 1.45529 2.93748 5.56392 11.0611 13.8918 10.9419 7.85941 7.8594 10.9421 13.8918 11.0611 7.54646 13.355 18.0549 20.4035 20.4201 18.0686 13.3417 7.53433 2.82135 2.35475 2.56297 2.76786 2.76554 2.55586 2.35422 2.82064 2.5458 2.30688 1.58262 1.14772 1.14677 1.57758 2.29324 2.52698 2.35486 1.35928 1.03791 1.00217 1.00218 1.03798 1.35943 
2.23854 1.21389 1.01675 1.00014 1.00014 1.01675 1.21389 2.23854 4.49841 2.42403 1.31513 1.05042 1.05042 1.31513 2.42403 4.49841 9.01754 11.5982 8.04319 4.76384 4.76384 8.04307 11.5982 9.01754 5.66798 11.9581 17.8615 20.3073 20.3236 17.8791 11.94 5.65465 1.51959 1.1415 1.26195 1.42995 1.43137 1.25931 1.14143 1.51918 1.40338 1.34597 1.11253 1.0184 1.01823 1.11126 1.34156 1.39683 1.36055 1.06918 1.00513 1.00007 1.00007 1.00512 1.06904 
1.7467 1.10594 1.00655 1.00001 1.00001 1.00655 1.10594 1.7467 3.34315 1.73771 1.11889 1.01201 1.01201 1.11889 1.73771 3.34315 7.45463 9.44631 6.18519 3.0743 3.07432 6.18508 9.44631 7.45463 5.00762 12.568 19.4129 21.1788 21.1881 19.4239 12.5578 4.99924 1.24957 0.993481 1.01909 1.06795 1.06989 1.02004 0.993505 1.2497 1.01832 1.04149 1.01059 1.00099 1.00098 1.01043 1.04091 1.01813 1.02571 1.00206 1.00004 1.00002 1.00002 1.00004 1.00201 
1.7522 1.10697 1.00669 1.00003 1.00001 1.00655 1.10594 1.7467 3.34315 1.73771 1.11806 1.01182 1.01201 1.11889 1.73766 3.34323 7.46287 9.45044 6.19532 3.06799 3.0743 6.18519 9.44631 7.45463 4.99924 12.5578 19.4239 21.1881 21.1788 19.4129 12.5578 4.99924 1.23796 0.994055 1.01913 1.06571 1.06599 1.01812 0.994301 1.26056 1.01831 1.04119 1.01043 1.00098 1.00096 1.01028 1.04149 1.01847 1.02536 1.00201 1.00004 1.00002 1.00002 1.00004 1.00206 
2.25183 1.21702 1.01737 1.00022 1.00014 1.01675 1.21389 2.23854 4.49841 2.42403 1.31044 1.04939 1.05042 1.31513 2.42406 4.49849 9.03389 11.6024 8.05046 4.74793 4.76384 8.04319 11.5982 9.01754 5.65465 11.94 17.8791 20.3236 20.3073 17.8615 11.94 5.65465 1.50538 1.1401 1.26248 1.42401 1.42861 1.26469 1.14498 1.53471 1.40332 1.34508 1.11126 1.01823 1.01806 1.11 1.34597 1.39765 1.35911 1.06904 1.00512 1.00007 1.00007 1.00513 1.06918 
2.70883 1.32062 1.03012 1.00041 1.00026 1.02929 1.31647 2.69145 5.56392 2.93748 1.44931 1.08077 1.08228 1.45529 2.93747 5.56413 11.0803 13.8928 10.9443 7.83653 7.85941 10.9419 13.8918 11.0611 7.53433 13.3417 18.0686 20.4201 20.4035 18.0549 13.3417 7.53433 2.79701 2.34757 2.55861 2.76068 2.77039 2.57018 2.36095 2.84219 2.5442 2.30655 1.57758 1.14677 1.14591 1.57294 2.30688 2.52951 2.35363 1.35943 1.03798 1.00218 1.00217 1.03791 1.35928 
2.74619 1.31776 1.02899 1.00087 1.00078 1.02831 1.31353 2.72421 5.73876 2.82959 1.39896 1.06508 1.06613 1.4029 2.82957 5.73914 12.5187 14.8121 14 12.3446 12.2687 13.9059 14.707 12.4443 10.9477 15.654 18.8337 20.7691 20.632 18.6671 15.654 10.9477 5.48849 5.46092 6.23415 6.51675 6.45109 6.17296 5.4861 5.54702 4.72143 4.14666 2.63195 1.59205 1.58801 2.61746 4.07807 4.68305 3.97317 1.91588 1.13933 1.01188 1.01206 1.1413 1.92989 
4.59775 1.75762 1.09221 1.00549 1.00549 1.09221 1.75762 4.59775 9.94715 4.33244 1.72547 1.10795 1.10795 1.72547 4.36299 10.2373 22.2536 26.1019 26.7808 26.7389 26.5112 26.5767 25.926 22.2079 23.1622 26.4284 28.6345 29.5578 29.5578 28.6345 26.4284 23.1622 20.6042 21.8265 22.0856 22.3707 22.1156 21.852 22.3849 20.433 15.1902 13.1399 8.35624 4.68643 4.6864 8.35515 13.0743 15.1444 11.1175 4.63874 1.80962 1.12072 1.12072 1.80962 4.63874 
5.05328 1.86988 1.10928 1.0065 1.0065 1.10928 1.86988 5.05328 11.0222 4.72736 1.81727 1.12439 1.12439 1.81727 4.73339 11.2564 24.7946 29.1103 31.361 31.7768 31.7839 31.377 29.1413 24.9526 26.7851 28.0424 29.6478 31.0398 31.0398 29.6478 28.0424 26.7851 26.9021 29.0983 29.9758 30.2515 30.2745 29.9886 29.1737 26.9867 18.5296 15.7233 10.2899 5.99347 5.9937 10.2891 15.7187 18.6168 12.8146 5.24049 2.00361 1.16729 1.16729 2.00361 5.24049 
5.1932 1.89603 1.11287 1.00683 1.00683 1.11287 1.89603 5.1932 11.4901 4.87328 1.84554 1.12836 1.12836 1.84554 4.87818 11.7416 26.1422 30.7515 33.3011 33.8899 33.8886 33.3108 30.7755 26.331 29.0489 29.2549 30.4744 31.9268 31.9268 30.4744 29.2549 29.0489 29.8979 32.2988 33.3082 33.6027 33.5948 33.2877 32.375 29.9662 20.5406 17.3626 11.2927 6.58735 6.58767 11.2915 17.3425 20.6301 14.1985 5.80272 2.15154 1.19601 1.19601 2.15154 5.80272 
5.18111 1.86839 1.10314 1.00589 1.00589 1.10314 1.86839 5.18111 11.7564 4.92466 1.83853 1.11918 1.11918 1.83853 4.91574 11.999 26.7078 31.355 33.8103 34.4272 34.4258 33.8165 31.3662 26.8991 30.6011 30.4719 31.4548 32.7505 32.7505 31.4548 30.4719 30.6011 30.8108 33.1393 34.2011 34.4725 34.4679 34.1882 33.1858 30.8556 21.4459 18.1375 11.6151 6.69538 6.69561 11.6141 18.1236 21.5266 14.9711 6.03167 2.17374 1.18742 1.18742 2.17374 6.03167 
5.17678 1.86584 1.10262 1.00583 1.00589 1.10314 1.86839 5.18111 11.999 4.91574 1.83853 1.11918 1.12378 1.85102 4.91574 11.999 26.7078 31.355 33.8103 34.4272 34.4272 33.8103 31.355 26.7078 30.602 30.4714 31.4508 32.7621 32.7505 31.4548 30.4719 30.6011 30.8556 33.1858 34.1882 34.4679 34.4725 34.2011 33.1393 30.8108 21.5413 18.2012 11.6141 6.69561 6.69538 11.6151 18.1375 21.4459 14.9711 6.03167 2.17374 1.18742 1.18743 2.17381 6.03138 
5.18189 1.89147 1.112 1.00674 1.00683 1.11287 1.89603 5.1932 11.7416 4.87818 1.84554 1.12836 1.13591 1.87061 4.87818 11.7416 26.1422 30.7515 33.3011 33.8899 33.8899 33.3011 30.7515 26.1422 29.049 29.2534 30.4742 31.9471 31.9268 30.4744 29.2549 29.0489 29.9662 32.375 33.2877 33.5948 33.6027 33.3082 32.2988 29.8979 20.6558 17.4692 11.2915 6.58767 6.58735 11.2927 17.3626 20.5406 14.1985 5.80272 2.15154 1.19601 1.19602 2.15161 5.80253 
5.04123 1.86527 1.1084 1.00641 1.0065 1.10928 1.86988 5.05328 11.2564 4.73339 1.81727 1.12439 1.13191 1.84283 4.73339 11.2564 24.7946 29.1103 31.361 31.7768 31.7768 31.361 29.1103 24.7946 26.7848 28.0399 29.6604 31.0596 31.0398 29.6478 28.0424 26.7851 26.9867 29.1737 29.9886 30.2745 30.2515 29.9758 29.0983 26.9021 18.6223 15.8066 10.2891 5.9937 5.99347 10.2899 15.7233 18.5296 12.8146 5.24049 2.00361 1.16729 1.1673 2.00365 5.24027 
4.59483 1.75468 1.09156 1.00542 1.00549 1.09221 1.75762 4.59775 10.2373 4.36299 1.72547 1.10795 1.11504 1.75394 4.36299 10.2373 22.2536 26.1019 26.7808 26.7389 26.7389 26.7808 26.1019 22.2536 23.1655 26.4328 28.7803 29.6682 29.5578 28.6345 26.4284 23.1622 20.433 22.3849 21.852 22.1156 22.3707 22.0856 21.8265 20.6042 15.3541 13.2547 8.35515 4.6864 4.68643 8.35624 13.1399 15.1902 11.1175 4.63874 1.80962 1.12072 1.12074 1.80965 4.63849 
5.62304 1.97286 1.11503 1.00633 1.00639 1.11579 1.97782 5.63812 12.6877 5.31525 1.95512 1.14089 1.14083 1.95488 5.30691 12.7566 26.8687 30.7184 32.4498 32.9375 32.9375 32.4498 30.7184 26.8687 31.2857 33.7251 34.3228 34.1623 34.1623 34.3228 33.7267 31.2879 26.9438 29.7448 30.7196 30.9638 30.9075 30.6591 29.6897 27.0009 19.4509 15.8571 11.0577 6.97871 6.98526 11.0654 16.0504 19.5429 14.0017 6.80202 2.65809 1.40742 1.41168 2.66925 6.8412 
5.53162 1.91334 1.10053 1.00497 1.00499 1.10096 1.91609 5.53532 12.9529 5.20265 1.86894 1.10763 1.10764 1.86899 5.19763 13.0403 27.8985 31.7052 33.4341 34.0404 34.0404 33.4341 31.7052 27.8985 32.3552 34.0913 34.5501 34.5597 34.5597 34.5501 34.0917 32.3543 29.5714 31.9496 32.8601 33.2391 33.2639 32.8973 31.9982 29.6569 21.8961 17.1677 11.7849 7.33178 7.33181 11.7916 17.4229 22.1397 15.0081 7.04551 2.66421 1.40696 1.41322 2.68271 7.09841 
5.51852 1.90443 1.09863 1.00493 1.00496 1.09901 1.90688 5.52114 13.049 5.20023 1.85944 1.10461 1.10461 1.85946 5.19441 13.1392 28.3372 32.1168 33.8358 34.4555 34.4555 33.8358 32.1168 28.3372 32.9797 34.2529 34.6609 34.7567 34.7567 34.6609 34.2532 32.9794 30.7412 33.1301 34.0436 34.3781 34.3898 34.0651 33.1605 30.8116 22.8916 17.7257 11.8775 7.30202 7.30219 11.8804 17.971 23.1228 15.5748 7.10917 2.65923 1.39497 1.40091 2.67712 7.16054 
5.50688 1.9001 1.09797 1.00495 1.00498 1.09833 1.90215 5.50859 13.0659 5.19814 1.85605 1.1043 1.1043 1.85605 5.19156 13.1581 28.506 32.2714 33.9921 34.5623 34.5623 33.9921 32.2714 28.506 33.3166 34.3351 34.6988 34.8461 34.8461 34.6988 34.3352 33.3164 31.2372 33.574 34.4719 34.732 34.7368 34.4812 33.5851 31.2926 23.5829 18.2164 11.6954 6.9995 6.99981 11.6971 18.3701 23.7239 15.9939 7.00576 2.57081 1.33384 1.3372 2.5817 7.03805 
5.50859 1.90215 1.09833 1.00498 1.00498 1.09833 1.90215 5.50859 13.0659 5.19814 1.85605 1.1043 1.1043 1.85605 5.19814 13.0659 28.506 32.2714 33.9921 34.5623 34.5568 33.984 32.2631 28.6157 33.3164 34.3352 34.6996 34.8463 34.8461 34.6988 34.3351 33.3166 31.2926 33.5851 34.4812 34.7368 34.7368 34.4812 33.5851 31.2926 23.7239 18.3701 11.6971 6.99981 6.9995 11.6954 18.3488 23.7239 15.9939 7.00576 2.57081 1.33384 1.33384 2.57081 7.00576 
5.52114 1.90688 1.09901 1.00496 1.00496 1.09901 1.90688 5.52114 13.049 5.20023 1.85944 1.10461 1.10461 1.85944 5.20023 13.049 28.3372 32.1168 33.8358 34.4555 34.4468 33.8205 32.1042 28.4494 32.9794 34.2532 34.6626 34.7571 34.7567 34.6609 34.2529 32.9797 30.8116 33.1605 34.0651 34.3898 34.3898 34.0651 33.1605 30.8116 23.1228 17.971 11.8804 7.30219 7.30202 11.8775 17.9394 23.1228 15.5748 7.10917 2.65923 1.39497 1.39497 2.65923 7.10917 
5.53532 1.91609 1.10096 1.00499 1.00499 1.10096 1.91609 5.53532 12.9529 5.20265 1.86894 1.10763 1.10763 1.86894 5.20265 12.9529 27.8985 31.7052 33.4341 34.0404 34.0284 33.4158 31.691 28 32.3543 34.0917 34.5506 34.5573 34.5597 34.5501 34.0913 32.3552 29.6569 31.9982 32.8973 33.2639 33.2639 32.8973 31.9982 29.6569 22.1397 17.4229 11.7916 7.33181 7.33178 11.7849 17.3878 22.1397 15.0081 7.04551 2.66421 1.40696 1.40696 2.66421 7.04551 
5.63812 1.97782 1.11579 1.00639 1.00639 1.11579 1.97782 5.63812 12.6877 5.31525 1.95512 1.14089 1.14089 1.95512 5.31525 12.6877 26.8687 30.7184 32.4498 32.9375 32.9808 32.4845 30.7441 26.9869 31.2879 33.7267 34.328 34.1752 34.1623 34.3228 33.7251 31.2857 27.0009 29.6897 30.6591 30.9075 30.9075 30.6591 29.6897 27.0009 19.5429 16.0504 11.0654 6.98526 6.97871 11.0577 16.006 19.5429 14.0017 6.80202 2.65809 1.40742 1.40742 2.65809 6.80202 
6.90149 2.56155 1.25362 1.02085 1.02085 1.25362 2.56155 6.90149 13.9928 6.64502 2.5536 1.38153 1.38153 2.5536 6.64502 13.9928 28.1117 31.6938 33.639 34.1097 34.1097 33.639 31.6938 28.1117 29.7067 32.9171 33.6491 33.3223 33.2854 33.624 32.8793 29.68 23.9666 28.5578 29.9095 30.2702 30.3321 30.012 28.6577 23.9348 12.4949 12.5085 11.2639 10.2774 10.2774 11.2641 12.5084 12.4932 8.78452 5.955 3.48477 1.94774 1.92832 3.45303 5.95606 
6.04701 2.20246 1.17555 1.01247 1.01247 1.17555 2.20246 6.04701 13.1806 5.93539 2.25264 1.28023 1.28023 2.25264 5.93539 13.1806 28.6035 32.1489 34.0737 34.5595 34.5595 34.0737 32.1489 28.6035 30.9628 33.3649 34.0518 34.0841 34.0829 34.0474 33.354 30.9722 26.7175 31.5544 33.0327 33.3318 33.33 33.0346 31.5583 26.636 13.3362 13.0894 12.8071 13.3285 13.3284 12.8072 13.0897 13.3341 9.86227 7.17205 4.30905 2.38207 2.35001 4.25944 7.15557 
5.68871 2.04782 1.144 1.00949 1.00949 1.144 2.04782 5.68871 12.8877 5.65212 2.14122 1.24514 1.24514 2.14122 5.65212 12.8877 28.8429 32.3885 34.253 34.7168 34.7168 34.253 32.3885 28.8429 31.7951 33.6643 34.3003 34.4778 34.4764 34.2964 33.6558 31.8028 28.1318 32.6688 34.1296 34.4713 34.467 34.1236 32.6678 28.0438 14.7896 13.9409 13.4639 13.4981 13.4976 13.4639 13.9408 14.7872 10.9976 8.05298 4.75075 2.49159 2.45894 4.69767 8.03752 
5.59023 1.98922 1.12377 1.00744 1.00744 1.12377 1.98922 5.59023 12.8891 5.53991 2.06635 1.20404 1.20404 2.06635 5.53991 12.8891 28.9716 32.5097 34.3095 34.7608 34.7608 34.3095 32.5097 28.9716 32.3465 33.9269 34.4859 34.6977 34.6969 34.4839 33.9229 32.354 28.9003 33.0415 34.4363 34.7498 34.7476 34.433 33.0461 28.8237 16.985 15.0309 13.6092 12.0912 12.0915 13.6091 15.0311 16.983 12.1156 7.89778 4.02654 2.08133 2.06611 3.99177 7.88099 
5.57388 1.98674 1.12335 1.0074 1.00744 1.12377 1.98922 5.59023 12.8891 5.53991 2.06635 1.20404 1.20404 2.06633 5.5301 12.9868 28.8874 32.5209 34.3095 34.7608 34.7603 34.3087 32.5097 28.9716 32.354 33.9229 34.4839 34.6969 34.6969 34.4839 33.9229 32.354 28.8237 33.0461 34.433 34.7476 34.7498 34.4363 33.0415 28.9003 16.983 15.0311 13.6091 12.0915 12.0912 13.6092 15.0311 16.985 12.1156 7.89778 4.02654 2.08133 2.08133 4.02654 7.89778 
5.65886 2.04184 1.14295 1.00939 1.00949 1.144 2.04782 5.68871 12.8877 5.65212 2.14122 1.24514 1.24516 2.14128 5.64115 12.9847 28.7665 32.4033 34.253 34.7168 34.7155 34.251 32.3885 28.8429 31.8028 33.6558 34.2964 34.4764 34.4764 34.2964 33.6558 31.8028 28.0438 32.6678 34.1236 34.467 34.4713 34.1296 32.6688 28.1318 14.7872 13.9408 13.4639 13.4976 13.4981 13.4639 13.9408 14.7896 10.9976 8.05298 4.75075 2.49159 2.49159 4.75075 8.05298 
6.01466 2.19605 1.17444 1.01236 1.01247 1.17555 2.20246 6.04701 13.1806 5.93539 2.25264 1.28023 1.28027 2.25282 5.92383 13.2726 28.5382 32.1633 34.0737 34.5595 34.5572 34.0704 32.1489 28.6035 30.9722 33.354 34.0474 34.0829 34.0829 34.0474 33.354 30.9722 26.636 31.5583 33.0346 33.33 33.3318 33.0327 31.5544 26.7175 13.3341 13.0897 12.8072 13.3284 13.3285 12.8071 13.0897 13.3362 9.86227 7.17205 4.30905 2.38207 2.38207 4.30905 7.17205 
6.88693 2.5612 1.25362 1.02085 1.02085 1.25362 2.56155 6.90149 13.9928 6.64502 2.5536 1.38153 1.38152 2.55354 6.63153 14.0741 28.0704 31.7037 33.639 34.1097 34.1128 33.6444 31.6938 28.1117 29.68 32.8793 33.624 33.2854 33.2854 33.624 32.8793 29.68 23.9348 28.6577 30.012 30.3321 30.2702 29.9095 28.5578 23.9666 12.4932 12.5084 11.2641 10.2774 10.2774 11.2639 12.5084 12.4949 8.78452 5.955 3.48477 1.94774 1.94774 3.48477 5.955 
9.2703 3.58185 1.52404 1.05956 1.05956 1.52404 3.58185 9.2703 16.6954 8.86767 3.59871 1.80593 1.80593 3.59871 8.86767 16.6954 27.1116 30.9269 32.5967 33.0645 33.0587 32.5772 30.9124 27.1411 22.4832 25.5093 26.3653 26.303 26.2931 26.3578 25.331 22.4742 17.4408 20.4317 21.7131 22.1166 22.1146 21.7068 20.5462 17.5801 11.1252 12.282 8.89585 5.33258 5.33258 8.89595 12.282 11.1256 6.48657 3.03885 1.64928 1.14453 1.14453 1.64928 3.03885 
10.3566 3.97217 1.62439 1.0738 1.0738 1.62439 3.97217 10.3566 18.7306 10.0045 4.07559 2.00566 2.00566 4.07559 10.0045 18.7306 28.888 32.1795 33.7883 34.2016 34.1983 33.7819 32.138 28.8798 24.6514 26.8697 27.9686 28.6466 28.647 27.9696 26.8717 24.6558 20.2268 25.4709 28.0892 29.0762 29.098 28.1303 25.5144 20.3161 11.4018 13.5663 9.50068 5.08661 5.08661 9.50067 13.5663 11.4023 5.85095 2.31078 1.23454 1.02684 1.02684 1.23454 2.31078 
11.0547 4.24184 1.68869 1.08265 1.08265 1.68869 4.24184 11.0547 19.7253 10.5174 4.2411 2.05866 2.05866 4.2411 10.5174 19.7253 30.1612 33.1651 34.4207 34.7325 34.731 34.4178 33.1322 30.153 25.8766 27.8441 29.1447 30.1895 30.1892 29.1437 27.848 25.8808 21.639 28.0494 31.3672 32.5232 32.5458 31.4087 28.0855 21.7216 11.4013 14.0975 9.7254 5.12423 5.12424 9.72532 14.0975 11.4023 5.22393 1.93404 1.11436 1.00729 1.00729 1.11436 1.93404 
11.2735 4.30291 1.69703 1.08442 1.08442 1.69703 4.30291 11.2735 20.0732 10.6252 4.22127 2.00154 2.00154 4.22127 10.6252 20.0732 30.6756 33.5357 34.6075 34.8566 34.8561 34.6066 33.5141 30.6698 26.8092 28.8771 30.2817 31.618 31.6178 30.2813 28.8785 26.8126 22.2444 29.2193 32.699 33.6931 33.7043 32.719 29.2294 22.3278 11.4495 14.3194 9.82232 5.15602 5.15601 9.82225 14.3194 11.4507 5.0484 1.8501 1.0974 1.00553 1.00553 1.0974 1.8501 
11.2911 4.3029 1.69709 1.08442 1.08442 1.69703 4.30291 11.2735 20.1274 10.5986 4.21307 1.97747 1.97747 4.21307 10.5986 20.1274 30.6698 33.5141 34.6066 34.8561 34.8566 34.6075 33.5141 30.6698 26.8126 28.8785 30.2813 31.6178 31.618 30.2817 28.8771 26.8092 22.3278 29.2294 32.719 33.7043 33.6882 32.6875 29.1953 22.3611 11.4507 14.3195 9.82225 5.15601 5.15602 9.82232 14.3194 11.4495 5.0484 1.8501 1.0974 1.00553 1.00553 1.09741 1.85012 
11.0837 4.24428 1.68875 1.08265 1.08265 1.68869 4.24184 11.0547 19.7751 10.4835 4.22734 2.02257 2.02257 4.22734 10.4835 19.7751 30.153 33.1322 34.4178 34.731 34.7325 34.4207 33.1322 30.153 25.8808 27.848 29.1437 30.1892 30.1895 29.1447 27.8441 25.8766 21.7216 28.0855 31.4087 32.5458 32.5223 31.3623 28.0429 21.7654 11.4023 14.0977 9.72532 5.12424 5.12423 9.7254 14.0975 11.4013 5.22393 1.93404 1.11436 1.00729 1.0073 1.11437 1.93405 
10.3844 3.97513 1.62445 1.0738 1.0738 1.62439 3.97217 10.3566 18.7757 9.9675 4.06022 1.97041 1.97041 4.06022 9.9675 18.7757 28.8798 32.138 33.7819 34.1983 34.2016 33.7883 32.138 28.8798 24.6558 26.8717 27.9696 28.647 28.6466 27.9686 26.8697 24.6514 20.3161 25.5144 28.1303 29.098 29.1046 28.1166 25.4916 20.3369 11.4023 13.5666 9.50067 5.08661 5.08661 9.50068 13.5663 11.4018 5.85095 2.31078 1.23454 1.02684 1.02684 1.23453 2.31079 
9.30809 3.58942 1.5241 1.05956 1.05956 1.52404 3.58185 9.2703 16.7484 8.84653 3.58971 1.7785 1.7785 3.58971 8.84653 16.7484 27.1411 30.9124 32.5772 33.0587 33.0645 32.5967 30.9124 27.1411 22.4742 25.331 26.3578 26.2931 26.303 26.3653 25.5093 22.4832 17.5801 20.5462 21.7068 22.1146 21.8884 21.461 20.3174 17.4274 11.1256 12.2822 8.89595 5.33258 5.33258 8.89585 12.282 11.1252 6.48657 3.03885 1.64928 1.14453 1.14448 1.64901 3.03855 
8.33835 3.39553 1.52481 1.07353 1.07287 1.52212 3.38548 8.31458 13.6931 7.75232 3.2138 1.596 1.5972 3.20951 7.72529 13.608 20.4444 26.0655 27.8381 28.3949 28.5398 27.9878 26.211 20.548 9.81722 11.4237 11.8273 11.9166 11.9166 11.8273 11.4237 9.81722 7.33476 8.43349 8.11172 8.07224 8.27048 8.328 8.58106 7.44721 4.99732 5.66018 3.89218 2.03462 2.06998 3.95026 5.7551 5.07378 2.54529 1.22695 1.01102 0.999236 0.999124 1.01074 1.22713 
9.67621 3.84954 1.63676 1.09503 1.09426 1.63454 3.84556 9.68 15.8263 9.23764 3.72801 1.76789 1.77085 3.73068 9.24642 15.823 21.4193 28.8588 31.6243 32.2408 32.2292 31.613 28.8677 21.3621 6.45726 8.18068 8.16749 7.60547 7.60547 8.16749 8.18068 6.45726 3.81771 4.78332 4.67523 4.29059 4.26292 4.63452 4.78193 3.81671 2.16661 2.54064 1.76064 1.16885 1.16817 1.75468 2.53905 2.16256 1.36435 1.04047 1.00109 0.999658 0.999651 1.00108 1.04047 
10.2831 4.07685 1.68973 1.10256 1.10176 1.68757 4.07326 10.288 16.6811 9.88833 3.95169 1.83691 1.83911 3.95244 9.89072 16.6723 21.6629 29.9308 33.1074 33.8395 33.8378 33.1049 29.9269 21.5805 4.41309 5.97939 5.69816 4.51728 4.51728 5.69816 5.97939 4.41309 1.97543 2.51872 2.49263 2.18763 2.17596 2.47059 2.5194 1.97643 1.20517 1.29725 1.11078 1.01435 1.01436 1.11054 1.29876 1.20496 1.06029 1.00621 1.00027 0.99992 0.99992 1.00027 1.00621 
10.4254 4.11767 1.68172 1.09413 1.09367 1.68047 4.11612 10.4278 16.8907 10.0327 3.99212 1.8471 1.84769 3.99158 10.0352 16.8866 21.6912 30.2384 33.5002 34.2643 34.2656 33.5023 30.2364 21.5878 2.82451 3.89213 3.57333 2.57484 2.57484 3.57333 3.89213 2.82451 1.43861 1.6652 1.67676 1.55348 1.54989 1.66961 1.66536 1.43886 1.03806 1.03169 1.00838 1.00029 1.0003 1.00839 1.03166 1.03694 0.997488 0.998959 0.999951 1.00002 1.00002 0.99995 0.998959 
10.4278 4.11612 1.68047 1.09367 1.09367 1.68047 4.11612 10.4278 16.8866 10.0352 3.99158 1.84769 1.84769 3.99158 10.0352 16.8866 21.6912 30.2384 33.5002 34.2643 34.2643 33.5002 30.2384 21.6912 2.82468 3.89235 3.57331 2.57487 2.57484 3.57333 3.89213 2.82451 1.43886 1.66536 1.66958 1.54996 1.55019 1.66932 1.66536 1.43841 1.03795 1.03169 1.00838 1.0003 1.00029 1.00838 1.03169 1.03806 0.997488 0.998959 0.999951 1.00002 1.00002 0.999951 0.998959 
10.288 4.07326 1.68757 1.10176 1.10176 1.68757 4.07326 10.288 16.6723 9.89072 3.95244 1.83911 1.83911 3.95244 9.89072 16.6723 21.6629 29.9308 33.1074 33.8395 33.8395 33.1074 29.9308 21.6629 4.41347 5.97991 5.69804 4.51728 4.51728 5.69816 5.97939 4.41309 1.97643 2.5194 2.47036 2.17661 2.17679 2.46972 2.5194 1.97144 1.20503 1.2989 1.11065 1.01433 1.01435 1.11078 1.29725 1.20517 1.06029 1.00621 1.00027 0.99992 0.99992 1.00027 1.00621 
9.68 3.84556 1.63454 1.09426 1.09426 1.63454 3.84556 9.68 15.823 9.24642 3.73068 1.77085 1.77085 3.73068 9.24642 15.823 21.4193 28.8588 31.6243 32.2408 32.2408 31.6243 28.8588 21.4193 6.45745 8.18145 8.1682 7.60606 7.60547 8.16749 8.18068 6.45726 3.81671 4.78193 4.63873 4.26818 4.27078 4.64011 4.78193 3.80529 2.16594 2.5456 1.75784 1.16844 1.16885 1.76064 2.54064 2.16661 1.36435 1.04047 1.00109 0.999658 0.999658 1.00109 1.04047 
8.31458 3.38548 1.52212 1.07287 1.07287 1.52212 3.38548 8.31458 13.608 7.72529 3.20951 1.5972 1.5972 3.20951 7.72529 13.608 20.4444 26.0655 27.8381 28.3949 28.3949 27.8381 26.0655 20.4444 9.68751 11.2514 11.8229 11.9136 11.9166 11.8273 11.4237 9.81722 7.44721 8.58106 8.16237 8.12107 7.98006 8.00436 8.58106 7.27255 5.0276 5.6603 3.92012 2.05507 2.03462 3.89218 5.66018 4.99732 2.54529 1.22695 1.01102 0.999236 0.999236 1.01102 1.22695 
2.80495 1.44746 1.07254 1.00728 1.00729 1.07254 1.44509 2.78703 4.85506 2.70895 1.40949 1.0636 1.0636 1.40949 2.70895 4.85506 10.9197 14.4456 15.5916 15.8175 15.8175 15.5916 14.4456 10.9197 2.8086 3.13395 3.19729 3.43138 3.43138 3.19729 3.13397 2.80848 2.61697 3.01082 3.11058 3.09787 3.0956 3.10751 3.00865 2.65438 1.8083 2.28557 1.62224 1.12255 1.13245 1.65098 2.29135 1.87835 1.13283 1.01255 1.00056 0.999932 0.999936 1.0006 1.01255 
1.49262 1.10181 1.01383 1.00094 1.00096 1.01384 1.10248 1.49304 2.28265 1.44801 1.07565 1.0079 1.0079 1.07565 1.44801 2.28265 5.0706 6.73411 6.92736 6.73276 6.73276 6.92736 6.73411 5.0706 1.31236 1.34669 1.37625 1.48783 1.48783 1.37625 1.34677 1.31239 1.24954 1.30812 1.33288 1.33972 1.3398 1.33297 1.3079 1.25333 1.10844 1.20381 1.0784 1.01025 1.01034 1.07836 1.2044 1.1099 1.0155 1.00119 0.999847 0.99987 0.999871 0.999846 1.00119 
1.07297 1.01214 1.00124 0.999938 0.99994 1.00124 1.01221 1.07313 1.23451 1.0582 1.00637 1.0001 1.0001 1.00637 1.0582 1.23451 2.28248 2.91114 2.84349 2.66793 2.66793 2.84349 2.91114 2.28248 1.02768 1.02602 1.03187 1.05125 1.05125 1.03187 1.02603 1.02768 1.01451 1.01479 1.01546 1.01968 1.01968 1.01548 1.01476 1.01506 1.00716 1.01675 1.00476 1.00013 1.00014 1.00477 1.01676 1.00717 1.00108 0.999955 0.999972 0.999998 0.999998 0.999972 0.999955 
1.00728 1.00087 0.999916 0.999958 0.999957 0.999916 1.00087 1.0073 1.02625 1.00401 0.99997 0.999876 0.999876 0.99997 1.00401 1.02625 1.35268 1.57783 1.52292 1.41777 1.41777 1.52292 1.57783 1.35268 1.00293 1.0026 1.00325 1.00498 1.00498 1.00325 1.0026 1.00293 0.999384 0.997791 0.996992 0.998172 0.998173 0.996992 0.99779 0.999464 1.00015 1.00033 0.999989 0.999911 0.999911 0.99999 1.00033 1.00015 1.00009 0.999969 0.999997 1 1 0.999997 0.999969 
1.0073 1.00087 0.999916 0.999957 0.999957 0.999916 1.00087 1.0073 1.02556 1.00397 0.99997 0.999877 0.999876 0.99997 1.00401 1.02625 1.35268 1.57783 1.52292 1.41777 1.41272 1.51472 1.56872 1.34727 1.00293 1.0026 1.00325 1.00498 1.00498 1.00325 1.0026 1.00293 0.999384 0.99779 0.996992 0.998173 0.998172 0.996992 0.997791 0.999384 1.00015 1.00033 0.99999 0.99991 0.999911 0.999989 1.00033 1.00015 1.00009 0.999969 0.999997 1 1 0.999997 0.999969 
1.07313 1.01221 1.00124 0.99994 0.99994 1.00124 1.01221 1.07313 1.2309 1.05765 1.00635 1.0001 1.0001 1.00637 1.0582 1.23451 2.28248 2.91114 2.84349 2.66793 2.65349 2.82015 2.88431 2.26522 1.02768 1.02603 1.03188 1.05125 1.05125 1.03187 1.02602 1.02768 1.0145 1.01476 1.01548 1.01968 1.01968 1.01546 1.01479 1.01451 1.00717 1.01676 1.00477 1.00014 1.00013 1.00476 1.01675 1.00716 1.00108 0.999955 0.999972 0.999998 0.999998 0.999972 0.999955 
1.49304 1.10248 1.01384 1.00096 1.00096 1.01384 1.10248 1.49304 2.26902 1.44476 1.07535 1.00792 1.0079 1.07565 1.44801 2.28265 5.0706 6.73411 6.92736 6.73276 6.70612 6.88334 6.68638 5.03479 1.31239 1.34677 1.37633 1.48788 1.48783 1.37625 1.34669 1.31236 1.24941 1.3079 1.33297 1.3398 1.33972 1.33288 1.30812 1.24954 1.1099 1.2044 1.07836 1.01029 1.01025 1.0784 1.20425 1.10849 1.0155 1.00119 0.999847 0.99987 0.99987 0.999847 1.00119 
2.78703 1.44509 1.07254 1.00729 1.00729 1.07254 1.44509 2.78703 4.75083 2.67355 1.40248 1.06223 1.0636 1.40949 2.70895 4.85506 10.9197 14.4456 15.5916 15.8175 15.8187 15.5849 14.4343 10.9013 2.80848 3.13397 3.19618 3.43069 3.43138 3.19729 3.13395 2.8086 2.6146 3.00865 3.10751 3.0956 3.09787 3.11058 3.01082 2.61697 1.87835 2.29135 1.65098 1.1306 1.12255 1.62224 2.26607 1.79277 1.13283 1.01255 1.00056 0.999932 0.999932 1.00056 1.01255 
1.56852 1.10941 1.01439 1.00128 1.00128 1.01439 1.10941 1.56852 2.51578 1.56813 1.10666 1.01354 1.01354 1.10666 1.56813 2.51578 3.92267 4.98085 5.49915 5.93316 5.93316 5.49915 4.98085 3.92267 1.57521 1.78131 1.74479 1.54736 1.54736 1.74479 1.78131 1.57521 1.41013 1.64186 1.68883 1.56888 1.56888 1.68883 1.64186 1.41013 1.11285 1.23027 1.08238 1.01296 1.01294 1.08215 1.22927 1.1133 1.01206 1.00076 1.00004 1.00009 1.00009 1.00004 1.00076 
1.11503 1.01783 1.00175 1.00003 1.00003 1.00175 1.01783 1.11503 1.3407 1.09964 1.01352 1.0011 1.0011 1.01352 1.09964 1.3407 1.93176 2.37486 2.52847 2.53829 2.53829 2.52847 2.37486 1.93176 1.10323 1.15774 1.14266 1.08322 1.08322 1.14266 1.15774 1.10323 1.05555 1.11288 1.1261 1.08577 1.08577 1.1261 1.11288 1.05555 1.00886 1.02148 1.00545 1.00045 1.00045 1.00545 1.02121 1.00882 1.00113 1.00002 0.999979 0.999997 0.999997 0.999979 1.00002 
1.01526 1.00176 1.00002 0.999949 0.999949 1.00002 1.00176 1.01526 1.04934 1.01111 1.00095 0.999888 0.999888 1.00095 1.01111 1.04934 1.17295 1.28111 1.31196 1.30226 1.30226 1.31196 1.28111 1.17295 1.01041 1.01797 1.01572 1.00725 1.00725 1.01572 1.01797 1.01041 1.00419 1.01123 1.01378 1.00769 1.00769 1.01378 1.01123 1.00419 1.00043 1.001 1.00012 0.999909 0.999909 1.00012 1.00097 1.00042 1.0001 0.999979 1 1 1 1 0.999979 
1.00135 1.00003 0.99995 0.999992 0.999992 0.99995 1.00003 1.00135 1.00407 1.00057 0.999948 0.999964 0.999964 0.999948 1.00057 1.00407 1.02391 1.04288 1.04576 1.04087 1.04087 1.04576 1.04288 1.02391 1.0007 1.00101 1.00095 1.00037 1.00037 1.00095 1.00101 1.0007 1.00023 1.00044 1.0008 1.00034 1.00034 1.0008 1.00044 1.00023 0.999957 0.999847 0.999941 0.999989 0.999989 0.999941 0.999844 0.999956 1.00008 0.999996 1 1 1 1 0.999996 
0 0 0 0 0.999992 0.99995 1.00003 1.00135 1.00407 1.00057 0.999948 0.999964 0.999964 0.999946 1.00055 1.00401 1.02391 1.04288 1.04576 1.04087 1.04024 1.04495 1.04216 1.02355 1.0007 1.00098 1.00092 1.00036 1.00037 1.00095 1.00101 1.0007 1.00023 1.00044 1.0008 1.00034 1.00034 1.0008 1.00044 1.00023 0.999956 0.999844 0.999941 0.999989 0.999989 0.999941 0.999847 0.999957 1.00008 0.999996 1 1 0 0 0 
0 0 0 0 0.999949 1.00002 1.00176 1.01526 1.04934 1.01111 1.00095 0.999888 0.999886 1.00094 1.01094 1.04885 1.17295 1.28111 1.31196 1.30226 1.29884 1.3075 1.27734 1.17096 1.0104 1.01763 1.01542 1.00712 1.00725 1.01572 1.01797 1.01041 1.00419 1.01123 1.01378 1.00769 1.00769 1.01378 1.01123 1.00419 1.00042 1.00097 1.00012 0.999909 0.999909 1.00012 1.001 1.00043 1.0001 0.999979 1 1 0 0 0 
0 0 0 0 1.00003 1.00175 1.01783 1.11503 1.3407 1.09964 1.01352 1.0011 1.00109 1.01339 1.09867 1.3385 1.93176 2.37486 2.52847 2.53829 2.52822 2.51712 2.3661 1.9267 1.10315 1.15554 1.14065 1.08228 1.08322 1.14266 1.15774 1.10323 1.05554 1.11286 1.12608 1.08576 1.08577 1.1261 1.11288 1.05555 1.00882 1.02121 1.00545 1.00045 1.00045 1.00545 1.02148 1.00886 1.00113 1.00002 0.999979 0.999997 0 0 0 
