0 0 0 0 1.00006 1.0009 1.00707 1.04465 1.28055 1.04632 1.00396 1.00017 1.00017 1.00398 1.04656 1.28459 2.47082 2.70351 2.14401 1.62394 1.62099 2.13733 2.69536 2.46531 2.67794 4.91022 7.7691 9.70447 9.70507 7.77637 4.90929 2.67008 1.16558 1.08234 1.0931 1.12845 1.1257 1.08895 1.07795 1.15762 1.21371 1.16277 1.04779 1.00734 1.00745 1.04867 1.16512 1.21773 1.09552 1.01119 1.00095 1.00005 0 0 0 
0 0 0 0 0.99997 1.00002 1.00085 1.0054 1.03425 1.00476 1.00028 0.999912 0.999911 1.00028 1.00476 1.03477 1.26918 1.29013 1.15992 1.06244 1.06216 1.15882 1.28858 1.26869 1.57754 3.38821 5.47473 6.22183 6.19598 5.45732 3.37171 1.57171 0.997808 0.983022 0.974294 0.984622 0.984604 0.974127 0.982862 0.996814 1.02295 1.01444 1.00286 1.00009 1.0001 1.00292 1.01477 1.02353 1.01168 1.00111 0.999987 0.999976 0 0 0 
0 0 0 0 0.999997 0.999975 1.00001 1.00052 1.00237 1.00015 0.999951 0.999981 0.999981 0.999951 1.00014 1.00241 1.02941 1.02822 1.01204 1.00303 1.003 1.01189 1.02796 1.02945 1.1608 2.12849 3.51501 3.24816 3.21995 3.47261 2.10701 1.15848 0.996332 0.99423 0.991508 0.994336 0.994303 0.991433 0.994167 0.996081 1.00131 1.00058 1.00002 0.999937 0.999938 1.00003 1.00061 1.00137 1.00103 1 0.999978 0.999998 0 0 0 
0 0 0 0 1 0.999997 0.999972 1.00004 0.999961 0.999815 0.999986 1 1 0.999986 0.999815 0.999962 1.00174 1.00107 1.00021 0.999927 0.999925 1.0002 1.00104 1.00176 1.03022 1.34014 2.01009 1.77387 1.76342 1.98658 1.333 1.02973 0.9998 0.999344 0.999114 0.99935 0.99934 0.999099 0.999333 0.999763 1.00006 0.999864 0.999967 0.999996 0.999995 0.999967 0.999865 1.00007 1.00007 0.999974 0.999999 1 0 0 0 
1.00004 0.999972 0.999997 1 1 0.999997 0.999972 1.00004 0.999961 0.999815 0.999986 1 1 0.999986 0.999815 0.999961 1.00176 1.00104 1.0002 0.999925 0.999927 1.00021 1.00107 1.00174 1.03022 1.34014 2.01009 1.77387 1.77387 2.01009 1.34014 1.03022 0.999763 0.999333 0.999099 0.99934 0.99934 0.999099 0.999333 0.999763 1.00007 0.999865 0.999967 0.999995 0.999995 0.999967 0.999865 1.00007 1.00007 0.999974 0.999999 1 1 0.999999 0.999974 
1.00052 1.00001 0.999975 0.999997 0.999997 0.999975 1.00001 1.00052 1.00237 1.00015 0.999951 0.999981 0.999981 0.999951 1.00015 1.00237 1.02945 1.02796 1.01189 1.003 1.00303 1.01204 1.02822 1.02941 1.1608 2.12849 3.51501 3.24816 3.24816 3.51501 2.12849 1.1608 0.996081 0.994167 0.991433 0.994303 0.994303 0.991433 0.994167 0.996081 1.00137 1.00061 1.00003 0.999938 0.999938 1.00003 1.00061 1.00137 1.00103 1 0.999978 0.999998 0.999998 0.999978 1 
1.0054 1.00085 1.00002 0.99997 0.99997 1.00002 1.00085 1.0054 1.03425 1.00476 1.00028 0.999912 0.999912 1.00028 1.00476 1.03425 1.26869 1.28858 1.15882 1.06216 1.06244 1.15992 1.29013 1.26918 1.57754 3.38821 5.47473 6.22183 6.22183 5.47473 3.38821 1.57754 0.996814 0.982862 0.974127 0.984604 0.984604 0.974127 0.982862 0.996814 1.02353 1.01477 1.00292 1.0001 1.0001 1.00292 1.01477 1.02353 1.01168 1.00111 0.999987 0.999976 0.999976 0.999987 1.00111 
1.04465 1.00707 1.0009 1.00006 1.00006 1.0009 1.00707 1.04465 1.28055 1.04632 1.00396 1.00017 1.00017 1.00396 1.04632 1.28055 2.46531 2.69536 2.13733 1.62099 1.62394 2.14401 2.70351 2.47082 2.67794 4.91022 7.7691 9.70447 9.70447 7.7691 4.91022 2.67794 1.15762 1.07795 1.08895 1.1257 1.1257 1.08895 1.07795 1.15762 1.21773 1.16512 1.04867 1.00745 1.00745 1.04867 1.16512 1.21773 1.09552 1.01119 1.00095 1.00005 1.00005 1.00095 1.01119 
1.33586 1.04607 1.00382 1.00018 1.00017 1.0038 1.04608 1.33764 2.20148 1.30084 1.0351 1.00265 1.00251 1.03407 1.295 2.18686 5.52857 6.28001 5.20804 4.08773 4.12935 5.25356 6.32822 5.58783 4.81347 7.50998 10.1221 12.6508 12.6035 10.0351 7.41316 4.72878 2.69447 2.33973 2.51618 2.58486 2.60011 2.53335 2.3523 2.71443 1.88622 1.79655 1.36571 1.09524 1.09221 1.35065 1.79701 1.88782 1.31593 1.02864 0.999637 0.99976 0.999763 0.999672 1.02827 
1.06505 1.00675 1.00036 0.999845 0.999845 1.00035 1.00667 1.06472 1.28065 1.04638 1.00318 0.999835 0.99983 1.00315 1.04617 1.28108 2.50731 2.70424 2.1785 1.63659 1.63608 2.17642 2.70087 2.50851 3.2163 5.1345 6.6024 8.01165 8.02927 6.60132 5.13507 3.20979 1.54072 1.35917 1.35216 1.33032 1.33023 1.35183 1.35885 1.53992 1.13329 1.12464 1.04339 1.00756 1.00736 1.04155 1.12483 1.1334 1.01467 0.998019 0.999436 0.999889 0.999889 0.999435 0.997995 
1.00624 1.00041 0.99995 0.999988 0.999988 0.999949 1.0004 1.00623 1.03539 1.00341 0.999903 0.999936 0.999936 0.9999 1.00339 1.03539 1.31796 1.32406 1.18603 1.06682 1.06686 1.18605 1.32438 1.32055 2.22895 3.88198 4.94243 4.84378 4.86942 4.96596 3.8992 2.23839 1.11375 1.06333 1.05485 1.04442 1.04446 1.05487 1.06338 1.11377 1.00896 1.0089 1.00208 1.00008 1.00007 1.00196 1.0089 1.00895 0.998084 0.999528 1.00003 1 1 1.00003 0.99953 
1.0005 0.999923 0.99998 1 1 0.99998 0.999923 1.0005 1.0028 0.999888 0.999937 1 1 0.999937 0.999888 1.0028 1.04567 1.04251 1.01938 1.00373 1.00373 1.01938 1.04255 1.04615 1.40054 2.83877 4.09425 2.99675 3.01924 4.15279 2.87534 1.40727 1.01555 1.00819 1.00681 1.0047 1.0047 1.00681 1.0082 1.01555 1.00004 0.999856 0.999886 0.999934 0.999935 0.999878 0.999857 1.00004 0.999948 1.00006 1.00001 1 1 1.00001 1.00006 
1.0005 0.999923 0.99998 1 1 0.99998 0.999923 1.0005 1.0028 0.999888 0.999937 1 1 0.999937 0.999888 1.0028 1.04615 1.04255 1.01938 1.00373 1.00373 1.01938 1.04255 1.04615 1.40727 2.87534 4.15279 3.01924 3.01924 4.15279 2.87534 1.40727 1.01555 1.0082 1.00681 1.0047 1.0047 1.00681 1.0082 1.01555 1.00004 0.999857 0.999878 0.999935 0.999934 0.99989 0.99989 1.00018 0.999948 1.00006 1.00001 1 1 1.00001 1.00006 
1.00623 1.0004 0.999949 0.999988 0.999988 0.999949 1.0004 1.00623 1.03539 1.00341 0.999903 0.999936 0.999936 0.999903 1.00341 1.03539 1.32055 1.32438 1.18605 1.06686 1.06686 1.18605 1.32438 1.32055 2.23839 3.8992 4.96596 4.86942 4.86942 4.96596 3.8992 2.23839 1.11377 1.06338 1.05487 1.04446 1.04446 1.05487 1.06338 1.11377 1.00895 1.0089 1.00196 1.00007 1.00009 1.00214 1.00948 1.01046 0.998084 0.999528 1.00003 1 1 1.00003 0.999528 
1.06472 1.00667 1.00035 0.999845 0.999845 1.00035 1.00667 1.06472 1.28065 1.04638 1.00318 0.999835 0.999835 1.00318 1.04638 1.28065 2.50851 2.70087 2.17642 1.63608 1.63608 2.17642 2.70087 2.50851 3.20979 5.13507 6.60132 8.02927 8.02927 6.60132 5.13507 3.20979 1.53992 1.35885 1.35183 1.33023 1.33023 1.35183 1.35885 1.53992 1.1334 1.12483 1.04155 1.00736 1.00769 1.04422 1.13026 1.14409 1.01467 0.998019 0.999435 0.999889 0.999889 0.999436 0.998019 
1.33764 1.04608 1.0038 1.00017 1.00017 1.0038 1.04608 1.33764 2.20148 1.30084 1.0351 1.00265 1.00265 1.0351 1.30084 2.20148 5.58783 6.32822 5.25356 4.12935 4.12935 5.25356 6.32822 5.58783 4.72878 7.41316 10.0351 12.6035 12.6035 10.0351 7.41316 4.72878 2.71443 2.3523 2.53335 2.60011 2.60011 2.53335 2.3523 2.71443 1.88782 1.79701 1.35065 1.09221 1.09736 1.37343 1.86004 1.9766 1.31593 1.02864 0.999672 0.999763 0.99976 0.999637 1.02864 
2.76056 1.32749 1.03182 1.00106 1.00106 1.03182 1.32749 2.76056 5.79043 2.8488 1.41131 1.06912 1.06912 1.41131 2.8488 5.79043 12.652 15.0621 13.9592 12.4063 12.4063 13.9592 15.0621 12.652 10.7674 15.3939 18.4239 20.4063 20.544 18.5922 15.5516 10.9017 5.4279 5.36867 5.93269 6.23483 6.23483 5.93269 5.36867 5.4279 4.74515 4.21944 2.69796 1.61733 1.61723 2.67251 4.0875 4.58877 4.08272 1.97895 1.15284 1.01364 1.01364 1.15284 1.97895 
2.71636 1.32769 1.03283 1.00049 1.00049 1.03283 1.32769 2.71636 5.5208 2.92304 1.45885 1.08498 1.08498 1.45885 2.92304 5.5208 11.039 13.7084 10.9015 7.92569 7.92569 10.9015 13.7084 11.039 7.63282 13.4778 18.0551 20.319 20.3359 18.0707 13.4644 7.61878 2.84466 2.38714 2.58957 2.8076 2.8076 2.58957 2.38714 2.84466 2.59884 2.3571 1.60672 1.15808 1.15714 1.59911 2.32937 2.5633 2.41218 1.38973 1.04259 1.00258 1.00258 1.04259 1.38973 
2.26326 1.22317 1.01919 1.00032 1.00032 1.01919 1.22317 2.26326 4.46973 2.41493 1.31763 1.05205 1.05205 1.31763 2.41493 4.46973 9.03768 11.4958 8.05283 4.82555 4.82555 8.05283 11.4958 9.03768 5.79979 12.1507 17.9358 20.2897 20.3067 17.9562 12.1318 5.7843 1.54039 1.15424 1.26835 1.44775 1.44775 1.26835 1.15424 1.54039 1.42806 1.36703 1.1216 1.02038 1.0202 1.1194 1.35962 1.41473 1.38697 1.07897 1.00607 1.00011 1.00011 1.00607 1.07897 
1.77582 1.11386 1.00767 1.00006 1.00006 1.00767 1.11386 1.77582 3.3537 1.75298 1.12413 1.01293 1.01293 1.12413 1.75298 3.3537 7.52214 9.44266 6.2587 3.15809 3.15809 6.2587 9.44266 7.52214 5.22992 12.8984 19.5435 21.2271 21.2375 19.5572 12.8874 5.21882 1.26511 0.996489 1.02377 1.07778 1.07778 1.02377 0.996489 1.26511 1.02648 1.0473 1.01214 1.00118 1.00116 1.01187 1.04659 1.02577 1.03396 1.00334 1.00012 1.00001 1.00001 1.00012 1.00334 
1.7812 1.11494 1.00782 1.00007 1.00006 1.00767 1.11386 1.77582 3.3537 1.75298 1.12413 1.01293 1.01266 1.12248 1.74526 3.35941 7.52858 9.44649 6.24787 3.13973 3.15809 6.2587 9.44266 7.52214 5.21882 12.8874 19.5572 21.2375 21.2375 19.5572 12.8874 5.21882 1.27669 0.997335 1.02287 1.07585 1.07585 1.02377 0.996489 1.26511 1.02577 1.04659 1.01187 1.00116 1.00118 1.01214 1.0473 1.02648 1.03396 1.00334 1.00012 1.00001 1.00001 1.00013 1.00339 
2.27618 1.22635 1.01984 1.00041 1.00032 1.01919 1.22317 2.26326 4.46973 2.41493 1.31763 1.05205 1.05106 1.31342 2.40209 4.48463 9.05218 11.4992 8.05109 4.78514 4.82555 8.05283 11.4958 9.03768 5.7843 12.1318 17.9562 20.3067 20.3067 17.9562 12.1318 5.7843 1.5557 1.15788 1.27125 1.4466 1.4466 1.26835 1.15424 1.54039 1.41473 1.35962 1.1194 1.0202 1.02038 1.1216 1.36703 1.42806 1.38697 1.07897 1.00607 1.00011 1.00011 1.00609 1.07911 
2.73314 1.33191 1.0337 1.00064 1.00049 1.03283 1.32769 2.71636 5.5208 2.92304 1.45885 1.08498 1.08347 1.45316 2.90638 5.54602 11.0565 13.7078 10.922 7.87632 7.92569 10.9015 13.7084 11.039 7.61878 13.4644 18.0707 20.3359 20.3359 18.0707 13.4644 7.61878 2.8651 2.39334 2.59794 2.81084 2.81084 2.58957 2.38714 2.84466 2.5633 2.32937 1.59911 1.15714 1.15808 1.60672 2.3571 2.59884 2.41218 1.38973 1.04259 1.00258 1.00257 1.04253 1.38962 
2.78197 1.33182 1.03255 1.00114 1.00106 1.03182 1.32749 2.76056 5.79043 2.8488 1.41131 1.06912 1.06812 1.4081 2.84095 5.84794 12.7258 15.1625 14.1798 12.5743 12.4063 13.9592 15.0621 12.652 10.9017 15.5516 18.5922 20.544 20.544 18.5922 15.5516 10.9017 5.53723 5.45607 6.02438 6.32216 6.32216 5.93269 5.36867 5.4279 4.58877 4.0875 2.67251 1.61723 1.61733 2.69796 4.21944 4.74515 4.08272 1.97895 1.15284 1.01364 1.01384 1.15492 1.99336 
4.66722 1.78737 1.09922 1.00621 1.00613 1.09856 1.78445 4.66218 10.4213 4.42665 1.79371 1.12661 1.12801 1.7992 4.44349 10.4706 22.0792 25.9873 26.8353 26.8259 26.8237 26.8326 25.9638 22.1357 23.3305 26.6707 28.6499 29.525 29.525 28.6499 26.6707 23.3305 20.7521 21.7589 22.4919 22.8596 22.8596 22.4919 21.7589 20.7521 15.3915 13.0973 8.39841 4.78186 4.7824 8.37042 13.1563 15.3024 11.1626 4.72093 1.84583 1.13081 1.13056 1.84344 4.70138 
5.12843 1.90375 1.11756 1.00739 1.0073 1.11666 1.89912 5.11389 11.4544 4.79925 1.8848 1.14495 1.14643 1.88977 4.80977 11.4772 24.4732 29.0366 31.2541 31.6893 31.6894 31.2535 29.0156 24.5727 26.631 27.9025 29.5388 30.9211 30.9211 29.5388 27.9025 26.631 26.6187 28.956 29.8473 30.0942 30.0942 29.8473 28.956 26.6187 18.5476 15.6329 10.2432 6.07194 6.06815 10.2413 15.6626 18.4671 12.7842 5.2971 2.03163 1.1778 1.17924 2.03561 5.30369 
5.27838 1.93175 1.12149 1.00775 1.00766 1.12059 1.9272 5.26438 11.9651 4.95228 1.91437 1.14929 1.15078 1.91926 4.96247 11.9876 25.8029 30.6759 33.2179 33.8297 33.8328 33.222 30.6623 25.9164 28.8173 28.9979 30.2676 31.77 31.77 30.2676 28.9979 28.8173 29.6335 32.1903 33.2706 33.5563 33.5563 33.2706 32.1903 29.6335 20.6039 17.2842 11.2518 6.67945 6.67707 11.2557 17.3255 20.5032 14.1556 5.86077 2.18482 1.20883 1.21058 2.18959 5.86817 
5.2759 1.90578 1.11132 1.00669 1.00664 1.1108 1.9033 5.26875 12.2287 4.99107 1.89063 1.13522 1.13617 1.89332 4.99615 12.242 26.412 31.2773 33.7488 34.3858 34.3873 33.7513 31.2672 26.5189 30.3247 30.1497 31.176 32.5516 32.5516 31.176 30.1497 30.3247 30.606 33.0543 34.1708 34.4434 34.4434 34.1708 33.0543 30.606 21.4965 18.0453 11.5906 6.79753 6.79642 11.5954 18.07 21.4105 14.9612 6.11449 2.21451 1.20074 1.20187 2.21704 6.11625 
5.26875 1.9033 1.1108 1.00664 1.00664 1.1108 1.9033 5.26875 12.242 4.99615 1.89332 1.13617 1.13617 1.89332 4.99615 12.242 26.5189 31.2672 33.7513 34.3873 34.3858 33.7488 31.2672 26.5189 30.3168 30.144 31.1714 32.5634 32.5516 31.176 30.1497 30.3247 30.606 33.0543 34.1708 34.4434 34.4455 34.181 33.1174 30.5744 21.4105 18.07 11.5954 6.79642 6.79753 11.5906 18.1059 21.4965 14.9612 6.11449 2.21451 1.20074 1.20074 2.21451 6.11449 
5.26438 1.9272 1.12059 1.00766 1.00766 1.12059 1.9272 5.26438 11.9876 4.96247 1.91926 1.15078 1.15078 1.91926 4.96247 11.9876 25.9164 30.6623 33.222 33.8328 33.8297 33.2179 30.6623 25.9164 28.806 28.9804 30.2665 31.7905 31.77 30.2676 28.9979 28.8173 29.6335 32.1903 33.2706 33.5563 33.5601 33.2884 32.2888 29.5764 20.5032 17.3255 11.2557 6.67707 6.67945 11.2518 17.3874 20.6039 14.1556 5.86077 2.18482 1.20883 1.20883 2.18482 5.86077 
5.11389 1.89912 1.11666 1.0073 1.0073 1.11666 1.89912 5.11389 11.4772 4.80977 1.88977 1.14643 1.14643 1.88977 4.80977 11.4772 24.5727 29.0156 31.2535 31.6894 31.6893 31.2541 29.0156 24.5727 26.6149 27.8782 29.5509 30.9406 30.9211 29.5388 27.9025 26.631 26.6187 28.956 29.8473 30.0942 30.0951 29.834 28.9683 26.5467 18.4671 15.6626 10.2413 6.06815 6.07194 10.2432 15.713 18.5476 12.7842 5.2971 2.03163 1.1778 1.1778 2.03163 5.2971 
4.66218 1.78445 1.09856 1.00613 1.00613 1.09856 1.78445 4.66218 10.4706 4.44349 1.7992 1.12801 1.12801 1.7992 4.44349 10.4706 22.1357 25.9638 26.8326 26.8237 26.8259 26.8353 25.9638 22.1357 23.4422 26.8249 28.7966 29.6361 29.525 28.6499 26.6707 23.3305 20.7521 21.7589 22.4919 22.8596 22.9964 22.7651 22.4191 20.9625 15.3024 13.1563 8.37042 4.7824 4.78186 8.39841 13.2048 15.3915 11.1626 4.72093 1.84583 1.13081 1.13081 1.84583 4.72093 
5.70833 2.01633 1.12569 1.00736 1.00743 1.12652 2.0215 5.7242 12.9364 5.38184 1.99815 1.15368 1.15368 1.99815 5.38184 12.9364 26.5887 30.4567 32.3036 32.7946 32.796 32.3049 30.4567 26.5887 31.0839 33.6492 34.278 34.1041 34.1179 34.284 33.6692 31.126 26.8368 29.5736 30.4559 30.8223 30.7576 30.5463 29.6084 26.837 19.1896 15.6041 11.1208 7.16465 7.16033 11.1022 15.5563 19.1456 13.9093 6.92861 2.73944 1.44583 1.44583 2.73944 6.92861 
5.63376 1.95769 1.11031 1.00581 1.00584 1.11079 1.96066 5.63828 13.2686 5.2856 1.91041 1.11756 1.11756 1.91041 5.2856 13.2686 27.796 31.6438 33.4007 34.0131 34.0126 33.4001 31.6438 27.796 32.2282 34.0419 34.5265 34.5348 34.5321 34.5272 34.0498 32.2482 29.5086 31.864 32.8088 33.175 33.205 32.8148 31.8347 29.4655 21.4782 16.8474 11.9159 7.60741 7.60721 11.9144 16.843 21.5135 14.8578 7.17534 2.7409 1.44354 1.44354 2.7409 7.17534 
5.62258 1.94824 1.10812 1.00574 1.00577 1.10855 1.95088 5.62603 13.3808 5.28296 1.90035 1.114 1.114 1.90035 5.28296 13.3808 28.2553 32.069 33.8188 34.4426 34.4435 33.8202 32.069 28.2553 32.8641 34.2042 34.6372 34.7367 34.7373 34.6392 34.2116 32.8841 30.6982 33.0692 34.0159 34.3482 34.3602 34.02 33.0538 30.6625 22.5386 17.4457 12.0127 7.57532 7.57538 12.0139 17.4435 22.576 15.4379 7.23454 2.73395 1.42958 1.42958 2.73395 7.23454 
5.61124 1.94362 1.10718 1.00574 1.00578 1.10757 1.94578 5.61383 13.4028 5.27942 1.89682 1.11362 1.11362 1.89682 5.27942 13.4028 28.4512 32.2183 33.9705 34.5464 34.5471 33.9715 32.2183 28.4512 33.229 34.2831 34.6703 34.8292 34.8295 34.6715 34.2867 33.2377 31.206 33.5197 34.4467 34.7148 34.7194 34.451 33.5132 31.1871 23.3504 18.0076 11.7799 7.2327 7.23334 11.7813 18.0049 23.3852 15.8884 7.11941 2.63811 1.36248 1.36248 2.63811 7.11941 
5.61383 1.94578 1.10757 1.00578 1.00578 1.10757 1.94578 5.61383 12.9984 5.30605 1.89606 1.11342 1.11362 1.89682 5.27942 13.4028 28.3498 32.2245 33.9715 34.5471 34.5464 33.9705 32.2183 28.4512 33.2377 34.2867 34.6715 34.8295 34.8292 34.6703 34.2831 33.229 31.1871 33.5132 34.4453 34.7139 34.7148 34.4467 33.5132 31.1871 23.4422 18.1419 11.6531 7.13373 7.13373 11.6531 18.1419 23.4422 15.8884 7.11941 2.63811 1.36248 1.35902 2.62747 7.08617 
5.62603 1.95088 1.10855 1.00577 1.00577 1.10855 1.95088 5.62603 12.9723 5.30765 1.89938 1.11377 1.114 1.90035 5.28296 13.3808 28.1523 32.0769 33.8202 34.4435 34.4426 33.8188 32.069 28.2553 32.8841 34.2116 34.6392 34.7373 34.7367 34.6372 34.2042 32.8641 30.6625 33.0538 34.0114 34.3459 34.3482 34.0159 33.0538 30.6625 22.6885 17.6832 11.8313 7.41599 7.41599 11.8313 17.6832 22.6885 15.4379 7.23454 2.73395 1.42958 1.42332 2.71609 7.18163 
5.63828 1.96066 1.11079 1.00584 1.00584 1.11079 1.96066 5.63828 12.8723 5.30741 1.90832 1.11697 1.11756 1.91041 5.2856 13.2686 27.6994 31.6519 33.4001 34.0126 34.0131 33.4007 31.6438 27.796 32.2482 34.0498 34.5272 34.5321 34.5348 34.5265 34.0419 32.2282 29.4655 31.8347 32.7909 33.1612 33.175 32.8088 31.8347 29.4655 21.6371 17.0932 11.7283 7.43793 7.43793 11.7283 17.0932 21.6371 14.8578 7.17534 2.7409 1.44354 1.43691 2.72237 7.12083 
5.7242 2.0215 1.12652 1.00743 1.00743 1.12652 2.0215 5.7242 12.6179 5.41429 1.99446 1.15228 1.15368 1.99815 5.38184 12.9364 26.5258 30.4679 32.3049 32.796 32.7946 32.3036 30.4567 26.5887 31.126 33.6692 34.284 34.1179 34.1041 34.278 33.6492 31.0839 26.837 29.6084 30.5052 30.8738 30.8223 30.4559 29.6084 26.837 19.2056 15.7012 10.9913 7.06478 7.06478 10.9913 15.7012 19.2056 13.9093 6.92861 2.73944 1.44583 1.44134 2.72828 6.88867 
6.98432 2.61212 1.27003 1.02334 1.02334 1.27003 2.61212 6.98432 13.9122 6.61718 2.57511 1.39488 1.40511 2.60315 6.79338 14.1091 27.7981 31.6577 33.5519 34.0465 34.0505 33.5605 31.6424 27.8782 29.5506 32.831 33.5811 33.2445 33.2078 33.5573 32.7936 29.5295 23.7215 28.6338 30.0569 30.3605 30.3346 30.0246 28.6338 23.7215 12.5607 12.4442 11.2504 10.2846 10.2846 11.2504 12.4442 12.5607 8.68775 5.98575 3.5976 2.04357 2.02255 3.56683 5.98844 
6.16433 2.25545 1.19127 1.01441 1.01441 1.19127 2.25545 6.16433 13.1888 5.94537 2.27966 1.29206 1.30045 2.30307 6.09098 13.3011 28.2414 32.126 34.0474 34.5398 34.5384 34.0442 32.1136 28.3489 30.8291 33.2933 34.0085 34.0468 34.0456 34.0037 33.2819 30.8446 26.2588 31.4113 32.9424 33.2334 33.2369 32.9371 31.4113 26.2588 13.3534 13.0409 12.8135 13.3002 13.3002 12.8135 13.0409 13.3534 9.7148 7.17053 4.43427 2.51265 2.4782 4.38664 7.1565 
5.805 2.09554 1.15716 1.011 1.011 1.15716 2.09554 5.805 12.9096 5.6691 2.16664 1.25504 1.26265 2.18806 5.80463 13.0181 28.4672 32.3612 34.2277 34.7012 34.7003 34.226 32.3515 28.5779 31.6516 33.5819 34.2512 34.4399 34.4383 34.2468 33.573 31.665 27.6861 32.5485 34.0699 34.4297 34.4343 34.0769 32.5485 27.6861 14.8036 13.8993 13.4652 13.5008 13.5008 13.4652 13.8993 14.8036 10.8249 8.05262 4.89912 2.63134 2.59619 4.84816 8.03996 
5.69943 2.0335 1.13423 1.00851 1.00851 1.13423 2.0335 5.69943 12.9217 5.59429 2.09786 1.21473 1.21879 2.10975 5.65843 13.0188 28.5955 32.4766 34.2835 34.7454 34.745 34.2829 32.4679 28.6994 32.21 33.8374 34.4311 34.6652 34.6642 34.4288 33.8332 32.2214 28.5239 32.9551 34.3966 34.724 34.7265 34.4001 32.9551 28.5239 16.941 14.9721 13.6229 12.1963 12.1963 13.6229 14.9721 16.941 11.9645 7.92659 4.17383 2.17436 2.15824 4.13901 7.91248 
5.68594 2.03108 1.13378 1.00846 1.00851 1.13423 2.0335 5.69943 13.0188 5.65843 2.10975 1.21879 1.21879 2.10975 5.65843 13.0188 28.5955 32.4766 34.2835 34.7454 34.7454 34.2835 32.4766 28.5955 32.2214 33.8332 34.4288 34.6642 34.6652 34.4311 33.8374 32.21 28.5408 32.945 34.3901 34.7216 34.724 34.3966 32.9551 28.5239 16.8743 14.8801 13.6339 12.424 12.4243 13.6334 14.8801 16.8743 12.0176 7.92659 4.17383 2.17436 2.17436 4.17383 7.92659 
5.77845 2.08955 1.15605 1.01088 1.011 1.15716 2.09554 5.805 13.0181 5.80463 2.18806 1.26265 1.26265 2.18806 5.80463 13.0181 28.4672 32.3612 34.2277 34.7012 34.7012 34.2277 32.3612 28.4672 31.665 33.573 34.2468 34.4383 34.4399 34.2512 33.5819 31.6516 27.7179 32.5382 34.0611 34.4261 34.4297 34.0699 32.5485 27.6861 14.6579 13.7756 13.453 13.8677 13.8675 13.4529 13.7756 14.6579 10.8846 8.05262 4.89912 2.63134 2.63134 4.89912 8.05262 
6.13526 2.24901 1.19008 1.01428 1.01441 1.19127 2.25545 6.16433 13.3011 6.09098 2.30307 1.30045 1.30045 2.30307 6.09098 13.3011 28.2414 32.126 34.0474 34.5398 34.5398 34.0474 32.126 28.2414 30.8446 33.2819 34.0037 34.0456 34.0468 34.0085 33.2933 30.8291 26.2953 31.4038 32.9394 33.2401 33.2334 32.9424 31.4113 26.2588 13.2113 12.8996 12.8055 13.6606 13.6603 12.8056 12.8996 13.2113 9.7643 7.17053 4.43427 2.51265 2.51265 4.43427 7.17053 
6.97252 2.61179 1.26999 1.02332 1.02334 1.27003 2.61212 6.98432 14.1091 6.79338 2.60315 1.40511 1.40511 2.60315 6.79338 14.1091 27.7981 31.6577 33.5519 34.0465 34.0465 33.5519 31.6577 27.7981 29.5295 32.7936 33.5573 33.2078 33.2445 33.5811 32.831 29.5506 23.7191 28.6012 30.0289 30.3232 30.3605 30.0569 28.6338 23.7215 12.3597 12.2679 11.2494 10.5444 10.5448 11.2495 12.2679 12.3597 8.76469 5.98575 3.5976 2.04357 2.04357 3.5976 5.98575 
9.22023 3.61315 1.5439 1.06435 1.06447 1.54509 3.61315 9.22023 16.6522 8.83809 3.64391 1.8523 1.8523 3.64391 8.83809 16.6522 26.7672 30.8175 32.4916 32.9509 32.9509 32.4916 30.8175 26.7672 22.4876 25.6363 26.2999 26.2299 26.0857 26.1271 25.6363 22.4876 17.3821 20.5429 21.8516 22.2571 22.1401 21.7202 20.411 17.2906 11.0224 12.1958 8.88351 5.3819 5.36472 8.84472 12.169 11.1324 6.49352 3.07883 1.65929 1.16041 1.16066 1.67782 3.11435 
10.3218 4.01502 1.64756 1.07971 1.07964 1.6476 4.01502 10.3218 18.6822 9.95049 4.1238 2.06446 2.06446 4.1238 9.95049 18.6822 28.6698 32.2166 33.7793 34.1837 34.1837 33.7793 32.2166 28.6698 24.4355 26.7267 27.8438 28.5347 28.5329 27.8414 26.7267 24.4355 19.96 25.278 27.9229 28.9331 28.9309 27.9092 25.2626 19.9783 11.3262 13.4311 9.49017 5.17357 5.17253 9.49408 13.445 11.4926 5.94176 2.37253 1.25511 1.03135 1.03135 1.25674 2.37652 
11.0276 4.29497 1.71549 1.08946 1.08933 1.71525 4.29497 11.0276 19.6723 10.4763 4.29463 2.12025 2.12025 4.29463 10.4763 19.6723 29.9227 33.1785 34.4157 34.7248 34.7248 34.4157 33.1785 29.9227 25.6314 27.6172 28.9658 30.0185 30.0169 28.9648 27.6172 25.6314 21.3636 27.8949 31.2479 32.4316 32.4199 31.224 27.8723 21.3928 11.3015 13.9591 9.72242 5.21186 5.21164 9.73127 13.9656 11.5129 5.31386 1.97976 1.12489 1.00845 1.00845 1.1252 1.98084 
11.2743 4.36594 1.72553 1.09166 1.0915 1.72489 4.36594 11.2743 20.0183 10.6075 4.27588 2.05715 2.05715 4.27588 10.6075 20.0183 30.4614 33.5184 34.5957 34.849 34.849 34.5957 33.5184 30.4614 26.4938 28.5166 29.9671 31.3695 31.3682 29.9659 28.5166 26.4938 21.9981 29.0963 32.6021 33.6207 33.6127 32.5869 29.0798 22.018 11.3388 14.1874 9.82638 5.24536 5.24535 9.83392 14.1899 11.5517 5.12986 1.887 1.10515 1.00628 1.00628 1.10528 1.88746 
11.2843 4.36416 1.72489 1.0915 1.09166 1.72553 4.36594 11.2743 19.9481 10.6243 4.26279 2.04692 2.05715 4.27588 10.6075 20.0183 30.4614 33.5184 34.5957 34.849 34.8508 34.601 33.5315 30.4606 26.5147 28.5193 29.9659 31.3682 31.3695 29.9671 28.5166 26.4938 22.018 29.0798 32.5869 33.6127 33.6127 32.5869 29.0798 22.018 11.5517 14.1899 9.83392 5.24535 5.24558 9.83495 14.1874 11.6267 5.12986 1.887 1.10528 1.00628 1.00628 1.10515 1.887 
11.0495 4.29567 1.71525 1.08933 1.08946 1.71549 4.29497 11.0276 19.5919 10.4799 4.27094 2.10489 2.12025 4.29463 10.4763 19.6723 29.9227 33.1785 34.4157 34.7248 34.728 34.4271 33.2034 29.9249 25.664 27.6223 28.9648 30.0169 30.0185 28.9658 27.6172 25.6314 21.3928 27.8723 31.224 32.4199 32.4199 31.224 27.8723 21.3928 11.5129 13.9656 9.73127 5.21164 5.21193 9.73312 13.9591 11.5864 5.31386 1.97976 1.1252 1.00845 1.00845 1.12489 1.97976 
10.343 4.01646 1.6476 1.07964 1.07971 1.64756 4.01502 10.3218 18.5997 9.94612 4.09837 2.04964 2.06446 4.1238 9.95049 18.6822 28.6698 32.2166 33.7793 34.1837 34.1915 33.7972 32.2506 28.6752 24.4692 26.7306 27.8414 28.5329 28.5347 27.8438 26.7267 24.4355 19.9783 25.2626 27.9092 28.9309 28.9309 27.9092 25.2626 19.9783 11.4926 13.445 9.49408 5.17253 5.17179 9.49514 13.4311 11.5471 5.94176 2.37253 1.25674 1.03135 1.03135 1.25511 2.37253 
9.25196 3.61956 1.54509 1.06447 1.06435 1.5439 3.61315 9.22023 16.5597 8.83228 3.62326 1.84074 1.8523 3.64391 8.83809 16.6522 26.7672 30.8175 32.4916 32.9509 32.9261 32.4796 30.8207 26.7321 22.3652 25.457 26.1271 26.0857 26.2299 26.2999 25.6363 22.4876 17.2906 20.411 21.7202 22.1401 22.1401 21.7202 20.411 17.2906 11.1324 12.169 8.84472 5.36472 5.36319 8.84403 12.1958 11.1684 6.49352 3.07883 1.67782 1.16041 1.16041 1.65929 3.07883 
8.28384 3.41335 1.54272 1.07884 1.07884 1.54272 3.40414 8.2589 13.6155 7.69698 3.23467 1.62091 1.62091 3.23467 7.69698 13.6155 20.5103 26.1662 28.0784 28.6366 28.6366 28.0784 26.1662 20.5103 9.73327 11.3279 11.7457 11.8981 11.7503 11.5679 11.1547 9.6067 7.4966 8.66419 8.53811 8.44016 8.34709 8.42613 8.55818 7.41903 5.22206 5.86555 3.98721 2.15239 2.15438 3.98611 5.86133 5.24146 2.5871 1.24277 1.01285 0.999404 0.999404 1.01285 1.24277 
9.66511 3.87979 1.65715 1.10154 1.10154 1.65715 3.87715 9.66745 15.7279 9.19394 3.75925 1.80145 1.80145 3.75925 9.19394 15.7279 21.2781 28.709 31.4829 32.1391 32.1391 31.4829 28.709 21.2781 6.50339 8.24744 8.26901 7.74362 7.74381 8.26983 8.24824 6.50348 3.91573 4.92127 4.80574 4.39341 4.39628 4.80795 4.92381 3.91786 2.20031 2.55588 1.77815 1.18157 1.18138 1.77647 2.55157 2.20376 1.38706 1.04442 1.00126 0.999644 0.999644 1.00126 1.04442 
10.2815 4.11465 1.71318 1.10988 1.10988 1.71318 4.11264 10.2845 16.5944 9.85518 3.98895 1.87358 1.87358 3.98895 9.85518 16.5944 21.523 29.7717 33.0217 33.7878 33.7878 33.0217 29.7717 21.523 4.54736 6.16708 5.90367 4.71667 4.71627 5.90415 6.16768 4.54778 2.03196 2.61436 2.58661 2.25159 2.25184 2.58642 2.6142 2.03179 1.21708 1.31015 1.11716 1.01605 1.016 1.1167 1.3085 1.21714 1.06568 1.00695 1.00032 0.999913 0.999913 1.00032 1.00695 
10.4289 4.16348 1.70661 1.10119 1.10119 1.70661 4.16343 10.4295 16.8171 10.0114 4.03272 1.8835 1.8835 4.03272 10.0114 16.8171 21.5353 30.0836 33.4338 34.226 34.226 33.4338 30.0836 21.5353 2.99661 4.20455 3.84631 2.7159 2.7157 3.84652 4.20483 2.9968 1.45801 1.70438 1.71672 1.57722 1.57728 1.71667 1.70432 1.45797 1.03926 1.03421 1.00935 1.0004 1.0004 1.00932 1.0342 1.04028 0.997992 0.998966 0.999943 1.00002 1.00002 0.999943 0.998966 
10.4295 4.16343 1.70556 1.10073 1.10119 1.70661 4.16343 10.4295 16.8271 10.0051 4.03425 1.88506 1.8835 4.03272 10.0114 16.8171 21.5353 30.0836 33.4338 34.226 34.2266 33.4351 30.0955 21.5266 2.9968 4.20483 3.84652 2.7157 2.7157 3.84652 4.20483 2.9968 1.45797 1.70432 1.71667 1.57728 1.57031 1.70083 1.68215 1.45698 1.04028 1.0342 1.00932 1.0004 1.00039 1.00932 1.03421 1.04036 0.997992 0.998966 0.999943 1.00002 1.00002 0.999943 0.998966 
10.2845 4.11264 1.71123 1.10907 1.10988 1.71318 4.11264 10.2845 16.5951 9.84665 3.99235 1.87731 1.87358 3.98895 9.85518 16.5944 21.523 29.7717 33.0217 33.7878 33.7913 33.0294 29.7879 21.5092 4.54778 6.16768 5.90415 4.71627 4.71627 5.90415 6.16768 4.54778 2.03179 2.6142 2.58642 2.25184 2.22935 2.53891 2.54294 2.01895 1.21714 1.3085 1.1167 1.016 1.01599 1.11676 1.30857 1.21731 1.06568 1.00695 1.00032 0.999913 0.999913 1.00032 1.00695 
9.66745 3.87715 1.65511 1.10076 1.10154 1.65715 3.87715 9.66745 15.7314 9.18716 3.76501 1.80589 1.80145 3.75925 9.19394 15.7279 21.2781 28.709 31.4829 32.1391 32.1587 31.5115 28.7223 21.2664 6.50348 8.24824 8.26983 7.74381 7.74381 8.26983 8.24824 6.50348 3.91786 4.92381 4.80795 4.39628 4.35562 4.73649 4.80563 3.87703 2.20376 2.55157 1.77647 1.18138 1.18152 1.77798 2.55373 2.20435 1.38706 1.04442 1.00126 0.999644 0.999644 1.00126 1.04443 
8.2589 3.40414 1.54012 1.07817 1.07884 1.54272 3.40414 8.2589 13.5516 7.65945 3.22828 1.62306 1.62091 3.23467 7.69698 13.6155 20.5103 26.1662 28.0784 28.6366 28.495 27.9274 26.0596 20.4111 9.6067 11.1547 11.5679 11.7503 11.7503 11.5679 11.1547 9.6067 7.41903 8.55818 8.42613 8.34709 8.17038 8.21786 8.36368 7.31704 5.24146 5.86133 3.98611 2.15438 2.14573 3.97212 5.83266 5.20671 2.5871 1.24277 1.01285 0.999404 0.999404 1.01285 1.24292 
2.78953 1.4595 1.07763 1.00821 1.00823 1.07744 1.45712 2.77228 5.02177 2.73379 1.42378 1.06822 1.06822 1.42378 2.71339 4.94802 10.8334 14.3517 15.1064 15.3857 15.4824 15.2124 14.4489 10.9137 2.8746 3.20758 3.28477 3.53634 3.53634 3.28477 3.20758 2.8746 2.75426 3.19976 3.2742 3.23148 3.25967 3.32464 3.25218 2.78678 1.87108 2.33906 1.66295 1.13791 1.13789 1.66292 2.33906 1.87108 1.14274 1.01401 1.00069 0.999927 0.999933 1.00073 1.01433 
1.50993 1.11044 1.01557 1.00117 1.00119 1.01574 1.11116 1.51047 2.3553 1.4672 1.08112 1.00884 1.00884 1.08112 1.46506 2.34061 5.15557 6.8773 7.20077 6.95558 6.94815 7.19291 6.86322 5.15222 1.33077 1.36627 1.39957 1.51891 1.51891 1.39957 1.36627 1.33077 1.26996 1.3369 1.36198 1.36442 1.36886 1.37059 1.34535 1.27379 1.11628 1.21426 1.08448 1.01158 1.01158 1.08449 1.21426 1.11628 1.01738 1.00141 0.999858 0.999865 0.999865 0.999857 1.0014 
1.07843 1.01373 1.00145 0.999953 0.999956 1.00146 1.01382 1.07861 1.2566 1.06242 1.0071 1.00015 1.00015 1.0071 1.06204 1.25265 2.34212 3.0068 2.99103 2.77721 2.7775 2.98999 3.00504 2.34239 1.02988 1.0279 1.03455 1.05614 1.05614 1.03455 1.0279 1.02988 1.017 1.01884 1.01987 1.02334 1.02418 1.0215 1.0203 1.01763 1.00791 1.01812 1.00536 1.00019 1.00019 1.00536 1.01812 1.00791 1.00124 0.999969 0.999968 0.999997 0.999997 0.999968 0.999969 
1.00818 1.00104 0.999929 0.999951 0.99995 0.99993 1.00105 1.0082 1.03114 1.00455 1 0.999862 0.999862 1 1.00452 1.03035 1.38266 1.6276 1.59073 1.46669 1.46684 1.59047 1.6273 1.3827 1.00316 1.00268 1.00347 1.00559 1.00559 1.00347 1.00268 1.00316 0.99945 0.997883 0.997109 0.998289 0.998414 0.997334 0.998062 0.999533 1.00018 1.00041 1 0.999903 0.999903 1 1.00041 1.00018 1.00011 0.999965 0.999996 1 1 0.999996 0.999965 
1.0082 1.00105 0.99993 0.99995 0.99995 0.99993 1.00105 1.0082 1.03035 1.00452 1 0.999862 0.999862 1 1.00452 1.03035 1.38266 1.6276 1.59073 1.46669 1.46669 1.59073 1.6276 1.38266 1.00316 1.00268 1.00347 1.00559 1.00559 1.00347 1.00268 1.00316 0.999533 0.998062 0.997334 0.998414 0.998289 0.997109 0.997883 0.99945 1.00018 1.00041 1 0.999903 0.999903 1 1.00041 1.00018 1.00011 0.999965 0.999996 1 1 0.999996 0.999965 
1.07861 1.01382 1.00146 0.999956 0.999956 1.00146 1.01382 1.07861 1.25265 1.06204 1.0071 1.00015 1.00015 1.0071 1.06204 1.25265 2.34212 3.0068 2.99103 2.77721 2.77721 2.99103 3.0068 2.34212 1.02987 1.0279 1.03455 1.05614 1.05614 1.03455 1.0279 1.02988 1.01763 1.0203 1.0215 1.02418 1.02334 1.01987 1.01884 1.017 1.00791 1.01812 1.00536 1.00019 1.00018 1.00535 1.01812 1.00791 1.00124 0.999969 0.999968 0.999997 0.999997 0.999968 0.999969 
1.51047 1.11116 1.01574 1.00119 1.00119 1.01574 1.11116 1.51047 2.34061 1.46506 1.08112 1.00884 1.00884 1.08112 1.46506 2.34061 5.15557 6.8773 7.20077 6.95558 6.95558 7.20077 6.8773 5.15557 1.32941 1.36453 1.39762 1.51714 1.51891 1.39957 1.36627 1.33077 1.27379 1.34535 1.37059 1.36886 1.36442 1.36198 1.3369 1.26996 1.11628 1.21426 1.08449 1.01158 1.01159 1.08458 1.21426 1.11627 1.01736 1.0014 0.999857 0.999865 0.999865 0.999858 1.00141 
2.77228 1.45712 1.07744 1.00823 1.00823 1.07744 1.45712 2.77228 4.94802 2.71339 1.42378 1.06822 1.06822 1.42378 2.71339 4.94802 10.8334 14.3517 15.1064 15.3857 15.3857 15.1064 14.3517 10.8334 2.85928 3.18769 3.26418 3.51305 3.53634 3.28477 3.20758 2.8746 2.78678 3.25218 3.32464 3.25967 3.23148 3.2742 3.19976 2.75426 1.87108 2.33906 1.66292 1.13789 1.13233 1.64062 2.33903 1.87095 1.14505 1.01433 1.00073 0.999933 0.999927 1.00069 1.01401 
1.58932 1.11773 1.01608 1.00149 1.00149 1.01608 1.11773 1.58932 2.5265 1.58375 1.11357 1.01506 1.01506 1.11357 1.58375 2.5265 3.96275 5.05536 5.59076 6.04516 6.04516 5.59076 5.05536 3.96275 1.60159 1.81696 1.78007 1.5777 1.5777 1.78007 1.81696 1.60159 1.43313 1.67397 1.7108 1.59421 1.59421 1.7108 1.67397 1.43313 1.12124 1.24135 1.08857 1.01447 1.01441 1.08815 1.24024 1.12169 1.01343 1.00087 1.00004 1.00009 1.00009 1.00004 1.00087 
1.12369 1.01999 1.00202 1.00005 1.00005 1.00202 1.01999 1.12369 1.35123 1.10556 1.01503 1.0013 1.0013 1.01503 1.10556 1.35123 1.97096 2.44097 2.60753 2.61725 2.61725 2.60753 2.44097 1.97096 1.11274 1.17221 1.15598 1.092 1.092 1.15598 1.17221 1.11274 1.06087 1.12237 1.13336 1.09205 1.09205 1.13336 1.12237 1.06087 1.0098 1.02303 1.0061 1.00055 1.00054 1.00604 1.02275 1.00977 1.00127 1.00004 0.999977 0.999997 0.999997 0.999977 1.00004 
1.01708 1.00205 1.00005 0.999944 0.999944 1.00005 1.00205 1.01708 1.05259 1.01224 1.00111 0.999897 0.999897 1.00111 1.01224 1.05259 1.18722 1.30698 1.34323 1.33107 1.33107 1.34323 1.30698 1.18722 1.01204 1.0208 1.01824 1.00852 1.00852 1.01824 1.0208 1.01204 1.0048 1.01273 1.01511 1.00848 1.00848 1.01511 1.01273 1.0048 1.00049 1.00112 1.00015 0.999906 0.999904 1.00015 1.00109 1.00048 1.00011 0.999978 1 1 1 1 0.999978 
1.00156 1.00006 0.999945 0.99999 0.99999 0.999945 1.00006 1.00156 1.00453 1.00068 0.999954 0.999958 0.999958 0.999954 1.00068 1.00453 1.02723 1.04949 1.05355 1.0474 1.0474 1.05355 1.04949 1.02723 1.00084 1.00127 1.00117 1.00046 1.00046 1.00117 1.00127 1.00084 1.00026 1.00056 1.00092 1.0004 1.0004 1.00092 1.00056 1.00026 0.999954 0.999847 0.999936 0.999986 0.999986 0.999936 0.999844 0.999954 1.00008 0.999995 1 1 1 1 0.999995 
0 0 0 0 0.99999 0.999945 1.00006 1.00156 1.00453 1.00068 0.999954 0.999958 0.999958 0.999954 1.00068 1.00453 1.02723 1.04949 1.05355 1.0474 1.04669 1.05263 1.04868 1.02682 1.00084 1.00123 1.00114 1.00045 1.00046 1.00117 1.00127 1.00084 1.00025 1.00053 1.00092 1.0004 1.0004 1.00092 1.00056 1.00026 0.999954 0.999844 0.999936 0.999986 0.999986 0.999936 0.999847 0.999954 1.00008 0.999995 1 1 0 0 0 
0 0 0 0 0.999944 1.00005 1.00205 1.01708 1.05258 1.01224 1.00111 0.999897 0.999897 1.00111 1.01224 1.05259 1.18722 1.30698 1.34323 1.33107 1.32741 1.33843 1.30294 1.18511 1.01203 1.02043 1.01791 1.00838 1.00852 1.01824 1.0208 1.01204 1.00469 1.01237 1.01511 1.00848 1.00848 1.01511 1.01273 1.0048 1.00048 1.00109 1.00015 0.999904 0.999906 1.00015 1.00112 1.00049 1.00011 0.999978 1 1 0 0 0 
0 0 0 0 1.00005 1.00202 1.01999 1.12369 1.35123 1.10557 1.01503 1.0013 1.0013 1.01503 1.10556 1.35123 1.97096 2.44097 2.60753 2.61725 2.60683 2.59574 2.43185 1.96572 1.11266 1.16987 1.15386 1.09099 1.092 1.15598 1.17221 1.11274 1.05996 1.11977 1.13337 1.09204 1.09205 1.13336 1.12237 1.06087 1.00977 1.02275 1.00604 1.00054 1.00055 1.0061 1.02303 1.0098 1.00127 1.00004 0.999977 0.999997 0 0 0 
