0 0 0 0 1.00009 1.00122 1.00929 1.05488 1.31425 1.05685 1.00539 1.00026 1.00026 1.00542 1.05717 1.31877 2.58557 2.82013 2.28193 1.76374 1.75906 2.27275 2.80977 2.57877 2.84323 4.98254 7.70262 9.75178 9.75292 7.71221 4.98472 2.83697 1.21162 1.11574 1.13411 1.17413 1.17147 1.12994 1.11129 1.20369 1.26872 1.20379 1.06567 1.01115 1.01128 1.06662 1.20641 1.2729 1.12179 1.01617 1.00147 1.00008 0 0 0 
0 0 0 0 0.999961 1.00006 1.0012 1.00697 1.04181 1.00657 1.00048 0.999897 0.999897 1.00048 1.00657 1.04241 1.31261 1.33054 1.19465 1.08695 1.08663 1.19345 1.32885 1.3123 1.74289 3.59863 5.58897 6.5081 6.48966 5.57802 3.58788 1.73639 1.00289 0.985893 0.978223 0.989891 0.989922 0.978085 0.985735 1.00162 1.03405 1.02146 1.00477 1.00031 1.00032 1.00486 1.02188 1.03481 1.01693 1.00186 1.00005 0.999965 0 0 0 
0 0 0 0 0.999994 0.999972 1.00005 1.00066 1.00325 1.00032 0.999943 0.999973 0.999973 0.999943 1.00032 1.0033 1.03921 1.03482 1.01616 1.00488 1.00485 1.01599 1.03454 1.03943 1.254 2.48874 3.9233 3.70074 3.67082 3.88807 2.46494 1.25065 0.996116 0.993327 0.990517 0.99381 0.993781 0.990446 0.993273 0.995708 1.00235 1.00117 1.00013 0.99993 0.999931 1.00014 1.00121 1.00243 1.00159 1.00008 0.999969 0.999996 0 0 0 
0 0 0 0 1 0.999994 0.999965 1.00004 0.999981 0.999793 0.999979 0.999999 0.999999 0.999979 0.999793 0.999982 1.00309 1.00164 1.0004 0.999959 0.999957 1.00039 1.00161 1.00315 1.0578 1.55598 2.46202 2.03507 2.02183 2.42746 1.54462 1.05692 0.99969 0.999103 0.998786 0.999148 0.999137 0.998769 0.999091 0.999614 1.00011 0.999888 0.999951 0.99999 0.99999 0.99995 0.999891 1.00012 1.00011 0.999964 0.999997 1 0 0 0 
1.00004 0.999965 0.999994 1 1 0.999994 0.999965 1.00004 0.999981 0.999793 0.999979 0.999999 0.999999 0.999979 0.999793 0.999981 1.00309 1.00164 1.0004 0.999959 0.999959 1.0004 1.00164 1.00309 1.0578 1.55598 2.46202 2.03507 2.03507 2.46202 1.55598 1.0578 0.999614 0.999091 0.998769 0.999137 0.999137 0.998769 0.999091 0.999614 1.00012 0.999891 0.99995 0.99999 0.99999 0.999951 0.999888 1.00011 1.00011 0.999964 0.999997 1 1 0.999997 0.999964 
1.00066 1.00005 0.999972 0.999994 0.999994 0.999972 1.00005 1.00066 1.00325 1.00032 0.999943 0.999973 0.999973 0.999943 1.00032 1.00325 1.03921 1.03482 1.01616 1.00488 1.00488 1.01616 1.03482 1.03921 1.254 2.48874 3.9233 3.70074 3.70074 3.9233 2.48874 1.254 0.995708 0.993273 0.990446 0.993781 0.993781 0.990446 0.993273 0.995708 1.00243 1.00121 1.00014 0.999931 0.99993 1.00013 1.00117 1.00235 1.00159 1.00008 0.999969 0.999996 0.999996 0.999969 1.00008 
1.00697 1.0012 1.00006 0.999961 0.999961 1.00006 1.0012 1.00697 1.04181 1.00657 1.00048 0.999897 0.999897 1.00048 1.00657 1.04181 1.31261 1.33054 1.19465 1.08695 1.08695 1.19465 1.33054 1.31261 1.74289 3.59863 5.58897 6.5081 6.5081 5.58897 3.59863 1.74289 1.00162 0.985735 0.978085 0.989922 0.989922 0.978085 0.985735 1.00162 1.03481 1.02188 1.00486 1.00032 1.00031 1.00477 1.02146 1.03405 1.01693 1.00186 1.00005 0.999965 0.999965 1.00005 1.00186 
1.05488 1.00929 1.00122 1.00009 1.00009 1.00122 1.00929 1.05488 1.31425 1.05685 1.00539 1.00026 1.00026 1.00539 1.05685 1.31425 2.58557 2.82013 2.28193 1.76374 1.76374 2.28193 2.82013 2.58557 2.84323 4.98254 7.70262 9.75178 9.75178 7.70262 4.98254 2.84323 1.20369 1.11129 1.12994 1.17147 1.17147 1.12994 1.11129 1.20369 1.2729 1.20641 1.06662 1.01128 1.01115 1.06567 1.20379 1.26872 1.12179 1.01617 1.00147 1.00008 1.00008 1.00147 1.01617 
1.37981 1.05801 1.00546 1.00028 1.00028 1.00546 1.05801 1.37981 2.27603 1.33739 1.04376 1.00387 1.00387 1.04376 1.33739 2.27603 5.68111 6.43022 5.56066 4.51136 4.51136 5.56066 6.43331 5.71575 4.92592 7.50143 9.91917 12.3336 12.2856 9.83062 7.40491 4.83881 2.90037 2.51328 2.68623 2.76338 2.77135 2.69484 2.51318 2.90101 1.9426 1.82618 1.40647 1.11975 1.11493 1.40648 1.82596 1.94421 1.36165 1.03982 0.999842 0.999731 0.999734 0.999885 1.03938 
1.08449 1.0101 1.00067 0.999842 0.999842 1.00067 1.0101 1.08449 1.32576 1.05926 1.00479 0.999897 0.999897 1.00479 1.05926 1.32576 2.65057 2.83649 2.34624 1.78933 1.78933 2.34624 2.84449 2.66537 3.44148 5.19386 6.53148 7.91241 7.92792 6.52748 5.19254 3.43268 1.63573 1.39776 1.39573 1.37736 1.37499 1.39216 1.39765 1.6356 1.14565 1.13571 1.05307 1.01069 1.01048 1.05405 1.1359 1.14582 1.01967 0.997677 0.999194 0.999873 0.999873 0.999193 0.997644 
1.00951 1.00079 0.999949 0.999979 0.999979 0.999949 1.00079 1.00951 1.04566 1.00526 1 0.999903 0.999903 1 1.00526 1.04566 1.39008 1.377 1.23509 1.09565 1.09565 1.23509 1.37983 1.39613 2.5796 4.13694 5.17636 5.04071 5.06134 5.19594 4.15187 2.58756 1.16954 1.07541 1.06515 1.05397 1.05332 1.06417 1.07539 1.16966 1.01034 1.01078 1.003 1.00023 1.00021 1.00306 1.01078 1.01033 0.997239 0.999274 1.00002 1.00001 1.00001 1.00002 0.999277 
1.00082 0.999926 0.999966 0.999999 0.999999 0.999966 0.999926 1.00082 1.00432 0.999996 0.999902 0.999998 0.999998 0.999902 0.999996 1.00432 1.06743 1.05537 1.02838 1.00669 1.00669 1.02838 1.056 1.06888 1.67957 3.39872 4.78653 3.38275 3.40758 4.84659 3.43857 1.69044 1.03161 1.01035 1.00842 1.00592 1.00581 1.00823 1.01035 1.03165 1.00002 0.999907 0.999869 0.99991 0.999909 0.999874 0.999907 1.00002 0.999791 1.00006 1.00002 1 1 1.00002 1.00006 
1.00082 0.999925 0.999966 0.999999 0.999999 0.999966 0.999926 1.00082 1.00432 0.999996 0.999902 0.999998 0.999998 0.999903 0.999978 1.0043 1.06743 1.05537 1.02919 1.00692 1.00681 1.02878 1.05537 1.06743 1.69044 3.43857 4.84659 3.40758 3.40758 4.84659 3.43857 1.69044 1.03165 1.01035 1.00823 1.00581 1.00581 1.00823 1.0102 1.0331 1.00002 0.999907 0.99987 0.999909 0.99991 0.999875 0.999922 1.00009 0.999791 1.00006 1.00002 1 1 1.00002 1.00006 
1.0095 1.00078 0.999948 0.999979 0.999979 0.999949 1.00079 1.00951 1.04566 1.00526 1 0.999903 0.999902 0.999998 1.00517 1.04537 1.39008 1.377 1.23955 1.09747 1.09661 1.23736 1.377 1.39008 2.58756 4.15187 5.19594 5.06134 5.06134 5.19594 4.15187 2.58756 1.16966 1.07539 1.06417 1.05332 1.05334 1.06417 1.07457 1.17344 1.01033 1.01078 1.00301 1.00021 1.00023 1.00307 1.011 1.01092 0.997245 0.999277 1.00002 1.00001 1.00001 1.00002 0.999274 
1.08412 1.00998 1.00066 0.999841 0.999842 1.00067 1.0101 1.08449 1.32576 1.05926 1.00479 0.999897 0.999903 1.00481 1.05895 1.326 2.65057 2.83649 2.3587 1.79622 1.79273 2.35169 2.83649 2.65057 3.43268 5.19254 6.52748 7.92792 7.92792 6.52748 5.19254 3.43268 1.6356 1.39765 1.39216 1.37499 1.37508 1.39212 1.3944 1.63735 1.14582 1.1359 1.05342 1.01044 1.01069 1.05407 1.13774 1.14953 1.01934 0.997644 0.999193 0.999873 0.999873 0.999194 0.997677 
1.3818 1.058 1.00543 1.00027 1.00028 1.00546 1.05801 1.37981 2.27603 1.33739 1.04376 1.00387 1.00416 1.04559 1.34552 2.31489 5.68111 6.43022 5.59451 4.54139 4.5503 5.60035 6.43022 5.68111 4.83881 7.40491 9.83062 12.2856 12.2856 9.83062 7.40491 4.83881 2.90101 2.51318 2.69484 2.77135 2.77435 2.69549 2.521 2.91127 1.94421 1.82596 1.40819 1.11608 1.11975 1.41474 1.84386 1.96933 1.35844 1.03938 0.999885 0.999734 0.999731 0.999842 1.03982 
2.82085 1.3583 1.04049 1.0016 1.0017 1.04129 1.36275 2.84141 6.15202 2.92553 1.44872 1.08165 1.08282 1.45229 2.92553 6.15202 12.9674 15.3068 13.5995 12.3132 12.323 13.6215 15.3068 12.9674 10.6889 15.2536 18.3751 20.2887 20.2887 18.3751 15.2536 10.6889 5.49741 5.2826 6.05047 6.3688 6.65339 6.1243 5.34549 5.51345 4.85236 4.10053 2.74204 1.72143 1.71831 2.7333 4.16656 4.93136 4.13645 2.08954 1.18791 1.01922 1.01897 1.18553 2.07419 
2.74069 1.349 1.04055 1.00061 1.00078 1.04149 1.35313 2.75586 5.60887 2.91073 1.4825 1.09674 1.09839 1.48842 2.91073 5.60887 10.9505 13.2886 10.7821 8.26978 8.26571 10.7854 13.2886 10.9505 7.88971 13.7911 18.108 20.1813 20.1813 18.108 13.7911 7.88971 3.02282 2.53886 2.75939 2.96966 2.96137 2.74808 2.53146 3.04696 2.71471 2.43439 1.67687 1.19371 1.19608 1.68436 2.44894 2.73315 2.59088 1.49496 1.0604 1.00433 1.00435 1.06049 1.49516 
2.3011 1.24285 1.02463 1.00054 1.00064 1.02532 1.246 2.31311 4.52088 2.41045 1.3354 1.05944 1.06055 1.34 2.41045 4.52088 8.97076 11.1734 8.11795 5.15097 5.14471 8.10817 11.1734 8.97076 6.18011 12.7605 18.2972 20.3849 20.3849 18.2972 12.7605 6.18011 1.6807 1.21652 1.32242 1.50229 1.49157 1.31953 1.21462 1.69945 1.48703 1.4171 1.14925 1.02766 1.02813 1.1514 1.42134 1.49427 1.47563 1.11573 1.00999 1.00033 1.00033 1.00998 1.11557 
1.84933 1.13702 1.01111 1.00018 1.0002 1.01129 1.13815 1.85421 3.46257 1.79754 1.14204 1.01654 1.01681 1.14319 1.79754 3.46257 7.58238 9.3406 6.49036 3.49409 3.49016 6.47819 9.3406 7.58238 5.97832 13.9233 19.9318 21.3516 21.3516 19.9318 13.9233 5.97832 1.37719 1.01165 1.03064 1.09434 1.08983 1.03143 1.01177 1.39379 1.05627 1.0674 1.01784 1.00196 1.00201 1.0182 1.06807 1.05709 1.06582 1.00909 1.00047 0.999984 0.999983 1.00046 1.00902 
1.85421 1.13815 1.01129 1.0002 1.0002 1.01129 1.13815 1.85421 3.45232 1.79604 1.14204 1.01654 1.01654 1.14204 1.79754 3.46257 7.58238 9.3406 6.47819 3.49016 3.49409 6.49036 9.3565 7.6056 5.96556 13.9147 19.9453 21.362 21.3516 19.9318 13.9233 5.97832 1.39379 1.01177 1.03143 1.08983 1.09434 1.03064 1.01165 1.37719 1.05798 1.06873 1.01835 1.00196 1.00196 1.01835 1.06873 1.05627 1.06582 1.00909 1.00047 0.999984 0.999984 1.00047 1.00909 
2.31311 1.246 1.02532 1.00064 1.00064 1.02532 1.246 2.31311 4.50271 2.40144 1.3354 1.05944 1.05944 1.3354 2.41045 4.52088 8.97076 11.1734 8.10817 5.14471 5.15097 8.11795 11.1733 8.98289 6.16323 12.7441 18.3177 20.4016 20.3849 18.2972 12.7605 6.18011 1.69945 1.21462 1.31953 1.49157 1.50229 1.32242 1.21652 1.6807 1.50168 1.42566 1.15239 1.02766 1.02766 1.15239 1.42566 1.48703 1.47563 1.11573 1.00999 1.00033 1.00033 1.00999 1.11573 
2.75586 1.35313 1.04149 1.00078 1.00078 1.04149 1.35313 2.75586 5.58066 2.89904 1.4825 1.09674 1.09674 1.4825 2.91073 5.60887 10.9505 13.2886 10.7854 8.26571 8.26978 10.7821 13.2727 10.9509 7.87505 13.7798 18.1232 20.1979 20.1813 18.108 13.7911 7.88971 3.04696 2.53146 2.74808 2.96137 2.96966 2.75939 2.53886 3.02282 2.75132 2.46332 1.68702 1.19335 1.19371 1.68702 2.46332 2.71471 2.59088 1.49496 1.0604 1.00433 1.00433 1.0604 1.49496 
2.84141 1.36275 1.04129 1.0017 1.0017 1.04129 1.36275 2.84141 6.14359 2.92371 1.44872 1.08165 1.08165 1.44872 2.92553 6.15202 12.9674 15.3068 13.6215 12.323 12.3132 13.5995 15.2829 12.9843 10.8222 15.4113 18.5397 20.4258 20.2887 18.3751 15.2536 10.6889 5.51345 5.34549 6.1243 6.65339 6.3688 6.05047 5.2826 5.49741 5.01039 4.23309 2.75985 1.72962 1.72143 2.75985 4.23309 4.85236 4.13645 2.08954 1.18791 1.01922 1.01922 1.18791 2.08954 
4.8851 1.88952 1.12324 1.00896 1.00896 1.12324 1.88952 4.8851 10.4791 4.62717 1.86448 1.1515 1.1515 1.86448 4.62717 10.4791 21.6099 25.3775 26.9379 27.0716 27.0701 26.9361 25.3775 21.6099 22.8427 26.0536 28.1459 29.0262 29.1397 28.2946 26.2131 22.9494 20.1704 21.4947 22.1751 22.5269 22.7534 22.4254 21.6181 20.3124 15.1928 12.986 8.46685 5.13047 5.15059 8.50836 13.0822 15.2759 11.3612 5.11927 1.98224 1.16999 1.16922 1.97768 5.08924 
5.38629 2.02253 1.14571 1.01078 1.01078 1.14571 2.02253 5.38629 11.5854 5.04472 1.97033 1.17419 1.17419 1.97033 5.04472 11.5854 24.1483 28.7977 30.9439 31.4515 31.4507 30.9426 28.7977 24.1483 26.2336 27.5967 29.1585 30.4585 30.4787 29.1715 27.5731 26.2174 26.1597 28.5054 29.5177 29.8307 29.7816 29.4443 28.4521 26.1595 17.9624 15.2824 10.1435 6.25683 6.25074 10.1551 15.3252 18.0344 12.6674 5.48062 2.11222 1.20843 1.20978 2.11483 5.47765 
5.56798 2.05756 1.1508 1.01128 1.01128 1.1508 2.05756 5.56798 12.1425 5.22439 2.0066 1.17963 1.17963 2.0066 5.22439 12.1425 25.4985 30.4634 32.9993 33.6706 33.6732 33.0038 30.4634 25.4985 28.2213 28.3803 29.6364 31.2005 31.2234 29.6345 28.3616 28.2119 29.1639 31.8695 33.0328 33.3651 33.3606 33.0264 31.8553 29.1807 19.9632 16.9373 11.1777 6.88301 6.87134 11.188 17.0004 20.0602 13.9453 6.01078 2.27213 1.24536 1.247 2.27526 6.00694 
5.58089 2.03349 1.13946 1.00977 1.00977 1.13946 2.03349 5.58089 12.4376 5.27542 1.99418 1.16538 1.16538 1.99418 5.27542 12.4376 26.1666 31.0438 33.5726 34.2611 34.2625 33.5758 31.0438 26.1666 29.4945 29.1454 30.2767 31.8252 31.8398 30.2692 29.1402 29.4866 30.1818 32.8001 33.9994 34.3128 34.3136 34.0011 32.7865 30.2341 20.9455 17.6931 11.5556 7.06945 7.06458 11.5653 17.7242 21.0255 14.8404 6.37567 2.33738 1.24239 1.24329 2.33833 6.36686 
5.57444 2.03099 1.13888 1.0097 1.00977 1.13946 2.03349 5.58089 12.4376 5.27542 1.99418 1.16538 1.16628 1.99671 5.30304 12.2585 26.3546 31.001 33.5758 34.2625 34.2625 33.5758 31.0396 26.3546 29.4866 29.1402 30.2692 31.8398 31.8252 30.2767 29.1454 29.4945 30.2341 32.7865 34.0011 34.3136 34.3133 34.0003 32.7962 30.2041 21.0255 17.7242 11.5653 7.06458 7.06945 11.5556 17.6931 20.9455 14.8597 6.36686 2.33833 1.24329 1.24239 2.33738 6.37567 
5.55511 2.05287 1.14977 1.01115 1.01128 1.1508 2.05756 5.56798 12.1425 5.22439 2.0066 1.17963 1.18117 2.01152 5.26525 11.986 25.6962 30.4039 33.0038 33.6732 33.6732 33.0038 30.4507 25.6962 28.2119 28.3616 29.6345 31.2234 31.2005 29.6364 28.3803 28.2213 29.1807 31.8553 33.0264 33.3606 33.3628 33.0311 31.8686 29.1621 20.0602 17.0004 11.188 6.87134 6.88301 11.1777 16.9373 19.9632 13.9643 6.00694 2.27526 1.247 1.24536 2.27213 6.01078 
5.37269 2.01771 1.14467 1.01065 1.01078 1.14571 2.02253 5.38629 11.5854 5.04472 1.97033 1.17419 1.17575 1.97557 5.0866 11.4435 24.3077 28.7133 30.9426 31.4507 31.4507 30.9426 28.7805 24.3077 26.2174 27.5731 29.1715 30.4787 30.4585 29.1585 27.5967 26.2336 26.1595 28.4521 29.4443 29.7816 29.8044 29.4843 28.4714 26.1402 18.0344 15.3252 10.1551 6.25074 6.25683 10.1435 15.2824 17.9624 12.6836 5.47765 2.11483 1.20978 1.20843 2.11222 5.48062 
4.88164 1.88662 1.1225 1.00886 1.00896 1.12324 1.88952 4.8851 10.4791 4.62717 1.86448 1.1515 1.15297 1.87006 4.67577 10.4134 21.8171 25.4474 26.9361 27.0701 27.0701 26.9361 25.4397 21.8171 22.9494 26.2131 28.2946 29.1397 29.0262 28.1459 26.0536 22.8427 20.3124 21.6181 22.4254 22.7534 22.6527 22.3065 21.6292 20.2985 15.2759 13.0822 8.50836 5.15059 5.13047 8.46685 12.986 15.1928 11.3288 5.08924 1.97768 1.16922 1.16999 1.98224 5.11927 
6.01307 2.16758 1.16443 1.01168 1.01181 1.16556 2.17359 6.02913 12.9085 5.6912 2.1367 1.19956 1.19956 2.1367 5.68146 13.0004 26.2747 30.0975 31.8706 32.3865 32.4229 31.9062 30.0385 26.3496 30.7561 33.4758 34.1411 33.9644 33.9807 34.1502 33.4989 30.8021 26.2394 29.2182 30.2354 30.6046 30.5414 30.2747 29.2261 26.2083 18.6119 15.2023 11.0775 7.34472 7.34472 11.0775 15.2023 18.6119 13.6858 7.29999 3.00577 1.58772 1.58772 3.00577 7.29999 
5.97981 2.11161 1.14626 1.00937 1.00944 1.147 2.11544 5.98421 13.2872 5.618 2.04565 1.15372 1.15372 2.04565 5.60425 13.3637 27.5376 31.3811 33.2826 33.9092 33.9007 33.2715 31.3703 27.6688 31.8818 33.8959 34.4364 34.4323 34.4294 34.4383 33.9068 31.9075 28.7884 31.3232 32.474 32.89 32.8809 32.4365 31.3534 28.7448 20.8871 16.5031 11.8435 7.73502 7.73502 11.8435 16.5031 20.8871 14.5499 7.54928 2.98778 1.57976 1.57976 2.98778 7.54928 
5.97628 2.10037 1.1429 1.00912 1.00918 1.14356 2.10377 5.97949 13.4241 5.6235 2.03416 1.14818 1.14818 2.03416 5.61075 13.5032 28.098 31.8891 33.756 34.3927 34.3861 33.7467 31.8728 28.2491 32.5694 34.0627 34.5579 34.6679 34.6686 34.5608 34.0723 32.5939 30.1244 32.6788 33.8269 34.1969 34.1907 33.8069 32.7144 30.0855 22.0551 17.1965 11.9441 7.74369 7.74369 11.9441 17.1965 22.0551 15.1298 7.59765 2.97073 1.55773 1.55773 2.97073 7.59765 
5.96476 2.0938 1.14074 1.00901 1.00907 1.14129 2.09646 5.9669 13.4569 5.62223 2.03003 1.14744 1.14744 2.03003 5.61083 13.5357 28.331 32.0613 33.8968 34.4898 34.4859 33.8944 32.0447 28.5005 32.9619 34.1182 34.5766 34.7688 34.7693 34.5781 34.1234 32.9759 30.7729 33.2519 34.3277 34.6308 34.6289 34.3186 33.2769 30.7357 22.8994 17.7302 11.7122 7.52317 7.52317 11.7122 17.7302 22.8994 15.639 7.45806 2.85545 1.4684 1.4684 2.85545 7.45806 
5.9669 2.09646 1.14129 1.00907 1.00901 1.14074 2.09646 5.9669 13.5357 5.61083 2.03003 1.14744 1.14726 2.0296 5.61083 13.5357 28.5005 32.0447 33.8944 34.4859 34.4859 33.8944 32.0447 28.5005 32.9759 34.1234 34.5781 34.7693 34.7688 34.5766 34.1182 32.9619 30.7215 33.2507 34.3186 34.6263 34.6308 34.3277 33.2519 30.7729 22.9027 17.7667 11.6688 7.47126 7.52317 11.7122 17.7302 22.8994 15.639 7.45806 2.85545 1.4684 1.46424 2.84341 7.4223 
5.97949 2.10377 1.14356 1.00918 1.00912 1.1429 2.10377 5.97949 13.5032 5.61075 2.03416 1.14818 1.14797 2.03356 5.61075 13.5032 28.2491 31.8728 33.7467 34.3861 34.3861 33.7467 31.8728 28.2491 32.5939 34.0723 34.5608 34.6686 34.6679 34.5579 34.0627 32.5694 30.0564 32.6675 33.8069 34.1855 34.1969 33.8269 32.6788 30.1244 22.0818 17.2624 11.8741 7.65614 7.74369 11.9441 17.1965 22.0551 15.1298 7.59765 2.97073 1.55773 1.55009 2.95012 7.5418 
5.98421 2.11544 1.147 1.00944 1.00937 1.14626 2.11544 5.98421 13.3637 5.60425 2.04565 1.15372 1.15339 2.04465 5.60425 13.3637 27.6688 31.3703 33.2715 33.9007 33.9007 33.2715 31.3703 27.6688 31.9075 33.9068 34.4383 34.4294 34.4323 34.4364 33.8959 31.8818 28.7066 31.2963 32.4365 32.8646 32.89 32.474 31.3232 28.7884 20.9237 16.575 11.7807 7.64175 7.73502 11.8435 16.5031 20.8871 14.5499 7.54928 2.98778 1.57976 1.57165 2.96616 7.49214 
6.02913 2.17359 1.16556 1.01181 1.01168 1.16443 2.17359 6.02913 13.0004 5.68146 2.1367 1.19956 1.19892 2.13566 5.68146 13.0004 26.3496 30.0385 31.9062 32.4229 32.4229 31.9062 30.0385 26.3496 30.8021 33.4989 34.1502 33.9807 33.9644 34.1411 33.4758 30.7561 26.1979 29.2675 30.2747 30.6304 30.6046 30.2354 29.2182 26.2394 18.5963 15.2419 11.055 7.31057 7.34472 11.0775 15.2023 18.6119 13.6858 7.29999 3.00577 1.58772 1.58242 2.99269 7.25809 
7.2397 2.77424 1.32464 1.03249 1.0325 1.32451 2.77424 7.2397 14.4119 6.93467 2.77751 1.49085 1.49663 2.79211 6.99202 14.442 27.7442 31.2871 33.395 33.9057 33.9057 33.395 31.2871 27.7442 29.0953 32.6163 33.4335 33.0934 33.0934 33.4335 32.6148 29.0927 23.0871 27.9078 29.8079 30.0241 29.9993 29.7736 27.8692 23.1846 12.0897 11.9387 11.2669 11.0302 11.0875 11.2611 11.8862 11.9942 8.54329 6.0597 3.88048 2.33446 2.30875 3.85401 6.06729 
6.50681 2.4248 1.24098 1.02141 1.02141 1.23958 2.4248 6.50681 13.7879 6.30884 2.48098 1.37493 1.37981 2.49336 6.3556 13.793 28.3604 31.8057 33.8905 34.4358 34.4358 33.8905 31.8057 28.3604 30.3735 33.0731 33.8707 33.9231 33.9231 33.8707 33.0724 30.3744 25.7043 30.8906 32.6698 32.9957 32.9969 32.6636 30.8561 25.8017 12.7338 12.615 12.7596 14.1336 14.2235 12.7616 12.5621 12.6634 9.37271 7.12523 4.71265 2.88826 2.8473 4.67158 7.11797 
6.15154 2.25044 1.19874 1.01644 1.01644 1.19743 2.25044 6.15154 13.5465 6.02784 2.35533 1.32767 1.3321 2.3666 6.07156 13.5493 28.6333 32.0609 34.1002 34.6254 34.6254 34.1002 32.0609 28.6333 31.1733 33.3291 34.099 34.317 34.317 34.099 33.3284 31.1737 27.1618 32.0926 33.8949 34.3151 34.3201 33.9031 32.0778 27.2746 14.1197 13.5183 13.4505 14.4006 14.4881 13.4504 13.471 14.0487 10.4077 7.98758 5.23393 3.03719 2.99512 5.19058 7.98275 
6.03547 2.18053 1.16922 1.01247 1.01247 1.16869 2.18053 6.03547 13.5432 5.90357 2.26106 1.2727 1.27498 2.26719 5.92756 13.5434 28.7662 32.1974 34.1755 34.6831 34.6831 34.1755 32.1974 28.7662 31.7357 33.5297 34.2416 34.5485 34.5485 34.2416 33.5294 31.7357 28.004 32.5645 34.2732 34.649 34.6518 34.2772 32.5493 28.0938 16.2182 14.5939 13.7022 13.1699 13.2176 13.71 14.5605 16.1888 11.5873 7.95501 4.55942 2.46534 2.44671 4.52616 7.94843 
6.01876 2.17763 1.16869 1.01247 1.01247 1.16869 2.18053 6.03547 13.5434 5.92756 2.26719 1.27498 1.27498 2.26719 5.92756 13.5434 28.6731 32.2062 34.1781 34.685 34.685 34.1781 32.1974 28.7662 31.7357 33.5294 34.2388 34.5472 34.5485 34.2416 33.5297 31.7357 28.0938 32.5493 34.2772 34.6518 34.6491 34.2717 32.5531 28.0966 16.1888 14.5605 13.71 13.2176 13.2176 13.71 14.5605 16.1888 11.5873 7.95501 4.55942 2.46534 2.46534 4.55942 7.95501 
6.12168 2.24376 1.19743 1.01644 1.01644 1.19743 2.25044 6.15154 13.5493 6.07156 2.3666 1.3321 1.3321 2.3666 6.07156 13.5493 28.5321 32.0702 34.1046 34.6287 34.6287 34.1046 32.0609 28.6333 31.1737 33.3284 34.0937 34.3149 34.317 34.099 33.3291 31.1733 27.2746 32.0778 33.9031 34.3201 34.3163 33.8942 32.0857 27.2804 14.0487 13.471 13.4504 14.4881 14.4881 13.4504 13.471 14.0487 10.4077 7.98758 5.23393 3.03719 3.03719 5.23393 7.98758 
6.47433 2.41761 1.23958 1.02141 1.02141 1.23958 2.4248 6.50681 13.793 6.3556 2.49336 1.37981 1.37981 2.49336 6.3556 13.793 28.2667 31.8122 33.8957 34.4404 34.4404 33.8957 31.8057 28.3604 30.3744 33.0724 33.8651 33.9214 33.9231 33.8707 33.0731 30.3735 25.8017 30.8561 32.6636 32.9969 33.005 32.6654 30.8792 25.8196 12.6634 12.5621 12.7616 14.2235 14.2235 12.7616 12.5621 12.6634 9.37271 7.12523 4.71265 2.88826 2.88826 4.71265 7.12523 
7.22272 2.77327 1.32451 1.0325 1.0325 1.32451 2.77424 7.2397 14.442 6.99202 2.79211 1.49663 1.49663 2.79211 6.99202 14.442 27.6876 31.2886 33.3909 33.9074 33.9074 33.3909 31.2871 27.7442 29.0927 32.6148 33.4078 33.0549 33.0934 33.4335 32.6163 29.0953 23.1846 27.8692 29.7736 29.9993 29.9136 29.6638 27.7697 23.1089 11.9942 11.8862 11.2611 11.0875 11.0875 11.2611 11.8862 11.9942 8.54329 6.0597 3.88048 2.33446 2.33446 3.88048 6.0597 
9.23315 3.73888 1.60667 1.0807 1.08078 1.60759 3.74387 9.27587 16.4506 9.01268 3.80665 1.97931 1.97931 3.80665 9.01268 16.4506 26.6274 30.391 32.2704 32.803 32.803 32.2704 30.3763 26.5521 22.4627 25.9004 26.6295 26.4643 26.4634 26.627 25.7304 22.3491 16.5732 19.9033 20.9198 21.1698 21.1708 20.918 19.2749 16.1435 10.9387 11.8773 8.8728 5.77115 5.77115 8.8728 11.8773 10.9387 6.72104 3.37693 1.85302 1.23552 1.23552 1.85302 3.37693 
10.3426 4.16432 1.72086 1.10028 1.1001 1.72043 4.16381 10.3787 18.4538 10.2069 4.31372 2.22196 2.22196 4.31372 10.2069 18.4538 28.3308 31.696 33.5608 34.0533 34.0533 33.5608 31.7373 28.3096 23.8087 26.4046 27.5379 28.2293 28.2296 27.5389 26.4113 23.8537 19.2601 24.4757 27.1861 28.4359 28.4367 27.1862 24.3295 19.2483 11.4236 13.0597 9.46843 5.49445 5.49445 9.46843 13.0597 11.4236 6.26335 2.59443 1.34393 1.05096 1.05096 1.34393 2.59443 
11.0739 4.47757 1.80065 1.11423 1.11396 1.79981 4.47571 11.1125 19.4204 10.7236 4.49738 2.28701 2.28701 4.49738 10.7236 19.4204 29.5336 32.7586 34.276 34.6586 34.6586 34.276 32.7954 29.5237 24.7906 26.8522 28.3377 29.4731 29.4732 28.3378 26.8603 24.8343 20.7225 27.1424 30.4661 31.905 31.9056 30.4657 26.9569 20.7757 11.4508 13.5691 9.72636 5.51756 5.51756 9.72636 13.5691 11.4508 5.63713 2.1373 1.16673 1.01345 1.01345 1.16673 2.1373 
11.3562 4.56961 1.82058 1.11826 1.11795 1.81936 4.56552 11.3819 19.7533 10.8166 4.46972 2.21678 2.21678 4.46972 10.8166 19.7533 29.9956 33.2071 34.4964 34.8022 34.8022 34.4964 33.2309 29.9974 25.4592 27.3633 28.9749 30.5574 30.5576 28.9751 27.3682 25.4865 21.3939 28.4823 32.0318 33.2285 33.2296 32.0329 28.36 21.4017 11.4688 13.7996 9.84473 5.54847 5.54847 9.84473 13.7996 11.4688 5.41345 2.01059 1.13403 1.00929 1.00929 1.13403 2.01059 
11.3819 4.56552 1.81936 1.11795 1.11795 1.81936 4.56552 11.3819 19.7111 10.7658 4.44375 2.19988 2.21678 4.46972 10.8166 19.7533 29.9974 33.2309 34.4964 34.8022 34.8115 34.5274 33.2309 29.9974 25.4865 27.3682 28.9751 30.5576 30.5574 28.9749 27.3633 25.4592 21.4017 28.36 32.0329 33.2296 33.2296 32.0329 28.36 21.4017 11.476 13.8024 9.84643 5.5463 5.54847 9.84473 13.7996 11.4688 5.41345 2.01059 1.13403 1.00929 1.00925 1.13379 2.00946 
11.1125 4.47571 1.79981 1.11396 1.11396 1.79981 4.47571 11.1125 19.3582 10.6452 4.45288 2.26221 2.28701 4.49738 10.7236 19.4204 29.5237 32.7954 34.276 34.6586 34.6748 34.3379 32.7954 29.5237 24.8343 26.8603 28.3378 29.4732 29.4731 28.3377 26.8522 24.7906 20.7757 26.9569 30.4657 31.9056 31.9056 30.4657 26.9569 20.7757 11.4633 13.5755 9.72799 5.51312 5.51756 9.72636 13.5691 11.4508 5.63713 2.1373 1.16673 1.01345 1.01336 1.1662 2.13524 
10.3787 4.16381 1.72043 1.1001 1.1001 1.72043 4.16381 10.3787 18.385 10.1178 4.26515 2.19758 2.22196 4.31372 10.2069 18.4538 28.3096 31.7373 33.5608 34.0533 34.0848 33.6502 31.7373 28.3096 23.8537 26.4113 27.5389 28.2296 28.2293 27.5379 26.4046 23.8087 19.2483 24.3295 27.1862 28.4367 28.4367 27.1862 24.3295 19.2483 11.4432 13.0705 9.46659 5.48493 5.49445 9.46843 13.0597 11.4236 6.26335 2.59443 1.34393 1.05096 1.0504 1.34175 2.58933 
9.27587 3.74387 1.60759 1.08078 1.08078 1.60759 3.74387 9.27587 16.3692 8.95179 3.77581 1.96082 1.97931 3.80665 9.01268 16.4506 26.5521 30.3763 32.2704 32.803 32.7147 32.2181 30.3763 26.5521 22.3491 25.7304 26.627 26.4634 26.4643 26.6295 25.9004 22.4627 16.1435 19.2749 20.918 21.1708 21.1708 20.918 19.2749 16.1435 10.9526 11.866 8.842 5.71724 5.77115 8.8728 11.8773 10.9387 6.72104 3.37693 1.85302 1.23552 1.22836 1.83032 3.34063 
8.20931 3.49909 1.59315 1.09522 1.09522 1.59315 3.4903 8.18506 13.4648 7.66746 3.31742 1.69601 1.69619 3.30918 7.65154 13.4103 20.5774 26.304 28.3247 28.935 28.9598 28.3684 26.1572 20.4262 9.96461 11.6891 11.8965 12.1409 11.9928 11.7176 11.5182 9.8444 7.53282 8.82634 9.20035 8.69932 8.62149 9.20167 8.72709 7.46235 5.49265 5.96036 4.066 2.33551 2.35101 4.09292 5.92775 5.46753 2.76833 1.30111 1.01975 0.999294 0.999089 1.01927 1.30206 
9.6083 3.98249 1.71582 1.12146 1.12146 1.71582 3.98095 9.61215 15.3831 9.08523 3.85347 1.89447 1.89624 3.85367 9.09128 15.3643 20.991 28.2079 31.1697 31.9233 31.9317 31.1879 28.2466 20.9554 6.62504 8.4105 8.50709 8.11482 8.11487 8.50798 8.4119 6.62519 4.23746 5.37202 5.1872 4.71474 4.71732 5.1882 5.37424 4.23894 2.33948 2.60033 1.84821 1.22904 1.22876 1.84662 2.59899 2.33894 1.46736 1.05953 1.00191 0.999534 0.999521 1.00189 1.05968 
10.2527 4.24085 1.78194 1.13259 1.13259 1.78194 4.2401 10.2571 16.2693 9.7816 4.10762 1.98232 1.98292 4.10429 9.7885 16.245 21.2636 29.2342 32.7264 33.6033 33.6069 32.7351 29.2836 21.2188 4.92022 6.70359 6.50039 5.34754 5.3472 6.50101 6.70455 4.92101 2.22886 2.95073 2.83858 2.44672 2.44694 2.83852 2.95055 2.22861 1.25976 1.33535 1.13799 1.022 1.02208 1.13835 1.33388 1.25965 1.08603 1.00991 1.00052 0.999895 0.999896 1.00052 1.00994 
10.4252 4.30735 1.78327 1.12411 1.12411 1.78327 4.30809 10.4279 16.5076 9.96154 4.16541 2.00109 2.00009 4.16011 9.96807 16.4881 21.2531 29.5727 33.1792 34.0746 34.0766 33.1837 29.6138 21.2165 3.61828 5.30669 4.83616 3.25692 3.25675 4.83646 5.30721 3.61861 1.53352 1.85545 1.83931 1.65781 1.65787 1.83931 1.85538 1.53347 1.05169 1.04265 1.01268 1.0008 1.0008 1.01273 1.04262 1.05164 1.00031 0.999093 0.999914 1.00003 1.00003 0.999912 0.999102 
10.4279 4.30809 1.7825 1.12366 1.12411 1.78327 4.30809 10.4279 16.4881 9.96807 4.16011 2.00009 2.00009 4.16011 9.96807 16.4881 21.2165 29.6138 33.1837 34.0766 34.0766 33.1837 29.5727 21.2531 3.61861 5.30721 4.83646 3.25675 3.25692 4.83616 5.30669 3.61828 1.53347 1.85538 1.83931 1.65787 1.65781 1.83931 1.85538 1.53347 1.05056 1.04265 1.01268 1.0008 1.0008 1.01268 1.04265 1.05169 1.00032 0.999102 0.999912 1.00003 1.00003 0.999914 0.999093 
10.2571 4.2401 1.78033 1.13175 1.13259 1.78194 4.2401 10.2571 16.245 9.7885 4.10429 1.98292 1.98292 4.10429 9.7885 16.245 21.2188 29.2836 32.7351 33.6069 33.6069 32.7351 29.2342 21.2636 4.92101 6.70455 6.50101 5.3472 5.34754 6.50039 6.70359 4.92022 2.22861 2.95055 2.83852 2.44694 2.44672 2.83858 2.95055 2.22861 1.25922 1.33535 1.13799 1.022 1.022 1.13799 1.33535 1.25976 1.08616 1.00994 1.00052 0.999896 0.999895 1.00052 1.00991 
9.61215 3.98095 1.71406 1.12063 1.12146 1.71582 3.98095 9.61215 15.3643 9.09128 3.85367 1.89624 1.89624 3.85367 9.09128 15.3643 20.9554 28.2466 31.1879 31.9317 31.9317 31.1879 28.2079 20.991 6.62519 8.4119 8.50798 8.11487 8.11482 8.50709 8.4105 6.62504 4.23894 5.37424 5.1882 4.71732 4.71474 5.1872 5.37424 4.23894 2.33479 2.60033 1.84821 1.22904 1.22904 1.84821 2.60033 2.33948 1.46789 1.05968 1.00189 0.999521 0.999534 1.00191 1.05953 
8.18506 3.4903 1.59058 1.09449 1.09522 1.59315 3.4903 8.18506 13.4103 7.65154 3.30918 1.69619 1.69619 3.30918 7.65154 13.4103 20.4262 26.1572 28.3684 28.9598 28.9598 28.3684 26.304 20.5774 9.8444 11.5182 11.7176 11.9928 12.1409 11.8965 11.6891 9.96461 7.46235 8.72709 9.20167 8.62149 8.69932 9.20035 8.72709 7.46235 5.42403 5.96036 4.066 2.33551 2.33551 4.066 5.96036 5.49265 2.77695 1.30206 1.01927 0.999089 0.999294 1.01975 1.30111 
2.8203 1.5098 1.09532 1.01159 1.01161 1.09514 1.50749 2.80167 4.68521 2.63939 1.45062 1.08077 1.08077 1.45062 2.65892 4.66424 10.6552 14.1544 15.2163 15.5497 15.5497 15.2163 14.1544 10.6552 2.96862 3.28984 3.39685 3.67961 3.65515 3.37532 3.28984 2.96862 3.00112 3.55453 3.53107 3.46955 3.46955 3.53107 3.55453 3.00112 2.0263 2.44505 1.74784 1.18234 1.18234 1.74784 2.44505 2.0263 1.17926 1.01943 1.00127 0.99991 0.99991 1.00127 1.01943 
1.56014 1.13559 1.02142 1.00191 1.00195 1.02164 1.13643 1.5604 2.36751 1.49765 1.09634 1.01208 1.01208 1.09634 1.50266 2.37743 5.3293 7.18694 7.43094 7.23452 7.23452 7.43094 7.18694 5.3293 1.38209 1.41628 1.46102 1.60689 1.60511 1.45909 1.41628 1.38209 1.32542 1.41844 1.42344 1.42983 1.42983 1.42344 1.41844 1.32542 1.1433 1.24631 1.10433 1.01654 1.01654 1.10433 1.24631 1.1433 1.02429 1.00229 0.99992 0.999844 0.999844 0.99992 1.00229 
1.09586 1.01912 1.00226 1.00002 1.00002 1.00228 1.01924 1.09603 1.27466 1.07207 1.00951 1.00037 1.00037 1.00951 1.07277 1.27663 2.5049 3.27039 3.21188 2.98466 2.98466 3.21188 3.27039 2.5049 1.03798 1.03499 1.04468 1.07422 1.07423 1.04468 1.03499 1.03798 1.02383 1.02964 1.02719 1.03236 1.03236 1.02719 1.02964 1.02383 1.01076 1.02292 1.00755 1.00044 1.00044 1.00755 1.02292 1.01076 1.0019 1.00004 0.999954 0.999996 0.999996 0.999954 1.00004 
1.01145 1.00171 0.999998 0.999927 0.999927 1 1.00172 1.01146 1.03711 1.00616 1.00013 0.999822 0.999822 1.00013 1.00622 1.03765 1.47467 1.78037 1.72617 1.58705 1.58705 1.72617 1.78037 1.47467 1.00406 1.003 1.00436 1.00808 1.00808 1.00436 1.003 1.00406 0.999492 0.997811 0.996442 0.998175 0.998175 0.996442 0.997811 0.999492 1.0003 1.00073 1.00007 0.999882 0.999882 1.00007 1.00073 1.0003 1.00017 0.999949 0.999991 1 1 0.999991 0.999949 
1.01146 1.00172 1 0.999927 0.999927 1 1.00172 1.01146 1.03711 1.00616 1.00013 0.999822 0.999822 1.00013 1.00616 1.03711 1.48822 1.80529 1.74875 1.59969 1.58705 1.72617 1.78037 1.47467 1.00406 1.003 1.00436 1.00808 1.00808 1.00436 1.003 1.00406 0.999593 0.998038 0.996441 0.998176 0.998175 0.996442 0.997811 0.999492 1.0003 1.00073 1.00007 0.999881 0.999881 1.00007 1.00073 1.00031 1.00017 0.999949 0.999991 1 1 0.999991 0.999949 
1.09603 1.01924 1.00228 1.00002 1.00002 1.00228 1.01924 1.09603 1.27466 1.07207 1.00945 1.00038 1.00038 1.00945 1.07207 1.27466 2.54187 3.33717 3.27016 3.01741 2.98466 3.21188 3.27039 2.5049 1.03797 1.03499 1.04468 1.07423 1.07422 1.04468 1.03499 1.03798 1.02461 1.03131 1.02719 1.03236 1.03236 1.02719 1.02964 1.02383 1.01076 1.02292 1.00752 1.00041 1.00041 1.00752 1.02288 1.01084 1.0019 1.00004 0.999954 0.999996 0.999996 0.999954 1.00004 
1.5604 1.13643 1.02164 1.00195 1.00195 1.02164 1.13643 1.5604 2.36751 1.49765 1.09539 1.01201 1.01201 1.09539 1.49765 2.36751 5.39849 7.30874 7.52604 7.29191 7.23452 7.43094 7.18694 5.3293 1.38072 1.41454 1.45909 1.60511 1.60689 1.46102 1.41628 1.38209 1.33016 1.4276 1.4233 1.42987 1.42983 1.42344 1.41844 1.32542 1.1433 1.24631 1.10417 1.01623 1.01623 1.10417 1.24629 1.14305 1.02429 1.00229 0.99992 0.999844 0.999844 0.99992 1.00229 
2.80167 1.50749 1.09514 1.01161 1.01161 1.09514 1.50749 2.80167 4.68521 2.63939 1.44594 1.07979 1.07979 1.44594 2.63939 4.68521 10.4375 13.8666 14.9894 15.3368 15.5497 15.2163 14.1544 10.6552 2.95268 3.26828 3.37532 3.65515 3.67961 3.39685 3.28984 2.96862 3.03822 3.61572 3.52526 3.46013 3.46955 3.53107 3.55453 3.00112 2.0263 2.44505 1.73415 1.16723 1.16723 1.73415 2.41354 1.99539 1.17926 1.01943 1.00127 0.99991 0.99991 1.00127 1.01943 
1.65131 1.14683 1.0224 1.00235 1.00235 1.0224 1.14683 1.65131 2.55974 1.63271 1.13861 1.02094 1.02094 1.13861 1.63271 2.55974 4.06657 5.25815 5.80287 6.32374 6.32374 5.80287 5.25815 4.06657 1.68457 1.92577 1.88901 1.67533 1.67533 1.88901 1.92577 1.68457 1.51483 1.7837 1.81409 1.69997 1.69376 1.81432 1.77079 1.50939 1.1487 1.28266 1.11073 1.02021 1.02021 1.11073 1.28266 1.1487 1.01851 1.00133 1.00006 1.00008 1.00008 1.00006 1.00133 
1.15311 1.0284 1.00318 1.00018 1.00018 1.00318 1.0284 1.15311 1.38738 1.12683 1.02118 1.0022 1.0022 1.02118 1.12683 1.38738 2.0933 2.65034 2.86129 2.87056 2.87056 2.86129 2.65034 2.0933 1.14554 1.22156 1.20155 1.12338 1.12338 1.20155 1.22156 1.14554 1.07929 1.15227 1.16407 1.11856 1.1169 1.16406 1.14925 1.07819 1.01341 1.03001 1.0087 1.00096 1.00096 1.0087 1.03001 1.01341 1.00188 1.0001 0.999973 0.999995 0.999995 0.999973 1.0001 
1.02384 1.00324 1.00022 0.999925 0.999925 1.00022 1.00324 1.02384 1.0643 1.01667 1.00185 0.999967 0.999967 1.00185 1.01667 1.0643 1.23726 1.39948 1.45565 1.43304 1.43304 1.45565 1.39948 1.23726 1.01841 1.03176 1.02795 1.01368 1.01368 1.02795 1.03176 1.01841 1.00707 1.01783 1.02093 1.01222 1.01196 1.02093 1.01737 1.00692 1.00075 1.00174 1.00031 0.999907 0.999907 1.00031 1.00174 1.00075 1.00018 0.999974 0.999999 1 1 0.999999 0.999974 
1.00241 1.0002 0.999927 0.999981 0.999981 0.999927 1.0002 1.00241 1.0064 1.00115 0.999999 0.999936 0.999936 0.999999 1.00115 1.0064 1.04018 1.07589 1.08553 1.0737 1.0737 1.08553 1.07589 1.04018 1.00146 1.0024 1.00216 1.0009 1.0009 1.00216 1.0024 1.00146 1.0004 1.00102 1.00148 1.00069 1.00067 1.00148 1.00098 1.00039 0.999954 0.999872 0.999924 0.999976 0.999976 0.999924 0.999872 0.999954 1.00008 0.999993 1 1 1 1 0.999993 
0 0 0 0 0.999981 0.999927 1.0002 1.00241 1.0064 1.00115 0.999999 0.999936 0.999937 0.999995 1.00112 1.00633 1.04018 1.07589 1.08553 1.0737 1.07269 1.08416 1.07473 1.03964 1.00146 1.00235 1.00211 1.00087 1.0009 1.00216 1.0024 1.00146 1.00039 1.00098 1.00148 1.00067 1.00069 1.00148 1.00102 1.0004 0.999954 0.999872 0.999923 0.999977 0.999976 0.999924 0.999872 0.999954 1.00008 0.999993 1 1 0 0 0 
0 0 0 0 0.999925 1.00022 1.00324 1.02384 1.0643 1.01667 1.00185 0.999967 0.999962 1.00182 1.01645 1.06377 1.23726 1.39948 1.45565 1.43304 1.42853 1.44947 1.39441 1.23475 1.01839 1.03125 1.0275 1.01348 1.01368 1.02795 1.03176 1.01841 1.00692 1.01737 1.02093 1.01196 1.01222 1.02093 1.01783 1.00707 1.00075 1.00174 1.0003 0.999905 0.999907 1.00031 1.00174 1.00075 1.00018 0.999974 0.999999 1 0 0 0 
0 0 0 0 1.00018 1.00318 1.0284 1.15311 1.38738 1.12683 1.02118 1.0022 1.00219 1.02101 1.12575 1.38527 2.0933 2.65034 2.86129 2.87056 2.85887 2.84785 2.64028 2.0876 1.14545 1.21884 1.19907 1.12217 1.12338 1.20155 1.22156 1.14554 1.07819 1.14925 1.16406 1.1169 1.11856 1.16407 1.15227 1.07929 1.01341 1.03001 1.00862 1.00096 1.00096 1.0087 1.03001 1.01341 1.00188 1.0001 0.999973 0.999995 0 0 0 
