0 0 0 0 1.00011 1.00138 1.01033 1.05932 1.32949 1.06164 1.00607 1.0003 1.00031 1.0061 1.06204 1.33443 2.65484 2.90054 2.36193 1.83713 1.83318 2.35362 2.8892 2.64714 2.90119 5.00376 7.667 9.76462 9.76572 7.67722 5.00699 2.89559 1.23373 1.13113 1.15273 1.19515 1.19227 1.14827 1.12643 1.22542 1.28516 1.21451 1.07139 1.0127 1.01269 1.0713 1.21441 1.28946 1.13333 1.0186 1.00175 1.0001 0 0 0 
0 0 0 0 0.999958 1.00009 1.00137 1.0077 1.04517 1.00742 1.00057 0.999894 0.999893 1.00057 1.00742 1.04581 1.33321 1.35351 1.21323 1.09962 1.09919 1.21183 1.35155 1.33286 1.81295 3.66575 5.6157 6.6026 6.58666 5.60676 3.65673 1.80639 1.00553 0.987439 0.980377 0.992625 0.992676 0.980255 0.987288 1.00416 1.03826 1.02383 1.00554 1.00041 1.0004 1.00554 1.02383 1.03907 1.0195 1.00226 1.00009 0.999961 0 0 0 
0 0 0 0 0.999992 0.999971 1.00007 1.00073 1.00366 1.00041 0.999942 0.999969 0.999969 0.999942 1.00041 1.00372 1.04357 1.03883 1.01857 1.00595 1.00591 1.01838 1.0385 1.04386 1.30282 2.62986 4.06123 3.88239 3.85263 4.02995 2.6066 1.29896 0.99609 0.993025 0.990168 0.993644 0.993621 0.990098 0.992971 0.995595 1.0028 1.00139 1.00017 0.999928 0.999928 1.00017 1.00139 1.00289 1.0019 1.00013 0.999966 0.999995 0 0 0 
0 0 0 0 1 0.999993 0.999961 1.00004 0.999992 0.999785 0.999975 0.999999 0.999999 0.999975 0.999784 0.999993 1.0037 1.00203 1.00054 0.999985 0.999983 1.00053 1.00199 1.00379 1.0745 1.67092 2.68024 2.15724 2.14265 2.6409 1.65719 1.07339 0.999647 0.998994 0.998642 0.999049 0.999036 0.998624 0.998981 0.999546 1.00014 0.999899 0.999946 0.999988 0.999988 0.999946 0.999899 1.00014 1.00014 0.999959 0.999995 1 0 0 0 
1.00004 0.999961 0.999993 1 1 0.999993 0.999961 1.00004 0.999993 0.999784 0.999975 0.999999 0.999999 0.999975 0.999785 0.999992 1.0037 1.00203 1.00054 0.999985 0.999985 1.00054 1.00203 1.0037 1.0745 1.67092 2.68024 2.15724 2.15724 2.68024 1.67092 1.0745 0.999546 0.998981 0.998624 0.999036 0.999036 0.998624 0.998981 0.999546 1.00014 0.999899 0.999946 0.999988 0.999988 0.999946 0.999899 1.00014 1.00014 0.999959 0.999995 1 1 0.999995 0.999959 
1.00073 1.00007 0.999971 0.999992 0.999992 0.999971 1.00007 1.00073 1.00372 1.00041 0.999942 0.999969 0.999969 0.999942 1.00041 1.00366 1.04357 1.03883 1.01857 1.00595 1.00595 1.01857 1.03883 1.04357 1.30282 2.62986 4.06123 3.88239 3.88239 4.06123 2.62986 1.30282 0.995595 0.992971 0.990098 0.993621 0.993621 0.990098 0.992971 0.995595 1.00289 1.00139 1.00017 0.999928 0.999928 1.00017 1.00139 1.00289 1.0019 1.00013 0.999966 0.999995 0.999995 0.999966 1.00013 
1.0077 1.00137 1.00009 0.999958 0.999958 1.00009 1.00137 1.0077 1.04581 1.00742 1.00057 0.999893 0.999894 1.00057 1.00742 1.04517 1.33321 1.35351 1.21323 1.09962 1.09962 1.21323 1.35351 1.33321 1.81295 3.66575 5.6157 6.6026 6.6026 5.6157 3.66575 1.81295 1.00416 0.987288 0.980255 0.992676 0.992676 0.980255 0.987288 1.00416 1.03907 1.02383 1.00554 1.0004 1.0004 1.00554 1.02383 1.03907 1.0195 1.00226 1.00009 0.999961 0.999961 1.00009 1.00226 
1.05932 1.01033 1.00138 1.00011 1.00011 1.00138 1.01033 1.05932 1.33443 1.06204 1.0061 1.00031 1.0003 1.00607 1.06164 1.32949 2.65484 2.90054 2.36193 1.83713 1.83713 2.36193 2.90054 2.65484 2.90119 5.00376 7.667 9.76462 9.76462 7.667 5.00376 2.90119 1.22542 1.12643 1.14827 1.19227 1.19227 1.14827 1.12643 1.22542 1.28946 1.21441 1.0713 1.01269 1.01269 1.0713 1.21441 1.28946 1.13333 1.0186 1.00175 1.0001 1.0001 1.00175 1.0186 
1.40148 1.06332 1.00622 1.00032 1.00032 1.00622 1.06332 1.40148 2.33245 1.36657 1.0464 1.00423 1.00423 1.0464 1.36684 2.32213 5.77223 6.49947 5.68531 4.67807 4.67807 5.68531 6.49947 5.77223 4.95914 7.48923 9.84274 12.2182 12.1684 9.75129 7.39286 4.8718 2.9255 2.5458 2.75274 2.83032 2.84612 2.77001 2.55961 2.94821 2.0092 1.85382 1.42143 1.12538 1.12538 1.42143 1.85382 2.0092 1.3746 1.04322 1.00004 0.999725 0.999725 1.00004 1.04322 
1.09283 1.01162 1.00082 0.999842 0.999842 1.00082 1.01162 1.09283 1.34498 1.06617 1.00552 0.999928 0.999931 1.00555 1.06656 1.34327 2.72008 2.89656 2.388 1.84215 1.84215 2.388 2.89656 2.72008 3.51958 5.20852 6.5111 7.86331 7.87819 6.50764 5.20648 3.50984 1.67595 1.42611 1.42416 1.40396 1.40385 1.42388 1.42613 1.67528 1.15512 1.14604 1.05823 1.01195 1.01195 1.05823 1.14604 1.15512 1.02109 0.997448 0.999077 0.999864 0.999864 0.999077 0.997448 
1.01109 1.00098 0.999953 0.999976 0.999976 0.999953 1.00098 1.01109 1.05085 1.0063 1.00005 0.999887 0.999887 1.00006 1.00636 1.0501 1.42749 1.40156 1.24779 1.10591 1.10591 1.24779 1.40156 1.42749 2.71617 4.23154 5.24969 5.10321 5.12208 5.26639 4.24586 2.72312 1.18651 1.08376 1.07225 1.05987 1.05991 1.0723 1.084 1.1866 1.0114 1.01207 1.0035 1.00028 1.00028 1.0035 1.01207 1.0114 0.996972 0.999159 1.00002 1.00001 1.00001 1.00002 0.999159 
1.001 0.999933 0.99996 0.999997 0.999997 0.99996 0.999933 1.001 1.00515 1.00007 0.999886 0.999996 0.999996 0.999886 1.00008 1.00503 1.08041 1.06176 1.03103 1.00779 1.00779 1.03103 1.06176 1.08041 1.82327 3.63234 5.06112 3.54687 3.57231 5.12177 3.67299 1.83605 1.03675 1.01194 1.00967 1.00675 1.00676 1.00967 1.01198 1.03676 1.00007 0.999971 0.999871 0.9999 0.9999 0.999871 0.999971 1.00007 0.999708 1.00005 1.00002 1 1 1.00002 1.00005 
1.001 0.999932 0.99996 0.999997 0.999997 0.99996 0.999933 1.001 1.00503 1.00008 0.999886 0.999996 0.999996 0.999886 1.00007 1.00515 1.08041 1.06176 1.03103 1.00779 1.00792 1.03147 1.06413 1.0855 1.83605 3.67299 5.12177 3.57231 3.57231 5.12177 3.67299 1.83605 1.03676 1.01198 1.00967 1.00676 1.00676 1.00967 1.01198 1.03676 1.00007 0.999956 0.999873 0.999901 0.999901 0.99988 0.999971 1.00014 0.999708 1.00005 1.00002 1 1 1.00002 1.00005 
1.01108 1.00097 0.999952 0.999976 0.999976 0.999953 1.00098 1.01109 1.0501 1.00636 1.00006 0.999887 0.999887 1.00005 1.0063 1.05085 1.42749 1.40156 1.24779 1.10591 1.10679 1.24993 1.41239 1.44811 2.72312 4.24586 5.26639 5.12208 5.12208 5.26639 4.24586 2.72312 1.1866 1.084 1.0723 1.05991 1.05991 1.0723 1.084 1.1866 1.01138 1.01179 1.00356 1.00033 1.00033 1.00366 1.01204 1.01198 0.996972 0.999159 1.00002 1.00001 1.00001 1.00002 0.999156 
1.09244 1.0115 1.0008 0.99984 0.999842 1.00082 1.01162 1.09283 1.34327 1.06656 1.00555 0.999931 0.999928 1.00552 1.06617 1.34498 2.72008 2.89656 2.388 1.84215 1.84477 2.39245 2.91529 2.76088 3.50984 5.20648 6.50764 7.87819 7.87819 6.50764 5.20648 3.50984 1.67528 1.42613 1.42388 1.40385 1.40385 1.42388 1.42613 1.67528 1.15529 1.14268 1.05901 1.01245 1.01245 1.06013 1.14472 1.15924 1.02109 0.997448 0.999077 0.999864 0.999864 0.999077 0.997482 
1.40371 1.06333 1.00619 1.0003 1.00032 1.00622 1.06332 1.40148 2.32213 1.36684 1.0464 1.00423 1.00423 1.0464 1.36657 2.33245 5.77223 6.49947 5.68531 4.67807 4.71825 5.72714 6.6501 5.95515 4.8718 7.39286 9.75129 12.1684 12.1684 9.75129 7.39286 4.8718 2.94821 2.55961 2.77001 2.84612 2.84612 2.77001 2.55961 2.94821 2.00983 1.87033 1.434 1.13547 1.13547 1.44969 1.88803 2.03467 1.3746 1.04322 1.00004 0.999725 0.999725 1.00004 1.04373 
2.92278 1.38815 1.04671 1.00222 1.00233 1.04759 1.3929 2.94298 6.05332 2.97331 1.46593 1.08792 1.08912 1.46931 2.97866 6.03797 13.045 15.3235 13.8032 12.5142 12.5142 13.8032 15.3235 13.045 10.7366 15.2472 18.5648 20.4156 20.4156 18.5648 15.2472 10.7366 5.55636 5.41726 6.10885 6.66998 6.66998 6.10885 5.41726 5.55636 4.73546 4.12762 2.81897 1.74003 1.74003 2.71799 4.19544 4.81521 4.13189 2.1168 1.2016 1.02183 1.02183 1.2016 2.11676 
2.80333 1.37291 1.04655 1.00139 1.00157 1.04757 1.37725 2.81798 5.5046 2.93988 1.49652 1.10289 1.10458 1.5023 2.96412 5.53214 10.9311 13.1551 10.7795 8.31703 8.31703 10.7795 13.1551 10.9311 7.98019 13.8965 18.1461 20.1571 20.1571 18.1461 13.8965 7.98019 3.07909 2.59033 2.81636 3.02623 3.02623 2.81636 2.59033 3.07909 2.7597 2.48797 1.71461 1.21255 1.21255 1.70304 2.48828 2.75873 2.65837 1.5401 1.06888 1.00525 1.00525 1.06888 1.54009 
2.35838 1.2629 1.02909 1.00103 1.00115 1.02983 1.26622 2.37015 4.45853 2.43762 1.3462 1.06339 1.06454 1.35066 2.45691 4.47566 8.948 11.0447 8.10167 5.20634 5.20634 8.10167 11.0447 8.948 6.31654 13.0122 18.4845 20.465 20.465 18.4845 13.0122 6.31654 1.72775 1.24323 1.34341 1.51707 1.51707 1.34341 1.24323 1.72775 1.51193 1.44527 1.16461 1.03162 1.03162 1.16052 1.44453 1.51203 1.51452 1.13322 1.01207 1.00046 1.00046 1.01207 1.13322 
1.89675 1.15147 1.01331 1.00032 1.00034 1.01351 1.1527 1.90162 3.46662 1.83651 1.15167 1.01855 1.01887 1.15315 1.84247 3.4764 7.597 9.27784 6.49885 3.59262 3.59262 6.49885 9.27784 7.597 6.28923 14.3315 20.0835 21.3932 21.3932 20.0835 14.3315 6.28923 1.41508 1.02055 1.0352 1.09825 1.09825 1.0352 1.02055 1.41508 1.06987 1.07808 1.02121 1.00243 1.00243 1.02056 1.0778 1.06987 1.08156 1.01235 1.0007 0.999972 0.999972 1.0007 1.01235 
1.90162 1.1527 1.01351 1.00034 1.00034 1.01351 1.15147 1.89675 3.46662 1.83651 1.15167 1.01855 1.01855 1.15167 1.83651 3.46662 7.59758 9.28178 6.49983 3.58342 3.59262 6.49885 9.27784 7.597 6.27544 14.3269 20.0951 21.4028 21.3932 20.0835 14.3315 6.28923 1.41381 1.02233 1.03521 1.10169 1.09825 1.0352 1.02055 1.41508 1.06987 1.0778 1.02073 1.00243 1.00243 1.02073 1.0778 1.06987 1.08156 1.01235 1.0007 0.999972 0.999972 1.0007 1.01235 
2.37015 1.26622 1.02983 1.00115 1.00115 1.02983 1.2629 2.35838 4.45853 2.43762 1.3462 1.06339 1.06339 1.3462 2.43762 4.45853 8.95849 11.0462 8.10481 5.18779 5.20634 8.10167 11.0447 8.948 6.29862 13.0001 18.5031 20.4807 20.465 18.4845 13.0122 6.31654 1.72909 1.2462 1.34312 1.5249 1.51707 1.34341 1.24323 1.72775 1.51203 1.44453 1.16159 1.03163 1.03163 1.16159 1.44453 1.51203 1.51452 1.13322 1.01207 1.00046 1.00046 1.01207 1.13322 
2.81798 1.37725 1.04757 1.00157 1.00157 1.04757 1.37291 2.80333 5.5046 2.93988 1.49652 1.10289 1.10289 1.49652 2.93988 5.5046 10.9442 13.1529 10.7859 8.29523 8.31703 10.7795 13.1551 10.9311 7.96478 13.8891 18.1594 20.1728 20.1571 18.1461 13.8965 7.98019 3.076 2.58994 2.8115 3.03482 3.02623 2.81636 2.59033 3.07909 2.75873 2.48828 1.70582 1.2123 1.2123 1.70582 2.48828 2.75873 2.65837 1.5401 1.06888 1.00525 1.00525 1.06888 1.5401 
2.94298 1.3929 1.04759 1.00233 1.00233 1.04759 1.38815 2.92278 6.05332 2.97331 1.46593 1.08792 1.08792 1.46593 2.97331 6.05332 13.1153 15.4127 13.9051 12.6002 12.5142 13.8032 15.3235 13.045 10.8697 15.4078 18.7272 20.552 20.4156 18.5648 15.2472 10.7366 5.76561 5.63935 6.33014 6.43266 6.66998 6.10885 5.41726 5.55636 4.81521 4.19544 2.74385 1.74833 1.74833 2.74385 4.19544 4.81521 4.13189 2.1168 1.2016 1.02183 1.02183 1.2016 2.1168 
4.96476 1.92751 1.13352 1.01026 1.01026 1.13352 1.92751 4.96476 10.3834 4.72317 1.90173 1.16465 1.1662 1.90733 4.72734 10.5485 21.6308 25.4407 26.7225 26.8887 26.9988 26.8223 25.4162 21.6781 22.7908 25.9674 27.978 28.8609 28.9735 28.1235 26.1217 22.8968 20.2922 21.7306 22.454 22.7703 22.7666 22.4483 21.7208 20.254 15.1564 12.905 8.43415 5.22068 5.22068 8.43415 12.905 15.1564 11.3315 5.21138 2.02812 1.18665 1.18665 2.02812 5.21138 
5.46946 2.06466 1.15759 1.01236 1.01236 1.15759 2.06466 5.46946 11.4744 5.16005 2.01351 1.18942 1.19092 2.01785 5.15048 11.6171 23.9003 28.5634 30.8569 31.3786 31.3709 30.8424 28.5467 23.9936 26.0388 27.4268 28.997 30.2701 30.2904 29.0109 27.407 26.0221 25.9252 28.2788 29.3423 29.6795 29.6961 29.3725 28.3193 25.9043 17.961 15.1741 10.1331 6.36387 6.36387 10.1331 15.1741 17.961 12.6828 5.55899 2.1541 1.22545 1.22545 2.1541 5.55899 
5.66537 2.10323 1.16324 1.01293 1.01293 1.16324 2.10323 5.66537 12.0348 5.35001 2.05225 1.19533 1.19685 2.05655 5.33952 12.1845 25.2382 30.2572 32.9191 33.6029 33.6016 32.9116 30.2487 25.3485 27.9742 28.1128 29.3817 30.9721 30.9956 29.3792 28.0938 27.9654 28.9589 31.7481 32.9472 33.2848 33.2887 32.9555 31.7636 28.9281 19.9633 16.8124 11.1671 7.00398 7.00398 11.1671 16.8124 19.9633 13.9156 6.05853 2.31417 1.26504 1.26504 2.31417 6.05853 
5.69331 2.08289 1.15177 1.01125 1.01125 1.15177 2.08289 5.69331 12.3248 5.40153 2.04067 1.18019 1.18108 2.04284 5.388 12.473 25.9038 30.886 33.5038 34.2077 34.2068 33.499 30.8746 26.004 29.1387 28.7347 29.9093 31.5171 31.5317 29.9017 28.73 29.1308 30.043 32.7008 33.9387 34.2606 34.2618 33.9417 32.712 30.0026 20.9495 17.5609 11.542 7.19658 7.19658 11.542 17.5609 20.9495 14.8353 6.45443 2.3914 1.2629 1.2629 2.3914 6.45443 
5.68792 2.08076 1.15122 1.01117 1.01125 1.15177 2.08289 5.69331 12.473 5.388 2.04284 1.18108 1.18108 2.04284 5.388 12.473 26.004 30.8746 33.499 34.2068 34.2077 33.5038 30.8746 26.004 29.1308 28.73 29.9017 31.5317 31.5317 29.9017 28.73 29.1308 30.0026 32.712 33.9417 34.2618 34.2606 33.9387 32.7008 30.043 20.7791 17.5616 11.5404 7.18399 7.19658 11.542 17.5609 20.9495 14.8353 6.45443 2.3914 1.2629 1.26202 2.3905 6.4621 
5.6536 2.09885 1.16219 1.01278 1.01293 1.16324 2.10323 5.66537 12.1845 5.33952 2.05655 1.19685 1.19685 2.05655 5.33952 12.1845 25.3485 30.2487 32.9116 33.6016 33.6029 32.9191 30.2487 25.3485 27.9654 28.0938 29.3792 30.9956 30.9956 29.3792 28.0938 27.9654 28.9281 31.7636 32.9555 33.2887 33.2848 32.9472 31.7481 28.9589 19.773 16.8237 11.1502 6.97282 7.00398 11.1671 16.8124 19.9633 13.9156 6.05853 2.31417 1.26504 1.26337 2.31126 6.0626 
5.45683 2.06011 1.15653 1.01221 1.01236 1.15759 2.06466 5.46946 11.6171 5.15048 2.01785 1.19092 1.19092 2.01785 5.15048 11.6171 23.9936 28.5467 30.8424 31.3709 31.3786 30.8569 28.5467 23.9936 26.0221 27.407 29.0109 30.2904 30.2904 29.0109 27.407 26.0221 25.9043 28.3193 29.3725 29.6961 29.6795 29.3423 28.2788 25.9252 17.8004 15.1747 10.1132 6.33892 6.36387 10.1331 15.1741 17.961 12.6828 5.55899 2.1541 1.22545 1.2241 2.1517 5.56237 
4.96209 1.92487 1.13276 1.01014 1.01026 1.13352 1.92751 4.96476 10.5485 4.72734 1.90733 1.1662 1.1662 1.90733 4.72734 10.5485 21.6781 25.4162 26.8223 26.9988 26.8887 26.7225 25.4162 21.6781 22.8968 26.1217 28.1235 28.9735 28.9735 28.1235 26.1217 22.8968 20.254 21.7208 22.4483 22.7666 22.7703 22.454 21.7306 20.2922 15.2441 13.0204 8.5212 5.26551 5.22068 8.43415 12.905 15.1564 11.3315 5.21138 2.02812 1.18665 1.18758 2.03308 5.24128 
6.15229 2.23854 1.17902 1.0136 1.01374 1.18032 2.24543 6.17214 13.1675 5.77764 2.19334 1.22033 1.22033 2.19334 5.77764 13.1675 26.2864 29.8886 31.8777 32.2855 32.322 31.9137 29.9379 26.3345 30.6298 33.4145 34.0947 33.9296 33.9296 34.0947 33.4145 30.6298 25.9654 29.0712 30.1536 30.4622 30.4487 30.1363 29.1069 25.9738 18.5302 15.3819 10.9562 7.30284 7.44808 11.0094 14.8571 18.2929 13.7469 7.32829 3.09083 1.63957 1.63957 3.09083 7.32829 
6.11848 2.18149 1.1609 1.01106 1.01114 1.16179 2.18613 6.12629 13.6361 5.72718 2.10199 1.17043 1.17043 2.10199 5.72718 13.6361 27.6813 31.2662 33.1704 33.848 33.8387 33.1592 31.2666 27.6739 31.7564 33.8405 34.397 34.3847 34.3847 34.397 33.8405 31.7564 28.5048 31.1579 32.3419 32.7866 32.8022 32.3658 31.1288 28.4721 21.0311 16.9231 11.6085 7.48452 7.80805 11.7415 16.2181 20.6708 14.6645 7.53256 3.04685 1.62113 1.62113 3.04685 7.53256 
6.11682 2.16899 1.15722 1.01073 1.0108 1.15802 2.17317 6.12352 13.7988 5.73328 2.09006 1.16396 1.16396 2.09006 5.73328 13.7988 28.3017 31.8054 33.6778 34.362 34.3549 33.6683 31.8091 28.2989 32.456 34.0071 34.5251 34.6375 34.6375 34.5251 34.0071 32.456 29.8954 32.5632 33.7414 34.1373 34.1487 33.761 32.5461 29.87 22.2036 17.5927 11.7133 7.53064 7.83415 11.8483 16.9625 21.89 15.2482 7.57318 3.02541 1.59606 1.59606 3.02541 7.57318 
6.10398 2.16037 1.15473 1.01056 1.01063 1.15538 2.16367 6.10965 13.842 5.73202 2.0857 1.163 1.163 2.0857 5.73202 13.842 28.562 31.9897 33.849 34.4627 34.4587 33.8452 31.9948 28.5604 32.8541 34.0513 34.5384 34.7418 34.7418 34.5384 34.0513 32.8541 30.5772 33.1699 34.2727 34.5956 34.6007 34.2817 33.1615 30.5653 22.9023 17.8678 11.5817 7.46256 7.65585 11.6497 17.5605 22.7769 15.7519 7.47752 2.9169 1.50516 1.50516 2.9169 7.47752 
6.10965 2.16367 1.15538 1.01063 1.01063 1.15538 2.16367 6.10965 13.8331 5.7286 2.08642 1.1632 1.163 2.0857 5.73202 13.842 28.5604 31.9948 33.8452 34.4587 34.4587 33.8452 31.9948 28.5604 32.8641 34.0563 34.5384 34.7417 34.7418 34.5384 34.0513 32.8541 30.5653 33.1615 34.2697 34.5944 34.5944 34.2697 33.1615 30.5653 22.987 17.8678 11.5817 7.46256 7.46256 11.5817 17.8678 22.987 15.7519 7.47752 2.9169 1.50516 1.50095 2.90546 7.44603 
6.12352 2.17317 1.15802 1.0108 1.0108 1.15802 2.17317 6.12352 13.7915 5.72933 2.09096 1.16419 1.16396 2.09006 5.73328 13.7988 28.2989 31.8091 33.6683 34.3549 34.3549 33.6683 31.8091 28.2989 32.4768 34.0166 34.5252 34.6375 34.6375 34.5251 34.0071 32.456 29.87 32.5461 33.7353 34.1347 34.1347 33.7353 32.5461 29.87 22.3272 17.5927 11.7133 7.53064 7.53064 11.7133 17.5927 22.3272 15.2482 7.57318 3.02541 1.59606 1.58815 3.00528 7.52054 
6.12629 2.18613 1.16179 1.01114 1.01114 1.16179 2.18613 6.12629 13.6296 5.72232 2.10326 1.17079 1.17043 2.10199 5.72718 13.6361 27.6739 31.2666 33.1592 33.8387 33.8387 33.1592 31.2666 27.6739 31.7782 33.851 34.397 34.3846 34.3847 34.397 33.8405 31.7564 28.4721 31.1288 32.3239 32.7736 32.7736 32.3239 31.1288 28.4721 21.1535 16.9231 11.6085 7.48452 7.48452 11.6085 16.9231 21.1535 14.6645 7.53256 3.04685 1.62113 1.61271 3.02561 7.47792 
6.17214 2.24543 1.18032 1.01374 1.01374 1.18032 2.24543 6.17214 13.1763 5.77565 2.19469 1.22107 1.22033 2.19334 5.77764 13.1675 26.3345 29.9379 31.9137 32.322 32.322 31.9137 29.9379 26.3345 30.6704 33.4377 34.094 33.9296 33.9296 34.0947 33.4145 30.6298 25.9738 29.1069 30.2048 30.5122 30.5122 30.2048 29.1069 25.9738 18.5605 15.3819 10.9562 7.30284 7.30284 10.9562 15.3819 18.5605 13.7469 7.32829 3.09083 1.63957 1.63411 3.07781 7.28761 
7.4135 2.84381 1.34915 1.03703 1.03696 1.34884 2.84142 7.39294 14.7161 7.1484 2.89141 1.54671 1.54686 2.89219 7.10681 14.7799 27.6996 31.1443 33.2984 33.8426 33.8426 33.2984 31.1443 27.6996 28.9466 32.6139 33.4043 33.0697 33.0697 33.4043 32.6139 28.9466 22.8963 27.8521 29.6981 29.9826 29.9826 29.6981 27.8521 22.8963 12.0193 11.8461 11.2614 11.2022 11.2623 11.2654 11.8069 11.8712 8.55805 6.09319 3.9623 2.43704 2.43659 3.93798 6.10156 
6.77621 2.51776 1.26599 1.02541 1.02518 1.26436 2.50923 6.74054 14.1143 6.52514 2.59117 1.42361 1.42363 2.59132 6.48861 14.2003 28.3594 31.6867 33.8476 34.4082 34.4082 33.8476 31.6867 28.3594 30.1754 33.01 33.8202 33.8759 33.8759 33.8202 33.01 30.1754 25.3366 30.6813 32.5481 32.8843 32.8843 32.5481 30.6813 25.3366 12.6209 12.4988 12.7501 14.3136 14.3882 12.7396 12.4562 12.482 9.29192 7.08066 4.77468 3.00998 3.00937 4.73697 7.07509 
6.41605 2.33691 1.22012 1.01962 1.01941 1.21861 2.32898 6.38301 13.8859 6.23975 2.45744 1.37065 1.37065 2.45746 6.20515 13.9764 28.6543 31.9614 34.0653 34.6046 34.6046 34.0653 31.9614 28.6543 30.9668 33.2415 34.0385 34.2656 34.2656 34.0385 33.2415 30.9668 26.8177 31.9282 33.83 34.2742 34.2742 33.83 31.9282 26.8177 13.9845 13.4042 13.4624 14.5976 14.6745 13.4559 13.3572 13.8335 10.2947 7.92818 5.31034 3.17142 3.17074 5.27106 7.92543 
6.24903 2.25209 1.18647 1.01465 1.01456 1.18581 2.24815 6.22909 13.8694 6.06895 2.34181 1.30418 1.30416 2.3418 6.04502 13.9595 28.7945 32.1043 34.1406 34.6627 34.6627 34.1406 32.1043 28.7945 31.5263 33.4033 34.1595 34.4958 34.4958 34.1595 33.4033 31.5263 27.7092 32.4246 34.2233 34.6201 34.6201 34.2233 32.4246 27.7092 16.0487 14.4639 13.7345 13.4467 13.4953 13.7382 14.4325 15.9195 11.4761 7.92831 4.67401 2.5747 2.57454 4.64265 7.9238 
6.22909 2.24815 1.18581 1.01456 1.01456 1.18581 2.24815 6.22909 13.8694 6.06895 2.34181 1.30418 1.30418 2.34181 6.06895 13.8694 28.7065 32.1095 34.1343 34.6633 34.6627 34.1406 32.1043 28.7945 31.5258 33.4034 34.1597 34.4958 34.4958 34.1595 33.4033 31.5263 27.7189 32.4243 34.2172 34.6167 34.6201 34.2233 32.4246 27.7092 15.9195 14.4325 13.7382 13.4953 13.4953 13.7382 14.4325 15.9195 11.4761 7.92831 4.67401 2.5747 2.5747 4.67401 7.92831 
6.38301 2.32898 1.21861 1.01941 1.01941 1.21861 2.32898 6.38301 13.8859 6.23975 2.45744 1.37065 1.37065 2.45744 6.23975 13.8859 28.5583 31.9649 34.0604 34.6074 34.6046 34.0653 31.9614 28.6543 30.9664 33.2416 34.0387 34.2656 34.2656 34.0385 33.2415 30.9668 26.8398 31.9265 33.8205 34.2692 34.2742 33.83 31.9282 26.8177 13.8335 13.3572 13.4559 14.6745 14.6745 13.4559 13.3572 13.8335 10.2947 7.92818 5.31034 3.17142 3.17142 5.31034 7.92818 
6.74054 2.50923 1.26436 1.02518 1.02518 1.26436 2.50923 6.74054 14.1143 6.52514 2.59117 1.42361 1.42361 2.59117 6.52514 14.1143 28.2742 31.686 33.8405 34.4116 34.4082 33.8476 31.6867 28.3594 30.1751 33.0105 33.8204 33.8759 33.8759 33.8202 33.01 30.1754 25.3632 30.6814 32.5434 32.8895 32.8843 32.5481 30.6813 25.3366 12.482 12.4562 12.7396 14.3882 14.3882 12.7396 12.4562 12.482 9.29192 7.08066 4.77468 3.00998 3.00998 4.77468 7.08066 
7.39294 2.84142 1.34884 1.03696 1.03696 1.34884 2.84142 7.39294 14.7161 7.1484 2.89141 1.54671 1.54671 2.89141 7.1484 14.7161 27.6468 31.1359 33.2826 33.8448 33.8426 33.2984 31.1443 27.6996 28.9454 32.6151 33.4031 33.0682 33.0697 33.4043 32.6139 28.9466 22.8855 27.8249 29.6708 29.9441 29.9826 29.6981 27.8521 22.8963 11.8712 11.8069 11.2654 11.2623 11.2623 11.2654 11.8069 11.8712 8.55805 6.09319 3.9623 2.43704 2.43704 3.9623 6.09319 
9.38987 3.8119 1.63893 1.08865 1.08865 1.63893 3.8119 9.38987 16.416 9.00213 3.86669 2.03106 2.03106 3.85688 9.00213 16.416 26.1182 30.237 32.1772 32.7267 32.6508 32.113 30.2259 26.1423 22.3786 26.0192 26.8036 26.5992 26.5965 26.7981 25.8567 22.273 15.9725 19.0119 20.7326 21.0599 20.9548 20.6153 18.7709 15.8847 10.8428 11.7701 8.93647 5.96339 5.90975 8.90836 11.7602 10.8583 6.77175 3.44016 1.90296 1.26051 1.26858 1.927 3.47677 
10.4799 4.22383 1.75064 1.10859 1.10859 1.75064 4.22383 10.4799 18.41 10.1786 4.38644 2.28631 2.28631 4.36944 10.1786 18.41 28.043 31.803 33.4951 34.0079 34.031 33.5547 31.7625 28.0349 23.598 26.3273 27.4607 28.1348 28.1352 27.4618 26.3335 23.6468 19.099 24.0139 26.9082 28.217 28.2415 26.9386 24.0088 19.218 11.3455 12.9183 9.45743 5.62985 5.61956 9.45587 12.9259 11.3661 6.38067 2.67947 1.38185 1.06041 1.06109 1.38431 2.68503 
11.2232 4.5443 1.83345 1.12389 1.12389 1.83345 4.5443 11.2232 19.3787 10.7057 4.57465 2.35506 2.35506 4.55949 10.7057 19.3787 29.2482 32.8359 34.2314 34.6343 34.646 34.2751 32.8053 29.2394 24.4431 26.5298 28.0629 29.2477 29.2477 28.0628 26.5388 24.4903 20.6759 26.6353 30.1999 31.7187 31.7259 30.214 26.6009 20.8251 11.3863 13.4163 9.71481 5.64269 5.63641 9.71536 13.4191 11.3999 5.76111 2.20129 1.18579 1.01601 1.01612 1.18641 2.2037 
11.4752 4.63586 1.85342 1.12856 1.12856 1.85342 4.63586 11.4752 19.7264 10.819 4.54457 2.283 2.283 4.53608 10.819 19.7264 29.7642 33.2149 34.4599 34.7832 34.7902 34.4814 33.1977 29.7562 25.039 26.8882 28.566 30.2165 30.2169 28.566 26.8938 25.0674 21.3243 28.0553 31.8177 33.0862 33.0889 31.8229 28.0123 21.4464 11.4096 13.6479 9.84078 5.67066 5.66665 9.84234 13.6489 11.4175 5.52231 2.06079 1.14691 1.01076 1.0108 1.14719 2.06211 
11.4994 4.63503 1.85269 1.12832 1.12856 1.85342 4.63586 11.4752 19.7264 10.819 4.53608 2.27713 2.27713 4.53608 10.7891 19.7818 29.7642 33.2149 34.4599 34.7832 34.7832 34.4599 33.2149 29.7642 25.0674 26.8938 28.566 30.2169 30.2169 28.566 26.8938 25.0674 21.4464 28.0123 31.8229 33.0889 33.0862 31.8177 28.0123 21.4464 11.4175 13.6489 9.84234 5.66665 5.66665 9.84234 13.6489 11.4175 5.52231 2.06079 1.14691 1.01076 1.01076 1.14691 2.06079 
11.2618 4.54568 1.83307 1.12369 1.12389 1.83345 4.5443 11.2232 19.3787 10.7057 4.55949 2.34663 2.34663 4.55949 10.6665 19.4308 29.2482 32.8359 34.2314 34.6343 34.6343 34.2314 32.8359 29.2482 24.4903 26.5388 28.0628 29.2477 29.2477 28.0628 26.5388 24.4903 20.8251 26.6009 30.214 31.7259 31.7187 30.1999 26.6009 20.8251 11.3999 13.4191 9.71536 5.63641 5.63641 9.71536 13.4191 11.3999 5.76111 2.20129 1.18579 1.01601 1.01601 1.18579 2.20129 
10.5167 4.22616 1.75064 1.10847 1.10859 1.75064 4.22383 10.4799 18.41 10.1786 4.36944 2.27764 2.27764 4.36944 10.1372 18.4585 28.043 31.803 33.4951 34.0079 34.0079 33.4951 31.803 28.043 23.6468 26.3335 27.4618 28.1352 28.1352 27.4618 26.3335 23.6468 19.218 24.0088 26.9386 28.2415 28.217 26.9082 24.0088 19.218 11.3661 12.9259 9.45587 5.61956 5.61956 9.45587 12.9259 11.3661 6.38067 2.67947 1.38185 1.06041 1.06041 1.38185 2.67947 
9.43185 3.81908 1.64024 1.0888 1.08865 1.63893 3.8119 9.38987 16.416 9.00213 3.85688 2.02504 2.02504 3.85688 8.97759 16.4681 26.1182 30.237 32.1772 32.7267 32.7267 32.1772 30.237 26.1182 22.273 25.8567 26.7981 26.5965 26.5965 26.7981 25.8567 22.273 15.8847 18.7709 20.6153 20.9548 21.0599 20.7326 18.7709 15.8847 10.8583 11.7602 8.90836 5.90975 5.90975 8.90836 11.7602 10.8583 6.77175 3.44016 1.90296 1.26051 1.26051 1.90296 3.44016 
8.24217 3.55632 1.6171 1.1033 1.10253 1.61436 3.54641 8.21636 13.2296 7.57114 3.34234 1.72748 1.72753 3.33901 7.57114 13.2296 20.3913 26.2239 28.3766 28.9789 29.0646 28.4729 26.3266 20.4823 9.89422 11.6129 11.8955 12.1857 12.0376 11.7171 11.4428 9.77622 7.44107 8.72989 9.17588 8.7653 8.73481 9.13184 8.72989 7.44107 5.53436 5.95708 4.15097 2.43171 2.43171 4.15097 5.95708 5.53436 2.82736 1.32628 1.02374 0.999497 0.999497 1.02374 1.32628 
9.5767 4.02654 1.74166 1.13112 1.13025 1.73975 4.02372 9.57819 15.1932 9.04702 3.88623 1.93474 1.93542 3.88632 9.04702 15.1932 20.7193 28.0931 31.1073 31.8741 31.8651 31.0953 28.0713 20.7396 6.67729 8.48133 8.59823 8.25944 8.25943 8.5991 8.48283 6.67719 4.3663 5.5576 5.39647 4.87244 4.82562 5.31886 5.5576 4.3663 2.3931 2.62227 1.87489 1.2506 1.2506 1.87489 2.62227 2.3931 1.50086 1.06639 1.00224 0.999478 0.999478 1.00224 1.06639 
10.2274 4.29266 1.81182 1.14355 1.14267 1.81005 4.29052 10.2298 16.0627 9.763 4.14837 2.02842 2.02861 4.14757 9.763 16.0627 20.9328 29.0821 32.6284 33.5354 33.529 32.6173 29.0549 20.9584 5.05588 6.90539 6.7231 5.59515 5.59458 6.72396 6.90658 5.05659 2.32036 3.10486 2.98966 2.54749 2.51934 2.93136 3.10486 2.32036 1.27869 1.34495 1.14753 1.02502 1.02502 1.14753 1.34495 1.27869 1.0953 1.01136 1.00061 0.99989 0.99989 1.00061 1.01136 
10.4141 4.36275 1.81542 1.13483 1.13435 1.81445 4.36194 10.4147 16.3291 9.95501 4.21071 2.04917 2.04866 4.20948 9.95501 16.3291 20.9027 29.4109 33.0838 34.0132 34.0084 33.0759 29.3899 20.9215 3.89794 5.78953 5.28205 3.5219 3.52151 5.28257 5.79027 3.8982 1.57255 1.93058 1.91309 1.70163 1.69181 1.89077 1.93058 1.57255 1.05608 1.04619 1.01431 1.00103 1.00103 1.01431 1.04619 1.05608 1.00153 0.999174 0.999902 1.00003 1.00003 0.999902 0.999174 
10.4147 4.36194 1.81445 1.13435 1.13483 1.81445 4.36194 10.4147 16.3072 9.96556 4.20948 2.04866 2.04917 4.21071 9.95501 16.3291 20.9215 29.3899 33.0759 34.0084 34.0132 33.0838 29.4109 20.9027 3.8982 5.79027 5.28257 3.52151 3.5219 5.28205 5.78953 3.89794 1.57243 1.91968 1.90199 1.69673 1.69681 1.90198 1.93058 1.57255 1.05721 1.04615 1.01427 1.00103 1.00103 1.01431 1.04619 1.05608 1.00153 0.999174 0.999902 1.00003 1.00003 0.999903 0.999165 
10.2298 4.29052 1.81005 1.14267 1.14355 1.81005 4.29052 10.2298 16.0287 9.77167 4.14757 2.02861 2.02842 4.14837 9.763 16.0627 20.9584 29.0549 32.6173 33.529 33.5354 32.6284 29.0821 20.9328 5.05659 6.90658 6.72396 5.59458 5.59515 6.7231 6.90539 5.05588 2.31338 3.07401 2.96055 2.53391 2.53387 2.96056 3.10486 2.32036 1.27937 1.34355 1.14705 1.02498 1.02502 1.14753 1.34495 1.27869 1.0953 1.01136 1.00061 0.99989 0.999889 1.00061 1.01133 
9.57819 4.02372 1.73975 1.13025 1.13112 1.73975 4.02372 9.57819 15.1662 9.05242 3.88632 1.93542 1.93474 3.88623 9.04702 15.1932 20.7396 28.0713 31.0953 31.8651 31.8741 31.1073 28.0931 20.7193 6.67719 8.48283 8.5991 8.25943 8.25944 8.59823 8.48133 6.67729 4.35068 5.51728 5.36054 4.85202 4.85215 5.36062 5.5576 4.3663 2.39817 2.61918 1.87335 1.25056 1.2506 1.87489 2.62227 2.3931 1.50086 1.06639 1.00224 0.999478 0.999493 1.00227 1.06624 
8.21636 3.54641 1.61436 1.10253 1.1033 1.61436 3.54641 8.21636 13.1455 7.53661 3.33901 1.72753 1.72748 3.34234 7.57114 13.2296 20.4823 26.3266 28.4729 29.0646 28.9789 28.3766 26.2239 20.3913 9.77622 11.4428 11.7171 12.0376 12.1857 11.8955 11.6129 9.89422 7.38786 8.64026 9.07687 8.68493 8.68459 9.07651 8.72989 7.44107 5.55062 5.95348 4.15078 2.43481 2.43171 4.15097 5.95708 5.53436 2.82736 1.32628 1.02374 0.999497 0.999732 1.02423 1.32521 
2.79136 1.52585 1.10274 1.01324 1.01327 1.10259 1.52361 2.7722 4.77712 2.66968 1.46795 1.08379 1.0848 1.47267 2.66968 4.77712 10.6752 14.1942 15.3225 15.671 15.671 15.3225 14.1942 10.6752 3.00601 3.34536 3.44423 3.73961 3.71497 3.44423 3.34536 3.00601 2.99145 3.51302 3.58004 3.53495 3.53497 3.5805 3.51432 2.99165 2.09811 2.48433 1.80037 1.21052 1.21053 1.80035 2.50646 2.06694 1.19591 1.02189 1.00163 0.999905 0.999918 1.00172 1.02232 
1.57935 1.1481 1.0245 1.00235 1.00239 1.02474 1.14901 1.57951 2.43313 1.52177 1.10346 1.01367 1.01366 1.10373 1.52177 2.43313 5.46883 7.37697 7.60036 7.38322 7.38322 7.60036 7.37697 5.46883 1.40374 1.43863 1.48659 1.64324 1.64148 1.48659 1.43863 1.40374 1.33614 1.42545 1.44086 1.45371 1.45373 1.44086 1.42555 1.33616 1.15643 1.26094 1.11363 1.0192 1.01926 1.11363 1.26077 1.15563 1.02767 1.00276 0.999962 0.999834 0.999834 0.99996 1.00274 
1.10363 1.02191 1.0027 1.00006 1.00007 1.00273 1.02203 1.1038 1.29944 1.07819 1.01068 1.00051 1.00051 1.01071 1.07819 1.29944 2.61968 3.44835 3.36083 3.10452 3.10452 3.36083 3.44835 2.61968 1.04184 1.03841 1.04954 1.08265 1.08265 1.04954 1.03841 1.04184 1.0247 1.02919 1.02806 1.03532 1.03531 1.02805 1.02918 1.0247 1.01209 1.02509 1.00864 1.0006 1.0006 1.00864 1.02514 1.01221 1.00225 1.00009 0.999947 0.999994 0.999994 0.999947 1.00009 
1.01304 1.00209 1.00005 0.999916 0.999916 1.00005 1.0021 1.01306 1.04394 1.0071 1.00021 0.999808 0.999807 1.00021 1.0071 1.04394 1.53168 1.87502 1.80716 1.65387 1.65387 1.80716 1.87502 1.53168 1.0045 1.00319 1.00483 1.00937 1.00937 1.00483 1.00319 1.0045 0.999236 0.997074 0.995796 0.997973 0.997974 0.995798 0.997075 0.999236 1.00035 1.00089 1.00011 0.999876 0.999877 1.00011 1.00089 1.00038 1.00021 0.999943 0.999989 1 1 0.999989 0.999943 
1.01306 1.0021 1.00005 0.999916 0.999916 1.00005 1.0021 1.01306 1.04282 1.00707 1.00021 0.999808 0.999808 1.00021 1.0071 1.04394 1.53168 1.87502 1.80716 1.65387 1.66048 1.82002 1.88893 1.53902 1.0045 1.00319 1.00483 1.00937 1.00937 1.00483 1.00319 1.0045 0.999125 0.996832 0.995503 0.997823 0.997973 0.995796 0.997074 0.999346 1.00038 1.00089 1.00011 0.999875 0.999877 1.00011 1.00089 1.00035 1.00021 0.999943 0.999989 1 1 0.999989 0.999943 
1.1038 1.02203 1.00273 1.00007 1.00007 1.00273 1.02203 1.1038 1.29451 1.07777 1.01068 1.00051 1.00051 1.01068 1.07819 1.29944 2.61968 3.44835 3.36083 3.10452 3.11989 3.39157 3.48415 2.63837 1.04182 1.03841 1.04954 1.08265 1.08265 1.04954 1.03841 1.04184 1.02389 1.02751 1.02621 1.03446 1.03532 1.02806 1.02919 1.02552 1.01221 1.02509 1.00861 1.00058 1.0006 1.00867 1.02509 1.01209 1.00225 1.00009 0.999947 0.999994 0.999994 0.999947 1.00009 
1.57951 1.14901 1.02474 1.00239 1.00239 1.02474 1.14901 1.57951 2.41686 1.51976 1.10346 1.01367 1.01367 1.10346 1.52177 2.43313 5.46883 7.37697 7.60036 7.38322 7.41656 7.65426 7.44572 5.50365 1.40239 1.43691 1.48467 1.64148 1.64324 1.48659 1.43863 1.40374 1.33135 1.41636 1.43187 1.44938 1.45371 1.44086 1.42545 1.34251 1.15563 1.26015 1.11324 1.01906 1.01926 1.11423 1.26094 1.15643 1.02767 1.00276 0.999962 0.999834 0.999834 0.999962 1.00276 
2.7722 1.52361 1.10259 1.01327 1.01327 1.10259 1.52361 2.7722 4.70548 2.65017 1.46795 1.08379 1.08379 1.46795 2.66968 4.77712 10.6752 14.1942 15.3225 15.671 15.4694 15.103 13.9957 10.5222 2.99007 3.32406 3.42251 3.71497 3.73961 3.44423 3.34536 3.00601 2.94949 3.44893 3.51554 3.49272 3.53495 3.58004 3.51302 2.98879 2.06694 2.49536 1.79353 1.20552 1.20803 1.79558 2.48433 2.09811 1.19591 1.02189 1.00163 0.999905 0.999905 1.00163 1.02189 
1.67387 1.16006 1.02544 1.0028 1.0028 1.02544 1.16006 1.67387 2.5623 1.64678 1.1484 1.0236 1.0236 1.1484 1.64675 2.56181 4.09813 5.3262 5.89907 6.4452 6.4452 5.89907 5.3262 4.09813 1.71787 1.96765 1.93147 1.71527 1.71527 1.93147 1.96765 1.71787 1.55638 1.84542 1.87137 1.74793 1.74216 1.85994 1.8333 1.55147 1.16129 1.30211 1.12146 1.02324 1.02315 1.12091 1.30088 1.16205 1.02098 1.00156 1.00007 1.00008 1.00008 1.00007 1.00156 
1.16586 1.03271 1.00381 1.00026 1.00026 1.00381 1.03271 1.16586 1.39791 1.13394 1.02379 1.00265 1.00265 1.02379 1.13394 1.39789 2.14226 2.73509 2.96475 2.97458 2.97458 2.96475 2.73509 2.14226 1.16006 1.24307 1.22146 1.1377 1.1377 1.22146 1.24307 1.16006 1.08961 1.17041 1.18267 1.13212 1.13036 1.17909 1.16718 1.08841 1.01521 1.03367 1.01002 1.0012 1.00119 1.00992 1.0333 1.01516 1.00219 1.00014 0.999971 0.999994 0.999994 0.999971 1.00014 
1.02703 1.0039 1.00031 0.999918 0.999918 1.00031 1.0039 1.02703 1.06841 1.01832 1.00219 1.00001 1.00001 1.00219 1.01832 1.06841 1.2598 1.44204 1.50763 1.47915 1.47915 1.50763 1.44204 1.2598 1.02158 1.03712 1.03271 1.01634 1.01634 1.03271 1.03712 1.02158 1.00849 1.02108 1.02469 1.01439 1.0141 1.02404 1.02055 1.00832 1.0009 1.00211 1.00039 0.999914 0.999911 1.00038 1.00206 1.00089 1.00022 0.999974 0.999998 1 1 0.999998 0.999974 
1.00285 1.00027 0.99992 0.999977 0.999977 0.99992 1.00027 1.00285 1.00718 1.00134 1.00002 0.999926 0.999926 1.00002 1.00134 1.00718 1.04666 1.0893 1.10219 1.08719 1.08719 1.10219 1.0893 1.04666 1.0018 1.00303 1.00271 1.00114 1.00114 1.00271 1.00303 1.0018 1.00051 1.00134 1.00189 1.00089 1.00086 1.00182 1.00129 1.00049 0.999959 0.999894 0.99992 0.999971 0.999972 0.999919 0.999888 0.999957 1.00007 0.999992 1 1 1 1 0.999992 
0 0 0 0 0.999977 0.99992 1.00027 1.00285 1.00718 1.00134 1.00002 0.999926 0.999927 1.00002 1.00134 1.00718 1.04666 1.0893 1.10219 1.08719 1.08604 1.10059 1.08797 1.04605 1.00181 1.00297 1.00266 1.00112 1.00114 1.00271 1.00303 1.0018 1.00049 1.00129 1.00182 1.00086 1.00089 1.00189 1.00134 1.00051 0.999957 0.999888 0.999919 0.999972 0.999971 0.99992 0.999894 0.999959 1.00007 0.999992 1 1 0 0 0 
0 0 0 0 0.999918 1.00031 1.0039 1.02703 1.06841 1.01832 1.00219 1.00001 1 1.00216 1.01832 1.06841 1.2598 1.44204 1.50763 1.47915 1.47428 1.50086 1.43652 1.2571 1.02155 1.03655 1.0322 1.01611 1.01634 1.03271 1.03712 1.02158 1.00832 1.02055 1.02404 1.0141 1.01439 1.02469 1.02108 1.00849 1.00089 1.00206 1.00038 0.999911 0.999914 1.00039 1.00211 1.0009 1.00022 0.999974 0.999998 1 0 0 0 
0 0 0 0 1.00026 1.00381 1.03271 1.16586 1.39789 1.13394 1.02379 1.00265 1.00264 1.0236 1.13394 1.39791 2.14226 2.73509 2.96475 2.97458 2.96241 2.95087 2.72484 2.1364 1.15996 1.24018 1.21882 1.1364 1.1377 1.22146 1.24307 1.16006 1.08841 1.16718 1.17909 1.13036 1.13212 1.18267 1.17041 1.08961 1.01516 1.0333 1.00992 1.00119 1.0012 1.01002 1.03367 1.01521 1.00219 1.00014 0.999971 0.999994 0 0 0 
