0 0 0 0 1.00023 1.00223 1.01534 1.07872 1.40957 1.08426 1.0095 1.00057 1.00057 1.0095 1.08477 1.41555 2.91222 3.16588 2.65599 2.13187 2.1271 2.64606 3.15263 2.90315 3.08601 5.05753 7.50707 9.79782 9.79701 7.51796 5.06372 3.08303 1.3251 1.19782 1.23266 1.28856 1.28581 1.22777 1.19227 1.31548 1.35761 1.26566 1.09879 1.02056 1.02076 1.0988 1.26913 1.3625 1.18391 1.0313 1.00331 1.00025 0 0 0 
0 0 0 0 0.999947 1.00025 1.00225 1.0112 1.06333 1.01162 1.00107 0.9999 0.9999 1.00107 1.01163 1.0642 1.42569 1.43686 1.2918 1.16051 1.15977 1.28987 1.43433 1.42542 2.08471 3.86791 5.63354 6.8808 6.87149 5.63098 3.86314 2.07944 1.01963 0.996548 0.992709 1.00739 1.00755 0.992666 0.996433 1.01779 1.05793 1.03573 1.00968 1.00099 1.00101 1.00968 1.03636 1.05897 1.03236 1.00481 1.00036 0.999943 0 0 0 
0 0 0 0 0.999983 0.999975 1.0002 1.00103 1.00602 1.00089 0.999951 0.999949 0.999949 0.999951 1.00088 1.0061 1.07112 1.05483 1.02998 1.01204 1.01197 1.0297 1.05442 1.07196 1.55977 3.08959 4.48538 4.53281 4.50847 4.46498 3.07385 1.55366 0.996473 0.992102 0.989182 0.99351 0.993504 0.989132 0.992059 0.995499 1.00522 1.00269 1.00046 0.99993 0.999933 1.00046 1.00276 1.00536 1.00364 1.00044 0.999959 0.999983 0 0 0 
0 0 0 0 1 0.999986 0.99995 1.00007 1.00007 0.999756 0.999958 0.999995 0.999995 0.999958 0.999755 1.00007 1.00956 1.00382 1.00133 1.00019 1.00019 1.0013 1.00377 1.0099 1.19533 2.29006 3.68772 2.75324 2.7321 3.63626 2.26495 1.19268 0.99951 0.998493 0.997976 0.998493 0.998479 0.997951 0.998475 0.999201 1.00028 0.999965 0.999941 0.999976 0.999976 0.999941 0.999971 1.00029 1.00031 0.999944 0.999983 1 0 0 0 
1.00007 0.99995 0.999986 1 1 0.999986 0.99995 1.00007 1.00007 0.999755 0.999958 0.999995 0.999995 0.999958 0.999756 1.00007 1.0099 1.00377 1.0013 1.00019 1.00019 1.0013 1.00377 1.0099 1.19533 2.29006 3.68772 2.75324 2.75324 3.68772 2.29006 1.19533 0.999201 0.998475 0.997951 0.998479 0.998479 0.997951 0.998475 0.999201 1.00029 0.999971 0.999941 0.999976 0.999976 0.999941 0.999971 1.00029 1.00031 0.999944 0.999983 1 1 0.999983 0.999944 
1.00103 1.0002 0.999975 0.999983 0.999983 0.999975 1.0002 1.00103 1.0061 1.00088 0.999951 0.999949 0.999949 0.999951 1.00089 1.00602 1.07196 1.05442 1.0297 1.01197 1.01197 1.0297 1.05442 1.07196 1.55977 3.08959 4.48538 4.53281 4.53281 4.48538 3.08959 1.55977 0.995499 0.992059 0.989132 0.993504 0.993504 0.989132 0.992059 0.995499 1.00536 1.00276 1.00046 0.999933 0.999933 1.00046 1.00276 1.00536 1.00364 1.00044 0.999959 0.999983 0.999983 0.999959 1.00044 
1.0112 1.00225 1.00025 0.999947 0.999947 1.00025 1.00225 1.0112 1.0642 1.01163 1.00107 0.9999 0.9999 1.00107 1.01162 1.06333 1.42542 1.43433 1.28987 1.15977 1.15977 1.28987 1.43433 1.42542 2.08471 3.86791 5.63354 6.8808 6.8808 5.63354 3.86791 2.08471 1.01779 0.996433 0.992666 1.00755 1.00755 0.992666 0.996433 1.01779 1.05897 1.03636 1.00968 1.00101 1.00101 1.00968 1.03636 1.05897 1.03236 1.00481 1.00036 0.999943 0.999943 1.00036 1.00481 
1.07872 1.01534 1.00223 1.00023 1.00023 1.00223 1.01534 1.07872 1.41555 1.08477 1.0095 1.00057 1.00057 1.0095 1.08426 1.40957 2.90315 3.15263 2.64606 2.1271 2.1271 2.64606 3.15263 2.90315 3.08601 5.05753 7.50707 9.79782 9.79782 7.50707 5.05753 3.08601 1.31548 1.19227 1.22777 1.28581 1.28581 1.22777 1.19227 1.31548 1.3625 1.26913 1.0988 1.02076 1.02076 1.0988 1.26913 1.3625 1.18391 1.0313 1.00331 1.00025 1.00025 1.00331 1.0313 
1.47455 1.08605 1.0104 1.00072 1.0007 1.01035 1.08605 1.47455 2.38368 1.39031 1.0565 1.00586 1.00626 1.05851 1.39888 2.4145 6.25202 7.00923 6.00492 5.10663 5.14691 6.04587 7.0926 6.33407 5.02099 7.38262 9.60227 11.8751 11.8326 9.53181 7.29984 4.94221 3.25308 2.83823 3.03808 3.1505 3.15558 3.04693 2.83834 3.25363 2.13213 1.95423 1.51608 1.18652 1.18975 1.52542 1.95509 2.1374 1.4512 1.06531 1.0008 0.999691 0.99969 1.00079 1.06524 
1.13127 1.01979 1.00189 0.999905 0.9999 1.00187 1.01979 1.13127 1.45087 1.09123 1.00884 1.0001 1.00011 1.00888 1.09093 1.4476 3.03842 3.16492 2.6526 2.11088 2.11421 2.65796 3.15845 3.03959 3.75084 5.28078 6.52017 7.6757 7.66704 6.50042 5.27852 3.73755 1.86581 1.5331 1.50434 1.48963 1.49174 1.50809 1.53313 1.86574 1.19945 1.16316 1.07817 1.02072 1.021 1.07957 1.17009 1.20721 1.03188 0.996994 0.998525 0.999807 0.999807 0.998525 0.996995 
1.0193 1.00214 1.00006 0.999954 0.999954 1.00005 1.00214 1.0193 1.0865 1.01136 1.00036 0.99982 0.999819 1.00035 1.01121 1.08428 1.62245 1.52132 1.3309 1.16591 1.1672 1.33379 1.52359 1.63061 3.18198 4.52125 5.40029 5.28544 5.29609 5.40251 4.52943 3.18552 1.31171 1.1222 1.09199 1.0782 1.0789 1.09319 1.1222 1.31157 1.01735 1.01524 1.00579 1.00093 1.00095 1.00592 1.01597 1.01905 0.996169 0.998548 0.999961 1.00002 1.00002 0.999961 0.998548 
1.00206 1.00003 0.999926 0.99999 0.99999 0.999926 1.00003 1.00206 1.0121 1.00059 0.999831 0.999985 0.999985 0.999828 1.00056 1.01166 1.16166 1.09705 1.05025 1.01594 1.01616 1.05089 1.09755 1.16453 2.54788 4.55954 6.02379 4.21417 4.25504 6.15024 4.60393 2.56711 1.08694 1.02055 1.013 1.00924 1.00938 1.01325 1.02055 1.08685 1.00054 1.00016 0.999875 0.999875 0.999876 0.999885 1.00022 1.00083 0.999256 0.999998 1.00004 1 1 1.00004 0.999998 
1.00207 1.00003 0.999926 0.99999 0.99999 0.999926 1.00003 1.00206 1.01166 1.00056 0.999828 0.999985 0.999985 0.999828 1.00056 1.01166 1.16453 1.09755 1.05089 1.01616 1.01616 1.05089 1.09755 1.16453 2.56711 4.60393 6.15024 4.25504 4.25504 6.15024 4.60393 2.56711 1.08685 1.02055 1.01325 1.00938 1.00924 1.013 1.02055 1.08694 1.00083 1.00022 0.999885 0.999876 0.999876 0.999885 1.00019 1.00062 0.999256 0.999998 1.00004 1 1 1.00004 0.999998 
1.01933 1.00213 1.00005 0.999954 0.999954 1.00005 1.00214 1.0193 1.08428 1.01121 1.00035 0.999819 0.999819 1.00035 1.01121 1.08428 1.63061 1.52359 1.33379 1.1672 1.1672 1.33379 1.52359 1.63061 3.18552 4.52943 5.40251 5.29609 5.29609 5.40251 4.52943 3.18552 1.31157 1.1222 1.09319 1.0789 1.0782 1.09199 1.1222 1.31171 1.01905 1.01597 1.00592 1.00095 1.00095 1.00591 1.01556 1.01804 0.996161 0.998548 0.999961 1.00002 1.00002 0.999961 0.998548 
1.13098 1.01962 1.00187 0.9999 0.9999 1.00187 1.01979 1.13127 1.4476 1.09093 1.00888 1.00011 1.00011 1.00888 1.09093 1.4476 3.03959 3.15845 2.65796 2.11421 2.11421 2.65796 3.15845 3.03959 3.73755 5.27852 6.50042 7.66704 7.66704 6.50042 5.27852 3.73755 1.86574 1.53313 1.50809 1.49174 1.48963 1.50434 1.5331 1.86581 1.20721 1.17009 1.07957 1.021 1.02101 1.07956 1.16568 1.2039 1.03185 0.996995 0.998525 0.999807 0.999807 0.998525 0.996994 
1.4779 1.08609 1.01035 1.0007 1.0007 1.01035 1.08605 1.47455 2.4145 1.39888 1.05851 1.00626 1.00626 1.05851 1.39888 2.4145 6.33407 7.0926 6.04587 5.14691 5.14691 6.04587 7.0926 6.33407 4.94221 7.29984 9.53181 11.8326 11.8326 9.53181 7.29984 4.94221 3.25363 2.83834 3.04693 3.15558 3.1505 3.03808 2.83823 3.25308 2.1374 1.95509 1.52542 1.18975 1.18973 1.52569 1.9719 2.15763 1.45093 1.06524 1.00079 0.99969 0.999691 1.0008 1.06531 
3.10285 1.46878 1.06353 1.00389 1.00404 1.06458 1.47393 3.12254 6.12797 3.12095 1.5456 1.11735 1.11994 1.55143 3.12095 6.12797 12.5731 14.5698 14.0617 13.069 13.069 14.0617 14.5698 12.5731 10.3557 14.5568 17.8681 19.76 19.76 17.8681 14.5627 10.3583 5.92182 5.73896 6.26991 7.03089 7.03053 6.26978 5.739 5.92244 4.69339 4.24436 2.87427 1.89077 1.89076 2.87427 4.24482 4.69388 4.188 2.26478 1.26265 1.03543 1.03543 1.26265 2.26478 
2.88684 1.42817 1.05959 1.00294 1.00318 1.06076 1.43248 2.89947 5.42307 2.99357 1.56076 1.12993 1.13385 1.5725 2.99357 5.42307 10.5173 12.4929 10.7075 8.56522 8.56522 10.7075 12.4929 10.5173 8.35859 14.1955 18.1601 20.005 20.005 18.1601 14.1949 8.35751 3.4049 2.82587 3.05216 3.2707 3.27754 3.05225 2.82593 3.4051 2.92186 2.6229 1.82708 1.28762 1.28763 1.82697 2.62244 2.92129 2.9123 1.7292 1.10949 1.01045 1.01045 1.10949 1.7292 
2.45762 1.31411 1.03999 1.00161 1.00178 1.04082 1.31747 2.46811 4.42529 2.49219 1.39623 1.08162 1.08441 1.4054 2.49219 4.42529 8.72594 10.6036 8.20642 5.56043 5.56043 8.20642 10.6036 8.72594 6.99462 14.1078 19.0371 20.7161 20.7161 19.0371 14.1084 6.99348 2.00121 1.36513 1.43503 1.59884 1.6007 1.43499 1.36506 2.00128 1.62784 1.53596 1.21715 1.05009 1.05009 1.21714 1.53568 1.62751 1.69823 1.22144 1.02393 1.0014 1.0014 1.02393 1.22144 
2.03423 1.20362 1.02163 1.00087 1.0009 1.02189 1.20498 2.03872 3.58758 1.94025 1.19125 1.02799 1.02879 1.1941 1.94025 3.58758 7.66526 9.07833 6.70377 4.06877 4.06877 6.70377 9.07833 7.66526 7.6894 15.8697 20.4855 21.4304 21.4304 20.4855 15.8707 7.68768 1.65742 1.07025 1.05785 1.12949 1.12909 1.05783 1.07019 1.65779 1.13626 1.1242 1.03605 1.00514 1.00514 1.03606 1.12419 1.13629 1.16309 1.03341 1.00251 0.999994 0.999994 1.00251 1.03341 
2.03872 1.20498 1.02189 1.0009 1.00087 1.02163 1.20498 2.03872 3.57668 1.93582 1.19125 1.02799 1.02799 1.19125 1.93582 3.57668 7.6815 9.09444 6.71803 4.04938 4.06877 6.70377 9.07833 7.66526 7.68768 15.8707 20.501 21.4403 21.4304 20.4855 15.8697 7.6894 1.65779 1.07019 1.05835 1.12712 1.12712 1.05787 1.07066 1.65428 1.13837 1.12553 1.03573 1.00505 1.00514 1.03605 1.1242 1.13626 1.16309 1.03341 1.00251 0.999994 0.999994 1.00251 1.03342 
2.46811 1.31747 1.04082 1.00178 1.00161 1.03999 1.31747 2.46811 4.4104 2.47667 1.39623 1.08162 1.08162 1.39623 2.47667 4.4104 8.74899 10.6079 8.22854 5.51768 5.56043 8.20642 10.6036 8.72594 6.99348 14.1084 19.0599 20.7328 20.7161 19.0371 14.1078 6.99462 2.00128 1.36506 1.43157 1.59385 1.59385 1.43453 1.36577 1.99888 1.6368 1.54163 1.21527 1.04936 1.05009 1.21715 1.53596 1.62784 1.69823 1.22144 1.02393 1.0014 1.0014 1.02393 1.22147 
2.89947 1.43248 1.06076 1.00318 1.00294 1.05959 1.43248 2.89947 5.39914 2.9743 1.56076 1.12993 1.12993 1.56076 2.9743 5.39914 10.5303 12.4749 10.7191 8.51034 8.56522 10.7075 12.4929 10.5173 8.35751 14.1949 18.1767 20.0216 20.005 18.1601 14.1955 8.35859 3.4051 2.82593 3.03799 3.26311 3.26311 3.04493 2.82128 3.39692 2.94035 2.63809 1.82043 1.28398 1.28762 1.82708 2.6229 2.92186 2.9123 1.7292 1.10949 1.01045 1.01045 1.10949 1.72918 
3.12254 1.47393 1.06458 1.00404 1.00389 1.06353 1.47393 3.12254 6.15009 3.12382 1.5456 1.11735 1.11735 1.5456 3.12382 6.15009 12.6418 14.6274 14.3165 13.297 13.069 14.0617 14.5698 12.5731 10.3583 14.5627 18.0319 19.8993 19.76 17.8681 14.5568 10.3557 5.92244 5.739 6.32242 7.16988 7.16988 6.41361 5.88368 6.05736 4.76534 4.30586 2.90867 1.90321 1.89077 2.87427 4.24436 4.69339 4.188 2.26478 1.26265 1.03543 1.03543 1.26265 2.26477 
5.29027 2.10292 1.18236 1.01746 1.01746 1.18236 2.10292 5.29027 10.7908 5.17519 2.14838 1.25599 1.2584 2.15632 5.17519 10.7908 21.2886 24.7505 26.6281 26.9773 26.9773 26.6281 24.6673 21.2673 22.6571 25.8314 27.8545 28.6587 28.6587 27.8545 25.8366 22.6555 19.2386 20.6143 21.0134 22.1267 22.1267 21.7478 21.0879 19.5703 14.6265 12.2518 8.34301 5.54056 5.59105 8.42191 12.2518 14.6929 11.2494 5.46812 2.21362 1.26284 1.26134 2.20809 5.44414 
5.83467 2.26408 1.21393 1.02108 1.02108 1.21393 2.26408 5.83467 11.7167 5.60177 2.26851 1.28977 1.29211 2.27488 5.60177 11.7167 23.7082 27.9905 30.4296 31.0447 31.0447 30.4296 27.9978 23.7836 25.2705 26.855 28.4597 29.6193 29.6193 28.4597 26.8527 25.2716 25.2834 27.7321 28.9886 29.3563 29.3563 28.9643 27.7269 25.1424 17.4217 14.4307 9.90664 6.71097 6.69618 9.89657 14.4307 17.4214 12.6112 5.81809 2.32752 1.30197 1.30357 2.33047 5.82379 
6.07741 2.31958 1.22236 1.02201 1.02201 1.22236 2.31958 6.07741 12.2995 5.82076 2.31689 1.29828 1.30066 2.32333 5.82076 12.2995 25.1219 29.7261 32.5426 33.3106 33.3106 32.5426 29.7297 25.2099 26.9551 26.9527 28.3204 30.0903 30.0903 28.3204 26.954 26.954 28.2562 31.1707 32.5043 32.9739 32.9739 32.5698 31.237 28.1512 19.3215 15.9299 10.9283 7.41108 7.3891 10.9148 15.9299 19.323 13.7278 6.23035 2.47904 1.35102 1.35305 2.4828 6.23778 
6.11973 2.30264 1.20912 1.01918 1.01918 1.20912 2.30264 6.11973 12.5558 5.84588 2.27988 1.26898 1.27049 2.28381 5.84588 12.5558 25.8146 30.3409 33.1808 33.9632 33.9632 33.1808 30.3297 25.9089 27.7168 27.1306 28.4489 30.311 30.311 28.4489 27.1306 27.717 29.283 32.2355 33.5914 34.0167 34.0167 33.6342 32.2844 29.2367 20.3836 16.8173 11.3699 7.64939 7.64071 11.3633 16.8173 20.3839 14.6765 6.68904 2.59351 1.35619 1.35727 2.59561 6.693 
6.10643 2.30001 1.20848 1.01907 1.01918 1.20912 2.30264 6.11973 12.6294 5.84511 2.28381 1.27049 1.27049 2.28381 5.84511 12.6294 25.8146 30.3409 33.1714 33.9584 33.9584 33.1714 30.3409 25.8146 27.717 27.1306 28.4481 30.3116 30.311 28.4489 27.1306 27.7168 29.2367 32.2844 33.6342 34.0167 34.0018 33.5963 32.2409 29.2922 20.3839 16.8279 11.3633 7.64071 7.64939 11.3699 16.8173 20.3836 14.6765 6.68904 2.59351 1.35619 1.35619 2.59351 6.68904 
6.05733 2.31455 1.22112 1.02179 1.02201 1.22236 2.31958 6.07741 12.374 5.82555 2.32333 1.30066 1.30066 2.32333 5.82555 12.374 25.1219 29.7261 32.527 33.3036 33.3036 32.527 29.7261 25.1219 26.954 26.954 28.3199 30.0909 30.0903 28.3204 26.9527 26.9551 28.1512 31.237 32.5698 32.9739 32.9543 32.511 31.1807 28.2444 19.323 15.9536 10.9148 7.3891 7.41108 10.9283 15.9299 19.3215 13.7278 6.23035 2.47904 1.35102 1.35102 2.47904 6.23035 
5.81424 2.25883 1.21265 1.02086 1.02108 1.21393 2.26408 5.83467 11.789 5.6071 2.27488 1.29211 1.29211 2.27488 5.6071 11.789 23.7082 27.9905 30.4122 31.0341 31.0341 30.4122 27.9905 23.7082 25.2716 26.8527 28.4601 29.6195 29.6193 28.4597 26.855 25.2705 25.1424 27.7269 28.9643 29.3563 29.3844 28.9587 27.7051 25.2575 17.4214 14.4465 9.89657 6.69618 6.71097 9.90664 14.4307 17.4217 12.6112 5.81809 2.32752 1.30197 1.30197 2.32752 5.81809 
5.28196 2.09989 1.18146 1.01729 1.01746 1.18236 2.10292 5.29027 10.8875 5.19129 2.15632 1.2584 1.2584 2.15632 5.19129 10.8875 21.2886 24.7505 26.7166 27.0764 27.0764 26.7166 24.7505 21.2886 22.6555 25.8366 27.8564 28.6626 28.6587 27.8545 25.8314 22.6571 19.5703 21.0879 21.7478 22.1267 21.5929 21.139 20.7372 19.3501 14.6929 12.2905 8.42191 5.59105 5.54056 8.34301 12.2518 14.6265 11.2494 5.46812 2.21362 1.26284 1.26284 2.21362 5.46812 
6.59095 2.48178 1.2526 1.02492 1.02517 1.25441 2.48995 6.61392 13.4479 6.19888 2.43212 1.31998 1.31998 2.43212 6.19418 13.5009 25.9654 29.5711 31.4205 31.9661 31.9661 31.4205 29.5711 25.9654 29.9949 33.0461 33.7907 33.6115 33.6115 33.7907 33.0461 29.9949 25.0953 28.4101 29.6227 29.9654 30.0191 29.66 28.4305 25.0972 17.6489 14.8006 11.0927 7.92982 7.92982 11.0927 14.8006 17.6489 13.5657 7.75618 3.49653 1.90465 1.90465 3.49653 7.75618 
6.64188 2.44285 1.23399 1.02109 1.02127 1.23536 2.44862 6.65209 13.9725 6.18866 2.33801 1.25219 1.25219 2.33801 6.1882 14.0485 27.3264 30.9285 32.9097 33.5908 33.5908 32.9097 30.9285 27.3264 31.1377 33.5335 34.1859 34.1932 34.1932 34.1859 33.5335 31.1377 27.6139 30.4359 31.7871 32.3109 32.3111 31.7861 30.4107 27.5856 20.2028 16.4703 11.9536 8.307 8.307 11.9536 16.4703 20.2028 14.5006 7.91652 3.38995 1.85665 1.85665 3.38995 7.91652 
6.66379 2.43075 1.22853 1.02023 1.02038 1.22976 2.43597 6.67287 14.1991 6.213 2.32505 1.24099 1.24099 2.32505 6.21121 14.2791 28.0529 31.5834 33.5205 34.2078 34.2078 33.5205 31.5834 28.0529 31.8782 33.7108 34.3369 34.4885 34.4885 34.3369 33.7108 31.8782 29.1374 31.9191 33.2784 33.7907 33.7996 33.291 31.9054 29.1148 21.5524 17.2196 12.0898 8.37578 8.37578 12.0898 17.2196 21.5524 15.0755 7.89417 3.32687 1.81081 1.81081 3.32687 7.89417 
6.65655 2.4187 1.22326 1.0195 1.01962 1.22416 2.42244 6.66367 14.2731 6.21603 2.31851 1.23818 1.23818 2.31851 6.21209 14.3554 28.3642 31.8142 33.7085 34.3316 34.3316 33.7085 31.8142 28.3642 32.3479 33.742 34.3555 34.6115 34.6115 34.3555 33.742 32.3479 29.9534 32.6964 33.978 34.3947 34.3987 33.9851 32.6904 29.942 22.3736 17.503 11.7725 8.27201 8.27201 11.7725 17.503 22.3736 15.6557 7.77792 3.20263 1.69467 1.69467 3.20263 7.77792 
6.66367 2.42244 1.22416 1.01962 1.01962 1.22416 2.42244 6.66367 14.2731 6.21603 2.31631 1.2377 1.23818 2.31851 6.21603 14.2731 28.3642 31.8142 33.7085 34.3316 34.3197 33.6923 31.7949 28.6214 32.3484 33.742 34.3578 34.6123 34.6115 34.3555 33.742 32.3479 29.9237 32.6728 33.968 34.3898 34.3898 33.968 32.6728 29.9237 22.4477 17.5552 11.7474 8.24752 8.27201 11.7725 17.503 22.3736 15.6557 7.77792 3.20263 1.69467 1.68954 3.19087 7.75398 
6.67287 2.43597 1.22976 1.02038 1.02038 1.22976 2.43597 6.67287 14.1991 6.213 2.32229 1.24039 1.24099 2.32505 6.213 14.1991 28.0529 31.5834 33.5205 34.2078 34.1869 33.4906 31.5527 28.317 31.8792 33.7108 34.341 34.4898 34.4885 34.3369 33.7108 31.8782 29.0863 31.87 33.2572 33.7805 33.7805 33.2572 31.87 29.0863 21.6589 17.321 12.0436 8.33828 8.37578 12.0898 17.2196 21.5524 15.0755 7.89417 3.32687 1.81081 1.80109 3.30443 7.85096 
6.65209 2.44862 1.23536 1.02127 1.02127 1.23536 2.44862 6.65209 13.9725 6.18866 2.33466 1.25132 1.25219 2.33801 6.18866 13.9725 27.3264 30.9285 32.9097 33.5908 33.5682 32.8831 30.8892 27.5522 31.1382 33.5334 34.1894 34.1906 34.1932 34.1859 33.5335 31.1377 27.5488 30.364 31.745 32.2813 32.2813 31.745 30.364 27.5488 20.3094 16.5683 11.9069 8.26348 8.307 11.9536 16.4703 20.2028 14.5006 7.91652 3.38995 1.85665 1.84611 3.36534 7.87029 
6.61392 2.48995 1.25441 1.02517 1.02517 1.25441 2.48995 6.61392 13.4479 6.19888 2.42868 1.31872 1.31998 2.43212 6.19888 13.4479 25.9654 29.5711 31.4205 31.9661 32.0321 31.4768 29.6506 26.2662 29.9962 33.0473 33.8044 33.6314 33.6115 33.7907 33.0461 29.9949 25.0834 28.4804 29.7427 30.0948 30.0948 29.7427 28.4804 25.0834 17.6756 14.8171 11.0618 7.90306 7.92982 11.0927 14.8006 17.6489 13.5657 7.75618 3.49653 1.90465 1.89851 3.48079 7.72348 
7.78158 3.10448 1.45232 1.05888 1.05876 1.45175 3.10103 7.75522 15.0584 7.57412 3.21346 1.7376 1.72996 3.19544 7.51401 15.1948 26.9241 30.8594 32.9685 33.5887 33.5944 32.9953 30.8584 27.0257 28.133 32.1882 33.1761 32.8087 32.8083 33.1761 32.1886 28.1328 21.8167 27.3122 29.0202 29.4029 28.9285 28.4148 26.8288 21.8422 11.4168 11.5029 11.2161 11.5584 11.5589 11.2301 11.5185 11.3694 8.35792 6.15034 4.31021 2.965 2.93035 4.29424 6.1646 
7.26624 2.81402 1.36442 1.04313 1.04277 1.36229 2.80412 7.22522 14.6862 7.07098 2.93504 1.59867 1.59184 2.91847 7.01069 14.8454 27.5523 31.4723 33.6374 34.2559 34.2488 33.6282 31.4635 27.686 29.4585 32.5962 33.5569 33.6411 33.6412 33.5572 32.5968 29.4565 23.8979 29.98 32.0625 32.4883 32.5011 31.9843 29.9319 24.2668 11.8622 12.0805 12.7144 14.6292 14.6144 12.704 12.0839 11.7842 8.86306 6.90094 5.06921 3.66047 3.60995 5.04116 6.90124 
6.94132 2.62151 1.30535 1.0336 1.03327 1.30336 2.61226 6.90314 14.5117 6.78749 2.7797 1.52464 1.51843 2.7643 6.72917 14.6763 27.8478 31.7441 33.8939 34.49 34.4847 33.8839 31.728 27.9913 30.2254 32.7838 33.7405 34.0317 34.0316 33.7407 32.7841 30.2227 25.3154 31.2516 33.4542 34.0328 34.007 33.3872 31.239 25.718 13.0386 12.9617 13.4965 15.0336 15.0279 13.4885 12.9539 12.9461 9.66704 7.62216 5.61999 3.87965 3.82689 5.59369 7.62589 
6.78765 2.5202 1.26083 1.02513 1.02499 1.25995 2.51566 6.76446 14.4852 6.59647 2.62876 1.42973 1.42648 2.61995 6.55133 14.6473 28.0061 31.86 33.9794 34.5574 34.5554 33.9744 31.839 28.1241 30.7126 32.8244 33.7845 34.2395 34.2396 33.7848 32.8247 30.7106 26.3353 31.8563 33.9324 34.4456 34.4276 33.8875 31.8262 26.6317 15.0128 14.0783 13.7587 14.1676 14.1709 13.7538 14.0621 14.9161 10.8408 7.74953 5.12987 3.11152 3.08717 5.10723 7.74976 
6.76446 2.51566 1.25995 1.02499 1.02499 1.25995 2.51566 6.76446 14.6473 6.55133 2.61995 1.42648 1.42973 2.62876 6.55133 14.6473 28.0061 31.86 33.9794 34.5574 34.5574 33.9794 31.86 28.0061 30.7106 32.8247 33.7848 34.2396 34.2396 33.7848 32.8247 30.7106 26.6317 31.8262 33.8875 34.4276 34.4445 33.925 31.8439 26.432 14.9161 14.0621 13.7538 14.1709 14.1676 13.7538 14.0783 14.9161 10.8408 7.74953 5.12987 3.11152 3.11152 5.12987 7.74953 
6.90314 2.61226 1.30336 1.03327 1.03327 1.30336 2.61226 6.90314 14.6763 6.72917 2.7643 1.51843 1.52464 2.7797 6.72917 14.6763 27.8478 31.7441 33.8939 34.49 34.49 33.8939 31.7441 27.8478 30.2227 32.7841 33.7407 34.0316 34.0316 33.7407 32.7841 30.2227 25.718 31.239 33.3872 34.007 34.0307 33.4456 31.246 25.4423 12.9461 12.9539 13.4885 15.0279 15.0336 13.4885 12.9617 12.9461 9.66704 7.62216 5.61999 3.87965 3.87965 5.61999 7.62216 
7.22522 2.80412 1.36229 1.04277 1.04277 1.36229 2.80412 7.22522 14.8454 7.01069 2.91847 1.59184 1.59867 2.93504 7.01069 14.8454 27.5523 31.4723 33.6374 34.2559 34.2559 33.6374 31.4723 27.5523 29.4565 32.5968 33.5572 33.6412 33.6412 33.5572 32.5968 29.4565 24.2668 29.9319 31.9843 32.5011 32.4895 32.0439 29.9614 24.0123 11.7842 12.0839 12.704 14.6144 14.6292 12.704 12.0805 11.7842 8.86306 6.90094 5.06921 3.66047 3.66047 5.06921 6.90094 
7.75522 3.10103 1.45175 1.05876 1.05876 1.45175 3.10103 7.75522 15.1948 7.51401 3.19544 1.72996 1.7376 3.21346 7.51401 15.1948 26.9241 30.8594 32.9685 33.5887 33.5887 32.9685 30.8594 26.9241 28.1328 32.1886 33.1761 32.8083 32.8083 33.1761 32.1886 28.1328 21.8422 26.8288 28.4148 28.9285 29.2875 28.8625 27.1547 21.8258 11.3694 11.5185 11.2301 11.5589 11.5584 11.2301 11.5029 11.3694 8.35792 6.15034 4.31021 2.965 2.965 4.31021 6.15034 
9.56216 4.03294 1.75311 1.12345 1.12345 1.75311 4.03294 9.56216 16.4367 9.07942 4.00632 2.19026 2.19605 4.01687 9.07942 16.4367 25.386 29.7561 31.8713 32.5245 32.5245 31.8713 29.7561 25.386 21.8038 25.9592 26.96 26.8334 26.678 26.7829 25.9592 21.8038 15.2442 18.1797 20.2819 20.8726 20.6704 20.0517 17.9391 15.0752 10.7439 11.3343 8.74757 6.23307 6.17986 8.66827 11.3296 10.7932 6.94334 3.78814 2.18016 1.42821 1.42821 2.209 3.78814 
10.6345 4.43859 1.87406 1.14921 1.14921 1.87406 4.43859 10.6345 18.32 10.1951 4.51643 2.47326 2.48176 4.53426 10.1951 18.32 27.3063 31.4937 33.2419 33.7903 33.7903 33.2419 31.4937 27.3063 22.8918 26.1136 27.3897 27.8505 27.8511 27.3923 26.1136 22.8918 18.2702 22.7033 25.7293 27.2882 27.2397 25.6259 22.6133 18.2444 11.5066 12.4632 9.37253 6.02366 6.01528 9.35866 12.475 11.5982 6.80213 3.04422 1.56738 1.11754 1.11754 1.57113 3.04422 
11.3822 4.78663 1.97548 1.17168 1.17168 1.97548 4.78663 11.3822 19.2967 10.7384 4.73391 2.5587 2.56676 4.74981 10.7384 19.2967 28.423 32.5703 34.0576 34.5103 34.5103 34.0576 32.5703 28.423 23.3094 25.4083 27.0692 28.4394 28.4407 27.0693 25.4083 23.3094 19.9087 25.3712 29.0649 30.8861 30.8073 28.9202 25.267 19.9121 11.6421 12.9136 9.675 6.05339 6.05014 9.66441 12.9211 11.724 6.26383 2.48065 1.28068 1.03211 1.03211 1.28181 2.48065 
11.6489 4.89907 2.00162 1.1798 1.1798 2.00162 4.89907 11.6489 19.6975 10.8738 4.7523 2.5014 2.50691 4.7602 10.8738 19.6975 28.949 32.9351 34.3112 34.6894 34.6894 34.3112 32.9351 28.949 23.5 25.0858 26.9227 28.8257 28.8272 26.9207 25.0858 23.5 20.6109 26.9607 30.9115 32.4485 32.3992 30.8222 26.8908 20.6051 11.6141 13.1124 9.84407 6.09516 6.09513 9.83833 13.1152 11.6635 5.94581 2.27376 1.20753 1.01904 1.01904 1.20803 2.27376 
11.672 4.89913 2.0009 1.17944 1.1798 2.00162 4.89907 11.6489 19.5996 10.9206 4.7602 2.50691 2.5014 4.7523 10.8738 19.6975 28.949 32.9351 34.3112 34.6894 34.6895 34.3116 32.9365 28.9667 23.5291 25.0945 26.9207 28.8272 28.8257 26.9227 25.0858 23.5 20.6051 26.8908 30.8222 32.3992 32.3992 30.8222 26.8908 20.6051 11.6635 13.1152 9.83833 6.09513 6.09083 9.8395 13.1126 11.657 5.951 2.27376 1.20803 1.01904 1.01895 1.20753 2.27178 
11.421 4.7894 1.97513 1.17134 1.17168 1.97548 4.78663 11.3822 19.2017 10.7957 4.74981 2.56676 2.5587 4.73391 10.7384 19.2967 28.423 32.5703 34.0576 34.5103 34.5108 34.0576 32.5519 28.4733 23.3663 25.4207 27.0693 28.4407 28.4394 27.0692 25.4083 23.3094 19.9121 25.267 28.9202 30.8073 30.8073 28.9202 25.267 19.9121 11.724 12.9211 9.66441 6.05014 6.03611 9.66523 12.914 11.7105 6.27359 2.48065 1.28181 1.03211 1.03187 1.28068 2.47691 
10.6726 4.44227 1.87417 1.149 1.14921 1.87406 4.43859 10.6345 18.2287 10.2544 4.53426 2.48176 2.47326 4.51643 10.1951 18.32 27.3063 31.4937 33.2419 33.7903 33.7904 33.2397 31.4452 27.356 22.952 26.1235 27.3923 27.8511 27.8505 27.3897 26.1136 22.8918 18.2444 22.6133 25.6259 27.2397 27.2397 25.6259 22.6133 18.2444 11.5982 12.475 9.35866 6.01528 5.98384 9.35387 12.4639 11.5776 6.80838 3.04422 1.57113 1.11754 1.11623 1.56738 3.03742 
9.60184 4.04115 1.75469 1.1236 1.12345 1.75311 4.03294 9.56216 16.3307 9.11577 4.01687 2.19605 2.19026 4.00632 9.07942 16.4367 25.386 29.7561 31.8713 32.5245 32.5245 31.8724 29.7438 25.4897 21.7004 25.7962 26.7829 26.678 26.8334 26.96 25.9592 21.8038 15.0752 17.9391 20.0517 20.6704 20.6704 20.0517 17.9391 15.0752 10.7932 11.3296 8.66827 6.17986 6.04083 8.63115 11.3324 10.7782 6.96017 3.78814 2.209 1.42821 1.41552 2.18016 3.75348 
8.05999 3.67093 1.70765 1.13821 1.1373 1.70495 3.67093 8.05999 12.5709 7.45285 3.43586 1.85931 1.85931 3.43586 7.45285 12.5709 19.9509 26.0262 28.2199 28.9793 28.8653 28.1236 26.0262 19.9509 9.80987 11.6366 11.7167 12.2909 12.2909 11.7167 11.4771 9.70206 7.4073 8.6029 9.4651 9.23264 9.23264 9.4651 8.6029 7.4073 5.84976 6.15202 4.32662 2.71341 2.68867 4.2807 6.04914 5.74372 3.08334 1.43724 1.04497 1.00134 1.00134 1.04497 1.43724 
9.46727 4.16684 1.83792 1.17206 1.17106 1.83651 4.16684 9.46727 14.5567 9.00556 4.00888 2.10246 2.10246 4.00888 9.00556 14.5567 20.0731 27.4813 30.6189 31.5828 31.6156 30.6743 27.4813 20.0731 6.81893 8.7433 8.89378 8.71763 8.71763 8.89378 8.7448 6.81728 4.75953 6.07565 6.04886 5.43314 5.43314 6.04886 6.07565 4.75953 2.59427 2.70992 1.98391 1.34484 1.34683 1.99181 2.71843 2.60962 1.64453 1.09966 1.00405 0.999088 0.999088 1.00405 1.09966 
10.1434 4.46767 1.92463 1.19029 1.1893 1.92343 4.46767 10.1434 15.4089 9.74066 4.30616 2.22316 2.22316 4.30616 9.74066 15.4089 20.227 28.3574 32.0902 33.1976 33.225 32.1422 28.3574 20.227 5.52235 7.51274 7.47346 6.51424 6.51424 7.47346 7.51411 5.5228 2.70499 3.68761 3.5639 2.95618 2.95618 3.5639 3.68761 2.70499 1.36041 1.39081 1.18511 1.03953 1.03941 1.18497 1.3912 1.36407 1.14028 1.01897 1.00109 0.999882 0.999882 1.00109 1.01897 
10.3642 4.56598 1.9396 1.18157 1.18105 1.93911 4.56598 10.3642 15.7004 9.94929 4.38927 2.25354 2.25354 4.38927 9.94929 15.7004 20.1711 28.6834 32.6083 33.6965 33.716 32.642 28.6834 20.1711 5.11124 7.81663 7.20493 4.84002 4.84002 7.20493 7.81762 5.11144 1.77314 2.27214 2.24407 1.90273 1.90273 2.24407 2.27214 1.77314 1.07546 1.06174 1.02179 1.00241 1.00238 1.02172 1.06178 1.07867 1.00833 0.999848 0.999878 1.00003 1.00003 0.999878 0.999848 
10.3575 4.56926 1.93911 1.18105 1.18105 1.93911 4.56598 10.3642 15.6753 9.96315 4.39019 2.25243 2.25354 4.38927 9.982 15.6526 19.9425 28.7492 32.642 33.716 33.716 32.642 28.7492 19.9425 5.11144 7.81762 7.20505 4.8399 4.84002 7.20493 7.81663 5.11124 1.77306 2.27205 2.24401 1.90281 1.90273 2.24407 2.27214 1.77314 1.07867 1.06178 1.02172 1.00238 1.00241 1.02179 1.06174 1.07546 1.00833 0.999848 0.999878 1.00003 1.00003 0.999877 0.999838 
10.1371 4.47 1.92343 1.1893 1.1893 1.92343 4.46767 10.1434 15.3761 9.75652 4.30782 2.22258 2.22316 4.30616 9.78023 15.3569 19.9982 28.4403 32.1422 33.225 33.225 32.1422 28.4403 19.9982 5.5228 7.51411 7.47355 6.51418 6.51424 7.47346 7.51274 5.52235 2.70464 3.68742 3.56376 2.9565 2.95618 3.5639 3.68761 2.70499 1.36407 1.3912 1.18497 1.03946 1.03953 1.18511 1.39081 1.36041 1.14028 1.01897 1.00109 0.999882 0.999882 1.00109 1.01893 
9.46152 4.16777 1.83651 1.17106 1.17106 1.83651 4.16684 9.46727 14.5307 9.01993 4.01079 2.10254 2.10246 4.00888 9.05287 14.5137 19.8992 27.5629 30.6743 31.6156 31.6156 30.6743 27.5629 19.8992 6.81728 8.7448 8.89434 8.7181 8.71763 8.89378 8.7433 6.81893 4.75973 6.07664 6.05061 5.43577 5.43314 6.04886 6.07565 4.75953 2.60962 2.71843 1.99181 1.34745 1.34484 1.98391 2.70992 2.59427 1.64453 1.09966 1.00405 0.999088 0.999121 1.0041 1.09949 
8.02991 3.66285 1.70495 1.1373 1.1373 1.70495 3.67093 8.05999 12.5073 7.4424 3.43328 1.859 1.85931 3.43586 7.44725 12.4122 19.7693 25.933 28.1236 28.8653 28.8653 28.1236 25.933 19.7693 9.70206 11.4771 11.7112 12.2879 12.2909 11.7167 11.6366 9.80987 7.34305 8.51157 9.3629 9.14843 9.23264 9.4651 8.6029 7.4073 5.74372 6.04914 4.2807 2.6802 2.71341 4.32662 6.15202 5.84976 3.08334 1.43724 1.04497 1.00134 1.00174 1.04565 1.43588 
2.83484 1.61422 1.13626 1.02116 1.0212 1.1361 1.61221 2.81475 4.41225 2.6361 1.50574 1.11018 1.1108 1.5076 2.64932 4.44033 10.7808 14.5384 15.8156 16.2525 16.2525 15.8156 14.5384 10.7808 3.22604 3.58113 3.73729 4.08771 4.08663 3.73637 3.58161 3.22627 3.25969 3.82598 3.95239 3.91516 3.90654 3.94936 3.827 3.25736 2.32589 2.60613 1.94642 1.31444 1.30796 1.93437 2.54692 2.27017 1.27219 1.03338 1.00338 0.999971 1 1.00353 1.03395 
1.64699 1.19378 1.03697 1.00436 1.00442 1.03731 1.19499 1.6467 2.3862 1.56452 1.12801 1.02063 1.02054 1.12777 1.56564 2.38608 5.52529 7.48088 7.89588 7.76498 7.76498 7.89588 7.48088 5.52529 1.5061 1.54071 1.60992 1.80687 1.80689 1.60994 1.54078 1.50613 1.42391 1.53132 1.54705 1.57479 1.57495 1.54723 1.53156 1.42401 1.21296 1.31383 1.15294 1.03272 1.03252 1.15257 1.31687 1.21495 1.04477 1.00536 1.00025 0.999787 0.999787 1.00025 1.00534 
1.13385 1.0339 1.00496 1.00032 1.00033 1.00499 1.03409 1.134 1.31581 1.09647 1.01558 1.00123 1.00122 1.01555 1.09676 1.31594 2.78053 3.68229 3.6836 3.42201 3.42201 3.6836 3.68229 2.78053 1.0611 1.05602 1.07404 1.12283 1.12284 1.07404 1.05602 1.0611 1.0372 1.04538 1.04219 1.05414 1.05413 1.04219 1.0454 1.0372 1.01921 1.03464 1.01378 1.00155 1.00152 1.01373 1.03468 1.01923 1.00428 1.00038 0.999922 0.999983 0.999983 0.999921 1.00037 
1.02049 1.00406 1.00033 0.999872 0.999872 1.00033 1.00407 1.02051 1.05302 1.01095 1.00067 0.999768 0.999766 1.00067 1.01098 1.05304 1.65656 2.07136 2.02822 1.87659 1.87659 2.02822 2.07136 1.65656 1.007 1.00451 1.00761 1.01658 1.01658 1.00761 1.00451 1.007 0.999208 0.995872 0.993423 0.997871 0.997872 0.993421 0.995872 0.999209 1.00079 1.00176 1.00036 0.999869 0.999867 1.00036 1.00176 1.00079 1.00042 0.999923 0.999974 0.999999 0.999999 0.999974 0.999923 
1.02051 1.00407 1.00033 0.999872 0.999872 1.00033 1.00407 1.02051 1.05302 1.01095 1.00067 0.999768 0.999768 1.00067 1.01095 1.05302 1.66522 2.08591 2.04151 1.88471 1.87659 2.02822 2.07136 1.65656 1.007 1.00451 1.00761 1.01658 1.01658 1.00761 1.00451 1.007 0.999209 0.995872 0.993421 0.997872 0.997872 0.993421 0.995872 0.999209 1.00079 1.00176 1.00036 0.999867 0.999868 1.00036 1.00175 1.00078 1.00042 0.999923 0.999974 0.999999 0.999999 0.999974 0.999923 
1.134 1.03409 1.00499 1.00033 1.00033 1.00499 1.03409 1.134 1.31581 1.09647 1.01558 1.00123 1.00123 1.01558 1.09647 1.31581 2.80215 3.7152 3.71335 3.43885 3.42201 3.6836 3.68229 2.78053 1.0611 1.05602 1.07404 1.12284 1.12283 1.07404 1.05602 1.0611 1.0372 1.0454 1.04219 1.05413 1.05413 1.04219 1.0454 1.0372 1.01923 1.03468 1.01373 1.00152 1.00153 1.01379 1.03469 1.01911 1.00428 1.00038 0.999922 0.999983 0.999983 0.999922 1.00038 
1.6467 1.19499 1.03731 1.00442 1.00442 1.03731 1.19499 1.6467 2.3862 1.56452 1.12801 1.02063 1.02063 1.12801 1.56452 2.3862 5.55466 7.51648 7.9289 7.78427 7.76498 7.89588 7.48088 5.52529 1.50613 1.54078 1.60994 1.80689 1.80687 1.60992 1.54071 1.5061 1.42401 1.53156 1.54723 1.57495 1.57495 1.54723 1.53156 1.42401 1.21495 1.31687 1.15257 1.03252 1.03264 1.15356 1.31549 1.21346 1.04477 1.00536 1.00025 0.999787 0.999787 1.00025 1.00536 
2.81475 1.61221 1.1361 1.0212 1.0212 1.1361 1.61221 2.81475 4.41225 2.6361 1.50574 1.11018 1.11018 1.50574 2.6361 4.41225 10.7775 14.5215 15.8036 16.2418 16.2525 15.8156 14.5384 10.7808 3.22627 3.58161 3.73637 4.08663 4.08771 3.73729 3.58113 3.22604 3.25736 3.827 3.94936 3.90654 3.90654 3.94936 3.827 3.25736 2.27017 2.54692 1.93437 1.30796 1.30798 1.94146 2.59948 2.32087 1.27219 1.03338 1.00338 0.999971 0.999971 1.00338 1.03338 
1.74473 1.22041 1.04051 1.00537 1.00537 1.04051 1.22041 1.74473 2.57862 1.71511 1.19191 1.03698 1.03698 1.19191 1.71511 2.57862 4.24272 5.65171 6.31572 6.9335 6.9335 6.31572 5.65171 4.24272 1.84879 2.12806 2.09564 1.87774 1.87774 2.09564 2.12806 1.84879 1.6911 2.00642 2.01897 1.89603 1.89603 2.01897 2.00642 1.6911 1.22386 1.37133 1.16777 1.03893 1.03884 1.16726 1.37163 1.22401 1.03377 1.00286 1.0001 1.00005 1.00005 1.0001 1.00286 
1.22058 1.05715 1.00776 1.00073 1.00073 1.00776 1.05715 1.22058 1.45044 1.1719 1.03721 1.00531 1.00531 1.03721 1.1719 1.45044 2.33135 3.06719 3.37805 3.40192 3.40192 3.37805 3.06719 2.33135 1.22511 1.33709 1.30871 1.20419 1.20419 1.30871 1.33709 1.22511 1.12745 1.22529 1.23266 1.1746 1.1746 1.23266 1.22529 1.12745 1.02431 1.04767 1.01653 1.00264 1.00262 1.01638 1.04767 1.02432 1.00406 1.0004 0.99997 0.999987 0.999987 0.99997 1.0004 
1.0424 1.00813 1.0009 0.999911 0.999911 1.0009 1.00813 1.0424 1.08982 1.0281 1.00423 1.0003 1.0003 1.00423 1.0281 1.08982 1.36393 1.64324 1.75783 1.69111 1.69111 1.75783 1.64324 1.36393 1.03809 1.06437 1.05695 1.03096 1.03096 1.05695 1.06437 1.03809 1.0145 1.03247 1.0361 1.0219 1.0219 1.0361 1.03247 1.0145 1.00171 1.00372 1.00089 0.999987 0.999983 1.00087 1.00372 1.00171 1.00044 0.999977 0.999992 1 1 0.999992 0.999977 
1.00531 1.00077 0.999916 0.999949 0.999949 0.999916 1.00077 1.00531 1.01173 1.00271 1.0002 0.999882 0.999882 1.0002 1.00271 1.01173 1.08074 1.16012 1.19329 1.16094 1.16094 1.19329 1.16012 1.08074 1.00391 1.00695 1.00614 1.00275 1.00275 1.00614 1.00695 1.00391 1.00101 1.00268 1.00337 1.00164 1.00164 1.00337 1.00268 1.00101 0.999994 0.999978 0.999923 0.999943 0.999944 0.999921 0.999978 0.999994 1.00006 0.999984 1 1 1 1 0.999984 
0 0 0 0 0.999949 0.999916 1.00077 1.00531 1.01173 1.00271 1.0002 0.999882 0.999882 1.00019 1.00266 1.01164 1.08074 1.16012 1.19329 1.16094 1.15906 1.19057 1.15796 1.07981 1.00392 1.00683 1.00604 1.0027 1.00275 1.00614 1.00695 1.00391 1.00101 1.00268 1.00337 1.00164 1.00164 1.00337 1.00268 1.00101 0.999994 0.999978 0.999921 0.999944 0.999943 0.999923 0.999978 0.999994 1.00006 0.999984 1 1 0 0 0 
0 0 0 0 0.999911 1.0009 1.00813 1.0424 1.08982 1.0281 1.00423 1.0003 1.00029 1.00419 1.02778 1.08931 1.36393 1.64324 1.75783 1.69111 1.68462 1.74809 1.63543 1.36044 1.03803 1.06349 1.05617 1.0306 1.03096 1.05695 1.06437 1.03809 1.0145 1.03247 1.0361 1.0219 1.0219 1.0361 1.03247 1.0145 1.00171 1.00372 1.00087 0.999983 0.999987 1.00089 1.00372 1.00171 1.00044 0.999977 0.999992 1 0 0 0 
0 0 0 0 1.00073 1.00776 1.05715 1.22058 1.45044 1.1719 1.03721 1.00531 1.00528 1.03696 1.17064 1.44873 2.33135 3.06719 3.37805 3.40192 3.38805 3.36325 3.05629 2.32513 1.22494 1.3335 1.30542 1.20251 1.20419 1.30871 1.33709 1.22511 1.12743 1.22526 1.23264 1.17459 1.1746 1.23266 1.22529 1.12745 1.02432 1.04767 1.01638 1.00262 1.00264 1.01653 1.04767 1.02431 1.00406 1.0004 0.99997 0.999987 0 0 0 
