0 0 0 0 1.00044 1.00351 1.02138 1.09903 1.49021 1.11174 1.01385 1.00099 1.001 1.01394 1.11244 1.49743 3.16141 3.46714 2.93142 2.41535 2.41198 2.92309 3.4551 3.15327 3.2232 5.07827 7.35902 9.77609 9.77438 7.36933 5.08598 3.22129 1.42701 1.27404 1.31854 1.39483 1.39181 1.31295 1.26759 1.41649 1.43538 1.32893 1.13051 1.0315 1.03178 1.13228 1.33328 1.44118 1.23698 1.04789 1.00573 1.00051 0 0 0 
0 0 0 0 0.999948 1.00052 1.00359 1.01551 1.08507 1.01731 1.00181 0.999963 0.999962 1.00182 1.01734 1.08624 1.52817 1.54188 1.37978 1.23444 1.23346 1.37733 1.53842 1.52762 2.31196 4.02077 5.64138 7.04624 7.03954 5.63987 4.01814 2.3085 1.03894 1.01073 1.01108 1.02858 1.02889 1.01113 1.01065 1.03665 1.08071 1.05175 1.01538 1.00202 1.00205 1.01561 1.0526 1.08205 1.04888 1.00926 1.00089 0.999956 0 0 0 
0 0 0 0 0.999971 0.999995 1.00042 1.00146 1.00919 1.00164 1.00002 0.999926 0.999926 1.00002 1.00163 1.0093 1.10629 1.07909 1.04616 1.02195 1.02182 1.04574 1.07847 1.10772 1.86418 3.40376 4.72634 5.01239 4.99527 4.71504 3.39432 1.85784 0.997828 0.99215 0.989496 0.994315 0.994331 0.989476 0.992132 0.996241 1.00855 1.00479 1.00096 0.999964 0.99997 1.00099 1.0049 1.00875 1.00643 1.001 0.99998 0.999966 0 0 0 
0 0 0 0 0.999997 0.999977 0.999947 1.00013 1.00025 0.999756 0.999936 0.999988 0.999988 0.999936 0.999754 1.00026 1.0203 1.00723 1.0028 1.00075 1.00074 1.00275 1.00715 1.02119 1.4399 3.03559 4.74072 3.47921 3.45265 4.684 3.00303 1.43401 0.999487 0.997701 0.996922 0.998051 0.998038 0.996892 0.997676 0.998704 1.00054 1.0001 0.999961 0.999957 0.999956 0.999963 1.00011 1.00056 1.00064 0.999964 0.999967 0.999995 0 0 0 
1.00013 0.999947 0.999977 0.999997 0.999997 0.999977 0.999947 1.00013 1.00025 0.999756 0.999936 0.999988 0.999988 0.999936 0.999756 1.00025 1.0203 1.00723 1.0028 1.00075 1.00075 1.0028 1.00723 1.0203 1.4399 3.03559 4.74072 3.47921 3.47921 4.74072 3.03559 1.4399 0.998704 0.997676 0.996892 0.998038 0.998038 0.996892 0.997676 0.998704 1.00056 1.00011 0.999963 0.999956 0.999957 0.999961 1.00011 1.00056 1.00064 0.999964 0.999967 0.999995 0.999995 0.999967 0.999964 
1.00146 1.00042 0.999995 0.999971 0.999971 0.999995 1.00042 1.00146 1.00919 1.00164 1.00002 0.999926 0.999926 1.00002 1.00164 1.00919 1.10629 1.07909 1.04616 1.02195 1.02195 1.04616 1.07909 1.10629 1.86418 3.40376 4.72634 5.01239 5.01239 4.72634 3.40376 1.86418 0.996241 0.992132 0.989476 0.994331 0.994331 0.989476 0.992132 0.996241 1.00875 1.0049 1.00099 0.99997 0.999964 1.00096 1.0049 1.00875 1.00643 1.001 0.99998 0.999966 0.999966 0.99998 1.001 
1.01551 1.00359 1.00052 0.999948 0.999948 1.00052 1.00359 1.01551 1.08507 1.01731 1.00181 0.999963 0.999963 1.00181 1.01731 1.08507 1.52817 1.54188 1.37978 1.23444 1.23444 1.37978 1.54188 1.52817 2.31196 4.02077 5.64138 7.04624 7.04624 5.64138 4.02077 2.31196 1.03665 1.01065 1.01113 1.02889 1.02889 1.01113 1.01065 1.03665 1.08205 1.0526 1.01561 1.00205 1.00202 1.01538 1.0526 1.08205 1.04888 1.00926 1.00089 0.999956 0.999956 1.00089 1.00926 
1.09903 1.02138 1.00351 1.00044 1.00044 1.00351 1.02138 1.09903 1.49021 1.11174 1.01385 1.00099 1.00099 1.01385 1.11174 1.49021 3.16141 3.46714 2.93142 2.41535 2.41535 2.93142 3.46714 3.16141 3.2232 5.07827 7.35902 9.77609 9.77609 7.35902 5.07827 3.2232 1.41649 1.26759 1.31295 1.39181 1.39181 1.31295 1.26759 1.41649 1.44118 1.33328 1.13228 1.03178 1.0315 1.13051 1.33328 1.44118 1.23698 1.04789 1.00573 1.00051 1.00051 1.00573 1.04789 
1.54324 1.10977 1.01544 1.00127 1.00127 1.01544 1.10984 1.54739 2.47321 1.44964 1.06965 1.00821 1.00789 1.06815 1.458 2.51625 6.47033 7.35127 6.4298 5.66184 5.65207 6.42258 7.35565 6.50508 5.1214 7.35061 9.40277 11.5444 11.5036 9.32054 7.26492 5.03871 3.50096 3.07196 3.27565 3.40231 3.40231 3.27565 3.07196 3.50096 2.30148 2.06153 1.59841 1.24213 1.24214 1.59846 2.06153 2.30148 1.51089 1.08841 1.0024 0.999681 0.999681 1.0024 1.08841 
1.17336 1.02969 1.00339 1.00002 1.00002 1.00339 1.02948 1.17323 1.54616 1.12571 1.01371 1.00052 1.00051 1.01369 1.12429 1.54455 3.20225 3.33425 2.84014 2.34608 2.34934 2.84721 3.3436 3.22137 3.89233 5.34572 6.48017 7.45557 7.46907 6.48298 5.34386 3.87779 2.06554 1.67724 1.62024 1.59678 1.59678 1.62024 1.67724 2.06554 1.26384 1.20918 1.10246 1.03187 1.03216 1.10427 1.20918 1.26384 1.04354 0.996642 0.99781 0.999705 0.999705 0.99781 0.996642 
1.03051 1.004 1.00028 0.999933 0.999933 1.00028 1.00398 1.03062 1.12542 1.02004 1.00107 0.999789 0.999789 1.00107 1.01955 1.12438 1.78946 1.61395 1.39994 1.22774 1.22906 1.40301 1.61787 1.80227 3.50488 4.69014 5.46547 5.40213 5.41459 5.46494 4.69238 3.50635 1.45671 1.18168 1.12642 1.10491 1.10491 1.12642 1.18168 1.45671 1.02943 1.02265 1.00903 1.00196 1.00197 1.00919 1.02265 1.02943 0.995703 0.997843 0.999828 1.00003 1.00003 0.999828 0.997843 
1.00392 1.00027 0.999889 0.999976 0.999976 0.999889 1.00027 1.00395 1.02207 1.0019 0.999854 0.999957 0.999957 0.999857 1.00181 1.02193 1.27391 1.13401 1.06986 1.02635 1.02665 1.07067 1.13488 1.27933 3.36407 5.42974 6.95536 4.91252 4.93611 7.01806 5.47692 3.38663 1.16595 1.03837 1.01954 1.01393 1.01393 1.01954 1.03837 1.16595 1.00196 1.00073 1.00001 0.999874 0.999875 1.00002 1.00073 1.00196 0.998634 0.999862 1.00006 1.00001 1.00001 1.00006 0.999862 
1.00395 1.00027 0.999889 0.999977 0.999976 0.999889 1.00027 1.00395 1.02193 1.00181 0.999857 0.999957 0.999957 0.999854 1.00181 1.02193 1.27391 1.13401 1.06986 1.02635 1.02635 1.06986 1.13401 1.27391 3.38663 5.47692 7.01806 4.93611 4.93611 7.01806 5.47692 3.38663 1.17407 1.03856 1.01927 1.01376 1.01393 1.01954 1.03837 1.16595 1.00203 1.00076 1.00003 0.999878 0.999874 1.00001 1.00073 1.00196 0.998634 0.999862 1.00006 1.00001 1.00001 1.00006 0.999861 
1.03062 1.00398 1.00027 0.999933 0.999933 1.00028 1.00398 1.03062 1.12438 1.01955 1.00107 0.999789 0.999789 1.00107 1.01955 1.12438 1.78946 1.61395 1.39994 1.22774 1.22774 1.39994 1.61395 1.78946 3.50635 4.69238 5.46494 5.41459 5.41459 5.46494 4.69238 3.50635 1.46702 1.18158 1.12515 1.10419 1.10491 1.12642 1.18168 1.45671 1.0302 1.02307 1.00928 1.00202 1.00196 1.00903 1.02265 1.02943 0.995703 0.997843 0.999828 1.00003 1.00003 0.999829 0.997841 
1.17323 1.02948 1.00335 1.00001 1.00002 1.00339 1.02948 1.17323 1.54455 1.12429 1.01369 1.00051 1.00052 1.01371 1.12429 1.54455 3.20225 3.33425 2.84014 2.34608 2.34608 2.84014 3.33425 3.20225 3.87779 5.34386 6.48298 7.46907 7.46907 6.48298 5.34386 3.87779 2.06857 1.67349 1.61557 1.59407 1.59678 1.62024 1.67724 2.06554 1.26906 1.21218 1.10481 1.03255 1.03187 1.10246 1.20918 1.26384 1.04354 0.996642 0.99781 0.999705 0.999706 0.997809 0.996713 
1.54739 1.10984 1.01538 1.00125 1.00127 1.01544 1.10984 1.54739 2.51625 1.458 1.06815 1.00789 1.00821 1.06965 1.458 2.51625 6.47033 7.35127 6.4298 5.66184 5.66184 6.4298 7.35127 6.47033 5.03871 7.26492 9.32054 11.5036 11.5036 9.32054 7.26492 5.03871 3.51124 3.07868 3.28498 3.41284 3.40231 3.27565 3.07196 3.50096 2.32396 2.07508 1.6108 1.24791 1.24213 1.59841 2.06153 2.30148 1.51089 1.08841 1.0024 0.999681 0.999685 1.00238 1.08948 
3.22357 1.53766 1.08441 1.00646 1.00666 1.08564 1.54317 3.24433 6.13786 3.25285 1.63244 1.15495 1.15933 1.64107 3.25028 6.14254 12.2333 14.3454 13.4497 12.7762 12.7762 13.4497 14.3454 12.2333 11.0152 15.2139 18.2651 20.0106 20.0106 18.2651 15.2139 11.0152 5.73502 5.53265 6.48204 7.11968 7.11968 6.48204 5.57855 5.75868 4.58229 4.03176 2.93992 1.99874 1.99874 2.93992 4.03176 4.58229 4.4841 2.49969 1.34069 1.05554 1.05554 1.34069 2.49969 
2.92536 1.46683 1.07479 1.00513 1.00542 1.07607 1.47105 2.93748 5.34949 3.05181 1.63718 1.16496 1.17168 1.65453 3.06099 5.37541 10.2406 12.1588 10.6288 8.97401 8.97401 10.6288 12.1588 10.2406 8.48688 14.2885 18.2425 20.0552 20.0552 18.2425 14.2885 8.48688 3.62652 3.01336 3.21428 3.49607 3.49607 3.21428 3.00068 3.60143 3.00491 2.66849 1.92993 1.37196 1.37196 1.92993 2.66849 3.00491 3.1485 1.92391 1.15923 1.01837 1.01837 1.15923 1.92391 
2.51961 1.35509 1.05302 1.00303 1.00323 1.05396 1.35838 2.52967 4.40057 2.55619 1.45744 1.10661 1.11142 1.47122 2.56276 4.41547 8.46781 10.1617 8.19557 6.03401 6.03401 8.19557 10.1617 8.46781 7.45814 15.0194 19.6496 20.976 20.976 19.6496 15.0194 7.45814 2.21911 1.49234 1.51283 1.69062 1.69062 1.51283 1.48708 2.19517 1.7312 1.60851 1.27168 1.07371 1.07371 1.27168 1.60851 1.7312 1.92975 1.3419 1.04237 1.00325 1.00325 1.04237 1.3419 
2.15188 1.25683 1.03293 1.00183 1.00187 1.03324 1.25827 2.15641 3.68534 2.04868 1.24091 1.04194 1.04347 1.24563 2.04917 3.69561 7.53154 8.79301 6.78692 4.58803 4.58803 6.78692 8.79301 7.53154 8.83141 17.108 20.8431 21.458 21.458 20.8431 17.108 8.83141 1.86595 1.13453 1.08829 1.16853 1.16853 1.08829 1.13242 1.8359 1.20235 1.17074 1.05547 1.00956 1.00956 1.05547 1.17074 1.20235 1.27196 1.07173 1.00647 1.00018 1.00018 1.00647 1.07173 
2.15641 1.25827 1.03324 1.00187 1.00187 1.03324 1.25827 2.15641 3.68534 2.04868 1.24091 1.04194 1.04194 1.24091 2.04868 3.68534 7.53154 8.79301 6.78692 4.58803 4.5947 6.79756 8.83786 7.62263 8.8323 17.1074 20.8429 21.458 21.458 20.8431 17.108 8.83141 1.8359 1.13242 1.08847 1.16473 1.16473 1.08847 1.13242 1.8359 1.20235 1.17038 1.0544 1.00933 1.0094 1.05547 1.17074 1.20235 1.27196 1.07173 1.00647 1.00018 1.00018 1.00647 1.07173 
2.52967 1.35838 1.05396 1.00323 1.00323 1.05396 1.35838 2.52967 4.40057 2.55619 1.45744 1.10661 1.10661 1.45744 2.55619 4.40057 8.46781 10.1617 8.19557 6.03401 6.0407 8.20919 10.1758 8.56441 7.45904 15.019 19.6491 20.9761 20.976 19.6496 15.0194 7.45814 2.19517 1.48708 1.50927 1.68543 1.68543 1.50927 1.48708 2.19517 1.73173 1.60831 1.26662 1.07231 1.07278 1.27168 1.60851 1.7312 1.92975 1.3419 1.04237 1.00325 1.00325 1.04237 1.34191 
2.93748 1.47105 1.07607 1.00542 1.00542 1.07607 1.47105 2.93748 5.34949 3.05181 1.63718 1.16496 1.16496 1.63718 3.05181 5.34949 10.2406 12.1588 10.6288 8.97401 8.97431 10.6224 12.0896 10.3028 8.4874 14.2882 18.2424 20.0559 20.0552 18.2425 14.2885 8.48688 3.60143 3.00068 3.19928 3.49143 3.49143 3.19928 3.00068 3.60143 3.00541 2.66932 1.91613 1.36607 1.36823 1.92993 2.66849 3.00491 3.1485 1.92391 1.15923 1.01837 1.01837 1.15923 1.92389 
3.24433 1.54317 1.08564 1.00666 1.00666 1.08564 1.54317 3.24433 6.13786 3.25285 1.63244 1.15495 1.15495 1.63244 3.25285 6.13786 12.2333 14.3454 13.4497 12.7762 12.7674 13.428 14.6321 12.6071 11.0179 15.2163 18.2659 20.0126 20.0106 18.2651 15.2139 11.0152 5.75868 5.57855 6.53276 7.30144 7.30144 6.53276 5.57855 5.75868 4.65458 4.092 2.97455 2.0116 2.00269 2.93992 4.03176 4.58229 4.4841 2.49969 1.34069 1.05554 1.05555 1.34072 2.49979 
5.60403 2.28619 1.24016 1.02791 1.02791 1.24016 2.28619 5.60403 10.8668 5.42998 2.27356 1.32478 1.32478 2.27356 5.42998 10.8668 21.0175 24.7852 26.7366 27.1938 26.8659 26.4237 24.4759 20.9108 22.0551 25.2183 27.2766 28.0843 28.2023 27.4258 25.3756 22.1582 18.1358 19.3319 20.5848 21.1007 21.1007 20.5848 19.3319 18.1358 13.9151 11.7857 8.28491 5.78883 5.81352 8.32202 11.8272 13.9833 11.1939 5.77349 2.41733 1.36135 1.35887 2.40963 5.7468 
6.20128 2.47814 1.28116 1.03369 1.03369 1.28116 2.47814 6.20128 11.8216 5.89805 2.42126 1.36936 1.36936 2.42126 5.89805 11.8216 22.808 27.4666 29.9662 30.7163 30.7597 30.0448 27.5378 23.0469 24.6608 26.327 27.8539 28.9942 29.0116 27.869 26.3102 24.637 24.9063 27.003 28.377 28.9336 28.9336 28.377 27.003 24.9063 16.574 13.7656 9.68899 6.98912 6.98362 9.68906 13.7794 16.5731 12.4174 6.0389 2.48034 1.38011 1.38175 2.48275 6.04292 
6.48321 2.55179 1.29364 1.03515 1.03515 1.29364 2.55179 6.48321 12.4236 6.14191 2.4813 1.38076 1.38076 2.4813 6.14191 12.4236 24.0995 29.1829 32.062 32.9574 33.0021 32.1491 29.2659 24.3883 26.0341 25.8765 27.3163 29.1232 29.149 27.311 25.8592 26.0098 27.7972 30.4423 32.0408 32.6084 32.6084 32.0408 30.4423 27.7972 18.2147 15.0947 10.662 7.73546 7.72544 10.6605 15.1154 18.2146 13.3987 6.35259 2.5986 1.42986 1.43208 2.60185 6.35816 
6.52395 2.5307 1.27796 1.03069 1.03069 1.27796 2.5307 6.52395 12.7018 6.17913 2.46054 1.35094 1.35094 2.46054 6.17913 12.7018 24.8075 29.9116 32.7854 33.6624 33.6892 32.8387 29.93 25.0887 26.5504 25.7711 27.2143 29.1315 29.1478 27.2029 25.7686 26.5288 28.7302 31.6226 33.2108 33.718 33.718 33.2108 31.6226 28.7302 19.3227 16.0596 11.1864 8.02274 8.01752 11.1851 16.0696 19.3225 14.3108 6.80762 2.74572 1.44917 1.45028 2.74739 6.81001 
6.51024 2.52683 1.27706 1.03054 1.03069 1.27796 2.5307 6.52395 12.7018 6.17913 2.46054 1.35094 1.35261 2.46434 6.1788 12.766 24.8075 29.9116 32.7854 33.6624 33.6624 32.7854 29.9116 24.8075 26.5288 25.7686 27.2029 29.1478 29.1315 27.2143 25.7711 26.5504 28.7579 31.6101 33.2078 33.7165 33.7215 33.2205 31.6226 28.7302 19.3225 16.0696 11.1851 8.01752 8.01752 11.1851 16.0696 19.3225 14.3108 6.80762 2.74572 1.44917 1.44917 2.74572 6.80762 
6.46115 2.54509 1.292 1.03484 1.03515 1.29364 2.55179 6.48321 12.4236 6.14191 2.4813 1.38076 1.38342 2.4883 6.14834 12.4902 24.0995 29.1829 32.062 32.9574 32.9574 32.062 29.1829 24.0995 26.0098 25.8592 27.311 29.149 29.1232 27.3163 25.8765 26.0341 27.8187 30.4271 32.0338 32.6041 32.6117 32.052 30.4423 27.7972 18.2146 15.1154 10.6605 7.72544 7.72544 10.6605 15.1154 18.2146 13.3987 6.35259 2.5986 1.42986 1.42986 2.5986 6.35259 
6.17874 2.47125 1.27946 1.03336 1.03369 1.28116 2.47814 6.20128 11.8216 5.89805 2.42126 1.36936 1.37198 2.42829 5.90556 11.8887 22.808 27.4666 29.9662 30.7163 30.7163 29.9662 27.4666 22.808 24.637 26.3102 27.869 29.0116 28.9942 27.8539 26.327 24.6608 24.9277 26.9833 28.3616 28.9243 28.9111 28.3546 27.003 24.9063 16.5731 13.7794 9.68906 6.98362 6.98362 9.68906 13.7794 16.5731 12.4174 6.0389 2.48034 1.38011 1.38011 2.48034 6.0389 
5.59551 2.28224 1.23898 1.02766 1.02791 1.24016 2.28619 5.60403 10.8668 5.42998 2.27356 1.32478 1.32763 2.2825 5.44891 10.9633 21.0175 24.7852 26.7366 27.1938 27.1938 26.7366 24.7852 21.0175 22.1582 25.3756 27.4258 28.2023 28.0843 27.2766 25.2183 22.0551 18.1713 19.3208 20.5756 21.094 21.2161 20.7127 19.3319 18.1358 13.9833 11.8272 8.32202 5.81352 5.81352 8.32202 11.8272 13.9833 11.1939 5.77349 2.41733 1.36135 1.36135 2.41733 5.77349 
6.99671 2.72249 1.33685 1.04169 1.04211 1.33919 2.73179 7.02457 13.6852 6.60184 2.65628 1.43618 1.43618 2.65628 6.60184 13.6852 25.5255 29.2732 31.138 31.7516 31.7516 31.138 29.2732 25.5255 29.4292 32.6805 33.531 33.3461 33.367 33.5482 32.7128 29.4694 24.3642 27.9026 29.3064 29.7313 29.6145 29.1898 27.9541 24.3251 17.2748 14.7723 11.1571 8.33365 8.33365 11.1571 14.7723 17.2748 13.3281 8.10739 3.95031 2.20939 2.20939 3.95031 8.10739 
7.12793 2.70744 1.31991 1.03652 1.03684 1.32179 2.71438 7.14349 14.4017 6.69038 2.56588 1.35269 1.35269 2.56588 6.69038 14.4017 26.7825 30.5584 32.5938 33.3321 33.3321 32.5938 30.5584 26.7825 30.6255 33.202 33.9375 33.9723 33.9712 33.9422 33.2164 30.6456 26.7776 29.734 31.2841 31.878 31.9136 31.3348 29.7172 26.6998 20.0545 16.632 12.0066 8.73938 8.73938 12.0066 16.632 20.0545 14.2512 8.24824 3.82417 2.13347 2.13347 3.82417 8.24824 
7.18397 2.70104 1.31282 1.03483 1.03511 1.31452 2.70737 7.19849 14.6987 6.72922 2.55485 1.33685 1.33685 2.55485 6.72922 14.6987 27.5665 31.3064 33.3049 34.0305 34.0305 33.3049 31.3064 27.5665 31.3893 33.3917 34.1117 34.3123 34.3142 34.1169 33.4035 31.4097 28.3917 31.2777 32.8875 33.4981 33.526 32.9401 31.2538 28.322 21.4451 17.361 12.1486 8.83237 8.83237 12.1486 17.361 21.4451 14.8295 8.16831 3.68365 2.05511 2.05511 3.68365 8.16831 
7.18295 2.68391 1.30287 1.03276 1.03295 1.30405 2.68829 7.19458 14.8116 6.71796 2.54739 1.33084 1.33084 2.54739 6.71796 14.8116 27.8853 31.581 33.5332 34.181 34.181 33.5332 31.581 27.8853 31.8754 33.424 34.1515 34.4565 34.4578 34.1543 33.4298 31.8881 29.3156 32.194 33.6853 34.1841 34.1972 33.7138 32.1847 29.2577 22.1035 17.4164 11.8649 8.77381 8.77381 11.8649 17.4164 22.1035 15.4596 8.01694 3.49733 1.91342 1.91342 3.49733 8.01694 
7.19458 2.68829 1.30405 1.03295 1.03295 1.30405 2.68829 7.19458 14.8167 6.70622 2.54382 1.3301 1.33084 2.54739 6.71796 14.8116 27.8853 31.581 33.5332 34.181 34.1756 33.5244 31.5655 27.9796 31.8881 33.4298 34.1543 34.4578 34.4565 34.1515 33.424 31.8754 29.2577 32.1847 33.6695 34.176 34.1841 33.6853 32.194 29.3156 21.9586 17.3579 11.8649 8.81192 8.77381 11.8649 17.4164 22.1035 15.4596 8.01694 3.49733 1.91342 1.91345 3.49735 7.99328 
7.19849 2.70737 1.31452 1.03511 1.03511 1.31452 2.70737 7.19849 14.7102 6.71433 2.55011 1.33583 1.33685 2.55485 6.72922 14.6987 27.5665 31.3064 33.3049 34.0305 34.0229 33.2886 31.285 27.6591 31.4097 33.4035 34.1169 34.3142 34.3123 34.1117 33.3917 31.3893 28.322 31.2538 32.8572 33.482 33.4981 32.8875 31.2777 28.3917 21.2406 17.2506 12.1484 8.88917 8.83237 12.1486 17.361 21.4451 14.8295 8.16831 3.68365 2.05511 2.0552 3.68355 8.1312 
7.14349 2.71438 1.32179 1.03684 1.03684 1.32179 2.71438 7.14349 14.4143 6.67448 2.56049 1.35131 1.35269 2.56588 6.69038 14.4017 26.7825 30.5584 32.5938 33.3321 33.3198 32.573 30.5339 26.8635 30.6456 33.2164 33.9422 33.9712 33.9723 33.9375 33.202 30.6255 26.6998 29.7172 31.2589 31.8606 31.878 31.2841 29.734 26.7776 19.8525 16.5238 12.0068 8.80677 8.73938 12.0066 16.632 20.0545 14.2512 8.24824 3.82417 2.13347 2.13355 3.82403 8.21101 
7.02457 2.73179 1.33919 1.04211 1.04211 1.33919 2.73179 7.02457 13.7083 6.59081 2.65129 1.43442 1.43618 2.65628 6.60184 13.6852 25.5255 29.2732 31.138 31.7516 31.7775 31.1574 29.2853 25.6328 29.4694 32.7128 33.5482 33.367 33.3461 33.531 32.6805 29.4292 24.3251 27.9541 29.3442 29.751 29.7313 29.3064 27.9026 24.3642 17.2309 14.7502 11.157 8.37067 8.33365 11.1571 14.7723 17.2748 13.3281 8.10739 3.95031 2.20939 2.20941 3.95023 8.08198 
8.11275 3.33294 1.55126 1.08559 1.08543 1.55073 3.33006 8.08622 15.1731 7.78231 3.4578 1.90715 1.8902 3.422 7.78231 15.1731 26.6357 30.4525 32.7302 33.3805 33.3832 32.7314 30.4288 26.6318 27.4591 31.7742 32.8796 32.5977 32.5977 32.8796 31.7742 27.4591 21.2586 26.2185 28.3265 28.8955 28.9797 28.4279 26.3277 21.4167 10.8371 11.0727 11.1938 12.1038 11.9656 11.1808 11.1197 10.8983 8.22207 6.13504 4.55452 3.49933 3.46162 4.54512 6.13504 
7.72408 3.06831 1.46112 1.06564 1.06515 1.45884 3.05903 7.68495 15.0264 7.41137 3.21707 1.76328 1.74792 3.18419 7.41137 15.0264 27.3523 31.0848 33.3663 34.0503 34.0461 33.3609 31.0651 27.3318 28.7651 32.1468 33.2626 33.4094 33.4094 33.2626 32.1468 28.7651 23.5905 29.1636 31.5268 32.0705 32.0625 31.5217 29.1352 23.5524 11.2789 11.5695 12.8046 15.3235 15.1896 12.8159 11.6012 11.3009 8.51443 6.70209 5.27055 4.29866 4.24718 5.24774 6.70209 
7.4426 2.87603 1.39172 1.05164 1.0512 1.3896 2.86746 7.40654 14.9136 7.15456 3.04758 1.67006 1.65612 3.01741 7.15456 14.9136 27.71 31.3545 33.6715 34.3353 34.3328 33.6691 31.3477 27.6751 29.5179 32.2923 33.4092 33.7796 33.7796 33.4092 32.2923 29.5179 25.0443 30.5618 33.0848 33.7986 33.8049 33.0926 30.5505 25.0261 12.3427 12.4242 13.605 15.8386 15.6876 13.6122 12.4511 12.3615 9.15712 7.27713 5.78009 4.5524 4.49987 5.76064 7.27713 
7.31163 2.77557 1.3388 1.0391 1.03893 1.33795 2.77182 7.29028 14.9165 6.98927 2.87868 1.55682 1.5499 2.86282 6.98927 14.9165 27.8962 31.4441 33.7819 34.4239 34.4222 33.7807 31.4483 27.8704 29.9261 32.2435 33.3899 33.9496 33.9496 33.3899 32.2435 29.9261 25.9413 31.205 33.6283 34.2606 34.2639 33.6314 31.1962 25.9419 14.1852 13.6329 13.7991 14.956 14.8695 13.8053 13.6432 14.1945 10.2729 7.49712 5.42294 3.68558 3.65826 5.40896 7.49712 
7.29028 2.77182 1.33795 1.03893 1.03893 1.33795 2.77182 7.29028 14.6968 7.029 2.87868 1.55682 1.55682 2.87868 6.98927 14.9165 27.8704 31.4483 33.7807 34.4222 34.4222 33.7807 31.4483 27.8704 29.9443 32.2382 33.3846 33.9467 33.9496 33.3899 32.2435 29.9261 25.8571 31.2053 33.6201 34.2559 34.2606 33.6283 31.205 25.9413 14.1945 13.6432 13.8053 14.8695 14.982 13.8076 13.6406 14.2694 10.2729 7.49712 5.40896 3.65826 3.68558 5.42294 7.49511 
7.40654 2.86746 1.3896 1.0512 1.0512 1.3896 2.86746 7.40654 14.6869 7.19716 3.04758 1.67006 1.67006 3.04758 7.15456 14.9136 27.6751 31.3477 33.6691 34.3328 34.3328 33.6691 31.3477 27.6751 29.5532 32.2795 33.3998 33.7755 33.7796 33.4092 32.2923 29.5179 24.9247 30.5537 33.0723 33.7922 33.7986 33.0848 30.5618 25.0443 12.3615 12.4511 13.6122 15.6876 15.8945 13.6186 12.3986 12.3942 9.15712 7.27713 5.76064 4.49987 4.5524 5.78009 7.27151 
7.68495 3.05903 1.45884 1.06515 1.06515 1.45884 3.05903 7.68495 14.8061 7.45373 3.21707 1.76328 1.76328 3.21707 7.41137 15.0264 27.3318 31.0651 33.3609 34.0461 34.0461 33.3609 31.0651 27.3318 28.8042 32.1292 33.2528 33.4055 33.4094 33.2626 32.1468 28.7651 23.4779 29.1733 31.5353 32.0728 32.0705 31.5268 29.1636 23.5905 11.3009 11.6012 12.8159 15.1896 15.3954 12.8236 11.5286 11.3135 8.51443 6.70209 5.24774 4.24718 4.29866 5.27055 6.69908 
8.08622 3.33006 1.55073 1.08543 1.08543 1.55073 3.33006 8.08622 14.9715 7.82522 3.4578 1.90715 1.90715 3.4578 7.78231 15.1731 26.6318 30.4288 32.7314 33.3832 33.3832 32.7314 30.4288 26.6318 27.4441 31.7216 32.8438 32.5567 32.5977 32.8796 31.7742 27.4591 21.3122 26.3322 28.4244 28.9622 28.8955 28.3265 26.2185 21.2586 10.8983 11.1197 11.1808 11.9656 12.1427 11.169 11.0136 10.8183 8.22207 6.13504 4.54512 3.46162 3.49933 4.55452 6.11652 
9.49937 4.19496 1.85891 1.16353 1.16363 1.86021 4.19496 9.49937 15.8637 9.20587 4.25416 2.41336 2.406 4.24077 9.18112 15.9074 25.1752 29.3506 31.6469 32.4058 32.4058 31.6469 29.3448 25.2555 21.7871 26.1446 26.9724 26.9669 26.9647 26.9706 25.9988 21.6857 14.7669 17.3108 19.0978 20.1671 20.523 19.5241 17.184 14.7104 10.5808 11.001 8.6485 6.37578 6.46045 8.69774 11.0021 10.5536 6.95689 3.82655 2.37556 1.62065 1.63852 2.40554 3.82715 
10.567 4.61645 1.99107 1.19635 1.19597 1.99064 4.61645 10.567 17.6623 10.4159 4.84947 2.75714 2.74702 4.82834 10.3787 17.7125 26.8394 30.9438 32.7911 33.4966 33.4966 32.7911 30.9026 26.8648 21.8901 25.6378 27.0604 27.4325 27.4338 27.06 25.6575 21.9477 17.5569 21.4028 24.2821 26.3126 26.4257 24.5214 21.3816 17.6008 11.4535 11.9934 9.25518 6.3339 6.35106 9.2654 11.9892 11.4033 7.08005 3.34213 1.77148 1.20074 1.20276 1.77653 3.34219 
11.3206 4.98721 2.10889 1.22753 1.22696 2.10784 4.98721 11.3206 18.6535 10.9692 5.07049 2.85333 2.84352 5.05118 10.933 18.7 27.8702 32.157 33.7275 34.3061 34.3061 33.7275 32.133 27.8909 22.017 24.3438 26.2011 27.6968 27.6964 26.2015 24.3644 22.0736 19.1875 24.0043 27.5388 29.8943 30.0553 27.8545 23.9769 19.2468 11.6536 12.4357 9.57557 6.40543 6.41182 9.58432 12.4311 11.5877 6.68998 2.75241 1.39569 1.05867 1.0591 1.39713 2.75249 
11.6702 5.13751 2.14435 1.24001 1.23943 2.14286 5.13751 11.6702 19.0844 11.0977 5.04281 2.78238 2.77545 5.03182 11.0697 19.1273 28.2858 32.5975 34.0761 34.54 34.54 34.0761 32.5871 28.2862 22.1406 23.6861 25.6722 27.6371 27.6372 25.672 23.6991 22.1668 19.8927 25.7599 29.7077 31.6163 31.7246 29.8959 25.7361 19.9335 11.5885 12.6293 9.79337 6.48128 6.48047 9.799 12.6263 11.5282 6.32126 2.48547 1.27769 1.03123 1.03136 1.27817 2.48552 
11.7 5.13429 2.14286 1.23943 1.24001 2.14435 5.13751 11.6702 19.1273 11.0697 5.03182 2.77545 2.77545 5.03182 11.0697 19.1273 28.2858 32.5975 34.1043 34.5551 34.5551 34.1043 32.5975 28.2858 22.1668 23.6991 25.672 27.6372 27.6372 25.672 23.6991 22.1668 19.9335 25.7361 29.8959 31.7246 31.7246 29.8959 25.7361 19.9335 11.5885 12.6293 9.79337 6.48128 6.48128 9.79337 12.6293 11.5885 6.32126 2.48547 1.27769 1.03123 1.03123 1.27769 2.48547 
11.3657 4.98703 2.10784 1.22696 1.22753 2.10889 4.98721 11.3206 18.7 10.933 5.05118 2.84352 2.84352 5.05118 10.933 18.7 27.8702 32.157 33.7821 34.3347 34.3347 33.7821 32.157 27.8702 22.0736 24.3644 26.2015 27.6964 27.6964 26.2015 24.3644 22.0736 19.2468 23.9769 27.8545 30.0553 30.0553 27.8545 23.9769 19.2468 11.6536 12.4357 9.57557 6.40543 6.40543 9.57557 12.4357 11.6536 6.68998 2.75241 1.39569 1.05867 1.05867 1.39569 2.75241 
10.6106 4.61784 1.99064 1.19597 1.19635 1.99107 4.61645 10.567 17.7125 10.3787 4.82834 2.74702 2.74702 4.82834 10.3787 17.7125 26.8394 30.9438 32.8666 33.536 33.536 32.8666 30.9438 26.8394 21.9477 25.6575 27.06 27.4338 27.4338 27.06 25.6575 21.9477 17.6008 21.3816 24.5214 26.4257 26.4257 24.5214 21.3816 17.6008 11.4535 11.9934 9.25518 6.3339 6.3339 9.25518 11.9934 11.4535 7.08005 3.34213 1.77148 1.20074 1.20074 1.77148 3.34213 
9.54157 4.20125 1.86021 1.16363 1.16353 1.85891 4.19496 9.49937 15.9074 9.18112 4.24077 2.406 2.406 4.24077 9.18112 15.9074 25.1752 29.3506 31.6243 32.3567 32.3567 31.6243 29.3506 25.1752 21.6857 25.9988 26.9706 26.9647 26.9647 26.9706 25.9988 21.6857 14.7104 17.184 19.5241 20.523 20.523 19.5241 17.184 14.7104 10.5808 11.001 8.6485 6.37578 6.37578 8.6485 11.001 10.5808 6.95689 3.82655 2.37556 1.62065 1.62065 2.37556 3.82655 
7.96999 3.78216 1.78836 1.17372 1.17372 1.78836 3.78216 7.96999 12.2698 7.3654 3.51172 1.98374 1.98374 3.51172 7.33356 12.1846 19.3155 25.3579 27.4666 28.2929 28.3427 27.5109 25.3579 19.3155 9.82346 11.6956 11.745 12.3295 12.3295 11.745 11.6956 9.82346 7.32914 8.58111 9.6241 9.7635 9.75616 9.6159 8.49788 7.26275 6.00292 5.97927 4.42362 2.94596 2.9513 4.43469 6.03087 6.05452 3.35442 1.5445 1.06566 1.0056 1.00499 1.06475 1.54589 
9.3557 4.28195 1.92275 1.21247 1.21247 1.92275 4.28195 9.3557 14.1236 8.86152 4.11748 2.26224 2.26224 4.11748 8.87256 14.0941 19.4166 27.0347 30.3506 31.3787 31.3552 30.3133 27.0347 19.4166 7.04776 9.01964 9.20341 9.05382 9.05382 9.20341 9.01964 7.04776 5.06595 6.42004 6.5388 5.96183 5.96188 6.53896 6.42071 5.06586 2.79448 2.82264 2.08575 1.4448 1.44382 2.08453 2.81896 2.79399 1.79851 1.1406 1.0062 0.998338 0.998275 1.00614 1.14084 
10.0433 4.60691 2.02512 1.23723 1.23723 2.02512 4.60691 10.0433 14.9601 9.61389 4.44443 2.40624 2.40624 4.44443 9.62673 14.9191 19.5083 27.8698 31.7906 32.9614 32.9457 31.7622 27.8698 19.5083 5.80751 7.96132 7.99062 7.32631 7.32631 7.99062 7.96132 5.80751 3.15654 4.39062 4.19228 3.42601 3.42598 4.19231 4.39066 3.15634 1.45407 1.44272 1.22138 1.05794 1.05798 1.22176 1.44262 1.45418 1.19518 1.02963 1.00184 0.999871 0.999871 1.00185 1.0297 
10.2915 4.73163 2.05394 1.23139 1.23139 2.05394 4.73163 10.2915 15.2659 9.83804 4.54351 2.44445 2.44445 4.54351 9.84848 15.2397 19.5294 28.1846 32.2856 33.4411 33.4323 32.2703 28.1846 19.5294 6.32988 9.81658 9.13179 6.42283 6.42283 9.13179 9.81658 6.32988 2.04133 2.79511 2.69258 2.16977 2.16975 2.6926 2.79504 2.04131 1.10429 1.07969 1.03041 1.00452 1.00454 1.03049 1.07971 1.10416 1.01984 1.00126 0.999938 1.00003 1.00003 0.99994 1.00127 
10.2855 4.73496 2.05373 1.23091 1.23139 2.05394 4.73163 10.2915 15.2397 9.84848 4.54835 2.4422 2.44445 4.54351 9.84848 15.2397 19.5294 28.1846 32.2856 33.4411 33.4411 32.2856 28.2089 19.4386 6.32966 9.81769 9.13263 6.42272 6.42283 9.13179 9.81658 6.32988 2.04131 2.79504 2.6926 2.16975 2.16977 2.69258 2.79504 2.04131 1.10416 1.07971 1.03041 1.00452 1.00452 1.03041 1.07969 1.10429 1.01985 1.00127 0.99994 1.00003 1.00003 0.999938 1.00126 
10.0376 4.60959 2.02428 1.23625 1.23723 2.02512 4.60691 10.0433 14.9191 9.62673 4.45209 2.40509 2.40624 4.44443 9.62673 14.9191 19.5083 27.8698 31.7906 32.9614 32.9614 31.7906 27.8981 19.4202 5.80651 7.96316 7.99192 7.32583 7.32631 7.99062 7.96132 5.80751 3.15634 4.39066 4.19231 3.42598 3.42601 4.19228 4.39066 3.15634 1.45418 1.44262 1.22138 1.05794 1.05794 1.22138 1.44272 1.45407 1.19529 1.0297 1.00185 0.999871 0.999871 1.00184 1.02963 
9.35063 4.28319 1.92166 1.21144 1.21247 1.92275 4.28195 9.3557 14.0941 8.87256 4.12709 2.26335 2.26224 4.11748 8.87256 14.0941 19.4166 27.0347 30.3506 31.3787 31.3787 30.3506 27.0648 19.3496 7.04504 9.021 9.20331 9.05362 9.05382 9.20341 9.01964 7.04776 5.06586 6.42071 6.53896 5.96188 5.96183 6.5388 6.42071 5.06586 2.79399 2.81896 2.08575 1.4448 1.4448 2.08575 2.82264 2.79448 1.7987 1.14084 1.00614 0.998275 0.998338 1.0062 1.1406 
7.94085 3.77364 1.78556 1.17272 1.17372 1.78836 3.78216 7.96999 12.1846 7.33356 3.50329 1.98219 1.98374 3.51172 7.33356 12.1846 19.3155 25.3579 27.4666 28.2929 28.2929 27.4666 25.362 19.2765 9.71996 11.5408 11.581 12.1889 12.3295 11.745 11.6956 9.82346 7.26275 8.49788 9.6159 9.75616 9.7635 9.6241 8.49788 7.26275 6.05452 6.03087 4.42362 2.94596 2.94596 4.42362 5.97927 6.00292 3.3662 1.54589 1.06475 1.00499 1.0056 1.06566 1.5445 
2.84439 1.70367 1.17154 1.03159 1.03167 1.17141 1.70178 2.82246 4.22249 2.63619 1.54624 1.13998 1.13821 1.54048 2.60628 4.14691 10.5077 14.3348 15.8996 16.4585 16.4585 15.8996 14.4147 10.582 3.41846 3.79874 3.99614 4.37228 4.37216 3.99619 3.77747 3.4031 3.2862 3.78263 3.97134 4.11955 4.11955 3.97134 3.78263 3.2862 2.37869 2.65314 2.05902 1.40977 1.40977 2.05902 2.65327 2.37869 1.35174 1.04726 1.00573 1.00007 1.00012 1.00597 1.04792 
1.69946 1.24558 1.05393 1.00774 1.00784 1.05439 1.24723 1.69837 2.33259 1.59234 1.15295 1.02963 1.03011 1.15508 1.59606 2.33182 5.81223 7.95292 8.48877 8.3412 8.3412 8.48877 7.93703 5.81719 1.61107 1.6468 1.74582 1.98174 1.98183 1.74592 1.64502 1.60979 1.47261 1.57186 1.62016 1.68848 1.68848 1.62016 1.57186 1.47261 1.27506 1.36785 1.19556 1.05153 1.05153 1.19556 1.36784 1.27506 1.06751 1.00918 1.00079 0.999758 0.999758 1.00079 1.00916 
1.16333 1.04913 1.00857 1.00083 1.00085 1.00863 1.0494 1.16336 1.32842 1.11339 1.0214 1.00241 1.00244 1.02157 1.11341 1.32589 3.13908 4.24165 4.28047 3.90649 3.90649 4.28047 4.23632 3.14191 1.08604 1.07996 1.10679 1.17418 1.17419 1.1068 1.07995 1.086 1.04643 1.05381 1.05253 1.07495 1.07495 1.05253 1.05381 1.04643 1.02921 1.04563 1.02033 1.00316 1.00316 1.02033 1.04563 1.02921 1.00763 1.00088 0.999918 0.999966 0.999966 0.999918 1.00087 
1.02958 1.00716 1.00087 0.99985 0.999851 1.00088 1.00719 1.02959 1.06174 1.01539 1.00145 0.999788 0.999792 1.00146 1.01539 1.06149 1.88328 2.43915 2.3974 2.20623 2.20623 2.3974 2.438 1.88387 1.0111 1.00711 1.01239 1.02755 1.02755 1.01239 1.00711 1.0111 0.998306 0.991287 0.98784 0.997663 0.997663 0.98784 0.991287 0.998306 1.00171 1.00297 1.00084 0.999892 0.999892 1.00084 1.00297 1.00171 1.0008 0.99994 0.999949 0.999997 0.999997 0.999949 0.99994 
1.02959 1.00719 1.00088 0.999851 0.999851 1.00088 1.00719 1.02959 1.06149 1.01539 1.00146 0.999792 0.999792 1.00146 1.01539 1.06174 1.88328 2.43915 2.3974 2.20623 2.21596 2.4159 2.43915 1.88328 1.0111 1.00711 1.01239 1.02755 1.02755 1.01239 1.00711 1.0111 0.998308 0.991286 0.987842 0.997663 0.997663 0.98784 0.991287 0.998306 1.00171 1.00297 1.00084 0.999892 0.999887 1.00083 1.00297 1.00171 1.0008 0.99994 0.999949 0.999997 0.999997 0.999949 0.99994 
1.16336 1.0494 1.00863 1.00085 1.00085 1.00863 1.0494 1.16336 1.32589 1.11341 1.02157 1.00244 1.00244 1.02157 1.11339 1.32842 3.13908 4.24165 4.28047 3.90649 3.92582 4.31754 4.24165 3.13908 1.086 1.07995 1.1068 1.17419 1.17418 1.1068 1.07995 1.086 1.04644 1.05383 1.05253 1.07495 1.07495 1.05253 1.05381 1.04643 1.02921 1.04563 1.02033 1.00316 1.0031 1.02012 1.04563 1.02921 1.00763 1.00088 0.999918 0.999966 0.999966 0.999918 1.00088 
1.69837 1.24723 1.05439 1.00784 1.00784 1.05439 1.24723 1.69837 2.33182 1.59606 1.15508 1.03011 1.03011 1.15508 1.59234 2.33259 5.81223 7.95292 8.48877 8.3412 8.37713 8.53135 7.95292 5.81223 1.60979 1.64502 1.74592 1.98183 1.98174 1.74592 1.64502 1.60979 1.47283 1.57225 1.62012 1.68845 1.68848 1.62016 1.57186 1.47261 1.27506 1.36784 1.19556 1.05153 1.05098 1.19453 1.36785 1.27509 1.06759 1.00918 1.00079 0.999758 0.999758 1.00079 1.00918 
2.82246 1.70178 1.17141 1.03167 1.03167 1.17141 1.70178 2.82246 4.14691 2.60628 1.54048 1.13821 1.13821 1.54048 2.63619 4.22249 10.5077 14.3348 15.8996 16.4585 16.2709 15.7928 14.3348 10.5077 3.4031 3.77747 3.99619 4.37216 4.37228 3.99619 3.77747 3.4031 3.28423 3.78271 3.97073 4.11901 4.11955 3.97134 3.78263 3.2862 2.37869 2.65327 2.05902 1.40977 1.39373 2.02247 2.65314 2.37845 1.35557 1.04726 1.00597 1.00012 1.00007 1.00573 1.04726 
1.78264 1.28468 1.05978 1.00937 1.00937 1.05978 1.28468 1.78264 2.56056 1.76979 1.23891 1.05438 1.05438 1.23891 1.76979 2.56056 4.32692 5.90533 6.6471 7.32471 7.32471 6.6471 5.90533 4.32692 1.96649 2.25599 2.23744 2.04124 2.04124 2.23744 2.25599 1.96649 1.84533 2.19989 2.19458 2.06876 2.06235 2.18102 2.18504 1.83893 1.29028 1.43721 1.21739 1.05948 1.05935 1.21679 1.43634 1.29189 1.05191 1.00492 1.00014 0.999981 0.999981 1.00014 1.00492 
1.27754 1.09387 1.01486 1.00161 1.00161 1.01486 1.09387 1.27754 1.49663 1.21144 1.05441 1.00942 1.00942 1.05441 1.21144 1.49663 2.50705 3.378 3.77484 3.82797 3.82797 3.77484 3.378 2.50705 1.30089 1.44091 1.40568 1.28481 1.28481 1.40568 1.44091 1.30089 1.18321 1.3102 1.30321 1.23278 1.23054 1.29838 1.30526 1.18121 1.03621 1.06397 1.02495 1.00497 1.00493 1.02474 1.06342 1.03619 1.00718 1.00083 0.999988 0.999978 0.999978 0.999988 1.00083 
1.06138 1.01564 1.00196 0.999991 0.999991 1.00196 1.01564 1.06138 1.1132 1.04036 1.00739 1.00084 1.00084 1.00739 1.04036 1.1132 1.49131 1.8899 2.07407 1.94255 1.94255 2.07407 1.8899 1.49131 1.06128 1.10102 1.08984 1.05256 1.05256 1.08984 1.10102 1.06128 1.02536 1.05295 1.05387 1.03406 1.03356 1.05275 1.0519 1.02498 1.00301 1.00604 1.0017 1.00014 1.00013 1.00167 1.00594 1.00299 1.00081 1 0.999986 0.999999 0.999999 0.999986 1 
1.00907 1.0017 1 0.99991 0.99991 1 1.0017 1.00907 1.0179 1.00483 1.00055 0.999851 0.999851 1.00055 1.00483 1.0179 1.12878 1.26142 1.32622 1.26979 1.26979 1.32622 1.26142 1.12878 1.00764 1.01382 1.01214 1.00578 1.00578 1.01214 1.01382 1.00764 1.00214 1.00558 1.00622 1.00314 1.00307 1.00605 1.00544 1.0021 1.00007 1.00015 0.999954 0.999909 0.999909 0.999949 1.00013 1.00006 1.00005 0.999972 0.999999 1 1 0.999999 0.999972 
0 0 0 0 0.99991 1 1.0017 1.00907 1.018 1.0049 1.00056 0.999852 0.999851 1.00055 1.00483 1.0179 1.12878 1.26142 1.32622 1.26979 1.26692 1.32187 1.25805 1.12744 1.00765 1.01361 1.01196 1.0057 1.00578 1.01214 1.01382 1.00764 1.0021 1.00544 1.00605 1.00307 1.00314 1.00622 1.00558 1.00214 1.00006 1.00013 0.999949 0.999909 0.999909 0.999954 1.00015 1.00007 1.00005 0.999972 0.999999 1 0 0 0 
0 0 0 0 0.999991 1.00196 1.01564 1.06138 1.11368 1.04078 1.00746 1.00085 1.00084 1.00739 1.04036 1.1132 1.49131 1.8899 2.07407 1.94255 1.93407 2.06034 1.87942 1.48674 1.06117 1.09973 1.08868 1.05202 1.05256 1.08984 1.10102 1.06128 1.02498 1.0519 1.05275 1.03356 1.03406 1.05387 1.05295 1.02536 1.00299 1.00594 1.00167 1.00013 1.00014 1.0017 1.00604 1.00301 1.00081 1 0.999986 0.999999 0 0 0 
0 0 0 0 1.00161 1.01486 1.09387 1.27754 1.49815 1.21292 1.05473 1.00947 1.00942 1.05441 1.21144 1.49663 2.50705 3.378 3.77484 3.82797 3.81318 3.76064 3.36768 2.50089 1.30059 1.43652 1.40163 1.28273 1.28481 1.40568 1.44091 1.30089 1.18121 1.30526 1.29838 1.23054 1.23278 1.30321 1.3102 1.18321 1.03619 1.06342 1.02474 1.00493 1.00497 1.02495 1.06397 1.03621 1.00718 1.00083 0.999988 0.999978 0 0 0 
