0 0 0 0 1.00056 1.00424 1.02433 1.1077 1.49455 1.12152 1.01579 1.00122 1.00123 1.01591 1.12234 1.50213 3.2155 3.52361 2.99905 2.51795 2.5138 2.98994 3.51001 3.20629 3.28197 5.09354 7.3153 9.74494 9.74239 7.32524 5.10166 3.28078 1.47122 1.30963 1.35863 1.44385 1.44061 1.35282 1.30286 1.46027 1.46285 1.3513 1.14402 1.03688 1.03719 1.14603 1.35571 1.46851 1.26135 1.05678 1.00715 1.00068 0 0 0 
0 0 0 0 0.999957 1.00069 1.0044 1.01763 1.09009 1.02008 1.00225 1.00002 1.00002 1.00225 1.02011 1.09132 1.57225 1.57094 1.40719 1.26516 1.26427 1.40487 1.5676 1.57184 2.40033 4.08531 5.66715 7.08948 7.08368 5.66498 4.08347 2.39754 1.04893 1.01872 1.02117 1.04017 1.04055 1.02128 1.01868 1.04645 1.09027 1.05867 1.01836 1.00267 1.00271 1.01863 1.05961 1.0917 1.05748 1.01203 1.00123 0.999983 0 0 0 
0 0 0 0 0.999965 1.00001 1.00055 1.00173 1.01028 1.00208 1.00008 0.999916 0.999916 1.00008 1.00207 1.01041 1.134 1.08805 1.05234 1.02689 1.02676 1.05191 1.08741 1.13581 1.99722 3.51831 4.78495 5.18436 5.16924 4.77817 3.51063 1.99174 0.998711 0.992455 0.989954 0.995161 0.995193 0.989936 0.992436 0.996832 1.01013 1.00583 1.00127 0.999995 1 1.0013 1.00596 1.01036 1.00808 1.00137 1.00001 0.999957 0 0 0 
0 0 0 0 0.999994 0.999971 0.99995 1.00017 1.00037 0.999779 0.999926 0.999983 0.999984 0.999926 0.999777 1.00037 1.03399 1.00901 1.00347 1.0011 1.00109 1.00342 1.00892 1.03529 1.59888 3.37943 5.19553 3.82716 3.79963 5.13659 3.34483 1.59089 0.999612 0.997385 0.99657 0.997873 0.997862 0.996541 0.997362 0.998515 1.00068 1.00018 0.999977 0.999946 0.999946 0.99998 1.00019 1.00071 1.00085 0.999996 0.999958 0.999992 0 0 0 
1.00017 0.99995 0.999971 0.999994 0.999994 0.999971 0.99995 1.00017 1.00037 0.999777 0.999926 0.999984 0.999983 0.999926 0.999779 1.00037 1.03529 1.00892 1.00342 1.00109 1.00109 1.00342 1.00892 1.03529 1.59888 3.37943 5.19553 3.82716 3.82716 5.19553 3.37943 1.59888 0.998515 0.997362 0.996541 0.997862 0.997862 0.996541 0.997362 0.998515 1.00071 1.00019 0.99998 0.999946 0.999946 0.99998 1.00019 1.00071 1.00085 0.999996 0.999958 0.999992 0.999992 0.999958 0.999996 
1.00173 1.00055 1.00001 0.999965 0.999965 1.00001 1.00055 1.00173 1.01041 1.00207 1.00008 0.999916 0.999916 1.00008 1.00208 1.01028 1.13581 1.08741 1.05191 1.02676 1.02676 1.05191 1.08741 1.13581 1.99722 3.51831 4.78495 5.18436 5.18436 4.78495 3.51831 1.99722 0.996832 0.992436 0.989936 0.995193 0.995193 0.989936 0.992436 0.996832 1.01036 1.00596 1.0013 1 1 1.0013 1.00596 1.01036 1.00808 1.00137 1.00001 0.999957 0.999957 1.00001 1.00137 
1.01763 1.0044 1.00069 0.999957 0.999957 1.00069 1.0044 1.01763 1.09132 1.02011 1.00225 1.00002 1.00002 1.00225 1.02008 1.09009 1.57184 1.5676 1.40487 1.26427 1.26427 1.40487 1.5676 1.57184 2.40033 4.08531 5.66715 7.08948 7.08948 5.66715 4.08531 2.40033 1.04645 1.01868 1.02128 1.04055 1.04055 1.02128 1.01868 1.04645 1.0917 1.05961 1.01863 1.00271 1.00271 1.01863 1.05961 1.0917 1.05748 1.01203 1.00123 0.999983 0.999983 1.00123 1.01203 
1.1077 1.02433 1.00424 1.00056 1.00056 1.00424 1.02433 1.1077 1.50213 1.12234 1.01591 1.00123 1.00122 1.01579 1.12152 1.49455 3.20629 3.51001 2.98994 2.5138 2.5138 2.98994 3.51001 3.20629 3.28197 5.09354 7.3153 9.74494 9.74494 7.3153 5.09354 3.28197 1.46027 1.30286 1.35282 1.44061 1.44061 1.35282 1.30286 1.46027 1.46851 1.35571 1.14603 1.03719 1.03719 1.14603 1.35571 1.46851 1.26135 1.05678 1.00715 1.00068 1.00068 1.00715 1.05678 
1.58038 1.12089 1.01771 1.0015 1.00147 1.01765 1.12096 1.58433 2.57452 1.51223 1.09242 1.01321 1.01282 1.09074 1.50548 2.55958 6.45457 7.29849 6.61686 5.90332 5.82191 6.5429 7.29849 6.45457 5.17196 7.33406 9.34478 11.4491 11.4151 9.27762 7.2733 5.09223 3.49654 3.12483 3.36635 3.50086 3.50569 3.37496 3.13486 3.51202 2.2987 2.06527 1.62501 1.26536 1.2738 1.6462 2.09736 2.3482 1.54755 1.10213 1.00346 0.999695 0.999695 1.00346 1.10212 
1.19346 1.03421 1.0041 1.00007 1.00006 1.00405 1.03398 1.19331 1.57212 1.14323 1.01703 1.00091 1.0009 1.01701 1.14323 1.57271 3.37814 3.49878 2.95347 2.46361 2.46918 2.96745 3.49878 3.37814 3.95624 5.37738 6.48758 7.38727 7.37893 6.47372 5.36864 3.94547 2.15148 1.73653 1.66054 1.64144 1.64391 1.66496 1.74168 2.14764 1.26477 1.21062 1.10828 1.03677 1.03776 1.11223 1.21657 1.27545 1.05 0.996786 0.997475 0.999641 0.999641 0.997475 0.996787 
1.03677 1.00508 1.0004 0.999927 0.999927 1.0004 1.00506 1.03689 1.13482 1.02447 1.00157 0.999798 0.999798 1.00157 1.02458 1.13481 1.88615 1.67575 1.44698 1.26434 1.2653 1.44963 1.67575 1.88615 3.58777 4.74699 5.50486 5.45876 5.46395 5.49706 4.74563 3.60214 1.52168 1.21009 1.13946 1.11635 1.11719 1.14099 1.21176 1.5106 1.02964 1.02382 1.01004 1.00253 1.00262 1.01054 1.02476 1.0313 0.995568 0.997494 0.99974 1.00003 1.00003 0.99974 0.997494 
1.00514 1.00043 0.999873 0.999968 0.999969 0.999872 1.00043 1.00518 1.02496 1.00266 0.99987 0.999939 0.999939 0.999873 1.00269 1.02496 1.34038 1.15819 1.08426 1.03385 1.03415 1.08506 1.15819 1.34038 3.67473 5.76487 7.22928 5.20211 5.23642 7.34803 5.84897 3.73673 1.20925 1.04927 1.02226 1.01612 1.01633 1.02259 1.04955 1.19894 1.00178 1.00079 1.00008 0.999882 0.999887 1.00011 1.00087 1.0019 0.998324 0.999772 1.00007 1.00001 1.00001 1.00007 0.999772 
1.00518 1.00043 0.999872 0.999969 0.999968 0.999873 1.00043 1.00518 1.02496 1.00266 0.99987 0.999939 0.999939 0.99987 1.00266 1.02496 1.34053 1.1578 1.08426 1.03385 1.03385 1.08426 1.1578 1.34053 3.73673 5.84897 7.34803 5.23642 5.23642 7.34803 5.84897 3.73673 1.19894 1.04955 1.02259 1.01633 1.01612 1.02226 1.04927 1.19894 1.0019 1.00087 1.00011 0.999887 0.999885 1.0001 1.00083 1.00184 0.998324 0.999772 1.00007 1.00001 1.00001 1.00007 0.999772 
1.03689 1.00506 1.0004 0.999927 0.999927 1.0004 1.00506 1.03689 1.13482 1.02447 1.00157 0.999798 0.999798 1.00157 1.02447 1.13482 1.88352 1.67327 1.44698 1.26434 1.26434 1.44698 1.67327 1.88352 3.60214 4.74563 5.49706 5.46395 5.46395 5.49706 4.74563 3.60214 1.5106 1.21176 1.14099 1.11719 1.11635 1.13946 1.21009 1.5106 1.0313 1.02476 1.01054 1.00262 1.00258 1.01029 1.02429 1.03045 0.995568 0.997494 0.99974 1.00003 1.00003 0.99974 0.997494 
1.19331 1.03398 1.00405 1.00006 1.00007 1.0041 1.03398 1.19331 1.57212 1.14323 1.01703 1.00091 1.00091 1.01703 1.14323 1.57212 3.36177 3.48443 2.95347 2.46361 2.46361 2.95347 3.48443 3.36177 3.94547 5.36864 6.47372 7.37893 7.37893 6.47372 5.36864 3.94547 2.14764 1.74168 1.66496 1.64391 1.64144 1.66054 1.73653 2.14764 1.27545 1.21657 1.11223 1.03776 1.03727 1.11026 1.21361 1.27009 1.05 0.996786 0.997475 0.999641 0.999641 0.997475 0.996786 
1.58433 1.12096 1.01765 1.00147 1.0015 1.01771 1.12096 1.58433 2.57452 1.51223 1.09242 1.01321 1.01321 1.09242 1.51223 2.57452 6.47837 7.33705 6.61686 5.90332 5.90332 6.61686 7.33705 6.47837 5.09223 7.2733 9.27762 11.4151 11.4151 9.27762 7.2733 5.09223 3.51202 3.13486 3.37496 3.50569 3.50086 3.36635 3.12483 3.51202 2.3482 2.09736 1.6462 1.2738 1.26971 1.63585 2.08193 2.32449 1.54755 1.10213 1.00346 0.999695 0.999695 1.00346 1.10213 
3.2198 1.55316 1.08986 1.00727 1.00727 1.08986 1.55316 3.2198 6.00288 3.3097 1.67486 1.17644 1.17644 1.67486 3.3097 6.00288 12.5518 14.5236 13.5486 12.9052 12.9052 13.5486 14.8334 12.8419 10.9784 15.2596 18.3229 20.0299 20.0299 18.3229 15.2596 10.9784 5.82675 5.60359 6.67556 7.38142 7.38125 6.67526 5.60375 5.82675 4.60043 4.06884 3.02071 2.07717 2.10397 3.0453 4.12575 4.66816 4.60446 2.57995 1.37709 1.06638 1.06638 1.37709 2.57995 
2.90902 1.47117 1.07705 1.00533 1.00533 1.07705 1.47117 2.90902 5.23523 3.10535 1.68197 1.18676 1.18676 1.68197 3.10535 5.23523 10.2505 11.939 10.6109 9.05367 9.05367 10.6109 11.9417 10.3069 8.64375 14.4046 18.3896 20.1578 20.1578 18.3896 14.4046 8.64375 3.73831 3.09795 3.28696 3.58352 3.59042 3.29875 3.10833 3.73831 3.05297 2.71062 1.98398 1.41156 1.40789 1.98716 2.726 3.07318 3.25857 2.01505 1.18493 1.02306 1.02306 1.18493 2.01505 
2.52025 1.36393 1.05575 1.00322 1.00322 1.05575 1.36393 2.52025 4.34349 2.61517 1.49464 1.12269 1.12269 1.49464 2.61517 4.34349 8.5394 9.99629 8.24658 6.18017 6.18017 8.24658 10.0002 8.58144 7.76677 15.4358 19.8722 21.0405 21.0405 19.8722 15.4358 7.76677 2.35503 1.56311 1.54828 1.72138 1.72314 1.55167 1.56818 2.35503 1.78739 1.65055 1.30154 1.08642 1.08586 1.303 1.65802 1.7993 2.04512 1.40649 1.05332 1.00449 1.00449 1.05332 1.40649 
2.18921 1.27765 1.03765 1.0023 1.0023 1.03765 1.27765 2.18921 3.69317 2.1231 1.27196 1.05132 1.05132 1.27196 2.1231 3.69317 7.6363 8.75733 6.85802 4.78636 4.78636 6.85802 8.76108 7.66566 9.33987 17.507 20.9618 21.4617 21.4617 20.9618 17.507 9.33987 2.01275 1.17481 1.10371 1.1812 1.18106 1.10371 1.17715 2.01275 1.23694 1.19443 1.0668 1.01241 1.01237 1.06732 1.1965 1.24006 1.33066 1.09533 1.00926 1.00035 1.00035 1.00926 1.09533 
2.19388 1.27897 1.03795 1.00234 1.0023 1.03765 1.27765 2.18921 3.69317 2.1231 1.27196 1.05132 1.05184 1.27332 2.12358 3.70273 7.66566 8.76108 6.85802 4.78636 4.78237 6.87183 8.76108 7.66566 9.34092 17.5063 20.9615 21.4618 21.4617 20.9618 17.507 9.33987 2.01266 1.17469 1.10368 1.18003 1.1812 1.10371 1.17481 2.01275 1.24006 1.1965 1.06732 1.01237 1.01241 1.0668 1.19443 1.23694 1.33066 1.09533 1.00926 1.00035 1.00035 1.00927 1.09559 
2.53033 1.36694 1.05666 1.00344 1.00322 1.05575 1.36393 2.52025 4.34349 2.61517 1.49464 1.12269 1.12443 1.49966 2.62149 4.35698 8.58144 10.0002 8.24658 6.18017 6.16831 8.26534 10.0002 8.58144 7.76789 15.4353 19.8718 21.0404 21.0405 19.8722 15.4358 7.76677 2.35663 1.56239 1.54795 1.71911 1.72138 1.54828 1.56311 2.35503 1.7993 1.65802 1.303 1.08586 1.08642 1.30154 1.65055 1.78739 2.04512 1.40649 1.05332 1.00449 1.00448 1.0533 1.40687 
2.92124 1.47499 1.07828 1.00563 1.00533 1.07705 1.47117 2.90902 5.23523 3.10535 1.68197 1.18676 1.1892 1.68841 3.11442 5.25873 10.3069 11.9417 10.6109 9.05367 9.03466 10.6115 11.9417 10.3069 8.64442 14.4049 18.3895 20.1585 20.1578 18.3896 14.4046 8.64375 3.73615 3.09541 3.28361 3.58073 3.58352 3.28696 3.09795 3.73831 3.07318 2.726 1.98716 1.40789 1.41156 1.98398 2.71062 3.05297 3.25857 2.01505 1.18493 1.02306 1.023 1.1847 2.01453 
3.24133 1.55838 1.09108 1.00749 1.00727 1.08986 1.55316 3.2198 6.00288 3.3097 1.67486 1.17644 1.17809 1.67842 3.30734 6.00819 12.8419 14.8334 13.5486 12.9052 12.9761 13.6158 14.8334 12.8419 10.9817 15.2631 18.3227 20.0309 20.0299 18.3229 15.2596 10.9784 5.87315 5.64946 6.7236 7.4332 7.38142 6.67556 5.60359 5.82675 4.66816 4.12575 3.0453 2.10397 2.07717 3.02071 4.06884 4.60043 4.60446 2.57995 1.37709 1.06638 1.06696 1.38086 2.5994 
5.74728 2.36762 1.26826 1.03371 1.03371 1.26826 2.36762 5.74728 10.973 5.52489 2.31905 1.3541 1.3541 2.31905 5.51765 11.0441 20.8663 24.3638 25.8458 26.2689 26.4595 26.0186 24.3638 20.8663 21.9124 25.1363 27.0386 27.8293 27.9419 27.1839 25.1433 21.9161 18.0245 19.1865 20.4481 21.0358 21.343 21.2473 19.1865 18.0245 13.8849 11.7707 8.33086 5.9323 5.93425 8.33684 11.7818 13.8907 11.1682 5.88813 2.49313 1.40503 1.40208 2.48477 5.8616 
6.36202 2.57088 1.31373 1.04063 1.04063 1.31373 2.57088 6.36202 11.9365 6.00064 2.47818 1.40397 1.40397 2.47818 5.98775 12.0036 22.8385 27.2921 29.9565 30.6647 30.6474 29.9289 27.2921 22.8385 24.3645 26.0163 27.5274 28.7265 28.7442 27.5419 26.0155 24.3684 24.5525 26.6097 28.0382 28.6674 28.6545 28.125 26.6097 24.5525 16.4061 13.5791 9.6333 7.10166 7.09781 9.62483 13.5713 16.3545 12.3116 6.12615 2.55191 1.42189 1.42356 2.55434 6.13023 
6.66017 2.65332 1.32842 1.04241 1.04241 1.32842 2.65332 6.66017 12.5396 6.25249 2.54406 1.41702 1.41702 2.54406 6.23851 12.6056 24.1622 29.0113 32.0627 32.9029 32.8947 32.0446 29.0113 24.1622 25.6591 25.4157 26.8984 28.6991 28.7249 26.8934 25.4152 25.6619 27.5034 30.1396 31.8057 32.433 32.4579 31.9603 30.1396 27.5034 18.0412 14.896 10.5908 7.85545 7.85101 10.5773 14.8739 17.962 13.2357 6.39219 2.654 1.4711 1.47343 2.65731 6.39793 
6.6992 2.63142 1.31124 1.03708 1.03708 1.31124 2.63142 6.6992 12.8361 6.29988 2.53456 1.38885 1.38885 2.53456 6.28675 12.8995 24.8625 29.6951 32.7394 33.5861 33.5828 32.732 29.6951 24.8625 26.0986 25.2625 26.7427 28.6473 28.6637 26.7315 25.2629 26.1009 28.4526 31.3446 33.0139 33.5769 33.5922 33.1095 31.3446 28.4526 19.1208 15.8127 11.1285 8.16554 8.16313 11.119 15.7935 19.0424 14.1051 6.82713 2.80458 1.49396 1.49511 2.8064 6.83 
6.68564 2.62708 1.31024 1.03689 1.03708 1.31124 2.63142 6.6992 12.8995 6.28675 2.54195 1.39204 1.38885 2.53456 6.28675 12.8995 24.8093 29.6516 32.732 33.5828 33.5828 32.732 29.6951 24.8625 26.1009 25.2629 26.7315 28.6637 28.6637 26.7315 25.2625 26.0986 28.281 31.4937 33.1095 33.5995 33.5769 33.0139 31.3446 28.4526 19.0424 15.7935 11.119 8.16313 8.16313 11.119 15.7935 19.0424 14.1051 6.82713 2.80458 1.49396 1.49396 2.80458 6.82713 
6.63743 2.64592 1.3266 1.04204 1.04241 1.32842 2.65332 6.66017 12.6056 6.23851 2.55831 1.42228 1.41702 2.54406 6.23851 12.6056 24.1139 28.9246 32.0446 32.8947 32.8947 32.0446 29.0113 24.1622 25.6619 25.4152 26.8934 28.7249 28.7249 26.8934 25.4157 25.6591 27.2639 30.3338 31.9603 32.4736 32.433 31.8057 30.1396 27.5034 17.962 14.8739 10.5773 7.85101 7.85101 10.5773 14.8739 17.962 13.2357 6.39219 2.654 1.4711 1.4711 2.654 6.39219 
6.33869 2.5633 1.31184 1.04025 1.04063 1.31373 2.57088 6.36202 12.0036 5.98775 2.49283 1.40921 1.40397 2.47818 5.98775 12.0036 22.785 27.2053 29.9289 30.6474 30.6474 29.9289 27.2921 22.8385 24.3684 26.0155 27.5419 28.7442 28.7442 27.5419 26.0163 24.3645 24.2725 26.7138 28.125 28.6627 28.6674 28.0382 26.6097 24.5525 16.3545 13.5713 9.62483 7.09781 7.09781 9.62483 13.5713 16.3545 12.3116 6.12615 2.55191 1.42189 1.42189 2.55191 6.12615 
5.73885 2.36336 1.26695 1.03343 1.03371 1.26826 2.36762 5.74728 11.0441 5.51765 2.33739 1.35994 1.3541 2.31905 5.51765 11.0441 20.9947 24.5367 26.0186 26.4595 26.4595 26.0186 24.3638 20.8663 21.9161 25.1433 27.1839 27.9419 27.9419 27.1839 25.1363 21.9124 18.3014 19.7695 21.2473 21.4481 21.0358 20.4481 19.1865 18.0245 13.8907 11.7818 8.33684 5.93425 5.93425 8.33684 11.7818 13.8907 11.1682 5.88813 2.49313 1.40503 1.40503 2.49313 5.88813 
7.19802 2.8416 1.37964 1.05155 1.05207 1.38233 2.85222 7.22826 13.7013 6.78808 2.77023 1.49567 1.49556 2.76998 6.78817 13.7923 25.3053 28.9747 30.9472 31.5709 31.6368 31.0007 28.9747 25.3053 29.1362 32.5118 33.4169 33.223 33.223 33.4169 32.5118 29.1362 23.9991 27.4918 28.7574 29.1726 29.1758 28.713 27.35 24.1281 16.7371 14.198 11.2394 8.53191 8.53191 11.2394 14.198 16.7371 13.1954 8.27225 4.16016 2.36153 2.36153 4.16016 8.27225 
7.35519 2.83695 1.36433 1.04583 1.04625 1.36656 2.84513 7.37305 14.4116 6.9098 2.68584 1.40507 1.40512 2.68608 6.92236 14.5371 26.6545 30.3813 32.4926 33.2397 33.223 32.4631 30.3813 26.6545 30.3446 33.0443 33.8223 33.869 33.869 33.8223 33.0443 30.3446 26.5267 29.5311 31.2048 31.7934 31.8136 31.2364 29.6085 26.6679 19.2548 15.9761 12.2689 9.06812 9.06812 12.2689 15.9761 19.2548 14.0894 8.42305 4.04201 2.28225 2.28225 4.04201 8.42305 
7.42558 2.83337 1.35669 1.04364 1.04401 1.35871 2.84094 7.44241 14.727 6.96109 2.67509 1.38764 1.38767 2.67528 6.97067 14.8587 27.4721 31.1574 33.2369 33.9691 33.9534 33.2073 31.1574 27.4721 31.1252 33.2414 34.0045 34.2243 34.2243 34.0045 33.2414 31.1252 28.1359 31.0391 32.7856 33.4026 33.4265 32.8359 31.1455 28.2638 20.749 16.7424 12.4356 9.15305 9.15305 12.4356 16.7424 20.749 14.6706 8.32199 3.8586 2.1833 2.1833 3.8586 8.32199 
7.42184 2.81204 1.34386 1.04058 1.04082 1.34525 2.81733 7.43465 14.8407 6.95066 2.66403 1.37957 1.37959 2.66418 6.95128 14.9777 27.8239 31.4453 33.4705 34.126 34.1153 33.4548 31.4453 27.8239 31.6356 33.2764 34.0533 34.3787 34.3787 34.0533 33.2764 31.6356 29.0823 31.9814 33.587 34.1001 34.1119 33.6156 32.0343 29.1872 21.6764 17.0213 12.0452 9.05707 9.05707 12.0452 17.0213 21.6764 15.3164 8.14084 3.63211 2.0265 2.0265 3.63211 8.14084 
7.43465 2.81733 1.34525 1.04082 1.04082 1.34525 2.81733 7.43465 14.8407 6.95066 2.66403 1.37957 1.37957 2.66403 6.95066 14.8407 27.8243 31.4426 33.4548 34.1153 34.126 33.4705 31.4453 27.8239 31.636 33.2766 34.0535 34.3788 34.3787 34.0533 33.2764 31.6356 29.0501 31.9421 33.5747 34.0937 34.1001 33.587 31.9814 29.0823 21.6766 17.0638 12.0456 9.05677 9.05707 12.0452 17.0213 21.6764 15.3164 8.14084 3.63211 2.0265 2.01958 3.61852 8.11364 
7.44241 2.84094 1.35871 1.04401 1.04401 1.35871 2.84094 7.44241 14.727 6.96109 2.67509 1.38764 1.38764 2.67509 6.96109 14.727 27.4722 31.1507 33.2073 33.9534 33.9691 33.2369 31.1574 27.4721 31.1256 33.2418 34.0047 34.2243 34.2243 34.0045 33.2414 31.1252 28.0831 30.9722 32.7601 33.3889 33.4026 32.7856 31.0391 28.1359 20.7699 16.814 12.4348 9.15323 9.15305 12.4356 16.7424 20.749 14.6706 8.32199 3.8586 2.1833 2.17057 3.83099 8.2828 
7.37305 2.84513 1.36656 1.04625 1.04625 1.36656 2.84513 7.37305 14.4116 6.9098 2.68584 1.40507 1.40507 2.68584 6.9098 14.4116 26.6497 30.3705 32.4631 33.223 33.2397 32.4926 30.3813 26.6545 30.3445 33.0449 33.8224 33.869 33.869 33.8223 33.0443 30.3446 26.4652 29.4499 31.1623 31.761 31.7934 31.2048 29.5311 26.5267 19.2876 16.0509 12.2649 9.0664 9.06812 12.2689 15.9761 19.2548 14.0894 8.42305 4.04201 2.28225 2.26768 4.0098 8.38512 
7.22826 2.85222 1.38233 1.05207 1.05207 1.38233 2.85222 7.22826 13.7013 6.78808 2.77023 1.49567 1.49567 2.77023 6.78808 13.7013 25.3537 29.0154 31.0007 31.6368 31.5709 30.9472 28.9747 25.3053 29.1388 32.5143 33.4159 33.2228 33.223 33.4169 32.5118 29.1362 24.0028 27.5503 28.8612 29.298 29.1726 28.7574 27.4918 23.9991 16.7198 14.2322 11.2184 8.52499 8.53191 11.2394 14.198 16.7371 13.1954 8.27225 4.16016 2.36153 2.35414 4.13853 8.24789 
8.32582 3.45061 1.59999 1.10013 1.10013 1.59999 3.45061 8.32582 14.8279 8.08238 3.58379 2.0039 2.0039 3.58379 8.08238 14.8279 26.3464 30.2841 32.5633 33.2528 33.2484 32.5376 30.2841 26.3464 27.1456 31.5966 32.7325 32.4749 32.433 32.695 31.5415 27.1376 20.9686 25.7882 27.8066 28.4857 28.1166 27.381 25.2266 20.7806 10.7291 10.9432 11.1918 12.0722 12.1113 11.1841 10.906 10.6638 8.08713 6.09421 4.64133 3.73586 3.69769 4.63335 6.11422 
8.04438 3.23302 1.51631 1.07952 1.07952 1.51631 3.23302 8.04438 14.6816 7.75386 3.35977 1.85776 1.85776 3.35977 7.75386 14.6816 27.0582 30.9479 33.2453 33.95 33.9365 33.2208 30.9479 27.0582 28.4538 31.924 33.0988 33.2829 33.2783 33.0878 31.9046 28.5025 23.257 28.845 31.2666 31.8913 31.9196 31.2287 28.8005 23.5057 11.1739 11.4579 12.8783 15.2997 15.3491 12.8878 11.4271 11.1308 8.32242 6.61487 5.34626 4.57499 4.52341 5.32502 6.61895 
7.776 3.04076 1.44264 1.06313 1.06313 1.44264 3.04076 7.776 14.5754 7.50003 3.18311 1.75443 1.75443 3.18311 7.50003 14.5754 27.3966 31.2369 33.5694 34.2548 34.242 33.5492 31.2369 27.3966 29.2107 32.0567 33.2419 33.6601 33.6555 33.2313 32.0422 29.2555 24.7088 30.3093 32.931 33.6875 33.6423 32.8566 30.2442 24.9663 12.2046 12.3019 13.6839 15.8212 15.8657 13.6901 12.275 12.1644 8.8995 7.12401 5.82134 4.83407 4.78242 5.80332 7.13031 
7.58679 2.91425 1.38157 1.04754 1.04754 1.38157 2.91425 7.58679 14.5897 7.29995 3.00121 1.62774 1.62774 3.00121 7.29995 14.5897 27.5981 31.3317 33.6888 34.3537 34.3438 33.6724 31.3317 27.5981 29.5884 31.9918 33.21 33.8076 33.8041 33.2041 31.9865 29.6124 25.5954 30.9507 33.504 34.1707 34.1419 33.4575 30.8827 25.7828 13.9441 13.4957 13.8549 15.0563 15.079 13.8571 13.4875 13.9175 10.0121 7.37019 5.51154 3.94417 3.91633 5.50013 7.37235 
7.56172 2.9088 1.38039 1.04733 1.04754 1.38157 2.91425 7.58679 14.5897 7.29995 3.00121 1.62774 1.636 3.02068 7.3061 14.6629 27.5292 31.3413 33.6724 34.3438 34.3537 33.6888 31.3317 27.5981 29.6124 31.9865 33.2041 33.8041 33.8041 33.2041 31.9865 29.6124 25.7828 30.8827 33.4575 34.1419 34.1695 33.502 30.936 25.6776 13.9175 13.4875 13.8571 15.079 15.079 13.8571 13.4875 13.9175 10.0121 7.37019 5.51154 3.94417 3.94417 5.51154 7.37019 
7.73596 3.03015 1.44007 1.06259 1.06313 1.44264 3.04076 7.776 14.5754 7.50003 3.18311 1.75443 1.77018 3.21866 7.51441 14.652 27.3264 31.2375 33.5492 34.242 34.2548 33.5694 31.2369 27.3966 29.2555 32.0422 33.2313 33.6555 33.6555 33.2313 32.0422 29.2555 24.9663 30.2442 32.8566 33.6423 33.6842 32.9258 30.3006 24.816 12.1644 12.275 13.6901 15.8657 15.8657 13.6901 12.275 12.1644 8.8995 7.12401 5.82134 4.83407 4.83407 5.82134 7.12401 
8.0013 3.22155 1.51354 1.07893 1.07952 1.51631 3.23302 8.04438 14.6816 7.75386 3.35977 1.85776 1.87509 3.39864 7.76989 14.756 27.0064 30.9391 33.2208 33.9365 33.95 33.2453 30.9479 27.0582 28.5025 31.9046 33.0878 33.2783 33.2783 33.0878 31.9046 28.5025 23.5057 28.8005 31.2287 31.9196 31.8917 31.2469 28.8219 23.3475 11.1308 11.4271 12.8878 15.3491 15.3491 12.8878 11.4271 11.1308 8.32242 6.61487 5.34626 4.57499 4.57499 5.34626 6.61487 
8.29499 3.44544 1.59901 1.0999 1.10013 1.59999 3.45061 8.32582 14.8279 8.08238 3.58379 2.0039 2.0229 3.62457 8.10341 14.9037 26.3302 30.2678 32.5376 33.2484 33.2528 32.5633 30.2841 26.3464 27.1376 31.5415 32.695 32.433 32.433 32.695 31.5415 27.1376 20.7806 25.2266 27.381 28.1166 28.375 27.6645 25.6458 20.9677 10.6638 10.906 11.1841 12.1113 12.1113 11.1841 10.906 10.6638 8.08713 6.09421 4.64133 3.73586 3.73586 4.64133 6.09421 
9.56592 4.27815 1.9104 1.18342 1.18357 1.91188 4.27815 9.56592 15.6295 9.26449 4.38122 2.53069 2.49745 4.3194 9.17831 15.6872 24.8374 29.1691 31.4668 32.2348 32.2509 31.4728 29.1127 24.7327 21.5346 26.0496 26.9923 26.9804 26.9767 26.9888 25.9075 21.4346 14.6361 17.2529 19.3192 20.3729 20.4689 19.434 17.3511 14.7001 10.5063 10.8828 8.82152 6.82599 6.82546 8.82101 10.8829 10.5063 7.01125 3.95688 2.50999 1.7293 1.7293 2.50999 3.95688 
10.6185 4.69455 2.04018 1.21741 1.21704 2.03988 4.69455 10.6185 17.407 10.4996 5.00731 2.90267 2.86097 4.9275 10.3956 17.5103 26.5527 30.8038 32.7336 33.4445 33.431 32.7084 30.8136 26.4621 21.5991 25.3736 26.8903 27.3282 27.3291 26.8893 25.3973 21.6539 17.2098 20.9945 24.034 26.055 26.0704 24.073 21.0041 17.2176 11.4046 11.863 9.25936 6.54484 6.54462 9.25937 11.8631 11.4046 7.1961 3.48903 1.87453 1.24717 1.24717 1.87453 3.48903 
11.3791 5.07247 2.16137 1.25239 1.25183 2.16044 5.07247 11.3791 18.3918 11.0557 5.23141 3.0053 2.96359 5.15676 10.9571 18.4823 27.5464 31.9906 33.6686 34.2603 34.2515 33.6511 32.0076 27.4694 21.6167 23.9221 25.8259 27.3231 27.3227 25.8256 23.9449 21.6714 18.8097 23.5527 27.2689 29.6085 29.6403 27.3274 23.5625 18.8001 11.6465 12.288 9.57314 6.58271 6.58254 9.57331 12.2878 11.6465 6.90216 2.89461 1.45675 1.07523 1.07523 1.45675 2.89461 
11.7235 5.23239 2.20071 1.26723 1.26668 2.19939 5.23239 11.7235 18.8151 11.1805 5.18246 2.92341 2.89472 5.14202 11.1135 18.898 27.9829 32.4276 34.0031 34.4944 34.4895 33.9941 32.4415 27.9409 21.6881 23.2421 25.2657 27.1908 27.1905 25.2654 23.2548 21.7127 19.544 25.3269 29.4573 31.3528 31.3698 29.4888 25.3422 19.5208 11.5709 12.4574 9.7898 6.64243 6.6422 9.79007 12.4574 11.5709 6.50356 2.58912 1.3139 1.03836 1.03836 1.3139 2.58912 
11.7492 5.23061 2.19939 1.26668 1.26668 2.19939 5.23239 11.7235 18.898 11.1135 5.14202 2.89472 2.89472 5.14202 11.1135 18.898 27.9829 32.4276 34.0031 34.4944 34.4944 34.0031 32.4276 27.9829 21.7127 23.2548 25.2654 27.1905 27.1908 25.2657 23.2421 21.6881 19.5866 25.3026 29.4264 31.3347 31.3551 29.4637 25.3158 19.6579 11.5785 12.4574 9.79007 6.6422 6.64243 9.7898 12.4574 11.5709 6.50356 2.58912 1.3139 1.03836 1.03836 1.31391 2.58912 
11.4213 5.07366 2.16044 1.25183 1.25183 2.16044 5.07247 11.3791 18.4823 10.9571 5.15676 2.96359 2.96359 5.15676 10.9571 18.4823 27.5464 31.9906 33.6686 34.2603 34.2603 33.6686 31.9906 27.5464 21.6714 23.9449 25.8256 27.3227 27.3231 25.8259 23.9221 21.6167 18.8709 23.5239 27.2118 29.5798 29.6144 27.2692 23.5667 18.9321 11.6627 12.2878 9.57331 6.58254 6.58271 9.57314 12.288 11.6465 6.90216 2.89461 1.45675 1.07523 1.07523 1.45676 2.89461 
10.6599 4.69725 2.03988 1.21704 1.21704 2.03988 4.69455 10.6185 17.5103 10.3956 4.9275 2.86097 2.86097 4.9275 10.3956 17.5103 26.5527 30.8038 32.7336 33.4445 33.4445 32.7336 30.8038 26.5527 21.6539 25.3973 26.8893 27.3291 27.3282 26.8903 25.3736 21.5991 17.2557 20.9725 23.9908 26.0363 26.0656 24.0321 21.0089 17.3059 11.4273 11.8631 9.25937 6.54462 6.54484 9.25936 11.863 11.4046 7.1961 3.48903 1.87453 1.24717 1.24717 1.87444 3.4891 
9.60446 4.28538 1.91188 1.18357 1.18357 1.91188 4.27815 9.56592 15.6872 9.17831 4.3194 2.49745 2.49745 4.3194 9.17831 15.6872 24.8374 29.1691 31.4668 32.2348 32.2348 31.4668 29.1691 24.8374 21.4346 25.9075 26.9888 26.9767 26.9804 26.9923 26.0496 21.5346 14.5903 17.1374 19.1963 20.2741 20.2728 19.1959 17.1397 14.6326 10.5202 10.8829 8.82101 6.82546 6.82599 8.82152 10.8828 10.5063 7.01125 3.95688 2.50999 1.7293 1.72905 2.50979 3.95673 
8.00621 3.85336 1.83507 1.19469 1.19469 1.83507 3.85336 8.00621 12.3311 7.33912 3.55052 2.04024 2.04024 3.55052 7.33912 12.3311 19.39 25.3294 27.4795 28.2843 28.2843 27.4795 25.3294 19.39 9.67443 11.5035 12.0683 12.6374 12.4992 11.9078 11.3513 9.57505 7.29576 8.56074 9.56242 9.75903 9.7497 9.54674 8.54375 7.2754 6.04597 5.96499 4.41044 3.01861 3.066 4.4469 5.90805 5.97808 3.43557 1.58717 1.07968 1.00928 1.00928 1.07968 1.58717 
9.31312 4.32657 1.9631 1.23542 1.23542 1.9631 4.32657 9.31312 13.9693 8.75671 4.15527 2.33171 2.33171 4.15527 8.75671 13.9693 19.2948 26.6117 30.2602 31.2862 31.2862 30.2602 26.6117 19.2948 7.14058 9.10586 9.34017 9.19713 9.19677 9.34022 9.10713 7.13789 5.17451 6.53345 6.67794 6.16032 6.18095 6.70394 6.55389 5.1808 2.87132 2.87206 2.14116 1.49414 1.48907 2.13185 2.87257 2.8789 1.86844 1.16082 1.00761 0.998074 0.998074 1.00761 1.16082 
10.0021 4.6562 2.07051 1.26303 1.26303 2.07051 4.6562 10.0021 14.8006 9.53072 4.49664 2.48698 2.48698 4.49664 9.53072 14.8006 19.39 27.3862 31.6661 32.8549 32.8549 31.6661 27.3862 19.39 5.91148 8.14915 8.20344 7.67561 7.67496 8.2051 8.15165 5.90956 3.36356 4.66794 4.40123 3.61461 3.63752 4.44384 4.71175 3.38072 1.49732 1.46854 1.23817 1.06761 1.06771 1.23679 1.46733 1.50037 1.22247 1.03549 1.00228 0.999853 0.999853 1.00228 1.03549 
10.2612 4.79159 2.10323 1.25698 1.25698 2.10323 4.79159 10.2612 15.1125 9.76717 4.60502 2.52977 2.52977 4.60502 9.76717 15.1125 19.3985 27.7387 32.1391 33.3306 33.3306 32.1391 27.7387 19.3985 6.85757 10.6741 9.97277 7.17805 7.17728 9.97432 10.6761 6.85713 2.20122 3.08129 2.89057 2.29469 2.30585 2.9187 3.11573 2.20052 1.11885 1.0888 1.03462 1.00577 1.00582 1.03444 1.08861 1.12092 1.02712 1.00222 1 1.00002 1.00002 1 1.00222 
10.2603 4.79226 2.1027 1.25643 1.25698 2.10323 4.79159 10.2612 15.0681 9.7932 4.60663 2.52904 2.52977 4.60502 9.76717 15.1125 19.3985 27.7387 32.1391 33.3306 33.3419 32.1708 27.7973 19.3978 6.85713 10.6761 9.97432 7.17728 7.17805 9.97277 10.6741 6.85757 2.20052 3.11573 2.9187 2.30585 2.28373 2.86146 3.08129 2.20122 1.12092 1.08861 1.03444 1.00582 1.00577 1.03462 1.08843 1.12323 1.02712 1.00222 1 1.00002 1.00003 0.999997 1.00221 
10.0012 4.65646 2.06942 1.26197 1.26303 2.07051 4.6562 10.0021 14.7592 9.56244 4.50096 2.48695 2.48698 4.49664 9.53072 14.8006 19.39 27.3862 31.6661 32.8549 32.8764 31.7157 27.4527 19.3752 5.90956 8.15165 8.2051 7.67496 7.67561 8.20344 8.14915 5.91148 3.38072 4.71175 4.44384 3.63752 3.59161 4.35703 4.66794 3.36356 1.50037 1.46733 1.23679 1.06771 1.06761 1.23817 1.46605 1.50306 1.22247 1.03549 1.00228 0.999853 0.999854 1.00227 1.03541 
9.31197 4.32578 1.96179 1.2343 1.23542 1.9631 4.32657 9.31312 13.9326 8.79165 4.16063 2.33263 2.33171 4.15527 8.75671 13.9693 19.2948 26.6117 30.2602 31.2862 31.3173 30.318 26.6644 19.2752 7.13789 9.10713 9.34022 9.19677 9.19713 9.34017 9.10586 7.14058 5.1808 6.55389 6.70394 6.18095 6.1435 6.65653 6.53345 5.17451 2.8789 2.87257 2.13185 1.48907 1.49414 2.14116 2.86946 2.88366 1.86844 1.16082 1.00761 0.998074 0.998157 1.00768 1.1606 
7.97901 3.84328 1.83198 1.19359 1.19469 1.83507 3.85336 8.00621 12.2461 7.36262 3.54531 2.03922 2.04024 3.55052 7.33912 12.3311 19.39 25.3294 27.4795 28.2843 28.1558 27.3522 25.2657 19.3103 9.57505 11.3513 11.9078 12.4992 12.6374 12.0683 11.5035 9.67443 7.2754 8.54375 9.54674 9.7497 9.68797 9.4832 8.56074 7.29576 5.97808 5.90805 4.4469 3.066 3.01861 4.41044 5.90787 5.84114 3.43557 1.58717 1.07968 1.00928 1.0099 1.08032 1.58546 
2.79491 1.73296 1.18781 1.03719 1.03728 1.18772 1.73073 2.77308 4.17703 2.62622 1.5618 1.15321 1.15509 1.56786 2.65768 4.27324 10.4092 14.2646 15.6588 16.2808 16.2808 15.6588 14.2646 10.4092 3.50626 3.9111 4.14066 4.55278 4.55278 4.14066 3.9111 3.50626 3.23612 3.69217 4.06453 4.24849 4.28808 4.13034 3.75659 3.27722 2.45902 2.67579 2.05033 1.45917 1.45857 2.05169 2.67978 2.48715 1.38866 1.05408 1.00753 1.00027 1.00034 1.00781 1.05476 
1.71735 1.27486 1.06329 1.00986 1.00997 1.06382 1.27655 1.71627 2.36757 1.61083 1.16779 1.03507 1.03478 1.16721 1.6134 2.38655 5.91791 8.13014 8.71494 8.5693 8.5693 8.71494 8.13014 5.91791 1.66209 1.70092 1.81507 2.06705 2.06705 1.81507 1.70092 1.66209 1.48942 1.58396 1.64996 1.73812 1.74272 1.66012 1.5944 1.49546 1.2998 1.39122 1.21182 1.06175 1.06182 1.21216 1.39177 1.29908 1.07924 1.01132 1.00111 0.99976 0.999761 1.00111 1.0113 
1.17663 1.05801 1.01077 1.00118 1.0012 1.01084 1.0583 1.17668 1.35169 1.12154 1.02458 1.00315 1.0031 1.02447 1.12222 1.35945 3.3013 4.49354 4.5292 4.11416 4.11416 4.5292 4.49354 3.3013 1.09928 1.09309 1.12462 1.20117 1.20117 1.12462 1.09309 1.09928 1.04972 1.05611 1.0582 1.08559 1.0865 1.06052 1.05832 1.05098 1.03369 1.05087 1.02325 1.00417 1.00418 1.02328 1.05089 1.03342 1.00964 1.00119 0.999933 0.999956 0.999956 0.999932 1.00119 
1.03433 1.00912 1.00123 0.999863 0.999864 1.00124 1.00915 1.03435 1.07237 1.01773 1.00192 0.99982 0.999811 1.0019 1.01781 1.07473 1.99915 2.62593 2.56868 2.35906 2.35906 2.56868 2.62593 1.99915 1.01365 1.00887 1.01549 1.034 1.034 1.01549 1.00887 1.01365 0.997642 0.988512 0.986285 0.997795 0.997984 0.986812 0.989033 0.997887 1.00215 1.00363 1.00112 0.999914 0.999915 1.00112 1.00362 1.00209 1.00105 0.999967 0.999935 0.999994 0.999994 0.999935 0.999967 
1.03435 1.00915 1.00124 0.999864 0.999864 1.00124 1.00915 1.03435 1.07237 1.01773 1.00192 0.99982 0.99982 1.00192 1.01773 1.07237 1.99915 2.62593 2.56868 2.35906 2.35862 2.56981 2.64982 2.01046 1.01365 1.00887 1.01549 1.034 1.034 1.01549 1.00887 1.01365 0.997887 0.989033 0.986812 0.997984 0.997795 0.986285 0.988512 0.997642 1.00212 1.00363 1.00112 0.999912 0.999912 1.00112 1.00363 1.00212 1.00105 0.999967 0.999935 0.999994 0.999994 0.999935 0.999967 
1.17668 1.0583 1.01084 1.0012 1.0012 1.01084 1.0583 1.17668 1.35169 1.12154 1.02458 1.00315 1.00315 1.02458 1.12154 1.35169 3.3013 4.49354 4.5292 4.11416 4.11396 4.532 4.54386 3.32063 1.09928 1.09309 1.12463 1.20118 1.20117 1.12462 1.09309 1.09928 1.05098 1.05832 1.06052 1.0865 1.08559 1.0582 1.05611 1.04972 1.03357 1.05089 1.02323 1.00415 1.00415 1.02323 1.05089 1.03357 1.00964 1.00119 0.999933 0.999956 0.999956 0.999933 1.00119 
1.71627 1.27655 1.06382 1.00997 1.00997 1.06382 1.27655 1.71627 2.36757 1.61083 1.16779 1.03507 1.03507 1.16779 1.61083 2.36757 5.91791 8.13014 8.71494 8.5693 8.57474 8.72254 8.18922 5.9313 1.66215 1.70099 1.81513 2.06712 2.06705 1.81507 1.70092 1.66209 1.49546 1.5944 1.66012 1.74272 1.73812 1.64996 1.58396 1.48942 1.29947 1.39154 1.21178 1.06157 1.06157 1.21178 1.39154 1.29947 1.07924 1.01132 1.00111 0.99976 0.99976 1.00111 1.01132 
2.77308 1.73073 1.18772 1.03728 1.03728 1.18772 1.73073 2.77308 4.17703 2.62622 1.5618 1.15321 1.15321 1.5618 2.62622 4.17703 10.4092 14.2646 15.6588 16.2808 16.1938 15.5634 14.0775 10.2489 3.50632 3.911 4.14065 4.55277 4.55278 4.14066 3.9111 3.50626 3.27722 3.75659 4.13034 4.28808 4.24849 4.06453 3.69217 3.23612 2.47603 2.66972 2.04459 1.45441 1.45441 2.04459 2.66972 2.47603 1.38866 1.05408 1.00753 1.00027 1.00027 1.00753 1.05408 
1.78952 1.31351 1.06962 1.0117 1.0117 1.06962 1.31351 1.78952 2.55219 1.79101 1.26121 1.06361 1.06361 1.26121 1.79101 2.55219 4.33501 5.97969 6.74832 7.45457 7.45457 6.74832 5.97969 4.33501 2.0152 2.3033 2.29277 2.11287 2.11287 2.29277 2.3033 2.0152 1.88687 2.23069 2.24692 2.13679 2.13046 2.23335 2.2166 1.88077 1.3257 1.4606 1.23631 1.06985 1.06985 1.23631 1.4606 1.3257 1.06166 1.00615 1.00018 0.999938 0.999938 1.00018 1.00615 
1.30236 1.11438 1.01934 1.00221 1.00221 1.01934 1.11438 1.30236 1.51454 1.23011 1.06347 1.01185 1.01185 1.06347 1.23011 1.51454 2.57886 3.50416 3.93447 4.01041 4.01041 3.93447 3.50416 2.57886 1.33852 1.49008 1.45254 1.32553 1.32553 1.45254 1.49008 1.33852 1.20446 1.3352 1.32916 1.25789 1.25558 1.32412 1.33008 1.20237 1.04242 1.06957 1.02847 1.00626 1.00626 1.02847 1.06957 1.04242 1.00911 1.0011 1.00001 0.999972 0.999972 1.00001 1.0011 
1.07084 1.02037 1.00267 1.00007 1.00007 1.00267 1.02037 1.07084 1.12375 1.04683 1.00926 1.0012 1.0012 1.00926 1.04683 1.12375 1.55711 2.01259 2.23819 2.06914 2.06914 2.23819 2.01259 1.55711 1.07414 1.12078 1.10775 1.06486 1.06486 1.10775 1.12078 1.07414 1.03045 1.06082 1.06139 1.03992 1.03937 1.06016 1.05964 1.03003 1.00375 1.00692 1.00208 1.00023 1.00023 1.00208 1.00692 1.00375 1.00103 1.00003 0.999984 0.999999 0.999999 0.999984 1.00003 
1.01123 1.00235 1.00009 0.99989 0.99989 1.00009 1.00235 1.01123 1.02116 1.00611 1.00079 0.999852 0.999852 1.00079 1.00611 1.02116 1.1557 1.31956 1.40434 1.33166 1.33166 1.40434 1.31956 1.1557 1.01005 1.01821 1.01597 1.00785 1.00785 1.01597 1.01821 1.01005 1.00275 1.00692 1.00764 1.00393 1.00384 1.00744 1.00675 1.0027 1.00011 1.00019 0.99996 0.999893 0.999893 0.99996 1.00019 1.00011 1.00006 0.999966 0.999997 1 1 0.999997 0.999966 
0 0 0 0 0.99989 1.00009 1.00235 1.01123 1.02116 1.00611 1.00079 0.999852 0.99985 1.00077 1.00603 1.02107 1.1557 1.31956 1.40434 1.33166 1.32829 1.39893 1.31548 1.15412 1.01007 1.01795 1.01574 1.00774 1.00785 1.01597 1.01821 1.01005 1.0027 1.00675 1.00744 1.00384 1.00393 1.00764 1.00692 1.00275 1.0001 1.00018 0.999954 0.999893 0.999893 0.99996 1.00019 1.00011 1.00006 0.999966 0.999997 1 0 0 0 
0 0 0 0 1.00007 1.00267 1.02037 1.07084 1.12375 1.04683 1.00926 1.0012 1.00119 1.00918 1.04637 1.12335 1.55711 2.01259 2.23819 2.06914 2.05967 2.22266 2.00095 1.55202 1.07402 1.11927 1.10639 1.06422 1.06486 1.10775 1.12078 1.07414 1.03003 1.05964 1.06016 1.03937 1.03992 1.06139 1.06082 1.03045 1.00374 1.00682 1.00205 1.00022 1.00023 1.00208 1.00692 1.00375 1.00103 1.00003 0.999984 0.999999 0 0 0 
0 0 0 0 1.00221 1.01934 1.11438 1.30236 1.51454 1.23011 1.06347 1.01185 1.0118 1.06311 1.22858 1.51328 2.57886 3.50416 3.93447 4.01041 3.99574 3.92178 3.49457 2.57308 1.33818 1.48534 1.44814 1.32325 1.32553 1.45254 1.49008 1.33852 1.20237 1.33008 1.32412 1.25558 1.25789 1.32916 1.3352 1.20446 1.04247 1.06903 1.02825 1.00622 1.00626 1.02847 1.06957 1.04242 1.00911 1.0011 1.00001 0.999972 0 0 0 
