0 0 0 0 1.00067 1.00485 1.02668 1.11443 1.53595 1.13392 1.01838 1.00157 1.00158 1.01853 1.13482 1.54392 3.2598 3.57972 3.08479 2.60881 2.60508 3.07621 3.56825 3.25247 3.32317 5.10757 7.29207 9.7186 9.71521 7.30168 5.11598 3.3225 1.50115 1.3365 1.38925 1.48051 1.47723 1.38333 1.32943 1.48974 1.48343 1.36888 1.15325 1.04118 1.04152 1.15541 1.37342 1.48927 1.28017 1.0644 1.00841 1.00084 0 0 0 
0 0 0 0 0.999969 1.00085 1.00514 1.01936 1.10032 1.02258 1.00266 1.00007 1.00007 1.00266 1.02263 1.10168 1.60637 1.59858 1.43958 1.29414 1.29316 1.43711 1.59525 1.60605 2.46433 4.13305 5.68801 7.10814 7.10289 5.68499 4.13176 2.46202 1.05715 1.02559 1.02976 1.04998 1.05041 1.02991 1.02557 1.05452 1.09792 1.06423 1.02056 1.00322 1.00326 1.02086 1.06523 1.09944 1.06461 1.01454 1.00156 1.00002 0 0 0 
0 0 0 0 0.99996 1.00003 1.00067 1.00197 1.01186 1.00244 1.00014 0.999907 0.999907 1.00014 1.00244 1.01201 1.1543 1.09653 1.05946 1.03179 1.03163 1.05898 1.09587 1.1564 2.09579 3.60131 4.82084 5.30402 5.2899 4.81705 3.59467 2.09112 0.999533 0.992817 0.99049 0.996054 0.996098 0.990482 0.992803 0.997413 1.01147 1.00672 1.00153 1.00002 1.00003 1.00156 1.00687 1.01173 1.00956 1.00172 1.00005 0.99995 0 0 0 
0 0 0 0 0.999992 0.999967 0.999955 1.0002 1.00051 0.999794 0.999919 0.999979 0.99998 0.999919 0.999792 1.00051 1.04475 1.01095 1.00434 1.00151 1.00149 1.00428 1.01086 1.0464 1.74103 3.64473 5.53841 4.09956 4.07188 5.47841 3.60894 1.73138 0.999759 0.997172 0.996329 0.99775 0.99774 0.996302 0.997151 0.998381 1.00082 1.00026 0.999992 0.999938 0.999937 0.999994 1.00027 1.00085 1.00105 1.00003 0.999951 0.999989 0 0 0 
1.0002 0.999955 0.999967 0.999992 0.999992 0.999967 0.999955 1.0002 1.00051 0.999792 0.999919 0.99998 0.99998 0.999919 0.999792 1.00051 1.04475 1.01095 1.00434 1.00151 1.00151 1.00434 1.01095 1.04475 1.74103 3.64473 5.53841 4.09956 4.09956 5.53841 3.64473 1.74103 0.998381 0.997151 0.996302 0.99774 0.99774 0.996302 0.997151 0.998381 1.00082 1.00026 0.999992 0.999938 0.999938 0.999992 1.00026 1.00082 1.00105 1.00003 0.999951 0.999989 0.999989 0.999951 1.00003 
1.00197 1.00067 1.00003 0.99996 0.99996 1.00003 1.00067 1.00197 1.01201 1.00244 1.00014 0.999907 0.999907 1.00014 1.00244 1.01201 1.1543 1.09653 1.05946 1.03179 1.03179 1.05946 1.09653 1.1543 2.09579 3.60131 4.82084 5.30402 5.30402 4.82084 3.60131 2.09579 0.997413 0.992803 0.990482 0.996098 0.996098 0.990482 0.992803 0.997413 1.01147 1.00672 1.00153 1.00002 1.00002 1.00153 1.00672 1.01147 1.00956 1.00172 1.00005 0.99995 0.99995 1.00005 1.00172 
1.01936 1.00514 1.00085 0.999969 0.999969 1.00085 1.00514 1.01936 1.10168 1.02263 1.00266 1.00007 1.00007 1.00266 1.02263 1.10168 1.60637 1.59858 1.43958 1.29414 1.29414 1.43958 1.59858 1.60637 2.46433 4.13305 5.68801 7.10814 7.10814 5.68801 4.13305 2.46433 1.05452 1.02557 1.02991 1.05041 1.05041 1.02991 1.02557 1.05452 1.09792 1.06423 1.02056 1.00322 1.00322 1.02056 1.06423 1.09792 1.06461 1.01454 1.00156 1.00002 1.00002 1.00156 1.01454 
1.11443 1.02668 1.00485 1.00067 1.00067 1.00485 1.02668 1.11443 1.54392 1.13482 1.01853 1.00158 1.00158 1.01853 1.13482 1.54392 3.2598 3.57972 3.08479 2.60881 2.60881 3.08479 3.57972 3.2598 3.32317 5.10757 7.29207 9.7186 9.7186 7.29207 5.10757 3.32317 1.48974 1.32943 1.38333 1.47723 1.47723 1.38333 1.32943 1.48974 1.48343 1.36888 1.15325 1.04118 1.04118 1.15325 1.36888 1.48343 1.28017 1.0644 1.00841 1.00084 1.00084 1.00841 1.0644 
1.61142 1.12962 1.01947 1.00167 1.00167 1.01947 1.12971 1.61554 2.5921 1.51707 1.09908 1.01472 1.01472 1.09908 1.51707 2.5921 6.29841 7.22586 6.45556 5.76577 5.76577 6.45556 7.22586 6.29841 5.20299 7.34452 9.32821 11.4019 11.3705 9.26094 7.28487 5.12617 3.54448 3.16499 3.39377 3.53168 3.53168 3.39377 3.16499 3.54448 2.3118 2.09342 1.65372 1.28929 1.28929 1.65372 2.09342 2.3118 1.57616 1.11503 1.00444 0.999738 0.999728 1.00446 1.11395 
1.20953 1.038 1.00467 1.0001 1.0001 1.00467 1.03776 1.20945 1.61912 1.15547 1.01952 1.00121 1.00121 1.01952 1.15547 1.61912 3.32197 3.5019 3.014 2.53787 2.53787 3.014 3.5019 3.32197 4.00803 5.39682 6.48312 7.32395 7.31563 6.46861 5.38775 3.99755 2.20399 1.7979 1.71678 1.68818 1.68818 1.71678 1.7979 2.20399 1.31621 1.23988 1.12114 1.04258 1.04258 1.12114 1.23988 1.31621 1.05581 0.997213 0.997223 0.999581 0.99958 0.997219 0.997123 
1.04213 1.00607 1.00051 0.999922 0.999922 1.00051 1.00604 1.0423 1.16062 1.02844 1.00202 0.999811 0.999811 1.00202 1.02844 1.16062 1.8704 1.67721 1.46054 1.28283 1.28283 1.46054 1.67721 1.8704 3.64805 4.78644 5.53916 5.49742 5.5015 5.53403 4.78455 3.66019 1.53944 1.23421 1.15776 1.12952 1.12952 1.15776 1.23421 1.53944 1.0454 1.02825 1.01173 1.00315 1.00315 1.01173 1.02825 1.0454 0.99554 0.997209 0.999659 1.00003 1.00003 0.999659 0.997211 
1.00629 1.00059 0.999862 0.999962 0.999962 0.999862 1.00059 1.00634 1.03377 1.0035 0.999912 0.999923 0.999923 0.999912 1.0035 1.03377 1.36171 1.16604 1.08983 1.03783 1.03783 1.08983 1.16604 1.36171 3.92507 6.03771 7.45549 5.43088 5.4644 7.57039 6.12068 3.98939 1.2175 1.05758 1.02645 1.01896 1.01896 1.02645 1.05758 1.2175 1.00572 1.00121 1.00021 0.999898 0.999898 1.00021 1.00121 1.00572 0.998086 0.99969 1.00008 1.00001 1.00001 1.00008 0.99969 
1.00634 1.00059 0.999861 0.999962 0.999962 0.999862 1.00059 1.00634 1.03275 1.00349 0.999917 0.999922 0.999923 0.999912 1.0035 1.03377 1.36171 1.16604 1.08983 1.03783 1.03895 1.09267 1.16873 1.37013 3.98939 6.12068 7.57039 5.4644 5.4644 7.57039 6.12068 3.98939 1.23934 1.05853 1.02582 1.01856 1.01876 1.02615 1.05805 1.22922 1.00485 1.00114 1.00022 0.999899 0.999904 1.0002 1.00096 1.00242 0.998073 0.99969 1.00008 1.00001 1.00001 1.00008 0.99969 
1.0423 1.00604 1.00051 0.999922 0.999922 1.00051 1.00604 1.0423 1.15801 1.02853 1.00203 0.999815 0.999811 1.00202 1.02844 1.16062 1.8704 1.67721 1.46054 1.28283 1.28695 1.47016 1.68695 1.88967 3.66019 4.78455 5.53403 5.5015 5.5015 5.53403 4.78455 3.66019 1.56176 1.23463 1.15513 1.12791 1.12873 1.15644 1.23442 1.55116 1.04199 1.02759 1.01193 1.00316 1.00323 1.01164 1.02611 1.0328 0.995483 0.997211 0.999659 1.00003 1.00003 0.999659 0.997209 
1.20945 1.03776 1.00462 1.00009 1.0001 1.00467 1.03776 1.20945 1.61526 1.15627 1.01966 1.00123 1.00121 1.01952 1.15547 1.61912 3.32197 3.5019 3.014 2.53787 2.54696 3.03513 3.51919 3.35452 3.99755 5.38775 6.46861 7.31563 7.31563 6.46861 5.38775 3.99755 2.20968 1.79041 1.70767 1.68265 1.68535 1.71206 1.79409 2.20696 1.30468 1.23462 1.12196 1.04255 1.04307 1.11988 1.22214 1.27602 1.05546 0.997123 0.997219 0.99958 0.999581 0.997223 0.997213 
1.61554 1.12971 1.0194 1.00164 1.00167 1.01947 1.12971 1.61554 2.59529 1.52412 1.09908 1.01471 1.01472 1.09908 1.51707 2.5921 6.29841 7.22586 6.45556 5.76577 5.7579 6.44709 7.26582 6.35439 5.12617 7.28487 9.26094 11.3705 11.3705 9.26094 7.28487 5.12617 3.56587 3.17906 3.41347 3.55216 3.54235 3.4039 3.17214 3.55526 2.30255 2.09125 1.67914 1.29168 1.29855 1.66875 2.10057 2.30105 1.57315 1.11395 1.00446 0.999728 0.999738 1.00444 1.11503 
3.23146 1.56841 1.09839 1.00877 1.00877 1.09839 1.56841 3.23146 5.95824 3.34861 1.71009 1.19479 1.19479 1.71009 3.34861 5.95824 12.8036 14.683 13.7803 13.1599 13.0955 13.7222 14.7267 12.7949 10.7701 15.0615 17.9782 19.7093 19.7093 17.9782 15.0615 10.7701 5.8971 5.69768 6.68407 7.24576 7.2455 6.68376 5.69787 5.9169 4.54119 4.12017 3.03739 2.11831 2.12341 3.03814 4.12052 4.54294 4.49106 2.60206 1.3948 1.07382 1.0732 1.39096 2.58197 
2.90287 1.47653 1.08295 1.00656 1.00656 1.08295 1.47653 2.90287 5.17696 3.11857 1.72027 1.20589 1.20589 1.72027 3.11857 5.17696 10.2613 11.8036 10.6102 9.07291 9.09041 10.6082 11.8242 10.2585 8.79545 14.5283 18.4832 20.2039 20.2039 18.4832 14.5283 8.79545 3.8132 3.16223 3.37511 3.66313 3.67011 3.38694 3.17281 3.83579 3.09118 2.75414 2.03708 1.44777 1.44357 2.03684 2.75406 3.09085 3.32322 2.08196 1.20667 1.02741 1.02749 1.20702 2.08256 
2.52802 1.37263 1.06106 1.00417 1.00417 1.06106 1.37263 2.52802 4.32301 2.63723 1.52634 1.13692 1.13692 1.52634 2.63723 4.32301 8.58174 9.89211 8.30192 6.25479 6.26574 8.28449 9.88624 8.56511 8.06602 15.7679 19.9854 21.0509 21.0509 19.9854 15.7679 8.06602 2.44556 1.61687 1.58443 1.76018 1.76205 1.58792 1.62228 2.47315 1.8362 1.68795 1.33036 1.09808 1.09692 1.33027 1.68779 1.83606 2.13881 1.46223 1.06316 1.0057 1.00572 1.06321 1.46181 
2.21968 1.29475 1.0426 1.00289 1.00289 1.0426 1.29475 2.21968 3.70768 2.16428 1.29723 1.05972 1.05972 1.29723 2.16428 3.70768 7.71608 8.73404 6.92604 4.91501 4.91877 6.91301 8.71754 7.69355 9.71453 17.7589 21.0066 21.4439 21.4439 21.0066 17.7589 9.71453 2.1118 1.20685 1.11672 1.19887 1.19881 1.11686 1.20953 2.14539 1.26734 1.21474 1.07729 1.01516 1.01493 1.07731 1.21477 1.26723 1.37996 1.11639 1.01193 1.00054 1.00054 1.01193 1.11612 
2.22413 1.29605 1.04292 1.00294 1.00289 1.0426 1.29475 2.21968 3.70768 2.16428 1.29723 1.05972 1.05832 1.29275 2.15749 3.7191 7.69355 8.71754 6.91301 4.91877 4.91877 6.91301 8.71754 7.69355 9.69812 17.7622 21.0183 21.4518 21.4439 21.0066 17.7589 9.71453 2.14539 1.20953 1.11686 1.19881 1.19768 1.11657 1.20685 2.1118 1.27076 1.21696 1.07785 1.01496 1.01516 1.07729 1.21474 1.26734 1.3796 1.11612 1.01193 1.00054 1.00054 1.01193 1.11639 
2.53771 1.37559 1.06199 1.0044 1.00417 1.06106 1.37263 2.52802 4.32301 2.63723 1.52634 1.13692 1.13335 1.51692 2.62877 4.34111 8.56511 9.88624 8.28449 6.26574 6.26574 8.28449 9.88624 8.56511 8.04089 15.7689 20.0053 21.0645 21.0509 19.9854 15.7679 8.06602 2.47315 1.62228 1.58792 1.76205 1.75993 1.58581 1.61687 2.44556 1.84879 1.69576 1.33185 1.09689 1.09808 1.33036 1.68795 1.8362 2.13779 1.46181 1.06321 1.00572 1.0057 1.06316 1.46223 
2.91459 1.48027 1.08419 1.00688 1.00656 1.08295 1.47653 2.90287 5.17696 3.11857 1.72027 1.20589 1.20107 1.70856 3.11081 5.20573 10.2585 11.8242 10.6082 9.09041 9.09041 10.6082 11.8242 10.2585 8.77873 14.5253 18.4986 20.2183 20.2039 18.4832 14.5283 8.79545 3.83579 3.17281 3.38694 3.67011 3.66623 3.36109 3.16223 3.8132 3.10978 2.7686 2.04007 1.44265 1.44777 2.03708 2.75414 3.09118 3.32112 2.08256 1.20702 1.02749 1.02741 1.20667 2.08196 
3.25318 1.57374 1.09966 1.00901 1.00877 1.09839 1.56841 3.23146 5.95824 3.34861 1.71009 1.19479 1.19169 1.70441 3.3502 6.0228 12.7949 14.7267 13.7222 13.0955 13.0955 13.7222 14.7267 12.7949 10.8931 15.2079 18.1301 19.8398 19.7093 17.9782 15.0615 10.7701 5.9169 5.69787 6.68376 7.2455 7.31605 7.05599 5.69768 5.8971 4.60922 4.17719 3.06281 2.13284 2.11831 3.03739 4.12017 4.54119 4.4315 2.58197 1.39096 1.0732 1.07382 1.3948 2.60206 
5.88495 2.4432 1.29232 1.03902 1.03869 1.29084 2.4383 5.87369 11.2244 5.71141 2.41105 1.39569 1.39267 2.40175 5.70201 11.2952 20.9364 24.2528 25.7308 26.1698 26.1698 25.7308 24.2528 20.9364 21.8094 25.0002 26.9646 27.7255 27.7255 26.9646 25.0002 21.8094 17.9909 19.3721 20.8856 21.1269 21.1269 20.8856 19.3721 17.9909 13.6968 11.5954 8.2566 5.99545 6.02674 8.30292 11.6809 13.8095 11.2328 6.0528 2.56911 1.44691 1.44351 2.56004 6.02404 
6.54963 2.66493 1.34199 1.04701 1.04657 1.33983 2.65629 6.52219 12.1148 6.16674 2.56966 1.44822 1.44526 2.56099 6.15138 12.1838 22.8843 27.081 29.8268 30.5532 30.5532 29.8268 27.081 22.8843 24.1336 25.7734 27.2804 28.5339 28.5339 27.2804 25.7734 24.1336 24.1287 26.485 27.9373 28.4978 28.4978 27.9373 26.485 24.1287 16.3238 13.4235 9.57847 7.18045 7.17276 9.57036 13.4353 16.2502 12.2381 6.17447 2.60163 1.45199 1.45359 2.6038 6.17567 
6.85871 2.7537 1.35859 1.04905 1.04863 1.3565 2.74524 6.83164 12.7171 6.42412 2.63837 1.46254 1.45965 2.63017 6.40756 12.7839 24.2612 28.8236 31.9503 32.8043 32.8043 31.9503 28.8236 24.2612 25.3234 25.0764 26.5784 28.3986 28.3986 26.5784 25.0764 25.3234 27.1022 30.0527 31.7626 32.3197 32.3197 31.7626 30.0527 27.1022 17.9614 14.7132 10.525 7.94311 7.93061 10.5098 14.7269 17.861 13.1208 6.39563 2.68804 1.49853 1.50084 2.69108 6.39797 
6.87668 2.7227 1.3396 1.04285 1.04263 1.33841 2.71755 6.85932 12.9853 6.44977 2.61651 1.42934 1.42755 2.61172 6.4343 13.049 24.9356 29.5121 32.6333 33.4958 33.4958 32.6333 29.5121 24.9356 25.7485 24.9076 26.4015 28.3084 28.3084 26.4015 24.9076 25.7485 28.0772 31.264 32.9551 33.4795 33.4795 32.9551 31.264 28.0772 19.0072 15.6227 11.0689 8.26645 8.26046 11.0581 15.6219 18.9172 13.9513 6.81733 2.84121 1.52626 1.52735 2.84273 6.81644 
6.85932 2.71755 1.33841 1.04263 1.04263 1.33841 2.71755 6.85932 12.9853 6.44977 2.61172 1.42755 1.42934 2.61651 6.44977 12.9853 24.874 29.4935 32.6229 33.493 33.4958 32.6333 29.5121 24.9356 25.7277 24.9052 26.3894 28.3255 28.3084 26.4015 24.9076 25.7485 28.028 31.3056 32.9701 33.4877 33.4877 32.9701 31.3056 28.028 18.9172 15.6219 11.0581 8.26046 8.26044 11.0583 15.6216 18.9202 13.955 6.81644 2.84273 1.52735 1.52626 2.84121 6.81733 
6.83164 2.74524 1.3565 1.04863 1.04863 1.3565 2.74524 6.83164 12.7171 6.42412 2.63017 1.45965 1.46254 2.63837 6.42412 12.7171 24.2011 28.7863 31.9361 32.7997 32.8043 31.9503 28.8236 24.2612 25.2977 25.0592 26.5726 28.4246 28.3986 26.5784 25.0764 25.3234 27.0203 30.1118 31.7922 32.3355 32.3355 31.7922 30.1118 27.0203 17.861 14.7269 10.5098 7.93061 7.93059 10.5099 14.7268 17.8642 13.1231 6.39797 2.69108 1.50084 1.49853 2.68804 6.39563 
6.52219 2.65629 1.33983 1.04657 1.04657 1.33983 2.65629 6.52219 12.1148 6.16674 2.56099 1.44526 1.44822 2.56966 6.16674 12.1148 22.8334 27.051 29.8141 30.5475 30.5532 29.8268 27.081 22.8843 24.106 25.757 27.2951 28.5518 28.5339 27.2804 25.7734 24.1336 24.0261 26.4963 27.9648 28.5054 28.5054 27.9648 26.4963 24.0261 16.2502 13.4353 9.57036 7.17276 7.17272 9.57037 13.4349 16.252 12.2429 6.17567 2.6038 1.45359 1.45199 2.60163 6.17447 
5.87369 2.4383 1.29084 1.03869 1.03869 1.29084 2.4383 5.87369 11.2244 5.71141 2.40175 1.39267 1.39569 2.41105 5.71141 11.2244 20.9653 24.3194 25.8212 26.2694 26.1698 25.7308 24.2528 20.9364 21.9081 25.1554 27.112 27.8384 27.7255 26.9646 25.0002 21.8094 18.1274 19.5984 20.9986 21.233 21.233 20.9986 19.5984 18.1274 13.8095 11.6809 8.30292 6.02674 6.02672 8.3032 11.6811 13.8093 11.197 6.02404 2.56004 1.44351 1.44691 2.56911 6.0528 
7.35348 2.93548 1.41598 1.06041 1.06041 1.41598 2.93548 7.35348 13.9542 6.88147 2.8419 1.54193 1.54191 2.8413 6.88147 13.9542 25.2689 28.7906 30.8575 31.5133 31.5497 30.889 28.861 25.3457 28.9598 32.4054 33.308 33.1125 33.136 33.3274 32.4378 28.9971 23.8556 27.14 28.4861 28.8203 28.8772 28.5508 27.1898 23.8154 16.7131 14.1626 11.1453 8.59163 8.59418 11.141 14.0737 16.6066 13.2132 8.31568 4.26518 2.4549 2.4549 4.26518 8.31568 
7.53099 2.93825 1.40216 1.05432 1.05432 1.40216 2.93825 7.53099 14.7198 7.02301 2.76038 1.44725 1.44721 2.76028 7.02301 14.7198 26.6525 30.2317 32.3672 33.1427 33.1311 32.3498 30.2133 26.6646 30.1652 32.9229 33.7218 33.7858 33.7854 33.7269 32.9371 30.1817 26.3767 29.3459 31.0878 31.7064 31.6798 31.0515 29.3257 26.3295 19.4149 16.062 12.1618 9.08554 9.12044 12.1935 15.9816 19.0963 14.1496 8.43612 4.13013 2.34927 2.34927 4.13013 8.43612 
7.61145 2.93671 1.39424 1.0517 1.0517 1.39424 2.93671 7.61145 15.0609 7.08097 2.75136 1.42861 1.42861 2.75134 7.08097 15.0609 27.5143 31.0368 33.1393 33.897 33.8875 33.1231 31.0266 27.5213 30.9584 33.1248 33.9085 34.1508 34.153 33.9141 33.1368 30.9761 27.9936 30.9108 32.704 33.3321 33.3132 32.6664 30.8867 27.9477 20.9294 16.8453 12.349 9.1947 9.2261 12.3874 16.7716 20.6161 14.7242 8.31453 3.92411 2.23903 2.23903 3.92411 8.31453 
7.60461 2.9121 1.37875 1.04765 1.04765 1.37875 2.9121 7.60461 15.1768 7.06839 2.74088 1.4188 1.4188 2.7409 7.06839 15.1768 27.8797 31.3448 33.3955 34.0645 34.0587 33.387 31.34 27.8575 31.4728 33.1624 33.9685 34.3139 34.3152 33.9713 33.1682 31.4824 28.963 31.8389 33.5048 34.0348 34.0254 33.4835 31.8261 28.9233 21.7452 17.0384 12.0278 9.15221 9.17083 12.0474 16.9949 21.5489 15.3394 8.14275 3.69835 2.09155 2.09155 3.69835 8.14275 
7.60482 2.91213 1.38034 1.04795 1.04765 1.37875 2.9121 7.60461 15.1768 7.06839 2.73127 1.41652 1.41652 2.73127 7.0407 15.1862 27.8575 31.34 33.387 34.0587 34.0587 33.387 31.34 27.8575 31.4824 33.1682 33.9713 34.3152 34.3152 33.9713 33.1682 31.4824 28.9233 31.8261 33.4835 34.0254 34.0308 33.507 31.8389 28.963 21.7452 17.0384 12.0278 9.15221 9.15221 12.0278 17.0384 21.7452 15.3394 8.14275 3.69835 2.09155 2.08464 3.68532 8.12135 
7.6117 2.9368 1.39656 1.05214 1.0517 1.39424 2.93671 7.61145 15.0609 7.08097 2.73793 1.42525 1.42525 2.73793 7.04246 15.077 27.5213 31.0266 33.1231 33.8875 33.8875 33.1231 31.0266 27.5213 30.9761 33.1368 33.9141 34.153 34.153 33.9141 33.1368 30.9761 27.9477 30.8867 32.6664 33.3132 33.3207 32.7016 30.9108 27.9936 20.9294 16.8453 12.349 9.1947 9.1947 12.349 16.8453 20.9294 14.7242 8.31453 3.92411 2.23903 2.22632 3.89668 8.28007 
7.53125 2.93832 1.40471 1.05482 1.05432 1.40216 2.93825 7.53099 14.7198 7.02301 2.74555 1.44295 1.44295 2.74555 6.98264 14.7348 26.6646 30.2133 32.3498 33.1311 33.1311 32.3498 30.2133 26.6646 30.1817 32.9371 33.7269 33.7854 33.7854 33.7269 32.9371 30.1817 26.3295 29.3257 31.0515 31.6798 31.6594 31.0634 29.3459 26.3767 19.4149 16.062 12.1618 9.08554 9.08554 12.1618 16.062 19.4149 14.1496 8.43612 4.13013 2.34927 2.33448 4.09785 8.40247 
7.35366 2.93553 1.41898 1.06102 1.06041 1.41598 2.93548 7.35348 13.9542 6.88147 2.82932 1.53771 1.53771 2.82932 6.85569 13.9991 25.3457 28.861 30.889 31.5497 31.5497 30.889 28.861 25.3457 28.9971 32.4378 33.3274 33.136 33.136 33.3274 32.4378 28.9971 23.8154 27.1898 28.5508 28.8772 29.0733 28.5917 27.14 23.8556 16.7131 14.1626 11.1453 8.59163 8.59163 11.1453 14.1626 16.7131 13.2132 8.31568 4.26518 2.4549 2.44741 4.24345 8.29343 
8.40051 3.52665 1.63723 1.11205 1.11178 1.63614 3.5212 8.37155 14.7804 8.24274 3.75062 2.1047 2.09422 3.72982 8.21313 14.7744 26.2346 30.1591 32.4614 33.1626 33.1626 32.4614 30.1591 26.2346 26.8886 31.3511 32.5775 32.3355 32.2951 32.54 31.2921 26.8833 20.7951 25.4035 27.3511 28.0855 28.0917 27.3423 25.4861 20.9679 10.7172 10.9418 11.187 12.0386 12.1168 11.1913 10.86 10.6095 8.09459 6.09565 4.69012 3.87811 3.84028 4.68223 6.11667 
8.15374 3.32577 1.55584 1.09037 1.08971 1.55288 3.31395 8.11271 14.6638 7.95266 3.5384 1.95646 1.94657 3.51827 7.92651 14.6629 27.0252 30.8316 33.1819 33.9002 33.9002 33.1819 30.8316 27.0252 28.2846 31.7079 32.9491 33.171 33.1659 32.937 31.6881 28.342 23.0991 28.6037 31.0707 31.7666 31.7396 31.031 28.5431 23.1589 11.1586 11.4521 12.9448 15.2224 15.3083 12.9444 11.4009 11.1218 8.25754 6.55608 5.36401 4.73325 4.68244 5.34371 6.56094 
7.91014 3.13862 1.47984 1.07213 1.07154 1.4771 3.12769 7.8722 14.5682 7.70163 3.35089 1.84332 1.83434 3.33248 7.6769 14.5676 27.4072 31.1073 33.5059 34.2123 34.2123 33.5059 31.1073 27.4072 29.0594 31.8449 33.0932 33.5598 33.5544 33.0816 31.8305 29.1122 24.564 30.1032 32.7447 33.5669 33.5837 32.7821 30.0997 24.6581 12.1764 12.2622 13.7489 15.7719 15.8492 13.7495 12.2189 12.1491 8.7919 7.01719 5.81503 4.99235 4.94226 5.79763 7.02438 
7.72452 3.0069 1.41479 1.05459 1.05435 1.41353 3.00137 7.70219 14.5828 7.48517 3.13155 1.69701 1.69251 3.1216 7.47005 14.583 27.6043 31.1837 33.6199 34.3094 34.3094 33.6199 31.1837 27.6043 29.3776 31.7908 33.0657 33.6908 33.6869 33.0595 31.7854 29.4067 25.4157 30.7525 33.355 34.0722 34.0871 33.3853 30.742 25.4934 13.8226 13.3964 13.9035 15.1085 15.1457 13.8993 13.3875 13.8063 9.8651 7.27056 5.54684 4.11527 4.08805 5.53678 7.27371 
7.70219 3.00137 1.41353 1.05435 1.05435 1.41353 3.00137 7.70219 14.5828 7.48517 3.13155 1.69701 1.69701 3.13155 7.48517 14.5828 27.6045 31.1872 33.6193 34.3071 34.3094 33.6199 31.1837 27.6043 29.4067 31.7854 33.0595 33.6869 33.6908 33.0657 31.7908 29.3776 25.4934 30.742 33.3853 34.0871 34.0695 33.3523 30.7525 25.4157 13.8063 13.3875 13.8993 15.1457 15.1457 13.8993 13.3875 13.8063 9.8651 7.27056 5.54684 4.11527 4.11527 5.54684 7.27056 
7.8722 3.12769 1.4771 1.07154 1.07154 1.4771 3.12769 7.8722 14.5682 7.70163 3.35089 1.84332 1.84332 3.35089 7.70163 14.5682 27.4137 31.1066 33.5029 34.2083 34.2123 33.5059 31.1073 27.4072 29.1122 31.8305 33.0816 33.5544 33.5598 33.0932 31.8449 29.0594 24.6581 30.0997 32.7821 33.5837 33.5596 32.7358 30.1032 24.564 12.1491 12.2189 13.7495 15.8492 15.8492 13.7495 12.2189 12.1491 8.7919 7.01719 5.81503 4.99235 4.99235 5.81503 7.01719 
8.11271 3.31395 1.55288 1.08971 1.08971 1.55288 3.31395 8.11271 14.6638 7.95266 3.5384 1.95646 1.95646 3.5384 7.95266 14.6638 27.0402 30.8266 33.1762 33.8949 33.9002 33.1819 30.8316 27.0252 28.342 31.6881 32.937 33.1659 33.171 32.9491 31.7079 28.2846 23.1589 28.5431 31.031 31.7396 31.7648 31.0496 28.6037 23.0991 11.1218 11.4009 12.9444 15.3083 15.3083 12.9444 11.4009 11.1218 8.25754 6.55608 5.36401 4.73325 4.73325 5.36401 6.55608 
8.37155 3.5212 1.63614 1.11178 1.11178 1.63614 3.5212 8.37155 14.7804 8.24274 3.75062 2.1047 2.1047 3.75062 8.24274 14.7804 26.2509 30.1516 32.4616 33.1638 33.1626 32.4614 30.1591 26.2346 26.8833 31.2921 32.54 32.2951 32.3355 32.5775 31.3511 26.8886 20.9679 25.4861 27.3423 28.0917 27.9798 27.2146 25.4035 20.7951 10.6095 10.86 11.1913 12.1168 12.1168 11.1913 10.86 10.6095 8.09459 6.09565 4.69012 3.87811 3.87811 4.69012 6.09565 
9.58441 4.3382 1.94911 1.19958 1.19958 1.94911 4.3382 9.58441 15.5948 9.32141 4.3961 2.57083 2.57083 4.3961 9.32141 15.5948 24.4609 28.9392 31.2882 32.1078 32.0788 31.256 28.9114 24.3413 21.4218 26.1245 27.2387 27.1946 27.0571 27.086 26.1221 21.3265 14.4916 16.8776 18.7577 19.9394 19.9422 18.7614 16.8793 14.4506 10.3552 10.7895 8.84047 6.94654 6.80906 8.76685 10.7854 10.4515 7.00875 3.96524 2.54535 1.77218 1.7939 2.57584 3.99286 
10.6119 4.75262 2.07805 1.23444 1.23444 2.07805 4.75262 10.6119 17.3205 10.5423 5.00251 2.94605 2.94605 5.00251 10.5423 17.3205 26.2012 30.7017 32.6144 33.364 33.3775 32.6339 30.7278 26.1221 21.3471 25.1213 26.7325 27.289 27.2922 26.7424 25.1217 21.3957 17.143 20.6692 23.6168 25.7569 25.7298 23.5758 20.6437 17.0887 11.2006 11.7728 9.23721 6.66283 6.62588 9.22735 11.7873 11.3648 7.25583 3.57957 1.94347 1.28183 1.28449 1.94971 3.58619 
11.3752 5.13586 2.20157 1.27231 1.27231 2.20157 5.13586 11.3752 18.2993 11.0973 5.2388 3.05497 3.05497 5.2388 11.0973 18.2993 27.1965 31.8855 33.5755 34.1999 34.2087 33.5898 31.8959 27.1307 21.3117 23.5933 25.5545 27.0328 27.0364 25.5587 23.5941 21.3678 18.7556 23.1542 26.7916 29.244 29.2103 26.7313 23.1236 18.6905 11.4707 12.1872 9.53497 6.69554 6.67467 9.53215 12.1992 11.6354 7.01386 2.99404 1.50375 1.08906 1.08972 1.50573 2.99879 
11.7266 5.30539 2.24346 1.28908 1.28908 2.24346 5.30539 11.7266 18.7162 11.2169 5.22439 2.98524 2.98524 5.22439 11.2169 18.7162 27.6918 32.3162 33.9253 34.4433 34.4483 33.9314 32.3156 27.6655 21.3653 22.9295 24.9994 26.8705 26.8737 25.0001 22.9298 21.3939 19.4521 24.9441 29.1044 31.0412 31.0195 29.0601 24.9396 19.3777 11.446 12.3389 9.76337 6.75809 6.74675 9.76532 12.345 11.5575 6.62102 2.665 1.34283 1.04443 1.04461 1.34353 2.66713 
11.761 5.30276 2.24221 1.28854 1.28908 2.24346 5.30539 11.7266 18.7162 11.2169 5.22439 2.98524 2.97857 5.21343 11.2075 18.7133 27.6655 32.3156 33.9314 34.4483 34.4483 33.9314 32.3156 27.6655 21.3939 22.9298 25.0001 26.8737 26.8705 24.9994 22.9295 21.3653 19.3777 24.9396 29.0601 31.0195 31.0195 29.0601 24.9396 19.3777 11.5575 12.345 9.76532 6.74675 6.74675 9.76532 12.345 11.446 6.62102 2.665 1.34353 1.04443 1.04443 1.34283 2.665 
11.4266 5.13621 2.2007 1.27175 1.27231 2.20157 5.13586 11.3752 18.2993 11.0973 5.2388 3.05497 3.04501 5.21865 11.081 18.2954 27.1307 31.8959 33.5898 34.2087 34.2087 33.5898 31.8959 27.1307 21.3678 23.5941 25.5587 27.0364 27.0328 25.5545 23.5933 21.3117 18.6905 23.1236 26.7313 29.2103 29.2103 26.7313 23.1236 18.6905 11.6354 12.1992 9.53215 6.67467 6.67467 9.53215 12.1992 11.4707 7.01386 2.99404 1.50573 1.08906 1.08906 1.50375 2.99404 
10.6617 4.75479 2.07782 1.23408 1.23444 2.07805 4.75262 10.6119 17.3205 10.5423 5.00251 2.94605 2.9361 4.98175 10.5239 17.3192 26.1221 30.7278 32.6339 33.3775 33.3775 32.6339 30.7278 26.1221 21.3957 25.1217 26.7424 27.2922 27.289 26.7325 25.1213 21.3471 17.0887 20.6437 23.5758 25.7298 25.7298 23.5758 20.6437 17.0887 11.3648 11.7873 9.22735 6.62588 6.62588 9.22735 11.7873 11.2006 7.25583 3.57957 1.94971 1.28183 1.28183 1.94347 3.57957 
9.62952 4.34501 1.95074 1.19978 1.19958 1.94911 4.3382 9.58441 15.5948 9.32141 4.3961 2.57083 2.56171 4.37487 9.29435 15.573 24.3413 28.9114 31.256 32.0788 32.0788 31.256 28.9114 24.3413 21.3265 26.1221 27.086 27.0571 27.1946 27.2387 26.1245 21.4218 14.4506 16.8793 18.7614 19.9422 19.9422 18.7614 16.8793 14.4506 10.4515 10.7854 8.76685 6.80906 6.80906 8.76685 10.7854 10.3552 7.00875 3.96524 2.57584 1.77218 1.77218 2.54535 3.96524 
8.07409 3.92942 1.87108 1.21136 1.21136 1.87108 3.92942 8.07409 12.1801 7.40553 3.58608 2.08345 2.08345 3.58608 7.40553 12.1801 19.1856 25.0528 27.2923 28.1194 28.1194 27.2923 25.0528 19.1856 9.53637 11.3369 11.9887 12.5976 12.4658 11.8343 11.1853 9.43989 7.36916 8.64387 9.63878 10.1227 10.1227 9.63878 8.70432 7.40911 5.98084 6.03461 4.45693 3.1094 3.1094 4.45693 6.03461 5.98084 3.50583 1.61979 1.09233 1.01201 1.01201 1.09233 1.61979 
9.27857 4.36679 1.99441 1.25343 1.25343 1.99441 4.36679 9.27857 13.8067 8.79594 4.19542 2.38657 2.38657 4.19542 8.79594 13.8067 19.2005 26.3942 30.1378 31.1895 31.1895 30.1378 26.3942 19.2005 7.18996 9.14948 9.42923 9.32281 9.32224 9.42904 9.14943 7.18802 5.24279 6.6002 6.75617 6.28166 6.28166 6.75617 6.62128 5.25015 2.94199 2.89432 2.17031 1.52948 1.52948 2.17031 2.89432 2.94199 1.9225 1.17725 1.00897 0.997752 0.997752 1.00897 1.17725 
9.95823 4.69622 2.10526 1.28334 1.28334 2.10526 4.69622 9.95823 14.6227 9.55951 4.54809 2.55178 2.55178 4.54809 9.55951 14.6227 19.3258 27.1697 31.5543 32.7666 32.7666 31.5543 27.1697 19.3258 5.99312 8.33119 8.37527 7.91018 7.90956 8.3767 8.33326 5.99103 3.51002 4.83913 4.56461 3.75567 3.75567 4.56461 4.8803 3.52732 1.5405 1.48515 1.25056 1.07555 1.07555 1.25056 1.48515 1.5405 1.24493 1.04051 1.00268 0.999829 0.999829 1.00268 1.04051 
10.2239 4.84024 2.14117 1.27761 1.27761 2.14117 4.84024 10.2239 14.9047 9.78786 4.66021 2.59794 2.59794 4.66021 9.78786 14.9047 19.3912 27.5281 32.0202 33.2393 33.2393 32.0202 27.5281 19.3912 7.25237 11.273 10.6078 7.7674 7.76713 10.6088 11.274 7.25162 2.34296 3.29793 3.05801 2.39564 2.39564 3.05801 3.33648 2.34276 1.13824 1.09578 1.03803 1.00687 1.00687 1.03803 1.09578 1.13824 1.03379 1.00316 1.00007 1.00002 1.00002 1.00007 1.00316 
10.2276 4.83767 2.1402 1.27699 1.27761 2.14117 4.84024 10.2239 14.9047 9.78786 4.66021 2.59794 2.59516 4.65714 9.80297 14.868 19.4213 27.5631 32.0264 33.2424 33.2393 32.0202 27.5281 19.3912 7.25162 11.274 10.6088 7.76713 7.7674 10.6078 11.274 7.25162 2.34276 3.33648 3.05784 2.39568 2.39564 3.05801 3.29793 2.34296 1.13831 1.09561 1.03802 1.00688 1.00687 1.03803 1.09578 1.13824 1.03379 1.00316 1.00007 1.00002 1.00002 1.00007 1.00314 
9.96206 4.69322 2.10376 1.2822 1.28334 2.10526 4.69622 9.95823 14.6227 9.55951 4.54809 2.55178 2.54957 4.54657 9.57884 14.5668 19.3368 27.2155 31.5644 32.7715 32.7666 31.5543 27.1697 19.3258 5.99103 8.33326 8.3767 7.90956 7.91018 8.37527 8.33326 5.99103 3.52732 4.8803 4.56466 3.75593 3.75567 4.56461 4.83913 3.51002 1.54057 1.4839 1.25033 1.07555 1.07555 1.25056 1.48515 1.5405 1.24493 1.04051 1.00268 0.999829 0.999831 1.00267 1.04042 
9.28113 4.36329 1.99276 1.25222 1.25343 1.99441 4.36679 9.27857 13.8067 8.79594 4.19542 2.38657 2.38603 4.1962 8.81446 13.7622 19.2009 26.4273 30.1572 31.2 31.1895 30.1378 26.3942 19.2005 7.18802 9.14943 9.42904 9.32224 9.32281 9.42923 9.14943 7.18802 5.25015 6.62128 6.75732 6.28403 6.28166 6.75617 6.6002 5.24279 2.94206 2.89145 2.16779 1.52808 1.52948 2.17031 2.89432 2.94199 1.9225 1.17725 1.00897 0.997752 0.997852 1.00906 1.17702 
8.04869 3.91732 1.86762 1.21018 1.21136 1.87108 3.92942 8.07409 12.1801 7.40553 3.58608 2.08345 2.08175 3.57821 7.35838 12.0433 19.1229 24.9859 27.3334 28.1421 28.1194 27.2923 25.0528 19.1856 9.43989 11.1853 11.8343 12.4658 12.5976 11.9887 11.1853 9.43989 7.40911 8.70432 9.55473 10.0528 10.1227 9.63878 8.64387 7.36916 5.97978 6.02868 4.46931 3.11564 3.1094 4.45693 6.03461 5.98084 3.50583 1.61979 1.09233 1.01201 1.01278 1.09312 1.61821 
2.79552 1.75519 1.20066 1.04183 1.04193 1.20057 1.75281 2.77327 4.15315 2.63202 1.56892 1.16256 1.16206 1.56785 2.64999 4.21764 10.2484 14.0991 16.0218 16.6353 16.6353 16.0218 14.0991 10.2484 3.57082 3.9864 4.23771 4.67031 4.67031 4.23771 3.9864 3.57082 3.37949 3.9018 4.28056 4.44894 4.48605 4.34362 3.96143 3.41771 2.48397 2.70614 2.07964 1.48661 1.47777 2.0655 2.66386 2.47582 1.41542 1.05983 1.00836 1.00036 1.00044 1.00868 1.06055 
1.73166 1.29436 1.07077 1.01168 1.0118 1.07136 1.29614 1.73043 2.36259 1.62106 1.17621 1.03914 1.03964 1.17857 1.62248 2.38161 6.01118 8.29731 8.67192 8.58847 8.58847 8.67192 8.29731 6.01118 1.70235 1.74412 1.87009 2.13398 2.13398 1.87009 1.74412 1.70235 1.52038 1.62552 1.70502 1.79055 1.79532 1.71527 1.63661 1.52664 1.32086 1.40695 1.22494 1.06959 1.06914 1.22417 1.40822 1.32137 1.08904 1.01319 1.00143 0.999771 0.999773 1.00142 1.01317 
1.187 1.06484 1.01267 1.0015 1.00152 1.01275 1.06516 1.18702 1.36035 1.12777 1.02703 1.00382 1.00384 1.0272 1.12812 1.36857 3.45286 4.73812 4.51856 4.16768 4.16768 4.51856 4.73812 3.45286 1.11045 1.10438 1.13984 1.22388 1.22388 1.13984 1.10438 1.11045 1.05698 1.0658 1.06978 1.09735 1.09832 1.07214 1.06817 1.05834 1.03788 1.05495 1.02584 1.00501 1.00495 1.02575 1.05505 1.03791 1.01142 1.00148 0.999958 0.999948 0.999948 0.999957 1.00148 
1.03829 1.01081 1.00156 0.999885 0.999888 1.00157 1.01084 1.0383 1.07741 1.01966 1.00236 0.99987 0.999869 1.00236 1.0197 1.08005 2.11052 2.80693 2.60008 2.42352 2.42352 2.60008 2.80693 2.11052 1.01598 1.01054 1.01843 1.03975 1.03975 1.01843 1.01054 1.01598 0.998009 0.988439 0.986782 0.998605 0.998801 0.987326 0.989006 0.998276 1.00265 1.00418 1.00139 0.999933 0.999928 1.00139 1.00422 1.00265 1.00129 0.999999 0.999924 0.999991 0.999991 0.999923 0.999999 
1.0383 1.01084 1.00157 0.999888 0.999888 1.00157 1.01084 1.0383 1.07741 1.01966 1.00236 0.99987 0.99987 1.00236 1.01966 1.07741 2.11052 2.80693 2.62093 2.43446 2.42352 2.60008 2.78175 2.09686 1.01598 1.01054 1.01842 1.03975 1.03975 1.01843 1.01054 1.01598 0.998276 0.989006 0.987326 0.998801 0.998605 0.986782 0.988439 0.998009 1.00265 1.00422 1.00139 0.999928 0.999928 1.00139 1.00422 1.00265 1.00129 0.999999 0.999924 0.999991 0.999991 0.999924 0.999999 
1.18702 1.06516 1.01275 1.00152 1.00152 1.01275 1.06516 1.18702 1.36035 1.12777 1.02703 1.00382 1.00382 1.02703 1.12777 1.36035 3.45286 4.73812 4.5586 4.18755 4.16768 4.51856 4.69135 3.4289 1.1104 1.10437 1.13981 1.22393 1.22388 1.13984 1.10438 1.11045 1.05834 1.06817 1.07214 1.09832 1.09735 1.06978 1.0658 1.05698 1.03791 1.05505 1.02575 1.00495 1.00495 1.02575 1.05505 1.03791 1.01142 1.00148 0.999958 0.999948 0.999948 0.999958 1.00148 
1.73043 1.29614 1.07136 1.0118 1.0118 1.07136 1.29614 1.73043 2.36259 1.62106 1.17621 1.03914 1.03914 1.17621 1.62106 2.36259 6.01118 8.29731 8.71014 8.61377 8.58847 8.67192 8.25528 5.99341 1.70127 1.74264 1.86837 2.13326 2.13398 1.87009 1.74412 1.70235 1.52664 1.63661 1.71527 1.79532 1.79055 1.70502 1.62552 1.52038 1.32137 1.40822 1.22417 1.06914 1.06914 1.22417 1.40822 1.32137 1.08904 1.01319 1.00143 0.999771 0.999771 1.00143 1.01319 
2.77327 1.75281 1.20057 1.04193 1.04193 1.20057 1.75281 2.77327 4.15315 2.63202 1.56892 1.16256 1.16256 1.56892 2.63202 4.15315 10.2484 14.0991 15.9144 16.5397 16.6353 16.0218 14.2081 10.3343 3.55673 3.9675 4.218 4.64589 4.67031 4.23771 3.9864 3.57082 3.41771 3.96143 4.34362 4.48605 4.44894 4.28056 3.9018 3.37949 2.47582 2.66386 2.0655 1.47777 1.47777 2.0655 2.66386 2.47582 1.41542 1.05983 1.00836 1.00036 1.00036 1.00836 1.05983 
1.79297 1.33474 1.0777 1.01376 1.01376 1.0777 1.33474 1.79297 2.54784 1.80603 1.2788 1.07126 1.07126 1.2788 1.80603 2.54784 4.3376 6.02809 6.82908 7.56236 7.56236 6.82908 6.02809 4.3376 2.05029 2.33633 2.33263 2.16722 2.16722 2.33263 2.33633 2.05029 1.92044 2.25914 2.30594 2.19923 2.19176 2.29143 2.24349 1.91365 1.34369 1.48152 1.25358 1.0793 1.0793 1.25358 1.48152 1.34369 1.06984 1.00724 1.00022 0.999899 0.999899 1.00022 1.00724 
1.32072 1.13166 1.02339 1.00279 1.00279 1.02339 1.13166 1.32072 1.52785 1.24419 1.07114 1.01398 1.01398 1.07114 1.24419 1.52785 2.63058 3.59386 4.04688 4.1435 4.1435 4.04688 3.59386 2.63058 1.36886 1.52899 1.49015 1.35885 1.35885 1.49015 1.52899 1.36886 1.22114 1.35431 1.35445 1.28067 1.27815 1.34915 1.34895 1.21892 1.0474 1.07663 1.03261 1.0077 1.0077 1.03261 1.07663 1.0474 1.01084 1.00134 1.00003 0.999965 0.999965 1.00003 1.00134 
1.07852 1.02465 1.00335 1.00016 1.00016 1.00335 1.02465 1.07852 1.13216 1.05207 1.01091 1.00153 1.00153 1.01091 1.05207 1.13216 1.61136 2.11106 2.37148 2.17294 2.17294 2.37148 2.11106 1.61136 1.08512 1.1375 1.12299 1.07557 1.07557 1.12299 1.1375 1.08512 1.03472 1.0671 1.06877 1.04542 1.04481 1.06744 1.06583 1.03426 1.00448 1.00814 1.0026 1.00036 1.00036 1.0026 1.00814 1.00448 1.00123 1.00006 0.999983 0.999998 0.999998 0.999983 1.00006 
1.01312 1.00299 1.00018 0.999875 0.999875 1.00018 1.00299 1.01312 1.02391 1.00723 1.00101 0.999863 0.999863 1.00101 1.00723 1.02391 1.17916 1.37074 1.47452 1.38496 1.38496 1.47452 1.37074 1.17916 1.01231 1.02226 1.01951 1.00984 1.00984 1.01951 1.02226 1.01231 1.00331 1.00809 1.00909 1.00472 1.00462 1.00886 1.00789 1.00326 1.00017 1.00032 1 0.999883 0.999883 1 1.00032 1.00017 1.00008 0.99996 0.999996 1 1 0.999996 0.99996 
0 0 0 0 0.999875 1.00018 1.00299 1.01312 1.02391 1.00723 1.00101 0.999863 0.999861 1.001 1.00714 1.02383 1.17916 1.37074 1.47452 1.38496 1.38118 1.46815 1.36604 1.17738 1.01233 1.02196 1.01924 1.00971 1.00984 1.01951 1.02226 1.01231 1.00326 1.00789 1.00886 1.00462 1.00472 1.00909 1.00809 1.00331 1.00016 1.0003 0.999994 0.999883 0.999883 1 1.00032 1.00017 1.00008 0.99996 0.999996 1 0 0 0 
0 0 0 0 1.00016 1.00335 1.02465 1.07852 1.13216 1.05207 1.01091 1.00153 1.00152 1.01082 1.05157 1.13182 1.61136 2.11106 2.37148 2.17294 2.16271 2.35464 2.09857 1.60588 1.085 1.13581 1.12146 1.07485 1.07557 1.12299 1.1375 1.08512 1.03426 1.06583 1.06744 1.04481 1.04542 1.06877 1.0671 1.03472 1.00447 1.00803 1.00256 1.00035 1.00036 1.0026 1.00814 1.00448 1.00123 1.00006 0.999983 0.999998 0 0 0 
0 0 0 0 1.00279 1.02339 1.13166 1.32072 1.52785 1.24419 1.07114 1.01398 1.01392 1.07075 1.2426 1.52672 2.63058 3.59386 4.04688 4.1435 4.12919 4.0353 3.58493 2.62523 1.36848 1.52398 1.48547 1.35642 1.35885 1.49015 1.52899 1.36886 1.21892 1.34895 1.34915 1.27815 1.28067 1.35445 1.35431 1.22114 1.04744 1.07605 1.03235 1.00764 1.0077 1.03261 1.07663 1.0474 1.01084 1.00134 1.00003 0.999965 0 0 0 
