0 0 0 0 1.00004 1.00002 1.00011 1.0026 1.02388 1.00112 1.00002 1.00003 1.00003 1.00002 1.00104 1.02372 1.41522 1.43755 1.06661 1.01144 1.01146 1.06602 1.43299 1.41001 1.06574 1.4437 3.54722 4.00112 3.93668 3.48618 1.43185 1.06504 0.967369 0.958286 0.931264 0.93559 0.933224 0.928495 0.956411 0.965436 1.00264 1.00287 1.00026 1.00004 1.00004 1.00026 1.00287 1.00267 1.00064 1.00003 1.00003 1.00004 0 0 0 
0 0 0 0 0.999996 0.999994 0.999986 1.00019 1.00111 1 0.999993 0.999996 0.999996 0.999993 0.999992 1.00106 1.01849 1.01902 1.00147 1.0001 1.0001 1.00144 1.01859 1.01806 1.00353 1.03403 1.3397 1.38619 1.37363 1.32774 1.0327 1.00345 0.997215 0.99682 0.994041 0.994506 0.994403 0.993921 0.996748 0.997149 1.00004 0.999978 0.999979 0.999995 0.999995 0.999979 0.999978 1.00004 1.00002 0.99999 0.999996 0.999996 0 0 0 
0 0 0 0 1 1 0.999994 1.00001 1.00004 0.999956 1 1 1 1 0.999957 1.00004 1.00028 1.00022 0.99999 0.999965 0.999966 0.999987 1.0002 1.00026 1.00015 1.00132 1.0242 1.02679 1.02556 1.02303 1.00125 1.00014 0.999911 0.999837 0.999767 0.999783 0.999774 0.999757 0.999831 0.999905 1.00001 0.999955 0.999999 1 1 0.999999 0.999955 1.00001 1.00003 0.999996 1 1 0 0 0 
0 0 0 0 1 1 0.999996 1.00004 1.00001 0.999963 1 1 1 1 0.999963 1.00001 1.00003 0.999954 0.999996 1 0.999999 0.999996 0.999954 1.00002 1.00001 0.999966 1.00068 1.00073 1.00068 1.00063 0.999963 1.00001 1.00006 0.999988 1.00004 1.00004 1.00004 1.00004 0.999989 1.00006 1.00002 0.999963 1 1 1 1 0.999963 1.00002 1.00004 0.999996 1 1 0 0 0 
1.00004 0.999996 1 1 1 1 0.999996 1.00004 1.00001 0.999963 1 1 1 1 0.999963 1.00001 1.00002 0.999954 0.999996 0.999999 0.999999 0.999996 0.999954 1.00002 1.00001 0.999966 1.00068 1.00073 1.00073 1.00068 0.999966 1.00001 1.00006 0.999989 1.00004 1.00004 1.00004 1.00004 0.999989 1.00006 1.00002 0.999963 1 1 1 1 0.999963 1.00002 1.00004 0.999996 1 1 1 1 0.999996 
1.00001 0.999994 1 1 1 1 0.999994 1.00001 1.00004 0.999956 1 1 1 1 0.999956 1.00004 1.00026 1.0002 0.999987 0.999966 0.999966 0.999987 1.0002 1.00026 1.00015 1.00132 1.0242 1.02679 1.02679 1.0242 1.00132 1.00015 0.999905 0.999831 0.999757 0.999774 0.999774 0.999757 0.999831 0.999905 1.00001 0.999955 0.999999 1 1 0.999999 0.999955 1.00001 1.00003 0.999996 1 1 1 1 0.999996 
1.00019 0.999986 0.999994 0.999996 0.999996 0.999994 0.999986 1.00019 1.00111 1 0.999993 0.999996 0.999996 0.999993 1 1.00111 1.01806 1.01859 1.00144 1.0001 1.0001 1.00144 1.01859 1.01806 1.00353 1.03403 1.3397 1.38619 1.38619 1.3397 1.03403 1.00353 0.997149 0.996748 0.993921 0.994403 0.994403 0.993921 0.996748 0.997149 1.00004 0.999978 0.999979 0.999995 0.999995 0.999979 0.999978 1.00004 1.00002 0.99999 0.999996 0.999996 0.999996 0.999996 0.99999 
1.0026 1.00011 1.00002 1.00004 1.00004 1.00002 1.00011 1.0026 1.02388 1.00112 1.00002 1.00003 1.00003 1.00002 1.00112 1.02388 1.41001 1.43299 1.06602 1.01146 1.01146 1.06602 1.43299 1.41001 1.06574 1.4437 3.54722 4.00112 4.00112 3.54722 1.4437 1.06574 0.965436 0.956411 0.928495 0.933224 0.933224 0.928495 0.956411 0.965436 1.00267 1.00287 1.00026 1.00004 1.00004 1.00026 1.00287 1.00264 1.00064 1.00003 1.00003 1.00004 1.00004 1.00003 1.00003 
1.01373 1.00042 1.00002 1.00001 1.00001 1.00002 1.00038 1.01364 1.2887 1.01428 1.00014 1.00001 1.00001 1.00022 1.01515 1.30037 4.40261 4.71112 2.12093 1.29318 1.29318 2.12093 4.71112 4.40261 1.73009 3.7836 9.76713 11.7938 12.0175 9.93097 3.81599 1.70192 1.31755 1.20372 1.2341 1.23803 1.24772 1.24382 1.21328 1.33502 1.08919 1.11374 1.0137 1.00046 1.00062 1.01659 1.13037 1.10701 1.005 0.999875 0.999998 1.00002 1.00002 0.999998 0.999889 
0.998807 0.999925 0.999971 0.999964 0.999964 0.999972 0.999922 0.998793 1.01026 0.999911 0.999961 0.999966 0.999966 0.999964 0.999904 1.01033 1.46128 1.48497 1.07596 1.01093 1.01093 1.07596 1.48497 1.46128 1.06749 1.358 2.74572 3.09088 3.16755 2.82399 1.37789 1.0677 1.02571 1.01652 1.01499 1.01395 1.01371 1.01467 1.01463 1.02399 1.00167 1.00204 1.00013 0.999959 0.999954 1.00012 1.00212 1.00154 0.99973 0.999965 0.999964 0.999963 0.999963 0.999964 0.999963 
0.999949 1.00001 1 1 1 1 1.00001 0.999949 0.999904 0.999938 1.00001 1 1 1.00001 0.999938 0.999911 1.02471 1.02547 1.00196 1.00005 1.00005 1.00196 1.02547 1.02471 1.0039 1.02881 1.23561 1.27092 1.28841 1.25411 1.0316 1.00404 1.00142 1.0009 1.00083 1.00072 1.00072 1.00083 1.00076 1.0013 0.999982 0.999894 0.999978 0.999999 0.999999 0.999977 0.999887 0.999964 1.00006 1 1 1 1 1 1 
1.00006 0.999998 1 1 1 1 0.999998 1.00006 1.00001 0.999967 1 1 1 1 0.999967 1.00001 1.00057 1.00052 1 0.999973 0.999973 1 1.00052 1.00057 1.00014 1.00104 1.01683 1.01845 1.02026 1.01859 1.00118 1.00016 1.00008 1 1.00006 1.00005 1.00005 1.00006 0.999997 1.00007 1.00002 0.999971 1 1 1 1 0.999972 1.00002 1.00004 0.999996 1 1 1 1 0.999996 
1.00006 0.999998 1 1 1 1 0.999998 1.00006 1.00001 0.999967 1 1 1 1 0.999967 1.00001 1.00054 1.00048 1 0.999973 0.999973 1 1.00052 1.00057 1.00016 1.00118 1.01859 1.02026 1.02026 1.01859 1.00118 1.00016 1.00007 0.999997 1.00006 1.00005 1.00005 1.00006 1 1.00008 1.00002 0.999972 1 1 1 1 0.999972 1.00002 1.00004 0.999996 1 1 1 1 0.999996 
0.999949 1.00001 1 1 1 1 1.00001 0.999949 0.999904 0.999938 1.00001 1 1 1.00001 0.999938 0.999904 1.02402 1.02479 1.00191 1.00005 1.00005 1.00196 1.02547 1.02471 1.00404 1.0316 1.25411 1.28841 1.28841 1.25411 1.0316 1.00404 1.0013 1.00076 1.00083 1.00072 1.00072 1.00083 1.0009 1.00142 0.999964 0.999887 0.999977 0.999999 0.999999 0.999978 0.999887 0.999964 1.00006 1 1 1 1 1 1 
0.998793 0.999922 0.999972 0.999964 0.999964 0.999972 0.999922 0.998793 1.01026 0.999911 0.999964 0.999965 0.999966 0.999961 0.999911 1.01026 1.45648 1.48115 1.07618 1.01114 1.01093 1.07596 1.48497 1.46128 1.0677 1.37789 2.82399 3.16755 3.16755 2.82399 1.37789 1.0677 1.02399 1.01463 1.01467 1.01371 1.01371 1.01499 1.01652 1.02571 1.00154 1.00212 1.00012 0.999954 0.999954 1.00013 1.00212 1.00154 0.999731 0.999963 0.999964 0.999963 0.999963 0.999964 0.999965 
1.01364 1.00038 1.00002 1.00001 1.00001 1.00002 1.00038 1.01364 1.2887 1.01428 1.00022 1.00001 1.00001 1.00014 1.01428 1.2887 4.47671 4.80237 2.17405 1.31443 1.29318 2.12093 4.71112 4.40261 1.70192 3.81599 9.93097 12.0175 12.0175 9.93097 3.81599 1.70192 1.33502 1.21328 1.24382 1.24772 1.24772 1.2341 1.20372 1.31755 1.10701 1.13037 1.01659 1.00062 1.00062 1.0137 1.13037 1.10701 1.00484 0.999889 0.999998 1.00002 1.00002 0.999998 0.999875 
1.34293 1.0049 0.999349 1.00001 1.00001 0.999349 1.0049 1.34293 5.13008 1.45336 1.01865 1.00025 1.00036 1.02056 1.46117 4.90493 19.5597 21.9793 13.1374 7.89539 7.64199 12.8919 21.8068 19.3731 7.49044 12.8843 23.0372 27.2595 27.4384 23.2225 13.0469 7.67649 4.36277 3.44238 3.74968 3.76631 3.76143 3.73796 3.43679 4.33091 3.28946 3.39332 1.5251 1.0345 1.0345 1.5251 3.39332 3.28946 1.72905 1.04483 1.00129 1.00002 1.00002 1.00129 1.04483 
1.40402 1.00684 0.999214 0.999929 0.999929 0.999214 1.00684 1.40402 5.62024 1.5257 1.02241 1.00024 1.00037 1.02484 1.53829 5.37018 21.0161 23.446 9.91503 2.79169 2.78952 9.96801 23.4161 20.8829 3.18244 9.87648 24.2103 30.3875 30.3996 24.2285 9.83894 3.16937 1.35354 1.13388 1.29473 1.34191 1.33507 1.28703 1.13046 1.33998 1.29314 1.24555 1.02637 1.00084 1.00084 1.02637 1.24555 1.29314 1.07402 1.00302 1.00002 0.999953 0.999953 1.00002 1.00302 
1.29323 1.00264 0.999268 0.999975 0.999975 0.999268 1.00264 1.29323 4.56796 1.39404 1.01602 1.00018 1.00027 1.01777 1.40351 4.38067 17.1054 18.895 7.55956 1.9451 1.94956 7.60383 18.8485 16.9842 1.98403 7.00767 18.2169 22.4884 22.5011 18.2314 6.98082 1.97692 0.977464 0.887585 1.03878 1.08415 1.08309 1.03785 0.888347 0.972965 1.04636 1.02692 1.00199 1.00001 1.00001 1.00199 1.02692 1.04636 1.00396 1.00002 0.999995 1 1 0.999995 1.00002 
1.0328 0.999887 0.999943 1.00001 1.00001 0.999943 0.999887 1.0328 1.88659 1.04938 1.00079 0.999997 1 1.00092 1.04971 1.82883 8.02523 8.58928 2.7849 1.10789 1.10853 2.7961 8.60882 8.03075 1.27657 3.65077 11.6486 14.2953 14.2992 11.6521 3.64331 1.27565 0.997455 0.990323 0.998021 1.0004 1.00248 1.00034 0.990781 0.996758 0.966307 0.997221 0.999883 0.999994 0.999994 0.999883 0.997221 0.966307 0.993746 0.999767 1.00002 1 1 1.00002 0.999767 
1.03429 0.999978 0.999953 1.00001 1.00001 0.999943 0.999887 1.0328 1.82883 1.04971 1.00092 1 0.999997 1.00079 1.04938 1.88659 8.02523 8.58928 2.7849 1.10789 1.10789 2.7849 8.58928 8.02523 1.27565 3.64331 11.6521 14.2992 14.2992 11.6521 3.64331 1.27565 0.996758 0.990781 1.00034 1.00248 0.997803 0.995645 0.99058 0.998283 0.966304 0.997226 0.999959 0.999995 0.999994 0.999883 0.997221 0.966307 0.993746 0.999767 1.00002 1 1 1.00002 0.999774 
1.30336 1.00374 0.999362 0.99998 0.999975 0.999268 1.00264 1.29323 4.38067 1.40351 1.01777 1.00027 1.00018 1.01602 1.39404 4.56796 17.1054 18.895 7.55956 1.9451 1.9451 7.55956 18.895 17.1054 1.97692 6.98082 18.2314 22.5011 22.5011 18.2314 6.98082 1.97692 0.972965 0.888347 1.03785 1.08309 1.08129 1.03898 0.892157 0.984385 1.04634 1.0269 1.002 1.00001 1.00001 1.00199 1.02692 1.04636 1.00396 1.00002 0.999995 1 1 0.999996 1.0001 
1.41754 1.00819 0.999324 0.999934 0.999929 0.999214 1.00684 1.40402 5.37018 1.53829 1.02484 1.00037 1.00024 1.02241 1.5257 5.62024 21.0161 23.446 9.91503 2.79169 2.79169 9.91503 23.446 21.0161 3.16937 9.83894 24.2285 30.3996 30.3996 24.2285 9.83894 3.16937 1.33998 1.13046 1.28703 1.33507 1.34496 1.30211 1.14351 1.36949 1.29244 1.24497 1.02399 1.00083 1.00084 1.02637 1.24555 1.29314 1.07402 1.00302 1.00002 0.999953 0.999953 1.00002 1.00308 
1.35462 1.00604 0.99944 1.00001 1.00001 0.999349 1.0049 1.34293 4.90493 1.46117 1.02056 1.00036 1.00025 1.01865 1.45336 5.13008 19.5597 21.9793 13.1374 7.89539 7.89539 13.1374 21.9793 19.5597 7.67649 13.0469 23.2225 27.4384 27.4384 23.2225 13.0469 7.67649 4.33091 3.43679 3.73796 3.76143 3.90232 3.893 3.58562 4.52288 3.29091 3.39262 1.49589 1.03597 1.0345 1.5251 3.39332 3.28946 1.72905 1.04483 1.00129 1.00002 1.00002 1.00129 1.04683 
1.69569 1.02844 1.00017 1.00005 1.00005 1.00017 1.02844 1.69569 7.70994 1.75002 1.03565 1.00078 1.00087 1.03712 1.75733 7.71995 27.6486 31.6071 29.9537 29.0405 28.7394 29.7008 31.6071 27.6486 27.0017 28.4226 32.0544 33.6264 33.6264 32.0544 28.4226 27.0017 26.9729 26.8182 27.0883 26.8694 26.8681 27.0872 26.8182 26.974 23.607 21.2662 8.46678 2.12377 2.11884 8.42546 21.2662 23.607 9.5051 2.0493 1.05502 1.00091 1.00091 1.05499 2.04861 
1.71749 1.02946 1.0001 0.999972 0.999972 1.0001 1.02946 1.71749 8.00241 1.77844 1.03668 1.00072 1.00082 1.03819 1.7855 7.99991 29.0732 33.7326 34.2156 34.1692 34.183 34.2179 33.7326 29.0732 32.9651 33.2139 34.1835 34.668 34.668 34.1835 33.2139 32.9651 33.286 33.8777 34.0186 34.0108 34.0058 34.0131 33.8723 33.2818 26.836 24.3191 9.63714 2.29521 2.29337 9.62694 24.3191 26.836 10.72 2.20428 1.064 1.00099 1.001 1.06431 2.20816 
1.7232 1.02982 1.00015 1.00001 1.00001 1.00015 1.02982 1.7232 8.05635 1.78567 1.03715 1.00078 1.00088 1.03866 1.79277 8.05425 29.3144 34.0844 34.8502 34.9265 34.9246 34.8432 34.0844 29.3144 34.5516 34.6248 34.843 34.9394 34.9394 34.843 34.6248 34.5516 34.1483 34.7739 34.9023 34.9153 34.9141 34.9011 34.7722 34.1478 27.3264 24.8147 9.79926 2.31506 2.31365 9.78925 24.8147 27.3264 10.8909 2.22352 1.06512 1.00105 1.00106 1.06546 2.22763 
1.73978 1.03101 1.0002 1.00001 1.00001 1.0002 1.03101 1.73978 8.16212 1.81263 1.03957 1.00088 1.00096 1.04081 1.81882 8.16069 29.3835 34.1264 34.9024 34.9867 34.9856 34.8979 34.1264 29.3835 34.8413 34.9198 34.9724 34.9905 34.9905 34.9724 34.9198 34.8413 34.236 34.8667 34.9807 34.9926 34.9925 34.9808 34.8662 34.2364 27.3877 24.8668 9.82868 2.30878 2.30903 9.82761 24.8668 27.3877 10.9064 2.22461 1.06526 1.00105 1.00106 1.06561 2.22879 
1.73384 1.03123 1.00023 1.00002 1.00001 1.0002 1.03101 1.73978 8.16069 1.81882 1.04191 1.00104 1.00088 1.03957 1.81882 8.16069 29.3835 34.1264 34.9024 34.9867 34.9867 34.9024 34.1309 29.3704 34.839 34.9197 34.9725 34.9905 34.9905 34.9724 34.9198 34.8413 34.2364 34.8662 34.9808 34.9925 34.9926 34.9814 34.8682 34.2742 27.2678 24.8736 9.82978 2.30879 2.30878 9.82868 24.8749 27.3856 10.9064 2.22461 1.06526 1.00105 1.00105 1.06526 2.22461 
1.71609 1.03006 1.00019 1.00001 1.00001 1.00015 1.02982 1.7232 8.05425 1.79277 1.03989 1.00098 1.00078 1.03715 1.79277 8.05425 29.3144 34.0844 34.8502 34.9265 34.9265 34.8502 34.0903 29.2987 34.5498 34.6247 34.8439 34.9397 34.9394 34.843 34.6248 34.5516 34.1478 34.7722 34.9011 34.9141 34.9146 34.9021 34.7752 34.1839 27.1964 24.8135 9.79966 2.31504 2.31506 9.79926 24.8175 27.3149 10.8909 2.22352 1.06512 1.00105 1.00105 1.06512 2.22352 
1.71037 1.0297 1.00014 0.999974 0.999972 1.0001 1.02946 1.71749 7.99991 1.7855 1.03942 1.00092 1.00072 1.03668 1.7855 7.99991 29.0732 33.7326 34.2156 34.1692 34.1692 34.2156 33.7363 29.0569 32.9644 33.2121 34.1843 34.668 34.668 34.1835 33.2139 32.9651 33.2818 33.8723 34.0131 34.0058 33.99 33.9959 33.8609 33.2878 26.6894 24.301 9.63519 2.29475 2.29521 9.63714 24.3149 26.8204 10.72 2.20428 1.064 1.00099 1.00099 1.064 2.20428 
1.68965 1.02867 1.0002 1.00005 1.00005 1.00017 1.02844 1.69569 7.71995 1.75733 1.03834 1.00097 1.00078 1.03565 1.75733 7.71995 27.6486 31.6071 29.9537 29.0405 29.0405 29.9537 31.6951 27.715 27.0026 28.4263 32.139 33.6685 33.6264 32.0544 28.4226 27.0017 26.974 26.8182 27.0872 26.8681 27.0489 27.2673 26.9989 27.1493 23.6359 21.3624 8.46845 2.12392 2.12377 8.46678 21.3634 23.704 9.5051 2.0493 1.05502 1.00091 1.00091 1.05502 2.0493 
1.80671 1.03373 1.00065 1.00005 1.00005 1.00065 1.03373 1.80671 8.57408 1.89974 1.04356 1.00062 1.00062 1.04356 1.89974 8.57408 30.2976 34.0208 34.5237 34.5408 34.6477 34.6085 34.0208 30.2976 34.4472 34.7195 34.9095 34.9429 34.9445 34.9119 34.7348 34.4746 33.3198 34.2361 34.3414 34.285 34.2605 34.3181 34.193 33.3737 27.163 24.1794 9.8662 2.44774 2.37988 9.69284 24.4001 27.5585 11.3647 2.37765 1.10562 1.0035 1.0035 1.10562 2.37765 
1.78711 1.03238 1.00056 0.999975 0.999975 1.00056 1.03238 1.78711 8.4775 1.87172 1.04111 1.00045 1.00045 1.04111 1.87172 8.4775 30.2391 34.1035 34.8507 34.9373 34.9384 34.8398 34.1035 30.2391 34.771 34.9078 34.963 34.9732 34.9727 34.9627 34.9084 34.7763 34.0231 34.7645 34.8756 34.8915 34.8956 34.881 34.7862 34.0755 27.962 24.5966 9.95754 2.46804 2.39358 9.75763 24.845 28.5055 11.6529 2.41464 1.10965 1.00362 1.00362 1.10965 2.41464 
1.78667 1.03252 1.0006 1.00001 1.00001 1.0006 1.03252 1.78667 8.46421 1.86794 1.04093 1.0005 1.0005 1.04093 1.86794 8.46421 30.2396 34.1235 34.8928 34.9863 34.9842 34.8781 34.1235 30.2396 34.8537 34.9647 34.9914 34.9955 34.9955 34.9914 34.9654 34.8606 34.1172 34.8763 34.9783 34.9896 34.9902 34.9801 34.8875 34.1675 28.0582 24.6393 9.958 2.46643 2.39261 9.76218 24.8836 28.5968 11.681 2.41677 1.10967 1.00366 1.00366 1.10967 2.41677 
1.78271 1.03217 1.00055 1.00002 1.00002 1.00055 1.03217 1.78271 8.46406 1.86568 1.04056 1.00051 1.00051 1.04056 1.86568 8.46406 30.2358 34.1376 34.8991 34.9903 34.9885 34.8878 34.1376 30.2358 34.8729 34.9751 34.9965 34.9992 34.9992 34.9966 34.9757 34.8773 34.1718 34.8929 34.9894 34.9986 34.9988 34.9903 34.8985 34.2143 28.2106 24.6703 9.89525 2.4278 2.36937 9.76514 24.8374 28.6351 11.6772 2.40425 1.1039 1.00329 1.00329 1.1039 2.40425 
1.78334 1.0316 1.0005 1.00001 1.00002 1.00055 1.03217 1.78271 8.35266 1.86209 1.04056 1.00051 1.00051 1.04056 1.86568 8.46406 30.2358 34.1376 34.8878 34.9885 34.9885 34.8878 34.1078 30.6811 34.8773 34.9757 34.9966 34.9992 34.9992 34.9965 34.9751 34.8729 34.1702 34.8951 34.9895 34.9986 34.9985 34.9888 34.888 34.1464 28.6351 24.8374 9.76514 2.36937 2.41122 9.86213 24.6703 28.2106 11.6772 2.40425 1.1039 1.00329 1.00309 1.10132 2.39066 
1.78718 1.03188 1.00054 1.00001 1.00001 1.0006 1.03252 1.78667 8.35931 1.86507 1.04093 1.0005 1.0005 1.04093 1.86794 8.46421 30.2396 34.1235 34.8781 34.9842 34.9842 34.8781 34.086 30.6958 34.8606 34.9654 34.9914 34.9955 34.9955 34.9914 34.9647 34.8537 34.1147 34.8812 34.9785 34.9896 34.9894 34.9773 34.8698 34.0812 28.5968 24.8836 9.76218 2.39261 2.44464 9.90012 24.6393 28.0582 11.681 2.41677 1.10967 1.00366 1.0034 1.10644 2.3985 
1.78764 1.03174 1.0005 0.999973 0.999975 1.00056 1.03238 1.78711 8.37237 1.86863 1.04109 1.00045 1.00045 1.04111 1.87172 8.4775 30.2391 34.1035 34.8398 34.9384 34.9384 34.8398 34.066 30.6938 34.7763 34.9084 34.9627 34.9727 34.9732 34.963 34.9078 34.771 34.0199 34.7738 34.8742 34.8898 34.8867 34.8709 34.7605 33.9863 28.5055 24.845 9.75763 2.39358 2.44601 9.89795 24.5966 27.962 11.6529 2.41464 1.10965 1.00362 1.00336 1.1064 2.39623 
1.80979 1.03318 1.00059 1.00005 1.00005 1.00065 1.03373 1.80671 8.48205 1.89787 1.04354 1.00061 1.00062 1.04356 1.89974 8.57408 30.2976 34.0208 34.6085 34.6477 34.6477 34.6085 34.0204 30.782 34.4746 34.7348 34.9119 34.9445 34.9429 34.9095 34.7195 34.4472 33.3388 34.2311 34.3592 34.3034 34.3731 34.4275 34.2754 33.3375 27.5585 24.4001 9.69284 2.37988 2.42729 9.81289 24.1794 27.163 11.3647 2.37765 1.10562 1.0035 1.00327 1.10271 2.36109 
2.67417 1.11912 1.00366 1.00009 1.0001 1.00382 1.12066 2.67472 10.5924 2.76999 1.13688 1.0054 1.00652 1.14528 2.81616 10.8303 31.7665 34.3242 34.8841 34.9382 34.9382 34.8841 34.3155 31.8938 34.2735 34.7033 34.758 34.7225 34.7028 34.7422 34.6862 34.2378 32.0669 34.1523 34.3536 34.2922 34.3432 34.4121 34.2024 32.0347 21.9802 22.2787 10.3339 2.81777 2.73956 10.2616 22.4248 22.0397 9.65438 2.32071 1.1244 1.00523 1.00522 1.12442 2.32083 
1.91271 1.05727 1.00219 1.00001 1.00002 1.00233 1.05771 1.89789 8.14795 2.00242 1.06533 1.00257 1.00335 1.07054 2.02423 8.30537 31.5693 34.3421 34.9205 34.9768 34.9768 34.9205 34.3377 31.7333 34.6964 34.902 34.936 34.9347 34.9351 34.9363 34.9021 34.6873 33.3079 34.7069 34.8691 34.8685 34.8652 34.8645 34.697 33.2215 25.8534 23.2331 10.6714 2.95511 2.86019 10.5593 23.3761 25.8319 11.7521 2.6789 1.16192 1.00708 1.00707 1.16196 2.67907 
1.84051 1.05276 1.00212 1.00005 1.00006 1.00225 1.05322 1.82605 7.8521 1.94091 1.06129 1.00249 1.00326 1.06639 1.96241 8.01444 31.5436 34.3552 34.9362 34.9926 34.9926 34.9362 34.3511 31.7109 34.8178 34.9637 34.9879 34.9906 34.9906 34.9878 34.9633 34.8079 33.5901 34.8215 34.9781 34.989 34.9886 34.9768 34.8144 33.5095 26.5831 23.4386 10.665 2.95438 2.85985 10.5518 23.5885 26.5781 12.082 2.72438 1.16569 1.00727 1.00727 1.16574 2.72459 
1.86471 1.05107 1.00188 1.00004 1.00005 1.002 1.05149 1.85286 8.00351 1.96946 1.06221 1.00237 1.00299 1.06647 1.98771 8.15907 31.5585 34.3571 34.937 34.9945 34.9945 34.937 34.3518 31.7227 34.8417 34.9737 34.9961 34.9986 34.9986 34.9961 34.9734 34.8344 33.7344 34.8461 34.9886 34.9987 34.9986 34.9879 34.8414 33.6671 26.8184 23.6796 10.4644 2.83435 2.76343 10.3822 23.7883 26.7968 12.0082 2.66177 1.1524 1.0062 1.0062 1.15247 2.66198 
1.85286 1.05149 1.002 1.00005 1.00005 1.002 1.05149 1.85286 8.15907 1.98771 1.06647 1.00299 1.00299 1.06647 1.98771 8.15907 31.7227 34.3518 34.9382 34.9948 34.9945 34.937 34.3571 31.5585 34.8344 34.9734 34.9961 34.9986 34.9986 34.9961 34.9734 34.8344 33.648 34.8502 34.9884 34.9986 34.9987 34.9886 34.8461 33.7344 26.7968 23.7883 10.3822 2.76343 2.76343 10.3822 23.7883 26.7968 12.0082 2.66177 1.1524 1.0062 1.0062 1.1524 2.66177 
1.82605 1.05322 1.00225 1.00006 1.00006 1.00225 1.05322 1.82605 8.01444 1.96241 1.06639 1.00326 1.00326 1.06639 1.96241 8.01444 31.7109 34.3511 34.9368 34.9929 34.9926 34.9362 34.3552 31.5436 34.8079 34.9633 34.9878 34.9906 34.9906 34.9878 34.9633 34.8079 33.4937 34.8254 34.977 34.9886 34.989 34.9781 34.8215 33.5901 26.5781 23.5885 10.5518 2.85985 2.85985 10.5518 23.5885 26.5781 12.082 2.72438 1.16569 1.00727 1.00727 1.16569 2.72438 
1.89789 1.05771 1.00233 1.00002 1.00002 1.00233 1.05771 1.89789 8.30537 2.02423 1.07054 1.00335 1.00335 1.07054 2.02423 8.30537 31.7333 34.3377 34.9211 34.9772 34.9768 34.9205 34.3421 31.5693 34.6873 34.9021 34.9363 34.9351 34.9351 34.9363 34.9021 34.6873 33.2073 34.7093 34.8657 34.8678 34.8685 34.8691 34.7069 33.3079 25.8319 23.3761 10.5593 2.86019 2.86019 10.5593 23.3761 25.8319 11.7521 2.6789 1.16192 1.00708 1.00708 1.16192 2.6789 
2.67472 1.12066 1.00382 1.0001 1.0001 1.00382 1.12066 2.67472 10.8303 2.81616 1.14528 1.00652 1.00652 1.14528 2.81616 10.8303 31.8938 34.3155 34.8871 34.9393 34.9382 34.8841 34.3242 31.7665 34.2378 34.6862 34.7422 34.7028 34.7028 34.7422 34.6862 34.2378 31.9325 34.1892 34.3851 34.311 34.2922 34.3536 34.1523 32.0669 22.0397 22.4248 10.2616 2.73956 2.73956 10.2616 22.4248 22.0397 9.65438 2.32071 1.1244 1.00523 1.00523 1.1244 2.32071 
7.23961 1.76842 1.03664 1.00054 1.00054 1.03664 1.76842 7.23961 20.2482 7.20497 1.83444 1.0562 1.0562 1.83444 7.20497 20.2482 32.3507 34.2756 34.6152 34.6336 34.6336 34.6152 34.3147 32.3943 27.5642 28.0303 28.4794 28.6822 28.4788 28.2691 28.0303 27.5642 24.8401 28.4947 27.7349 27.8477 27.8541 27.7368 28.3007 24.8092 10.3637 18.4535 7.44004 1.85332 1.84155 7.34144 18.3631 10.2635 2.57108 1.11676 1.00371 1.00005 1.00006 1.004 1.1208 
8.16349 1.89632 1.04383 1.00058 1.00058 1.04383 1.89632 8.16349 22.607 8.23272 1.99054 1.06949 1.06949 1.99054 8.23272 22.607 33.8725 34.7802 34.9326 34.9445 34.9445 34.9326 34.7781 33.8311 32.2299 33.1154 33.2977 33.4757 33.4832 33.3045 33.1154 32.2299 27.5769 33.0012 33.7575 33.8306 33.8405 33.7755 33.0105 27.7552 9.38652 20.5944 7.78693 1.91351 1.91553 7.76787 20.5919 9.38955 2.08834 1.06141 1.00102 0.999939 0.999938 1.00101 1.0611 
8.32605 1.91552 1.04483 1.00064 1.00064 1.04483 1.91552 8.32605 23.0721 8.40049 2.00945 1.0708 1.0708 2.00945 8.40049 23.0721 34.1903 34.8868 34.987 34.9947 34.9947 34.987 34.8856 34.1465 33.3911 34.5212 34.6611 34.7205 34.7204 34.6605 34.5212 33.3911 28.0273 33.8528 34.7892 34.8752 34.8785 34.7948 33.8358 28.2064 9.25143 20.8604 7.83093 1.92101 1.92336 7.81201 20.8569 9.25464 2.03128 1.05631 1.00087 0.999983 0.999982 1.00086 1.05592 
8.31895 1.90835 1.04419 1.00063 1.00063 1.04419 1.90835 8.31895 23.1414 8.40932 2.00006 1.06772 1.06772 2.00006 8.40932 23.1414 34.2314 34.8898 34.9913 34.9992 34.9992 34.9913 34.8891 34.1902 33.625 34.8039 34.9358 34.9576 34.9575 34.9354 34.8039 33.625 28.1326 33.9601 34.8984 34.9821 34.9826 34.8993 33.9345 28.3131 9.4399 20.9562 7.89637 1.93014 1.93282 7.88015 20.9531 9.44229 2.0915 1.06224 1.00105 0.999981 0.999981 1.00103 1.06188 
8.33239 1.91006 1.04426 1.00063 1.00063 1.04419 1.90835 8.31895 23.0442 8.42218 1.98606 1.06512 1.06772 2.00006 8.40932 23.1414 34.1902 34.8891 34.9913 34.9992 34.9992 34.9911 34.8898 34.2314 33.6197 34.8009 34.9354 34.9575 34.9576 34.9358 34.8039 33.625 28.3131 33.9345 34.8986 34.982 34.9821 34.8984 33.9507 28.3041 9.44229 20.9531 7.88015 1.93282 1.93282 7.88015 20.9562 9.4399 2.08757 1.06188 1.00105 0.999981 0.999981 1.00105 1.06224 
8.34676 1.91796 1.04494 1.00064 1.00064 1.04483 1.91552 8.32605 22.9786 8.41249 1.99092 1.06755 1.0708 2.00945 8.40049 23.0721 34.1465 34.8856 34.987 34.9947 34.9948 34.987 34.8868 34.1903 33.3827 34.5174 34.6605 34.7204 34.7205 34.6611 34.5212 33.3911 28.2064 33.8358 34.7899 34.8753 34.8752 34.7892 33.8493 28.2 9.25464 20.8569 7.81201 1.92336 1.92336 7.81201 20.8604 9.25143 2.02677 1.05592 1.00087 0.999983 0.999983 1.00087 1.05631 
8.18199 1.89862 1.04393 1.00058 1.00058 1.04383 1.89632 8.16349 22.5119 8.24532 1.97197 1.06628 1.06949 1.99054 8.23272 22.607 33.8311 34.7781 34.9326 34.9445 34.9457 34.9318 34.7802 33.8725 32.2272 33.1207 33.3045 33.4832 33.4757 33.2977 33.1154 32.2299 27.7552 33.0105 33.7679 33.8406 33.8306 33.7575 33.0142 27.7492 9.38955 20.5919 7.76787 1.91553 1.91553 7.76787 20.5944 9.38652 2.08428 1.0611 1.00102 0.999939 0.999939 1.00102 1.06141 
7.27486 1.7719 1.0368 1.00054 1.00054 1.03664 1.76842 7.23961 20.1512 7.22061 1.82151 1.05378 1.0562 1.83444 7.20497 20.2482 32.3943 34.3147 34.6152 34.6336 34.6575 34.627 34.2756 32.3507 27.3581 27.8158 28.2691 28.4788 28.6822 28.4794 28.0303 27.5642 24.8092 28.3007 27.5362 27.6589 27.8477 27.7349 28.3118 24.7992 10.2635 18.3631 7.34144 1.84155 1.84155 7.34144 18.4535 10.3637 2.60485 1.1208 1.00371 1.00005 1.00005 1.00371 1.11676 
7.51825 1.82806 1.04737 1.00101 1.00101 1.04737 1.82806 7.51825 19.9085 7.60404 1.87516 1.05708 1.05787 1.88016 7.60829 19.8174 25.3081 28.9018 29.5666 29.6629 29.9682 29.8887 29.0601 25.4668 6.53559 6.923 6.74141 6.65816 6.65547 6.73833 6.71882 6.34762 3.81173 4.14299 4.21726 4.1767 4.04516 4.0922 4.14304 3.80339 2.66285 5.30223 1.87333 1.04857 1.04857 1.87333 5.30223 2.66285 1.12586 1.00354 1.00002 1.00002 1.00002 1.00002 1.00354 
8.46268 1.95951 1.05636 1.00116 1.00116 1.05636 1.95951 8.46268 22.5404 8.6487 2.03136 1.069 1.0701 2.03928 8.67915 22.5473 28.6125 33.4419 34.0099 34.0762 34.0767 34.0194 33.4444 28.6308 2.23591 2.36094 2.32998 2.25088 2.25135 2.33055 2.36737 2.24148 1.46038 1.58435 1.51511 1.46316 1.49283 1.55592 1.6024 1.4696 1.15595 1.48661 1.05302 1.0014 1.0014 1.05302 1.48661 1.15595 1.01038 1.00024 0.999929 0.999959 0.999959 0.999929 1.00024 
8.56034 1.96982 1.05685 1.0012 1.0012 1.05685 1.96982 8.56034 22.9557 8.7503 2.04288 1.06958 1.07068 2.05066 8.77904 22.9517 29.07 34.1879 34.7926 34.8468 34.85 34.7999 34.1994 29.0897 1.13334 1.15 1.13861 1.12473 1.12477 1.13866 1.15 1.13335 1.06228 1.08045 1.08063 1.07325 1.07406 1.08233 1.08075 1.06205 1.01444 1.02356 1.00138 0.99994 0.99994 1.00138 1.02356 1.01444 1.00233 1.00002 0.99999 1 1 0.99999 1.00002 
8.42165 1.93795 1.05323 1.00108 1.00108 1.05323 1.93795 8.42165 22.7957 8.63594 2.01055 1.0646 1.06545 2.01607 8.65343 22.7966 29.0168 34.1348 34.7339 34.7954 34.7965 34.7381 34.1438 29.0309 1.28661 1.27369 1.27219 1.26814 1.26814 1.27219 1.27368 1.28666 1.3817 1.41297 1.41503 1.41564 1.41587 1.4151 1.41316 1.38157 1.00867 1.00176 1.0008 1.00001 1.00001 1.0008 1.00176 1.00867 0.99948 0.999923 0.999994 1 1 0.999994 0.999923 
8.4019 1.93128 1.05246 1.00104 1.00108 1.05323 1.93795 8.42165 22.7966 8.65343 2.01607 1.06545 1.06545 2.01607 8.65343 22.7966 29.0168 34.1348 34.7339 34.7954 34.7954 34.7339 34.1348 29.0168 1.28666 1.27368 1.27219 1.26814 1.26814 1.27219 1.27369 1.28666 1.38157 1.41316 1.4151 1.41587 1.41563 1.415 1.41281 1.38181 1.00867 1.00176 1.0008 1.00001 1.00001 1.0008 1.00176 1.00867 0.99948 0.999923 0.999994 1 1 0.999994 0.999923 
8.5321 1.96151 1.05591 1.00115 1.0012 1.05685 1.96982 8.56034 22.9517 8.77904 2.05066 1.07068 1.07068 2.05066 8.77904 22.9517 29.07 34.1879 34.7926 34.8468 34.8468 34.7926 34.1879 29.07 1.13335 1.15 1.13866 1.12477 1.12473 1.13861 1.15 1.13335 1.06205 1.08075 1.08233 1.07406 1.07327 1.08063 1.07994 1.06246 1.01444 1.02356 1.00138 0.999938 0.99994 1.00138 1.02356 1.01444 1.00233 1.00002 0.99999 1 1 0.99999 1.00002 
8.43641 1.95144 1.05543 1.0011 1.00116 1.05636 1.95951 8.46268 22.5473 8.67915 2.03928 1.0701 1.0701 2.03928 8.67915 22.5473 28.6125 33.4419 34.0099 34.0762 34.0762 34.0099 33.4419 28.6125 2.24148 2.36737 2.33055 2.25135 2.25088 2.32998 2.36094 2.24148 1.4696 1.6024 1.55592 1.49283 1.46354 1.51703 1.56879 1.45223 1.15545 1.48752 1.05266 1.0014 1.0014 1.05302 1.48661 1.15595 1.01038 1.00024 0.999929 0.999959 0.999959 0.999929 1.00024 
7.47381 1.82013 1.04658 1.00097 1.00101 1.04737 1.82806 7.51825 19.8174 7.60829 1.88016 1.05787 1.05787 1.88016 7.60829 19.8174 25.3081 28.9018 29.5666 29.6629 29.6629 29.5666 28.9018 25.3081 6.34762 6.71882 6.73833 6.65547 6.65816 6.74141 6.923 6.34762 3.80339 4.14304 4.0922 4.04516 3.88509 3.92163 3.97182 3.68677 2.63695 5.231 1.84031 1.04583 1.04857 1.87333 5.30223 2.66285 1.12586 1.00354 1.00002 1.00002 1.00002 1.00002 1.00351 
1.47571 1.02588 1.00071 0.999986 0.999987 1.00068 1.02516 1.45844 4.55233 1.6385 1.03677 1.00099 1.00099 1.03677 1.6385 4.55233 8.37807 9.72917 9.74346 9.72774 9.72774 9.74346 9.72917 8.37807 1.27177 1.28703 1.30648 1.3108 1.3108 1.30648 1.28703 1.27177 1.30875 1.36866 1.25471 1.24035 1.25404 1.27389 1.38529 1.31849 1.09492 1.31321 1.0336 1.00102 1.00103 1.03382 1.31291 1.08272 1.00114 0.999947 1.00001 1.00001 1.00001 1.00001 0.999944 
1.02813 1.00096 0.999962 0.999958 0.999958 0.999965 1.00099 1.02803 1.391 1.0345 1.001 0.999936 0.999936 1.001 1.0345 1.391 2.01562 2.21932 2.24198 2.21347 2.21347 2.24198 2.21932 2.01562 1.03438 1.0359 1.03802 1.03728 1.03728 1.03802 1.0359 1.03438 1.01219 1.01475 0.999409 0.998478 0.999651 1.00093 1.01567 1.01268 1.00165 1.00919 1.0005 0.999938 0.999939 1.0005 1.00912 1.00139 0.999888 0.99996 0.999964 0.999963 0.999963 0.999964 0.99996 
1.00074 0.999962 0.999994 1 1 0.999994 0.999964 1.00074 1.01667 1.0007 0.999944 0.999995 0.999995 0.999944 1.0007 1.01667 1.06407 1.08204 1.09081 1.08507 1.08507 1.09081 1.08204 1.06407 1.00337 1.00388 1.00365 1.00321 1.00321 1.00365 1.00388 1.00337 1.00012 1.00002 0.999024 0.999082 0.99917 0.999137 1.00005 1.00014 1.00001 1.00003 0.999976 0.999998 0.999998 0.999976 1.00003 1 1.00005 1 1 1 1 1 1 
1.00002 0.99999 1 1 1 1 0.99999 1.00002 1.00016 0.999932 0.999996 1 1 0.999996 0.999932 1.00016 1.00149 1.0021 1.00291 1.00263 1.00263 1.00291 1.0021 1.00149 1.00016 1.0001 1.00014 1.00012 1.00012 1.00014 1.0001 1.00016 1.00003 0.999978 0.999968 0.99997 0.999975 0.999974 0.999978 1.00003 1.00002 0.999942 0.999999 1 1 0.999999 0.999942 1.00002 1.00004 0.999996 1 1 1 1 0.999996 
1.00002 0.99999 1 1 1 1 0.99999 1.00002 1.00015 0.999933 0.999996 1 1 0.999996 0.999932 1.00016 1.00149 1.0021 1.00291 1.00263 1.00263 1.00291 1.0021 1.00149 1.00016 1.0001 1.00014 1.00012 1.00012 1.00014 1.0001 1.00016 1.00003 0.999978 0.999967 0.99997 0.99997 0.999968 0.999978 1.00003 1.00002 0.999942 0.999999 1 1 0.999999 0.999942 1.00002 1.00004 0.999996 1 1 1 1 0.999996 
1.00074 0.999964 0.999994 1 1 0.999994 0.999964 1.00074 1.01617 1.00069 0.999944 0.999996 0.999995 0.999944 1.0007 1.01667 1.06407 1.08204 1.09081 1.08507 1.08507 1.09081 1.08205 1.06408 1.00337 1.00388 1.00365 1.00321 1.00321 1.00365 1.00388 1.00337 1.00014 1.00005 0.999023 0.999081 0.999082 0.999024 1.00002 1.00012 1 1.00003 0.999974 0.999998 0.999998 0.999974 1.00003 1 1.00005 1 1 1 1 1 1 
1.02803 1.00099 0.999965 0.999958 0.999958 0.999965 1.00099 1.02803 1.3764 1.03337 1.00096 0.999935 0.999936 1.001 1.0345 1.391 2.01562 2.21932 2.24198 2.21347 2.21936 2.24994 2.226 2.02068 1.03396 1.03543 1.03754 1.03683 1.03728 1.03802 1.0359 1.03438 1.01268 1.01567 0.998873 0.998122 0.998478 0.999409 1.01475 1.01219 1.00139 1.00836 1.00048 0.999938 0.999938 1.00048 1.00836 1.00139 0.999888 0.99996 0.999964 0.999963 0.999963 0.999964 0.99996 
1.45844 1.02516 1.00068 0.999987 0.999987 1.00068 1.02516 1.45844 4.25623 1.57774 1.0319 1.00078 1.00099 1.03677 1.6385 4.55233 8.37807 9.72917 9.74346 9.72774 9.57933 9.58463 9.58565 8.26584 1.2616 1.2758 1.29469 1.29889 1.3108 1.30648 1.28703 1.27177 1.31849 1.38529 1.25155 1.23611 1.24035 1.25471 1.36866 1.30875 1.08272 1.27407 1.02425 1.00086 1.00086 1.02425 1.27407 1.08272 1.00114 0.999947 1.00001 1.00001 1.00001 1.00001 0.999947 
1.02807 1.001 1.00004 1.00003 1.00003 1.00004 1.001 1.02807 1.41596 1.03838 1.00135 1.00003 1.00003 1.00135 1.03838 1.41596 1.77601 1.90161 1.83341 1.84068 1.84068 1.83341 1.90161 1.77601 0.985737 0.985247 0.985313 0.985442 0.985442 0.985313 0.985247 0.985737 1.01401 1.02044 1.02261 1.02147 1.02147 1.02261 1.01888 1.01318 1.00373 1.00931 1.00071 1.00002 1.00002 1.00071 1.00931 1.00373 1.00024 1.00002 1.00003 1.00004 1.00004 1.00003 1.00002 
1.00104 0.999971 0.999989 0.999996 0.999996 0.999989 0.999971 1.00104 1.02107 1.00105 0.999971 0.999988 0.999988 0.999971 1.00105 1.02107 1.05465 1.06244 1.04992 1.04845 1.04845 1.04992 1.06244 1.05465 0.998334 0.998149 0.998156 0.998302 0.998302 0.998156 0.998149 0.998334 1.0003 1.00045 1.00096 1.00096 1.00096 1.00096 1.0004 1.00027 1.00009 1.00009 0.999978 0.999993 0.999993 0.999978 1.00009 1.00009 1.00003 0.99999 0.999996 0.999996 0.999996 0.999996 0.99999 
1.00004 0.999989 1 1 1 1 0.999989 1.00004 1.00045 0.999961 0.999993 1 1 0.999993 0.999961 1.00045 1.00163 1.00163 1.00081 1.0008 1.0008 1.00081 1.00163 1.00163 0.999969 0.999886 0.999925 0.999932 0.999932 0.999925 0.999886 0.999969 1.00002 0.999956 1.00003 1.00003 1.00003 1.00003 0.999955 1.00002 0.999988 0.999931 0.999997 1 1 0.999997 0.999931 0.999988 1.00004 0.999996 1 1 1 1 0.999996 
1.00003 0.999996 1 1 1 1 0.999996 1.00003 0.999987 0.999959 1 1 1 1 0.999959 0.999987 1.00004 0.99997 0.999993 0.999993 0.999993 0.999993 0.99997 1.00004 1.00006 0.999981 1.00002 1.00002 1.00002 1.00002 0.999981 1.00006 1.00003 0.999958 0.999995 0.999993 0.999993 0.999995 0.999959 1.00003 1.00001 0.999962 1 1 1 1 0.999962 1.00001 1.00004 0.999996 1 1 1 1 0.999996 
0 0 0 0 1 1 0.999996 1.00003 0.999987 0.999959 1 1 1 1 0.999959 0.999986 1.00004 0.99997 0.999993 0.999993 0.999991 0.999992 0.999966 1.00004 1.00006 0.999981 1.00002 1.00002 1.00002 1.00002 0.999981 1.00006 1.00003 0.999959 0.999996 0.999994 0.999993 0.999995 0.999958 1.00003 1.00001 0.999962 1 1 1 1 0.999962 1.00001 1.00004 0.999996 1 1 0 0 0 
0 0 0 0 1 1 0.999989 1.00004 1.00045 0.999961 0.999993 1 1 0.999993 0.999961 1.00043 1.00163 1.00163 1.00081 1.0008 1.00077 1.00078 1.00157 1.00157 0.999973 0.99989 0.999929 0.999936 0.999932 0.999925 0.999886 0.999969 1.00002 0.999955 1.00002 1.00002 1.00003 1.00003 0.999956 1.00002 0.999988 0.999931 0.999997 1 1 0.999997 0.999931 0.999988 1.00004 0.999996 1 1 0 0 0 
0 0 0 0 0.999996 0.999989 0.999971 1.00104 1.02107 1.00105 0.999971 0.999988 0.999988 0.999969 1.00105 1.02061 1.05465 1.06244 1.04992 1.04845 1.04809 1.04969 1.06176 1.05395 0.998417 0.998173 0.998181 0.998323 0.998302 0.998156 0.998149 0.998334 1.00027 1.0004 1.00084 1.00086 1.00096 1.00096 1.00045 1.0003 1.00008 1.00008 0.999977 0.999993 0.999993 0.999978 1.00009 1.00009 1.00003 0.99999 0.999996 0.999996 0 0 0 
